File Created:,Sun Jul 28 14:47:15 2024
Heat Source Version:,9.0.0b26
Simulation Name:,WFK23
User Text:,Westfork Kickapoo
Output:,Convection Flux (watts/square meter)
""
Datetime,23.500,23.400,23.300,23.200,23.100,23.000,22.900,22.800,22.700,22.600,22.500,22.400,22.300,22.200,22.100,22.000,21.900,21.800,21.700,21.600,21.500,21.400,21.300,21.200,21.100,21.000,20.900,20.800,20.700,20.600,20.500,20.400,20.300,20.200,20.100,20.000,19.900,19.800,19.700,19.600,19.500,19.400,19.300,19.200,19.100,19.000,18.900,18.800,18.700,18.600,18.500,18.400,18.300,18.200,18.100,18.000,17.900,17.800,17.700,17.600,17.500,17.400,17.300,17.200,17.100,17.000,16.900,16.800,16.700,16.600,16.500,16.400,16.300,16.200,16.100,16.000,15.900,15.800,15.700,15.600,15.500,15.400,15.300,15.200,15.100,15.000,14.900,14.800,14.700,14.600,14.500,14.400,14.300,14.200,14.100,14.000,13.900,13.800,13.700,13.600,13.500,13.400,13.300,13.200,13.100,13.000,12.900,12.800,12.700,12.600,12.500,12.400,12.300,12.200,12.100,12.000,11.900,11.800,11.700,11.600,11.500,11.400,11.300,11.200,11.100,11.000,10.900,10.800,10.700,10.600,10.500,10.400,10.300,10.200,10.100,10.000,9.900,9.800,9.700,9.600,9.500,9.400,9.300,9.200,9.100,9.000,8.900,8.800,8.700,8.600,8.500,8.400,8.300,8.200,8.100,8.000,7.900,7.800,7.700,7.600,7.500,7.400,7.300,7.200,7.100,7.000,6.900,6.800,6.700,6.600,6.500,6.400,6.300,6.200,6.100,6.000,5.900,5.800,5.700,5.600,5.500,5.400,5.300,5.200,5.100,5.000,4.900,4.800,4.700,4.600,4.500,4.400,4.300,4.200,4.100,4.000,3.900,3.800,3.700,3.600,3.500,3.400,3.300,3.200,3.100,3.000,2.900,2.800,2.700,2.600,2.500,2.400,2.300,2.200,2.100,2.000,1.900,1.800,1.700,1.600,1.500,1.400,1.300,1.200,1.100,1.000,0.900,0.800,0.700,0.600,0.500,0.400,0.300,0.200,0.100,0.000
45108.0000000,-8.3690,-8.3698,-8.3701,-8.3709,-8.3717,-8.3725,-8.3726,-8.3726,-8.3727,-8.3728,-8.3729,-8.3729,-8.3730,-8.3731,-8.3732,-8.3732,-8.3733,-8.3734,-8.3735,-8.3736,-8.3741,-8.3748,-8.3752,-8.3758,-8.3764,-8.3771,-8.3781,-8.3783,-8.3786,-8.3787,-8.3788,-8.3791,-8.3792,-8.3794,-8.3797,-8.3800,-8.3803,-8.3804,-8.3807,-8.3806,-8.3813,-8.3818,-8.3824,-8.3830,-8.3836,-8.3836,-8.3836,-8.3837,-8.3837,-8.3842,-8.3845,-8.3845,-8.3847,-8.3849,-8.3852,-8.3852,-8.3854,-8.3851,-8.3851,-8.3850,-8.3850,-8.3850,-8.3850,-8.3851,-8.3849,-8.3891,-8.3892,-8.3893,-8.3893,-8.3893,-8.3893,-8.3893,-8.3896,-8.3896,-8.3904,-8.3905,-8.3905,-8.3905,-8.3909,-8.3924,-8.3946,-8.3946,-8.3946,-8.3946,-8.3967,-8.3966,-8.3965,-8.3963,-8.3963,-8.3963,-8.3963,-8.3960,-8.3979,-8.3976,-8.3964,-8.3977,-8.3981,-8.3999,-8.3999,-8.3999,-8.3999,-8.4002,-8.4002,-8.4003,-8.4003,-8.4002,-8.4002,-8.4010,-8.4008,-8.4006,-8.4007,-8.4010,-8.4015,-8.4020,-8.4026,-8.4035,-8.4038,-8.4044,-8.4050,-8.4054,-8.4054,-8.4057,-8.4058,-8.4060,-8.4064,-8.4063,-8.4065,-8.4067,-8.4069,-8.4070,-8.4072,-8.4074,-8.4075,-8.4078,-8.4083,-8.4081,-8.4081,-8.4086,-8.4088,-8.4079,-8.4090,-8.4091,-8.4093,-8.4095,-8.4097,-8.4097,-8.4098,-8.4105,-8.4108,-8.4111,-8.4111,-8.4110,-8.4110,-8.4111,-8.4112,-8.4114,-8.4115,-8.4116,-8.4117,-8.4117,-8.4116,-8.4116,-8.4118,-8.4119,-8.4125,-8.4127,-8.4127,-8.4128,-8.4127,-8.4128,-8.4127,-8.4127,-8.4127,-8.4127,-8.4128,-8.4127,-8.4127,-8.4127,-8.4128,-8.4127,-8.4128,-8.4132,-8.4134,-8.4137,-8.4141,-8.4141,-8.4141,-8.4141,-8.4141,-8.4141,-8.4141,-8.4141,-8.4141,-8.4141,-8.4141,-8.4141,-8.4141,-8.4141,-8.4141,-8.4141,-8.4141,-8.4141,-8.4141,-8.4141,-8.4141,-8.4141,-8.4141,-8.4141,-8.4141,-8.4141,-8.4141,-8.4141,-8.4141,-8.4141,-8.4141,-8.4141,-8.4141,-8.4141,-8.4141,-8.4141,-8.4141,-8.4141,-8.4141,-8.4141,-8.4141,-8.4141,-8.4141,-8.4141,-8.4141,-8.4141,-8.4141,-8.4141,-8.4141,-8.4141,-8.4141,-8.4141
45108.0416667,-7.3282,-7.2289,-7.2353,-7.1994,-7.0806,-7.0274,-6.7119,-3.4246,-3.5658,-3.6321,-3.7536,-4.0223,-4.4550,-3.0983,-3.7469,-4.5405,-5.3484,-5.9526,-6.4393,-6.9939,-7.2166,-7.2770,-7.3230,-7.4074,-7.4817,-7.4358,-7.4059,-7.5338,-7.3153,-7.4768,-7.6165,-7.7100,-7.7676,-7.7124,-7.6899,-7.6807,-7.6135,-7.6043,-7.6898,-6.1461,-6.1711,-6.1919,-6.2013,-6.2491,-6.4781,-6.9001,-7.1762,-5.5439,-5.9092,-6.0126,-5.7684,-5.9862,-6.1138,-6.1739,-6.3512,-6.7470,-7.0793,-7.2256,-6.9623,-7.0364,-7.1072,-7.1412,-7.2472,-7.3500,-7.4567,-7.5764,-7.6720,-7.1222,-8.1030,-8.3318,-8.3100,-8.2333,-8.2073,-8.2666,-8.2329,-8.0919,-8.0350,-7.1397,-7.0598,-6.8111,-6.6286,-6.4621,-6.4137,-5.9536,-5.9718,-5.9102,-5.9255,-5.9757,-6.0552,-6.1475,-6.2536,-5.9395,-6.1101,-6.3380,-6.5618,-6.7045,-6.8331,-6.8511,-6.9362,-7.0320,-7.1343,-7.2321,-3.1957,-3.3617,-3.5470,-3.7911,-4.0943,-3.1997,-4.1229,-5.2129,-6.0892,-6.8983,-6.6955,-6.9118,-7.0483,-7.1078,-7.2328,-7.3086,-7.3363,-7.4148,-7.6279,-7.7191,-7.5539,-7.6448,-7.6995,-7.7948,-7.8575,-7.7430,-7.7825,-7.8369,-7.8965,-7.9774,-8.0400,-8.0733,-7.8196,-7.8688,-7.9120,-7.9046,-7.8112,-7.8846,-7.9645,-7.9886,-8.0443,-8.0897,-8.0572,-8.1459,-8.1895,-8.0642,-8.0466,-8.0433,-8.0674,-8.2062,-8.3121,-8.3906,-8.3860,-8.3392,-8.2035,-8.1681,-7.1531,-7.1813,-7.1497,-6.8753,-5.9140,-5.9310,-5.8892,-5.9686,-6.1316,-6.3142,-6.6984,-7.0525,-7.3949,-5.8130,-6.1540,-6.4849,-6.7202,-6.8774,-7.0437,-7.1978,-7.3482,-7.3964,-7.4493,-7.5129,-7.5450,-7.5017,-7.5326,-7.5604,-7.5860,-7.6098,-7.6195,-7.6227,-7.6216,-7.6190,-7.6170,-7.6194,-7.6287,-7.6352,-7.6350,-7.6372,-7.6465,-7.6484,-7.6485,-7.6478,-7.6467,-7.6457,-7.6472,-7.6546,-7.6577,-7.6534,-7.6503,-7.6539,-7.6497,-7.6439,-7.6380,-7.6324,-7.6276,-7.6256,-7.6297,-7.6303,-7.6254,-7.6218,-7.6252,-7.6212,-7.6154,-7.6097,-7.6044,-7.5998,-7.5977,-7.6001,-7.5993,-7.5947,-7.5915,-7.5952,-7.5915,-7.5860,-7.5804,-7.5747
45108.0833333,-6.3761,-6.3105,-6.3437,-6.3370,-6.2530,-6.2207,-5.9325,-2.6970,-2.7835,-2.8004,-2.8274,-2.9189,-3.0808,-1.2734,-1.4848,-1.8067,-2.2223,-2.6188,-3.0444,-3.6751,-4.0906,-4.3516,-4.6406,-5.0177,-5.3956,-5.7109,-5.9207,-6.2958,-6.3226,-6.6303,-6.8719,-7.0212,-7.1318,-7.1218,-7.1445,-7.1738,-7.1403,-7.1538,-7.2466,-5.7014,-5.7067,-5.7009,-5.6789,-5.6665,-5.7154,-5.8856,-6.0260,-4.3902,-4.6659,-4.7518,-4.4998,-4.6599,-4.7117,-4.7122,-4.8313,-5.1223,-5.3929,-5.5427,-5.3394,-5.4684,-5.6140,-5.7344,-5.9437,-6.1527,-6.3444,-6.5458,-6.7434,-6.3111,-7.5516,-7.9365,-8.0127,-8.0233,-8.0721,-8.2241,-8.2085,-8.0940,-8.0511,-7.1693,-7.0848,-6.8269,-6.6336,-6.4513,-6.3834,-5.8916,-5.8708,-5.7487,-5.6674,-5.6114,-5.5720,-5.5542,-5.5054,-5.0489,-5.0646,-5.1343,-5.2351,-5.2813,-5.3467,-5.3571,-5.4183,-5.4968,-5.5931,-5.7019,-2.1213,-2.2710,-2.4053,-2.5571,-2.7260,-1.5997,-2.0365,-2.5867,-3.1017,-3.7558,-3.6091,-3.8725,-4.1087,-4.2777,-4.5885,-4.8739,-5.1359,-5.4761,-5.9966,-6.3005,-6.3376,-6.6021,-6.8020,-7.0508,-7.2200,-7.1755,-7.2619,-7.3489,-7.4367,-7.5440,-7.6297,-7.6854,-7.4642,-7.5407,-7.6087,-7.6224,-7.5417,-7.6175,-7.6935,-7.7144,-7.7662,-7.8099,-7.7848,-7.8795,-7.9378,-7.8341,-7.8374,-7.8541,-7.9049,-8.0698,-8.1942,-8.2952,-8.3036,-8.2708,-8.1533,-8.1301,-7.0874,-7.1197,-7.0772,-6.7746,-5.8051,-5.7876,-5.7068,-5.7198,-5.7769,-5.8281,-5.9988,-6.1571,-6.3445,-4.6794,-4.9294,-5.1966,-5.3899,-5.5315,-5.6832,-5.8259,-5.9696,-6.0339,-6.1017,-6.1792,-6.2314,-6.2191,-6.2751,-6.3450,-6.4203,-6.5000,-6.5701,-6.6365,-6.6993,-6.7593,-6.8170,-6.8749,-6.9346,-6.9857,-7.0243,-7.0594,-7.0965,-7.1213,-7.1400,-7.1544,-7.1654,-7.1741,-7.1833,-7.1970,-7.2053,-7.2052,-7.2057,-7.2123,-7.2108,-7.2071,-7.2031,-7.1992,-7.1957,-7.1947,-7.1996,-7.2007,-7.1959,-7.1922,-7.1952,-7.1903,-7.1835,-7.1765,-7.1696,-7.1632,-7.1593,-7.1598,-7.1570,-7.1504,-7.1452,-7.1469,-7.1411,-7.1335,-7.1259,-7.1188
45108.1250000,-7.9072,-7.8484,-7.8827,-7.8816,-7.8080,-7.7817,-7.5110,-4.3366,-4.4285,-4.4466,-4.4780,-4.5713,-4.7279,-2.7510,-2.9266,-3.1642,-3.4123,-3.5847,-3.8126,-4.1491,-4.3621,-4.4769,-4.6160,-4.8662,-5.1559,-5.4489,-5.6836,-6.1265,-6.3615,-6.9036,-7.4837,-7.9069,-8.3246,-8.5150,-8.6825,-8.8172,-8.8615,-8.9400,-9.0747,-7.5770,-7.6053,-7.6152,-7.6056,-7.5962,-7.6099,-7.7251,-7.8162,-6.1738,-6.3697,-6.4240,-6.1405,-6.2319,-6.2179,-6.1740,-6.2550,-6.4714,-6.6750,-6.7833,-6.5500,-6.6395,-6.7474,-6.8358,-7.0180,-7.2100,-7.3955,-7.6109,-7.8677,-7.5650,-9.1011,-9.6218,-9.7740,-9.8536,-9.9734,-10.2578,-10.2661,-10.2043,-10.2169,-9.3801,-9.3200,-9.0772,-8.8983,-8.7323,-8.6761,-8.1874,-8.1768,-8.0668,-7.9931,-7.9405,-7.8999,-7.8753,-7.7995,-7.3095,-7.2759,-7.2888,-7.3348,-7.3175,-7.3197,-7.2962,-7.3005,-7.3162,-7.3385,-7.3567,-3.9082,-3.9876,-4.0540,-4.1414,-4.2490,-3.0789,-3.3996,-3.7501,-4.0656,-4.4734,-4.2523,-4.4174,-4.5534,-4.6455,-4.8389,-5.0305,-5.2146,-5.4840,-5.9296,-6.2417,-6.3518,-6.7384,-7.1410,-7.6849,-8.1209,-8.2703,-8.5087,-8.7178,-8.9114,-9.1283,-9.3044,-9.4316,-9.2815,-9.4249,-9.5454,-9.6034,-9.5534,-9.6572,-9.7581,-9.7988,-9.8659,-9.9233,-9.9105,-10.0132,-10.0774,-9.9794,-9.9869,-10.0077,-10.0647,-10.2411,-10.3820,-10.5038,-10.5214,-10.4965,-10.3912,-10.3762,-9.3074,-9.3512,-9.3140,-9.0060,-8.0537,-8.0326,-7.9465,-7.9485,-7.9884,-8.0157,-8.1395,-8.2420,-8.3698,-6.6126,-6.7542,-6.9106,-7.0095,-7.0945,-7.1923,-7.2840,-7.3816,-7.4239,-7.4708,-7.5284,-7.5640,-7.5440,-7.5896,-7.6474,-7.7127,-7.7858,-7.8521,-7.9177,-7.9829,-8.0485,-8.1152,-8.1857,-8.2618,-8.3328,-8.3946,-8.4566,-8.5239,-8.5817,-8.6360,-8.6877,-8.7374,-8.7855,-8.8342,-8.8868,-8.9326,-8.9681,-9.0020,-9.0396,-9.0663,-9.0879,-9.1063,-9.1220,-9.1356,-9.1493,-9.1668,-9.1786,-9.1826,-9.1863,-9.1955,-9.1956,-9.1928,-9.1891,-9.1848,-9.1806,-9.1784,-9.1803,-9.1786,-9.1726,-9.1677,-9.1697,-9.1637,-9.1557,-9.1476,-9.1400
45108.1666667,-7.5478,-7.5310,-7.6118,-7.6492,-7.6133,-7.6108,-7.3618,-3.9471,-4.0749,-4.1067,-4.1548,-4.2652,-4.4361,-2.1175,-2.3086,-2.5617,-2.8220,-2.9911,-3.2083,-3.5148,-3.6986,-3.7723,-3.8483,-4.0283,-4.2337,-4.4107,-4.5564,-4.8732,-4.9587,-5.3930,-5.9400,-6.4220,-7.0102,-7.3842,-7.7587,-8.0952,-8.3326,-8.6126,-8.8955,-7.4297,-7.5569,-7.6349,-7.6757,-7.7119,-7.7817,-7.9617,-8.0817,-6.3245,-6.5279,-6.5814,-6.2692,-6.3485,-6.3076,-6.2381,-6.3006,-6.4833,-6.6490,-6.7286,-6.4394,-6.4947,-6.5695,-6.6243,-6.7806,-6.9473,-7.1081,-7.3003,-7.5213,-7.1743,-8.9301,-9.5953,-9.8330,-9.9925,-10.1965,-10.6327,-10.6695,-10.6628,-10.7385,-9.8812,-9.8509,-9.6144,-9.4448,-9.2888,-9.2454,-8.7201,-8.7260,-8.6258,-8.5687,-8.5309,-8.5055,-8.4899,-8.4232,-7.9063,-7.8798,-7.9022,-7.9522,-7.9315,-7.9293,-7.8975,-7.8933,-7.8978,-7.9051,-7.9036,-4.0634,-4.1230,-4.1611,-4.2158,-4.2858,-2.9531,-3.1959,-3.4384,-3.6551,-3.9647,-3.6826,-3.8076,-3.9012,-3.9559,-4.0973,-4.2430,-4.3761,-4.5799,-4.9094,-5.1444,-5.1606,-5.4635,-5.8324,-6.3596,-6.8294,-7.0473,-7.3644,-7.6569,-7.9522,-8.3080,-8.6315,-8.9023,-8.8976,-9.2272,-9.5133,-9.7181,-9.7583,-9.9671,-10.1591,-10.2691,-10.3916,-10.4989,-10.5256,-10.6687,-10.7666,-10.6812,-10.7082,-10.7462,-10.8276,-11.0405,-11.2104,-11.3592,-11.3852,-11.3651,-11.2599,-11.2502,-10.0393,-10.0931,-10.0600,-9.7159,-8.6902,-8.6697,-8.5778,-8.5793,-8.6227,-8.6498,-8.7801,-8.8847,-9.0125,-7.0142,-7.1374,-7.2672,-7.3343,-7.3967,-7.4704,-7.5344,-7.6039,-7.6277,-7.6550,-7.6927,-7.7068,-7.6659,-7.6947,-7.7294,-7.7711,-7.8219,-7.8661,-7.9105,-7.9558,-8.0031,-8.0534,-8.1098,-8.1745,-8.2360,-8.2898,-8.3463,-8.4112,-8.4684,-8.5242,-8.5801,-8.6364,-8.6936,-8.7543,-8.8221,-8.8851,-8.9394,-8.9944,-9.0559,-9.1076,-9.1557,-9.2020,-9.2469,-9.2905,-9.3351,-9.3844,-9.4275,-9.4618,-9.4951,-9.5336,-9.5609,-9.5836,-9.6036,-9.6214,-9.6373,-9.6537,-9.6728,-9.6860,-9.6929,-9.6993,-9.7116,-9.7139,-9.7126,-9.7099,-9.7059
45108.2083333,-7.1871,-7.1371,-7.1631,-7.1673,-7.1115,-7.0864,-6.8325,-3.7283,-3.8116,-3.8253,-3.8588,-3.9499,-4.0987,-1.8802,-2.0658,-2.3084,-2.5593,-2.7258,-2.9217,-3.1952,-3.3633,-3.4290,-3.4899,-3.6421,-3.8117,-3.9516,-4.0608,-4.2997,-4.3106,-4.6007,-4.9498,-5.2668,-5.6532,-5.9044,-6.1965,-6.4824,-6.7193,-7.0283,-7.3415,-6.1881,-6.3891,-6.5317,-6.6349,-6.7431,-6.9410,-7.2639,-7.4601,-5.9772,-6.2119,-6.2774,-6.0236,-6.1190,-6.1023,-6.0514,-6.1091,-6.2767,-6.4206,-6.4850,-6.2197,-6.2540,-6.3027,-6.3315,-6.4490,-6.5726,-6.6875,-6.8256,-6.9630,-6.5851,-8.0107,-8.5881,-8.8142,-8.9869,-9.2063,-9.6649,-9.7164,-9.7551,-9.8708,-9.1553,-9.1612,-8.9785,-8.8527,-8.7391,-8.7196,-8.2632,-8.2890,-8.2232,-8.1997,-8.1904,-8.1913,-8.1939,-8.1586,-7.7246,-7.7236,-7.7662,-7.8248,-7.8199,-7.8282,-7.8024,-7.8047,-7.8138,-7.8255,-7.8303,-4.3465,-4.3934,-4.4198,-4.4595,-4.5095,-3.3020,-3.4867,-3.6483,-3.7835,-3.9897,-3.7091,-3.7856,-3.8330,-3.8509,-3.9337,-4.0237,-4.1019,-4.2340,-4.4487,-4.6012,-4.5572,-4.7516,-4.9987,-5.3467,-5.6573,-5.7893,-6.0145,-6.2254,-6.4516,-6.7349,-7.0095,-7.2590,-7.3026,-7.6537,-7.9874,-8.2719,-8.3920,-8.6827,-8.9633,-9.1636,-9.3596,-9.5427,-9.6509,-9.8525,-10.0079,-9.9780,-10.0469,-10.1192,-10.2449,-10.4994,-10.6984,-10.8691,-10.9054,-10.8980,-10.8175,-10.8175,-9.7021,-9.7594,-9.7376,-9.4261,-8.5198,-8.5049,-8.4258,-8.4294,-8.4724,-8.5001,-8.6217,-8.7182,-8.8321,-6.9887,-7.0898,-7.1951,-7.2444,-7.2909,-7.3462,-7.3919,-7.4415,-7.4551,-7.4702,-7.4938,-7.4962,-7.4515,-7.4673,-7.4857,-7.5093,-7.5406,-7.5652,-7.5894,-7.6136,-7.6391,-7.6668,-7.6997,-7.7399,-7.7768,-7.8065,-7.8387,-7.8788,-7.9120,-7.9444,-7.9774,-8.0116,-8.0474,-8.0876,-8.1354,-8.1801,-8.2181,-8.2583,-8.3061,-8.3465,-8.3853,-8.4243,-8.4637,-8.5038,-8.5467,-8.5957,-8.6408,-8.6796,-8.7191,-8.7651,-8.8024,-8.8369,-8.8703,-8.9028,-8.9346,-8.9677,-9.0040,-9.0355,-9.0613,-9.0869,-9.1179,-9.1394,-9.1569,-9.1716,-9.1812
45108.2500000,-5.4239,-5.4153,-5.4888,-5.5392,-5.5607,-5.5659,-5.3375,-2.1682,-2.2406,-2.2540,-2.2716,-2.3299,-2.4062,-0.0322,-0.1674,-0.3565,-0.5852,-0.7336,-0.8946,-1.1224,-1.3271,-1.3754,-1.4255,-1.5845,-1.7658,-1.9828,-2.0839,-2.2667,-2.2852,-2.5133,-2.8163,-3.0843,-3.3985,-3.6031,-3.8403,-4.0556,-4.2593,-4.5122,-4.7379,-3.7117,-3.9207,-4.0816,-4.1802,-4.3176,-4.6102,-4.9787,-5.2168,-3.8742,-4.1300,-4.2268,-4.0432,-4.2034,-4.2576,-4.2651,-4.3173,-4.4941,-4.6576,-4.7640,-4.5847,-4.6602,-4.7322,-4.7631,-4.8320,-4.9148,-5.0067,-5.1193,-5.2436,-4.8140,-5.9431,-6.4499,-6.6909,-6.8761,-7.0911,-7.5091,-7.5870,-7.6862,-7.8374,-7.1928,-7.2375,-7.1395,-7.1053,-7.0549,-7.0651,-6.6211,-6.6439,-6.5719,-6.5669,-6.5632,-6.5836,-6.5915,-6.5906,-6.2042,-6.2306,-6.2712,-6.3063,-6.3060,-6.3376,-6.3495,-6.3694,-6.3848,-6.3979,-6.4248,-2.9636,-3.0089,-3.0520,-3.1028,-3.1454,-1.9316,-2.0431,-2.1793,-2.2706,-2.4289,-2.1631,-2.2348,-2.2836,-2.2919,-2.3444,-2.4317,-2.4891,-2.5874,-2.7054,-2.8263,-2.7245,-2.8735,-3.0653,-3.3298,-3.5672,-3.6723,-3.8350,-3.9542,-4.1113,-4.3146,-4.5240,-4.7288,-4.7614,-5.0538,-5.3451,-5.6182,-5.7293,-6.0064,-6.2809,-6.5265,-6.7547,-6.9864,-7.1713,-7.4103,-7.6285,-7.6897,-7.8249,-7.9494,-8.1521,-8.4983,-8.7941,-9.0385,-9.1167,-9.1687,-9.1508,-9.1892,-8.0990,-8.1784,-8.2052,-7.9254,-7.0644,-7.0786,-7.0238,-7.0306,-7.0720,-7.0840,-7.1814,-7.2594,-7.3429,-5.4858,-5.5844,-5.7002,-5.7590,-5.8198,-5.8746,-5.9217,-5.9693,-6.0104,-6.0395,-6.0632,-6.0610,-6.0191,-6.0316,-6.0553,-6.0785,-6.1011,-6.1235,-6.1452,-6.1665,-6.1874,-6.2084,-6.2300,-6.2525,-6.2763,-6.3007,-6.3255,-6.3505,-6.3762,-6.4019,-6.4274,-6.4530,-6.4788,-6.5052,-6.5325,-6.5610,-6.5904,-6.6201,-6.6501,-6.6810,-6.7118,-6.7426,-6.7733,-6.8043,-6.8357,-6.8679,-6.9011,-6.9349,-6.9690,-7.0032,-7.0380,-7.0725,-7.1066,-7.1402,-7.1735,-7.2067,-7.2399,-7.2733,-7.3065,-7.3392,-7.3714,-7.4032,-7.4336,-7.4613,-7.4819
45108.2916667,0.8170,0.7909,0.6678,0.5560,0.4245,0.3554,0.4966,3.6596,3.5064,3.4432,3.3864,3.2915,3.2332,5.7188,5.6186,5.4808,5.2819,5.1594,5.0649,4.9493,4.7563,4.7644,4.7702,4.6422,4.4776,4.1836,4.0850,3.9577,3.9156,3.7586,3.5171,3.2988,3.0111,2.8121,2.5842,2.3896,2.1492,1.8972,1.7355,2.6349,2.4006,2.2075,2.1144,1.9625,1.6417,1.3191,1.1194,2.4155,2.2281,2.1347,2.2765,2.0756,1.9594,1.8897,1.8504,1.6725,1.5125,1.3498,1.4247,1.2645,1.1181,1.0363,0.9851,0.9292,0.8558,0.7804,0.6790,1.1822,0.4948,0.1042,-0.1582,-0.3702,-0.5967,-0.9394,-1.0381,-1.2166,-1.4192,-0.8610,-0.9723,-0.9913,-1.0871,-1.1521,-1.2375,-0.8360,-0.8902,-0.8490,-0.8966,-0.9244,-0.9808,-1.0035,-1.0451,-0.7006,-0.7522,-0.7874,-0.7903,-0.7767,-0.8121,-0.8503,-0.8819,-0.9060,-0.9136,-0.9572,2.6474,2.5866,2.5059,2.4321,2.3857,3.6196,3.5937,3.5033,3.4868,3.4172,3.6781,3.6140,3.5517,3.5399,3.4982,3.3935,3.3226,3.2232,3.1794,3.0665,3.2202,3.1027,2.9449,2.7231,2.5067,2.3859,2.2581,2.2124,2.1133,1.9871,1.8473,1.6950,1.7003,1.4909,1.2742,1.0433,0.9709,0.7667,0.5773,0.3638,0.1761,-0.0244,-0.2091,-0.4041,-0.6058,-0.7184,-0.8881,-1.0340,-1.2678,-1.6407,-1.9976,-2.2998,-2.4200,-2.5456,-2.6224,-2.7222,-1.7141,-1.8612,-1.9804,-1.7828,-1.0059,-1.0879,-1.0907,-1.1388,-1.2222,-1.2608,-1.3715,-1.4437,-1.4847,0.4120,0.3341,0.2052,0.1289,0.0431,-0.0193,-0.0855,-0.1503,-0.2420,-0.3069,-0.3507,-0.3589,-0.3333,-0.3569,-0.4168,-0.4707,-0.5098,-0.5615,-0.6115,-0.6591,-0.7029,-0.7413,-0.7664,-0.7850,-0.8087,-0.8466,-0.8801,-0.8999,-0.9341,-0.9683,-1.0015,-1.0331,-1.0625,-1.0865,-1.0969,-1.1136,-1.1451,-1.1736,-1.1896,-1.2212,-1.2542,-1.2867,-1.3185,-1.3489,-1.3749,-1.3882,-1.4079,-1.4411,-1.4719,-1.4903,-1.5244,-1.5600,-1.5952,-1.6296,-1.6628,-1.6918,-1.7098,-1.7343,-1.7691,-1.8015,-1.8221,-1.8570,-1.8928,-1.9266,-1.9534
45108.3333333,9.6564,9.6691,9.5712,9.4701,9.2908,9.1698,9.3303,12.5589,12.3470,12.2373,12.1217,11.9929,11.9501,14.3884,14.3291,14.1600,13.9101,13.7829,13.7222,13.7364,13.5698,13.6438,13.7294,13.6438,13.4656,13.1531,13.0392,13.0265,12.9783,12.9234,12.7707,12.5824,12.2845,12.1021,11.8412,11.7370,11.4487,11.2196,11.1197,11.8587,11.6077,11.3307,11.2593,11.1053,10.7311,10.4323,10.3086,11.6208,11.5132,11.4276,11.5134,11.2613,11.0880,10.9654,10.9620,10.8037,10.6858,10.4608,10.4737,10.2338,10.0258,9.9072,9.9115,9.9003,9.8319,9.7856,9.6078,10.1858,9.9406,9.7027,9.4049,9.2069,8.9769,8.7194,8.5938,8.3279,8.0657,8.5828,8.4342,8.3125,8.0911,7.9015,7.7367,8.0882,8.0392,8.0814,8.0068,7.9640,7.8799,7.8397,7.6928,7.9609,7.8283,7.7205,7.7024,7.6793,7.5901,7.4915,7.4203,7.3858,7.4049,7.3571,11.0837,11.0157,10.9014,10.8061,10.8055,12.0968,12.1955,12.1320,12.1815,12.1785,12.4359,12.3614,12.2845,12.2720,12.2592,12.1657,12.0795,11.9803,12.0369,11.9233,12.1447,12.0205,11.8985,11.7110,11.4708,11.2962,11.1659,11.1727,11.1095,11.0351,10.9374,10.8133,10.8806,10.7643,10.6342,10.4220,10.3956,10.2777,10.1985,10.0474,9.9270,9.7894,9.6452,9.5327,9.3566,9.2218,9.0696,8.9508,8.7676,8.4812,8.1570,7.8733,7.7375,7.5269,7.3623,7.2129,8.0995,7.8895,7.6715,7.7887,8.4969,8.3602,8.2978,8.2047,8.0674,7.9697,7.8058,7.7030,7.6742,9.5260,9.4408,9.2612,9.1441,9.0242,8.9618,8.8664,8.7773,8.6242,8.5172,8.4527,8.4522,8.4782,8.4529,8.3494,8.2617,8.2170,8.1241,8.0334,7.9454,7.8628,7.7879,7.7322,7.7235,7.6988,7.6246,7.5625,7.5406,7.4734,7.4062,7.3415,7.2808,7.2262,7.1876,7.1953,7.1853,7.1296,7.0846,7.0781,7.0255,6.9719,6.9208,6.8728,6.8296,6.8000,6.8128,6.8059,6.7603,6.7241,6.7265,6.6795,6.6312,6.5846,6.5403,6.4997,6.4701,6.4732,6.4376,6.3967,6.3648,6.3708,6.3284,6.2840,6.2423,6.2085
45108.3750000,19.6031,19.6435,19.5312,19.4115,18.9653,18.7769,18.9942,22.3437,22.0646,21.9031,21.7290,21.5718,21.5720,23.7714,23.7878,23.6547,23.3970,23.2730,23.2547,23.3996,23.0579,23.2234,23.4224,23.4139,23.2148,22.6583,22.5526,22.7354,22.7278,22.8693,22.9187,22.8233,22.4898,22.2322,21.9153,21.7417,21.4488,21.3848,21.4364,22.0242,21.7444,21.3876,21.3749,21.2313,20.6892,20.3262,20.1395,21.5511,21.4870,21.4657,21.5246,21.2539,21.0494,20.8785,20.8918,20.8090,20.8173,20.5073,20.3653,20.1096,19.8678,19.7260,19.8461,19.9402,19.9155,19.9526,19.6915,20.1901,20.5399,20.5148,20.1657,20.0058,19.7631,19.6044,19.4470,19.0478,18.6919,19.0474,18.8710,18.5963,18.1567,17.8310,17.5850,17.8976,17.8901,17.9757,17.9178,17.8999,17.7919,17.6588,17.3597,17.4916,17.3010,17.1394,17.1316,17.0815,16.9366,16.7636,16.6416,16.5805,16.6031,16.4460,20.3641,20.2790,20.1158,19.9962,20.0389,21.4437,21.7170,21.6957,21.8470,21.9507,22.2141,22.1272,22.0185,21.9907,21.9972,21.8101,21.6933,21.5928,21.7965,21.6981,22.0453,21.9418,21.9047,21.7796,21.5044,21.2443,21.0998,21.1535,21.1093,21.0680,20.9877,20.8626,20.9838,20.9916,20.9532,20.7056,20.6924,20.6786,20.7288,20.6539,20.5483,20.5332,20.4627,20.4726,20.3330,20.0790,19.8669,19.8143,19.6771,19.6476,19.5019,19.3213,19.2191,18.9301,18.6890,18.5192,19.2674,19.0145,18.6787,18.6849,19.3268,19.1561,19.0405,18.9102,18.7223,18.5653,18.3499,18.2239,18.2377,20.0262,19.9511,19.6946,19.5121,19.3372,19.2701,19.1190,18.9810,18.7327,18.5577,18.4560,18.4673,18.4963,18.4687,18.2986,18.1594,18.1094,17.9539,17.8020,17.6551,17.5175,17.3940,17.3068,17.3195,17.2988,17.1772,17.0795,17.0684,16.9516,16.8353,16.7230,16.6170,16.5219,16.4576,16.4897,16.4859,16.3902,16.3168,16.3255,16.2333,16.1403,16.0506,15.9660,15.8906,15.8408,15.8714,15.8225,15.7642,15.7247,15.7613,15.6921,15.6173,15.5436,15.4734,15.4102,15.3683,15.3925,15.3383,15.2786,15.2374,15.2721,15.2101,15.1455,15.0847,15.0350
45108.4166667,30.0917,30.2466,29.9309,29.8876,29.1772,28.8845,28.8372,32.8548,32.4185,32.1547,31.8637,31.6494,31.7144,33.7818,33.6632,33.5794,33.3184,33.2378,33.3209,33.7750,33.3243,33.7230,33.9915,34.2367,33.9782,33.1089,32.9146,33.0668,33.0920,33.5070,33.4171,33.6342,33.3174,33.0256,32.5843,32.3611,31.9418,32.0223,32.3013,32.7380,32.0792,31.6268,31.8054,31.7716,30.9514,30.5642,30.4276,32.2195,32.2632,32.3089,32.3177,31.9499,31.6387,31.3540,31.3909,31.3969,31.5878,31.0712,30.6627,30.2281,29.8699,29.6983,30.0709,30.4096,30.5074,30.6906,30.4628,31.0556,32.2265,32.3138,31.8906,31.8790,31.6396,31.6089,31.4077,30.7645,30.2257,30.4508,30.2078,29.6669,28.8993,28.3211,27.9107,28.1813,28.2640,28.4452,28.4362,28.3839,27.9222,27.6950,27.1403,27.0838,26.6656,26.4457,26.4845,26.4418,26.2572,25.9881,25.8201,25.7409,25.6871,25.4632,30.0327,29.9116,29.6385,29.4134,29.3797,31.1797,31.7671,31.8507,32.2080,32.5114,32.8839,32.7829,32.6274,32.5783,32.6606,32.3761,32.1740,32.0133,32.3057,32.1920,32.7506,32.6457,32.6857,32.3440,32.0779,31.7554,31.6455,31.8204,31.8379,31.8761,31.8293,31.6704,31.6578,31.9125,32.0767,31.7853,31.8030,31.7635,32.0543,31.8088,31.7066,31.8422,31.6248,31.8794,31.8338,31.4915,31.2658,31.3390,31.2251,31.5179,31.6306,31.5567,31.5166,31.1079,30.7739,30.6031,31.2625,30.9751,30.4571,30.3330,30.9856,30.7825,30.6147,30.4471,30.1972,29.9808,29.7496,29.6545,29.7992,31.7206,31.6942,31.3178,31.0395,30.7840,30.7303,30.4870,30.2643,29.8477,29.5465,29.3536,29.2340,29.3004,29.2850,29.0048,28.7837,28.7431,28.4819,28.2278,27.9823,27.7518,27.5462,27.4073,27.4735,27.4734,27.2680,27.1087,27.1223,26.9174,26.7140,26.5173,26.3311,26.1646,26.0549,26.1290,26.0488,25.9382,25.8433,25.8964,25.7307,25.5627,25.4008,25.2478,25.1105,25.0178,25.0765,24.9594,24.8323,24.7451,24.8153,24.6848,24.5531,24.4269,24.3082,24.2032,24.1374,24.2016,24.1079,24.0109,23.9502,24.0358,23.9332,23.8282,23.7295,23.6486
45108.4583333,38.6925,39.0266,38.4580,37.6809,36.5911,36.1797,36.1450,41.2946,40.7584,40.4106,39.9869,39.7108,39.8402,41.7961,41.5759,41.4410,41.0716,40.9542,41.0991,41.8647,41.2023,41.8514,42.0689,42.6265,42.2843,41.0849,40.8280,41.4490,41.2905,42.0963,41.9711,42.5269,42.5321,42.4607,41.3738,40.8309,40.1089,39.6188,40.3384,40.8377,40.0299,39.5383,40.0839,40.2988,39.1870,38.7551,38.6289,40.8073,41.0226,41.3201,41.2695,40.7672,40.3183,39.9215,40.3229,40.6856,40.7475,39.8986,39.1644,38.5186,37.9927,37.7446,38.4258,39.0867,39.5424,39.7496,39.0647,39.7127,42.4687,42.9138,42.3816,42.5560,42.6623,42.6807,42.6106,41.5590,40.6985,40.7127,40.4217,39.6567,38.4292,37.4912,36.8433,37.0262,37.2413,37.4824,36.8908,36.7889,36.1724,35.8942,35.0612,34.8118,34.1600,33.8006,33.8361,33.7275,33.4261,33.0045,32.7298,32.5894,32.4779,32.1112,37.7217,37.4993,37.0509,36.6829,36.5846,38.4985,39.5009,39.8448,40.5263,41.1032,41.3746,41.2635,41.0676,41.0141,41.4155,40.9791,40.6233,40.3667,40.8568,40.7362,41.2291,41.2625,41.0606,40.9948,40.8125,40.3740,40.2519,40.5252,40.5862,40.9711,41.3806,41.5244,41.5130,41.0700,40.8625,40.7279,40.9591,41.0683,41.2243,41.0316,41.0235,41.0384,40.9205,41.5718,41.6559,41.2805,41.4470,41.6017,41.7303,41.6548,41.9115,42.5058,42.6058,42.0356,41.4798,41.0253,41.6465,41.4127,40.7115,40.4601,41.1400,40.8265,40.5430,40.1627,39.7872,39.6242,39.5362,39.5848,39.8338,42.1242,42.3065,41.8518,41.5016,41.1708,41.1711,40.8162,40.4902,39.8610,39.4024,39.0989,38.8438,38.5828,38.3631,38.0290,37.8120,37.9139,37.6110,37.2982,36.9729,36.6425,36.3164,36.0171,35.7787,35.5569,35.3347,35.2037,35.3754,35.1520,34.9141,34.6632,34.4039,34.1442,33.9020,33.7137,33.5235,33.3311,33.2161,33.3852,33.1781,32.9627,32.7457,32.5306,32.3231,32.1361,32.0020,31.8627,31.7287,31.6650,31.8673,31.7127,31.5464,31.3749,31.2010,31.0290,30.8696,30.7456,30.6104,30.4823,30.4189,30.6060,30.4710,30.3332,30.2010,30.0897
45108.5000000,31.7850,32.0754,31.4749,30.6258,29.4165,28.9041,28.6618,33.4939,32.7975,32.3752,31.8720,31.5147,31.5755,33.2206,32.9507,32.7765,32.3741,32.2316,32.3542,32.6529,32.0527,32.8538,33.1637,33.8195,33.5823,32.4853,32.2862,33.1662,33.1273,34.0818,33.8456,34.6322,34.9489,34.3691,33.6294,33.2999,32.6222,32.0380,32.6605,32.9634,31.9772,31.3457,31.7831,31.9920,30.8600,30.4302,30.2866,31.9429,32.2824,32.6465,32.7270,32.4118,32.1470,31.8789,32.3980,33.1860,33.7396,32.9215,32.1513,31.4489,30.8367,30.4907,31.1599,31.7894,32.2636,32.4823,32.0319,32.7000,35.7266,36.4084,35.9815,35.8605,36.4758,36.9565,36.9661,35.9923,35.1814,35.1370,34.8333,34.0117,32.6893,31.6545,30.9195,30.9244,30.4333,30.5972,29.9257,29.7971,29.0446,28.6688,27.6908,27.3010,26.5129,26.0287,25.9756,25.7944,25.4401,24.9917,24.6783,24.5002,24.3486,23.9377,29.6536,29.3959,28.8914,28.4524,28.2722,30.0141,30.8698,31.0878,31.7627,32.4363,32.7833,32.7337,32.6103,32.6158,33.1480,32.8249,32.5801,32.4242,32.9908,32.8847,33.3255,33.2146,32.6969,32.3466,32.1381,31.7784,31.7490,32.1104,32.2625,32.5319,33.2295,33.7262,33.5637,33.4987,33.4301,33.2128,33.3574,33.4190,33.5246,33.2740,33.2184,33.1858,33.0411,33.6803,33.8643,33.5937,33.9426,34.2981,34.5367,35.2313,35.5551,36.2351,36.3940,35.8511,35.3118,34.8494,35.2994,35.0209,34.2092,33.8077,34.3030,33.7002,33.2354,32.8649,32.5217,32.4092,32.4275,32.5920,32.9317,35.1595,35.1007,34.8589,34.7050,34.5009,34.6355,34.3901,34.1548,33.5640,33.1355,32.8515,32.6003,32.3134,32.0580,31.6516,31.3373,31.3476,30.9354,30.5252,30.1198,29.7249,29.3444,28.9911,28.6845,28.3810,28.0686,27.8402,27.9325,27.6247,27.3214,27.0266,26.7418,26.4685,26.2158,26.0071,25.7919,25.5701,25.4237,25.5781,25.3473,25.1153,24.8880,24.6662,24.4510,24.2499,24.0862,23.9103,23.7314,23.6196,23.7882,23.5944,23.3979,23.2053,23.0180,22.8373,22.6703,22.5325,22.3822,22.2248,22.0818,21.9976,21.8800,21.7691,21.6703,21.5886
45108.5416667,36.3875,35.8215,35.2609,34.4541,33.3030,32.8348,32.6159,37.1145,36.5686,36.2266,35.8077,35.5156,35.5977,37.0362,36.6873,36.3815,35.8213,35.5528,35.5878,35.7883,35.1300,35.9299,36.1915,36.8270,36.5342,35.5057,36.0466,36.8306,36.6381,37.4797,38.2868,39.0901,39.6568,38.9382,38.0361,37.5427,36.7074,35.9811,36.5758,36.8763,35.8655,35.2123,35.6120,35.7227,34.4797,33.9071,33.6746,35.4260,35.6521,35.9815,36.0512,35.6362,35.2979,35.0040,35.5222,36.4405,37.2263,37.3653,36.5783,35.8057,35.1041,34.6797,35.2397,35.9289,36.4504,36.1060,35.7655,36.6419,40.2572,41.1925,40.8271,40.0796,39.7519,40.9892,41.1663,40.5496,40.1628,40.9941,40.7788,39.9750,38.6146,37.5434,36.7735,36.7521,36.4095,36.0982,35.1166,34.3627,33.5535,33.1367,32.1093,31.7054,30.8511,30.2968,30.1759,29.9140,29.4706,28.9660,28.5653,28.2919,28.0319,27.4879,33.6538,33.2929,32.6819,32.1358,31.8497,33.4950,33.9636,34.1957,34.8800,35.5372,35.9405,35.8809,35.7507,35.7548,36.2994,36.0458,36.4047,36.1955,36.6463,36.4624,36.8771,36.7921,36.9485,36.4146,35.9954,35.4863,35.3212,35.5811,36.0868,36.2167,36.7887,37.1869,36.9766,36.9006,37.4562,37.1321,37.2182,37.2318,37.3502,37.1463,37.1403,37.1489,36.9737,37.2732,37.4413,37.1978,37.5827,37.9410,38.0201,38.6911,39.2827,40.3636,40.6921,40.2726,39.8882,39.5208,40.0543,39.9156,39.1418,38.7743,39.3611,38.7398,38.2461,37.8297,37.4140,37.2194,37.1088,37.1707,37.4425,39.7355,39.6618,39.4012,39.2111,38.8827,38.7118,38.5436,38.3943,37.8724,37.5102,37.2880,37.1009,36.8708,36.6512,36.2743,35.9189,35.6220,35.2691,34.9180,34.5721,34.2359,33.9094,33.6014,33.3235,33.0273,32.6892,32.3547,32.0790,31.7488,31.4204,31.1009,30.7929,30.4966,30.2188,29.9773,29.7195,29.4319,29.1531,28.9368,28.6714,28.4105,28.1625,27.9283,27.7069,27.5026,27.3325,27.1444,26.9322,26.7240,26.5661,26.3586,26.1470,25.9401,25.7403,25.5500,25.3767,25.2341,25.0813,24.9191,24.7662,24.6583,24.5092,24.3546,24.2054,24.0811
45108.5833333,31.8611,31.3328,30.6644,29.8103,28.5855,27.9710,27.5501,32.7395,31.5615,30.8726,30.1008,29.3973,29.1159,30.2627,29.8744,29.5454,28.9935,28.7328,28.7125,28.8298,28.2346,29.0077,29.2290,29.1585,29.0262,28.2752,28.9858,29.8213,29.8699,30.7481,31.7598,32.8288,33.7205,33.2442,32.4830,31.9906,31.1342,30.3141,30.7387,31.2065,30.1308,29.3771,29.6210,28.9849,27.7628,27.1069,26.8034,28.9152,28.9384,28.7795,28.9836,28.6487,28.3915,28.1557,28.6093,29.4788,30.2391,30.4621,29.9394,29.2993,28.7311,28.4149,29.0529,29.7877,30.3575,30.7165,29.8728,30.4404,33.7223,34.8514,34.7056,34.2042,34.4157,34.7918,34.5348,33.9860,33.7028,34.8333,34.6849,33.7631,32.6499,31.8040,31.1857,31.3177,30.8362,30.5679,29.8033,29.2121,28.4811,28.0421,26.9438,26.4834,25.4331,24.6356,24.2729,23.8284,23.2555,22.7239,22.2346,21.8554,21.4853,20.8320,28.0938,27.6119,26.8886,26.2018,25.7420,27.3948,27.4253,27.2543,27.5834,27.9764,28.4853,28.4013,28.2819,28.2901,28.4110,28.2835,28.8484,29.3224,29.7133,29.5431,30.0316,29.9434,29.6564,29.4816,29.3224,28.9885,28.8642,29.3494,29.3574,29.8185,30.2885,30.6661,30.5237,30.3573,30.3558,30.3099,30.5965,30.7405,30.9331,31.3011,31.5253,31.2005,30.8241,31.1761,31.4656,31.1252,31.3300,31.5517,31.4866,31.9465,32.4215,33.4360,33.4819,33.1904,32.9879,32.7454,33.5869,33.5435,32.8959,32.6921,33.5697,33.0397,32.6501,32.3275,32.0437,32.0427,31.6864,31.5365,31.6428,34.2031,34.0472,33.7020,33.4417,33.0746,32.8428,32.5995,32.3654,31.8261,31.4311,31.1639,30.9454,30.7222,30.4825,30.0740,29.6880,29.3629,28.9824,28.5998,28.2170,27.8402,27.4722,27.1276,26.8219,26.5015,26.1409,25.7904,25.5001,25.1535,24.8017,24.4507,24.1034,23.7621,23.4385,23.1553,22.8551,22.5211,22.1974,21.9338,21.6152,21.2913,20.9708,20.6554,20.3474,20.0562,19.8052,19.5390,19.2502,18.9731,18.7535,18.4869,18.2174,17.9537,17.6972,17.4493,17.2187,17.0196,16.8070,16.5805,16.3646,16.1984,15.9903,15.7794,15.5807,15.4215
45108.6250000,33.9001,33.4063,32.8682,32.1478,31.1372,30.6769,30.4946,35.2491,34.5514,34.1167,33.5962,33.1183,32.9141,33.3640,32.8296,32.2695,31.4719,30.9667,30.7655,30.6692,30.0402,30.6578,30.7957,30.6151,30.3426,29.5487,30.1239,30.8270,31.5099,32.1988,32.9999,33.7225,34.4997,34.8660,34.9646,34.4644,33.6490,32.8561,33.1593,33.5134,32.5352,31.8493,31.8129,31.1981,30.0298,29.3421,29.0188,30.8545,30.8533,30.8333,30.8347,30.3815,30.0644,29.8222,30.2012,30.9635,31.5978,31.8268,31.3902,30.8695,30.4167,30.1826,30.7665,31.4211,31.9574,32.4307,32.8331,33.1983,34.9592,35.5094,35.2941,35.7764,36.2191,36.6400,36.3656,35.7104,35.2219,36.0804,35.8359,34.9362,33.9139,33.1334,32.5654,32.6597,32.1870,31.9177,31.2504,30.7584,30.2023,29.9205,29.1767,29.0516,28.4661,28.1828,28.4198,28.1371,27.6934,27.2172,26.7950,26.4563,26.0981,25.4584,31.6965,31.4697,30.6727,29.9191,29.3880,30.6517,30.5321,30.1591,30.2324,30.3053,30.6145,30.4270,30.2229,30.3936,30.2559,29.9366,30.2589,30.5552,30.8376,30.7156,31.3771,31.1610,30.7843,30.5235,30.3526,30.1092,30.0673,30.5066,30.6434,31.1155,31.7222,32.1394,32.0661,31.9316,31.8123,31.6000,31.7294,31.7711,32.1551,32.5491,32.8970,32.8312,32.7209,33.2322,33.6803,33.4699,33.7498,34.0201,34.3168,34.3264,34.2561,34.4884,34.3498,33.9769,33.6708,33.3792,34.0930,34.0084,33.5945,33.6418,34.4590,34.0504,33.7667,33.5763,33.4799,33.6660,33.5836,33.6102,33.7648,35.9918,35.7865,35.4172,35.1322,34.7746,34.5314,34.2922,34.0662,33.5866,33.2365,32.9998,32.8044,32.6028,32.3924,32.0515,31.7326,31.4567,31.1452,30.8327,30.5201,30.2114,29.9083,29.6216,29.3621,29.0916,28.7919,28.4987,28.2460,27.9553,27.6606,27.3664,27.0748,26.7877,26.5138,26.2694,26.0139,25.7345,25.4627,25.2319,24.9643,24.6924,24.4225,24.1554,23.8926,23.6409,23.4168,23.1813,22.9278,22.6810,22.4722,22.2299,21.9837,21.7398,21.4993,21.2637,21.0393,20.8369,20.6248,20.4026,20.1881,20.0092,19.8025,19.5951,19.4001,19.2443
45108.6666667,33.6128,34.0712,33.8548,33.4301,32.6952,32.3199,32.2585,37.7967,37.0789,36.6815,36.6165,36.0227,35.6064,35.8348,35.2028,34.5270,33.6413,33.0415,32.6828,32.3607,32.2662,32.6123,32.5260,32.1157,32.1329,31.0465,31.1739,31.4046,31.6645,32.1764,32.7587,33.9006,35.1720,35.8636,36.2453,36.6036,36.0271,35.3431,35.4521,36.1136,35.1385,34.3509,33.9311,33.2545,31.8143,30.6168,30.0061,32.2022,31.8999,31.6922,31.8968,31.4246,31.1016,30.8744,31.0566,31.7048,32.2308,32.4333,32.1967,31.6587,31.1586,30.8575,31.3132,31.8018,31.7425,32.2069,32.3455,33.7173,36.1662,36.8430,36.9980,36.7754,37.3147,38.0166,37.8860,37.5115,37.1829,38.3281,38.0545,37.3594,36.4574,35.7359,35.1514,35.2706,34.7609,34.3904,33.6036,32.9685,32.2568,31.8039,31.2838,31.0806,30.2359,29.6243,29.5109,29.0474,28.4937,28.0343,27.5641,27.1698,26.7838,26.2068,33.4046,33.0291,32.4653,31.9023,31.4771,33.0639,32.7733,32.1650,31.9244,31.6851,32.3061,32.0342,31.7629,31.8341,31.7170,31.3119,31.5165,31.6626,31.6689,31.4556,32.1902,32.0136,32.0881,31.5124,30.9797,30.5776,30.3069,30.5284,30.7587,30.8227,31.2564,31.6700,31.9218,31.9521,31.9640,31.8905,32.1036,32.1699,32.6715,32.6625,33.0546,33.1466,33.6392,34.0961,34.4078,34.3414,34.6496,34.9625,35.3838,35.9215,36.0172,36.3899,36.2964,35.9888,35.7862,35.6322,36.3948,36.0739,35.5001,35.3949,36.4804,36.0914,35.8824,35.7527,35.4556,35.4006,35.0749,34.9622,35.1610,37.6426,37.4836,37.1668,36.9381,36.6251,36.3988,36.1578,35.9129,35.4681,35.1242,34.8676,34.6598,34.4829,34.2508,33.8586,33.4729,33.1265,32.7348,32.3372,31.9362,31.5382,31.1467,30.7758,30.4384,30.0891,29.7073,29.3357,29.0113,28.6475,28.2810,27.9170,27.5578,27.2052,26.8694,26.5692,26.2557,25.9129,25.5790,25.2903,24.9604,24.6251,24.2918,23.9618,23.6369,23.3252,23.0463,22.7536,22.4386,22.1312,21.8668,21.5640,21.2560,20.9505,20.6487,20.3520,20.0682,19.8095,19.5383,19.2532,18.9759,18.7387,18.4678,18.1951,17.9385,17.7369
45108.7083333,26.1618,26.5100,26.4093,26.2753,26.2348,26.0738,26.2432,30.7212,30.4729,30.2465,30.1928,29.8528,29.6010,29.7434,29.3909,28.9254,28.2676,27.7794,27.4149,27.2313,27.1136,27.2534,27.1890,27.0426,26.9188,26.2391,26.2363,26.2304,26.4364,26.4629,26.5629,26.8486,27.2662,27.6342,27.9438,28.2723,28.3426,28.1076,28.2257,29.2248,28.7748,28.3827,28.2260,27.8630,26.8551,25.8814,25.3094,27.0979,26.7058,26.4780,26.5916,26.0865,25.7233,25.4982,25.4971,25.6222,25.7479,25.8363,26.0046,25.6433,25.2891,25.0558,25.2218,25.4036,25.4155,25.5453,25.3337,26.2163,27.4092,28.0245,28.2703,28.4195,28.8611,29.3349,29.3099,29.2218,29.1296,30.1958,30.1394,29.8936,29.4570,29.1225,28.8212,29.0517,28.8043,28.6594,28.2494,27.9136,27.5014,27.2119,26.8523,26.8489,26.2679,25.7909,25.5739,25.1954,24.7491,24.4093,24.0135,23.6437,23.2547,22.7098,28.1743,27.8674,27.4885,26.9261,26.4526,27.6581,27.1814,26.6313,26.3273,26.0097,26.4879,26.2892,26.1155,26.1364,26.1203,25.8993,25.9889,25.9932,25.8347,25.6121,26.0141,25.7932,25.6885,25.2973,24.9408,24.7372,24.5345,24.6031,24.6459,24.5587,24.6422,24.7668,24.9511,24.8481,24.7674,24.6905,24.8322,24.8443,25.1194,25.3690,25.5904,25.6562,25.9512,26.1849,26.4329,26.5145,26.7509,27.0025,27.3183,27.6780,27.8818,28.2987,28.3387,28.3655,28.5167,28.5287,29.3332,29.1675,28.9070,28.9984,30.0252,29.7671,29.6302,29.4904,29.2077,29.0507,28.6991,28.4709,28.3901,30.2823,30.0788,29.8216,29.5966,29.3631,29.1853,29.0035,28.8227,28.5574,28.3479,28.1850,28.0664,27.9965,27.8579,27.6197,27.3827,27.1709,26.9249,26.6706,26.4091,26.1443,25.8782,25.6207,25.3809,25.1259,24.8408,24.5565,24.2991,24.0090,23.7119,23.4122,23.1123,22.8143,22.5264,22.2627,21.9888,21.6933,21.4039,21.1463,20.8609,20.5720,20.2854,20.0019,19.7229,19.4544,19.2104,18.9577,18.6892,18.4268,18.1950,17.9368,17.6750,17.4151,17.1579,16.9045,16.6606,16.4350,16.2007,15.9562,15.7174,15.5073,15.2736,15.0392,14.8187,14.6471
45108.7500000,17.6796,17.9314,17.8580,17.8834,17.8421,17.7475,17.9741,22.1895,22.0169,21.8947,21.8365,21.6203,21.4458,21.6394,21.4454,21.1395,20.6930,20.3991,20.1051,19.8368,19.6485,19.7585,19.7759,19.6389,19.4788,19.0308,18.9909,18.8238,18.8998,18.7268,18.6229,18.7144,18.8313,18.9443,19.0168,19.1099,19.1552,19.0654,19.1653,20.4642,20.2431,20.0260,19.9990,19.8170,19.1524,18.4659,18.0377,19.9053,19.5189,19.3536,19.5500,19.1359,18.8304,18.6331,18.5043,18.3323,18.1755,18.0555,18.1517,17.8247,17.5054,17.2835,17.2901,17.3637,17.2938,17.3163,17.1352,17.8374,17.8263,18.0398,18.2001,18.4261,18.7543,19.1695,19.2250,19.4437,19.5771,20.7033,20.7658,20.7668,20.5691,20.4339,20.2714,20.6077,20.4910,20.4732,20.2696,20.1030,19.8602,19.6699,19.4177,19.6200,19.2210,18.8635,18.6329,18.3602,18.0264,17.7783,17.4727,17.1766,16.8977,16.4643,21.7388,21.3911,20.9890,20.5048,20.0589,21.1906,20.5392,19.7847,19.2237,18.6401,18.9999,18.7500,18.5400,18.4672,18.3196,18.0836,18.0423,17.9231,17.6678,17.4882,17.7693,17.5807,17.5026,17.2650,16.9324,16.7787,16.5466,16.4611,16.3622,16.2514,16.1977,16.1874,16.4098,16.2763,16.1490,16.0371,16.1087,16.0050,16.0442,16.1144,16.1810,16.2002,16.3797,16.4747,16.6138,16.7724,16.9496,17.1292,17.3585,17.6137,17.8147,18.1849,18.2979,18.3708,18.5800,18.6541,19.6259,19.6585,19.6099,19.8768,21.0885,21.0127,21.0168,20.9808,20.8522,20.8033,20.5907,20.3776,20.2059,22.0885,21.8356,21.5450,21.3222,21.1106,20.9294,20.7418,20.5528,20.3475,20.1761,20.0308,19.9295,19.8941,19.7783,19.5822,19.3841,19.2058,19.0021,18.7927,18.5785,18.3626,18.1464,17.9378,17.7438,17.5387,17.3101,17.0817,16.8733,16.6387,16.3970,16.1511,15.9025,15.6524,15.4070,15.1771,14.9359,14.6739,14.4128,14.1724,13.9070,13.6352,13.3616,13.0874,12.8137,12.5457,12.2947,12.0355,11.7626,11.4932,11.2468,10.9797,10.7095,10.4406,10.1740,9.9105,9.6549,9.4141,9.1673,8.9132,8.6640,8.4379,8.1945,7.9520,7.7244,7.5485
45108.7916667,13.2639,13.3780,13.2457,13.1768,13.0763,12.9600,13.1377,17.1875,16.9634,16.8401,16.7568,16.5487,16.3666,16.6800,16.4971,16.2184,15.8569,15.6872,15.4538,15.2118,15.0462,15.1436,15.1562,15.0595,14.8959,14.5444,14.4951,14.3151,14.4058,14.2028,14.0175,13.9782,13.9307,13.9078,13.8659,13.8203,13.7546,13.5896,13.5606,14.8963,14.7759,14.6111,14.6108,14.5026,14.0613,13.6167,13.3313,15.2270,14.9370,14.8122,15.0709,14.7957,14.6103,14.4974,14.3823,14.2002,14.0114,13.8643,13.9755,13.7090,13.4318,13.2209,13.1113,13.0249,12.8385,12.6952,12.3762,12.8418,12.0470,11.9149,11.9451,12.0740,12.2675,12.4791,12.5446,12.7378,12.8790,14.0897,14.2666,14.4473,14.4351,14.4580,14.3946,14.8127,14.8079,14.8844,14.8142,14.7757,14.6426,14.5496,14.4179,14.7710,14.5352,14.3359,14.1712,14.0266,13.7894,13.6036,13.3762,13.1534,12.9357,12.6052,17.5582,17.2914,16.9870,16.6322,16.3189,17.4870,16.9507,16.2607,15.6722,15.0202,15.3055,15.0207,14.7697,14.6380,14.4028,14.1291,13.9733,13.7243,13.3194,13.0428,13.1786,12.8880,12.7147,12.3746,12.0358,11.9503,11.7268,11.6064,11.4693,11.3037,11.1847,11.1150,11.3608,11.2202,11.0358,10.8755,10.8983,10.7566,10.6896,10.6534,10.6115,10.5435,10.6068,10.5623,10.5644,10.7098,10.7936,10.8791,10.9701,11.0338,11.1108,11.3478,11.4432,11.5160,11.7219,11.7949,12.8632,12.9075,12.9217,13.2646,14.5401,14.5378,14.6156,14.6513,14.6390,14.6950,14.6562,14.6170,14.5641,16.6334,16.5030,16.3145,16.1888,16.0235,15.8720,15.7119,15.5444,15.3735,15.2278,15.0997,15.0118,14.9897,14.8879,14.7205,14.5501,14.3937,14.2194,14.0409,13.8587,13.6750,13.4906,13.3110,13.1415,12.9640,12.7697,12.5749,12.3940,12.1946,11.9898,11.7817,11.5715,11.3600,11.1514,10.9537,10.7481,10.5276,10.3070,10.1005,9.8757,9.6454,9.4126,9.1779,8.9418,8.7079,8.4842,8.2529,8.0098,7.7667,7.5376,7.2918,7.0414,6.7896,6.5370,6.2845,6.0354,5.7951,5.5491,5.2966,5.0462,4.8113,4.5639,4.3176,4.0856,3.9061
45108.8333333,3.8876,3.9093,3.7134,3.5833,3.4559,3.3391,3.4819,7.3334,7.0435,6.9014,6.7626,6.5095,6.2208,6.5311,6.2871,5.9589,5.5898,5.3661,5.1070,4.8077,4.6428,4.7017,4.6993,4.5979,4.4483,4.2389,4.1942,3.9980,4.1209,3.8913,3.6904,3.6010,3.5018,3.4534,3.3658,3.2647,3.1667,3.0144,2.8992,4.2884,4.1339,3.9900,3.9783,3.8866,3.5183,3.0966,2.8305,4.7168,4.4079,4.3105,4.6171,4.4054,4.3189,4.2874,4.1795,4.0192,3.8483,3.7332,3.9384,3.7287,3.5027,3.3287,3.1996,3.0843,2.9057,2.7233,2.4102,2.7317,1.2497,0.8245,0.7340,0.7959,0.8439,0.7680,0.7967,0.9249,0.9857,2.1662,2.3241,2.5497,2.6055,2.6907,2.6887,3.1662,3.1789,3.3074,3.3338,3.3625,3.3312,3.3002,3.2721,3.7501,3.6251,3.4965,3.3816,3.3072,3.1763,3.0737,2.9396,2.8035,2.6555,2.4350,7.5133,7.2846,7.0334,6.7496,6.4721,7.6261,7.1410,6.5983,6.1322,5.5705,5.8673,5.6256,5.4178,5.2943,5.0591,4.7876,4.5941,4.3023,3.8328,3.5022,3.5349,3.1804,2.8811,2.4036,1.9792,1.8207,1.5519,1.3495,1.1437,0.9012,0.7104,0.5803,0.7736,0.5868,0.4113,0.2783,0.2994,0.1161,-0.0226,-0.1093,-0.2126,-0.3173,-0.3221,-0.4585,-0.5466,-0.4437,-0.4248,-0.4125,-0.4394,-0.5750,-0.6479,-0.5896,-0.5484,-0.4979,-0.3223,-0.2708,0.8930,0.8973,0.9346,1.3088,2.6001,2.6320,2.7425,2.7839,2.7851,2.8439,2.8234,2.8229,2.7877,5.0447,5.0126,4.9330,4.9081,4.8367,4.7645,4.6864,4.5946,4.5076,4.4306,4.3550,4.3141,4.3373,4.2739,4.1655,4.0475,3.9324,3.8032,3.6675,3.5259,3.3797,3.2297,3.0789,2.9310,2.7771,2.6125,2.4456,2.2850,2.1132,1.9373,1.7585,1.5774,1.3945,1.2120,1.0344,0.8524,0.6620,0.4704,0.2861,0.0912,-0.1073,-0.3081,-0.5108,-0.7152,-0.9195,-1.1191,-1.3231,-1.5339,-1.7458,-1.9507,-2.1653,-2.3832,-2.6031,-2.8245,-3.0472,-3.2695,-3.4883,-3.7111,-3.9386,-4.1665,-4.3872,-4.6153,-4.8426,-5.0577,-5.2245
45108.8750000,-6.5364,-6.4963,-6.6258,-6.6954,-6.7169,-6.7707,-6.5692,-2.8954,-3.1436,-3.2547,-3.3871,-3.6404,-3.9864,-3.5922,-3.9229,-4.3529,-4.7965,-5.1041,-5.4485,-5.8880,-6.0804,-6.1180,-6.1970,-6.3531,-6.5352,-6.6667,-6.7381,-7.0155,-6.9061,-7.2084,-7.4500,-7.5832,-7.7031,-7.7289,-7.7984,-7.8993,-7.9507,-8.0846,-8.2717,-6.7766,-6.8867,-6.9801,-7.0029,-7.0675,-7.3591,-7.7905,-8.0838,-6.2442,-6.6307,-6.7378,-6.4241,-6.6152,-6.6652,-6.6565,-6.7886,-7.0069,-7.2078,-7.2930,-6.9864,-7.1073,-7.2555,-7.3796,-7.5533,-7.7187,-7.9164,-8.1246,-8.3904,-8.0907,-10.0048,-10.6197,-10.7599,-10.7692,-10.8341,-11.1725,-11.1590,-11.0397,-11.0190,-9.8585,-9.7013,-9.3897,-9.2205,-9.0546,-9.0113,-8.5070,-8.5053,-8.3962,-8.3595,-8.3395,-8.3583,-8.3869,-8.3710,-7.8460,-7.9220,-8.0410,-8.1733,-8.2304,-8.3098,-8.3382,-8.4132,-8.5004,-8.5994,-8.7149,-3.8654,-3.9873,-4.0982,-4.2468,-4.4204,-3.2153,-3.6703,-4.1277,-4.5511,-5.0694,-4.7408,-4.9306,-5.0749,-5.1604,-5.3578,-5.5544,-5.7064,-5.9583,-6.4258,-6.7240,-6.7281,-7.0735,-7.4030,-7.9133,-8.3669,-8.5318,-8.8411,-9.1314,-9.4141,-9.7538,-10.0402,-10.2537,-10.1320,-10.4193,-10.6806,-10.8677,-10.8979,-11.1411,-11.3606,-11.4754,-11.6206,-11.7592,-11.7846,-11.9858,-12.1254,-12.0147,-12.0247,-12.0569,-12.1611,-12.4595,-12.6775,-12.7878,-12.7911,-12.7339,-12.5583,-12.5098,-11.2634,-11.2994,-11.2284,-10.8134,-9.5252,-9.4677,-9.3362,-9.3067,-9.3302,-9.3252,-9.4300,-9.5067,-9.6267,-7.3155,-7.3494,-7.3827,-7.3527,-7.3609,-7.3869,-7.4086,-7.4443,-7.4412,-7.4454,-7.4672,-7.4602,-7.3865,-7.4057,-7.4348,-7.4760,-7.5267,-7.5805,-7.6403,-7.7067,-7.7805,-7.8621,-7.9537,-8.0551,-8.1587,-8.2627,-8.3737,-8.4929,-8.6130,-8.7371,-8.8660,-9.0001,-9.1397,-9.2865,-9.4415,-9.5969,-9.7507,-9.9094,-10.0740,-10.2370,-10.4016,-10.5689,-10.7391,-10.9125,-11.0906,-11.2747,-11.4580,-11.6390,-11.8231,-12.0123,-12.1983,-12.3847,-12.5729,-12.7631,-12.9557,-13.1520,-13.3526,-13.5521,-13.7503,-13.9512,-14.1568,-14.3577,-14.5554,-14.7424,-14.8867
45108.9166667,-11.5944,-11.6260,-11.8082,-11.9262,-11.9977,-12.0729,-11.9026,-8.3375,-8.5550,-8.6462,-8.7520,-8.9534,-9.2314,-8.6336,-8.9249,-9.3199,-9.7526,-10.0785,-10.4381,-10.9200,-11.1827,-11.2861,-11.4246,-11.6531,-11.9057,-12.1219,-12.2525,-12.5792,-12.5476,-12.8984,-13.2137,-13.4187,-13.6165,-13.6945,-13.8007,-13.9196,-13.9775,-14.1015,-14.2787,-12.7403,-12.8388,-12.9179,-12.9365,-12.9863,-13.2169,-13.5609,-13.8108,-11.9946,-12.3555,-12.4659,-12.1749,-12.3696,-12.4292,-12.4313,-12.5597,-12.7932,-13.0095,-13.1130,-12.8305,-12.9473,-13.0825,-13.1866,-13.3439,-13.4927,-13.6678,-13.8623,-14.1033,-13.7959,-15.8315,-16.5655,-16.7896,-16.8810,-17.0258,-17.4850,-17.5081,-17.4559,-17.4971,-16.4099,-16.2912,-15.9999,-15.8407,-15.6805,-15.6358,-15.1086,-15.1007,-14.9752,-14.9107,-14.8626,-14.8505,-14.8486,-14.8003,-14.2559,-14.2968,-14.3793,-14.4785,-14.5117,-14.5717,-14.5901,-14.6483,-14.7162,-14.7949,-14.9003,-9.9781,-10.1142,-10.2316,-10.3752,-10.5310,-9.2768,-9.6589,-10.0198,-10.3518,-10.7815,-10.4508,-10.6120,-10.7321,-10.7993,-10.9657,-11.1354,-11.2646,-11.4783,-11.8596,-12.1109,-12.0819,-12.3792,-12.6828,-13.1456,-13.5639,-13.7264,-14.0219,-14.2967,-14.5779,-14.9241,-15.2373,-15.4959,-15.4543,-15.8144,-16.1530,-16.4251,-16.5196,-16.8298,-17.1224,-17.3118,-17.5185,-17.7181,-17.8103,-18.0588,-18.2487,-18.1866,-18.2429,-18.3147,-18.4664,-18.8234,-19.1130,-19.3170,-19.3637,-19.3468,-19.2215,-19.2087,-17.9202,-17.9974,-17.9519,-17.5416,-16.2991,-16.2553,-16.1347,-16.1147,-16.1453,-16.1493,-16.2649,-16.3576,-16.4939,-14.1642,-14.2376,-14.3060,-14.3035,-14.3226,-14.3550,-14.3774,-14.4081,-14.3966,-14.3898,-14.3980,-14.3752,-14.2870,-14.2876,-14.2864,-14.2918,-14.3037,-14.3137,-14.3259,-14.3413,-14.3611,-14.3862,-14.4196,-14.4620,-14.5056,-14.5479,-14.5971,-14.6556,-14.7143,-14.7773,-14.8457,-14.9200,-15.0007,-15.0899,-15.1894,-15.2908,-15.3916,-15.4990,-15.6154,-15.7311,-15.8500,-15.9733,-16.1013,-16.2341,-16.3733,-16.5209,-16.6690,-16.8159,-16.9673,-17.1262,-17.2824,-17.4398,-17.5999,-17.7627,-17.9285,-18.0987,-18.2743,-18.4490,-18.6224,-18.7989,-18.9816,-19.1592,-19.3340,-19.4997,-19.6279
45108.9583333,-12.0523,-12.1010,-12.2835,-12.4112,-12.5011,-12.5807,-12.4371,-9.0217,-9.2531,-9.3532,-9.4752,-9.6872,-9.9675,-9.1896,-9.4869,-9.8689,-10.2720,-10.5660,-10.8912,-11.3314,-11.5861,-11.6945,-11.8314,-12.0683,-12.3342,-12.5838,-12.7489,-13.1117,-13.1614,-13.5745,-13.9807,-14.2681,-14.5634,-14.7141,-14.8836,-15.0549,-15.1588,-15.3250,-15.5319,-14.0011,-14.1137,-14.1994,-14.2293,-14.2818,-14.4854,-14.7931,-15.0144,-13.2150,-13.5340,-13.6309,-13.3384,-13.5074,-13.5490,-13.5423,-13.6582,-13.8898,-14.1077,-14.2183,-13.9550,-14.0725,-14.2081,-14.3133,-14.4818,-14.6439,-14.8225,-15.0201,-15.2473,-14.9037,-16.8481,-17.5929,-17.8509,-17.9941,-18.1983,-18.7522,-18.8010,-18.8062,-18.9081,-17.9020,-17.8293,-17.5701,-17.4348,-17.3015,-17.2770,-16.7575,-16.7736,-16.6768,-16.6390,-16.6142,-16.6197,-16.6279,-16.5867,-16.0543,-16.0881,-16.1622,-16.2489,-16.2653,-16.3051,-16.3058,-16.3424,-16.3868,-16.4391,-16.5142,-11.4221,-11.5374,-11.6363,-11.7619,-11.8993,-10.6306,-10.9857,-11.3189,-11.6167,-11.9996,-11.6687,-11.8065,-11.9044,-11.9534,-12.0926,-12.2364,-12.3451,-12.5305,-12.8562,-13.0723,-13.0197,-13.2747,-13.5412,-13.9415,-14.3024,-14.4361,-14.6971,-14.9377,-15.1913,-15.5063,-15.7986,-16.0491,-16.0240,-16.3838,-16.7320,-17.0285,-17.1487,-17.4886,-17.8221,-18.0617,-18.3132,-18.5625,-18.7160,-19.0132,-19.2572,-19.2454,-19.3536,-19.4730,-19.6933,-20.1392,-20.5073,-20.7889,-20.8670,-20.8784,-20.7923,-20.8070,-19.4977,-19.6133,-19.5979,-19.2051,-18.0216,-18.0012,-17.9014,-17.9064,-17.9687,-18.0091,-18.1706,-18.3003,-18.4601,-16.1300,-16.2212,-16.3064,-16.3204,-16.3475,-16.3881,-16.4184,-16.4561,-16.4481,-16.4440,-16.4544,-16.4344,-16.3496,-16.3502,-16.3497,-16.3552,-16.3668,-16.3738,-16.3813,-16.3896,-16.3999,-16.4132,-16.4322,-16.4580,-16.4818,-16.5007,-16.5233,-16.5533,-16.5796,-16.6073,-16.6376,-16.6714,-16.7093,-16.7539,-16.8077,-16.8617,-16.9132,-16.9705,-17.0370,-17.1016,-17.1689,-17.2407,-17.3173,-17.3992,-17.4882,-17.5870,-17.6870,-17.7862,-17.8911,-18.0057,-18.1180,-18.2327,-18.3513,-18.4741,-18.6013,-18.7345,-18.8748,-19.0154,-19.1558,-19.3005,-19.4534,-19.6019,-19.7488,-19.8890,-19.9980
