File Created:,Mon Jul 29 19:31:03 2024
Heat Source Version:,9.0.0b26
Simulation Name:,WFK23
User Text:,Westfork Kickapoo
Output:,Hyporheic Exchange (cms)
""
Datetime,23.500,23.400,23.300,23.200,23.100,23.000,22.900,22.800,22.700,22.600,22.500,22.400,22.300,22.200,22.100,22.000,21.900,21.800,21.700,21.600,21.500,21.400,21.300,21.200,21.100,21.000,20.900,20.800,20.700,20.600,20.500,20.400,20.300,20.200,20.100,20.000,19.900,19.800,19.700,19.600,19.500,19.400,19.300,19.200,19.100,19.000,18.900,18.800,18.700,18.600,18.500,18.400,18.300,18.200,18.100,18.000,17.900,17.800,17.700,17.600,17.500,17.400,17.300,17.200,17.100,17.000,16.900,16.800,16.700,16.600,16.500,16.400,16.300,16.200,16.100,16.000,15.900,15.800,15.700,15.600,15.500,15.400,15.300,15.200,15.100,15.000,14.900,14.800,14.700,14.600,14.500,14.400,14.300,14.200,14.100,14.000,13.900,13.800,13.700,13.600,13.500,13.400,13.300,13.200,13.100,13.000,12.900,12.800,12.700,12.600,12.500,12.400,12.300,12.200,12.100,12.000,11.900,11.800,11.700,11.600,11.500,11.400,11.300,11.200,11.100,11.000,10.900,10.800,10.700,10.600,10.500,10.400,10.300,10.200,10.100,10.000,9.900,9.800,9.700,9.600,9.500,9.400,9.300,9.200,9.100,9.000,8.900,8.800,8.700,8.600,8.500,8.400,8.300,8.200,8.100,8.000,7.900,7.800,7.700,7.600,7.500,7.400,7.300,7.200,7.100,7.000,6.900,6.800,6.700,6.600,6.500,6.400,6.300,6.200,6.100,6.000,5.900,5.800,5.700,5.600,5.500,5.400,5.300,5.200,5.100,5.000,4.900,4.800,4.700,4.600,4.500,4.400,4.300,4.200,4.100,4.000,3.900,3.800,3.700,3.600,3.500,3.400,3.300,3.200,3.100,3.000,2.900,2.800,2.700,2.600,2.500,2.400,2.300,2.200,2.100,2.000,1.900,1.800,1.700,1.600,1.500,1.400,1.300,1.200,1.100,1.000,0.900,0.800,0.700,0.600,0.500,0.400,0.300,0.200,0.100,0.000
45108.0000000,0.0043,0.0043,0.0043,0.0043,0.0043,0.0043,0.0044,0.0051,0.0051,0.0051,0.0051,0.0051,0.0051,0.0056,0.0056,0.0056,0.0056,0.0056,0.0056,0.0056,0.0057,0.0057,0.0057,0.0057,0.0057,0.0057,0.0057,0.0057,0.0058,0.0058,0.0058,0.0058,0.0058,0.0058,0.0058,0.0058,0.0058,0.0058,0.0058,0.0062,0.0062,0.0062,0.0062,0.0062,0.0062,0.0062,0.0062,0.0066,0.0066,0.0066,0.0067,0.0067,0.0067,0.0067,0.0067,0.0067,0.0067,0.0067,0.0068,0.0068,0.0068,0.0068,0.0068,0.0068,0.0068,0.0068,0.0068,0.0070,0.0070,0.0070,0.0070,0.0070,0.0070,0.0070,0.0070,0.0071,0.0071,0.0072,0.0072,0.0072,0.0072,0.0072,0.0072,0.0073,0.0073,0.0074,0.0074,0.0074,0.0074,0.0074,0.0074,0.0075,0.0075,0.0075,0.0075,0.0075,0.0075,0.0075,0.0075,0.0075,0.0075,0.0075,0.0109,0.0109,0.0109,0.0109,0.0109,0.0113,0.0113,0.0113,0.0113,0.0114,0.0115,0.0115,0.0115,0.0115,0.0115,0.0115,0.0115,0.0115,0.0115,0.0115,0.0116,0.0116,0.0116,0.0116,0.0116,0.0117,0.0117,0.0117,0.0117,0.0117,0.0117,0.0117,0.0117,0.0117,0.0117,0.0118,0.0118,0.0118,0.0118,0.0118,0.0118,0.0118,0.0118,0.0118,0.0118,0.0119,0.0119,0.0119,0.0119,0.0119,0.0119,0.0119,0.0119,0.0119,0.0119,0.0119,0.0125,0.0125,0.0125,0.0127,0.0130,0.0130,0.0130,0.0130,0.0130,0.0130,0.0130,0.0130,0.0130,0.0141,0.0141,0.0141,0.0141,0.0141,0.0141,0.0141,0.0141,0.0141,0.0141,0.0141,0.0141,0.0141,0.0141,0.0141,0.0141,0.0141,0.0141,0.0141,0.0141,0.0141,0.0141,0.0141,0.0141,0.0141,0.0141,0.0141,0.0141,0.0141,0.0141,0.0141,0.0142,0.0142,0.0142,0.0142,0.0142,0.0142,0.0142,0.0142,0.0142,0.0142,0.0142,0.0142,0.0142,0.0142,0.0142,0.0142,0.0142,0.0142,0.0142,0.0142,0.0142,0.0142,0.0142,0.0142,0.0142,0.0142,0.0142,0.0142,0.0142,0.0142,0.0142,0.0142,0.0142,0.0142
45108.0416667,0.0043,0.0043,0.0043,0.0043,0.0043,0.0043,0.0044,0.0051,0.0051,0.0051,0.0051,0.0051,0.0051,0.0056,0.0056,0.0056,0.0056,0.0056,0.0056,0.0056,0.0057,0.0057,0.0057,0.0057,0.0057,0.0057,0.0057,0.0057,0.0058,0.0058,0.0058,0.0058,0.0058,0.0058,0.0058,0.0058,0.0058,0.0058,0.0058,0.0062,0.0062,0.0062,0.0062,0.0062,0.0062,0.0062,0.0062,0.0066,0.0066,0.0066,0.0067,0.0067,0.0067,0.0067,0.0067,0.0067,0.0067,0.0067,0.0068,0.0068,0.0068,0.0068,0.0068,0.0068,0.0068,0.0068,0.0068,0.0070,0.0070,0.0070,0.0070,0.0070,0.0070,0.0070,0.0070,0.0071,0.0071,0.0072,0.0072,0.0072,0.0072,0.0072,0.0072,0.0073,0.0073,0.0074,0.0074,0.0074,0.0074,0.0074,0.0074,0.0075,0.0075,0.0075,0.0075,0.0075,0.0075,0.0075,0.0075,0.0075,0.0075,0.0075,0.0109,0.0109,0.0109,0.0109,0.0109,0.0113,0.0113,0.0113,0.0113,0.0114,0.0115,0.0115,0.0115,0.0115,0.0115,0.0115,0.0115,0.0115,0.0115,0.0115,0.0116,0.0116,0.0116,0.0116,0.0116,0.0117,0.0117,0.0117,0.0117,0.0117,0.0117,0.0117,0.0117,0.0117,0.0117,0.0118,0.0118,0.0118,0.0118,0.0118,0.0118,0.0118,0.0118,0.0118,0.0118,0.0119,0.0119,0.0119,0.0119,0.0119,0.0119,0.0119,0.0119,0.0119,0.0119,0.0119,0.0125,0.0125,0.0125,0.0127,0.0130,0.0130,0.0130,0.0130,0.0130,0.0130,0.0130,0.0130,0.0130,0.0141,0.0141,0.0141,0.0141,0.0141,0.0141,0.0141,0.0141,0.0141,0.0141,0.0141,0.0141,0.0141,0.0141,0.0141,0.0141,0.0141,0.0141,0.0141,0.0141,0.0141,0.0141,0.0141,0.0141,0.0141,0.0141,0.0141,0.0141,0.0141,0.0141,0.0141,0.0142,0.0142,0.0142,0.0142,0.0142,0.0142,0.0142,0.0142,0.0142,0.0142,0.0142,0.0142,0.0142,0.0142,0.0142,0.0142,0.0142,0.0142,0.0142,0.0142,0.0142,0.0142,0.0142,0.0142,0.0142,0.0142,0.0142,0.0142,0.0142,0.0142,0.0142,0.0142,0.0142,0.0142
45108.0833333,0.0043,0.0043,0.0043,0.0043,0.0043,0.0043,0.0044,0.0051,0.0051,0.0051,0.0051,0.0051,0.0051,0.0056,0.0056,0.0056,0.0056,0.0056,0.0056,0.0056,0.0057,0.0057,0.0057,0.0057,0.0057,0.0057,0.0057,0.0057,0.0058,0.0058,0.0058,0.0058,0.0058,0.0058,0.0058,0.0058,0.0058,0.0058,0.0058,0.0062,0.0062,0.0062,0.0062,0.0062,0.0062,0.0062,0.0062,0.0066,0.0066,0.0066,0.0067,0.0067,0.0067,0.0067,0.0067,0.0067,0.0067,0.0067,0.0068,0.0068,0.0068,0.0068,0.0068,0.0068,0.0068,0.0068,0.0068,0.0070,0.0070,0.0070,0.0070,0.0070,0.0070,0.0070,0.0070,0.0071,0.0071,0.0072,0.0072,0.0072,0.0072,0.0072,0.0072,0.0073,0.0073,0.0074,0.0074,0.0074,0.0074,0.0074,0.0074,0.0075,0.0075,0.0075,0.0075,0.0075,0.0075,0.0075,0.0075,0.0075,0.0075,0.0075,0.0109,0.0109,0.0109,0.0109,0.0109,0.0113,0.0113,0.0113,0.0113,0.0114,0.0115,0.0115,0.0115,0.0115,0.0115,0.0115,0.0115,0.0115,0.0115,0.0115,0.0116,0.0116,0.0116,0.0116,0.0116,0.0117,0.0117,0.0117,0.0117,0.0117,0.0117,0.0117,0.0117,0.0117,0.0117,0.0118,0.0118,0.0118,0.0118,0.0118,0.0118,0.0118,0.0118,0.0118,0.0118,0.0119,0.0119,0.0119,0.0119,0.0119,0.0119,0.0119,0.0119,0.0119,0.0119,0.0119,0.0125,0.0125,0.0125,0.0127,0.0130,0.0130,0.0130,0.0130,0.0130,0.0130,0.0130,0.0130,0.0130,0.0141,0.0141,0.0141,0.0141,0.0141,0.0141,0.0141,0.0141,0.0141,0.0141,0.0141,0.0141,0.0141,0.0141,0.0141,0.0141,0.0141,0.0141,0.0141,0.0141,0.0141,0.0141,0.0141,0.0141,0.0141,0.0141,0.0141,0.0141,0.0141,0.0141,0.0141,0.0142,0.0142,0.0142,0.0142,0.0142,0.0142,0.0142,0.0142,0.0142,0.0142,0.0142,0.0142,0.0142,0.0142,0.0142,0.0142,0.0142,0.0142,0.0142,0.0142,0.0142,0.0142,0.0142,0.0142,0.0142,0.0142,0.0142,0.0142,0.0142,0.0142,0.0142,0.0142,0.0142,0.0142
45108.1250000,0.0043,0.0043,0.0043,0.0043,0.0043,0.0043,0.0044,0.0051,0.0051,0.0051,0.0051,0.0051,0.0051,0.0056,0.0056,0.0056,0.0056,0.0056,0.0056,0.0056,0.0057,0.0057,0.0057,0.0057,0.0057,0.0057,0.0057,0.0057,0.0058,0.0058,0.0058,0.0058,0.0058,0.0058,0.0058,0.0058,0.0058,0.0058,0.0058,0.0062,0.0062,0.0062,0.0062,0.0062,0.0062,0.0062,0.0062,0.0066,0.0066,0.0066,0.0067,0.0067,0.0067,0.0067,0.0067,0.0067,0.0067,0.0067,0.0068,0.0068,0.0068,0.0068,0.0068,0.0068,0.0068,0.0068,0.0068,0.0070,0.0070,0.0070,0.0070,0.0070,0.0070,0.0070,0.0070,0.0071,0.0071,0.0072,0.0072,0.0072,0.0072,0.0072,0.0072,0.0073,0.0073,0.0074,0.0074,0.0074,0.0074,0.0074,0.0074,0.0075,0.0075,0.0075,0.0075,0.0075,0.0075,0.0075,0.0075,0.0075,0.0075,0.0075,0.0109,0.0109,0.0109,0.0109,0.0109,0.0113,0.0113,0.0113,0.0113,0.0114,0.0115,0.0115,0.0115,0.0115,0.0115,0.0115,0.0115,0.0115,0.0115,0.0115,0.0116,0.0116,0.0116,0.0116,0.0116,0.0117,0.0117,0.0117,0.0117,0.0117,0.0117,0.0117,0.0117,0.0117,0.0117,0.0118,0.0118,0.0118,0.0118,0.0118,0.0118,0.0118,0.0118,0.0118,0.0118,0.0119,0.0119,0.0119,0.0119,0.0119,0.0119,0.0119,0.0119,0.0119,0.0119,0.0119,0.0125,0.0125,0.0125,0.0127,0.0130,0.0130,0.0130,0.0130,0.0130,0.0130,0.0130,0.0130,0.0130,0.0141,0.0141,0.0141,0.0141,0.0141,0.0141,0.0141,0.0141,0.0141,0.0141,0.0141,0.0141,0.0141,0.0141,0.0141,0.0141,0.0141,0.0141,0.0141,0.0141,0.0141,0.0141,0.0141,0.0141,0.0141,0.0141,0.0141,0.0141,0.0141,0.0141,0.0141,0.0142,0.0142,0.0142,0.0142,0.0142,0.0142,0.0142,0.0142,0.0142,0.0142,0.0142,0.0142,0.0142,0.0142,0.0142,0.0142,0.0142,0.0142,0.0142,0.0142,0.0142,0.0142,0.0142,0.0142,0.0142,0.0142,0.0142,0.0142,0.0142,0.0142,0.0142,0.0142,0.0142,0.0142
45108.1666667,0.0043,0.0043,0.0043,0.0043,0.0043,0.0043,0.0044,0.0051,0.0051,0.0051,0.0051,0.0051,0.0051,0.0056,0.0056,0.0056,0.0056,0.0056,0.0056,0.0056,0.0057,0.0057,0.0057,0.0057,0.0057,0.0057,0.0057,0.0057,0.0058,0.0058,0.0058,0.0058,0.0058,0.0058,0.0058,0.0058,0.0058,0.0058,0.0058,0.0062,0.0062,0.0062,0.0062,0.0062,0.0062,0.0062,0.0062,0.0066,0.0066,0.0066,0.0067,0.0067,0.0067,0.0067,0.0067,0.0067,0.0067,0.0067,0.0068,0.0068,0.0068,0.0068,0.0068,0.0068,0.0068,0.0068,0.0068,0.0070,0.0070,0.0070,0.0070,0.0070,0.0070,0.0070,0.0070,0.0071,0.0071,0.0072,0.0072,0.0072,0.0072,0.0072,0.0072,0.0073,0.0073,0.0074,0.0074,0.0074,0.0074,0.0074,0.0074,0.0075,0.0075,0.0075,0.0075,0.0075,0.0075,0.0075,0.0075,0.0075,0.0075,0.0075,0.0109,0.0109,0.0109,0.0109,0.0109,0.0113,0.0113,0.0113,0.0113,0.0114,0.0115,0.0115,0.0115,0.0115,0.0115,0.0115,0.0115,0.0115,0.0115,0.0115,0.0116,0.0116,0.0116,0.0116,0.0116,0.0117,0.0117,0.0117,0.0117,0.0117,0.0117,0.0117,0.0117,0.0117,0.0117,0.0118,0.0118,0.0118,0.0118,0.0118,0.0118,0.0118,0.0118,0.0118,0.0118,0.0119,0.0119,0.0119,0.0119,0.0119,0.0119,0.0119,0.0119,0.0119,0.0119,0.0119,0.0125,0.0125,0.0125,0.0127,0.0130,0.0130,0.0130,0.0130,0.0130,0.0130,0.0130,0.0130,0.0130,0.0141,0.0141,0.0141,0.0141,0.0141,0.0141,0.0141,0.0141,0.0141,0.0141,0.0141,0.0141,0.0141,0.0141,0.0141,0.0141,0.0141,0.0141,0.0141,0.0141,0.0141,0.0141,0.0141,0.0141,0.0141,0.0141,0.0141,0.0141,0.0141,0.0141,0.0141,0.0142,0.0142,0.0142,0.0142,0.0142,0.0142,0.0142,0.0142,0.0142,0.0142,0.0142,0.0142,0.0142,0.0142,0.0142,0.0142,0.0142,0.0142,0.0142,0.0142,0.0142,0.0142,0.0142,0.0142,0.0142,0.0142,0.0142,0.0142,0.0142,0.0142,0.0142,0.0142,0.0142,0.0142
45108.2083333,0.0043,0.0043,0.0043,0.0043,0.0043,0.0043,0.0044,0.0051,0.0051,0.0051,0.0051,0.0051,0.0051,0.0056,0.0056,0.0056,0.0056,0.0056,0.0056,0.0056,0.0057,0.0057,0.0057,0.0057,0.0057,0.0057,0.0057,0.0057,0.0058,0.0058,0.0058,0.0058,0.0058,0.0058,0.0058,0.0058,0.0058,0.0058,0.0058,0.0062,0.0062,0.0062,0.0062,0.0062,0.0062,0.0062,0.0062,0.0066,0.0066,0.0066,0.0067,0.0067,0.0067,0.0067,0.0067,0.0067,0.0067,0.0067,0.0068,0.0068,0.0068,0.0068,0.0068,0.0068,0.0068,0.0068,0.0068,0.0070,0.0070,0.0070,0.0070,0.0070,0.0070,0.0070,0.0070,0.0071,0.0071,0.0072,0.0072,0.0072,0.0072,0.0072,0.0072,0.0073,0.0073,0.0074,0.0074,0.0074,0.0074,0.0074,0.0074,0.0075,0.0075,0.0075,0.0075,0.0075,0.0075,0.0075,0.0075,0.0075,0.0075,0.0075,0.0109,0.0109,0.0109,0.0109,0.0109,0.0113,0.0113,0.0113,0.0113,0.0114,0.0115,0.0115,0.0115,0.0115,0.0115,0.0115,0.0115,0.0115,0.0115,0.0115,0.0116,0.0116,0.0116,0.0116,0.0116,0.0117,0.0117,0.0117,0.0117,0.0117,0.0117,0.0117,0.0117,0.0117,0.0117,0.0118,0.0118,0.0118,0.0118,0.0118,0.0118,0.0118,0.0118,0.0118,0.0118,0.0119,0.0119,0.0119,0.0119,0.0119,0.0119,0.0119,0.0119,0.0119,0.0119,0.0119,0.0125,0.0125,0.0125,0.0127,0.0130,0.0130,0.0130,0.0130,0.0130,0.0130,0.0130,0.0130,0.0130,0.0141,0.0141,0.0141,0.0141,0.0141,0.0141,0.0141,0.0141,0.0141,0.0141,0.0141,0.0141,0.0141,0.0141,0.0141,0.0141,0.0141,0.0141,0.0141,0.0141,0.0141,0.0141,0.0141,0.0141,0.0141,0.0141,0.0141,0.0141,0.0141,0.0141,0.0141,0.0142,0.0142,0.0142,0.0142,0.0142,0.0142,0.0142,0.0142,0.0142,0.0142,0.0142,0.0142,0.0142,0.0142,0.0142,0.0142,0.0142,0.0142,0.0142,0.0142,0.0142,0.0142,0.0142,0.0142,0.0142,0.0142,0.0142,0.0142,0.0142,0.0142,0.0142,0.0142,0.0142,0.0142
45108.2500000,0.0043,0.0043,0.0043,0.0043,0.0043,0.0043,0.0044,0.0051,0.0051,0.0051,0.0051,0.0051,0.0051,0.0056,0.0056,0.0056,0.0056,0.0056,0.0056,0.0056,0.0057,0.0057,0.0057,0.0057,0.0057,0.0057,0.0057,0.0057,0.0058,0.0058,0.0058,0.0058,0.0058,0.0058,0.0058,0.0058,0.0058,0.0058,0.0058,0.0062,0.0062,0.0062,0.0062,0.0062,0.0062,0.0062,0.0062,0.0066,0.0066,0.0066,0.0067,0.0067,0.0067,0.0067,0.0067,0.0067,0.0067,0.0067,0.0068,0.0068,0.0068,0.0068,0.0068,0.0068,0.0068,0.0068,0.0068,0.0070,0.0070,0.0070,0.0070,0.0070,0.0070,0.0070,0.0070,0.0071,0.0071,0.0072,0.0072,0.0072,0.0072,0.0072,0.0072,0.0073,0.0073,0.0074,0.0074,0.0074,0.0074,0.0074,0.0074,0.0075,0.0075,0.0075,0.0075,0.0075,0.0075,0.0075,0.0075,0.0075,0.0075,0.0075,0.0109,0.0109,0.0109,0.0109,0.0109,0.0113,0.0113,0.0113,0.0113,0.0114,0.0115,0.0115,0.0115,0.0115,0.0115,0.0115,0.0115,0.0115,0.0115,0.0115,0.0116,0.0116,0.0116,0.0116,0.0116,0.0117,0.0117,0.0117,0.0117,0.0117,0.0117,0.0117,0.0117,0.0117,0.0117,0.0118,0.0118,0.0118,0.0118,0.0118,0.0118,0.0118,0.0118,0.0118,0.0118,0.0119,0.0119,0.0119,0.0119,0.0119,0.0119,0.0119,0.0119,0.0119,0.0119,0.0119,0.0125,0.0125,0.0125,0.0127,0.0130,0.0130,0.0130,0.0130,0.0130,0.0130,0.0130,0.0130,0.0130,0.0141,0.0141,0.0141,0.0141,0.0141,0.0141,0.0141,0.0141,0.0141,0.0141,0.0141,0.0141,0.0141,0.0141,0.0141,0.0141,0.0141,0.0141,0.0141,0.0141,0.0141,0.0141,0.0141,0.0141,0.0141,0.0141,0.0141,0.0141,0.0141,0.0141,0.0141,0.0142,0.0142,0.0142,0.0142,0.0142,0.0142,0.0142,0.0142,0.0142,0.0142,0.0142,0.0142,0.0142,0.0142,0.0142,0.0142,0.0142,0.0142,0.0142,0.0142,0.0142,0.0142,0.0142,0.0142,0.0142,0.0142,0.0142,0.0142,0.0142,0.0142,0.0142,0.0142,0.0142,0.0142
45108.2916667,0.0043,0.0043,0.0043,0.0043,0.0043,0.0043,0.0044,0.0051,0.0051,0.0051,0.0051,0.0051,0.0051,0.0056,0.0056,0.0056,0.0056,0.0056,0.0056,0.0056,0.0057,0.0057,0.0057,0.0057,0.0057,0.0057,0.0057,0.0057,0.0058,0.0058,0.0058,0.0058,0.0058,0.0058,0.0058,0.0058,0.0058,0.0058,0.0058,0.0062,0.0062,0.0062,0.0062,0.0062,0.0062,0.0062,0.0062,0.0066,0.0066,0.0066,0.0067,0.0067,0.0067,0.0067,0.0067,0.0067,0.0067,0.0067,0.0068,0.0068,0.0068,0.0068,0.0068,0.0068,0.0068,0.0068,0.0068,0.0070,0.0070,0.0070,0.0070,0.0070,0.0070,0.0070,0.0070,0.0071,0.0071,0.0072,0.0072,0.0072,0.0072,0.0072,0.0072,0.0073,0.0073,0.0074,0.0074,0.0074,0.0074,0.0074,0.0074,0.0075,0.0075,0.0075,0.0075,0.0075,0.0075,0.0075,0.0075,0.0075,0.0075,0.0075,0.0109,0.0109,0.0109,0.0109,0.0109,0.0113,0.0113,0.0113,0.0113,0.0114,0.0115,0.0115,0.0115,0.0115,0.0115,0.0115,0.0115,0.0115,0.0115,0.0115,0.0116,0.0116,0.0116,0.0116,0.0116,0.0117,0.0117,0.0117,0.0117,0.0117,0.0117,0.0117,0.0117,0.0117,0.0117,0.0118,0.0118,0.0118,0.0118,0.0118,0.0118,0.0118,0.0118,0.0118,0.0118,0.0119,0.0119,0.0119,0.0119,0.0119,0.0119,0.0119,0.0119,0.0119,0.0119,0.0119,0.0125,0.0125,0.0125,0.0127,0.0130,0.0130,0.0130,0.0130,0.0130,0.0130,0.0130,0.0130,0.0130,0.0141,0.0141,0.0141,0.0141,0.0141,0.0141,0.0141,0.0141,0.0141,0.0141,0.0141,0.0141,0.0141,0.0141,0.0141,0.0141,0.0141,0.0141,0.0141,0.0141,0.0141,0.0141,0.0141,0.0141,0.0141,0.0141,0.0141,0.0141,0.0141,0.0141,0.0141,0.0142,0.0142,0.0142,0.0142,0.0142,0.0142,0.0142,0.0142,0.0142,0.0142,0.0142,0.0142,0.0142,0.0142,0.0142,0.0142,0.0142,0.0142,0.0142,0.0142,0.0142,0.0142,0.0142,0.0142,0.0142,0.0142,0.0142,0.0142,0.0142,0.0142,0.0142,0.0142,0.0142,0.0142
45108.3333333,0.0043,0.0043,0.0043,0.0043,0.0043,0.0043,0.0044,0.0051,0.0051,0.0051,0.0051,0.0051,0.0051,0.0056,0.0056,0.0056,0.0056,0.0056,0.0056,0.0056,0.0057,0.0057,0.0057,0.0057,0.0057,0.0057,0.0057,0.0057,0.0058,0.0058,0.0058,0.0058,0.0058,0.0058,0.0058,0.0058,0.0058,0.0058,0.0058,0.0062,0.0062,0.0062,0.0062,0.0062,0.0062,0.0062,0.0062,0.0066,0.0066,0.0066,0.0067,0.0067,0.0067,0.0067,0.0067,0.0067,0.0067,0.0067,0.0068,0.0068,0.0068,0.0068,0.0068,0.0068,0.0068,0.0068,0.0068,0.0070,0.0070,0.0070,0.0070,0.0070,0.0070,0.0070,0.0070,0.0071,0.0071,0.0072,0.0072,0.0072,0.0072,0.0072,0.0072,0.0073,0.0073,0.0074,0.0074,0.0074,0.0074,0.0074,0.0074,0.0075,0.0075,0.0075,0.0075,0.0075,0.0075,0.0075,0.0075,0.0075,0.0075,0.0075,0.0109,0.0109,0.0109,0.0109,0.0109,0.0113,0.0113,0.0113,0.0113,0.0114,0.0115,0.0115,0.0115,0.0115,0.0115,0.0115,0.0115,0.0115,0.0115,0.0115,0.0116,0.0116,0.0116,0.0116,0.0116,0.0117,0.0117,0.0117,0.0117,0.0117,0.0117,0.0117,0.0117,0.0117,0.0117,0.0118,0.0118,0.0118,0.0118,0.0118,0.0118,0.0118,0.0118,0.0118,0.0118,0.0119,0.0119,0.0119,0.0119,0.0119,0.0119,0.0119,0.0119,0.0119,0.0119,0.0119,0.0125,0.0125,0.0125,0.0127,0.0130,0.0130,0.0130,0.0130,0.0130,0.0130,0.0130,0.0130,0.0130,0.0141,0.0141,0.0141,0.0141,0.0141,0.0141,0.0141,0.0141,0.0141,0.0141,0.0141,0.0141,0.0141,0.0141,0.0141,0.0141,0.0141,0.0141,0.0141,0.0141,0.0141,0.0141,0.0141,0.0141,0.0141,0.0141,0.0141,0.0141,0.0141,0.0141,0.0141,0.0142,0.0142,0.0142,0.0142,0.0142,0.0142,0.0142,0.0142,0.0142,0.0142,0.0142,0.0142,0.0142,0.0142,0.0142,0.0142,0.0142,0.0142,0.0142,0.0142,0.0142,0.0142,0.0142,0.0142,0.0142,0.0142,0.0142,0.0142,0.0142,0.0142,0.0142,0.0142,0.0142,0.0142
45108.3750000,0.0043,0.0043,0.0043,0.0043,0.0043,0.0043,0.0044,0.0051,0.0051,0.0051,0.0051,0.0051,0.0051,0.0056,0.0056,0.0056,0.0056,0.0056,0.0056,0.0056,0.0057,0.0057,0.0057,0.0057,0.0057,0.0057,0.0057,0.0057,0.0058,0.0058,0.0058,0.0058,0.0058,0.0058,0.0058,0.0058,0.0058,0.0058,0.0058,0.0062,0.0062,0.0062,0.0062,0.0062,0.0062,0.0062,0.0062,0.0066,0.0066,0.0066,0.0067,0.0067,0.0067,0.0067,0.0067,0.0067,0.0067,0.0067,0.0068,0.0068,0.0068,0.0068,0.0068,0.0068,0.0068,0.0068,0.0068,0.0070,0.0070,0.0070,0.0070,0.0070,0.0070,0.0070,0.0070,0.0071,0.0071,0.0072,0.0072,0.0072,0.0072,0.0072,0.0072,0.0073,0.0073,0.0074,0.0074,0.0074,0.0074,0.0074,0.0074,0.0075,0.0075,0.0075,0.0075,0.0075,0.0075,0.0075,0.0075,0.0075,0.0075,0.0075,0.0109,0.0109,0.0109,0.0109,0.0109,0.0113,0.0113,0.0113,0.0113,0.0114,0.0115,0.0115,0.0115,0.0115,0.0115,0.0115,0.0115,0.0115,0.0115,0.0115,0.0116,0.0116,0.0116,0.0116,0.0116,0.0117,0.0117,0.0117,0.0117,0.0117,0.0117,0.0117,0.0117,0.0117,0.0117,0.0118,0.0118,0.0118,0.0118,0.0118,0.0118,0.0118,0.0118,0.0118,0.0118,0.0119,0.0119,0.0119,0.0119,0.0119,0.0119,0.0119,0.0119,0.0119,0.0119,0.0119,0.0125,0.0125,0.0125,0.0127,0.0130,0.0130,0.0130,0.0130,0.0130,0.0130,0.0130,0.0130,0.0130,0.0141,0.0141,0.0141,0.0141,0.0141,0.0141,0.0141,0.0141,0.0141,0.0141,0.0141,0.0141,0.0141,0.0141,0.0141,0.0141,0.0141,0.0141,0.0141,0.0141,0.0141,0.0141,0.0141,0.0141,0.0141,0.0141,0.0141,0.0141,0.0141,0.0141,0.0141,0.0142,0.0142,0.0142,0.0142,0.0142,0.0142,0.0142,0.0142,0.0142,0.0142,0.0142,0.0142,0.0142,0.0142,0.0142,0.0142,0.0142,0.0142,0.0142,0.0142,0.0142,0.0142,0.0142,0.0142,0.0142,0.0142,0.0142,0.0142,0.0142,0.0142,0.0142,0.0142,0.0142,0.0142
45108.4166667,0.0043,0.0043,0.0043,0.0043,0.0043,0.0043,0.0044,0.0051,0.0051,0.0051,0.0051,0.0051,0.0051,0.0056,0.0056,0.0056,0.0056,0.0056,0.0056,0.0056,0.0057,0.0057,0.0057,0.0057,0.0057,0.0057,0.0057,0.0057,0.0058,0.0058,0.0058,0.0058,0.0058,0.0058,0.0058,0.0058,0.0058,0.0058,0.0058,0.0062,0.0062,0.0062,0.0062,0.0062,0.0062,0.0062,0.0062,0.0066,0.0066,0.0066,0.0067,0.0067,0.0067,0.0067,0.0067,0.0067,0.0067,0.0067,0.0068,0.0068,0.0068,0.0068,0.0068,0.0068,0.0068,0.0068,0.0068,0.0070,0.0070,0.0070,0.0070,0.0070,0.0070,0.0070,0.0070,0.0071,0.0071,0.0072,0.0072,0.0072,0.0072,0.0072,0.0072,0.0073,0.0073,0.0074,0.0074,0.0074,0.0074,0.0074,0.0074,0.0075,0.0075,0.0075,0.0075,0.0075,0.0075,0.0075,0.0075,0.0075,0.0075,0.0075,0.0109,0.0109,0.0109,0.0109,0.0109,0.0113,0.0113,0.0113,0.0113,0.0114,0.0115,0.0115,0.0115,0.0115,0.0115,0.0115,0.0115,0.0115,0.0115,0.0115,0.0116,0.0116,0.0116,0.0116,0.0116,0.0117,0.0117,0.0117,0.0117,0.0117,0.0117,0.0117,0.0117,0.0117,0.0117,0.0118,0.0118,0.0118,0.0118,0.0118,0.0118,0.0118,0.0118,0.0118,0.0118,0.0119,0.0119,0.0119,0.0119,0.0119,0.0119,0.0119,0.0119,0.0119,0.0119,0.0119,0.0125,0.0125,0.0125,0.0127,0.0130,0.0130,0.0130,0.0130,0.0130,0.0130,0.0130,0.0130,0.0130,0.0141,0.0141,0.0141,0.0141,0.0141,0.0141,0.0141,0.0141,0.0141,0.0141,0.0141,0.0141,0.0141,0.0141,0.0141,0.0141,0.0141,0.0141,0.0141,0.0141,0.0141,0.0141,0.0141,0.0141,0.0141,0.0141,0.0141,0.0141,0.0141,0.0141,0.0141,0.0142,0.0142,0.0142,0.0142,0.0142,0.0142,0.0142,0.0142,0.0142,0.0142,0.0142,0.0142,0.0142,0.0142,0.0142,0.0142,0.0142,0.0142,0.0142,0.0142,0.0142,0.0142,0.0142,0.0142,0.0142,0.0142,0.0142,0.0142,0.0142,0.0142,0.0142,0.0142,0.0142,0.0142
45108.4583333,0.0043,0.0043,0.0043,0.0043,0.0043,0.0043,0.0044,0.0051,0.0051,0.0051,0.0051,0.0051,0.0051,0.0056,0.0056,0.0056,0.0056,0.0056,0.0056,0.0056,0.0057,0.0057,0.0057,0.0057,0.0057,0.0057,0.0057,0.0057,0.0058,0.0058,0.0058,0.0058,0.0058,0.0058,0.0058,0.0058,0.0058,0.0058,0.0058,0.0062,0.0062,0.0062,0.0062,0.0062,0.0062,0.0062,0.0062,0.0066,0.0066,0.0066,0.0067,0.0067,0.0067,0.0067,0.0067,0.0067,0.0067,0.0067,0.0068,0.0068,0.0068,0.0068,0.0068,0.0068,0.0068,0.0068,0.0068,0.0070,0.0070,0.0070,0.0070,0.0070,0.0070,0.0070,0.0070,0.0071,0.0071,0.0072,0.0072,0.0072,0.0072,0.0072,0.0072,0.0073,0.0073,0.0074,0.0074,0.0074,0.0074,0.0074,0.0074,0.0075,0.0075,0.0075,0.0075,0.0075,0.0075,0.0075,0.0075,0.0075,0.0075,0.0075,0.0109,0.0109,0.0109,0.0109,0.0109,0.0113,0.0113,0.0113,0.0113,0.0114,0.0115,0.0115,0.0115,0.0115,0.0115,0.0115,0.0115,0.0115,0.0115,0.0115,0.0116,0.0116,0.0116,0.0116,0.0116,0.0117,0.0117,0.0117,0.0117,0.0117,0.0117,0.0117,0.0117,0.0117,0.0117,0.0118,0.0118,0.0118,0.0118,0.0118,0.0118,0.0118,0.0118,0.0118,0.0118,0.0119,0.0119,0.0119,0.0119,0.0119,0.0119,0.0119,0.0119,0.0119,0.0119,0.0119,0.0125,0.0125,0.0125,0.0127,0.0130,0.0130,0.0130,0.0130,0.0130,0.0130,0.0130,0.0130,0.0130,0.0141,0.0141,0.0141,0.0141,0.0141,0.0141,0.0141,0.0141,0.0141,0.0141,0.0141,0.0141,0.0141,0.0141,0.0141,0.0141,0.0141,0.0141,0.0141,0.0141,0.0141,0.0141,0.0141,0.0141,0.0141,0.0141,0.0141,0.0141,0.0141,0.0141,0.0141,0.0142,0.0142,0.0142,0.0142,0.0142,0.0142,0.0142,0.0142,0.0142,0.0142,0.0142,0.0142,0.0142,0.0142,0.0142,0.0142,0.0142,0.0142,0.0142,0.0142,0.0142,0.0142,0.0142,0.0142,0.0142,0.0142,0.0142,0.0142,0.0142,0.0142,0.0142,0.0142,0.0142,0.0142
45108.5000000,0.0043,0.0043,0.0043,0.0043,0.0043,0.0043,0.0044,0.0051,0.0051,0.0051,0.0051,0.0051,0.0051,0.0056,0.0056,0.0056,0.0056,0.0056,0.0056,0.0056,0.0057,0.0057,0.0057,0.0057,0.0057,0.0057,0.0057,0.0057,0.0058,0.0058,0.0058,0.0058,0.0058,0.0058,0.0058,0.0058,0.0058,0.0058,0.0058,0.0062,0.0062,0.0062,0.0062,0.0062,0.0062,0.0062,0.0062,0.0066,0.0066,0.0066,0.0067,0.0067,0.0067,0.0067,0.0067,0.0067,0.0067,0.0067,0.0068,0.0068,0.0068,0.0068,0.0068,0.0068,0.0068,0.0068,0.0068,0.0070,0.0070,0.0070,0.0070,0.0070,0.0070,0.0070,0.0070,0.0071,0.0071,0.0072,0.0072,0.0072,0.0072,0.0072,0.0072,0.0073,0.0073,0.0074,0.0074,0.0074,0.0074,0.0074,0.0074,0.0075,0.0075,0.0075,0.0075,0.0075,0.0075,0.0075,0.0075,0.0075,0.0075,0.0075,0.0109,0.0109,0.0109,0.0109,0.0109,0.0113,0.0113,0.0113,0.0113,0.0114,0.0115,0.0115,0.0115,0.0115,0.0115,0.0115,0.0115,0.0115,0.0115,0.0115,0.0116,0.0116,0.0116,0.0116,0.0116,0.0117,0.0117,0.0117,0.0117,0.0117,0.0117,0.0117,0.0117,0.0117,0.0117,0.0118,0.0118,0.0118,0.0118,0.0118,0.0118,0.0118,0.0118,0.0118,0.0118,0.0119,0.0119,0.0119,0.0119,0.0119,0.0119,0.0119,0.0119,0.0119,0.0119,0.0119,0.0125,0.0125,0.0125,0.0127,0.0130,0.0130,0.0130,0.0130,0.0130,0.0130,0.0130,0.0130,0.0130,0.0141,0.0141,0.0141,0.0141,0.0141,0.0141,0.0141,0.0141,0.0141,0.0141,0.0141,0.0141,0.0141,0.0141,0.0141,0.0141,0.0141,0.0141,0.0141,0.0141,0.0141,0.0141,0.0141,0.0141,0.0141,0.0141,0.0141,0.0141,0.0141,0.0141,0.0141,0.0142,0.0142,0.0142,0.0142,0.0142,0.0142,0.0142,0.0142,0.0142,0.0142,0.0142,0.0142,0.0142,0.0142,0.0142,0.0142,0.0142,0.0142,0.0142,0.0142,0.0142,0.0142,0.0142,0.0142,0.0142,0.0142,0.0142,0.0142,0.0142,0.0142,0.0142,0.0142,0.0142,0.0142
45108.5416667,0.0043,0.0043,0.0043,0.0043,0.0043,0.0043,0.0044,0.0051,0.0051,0.0051,0.0051,0.0051,0.0051,0.0056,0.0056,0.0056,0.0056,0.0056,0.0056,0.0056,0.0057,0.0057,0.0057,0.0057,0.0057,0.0057,0.0057,0.0057,0.0058,0.0058,0.0058,0.0058,0.0058,0.0058,0.0058,0.0058,0.0058,0.0058,0.0058,0.0062,0.0062,0.0062,0.0062,0.0062,0.0062,0.0062,0.0062,0.0066,0.0066,0.0066,0.0067,0.0067,0.0067,0.0067,0.0067,0.0067,0.0067,0.0067,0.0068,0.0068,0.0068,0.0068,0.0068,0.0068,0.0068,0.0068,0.0068,0.0070,0.0070,0.0070,0.0070,0.0070,0.0070,0.0070,0.0070,0.0071,0.0071,0.0072,0.0072,0.0072,0.0072,0.0072,0.0072,0.0073,0.0073,0.0074,0.0074,0.0074,0.0074,0.0074,0.0074,0.0075,0.0075,0.0075,0.0075,0.0075,0.0075,0.0075,0.0075,0.0075,0.0075,0.0075,0.0109,0.0109,0.0109,0.0109,0.0109,0.0113,0.0113,0.0113,0.0113,0.0114,0.0115,0.0115,0.0115,0.0115,0.0115,0.0115,0.0115,0.0115,0.0115,0.0115,0.0116,0.0116,0.0116,0.0116,0.0116,0.0117,0.0117,0.0117,0.0117,0.0117,0.0117,0.0117,0.0117,0.0117,0.0117,0.0118,0.0118,0.0118,0.0118,0.0118,0.0118,0.0118,0.0118,0.0118,0.0118,0.0119,0.0119,0.0119,0.0119,0.0119,0.0119,0.0119,0.0119,0.0119,0.0119,0.0119,0.0125,0.0125,0.0125,0.0127,0.0130,0.0130,0.0130,0.0130,0.0130,0.0130,0.0130,0.0130,0.0130,0.0141,0.0141,0.0141,0.0141,0.0141,0.0141,0.0141,0.0141,0.0141,0.0141,0.0141,0.0141,0.0141,0.0141,0.0141,0.0141,0.0141,0.0141,0.0141,0.0141,0.0141,0.0141,0.0141,0.0141,0.0141,0.0141,0.0141,0.0141,0.0141,0.0141,0.0141,0.0142,0.0142,0.0142,0.0142,0.0142,0.0142,0.0142,0.0142,0.0142,0.0142,0.0142,0.0142,0.0142,0.0142,0.0142,0.0142,0.0142,0.0142,0.0142,0.0142,0.0142,0.0142,0.0142,0.0142,0.0142,0.0142,0.0142,0.0142,0.0142,0.0142,0.0142,0.0142,0.0142,0.0142
45108.5833333,0.0043,0.0043,0.0043,0.0043,0.0043,0.0043,0.0044,0.0051,0.0051,0.0051,0.0051,0.0051,0.0051,0.0056,0.0056,0.0056,0.0056,0.0056,0.0056,0.0056,0.0057,0.0057,0.0057,0.0057,0.0057,0.0057,0.0057,0.0057,0.0058,0.0058,0.0058,0.0058,0.0058,0.0058,0.0058,0.0058,0.0058,0.0058,0.0058,0.0062,0.0062,0.0062,0.0062,0.0062,0.0062,0.0062,0.0062,0.0066,0.0066,0.0066,0.0067,0.0067,0.0067,0.0067,0.0067,0.0067,0.0067,0.0067,0.0068,0.0068,0.0068,0.0068,0.0068,0.0068,0.0068,0.0068,0.0068,0.0070,0.0070,0.0070,0.0070,0.0070,0.0070,0.0070,0.0070,0.0071,0.0071,0.0072,0.0072,0.0072,0.0072,0.0072,0.0072,0.0073,0.0073,0.0074,0.0074,0.0074,0.0074,0.0074,0.0074,0.0075,0.0075,0.0075,0.0075,0.0075,0.0075,0.0075,0.0075,0.0075,0.0075,0.0075,0.0109,0.0109,0.0109,0.0109,0.0109,0.0113,0.0113,0.0113,0.0113,0.0114,0.0115,0.0115,0.0115,0.0115,0.0115,0.0115,0.0115,0.0115,0.0115,0.0115,0.0116,0.0116,0.0116,0.0116,0.0116,0.0117,0.0117,0.0117,0.0117,0.0117,0.0117,0.0117,0.0117,0.0117,0.0117,0.0118,0.0118,0.0118,0.0118,0.0118,0.0118,0.0118,0.0118,0.0118,0.0118,0.0119,0.0119,0.0119,0.0119,0.0119,0.0119,0.0119,0.0119,0.0119,0.0119,0.0119,0.0125,0.0125,0.0125,0.0127,0.0130,0.0130,0.0130,0.0130,0.0130,0.0130,0.0130,0.0130,0.0130,0.0141,0.0141,0.0141,0.0141,0.0141,0.0141,0.0141,0.0141,0.0141,0.0141,0.0141,0.0141,0.0141,0.0141,0.0141,0.0141,0.0141,0.0141,0.0141,0.0141,0.0141,0.0141,0.0141,0.0141,0.0141,0.0141,0.0141,0.0141,0.0141,0.0141,0.0141,0.0142,0.0142,0.0142,0.0142,0.0142,0.0142,0.0142,0.0142,0.0142,0.0142,0.0142,0.0142,0.0142,0.0142,0.0142,0.0142,0.0142,0.0142,0.0142,0.0142,0.0142,0.0142,0.0142,0.0142,0.0142,0.0142,0.0142,0.0142,0.0142,0.0142,0.0142,0.0142,0.0142,0.0142
45108.6250000,0.0043,0.0043,0.0043,0.0043,0.0043,0.0043,0.0044,0.0051,0.0051,0.0051,0.0051,0.0051,0.0051,0.0056,0.0056,0.0056,0.0056,0.0056,0.0056,0.0056,0.0057,0.0057,0.0057,0.0057,0.0057,0.0057,0.0057,0.0057,0.0058,0.0058,0.0058,0.0058,0.0058,0.0058,0.0058,0.0058,0.0058,0.0058,0.0058,0.0062,0.0062,0.0062,0.0062,0.0062,0.0062,0.0062,0.0062,0.0066,0.0066,0.0066,0.0067,0.0067,0.0067,0.0067,0.0067,0.0067,0.0067,0.0067,0.0068,0.0068,0.0068,0.0068,0.0068,0.0068,0.0068,0.0068,0.0068,0.0070,0.0070,0.0070,0.0070,0.0070,0.0070,0.0070,0.0070,0.0071,0.0071,0.0072,0.0072,0.0072,0.0072,0.0072,0.0072,0.0073,0.0073,0.0074,0.0074,0.0074,0.0074,0.0074,0.0074,0.0075,0.0075,0.0075,0.0075,0.0075,0.0075,0.0075,0.0075,0.0075,0.0075,0.0075,0.0109,0.0109,0.0109,0.0109,0.0109,0.0113,0.0113,0.0113,0.0113,0.0114,0.0115,0.0115,0.0115,0.0115,0.0115,0.0115,0.0115,0.0115,0.0115,0.0115,0.0116,0.0116,0.0116,0.0116,0.0116,0.0117,0.0117,0.0117,0.0117,0.0117,0.0117,0.0117,0.0117,0.0117,0.0117,0.0118,0.0118,0.0118,0.0118,0.0118,0.0118,0.0118,0.0118,0.0118,0.0118,0.0119,0.0119,0.0119,0.0119,0.0119,0.0119,0.0119,0.0119,0.0119,0.0119,0.0119,0.0125,0.0125,0.0125,0.0127,0.0130,0.0130,0.0130,0.0130,0.0130,0.0130,0.0130,0.0130,0.0130,0.0141,0.0141,0.0141,0.0141,0.0141,0.0141,0.0141,0.0141,0.0141,0.0141,0.0141,0.0141,0.0141,0.0141,0.0141,0.0141,0.0141,0.0141,0.0141,0.0141,0.0141,0.0141,0.0141,0.0141,0.0141,0.0141,0.0141,0.0141,0.0141,0.0141,0.0141,0.0142,0.0142,0.0142,0.0142,0.0142,0.0142,0.0142,0.0142,0.0142,0.0142,0.0142,0.0142,0.0142,0.0142,0.0142,0.0142,0.0142,0.0142,0.0142,0.0142,0.0142,0.0142,0.0142,0.0142,0.0142,0.0142,0.0142,0.0142,0.0142,0.0142,0.0142,0.0142,0.0142,0.0142
45108.6666667,0.0043,0.0043,0.0043,0.0043,0.0043,0.0043,0.0044,0.0051,0.0051,0.0051,0.0051,0.0051,0.0051,0.0056,0.0056,0.0056,0.0056,0.0056,0.0056,0.0056,0.0057,0.0057,0.0057,0.0057,0.0057,0.0057,0.0057,0.0057,0.0058,0.0058,0.0058,0.0058,0.0058,0.0058,0.0058,0.0058,0.0058,0.0058,0.0058,0.0062,0.0062,0.0062,0.0062,0.0062,0.0062,0.0062,0.0062,0.0066,0.0066,0.0066,0.0067,0.0067,0.0067,0.0067,0.0067,0.0067,0.0067,0.0067,0.0068,0.0068,0.0068,0.0068,0.0068,0.0068,0.0068,0.0068,0.0068,0.0070,0.0070,0.0070,0.0070,0.0070,0.0070,0.0070,0.0070,0.0071,0.0071,0.0072,0.0072,0.0072,0.0072,0.0072,0.0072,0.0073,0.0073,0.0074,0.0074,0.0074,0.0074,0.0074,0.0074,0.0075,0.0075,0.0075,0.0075,0.0075,0.0075,0.0075,0.0075,0.0075,0.0075,0.0075,0.0109,0.0109,0.0109,0.0109,0.0109,0.0113,0.0113,0.0113,0.0113,0.0114,0.0115,0.0115,0.0115,0.0115,0.0115,0.0115,0.0115,0.0115,0.0115,0.0115,0.0116,0.0116,0.0116,0.0116,0.0116,0.0117,0.0117,0.0117,0.0117,0.0117,0.0117,0.0117,0.0117,0.0117,0.0117,0.0118,0.0118,0.0118,0.0118,0.0118,0.0118,0.0118,0.0118,0.0118,0.0118,0.0119,0.0119,0.0119,0.0119,0.0119,0.0119,0.0119,0.0119,0.0119,0.0119,0.0119,0.0125,0.0125,0.0125,0.0127,0.0130,0.0130,0.0130,0.0130,0.0130,0.0130,0.0130,0.0130,0.0130,0.0141,0.0141,0.0141,0.0141,0.0141,0.0141,0.0141,0.0141,0.0141,0.0141,0.0141,0.0141,0.0141,0.0141,0.0141,0.0141,0.0141,0.0141,0.0141,0.0141,0.0141,0.0141,0.0141,0.0141,0.0141,0.0141,0.0141,0.0141,0.0141,0.0141,0.0141,0.0142,0.0142,0.0142,0.0142,0.0142,0.0142,0.0142,0.0142,0.0142,0.0142,0.0142,0.0142,0.0142,0.0142,0.0142,0.0142,0.0142,0.0142,0.0142,0.0142,0.0142,0.0142,0.0142,0.0142,0.0142,0.0142,0.0142,0.0142,0.0142,0.0142,0.0142,0.0142,0.0142,0.0142
45108.7083333,0.0043,0.0043,0.0043,0.0043,0.0043,0.0043,0.0044,0.0051,0.0051,0.0051,0.0051,0.0051,0.0051,0.0056,0.0056,0.0056,0.0056,0.0056,0.0056,0.0056,0.0057,0.0057,0.0057,0.0057,0.0057,0.0057,0.0057,0.0057,0.0058,0.0058,0.0058,0.0058,0.0058,0.0058,0.0058,0.0058,0.0058,0.0058,0.0058,0.0062,0.0062,0.0062,0.0062,0.0062,0.0062,0.0062,0.0062,0.0066,0.0066,0.0066,0.0067,0.0067,0.0067,0.0067,0.0067,0.0067,0.0067,0.0067,0.0068,0.0068,0.0068,0.0068,0.0068,0.0068,0.0068,0.0068,0.0068,0.0070,0.0070,0.0070,0.0070,0.0070,0.0070,0.0070,0.0070,0.0071,0.0071,0.0072,0.0072,0.0072,0.0072,0.0072,0.0072,0.0073,0.0073,0.0074,0.0074,0.0074,0.0074,0.0074,0.0074,0.0075,0.0075,0.0075,0.0075,0.0075,0.0075,0.0075,0.0075,0.0075,0.0075,0.0075,0.0109,0.0109,0.0109,0.0109,0.0109,0.0113,0.0113,0.0113,0.0113,0.0114,0.0115,0.0115,0.0115,0.0115,0.0115,0.0115,0.0115,0.0115,0.0115,0.0115,0.0116,0.0116,0.0116,0.0116,0.0116,0.0117,0.0117,0.0117,0.0117,0.0117,0.0117,0.0117,0.0117,0.0117,0.0117,0.0118,0.0118,0.0118,0.0118,0.0118,0.0118,0.0118,0.0118,0.0118,0.0118,0.0119,0.0119,0.0119,0.0119,0.0119,0.0119,0.0119,0.0119,0.0119,0.0119,0.0119,0.0125,0.0125,0.0125,0.0127,0.0130,0.0130,0.0130,0.0130,0.0130,0.0130,0.0130,0.0130,0.0130,0.0141,0.0141,0.0141,0.0141,0.0141,0.0141,0.0141,0.0141,0.0141,0.0141,0.0141,0.0141,0.0141,0.0141,0.0141,0.0141,0.0141,0.0141,0.0141,0.0141,0.0141,0.0141,0.0141,0.0141,0.0141,0.0141,0.0141,0.0141,0.0141,0.0141,0.0141,0.0142,0.0142,0.0142,0.0142,0.0142,0.0142,0.0142,0.0142,0.0142,0.0142,0.0142,0.0142,0.0142,0.0142,0.0142,0.0142,0.0142,0.0142,0.0142,0.0142,0.0142,0.0142,0.0142,0.0142,0.0142,0.0142,0.0142,0.0142,0.0142,0.0142,0.0142,0.0142,0.0142,0.0142
45108.7500000,0.0043,0.0043,0.0043,0.0043,0.0043,0.0043,0.0044,0.0051,0.0051,0.0051,0.0051,0.0051,0.0051,0.0056,0.0056,0.0056,0.0056,0.0056,0.0056,0.0056,0.0057,0.0057,0.0057,0.0057,0.0057,0.0057,0.0057,0.0057,0.0058,0.0058,0.0058,0.0058,0.0058,0.0058,0.0058,0.0058,0.0058,0.0058,0.0058,0.0062,0.0062,0.0062,0.0062,0.0062,0.0062,0.0062,0.0062,0.0066,0.0066,0.0066,0.0067,0.0067,0.0067,0.0067,0.0067,0.0067,0.0067,0.0067,0.0068,0.0068,0.0068,0.0068,0.0068,0.0068,0.0068,0.0068,0.0068,0.0070,0.0070,0.0070,0.0070,0.0070,0.0070,0.0070,0.0070,0.0071,0.0071,0.0072,0.0072,0.0072,0.0072,0.0072,0.0072,0.0073,0.0073,0.0074,0.0074,0.0074,0.0074,0.0074,0.0074,0.0075,0.0075,0.0075,0.0075,0.0075,0.0075,0.0075,0.0075,0.0075,0.0075,0.0075,0.0109,0.0109,0.0109,0.0109,0.0109,0.0113,0.0113,0.0113,0.0113,0.0114,0.0115,0.0115,0.0115,0.0115,0.0115,0.0115,0.0115,0.0115,0.0115,0.0115,0.0116,0.0116,0.0116,0.0116,0.0116,0.0117,0.0117,0.0117,0.0117,0.0117,0.0117,0.0117,0.0117,0.0117,0.0117,0.0118,0.0118,0.0118,0.0118,0.0118,0.0118,0.0118,0.0118,0.0118,0.0118,0.0119,0.0119,0.0119,0.0119,0.0119,0.0119,0.0119,0.0119,0.0119,0.0119,0.0119,0.0125,0.0125,0.0125,0.0127,0.0130,0.0130,0.0130,0.0130,0.0130,0.0130,0.0130,0.0130,0.0130,0.0141,0.0141,0.0141,0.0141,0.0141,0.0141,0.0141,0.0141,0.0141,0.0141,0.0141,0.0141,0.0141,0.0141,0.0141,0.0141,0.0141,0.0141,0.0141,0.0141,0.0141,0.0141,0.0141,0.0141,0.0141,0.0141,0.0141,0.0141,0.0141,0.0141,0.0141,0.0142,0.0142,0.0142,0.0142,0.0142,0.0142,0.0142,0.0142,0.0142,0.0142,0.0142,0.0142,0.0142,0.0142,0.0142,0.0142,0.0142,0.0142,0.0142,0.0142,0.0142,0.0142,0.0142,0.0142,0.0142,0.0142,0.0142,0.0142,0.0142,0.0142,0.0142,0.0142,0.0142,0.0142
45108.7916667,0.0043,0.0043,0.0043,0.0043,0.0043,0.0043,0.0044,0.0051,0.0051,0.0051,0.0051,0.0051,0.0051,0.0056,0.0056,0.0056,0.0056,0.0056,0.0056,0.0056,0.0057,0.0057,0.0057,0.0057,0.0057,0.0057,0.0057,0.0057,0.0058,0.0058,0.0058,0.0058,0.0058,0.0058,0.0058,0.0058,0.0058,0.0058,0.0058,0.0062,0.0062,0.0062,0.0062,0.0062,0.0062,0.0062,0.0062,0.0066,0.0066,0.0066,0.0067,0.0067,0.0067,0.0067,0.0067,0.0067,0.0067,0.0067,0.0068,0.0068,0.0068,0.0068,0.0068,0.0068,0.0068,0.0068,0.0068,0.0070,0.0070,0.0070,0.0070,0.0070,0.0070,0.0070,0.0070,0.0071,0.0071,0.0072,0.0072,0.0072,0.0072,0.0072,0.0072,0.0073,0.0073,0.0074,0.0074,0.0074,0.0074,0.0074,0.0074,0.0075,0.0075,0.0075,0.0075,0.0075,0.0075,0.0075,0.0075,0.0075,0.0075,0.0075,0.0109,0.0109,0.0109,0.0109,0.0109,0.0113,0.0113,0.0113,0.0113,0.0114,0.0115,0.0115,0.0115,0.0115,0.0115,0.0115,0.0115,0.0115,0.0115,0.0115,0.0116,0.0116,0.0116,0.0116,0.0116,0.0117,0.0117,0.0117,0.0117,0.0117,0.0117,0.0117,0.0117,0.0117,0.0117,0.0118,0.0118,0.0118,0.0118,0.0118,0.0118,0.0118,0.0118,0.0118,0.0118,0.0119,0.0119,0.0119,0.0119,0.0119,0.0119,0.0119,0.0119,0.0119,0.0119,0.0119,0.0125,0.0125,0.0125,0.0127,0.0130,0.0130,0.0130,0.0130,0.0130,0.0130,0.0130,0.0130,0.0130,0.0141,0.0141,0.0141,0.0141,0.0141,0.0141,0.0141,0.0141,0.0141,0.0141,0.0141,0.0141,0.0141,0.0141,0.0141,0.0141,0.0141,0.0141,0.0141,0.0141,0.0141,0.0141,0.0141,0.0141,0.0141,0.0141,0.0141,0.0141,0.0141,0.0141,0.0141,0.0142,0.0142,0.0142,0.0142,0.0142,0.0142,0.0142,0.0142,0.0142,0.0142,0.0142,0.0142,0.0142,0.0142,0.0142,0.0142,0.0142,0.0142,0.0142,0.0142,0.0142,0.0142,0.0142,0.0142,0.0142,0.0142,0.0142,0.0142,0.0142,0.0142,0.0142,0.0142,0.0142,0.0142
45108.8333333,0.0043,0.0043,0.0043,0.0043,0.0043,0.0043,0.0044,0.0051,0.0051,0.0051,0.0051,0.0051,0.0051,0.0056,0.0056,0.0056,0.0056,0.0056,0.0056,0.0056,0.0057,0.0057,0.0057,0.0057,0.0057,0.0057,0.0057,0.0057,0.0058,0.0058,0.0058,0.0058,0.0058,0.0058,0.0058,0.0058,0.0058,0.0058,0.0058,0.0062,0.0062,0.0062,0.0062,0.0062,0.0062,0.0062,0.0062,0.0066,0.0066,0.0066,0.0067,0.0067,0.0067,0.0067,0.0067,0.0067,0.0067,0.0067,0.0068,0.0068,0.0068,0.0068,0.0068,0.0068,0.0068,0.0068,0.0068,0.0070,0.0070,0.0070,0.0070,0.0070,0.0070,0.0070,0.0070,0.0071,0.0071,0.0072,0.0072,0.0072,0.0072,0.0072,0.0072,0.0073,0.0073,0.0074,0.0074,0.0074,0.0074,0.0074,0.0074,0.0075,0.0075,0.0075,0.0075,0.0075,0.0075,0.0075,0.0075,0.0075,0.0075,0.0075,0.0109,0.0109,0.0109,0.0109,0.0109,0.0113,0.0113,0.0113,0.0113,0.0114,0.0115,0.0115,0.0115,0.0115,0.0115,0.0115,0.0115,0.0115,0.0115,0.0115,0.0116,0.0116,0.0116,0.0116,0.0116,0.0117,0.0117,0.0117,0.0117,0.0117,0.0117,0.0117,0.0117,0.0117,0.0117,0.0118,0.0118,0.0118,0.0118,0.0118,0.0118,0.0118,0.0118,0.0118,0.0118,0.0119,0.0119,0.0119,0.0119,0.0119,0.0119,0.0119,0.0119,0.0119,0.0119,0.0119,0.0125,0.0125,0.0125,0.0127,0.0130,0.0130,0.0130,0.0130,0.0130,0.0130,0.0130,0.0130,0.0130,0.0141,0.0141,0.0141,0.0141,0.0141,0.0141,0.0141,0.0141,0.0141,0.0141,0.0141,0.0141,0.0141,0.0141,0.0141,0.0141,0.0141,0.0141,0.0141,0.0141,0.0141,0.0141,0.0141,0.0141,0.0141,0.0141,0.0141,0.0141,0.0141,0.0141,0.0141,0.0142,0.0142,0.0142,0.0142,0.0142,0.0142,0.0142,0.0142,0.0142,0.0142,0.0142,0.0142,0.0142,0.0142,0.0142,0.0142,0.0142,0.0142,0.0142,0.0142,0.0142,0.0142,0.0142,0.0142,0.0142,0.0142,0.0142,0.0142,0.0142,0.0142,0.0142,0.0142,0.0142,0.0142
45108.8750000,0.0043,0.0043,0.0043,0.0043,0.0043,0.0043,0.0044,0.0051,0.0051,0.0051,0.0051,0.0051,0.0051,0.0056,0.0056,0.0056,0.0056,0.0056,0.0056,0.0056,0.0057,0.0057,0.0057,0.0057,0.0057,0.0057,0.0057,0.0057,0.0058,0.0058,0.0058,0.0058,0.0058,0.0058,0.0058,0.0058,0.0058,0.0058,0.0058,0.0062,0.0062,0.0062,0.0062,0.0062,0.0062,0.0062,0.0062,0.0066,0.0066,0.0066,0.0067,0.0067,0.0067,0.0067,0.0067,0.0067,0.0067,0.0067,0.0068,0.0068,0.0068,0.0068,0.0068,0.0068,0.0068,0.0068,0.0068,0.0070,0.0070,0.0070,0.0070,0.0070,0.0070,0.0070,0.0070,0.0071,0.0071,0.0072,0.0072,0.0072,0.0072,0.0072,0.0072,0.0073,0.0073,0.0074,0.0074,0.0074,0.0074,0.0074,0.0074,0.0075,0.0075,0.0075,0.0075,0.0075,0.0075,0.0075,0.0075,0.0075,0.0075,0.0075,0.0109,0.0109,0.0109,0.0109,0.0109,0.0113,0.0113,0.0113,0.0113,0.0114,0.0115,0.0115,0.0115,0.0115,0.0115,0.0115,0.0115,0.0115,0.0115,0.0115,0.0116,0.0116,0.0116,0.0116,0.0116,0.0117,0.0117,0.0117,0.0117,0.0117,0.0117,0.0117,0.0117,0.0117,0.0117,0.0118,0.0118,0.0118,0.0118,0.0118,0.0118,0.0118,0.0118,0.0118,0.0118,0.0119,0.0119,0.0119,0.0119,0.0119,0.0119,0.0119,0.0119,0.0119,0.0119,0.0119,0.0125,0.0125,0.0125,0.0127,0.0130,0.0130,0.0130,0.0130,0.0130,0.0130,0.0130,0.0130,0.0130,0.0141,0.0141,0.0141,0.0141,0.0141,0.0141,0.0141,0.0141,0.0141,0.0141,0.0141,0.0141,0.0141,0.0141,0.0141,0.0141,0.0141,0.0141,0.0141,0.0141,0.0141,0.0141,0.0141,0.0141,0.0141,0.0141,0.0141,0.0141,0.0141,0.0141,0.0141,0.0142,0.0142,0.0142,0.0142,0.0142,0.0142,0.0142,0.0142,0.0142,0.0142,0.0142,0.0142,0.0142,0.0142,0.0142,0.0142,0.0142,0.0142,0.0142,0.0142,0.0142,0.0142,0.0142,0.0142,0.0142,0.0142,0.0142,0.0142,0.0142,0.0142,0.0142,0.0142,0.0142,0.0142
45108.9166667,0.0043,0.0043,0.0043,0.0043,0.0043,0.0043,0.0044,0.0051,0.0051,0.0051,0.0051,0.0051,0.0051,0.0056,0.0056,0.0056,0.0056,0.0056,0.0056,0.0056,0.0057,0.0057,0.0057,0.0057,0.0057,0.0057,0.0057,0.0057,0.0058,0.0058,0.0058,0.0058,0.0058,0.0058,0.0058,0.0058,0.0058,0.0058,0.0058,0.0062,0.0062,0.0062,0.0062,0.0062,0.0062,0.0062,0.0062,0.0066,0.0066,0.0066,0.0067,0.0067,0.0067,0.0067,0.0067,0.0067,0.0067,0.0067,0.0068,0.0068,0.0068,0.0068,0.0068,0.0068,0.0068,0.0068,0.0068,0.0070,0.0070,0.0070,0.0070,0.0070,0.0070,0.0070,0.0070,0.0071,0.0071,0.0072,0.0072,0.0072,0.0072,0.0072,0.0072,0.0073,0.0073,0.0074,0.0074,0.0074,0.0074,0.0074,0.0074,0.0075,0.0075,0.0075,0.0075,0.0075,0.0075,0.0075,0.0075,0.0075,0.0075,0.0075,0.0109,0.0109,0.0109,0.0109,0.0109,0.0113,0.0113,0.0113,0.0113,0.0114,0.0115,0.0115,0.0115,0.0115,0.0115,0.0115,0.0115,0.0115,0.0115,0.0115,0.0116,0.0116,0.0116,0.0116,0.0116,0.0117,0.0117,0.0117,0.0117,0.0117,0.0117,0.0117,0.0117,0.0117,0.0117,0.0118,0.0118,0.0118,0.0118,0.0118,0.0118,0.0118,0.0118,0.0118,0.0118,0.0119,0.0119,0.0119,0.0119,0.0119,0.0119,0.0119,0.0119,0.0119,0.0119,0.0119,0.0125,0.0125,0.0125,0.0127,0.0130,0.0130,0.0130,0.0130,0.0130,0.0130,0.0130,0.0130,0.0130,0.0141,0.0141,0.0141,0.0141,0.0141,0.0141,0.0141,0.0141,0.0141,0.0141,0.0141,0.0141,0.0141,0.0141,0.0141,0.0141,0.0141,0.0141,0.0141,0.0141,0.0141,0.0141,0.0141,0.0141,0.0141,0.0141,0.0141,0.0141,0.0141,0.0141,0.0141,0.0142,0.0142,0.0142,0.0142,0.0142,0.0142,0.0142,0.0142,0.0142,0.0142,0.0142,0.0142,0.0142,0.0142,0.0142,0.0142,0.0142,0.0142,0.0142,0.0142,0.0142,0.0142,0.0142,0.0142,0.0142,0.0142,0.0142,0.0142,0.0142,0.0142,0.0142,0.0142,0.0142,0.0142
45108.9583333,0.0043,0.0043,0.0043,0.0043,0.0043,0.0043,0.0044,0.0051,0.0051,0.0051,0.0051,0.0051,0.0051,0.0056,0.0056,0.0056,0.0056,0.0056,0.0056,0.0056,0.0057,0.0057,0.0057,0.0057,0.0057,0.0057,0.0057,0.0057,0.0058,0.0058,0.0058,0.0058,0.0058,0.0058,0.0058,0.0058,0.0058,0.0058,0.0058,0.0062,0.0062,0.0062,0.0062,0.0062,0.0062,0.0062,0.0062,0.0066,0.0066,0.0066,0.0067,0.0067,0.0067,0.0067,0.0067,0.0067,0.0067,0.0067,0.0068,0.0068,0.0068,0.0068,0.0068,0.0068,0.0068,0.0068,0.0068,0.0070,0.0070,0.0070,0.0070,0.0070,0.0070,0.0070,0.0070,0.0071,0.0071,0.0072,0.0072,0.0072,0.0072,0.0072,0.0072,0.0073,0.0073,0.0074,0.0074,0.0074,0.0074,0.0074,0.0074,0.0075,0.0075,0.0075,0.0075,0.0075,0.0075,0.0075,0.0075,0.0075,0.0075,0.0075,0.0109,0.0109,0.0109,0.0109,0.0109,0.0113,0.0113,0.0113,0.0113,0.0114,0.0115,0.0115,0.0115,0.0115,0.0115,0.0115,0.0115,0.0115,0.0115,0.0115,0.0116,0.0116,0.0116,0.0116,0.0116,0.0117,0.0117,0.0117,0.0117,0.0117,0.0117,0.0117,0.0117,0.0117,0.0117,0.0118,0.0118,0.0118,0.0118,0.0118,0.0118,0.0118,0.0118,0.0118,0.0118,0.0119,0.0119,0.0119,0.0119,0.0119,0.0119,0.0119,0.0119,0.0119,0.0119,0.0119,0.0125,0.0125,0.0125,0.0127,0.0130,0.0130,0.0130,0.0130,0.0130,0.0130,0.0130,0.0130,0.0130,0.0141,0.0141,0.0141,0.0141,0.0141,0.0141,0.0141,0.0141,0.0141,0.0141,0.0141,0.0141,0.0141,0.0141,0.0141,0.0141,0.0141,0.0141,0.0141,0.0141,0.0141,0.0141,0.0141,0.0141,0.0141,0.0141,0.0141,0.0141,0.0141,0.0141,0.0141,0.0142,0.0142,0.0142,0.0142,0.0142,0.0142,0.0142,0.0142,0.0142,0.0142,0.0142,0.0142,0.0142,0.0142,0.0142,0.0142,0.0142,0.0142,0.0142,0.0142,0.0142,0.0142,0.0142,0.0142,0.0142,0.0142,0.0142,0.0142,0.0142,0.0142,0.0142,0.0142,0.0142,0.0142
45109.0000000,0.0043,0.0043,0.0043,0.0043,0.0043,0.0043,0.0044,0.0051,0.0051,0.0051,0.0051,0.0051,0.0051,0.0056,0.0056,0.0056,0.0056,0.0056,0.0056,0.0057,0.0057,0.0057,0.0057,0.0057,0.0057,0.0057,0.0057,0.0057,0.0058,0.0058,0.0058,0.0058,0.0058,0.0058,0.0058,0.0058,0.0058,0.0058,0.0058,0.0062,0.0062,0.0062,0.0062,0.0062,0.0062,0.0062,0.0062,0.0066,0.0066,0.0066,0.0067,0.0067,0.0067,0.0067,0.0067,0.0067,0.0067,0.0067,0.0068,0.0068,0.0068,0.0068,0.0068,0.0068,0.0068,0.0068,0.0068,0.0070,0.0070,0.0070,0.0070,0.0070,0.0070,0.0070,0.0070,0.0071,0.0071,0.0072,0.0072,0.0072,0.0072,0.0072,0.0072,0.0073,0.0073,0.0074,0.0074,0.0074,0.0074,0.0074,0.0074,0.0075,0.0075,0.0075,0.0075,0.0075,0.0075,0.0075,0.0075,0.0075,0.0075,0.0075,0.0109,0.0109,0.0109,0.0109,0.0109,0.0113,0.0113,0.0113,0.0114,0.0114,0.0115,0.0115,0.0115,0.0115,0.0115,0.0115,0.0115,0.0115,0.0115,0.0115,0.0116,0.0116,0.0116,0.0116,0.0116,0.0117,0.0117,0.0117,0.0117,0.0117,0.0117,0.0117,0.0117,0.0117,0.0117,0.0118,0.0118,0.0118,0.0118,0.0118,0.0118,0.0118,0.0118,0.0118,0.0118,0.0119,0.0119,0.0119,0.0119,0.0119,0.0119,0.0119,0.0119,0.0119,0.0119,0.0119,0.0125,0.0125,0.0125,0.0127,0.0130,0.0130,0.0130,0.0130,0.0130,0.0130,0.0130,0.0130,0.0130,0.0141,0.0141,0.0141,0.0141,0.0141,0.0141,0.0141,0.0141,0.0141,0.0141,0.0141,0.0141,0.0141,0.0141,0.0141,0.0141,0.0141,0.0141,0.0141,0.0141,0.0141,0.0141,0.0141,0.0141,0.0141,0.0141,0.0141,0.0141,0.0141,0.0141,0.0142,0.0142,0.0142,0.0142,0.0142,0.0142,0.0142,0.0142,0.0142,0.0142,0.0142,0.0142,0.0142,0.0142,0.0142,0.0142,0.0142,0.0142,0.0142,0.0142,0.0142,0.0142,0.0142,0.0142,0.0142,0.0142,0.0142,0.0142,0.0142,0.0142,0.0142,0.0142,0.0142,0.0142,0.0142
45109.0416667,0.0043,0.0043,0.0043,0.0043,0.0043,0.0043,0.0044,0.0051,0.0051,0.0051,0.0051,0.0051,0.0051,0.0056,0.0057,0.0057,0.0057,0.0057,0.0057,0.0057,0.0057,0.0057,0.0057,0.0057,0.0057,0.0057,0.0057,0.0057,0.0058,0.0058,0.0058,0.0058,0.0058,0.0058,0.0058,0.0058,0.0058,0.0058,0.0058,0.0062,0.0062,0.0062,0.0062,0.0062,0.0062,0.0062,0.0062,0.0066,0.0066,0.0066,0.0067,0.0067,0.0067,0.0067,0.0067,0.0067,0.0067,0.0067,0.0068,0.0068,0.0068,0.0068,0.0068,0.0068,0.0068,0.0068,0.0068,0.0070,0.0070,0.0070,0.0070,0.0070,0.0070,0.0070,0.0070,0.0071,0.0071,0.0072,0.0072,0.0072,0.0072,0.0072,0.0072,0.0073,0.0073,0.0074,0.0074,0.0074,0.0074,0.0074,0.0074,0.0075,0.0075,0.0075,0.0075,0.0075,0.0075,0.0075,0.0075,0.0075,0.0075,0.0075,0.0109,0.0109,0.0109,0.0109,0.0109,0.0113,0.0113,0.0113,0.0114,0.0114,0.0115,0.0115,0.0115,0.0115,0.0115,0.0115,0.0115,0.0115,0.0115,0.0115,0.0116,0.0116,0.0116,0.0116,0.0116,0.0117,0.0117,0.0117,0.0117,0.0117,0.0117,0.0117,0.0117,0.0117,0.0118,0.0118,0.0118,0.0118,0.0118,0.0118,0.0118,0.0118,0.0118,0.0118,0.0118,0.0119,0.0119,0.0119,0.0119,0.0119,0.0119,0.0119,0.0119,0.0119,0.0119,0.0119,0.0125,0.0125,0.0125,0.0127,0.0130,0.0130,0.0130,0.0130,0.0130,0.0130,0.0130,0.0130,0.0130,0.0141,0.0141,0.0141,0.0141,0.0141,0.0141,0.0141,0.0141,0.0141,0.0141,0.0141,0.0141,0.0141,0.0141,0.0141,0.0141,0.0141,0.0141,0.0141,0.0141,0.0141,0.0141,0.0141,0.0141,0.0141,0.0141,0.0141,0.0141,0.0141,0.0142,0.0142,0.0142,0.0142,0.0142,0.0142,0.0142,0.0142,0.0142,0.0142,0.0142,0.0142,0.0142,0.0142,0.0142,0.0142,0.0142,0.0142,0.0142,0.0142,0.0142,0.0142,0.0142,0.0142,0.0142,0.0142,0.0142,0.0142,0.0142,0.0142,0.0142,0.0142,0.0142,0.0142,0.0142,0.0142
45109.0833333,0.0043,0.0043,0.0043,0.0043,0.0043,0.0043,0.0044,0.0051,0.0051,0.0051,0.0051,0.0051,0.0051,0.0056,0.0057,0.0057,0.0057,0.0057,0.0057,0.0057,0.0057,0.0057,0.0057,0.0057,0.0057,0.0057,0.0057,0.0057,0.0058,0.0058,0.0058,0.0058,0.0058,0.0058,0.0058,0.0058,0.0058,0.0058,0.0058,0.0062,0.0062,0.0062,0.0062,0.0062,0.0062,0.0062,0.0062,0.0066,0.0066,0.0066,0.0067,0.0067,0.0067,0.0067,0.0067,0.0067,0.0067,0.0067,0.0068,0.0068,0.0068,0.0068,0.0068,0.0068,0.0068,0.0068,0.0068,0.0070,0.0070,0.0070,0.0070,0.0070,0.0070,0.0070,0.0070,0.0071,0.0071,0.0072,0.0072,0.0072,0.0072,0.0072,0.0072,0.0073,0.0073,0.0074,0.0074,0.0074,0.0074,0.0074,0.0074,0.0075,0.0075,0.0075,0.0075,0.0075,0.0075,0.0075,0.0075,0.0075,0.0075,0.0075,0.0109,0.0109,0.0109,0.0109,0.0109,0.0113,0.0113,0.0114,0.0114,0.0114,0.0115,0.0115,0.0115,0.0115,0.0115,0.0115,0.0115,0.0116,0.0116,0.0116,0.0116,0.0116,0.0116,0.0116,0.0116,0.0117,0.0117,0.0117,0.0117,0.0117,0.0117,0.0117,0.0118,0.0118,0.0118,0.0118,0.0118,0.0118,0.0118,0.0118,0.0118,0.0118,0.0118,0.0118,0.0118,0.0119,0.0119,0.0119,0.0119,0.0119,0.0119,0.0119,0.0119,0.0119,0.0119,0.0119,0.0125,0.0125,0.0125,0.0127,0.0130,0.0130,0.0130,0.0130,0.0130,0.0130,0.0130,0.0130,0.0130,0.0141,0.0141,0.0141,0.0141,0.0141,0.0141,0.0141,0.0141,0.0141,0.0141,0.0141,0.0141,0.0141,0.0141,0.0141,0.0141,0.0141,0.0141,0.0141,0.0141,0.0141,0.0141,0.0141,0.0141,0.0142,0.0142,0.0142,0.0142,0.0142,0.0142,0.0142,0.0142,0.0142,0.0142,0.0142,0.0142,0.0142,0.0142,0.0142,0.0142,0.0142,0.0142,0.0142,0.0142,0.0142,0.0142,0.0142,0.0142,0.0142,0.0142,0.0142,0.0142,0.0142,0.0142,0.0142,0.0142,0.0142,0.0142,0.0142,0.0142,0.0142,0.0142,0.0142,0.0142,0.0142
45109.1250000,0.0043,0.0043,0.0043,0.0043,0.0043,0.0043,0.0044,0.0051,0.0051,0.0051,0.0051,0.0051,0.0051,0.0056,0.0057,0.0057,0.0057,0.0057,0.0057,0.0057,0.0057,0.0057,0.0057,0.0057,0.0057,0.0057,0.0057,0.0057,0.0058,0.0058,0.0058,0.0058,0.0058,0.0058,0.0058,0.0058,0.0058,0.0058,0.0058,0.0062,0.0062,0.0062,0.0062,0.0062,0.0063,0.0063,0.0063,0.0066,0.0066,0.0066,0.0067,0.0067,0.0067,0.0067,0.0067,0.0067,0.0067,0.0067,0.0068,0.0068,0.0068,0.0068,0.0068,0.0068,0.0068,0.0068,0.0068,0.0070,0.0070,0.0070,0.0070,0.0070,0.0070,0.0070,0.0070,0.0071,0.0071,0.0072,0.0072,0.0072,0.0072,0.0072,0.0072,0.0073,0.0073,0.0074,0.0074,0.0074,0.0074,0.0074,0.0074,0.0075,0.0075,0.0075,0.0075,0.0075,0.0075,0.0075,0.0075,0.0075,0.0075,0.0075,0.0109,0.0109,0.0109,0.0109,0.0109,0.0113,0.0113,0.0114,0.0114,0.0114,0.0115,0.0115,0.0115,0.0115,0.0115,0.0115,0.0115,0.0116,0.0116,0.0116,0.0116,0.0116,0.0116,0.0116,0.0116,0.0117,0.0117,0.0117,0.0117,0.0117,0.0117,0.0117,0.0118,0.0118,0.0118,0.0118,0.0118,0.0118,0.0118,0.0118,0.0118,0.0118,0.0118,0.0118,0.0118,0.0119,0.0119,0.0119,0.0119,0.0119,0.0119,0.0119,0.0119,0.0119,0.0119,0.0119,0.0125,0.0125,0.0125,0.0127,0.0130,0.0130,0.0130,0.0130,0.0130,0.0130,0.0130,0.0130,0.0130,0.0141,0.0141,0.0141,0.0141,0.0141,0.0141,0.0141,0.0141,0.0141,0.0141,0.0141,0.0141,0.0141,0.0141,0.0141,0.0141,0.0141,0.0141,0.0141,0.0141,0.0141,0.0141,0.0141,0.0142,0.0142,0.0142,0.0142,0.0142,0.0142,0.0142,0.0142,0.0142,0.0142,0.0142,0.0142,0.0142,0.0142,0.0142,0.0142,0.0142,0.0142,0.0142,0.0142,0.0142,0.0142,0.0142,0.0142,0.0142,0.0142,0.0142,0.0142,0.0142,0.0142,0.0142,0.0142,0.0142,0.0142,0.0142,0.0142,0.0142,0.0142,0.0142,0.0142,0.0142,0.0142
45109.1666667,0.0043,0.0043,0.0043,0.0043,0.0043,0.0043,0.0044,0.0051,0.0051,0.0051,0.0051,0.0051,0.0051,0.0056,0.0057,0.0057,0.0057,0.0057,0.0057,0.0057,0.0057,0.0057,0.0057,0.0057,0.0057,0.0057,0.0057,0.0057,0.0058,0.0058,0.0058,0.0058,0.0058,0.0058,0.0058,0.0058,0.0058,0.0058,0.0058,0.0062,0.0062,0.0062,0.0063,0.0063,0.0063,0.0063,0.0063,0.0066,0.0066,0.0066,0.0067,0.0067,0.0067,0.0067,0.0068,0.0068,0.0068,0.0068,0.0068,0.0068,0.0068,0.0068,0.0068,0.0068,0.0068,0.0068,0.0068,0.0070,0.0070,0.0070,0.0070,0.0070,0.0070,0.0070,0.0070,0.0071,0.0071,0.0072,0.0072,0.0072,0.0072,0.0072,0.0072,0.0073,0.0073,0.0074,0.0074,0.0074,0.0074,0.0074,0.0074,0.0075,0.0075,0.0075,0.0075,0.0075,0.0075,0.0075,0.0075,0.0075,0.0075,0.0075,0.0109,0.0109,0.0109,0.0109,0.0109,0.0113,0.0113,0.0114,0.0114,0.0114,0.0115,0.0115,0.0115,0.0115,0.0115,0.0115,0.0115,0.0116,0.0116,0.0116,0.0116,0.0116,0.0116,0.0116,0.0116,0.0117,0.0117,0.0117,0.0117,0.0117,0.0117,0.0117,0.0118,0.0118,0.0118,0.0118,0.0118,0.0118,0.0118,0.0118,0.0118,0.0118,0.0119,0.0119,0.0119,0.0119,0.0119,0.0119,0.0119,0.0119,0.0119,0.0119,0.0119,0.0119,0.0119,0.0119,0.0125,0.0125,0.0125,0.0127,0.0130,0.0130,0.0130,0.0130,0.0130,0.0130,0.0130,0.0130,0.0130,0.0141,0.0141,0.0141,0.0141,0.0141,0.0141,0.0141,0.0141,0.0141,0.0141,0.0141,0.0141,0.0141,0.0141,0.0141,0.0141,0.0141,0.0141,0.0141,0.0141,0.0141,0.0141,0.0141,0.0142,0.0142,0.0142,0.0142,0.0142,0.0142,0.0142,0.0142,0.0142,0.0142,0.0142,0.0142,0.0142,0.0142,0.0142,0.0142,0.0142,0.0142,0.0142,0.0142,0.0142,0.0142,0.0142,0.0142,0.0142,0.0142,0.0142,0.0142,0.0142,0.0142,0.0142,0.0142,0.0142,0.0142,0.0142,0.0142,0.0142,0.0142,0.0142,0.0142,0.0142,0.0142
45109.2083333,0.0043,0.0043,0.0043,0.0043,0.0043,0.0043,0.0044,0.0051,0.0051,0.0051,0.0051,0.0051,0.0051,0.0056,0.0057,0.0057,0.0057,0.0057,0.0057,0.0057,0.0057,0.0057,0.0057,0.0057,0.0057,0.0057,0.0057,0.0057,0.0058,0.0058,0.0058,0.0058,0.0058,0.0058,0.0058,0.0058,0.0058,0.0058,0.0058,0.0062,0.0062,0.0062,0.0063,0.0063,0.0063,0.0063,0.0063,0.0067,0.0067,0.0067,0.0067,0.0067,0.0067,0.0068,0.0068,0.0068,0.0068,0.0068,0.0068,0.0068,0.0068,0.0068,0.0068,0.0068,0.0068,0.0068,0.0068,0.0070,0.0070,0.0070,0.0070,0.0070,0.0070,0.0071,0.0071,0.0071,0.0071,0.0072,0.0072,0.0072,0.0072,0.0072,0.0072,0.0073,0.0073,0.0074,0.0074,0.0074,0.0074,0.0074,0.0074,0.0075,0.0075,0.0075,0.0075,0.0075,0.0075,0.0075,0.0075,0.0075,0.0075,0.0075,0.0109,0.0109,0.0109,0.0109,0.0109,0.0113,0.0113,0.0114,0.0114,0.0114,0.0115,0.0115,0.0115,0.0115,0.0115,0.0115,0.0115,0.0116,0.0116,0.0116,0.0116,0.0116,0.0116,0.0116,0.0116,0.0117,0.0117,0.0117,0.0117,0.0117,0.0117,0.0117,0.0118,0.0118,0.0118,0.0118,0.0118,0.0118,0.0118,0.0118,0.0118,0.0118,0.0119,0.0119,0.0119,0.0119,0.0119,0.0119,0.0119,0.0119,0.0119,0.0119,0.0119,0.0119,0.0119,0.0119,0.0125,0.0125,0.0125,0.0127,0.0130,0.0130,0.0130,0.0130,0.0130,0.0130,0.0130,0.0131,0.0131,0.0141,0.0141,0.0141,0.0141,0.0141,0.0141,0.0141,0.0141,0.0141,0.0141,0.0141,0.0141,0.0141,0.0141,0.0141,0.0141,0.0141,0.0141,0.0141,0.0141,0.0141,0.0141,0.0142,0.0142,0.0142,0.0142,0.0142,0.0142,0.0142,0.0142,0.0142,0.0142,0.0142,0.0142,0.0142,0.0142,0.0142,0.0142,0.0142,0.0142,0.0142,0.0142,0.0142,0.0142,0.0142,0.0142,0.0142,0.0142,0.0142,0.0142,0.0142,0.0142,0.0142,0.0142,0.0142,0.0142,0.0142,0.0142,0.0142,0.0142,0.0142,0.0142,0.0142,0.0142,0.0142
45109.2500000,0.0043,0.0043,0.0043,0.0043,0.0043,0.0043,0.0044,0.0051,0.0051,0.0051,0.0051,0.0051,0.0051,0.0056,0.0057,0.0057,0.0057,0.0057,0.0057,0.0057,0.0057,0.0057,0.0057,0.0057,0.0057,0.0057,0.0057,0.0057,0.0058,0.0058,0.0058,0.0058,0.0058,0.0058,0.0058,0.0058,0.0058,0.0058,0.0058,0.0062,0.0062,0.0062,0.0063,0.0063,0.0063,0.0063,0.0063,0.0067,0.0067,0.0067,0.0067,0.0067,0.0067,0.0068,0.0068,0.0068,0.0068,0.0068,0.0068,0.0068,0.0068,0.0068,0.0068,0.0068,0.0068,0.0068,0.0069,0.0070,0.0070,0.0070,0.0070,0.0070,0.0070,0.0071,0.0071,0.0071,0.0071,0.0072,0.0072,0.0072,0.0072,0.0072,0.0072,0.0073,0.0073,0.0074,0.0074,0.0074,0.0074,0.0074,0.0074,0.0075,0.0075,0.0075,0.0075,0.0075,0.0075,0.0075,0.0075,0.0075,0.0075,0.0075,0.0109,0.0109,0.0109,0.0109,0.0109,0.0113,0.0113,0.0114,0.0114,0.0114,0.0115,0.0115,0.0115,0.0115,0.0115,0.0115,0.0115,0.0116,0.0116,0.0116,0.0116,0.0116,0.0116,0.0116,0.0117,0.0117,0.0117,0.0117,0.0117,0.0117,0.0117,0.0117,0.0118,0.0118,0.0118,0.0118,0.0118,0.0118,0.0118,0.0118,0.0118,0.0118,0.0119,0.0119,0.0119,0.0119,0.0119,0.0119,0.0119,0.0119,0.0119,0.0119,0.0119,0.0119,0.0119,0.0119,0.0125,0.0125,0.0125,0.0127,0.0130,0.0130,0.0130,0.0130,0.0130,0.0130,0.0131,0.0131,0.0131,0.0141,0.0141,0.0141,0.0141,0.0141,0.0141,0.0141,0.0141,0.0141,0.0141,0.0141,0.0141,0.0141,0.0141,0.0141,0.0142,0.0142,0.0142,0.0142,0.0142,0.0142,0.0142,0.0142,0.0142,0.0142,0.0142,0.0142,0.0142,0.0142,0.0142,0.0142,0.0142,0.0142,0.0142,0.0142,0.0142,0.0142,0.0142,0.0142,0.0142,0.0142,0.0142,0.0142,0.0142,0.0142,0.0142,0.0142,0.0142,0.0142,0.0142,0.0142,0.0142,0.0142,0.0142,0.0142,0.0142,0.0142,0.0142,0.0142,0.0142,0.0142,0.0142,0.0142,0.0142,0.0142
45109.2916667,0.0043,0.0043,0.0043,0.0043,0.0043,0.0043,0.0044,0.0051,0.0051,0.0051,0.0051,0.0051,0.0051,0.0056,0.0057,0.0057,0.0057,0.0057,0.0057,0.0057,0.0057,0.0057,0.0057,0.0057,0.0057,0.0057,0.0057,0.0057,0.0058,0.0058,0.0058,0.0058,0.0058,0.0058,0.0058,0.0058,0.0058,0.0058,0.0058,0.0062,0.0062,0.0062,0.0063,0.0063,0.0063,0.0063,0.0063,0.0067,0.0067,0.0067,0.0067,0.0067,0.0067,0.0068,0.0068,0.0068,0.0068,0.0068,0.0068,0.0068,0.0068,0.0068,0.0068,0.0068,0.0068,0.0068,0.0069,0.0070,0.0070,0.0070,0.0071,0.0071,0.0071,0.0071,0.0071,0.0071,0.0071,0.0072,0.0072,0.0072,0.0072,0.0073,0.0073,0.0074,0.0074,0.0074,0.0074,0.0074,0.0074,0.0074,0.0074,0.0075,0.0075,0.0075,0.0075,0.0075,0.0075,0.0075,0.0075,0.0075,0.0075,0.0075,0.0109,0.0109,0.0109,0.0109,0.0109,0.0113,0.0113,0.0114,0.0114,0.0114,0.0115,0.0115,0.0115,0.0115,0.0115,0.0115,0.0116,0.0116,0.0116,0.0116,0.0116,0.0116,0.0116,0.0116,0.0117,0.0117,0.0117,0.0117,0.0117,0.0117,0.0117,0.0117,0.0118,0.0118,0.0118,0.0118,0.0118,0.0118,0.0118,0.0118,0.0118,0.0118,0.0119,0.0119,0.0119,0.0119,0.0119,0.0119,0.0119,0.0119,0.0119,0.0119,0.0119,0.0119,0.0119,0.0119,0.0125,0.0125,0.0125,0.0127,0.0130,0.0130,0.0130,0.0130,0.0130,0.0131,0.0131,0.0131,0.0131,0.0141,0.0141,0.0141,0.0141,0.0141,0.0141,0.0141,0.0141,0.0141,0.0141,0.0141,0.0141,0.0142,0.0142,0.0142,0.0142,0.0142,0.0142,0.0142,0.0142,0.0142,0.0142,0.0142,0.0142,0.0142,0.0142,0.0142,0.0142,0.0142,0.0142,0.0142,0.0142,0.0142,0.0142,0.0142,0.0142,0.0142,0.0142,0.0142,0.0142,0.0142,0.0142,0.0142,0.0142,0.0142,0.0142,0.0142,0.0142,0.0142,0.0142,0.0142,0.0142,0.0142,0.0142,0.0142,0.0142,0.0142,0.0142,0.0142,0.0142,0.0142,0.0142,0.0142,0.0142,0.0142
45109.3333333,0.0043,0.0043,0.0043,0.0043,0.0043,0.0043,0.0044,0.0051,0.0051,0.0051,0.0051,0.0051,0.0051,0.0056,0.0057,0.0057,0.0057,0.0057,0.0057,0.0057,0.0057,0.0057,0.0057,0.0057,0.0057,0.0057,0.0057,0.0057,0.0058,0.0058,0.0058,0.0058,0.0058,0.0058,0.0058,0.0058,0.0058,0.0058,0.0058,0.0062,0.0062,0.0062,0.0063,0.0063,0.0063,0.0063,0.0063,0.0067,0.0067,0.0067,0.0067,0.0067,0.0067,0.0068,0.0068,0.0068,0.0068,0.0068,0.0068,0.0068,0.0068,0.0068,0.0068,0.0068,0.0068,0.0068,0.0069,0.0070,0.0070,0.0071,0.0071,0.0071,0.0071,0.0071,0.0071,0.0071,0.0071,0.0072,0.0072,0.0072,0.0072,0.0073,0.0073,0.0074,0.0074,0.0074,0.0074,0.0074,0.0074,0.0074,0.0074,0.0075,0.0075,0.0075,0.0075,0.0075,0.0075,0.0075,0.0075,0.0075,0.0075,0.0075,0.0109,0.0109,0.0109,0.0109,0.0109,0.0113,0.0113,0.0114,0.0114,0.0114,0.0115,0.0115,0.0115,0.0115,0.0115,0.0115,0.0116,0.0116,0.0116,0.0116,0.0116,0.0116,0.0116,0.0116,0.0117,0.0117,0.0117,0.0117,0.0117,0.0117,0.0117,0.0117,0.0118,0.0118,0.0118,0.0118,0.0118,0.0118,0.0118,0.0118,0.0118,0.0118,0.0119,0.0119,0.0119,0.0119,0.0119,0.0119,0.0119,0.0119,0.0119,0.0119,0.0119,0.0119,0.0119,0.0119,0.0125,0.0125,0.0125,0.0127,0.0130,0.0130,0.0130,0.0130,0.0130,0.0131,0.0131,0.0131,0.0131,0.0141,0.0141,0.0141,0.0141,0.0141,0.0141,0.0141,0.0141,0.0141,0.0141,0.0141,0.0141,0.0142,0.0142,0.0142,0.0142,0.0142,0.0142,0.0142,0.0142,0.0142,0.0142,0.0142,0.0142,0.0142,0.0142,0.0142,0.0142,0.0142,0.0142,0.0142,0.0142,0.0142,0.0142,0.0142,0.0142,0.0142,0.0142,0.0142,0.0142,0.0142,0.0142,0.0142,0.0142,0.0142,0.0142,0.0142,0.0142,0.0142,0.0142,0.0142,0.0142,0.0142,0.0142,0.0142,0.0142,0.0142,0.0142,0.0142,0.0142,0.0142,0.0142,0.0142,0.0142,0.0142
45109.3750000,0.0043,0.0043,0.0043,0.0043,0.0043,0.0043,0.0044,0.0051,0.0051,0.0051,0.0051,0.0051,0.0051,0.0056,0.0057,0.0057,0.0057,0.0057,0.0057,0.0057,0.0057,0.0057,0.0057,0.0057,0.0057,0.0057,0.0057,0.0057,0.0058,0.0058,0.0058,0.0058,0.0058,0.0058,0.0058,0.0058,0.0058,0.0058,0.0058,0.0062,0.0062,0.0062,0.0063,0.0063,0.0063,0.0063,0.0063,0.0067,0.0067,0.0067,0.0067,0.0067,0.0067,0.0068,0.0068,0.0068,0.0068,0.0068,0.0068,0.0068,0.0068,0.0068,0.0068,0.0068,0.0068,0.0068,0.0069,0.0070,0.0070,0.0071,0.0071,0.0071,0.0071,0.0071,0.0071,0.0071,0.0071,0.0072,0.0072,0.0072,0.0073,0.0073,0.0073,0.0074,0.0074,0.0074,0.0074,0.0074,0.0074,0.0074,0.0074,0.0075,0.0075,0.0075,0.0075,0.0075,0.0075,0.0075,0.0075,0.0075,0.0075,0.0075,0.0109,0.0109,0.0109,0.0109,0.0109,0.0114,0.0114,0.0114,0.0114,0.0114,0.0115,0.0115,0.0115,0.0115,0.0115,0.0115,0.0116,0.0116,0.0116,0.0116,0.0116,0.0117,0.0117,0.0117,0.0117,0.0117,0.0117,0.0117,0.0117,0.0117,0.0117,0.0117,0.0118,0.0118,0.0118,0.0118,0.0118,0.0118,0.0118,0.0118,0.0118,0.0118,0.0119,0.0119,0.0119,0.0119,0.0119,0.0119,0.0119,0.0119,0.0119,0.0119,0.0119,0.0119,0.0119,0.0119,0.0125,0.0125,0.0125,0.0127,0.0130,0.0130,0.0130,0.0130,0.0130,0.0131,0.0131,0.0131,0.0131,0.0141,0.0141,0.0141,0.0141,0.0141,0.0141,0.0141,0.0141,0.0141,0.0141,0.0141,0.0141,0.0142,0.0142,0.0142,0.0142,0.0142,0.0142,0.0142,0.0142,0.0142,0.0142,0.0142,0.0142,0.0142,0.0142,0.0142,0.0142,0.0142,0.0142,0.0142,0.0142,0.0142,0.0142,0.0142,0.0142,0.0142,0.0142,0.0142,0.0142,0.0142,0.0142,0.0142,0.0142,0.0142,0.0142,0.0142,0.0142,0.0142,0.0142,0.0142,0.0142,0.0142,0.0142,0.0142,0.0142,0.0142,0.0142,0.0142,0.0142,0.0142,0.0142,0.0142,0.0142,0.0142
45109.4166667,0.0043,0.0043,0.0043,0.0043,0.0043,0.0043,0.0044,0.0051,0.0051,0.0051,0.0051,0.0051,0.0051,0.0056,0.0057,0.0057,0.0057,0.0057,0.0057,0.0057,0.0057,0.0057,0.0057,0.0057,0.0057,0.0057,0.0057,0.0057,0.0058,0.0058,0.0058,0.0058,0.0058,0.0058,0.0058,0.0058,0.0058,0.0058,0.0058,0.0062,0.0062,0.0062,0.0063,0.0063,0.0063,0.0063,0.0063,0.0067,0.0067,0.0067,0.0067,0.0067,0.0067,0.0068,0.0068,0.0068,0.0068,0.0068,0.0068,0.0068,0.0068,0.0068,0.0068,0.0068,0.0068,0.0068,0.0069,0.0070,0.0070,0.0071,0.0071,0.0071,0.0071,0.0071,0.0071,0.0071,0.0071,0.0072,0.0072,0.0072,0.0073,0.0073,0.0073,0.0074,0.0074,0.0074,0.0074,0.0074,0.0074,0.0074,0.0074,0.0075,0.0075,0.0075,0.0075,0.0075,0.0075,0.0075,0.0075,0.0075,0.0075,0.0075,0.0109,0.0109,0.0109,0.0109,0.0109,0.0114,0.0114,0.0114,0.0114,0.0114,0.0115,0.0115,0.0115,0.0115,0.0116,0.0116,0.0116,0.0116,0.0116,0.0116,0.0117,0.0117,0.0117,0.0117,0.0117,0.0117,0.0117,0.0117,0.0117,0.0117,0.0117,0.0117,0.0118,0.0118,0.0118,0.0118,0.0118,0.0118,0.0118,0.0118,0.0118,0.0118,0.0119,0.0119,0.0119,0.0119,0.0119,0.0119,0.0119,0.0119,0.0119,0.0119,0.0119,0.0119,0.0119,0.0119,0.0125,0.0125,0.0125,0.0127,0.0130,0.0130,0.0130,0.0130,0.0130,0.0131,0.0131,0.0131,0.0131,0.0141,0.0141,0.0141,0.0141,0.0141,0.0141,0.0141,0.0141,0.0141,0.0141,0.0141,0.0141,0.0142,0.0142,0.0142,0.0142,0.0142,0.0142,0.0142,0.0142,0.0142,0.0142,0.0142,0.0142,0.0142,0.0142,0.0142,0.0142,0.0142,0.0142,0.0142,0.0142,0.0142,0.0142,0.0142,0.0142,0.0142,0.0142,0.0142,0.0142,0.0142,0.0142,0.0142,0.0142,0.0142,0.0142,0.0142,0.0142,0.0142,0.0142,0.0142,0.0142,0.0142,0.0142,0.0142,0.0142,0.0142,0.0142,0.0142,0.0142,0.0142,0.0142,0.0142,0.0142,0.0142
45109.4583333,0.0043,0.0043,0.0043,0.0043,0.0043,0.0043,0.0044,0.0051,0.0051,0.0051,0.0051,0.0051,0.0051,0.0056,0.0057,0.0057,0.0057,0.0057,0.0057,0.0057,0.0057,0.0057,0.0057,0.0057,0.0057,0.0057,0.0057,0.0057,0.0058,0.0058,0.0058,0.0058,0.0058,0.0058,0.0058,0.0058,0.0058,0.0058,0.0058,0.0062,0.0062,0.0062,0.0063,0.0063,0.0063,0.0063,0.0063,0.0067,0.0067,0.0067,0.0067,0.0067,0.0067,0.0068,0.0068,0.0068,0.0068,0.0068,0.0068,0.0068,0.0068,0.0068,0.0068,0.0068,0.0068,0.0068,0.0069,0.0070,0.0070,0.0071,0.0071,0.0071,0.0071,0.0071,0.0071,0.0071,0.0071,0.0072,0.0072,0.0072,0.0073,0.0073,0.0073,0.0074,0.0074,0.0074,0.0074,0.0074,0.0074,0.0074,0.0074,0.0075,0.0075,0.0075,0.0075,0.0075,0.0075,0.0075,0.0075,0.0075,0.0075,0.0075,0.0109,0.0109,0.0109,0.0109,0.0109,0.0114,0.0114,0.0114,0.0114,0.0114,0.0115,0.0115,0.0115,0.0116,0.0116,0.0116,0.0116,0.0116,0.0116,0.0116,0.0117,0.0117,0.0117,0.0117,0.0117,0.0117,0.0117,0.0117,0.0117,0.0117,0.0117,0.0117,0.0118,0.0118,0.0118,0.0118,0.0118,0.0118,0.0118,0.0118,0.0119,0.0119,0.0119,0.0119,0.0119,0.0119,0.0119,0.0119,0.0119,0.0119,0.0119,0.0119,0.0119,0.0119,0.0119,0.0119,0.0125,0.0125,0.0125,0.0127,0.0130,0.0130,0.0130,0.0130,0.0130,0.0131,0.0131,0.0131,0.0131,0.0141,0.0141,0.0141,0.0141,0.0141,0.0141,0.0141,0.0141,0.0141,0.0141,0.0141,0.0141,0.0142,0.0142,0.0142,0.0142,0.0142,0.0142,0.0142,0.0142,0.0142,0.0142,0.0142,0.0142,0.0142,0.0142,0.0142,0.0142,0.0142,0.0142,0.0142,0.0142,0.0142,0.0142,0.0142,0.0142,0.0142,0.0142,0.0142,0.0142,0.0142,0.0142,0.0142,0.0142,0.0142,0.0142,0.0142,0.0142,0.0142,0.0142,0.0142,0.0142,0.0142,0.0142,0.0142,0.0142,0.0142,0.0142,0.0142,0.0142,0.0142,0.0142,0.0142,0.0142,0.0142
45109.5000000,0.0043,0.0043,0.0043,0.0043,0.0043,0.0043,0.0044,0.0051,0.0051,0.0051,0.0051,0.0051,0.0051,0.0056,0.0057,0.0057,0.0057,0.0057,0.0057,0.0057,0.0057,0.0057,0.0057,0.0057,0.0057,0.0057,0.0057,0.0057,0.0058,0.0058,0.0058,0.0058,0.0058,0.0058,0.0058,0.0058,0.0058,0.0058,0.0058,0.0062,0.0062,0.0062,0.0063,0.0063,0.0063,0.0063,0.0063,0.0067,0.0067,0.0067,0.0067,0.0067,0.0067,0.0068,0.0068,0.0068,0.0068,0.0068,0.0068,0.0068,0.0068,0.0068,0.0068,0.0068,0.0068,0.0068,0.0069,0.0070,0.0070,0.0071,0.0071,0.0071,0.0071,0.0071,0.0071,0.0071,0.0071,0.0072,0.0072,0.0072,0.0073,0.0073,0.0073,0.0074,0.0074,0.0074,0.0074,0.0074,0.0074,0.0074,0.0074,0.0075,0.0075,0.0075,0.0075,0.0075,0.0075,0.0075,0.0075,0.0075,0.0075,0.0075,0.0109,0.0109,0.0109,0.0109,0.0109,0.0114,0.0114,0.0114,0.0114,0.0114,0.0115,0.0115,0.0115,0.0116,0.0116,0.0116,0.0116,0.0116,0.0116,0.0116,0.0117,0.0117,0.0117,0.0117,0.0117,0.0117,0.0117,0.0117,0.0117,0.0117,0.0117,0.0117,0.0118,0.0118,0.0118,0.0118,0.0118,0.0118,0.0119,0.0119,0.0119,0.0119,0.0119,0.0119,0.0119,0.0119,0.0119,0.0119,0.0119,0.0119,0.0119,0.0119,0.0119,0.0119,0.0119,0.0119,0.0125,0.0125,0.0125,0.0127,0.0130,0.0130,0.0130,0.0130,0.0130,0.0131,0.0131,0.0131,0.0131,0.0141,0.0141,0.0141,0.0141,0.0141,0.0141,0.0141,0.0141,0.0141,0.0141,0.0141,0.0141,0.0142,0.0142,0.0142,0.0142,0.0142,0.0142,0.0142,0.0142,0.0142,0.0142,0.0142,0.0142,0.0142,0.0142,0.0142,0.0142,0.0142,0.0142,0.0142,0.0142,0.0142,0.0142,0.0142,0.0142,0.0142,0.0142,0.0142,0.0142,0.0142,0.0142,0.0142,0.0142,0.0142,0.0142,0.0142,0.0142,0.0142,0.0142,0.0142,0.0142,0.0142,0.0142,0.0142,0.0142,0.0142,0.0142,0.0142,0.0142,0.0142,0.0142,0.0142,0.0142,0.0142
45109.5416667,0.0043,0.0043,0.0043,0.0043,0.0043,0.0043,0.0044,0.0051,0.0051,0.0051,0.0051,0.0051,0.0051,0.0056,0.0057,0.0057,0.0057,0.0057,0.0057,0.0057,0.0057,0.0057,0.0057,0.0057,0.0057,0.0057,0.0057,0.0057,0.0058,0.0058,0.0058,0.0058,0.0058,0.0058,0.0058,0.0058,0.0058,0.0058,0.0058,0.0062,0.0062,0.0062,0.0063,0.0063,0.0063,0.0063,0.0063,0.0067,0.0067,0.0067,0.0067,0.0067,0.0067,0.0068,0.0068,0.0068,0.0068,0.0068,0.0068,0.0068,0.0068,0.0068,0.0068,0.0068,0.0068,0.0068,0.0069,0.0070,0.0070,0.0071,0.0071,0.0071,0.0071,0.0071,0.0071,0.0071,0.0071,0.0072,0.0072,0.0072,0.0073,0.0073,0.0073,0.0074,0.0074,0.0074,0.0074,0.0074,0.0074,0.0074,0.0074,0.0075,0.0075,0.0075,0.0075,0.0075,0.0075,0.0075,0.0075,0.0075,0.0075,0.0075,0.0109,0.0109,0.0109,0.0109,0.0109,0.0114,0.0114,0.0114,0.0114,0.0114,0.0115,0.0115,0.0115,0.0116,0.0116,0.0116,0.0116,0.0116,0.0116,0.0116,0.0117,0.0117,0.0117,0.0117,0.0117,0.0117,0.0117,0.0117,0.0117,0.0117,0.0117,0.0117,0.0118,0.0118,0.0118,0.0118,0.0119,0.0119,0.0119,0.0119,0.0119,0.0119,0.0119,0.0119,0.0119,0.0119,0.0119,0.0119,0.0119,0.0119,0.0119,0.0119,0.0119,0.0119,0.0120,0.0120,0.0125,0.0125,0.0125,0.0127,0.0130,0.0130,0.0130,0.0131,0.0131,0.0131,0.0131,0.0131,0.0131,0.0141,0.0141,0.0141,0.0141,0.0141,0.0141,0.0141,0.0141,0.0141,0.0141,0.0141,0.0141,0.0142,0.0142,0.0142,0.0142,0.0142,0.0142,0.0142,0.0142,0.0142,0.0142,0.0142,0.0142,0.0142,0.0142,0.0142,0.0142,0.0142,0.0142,0.0142,0.0142,0.0142,0.0142,0.0142,0.0142,0.0142,0.0142,0.0142,0.0142,0.0142,0.0142,0.0142,0.0142,0.0142,0.0142,0.0142,0.0142,0.0142,0.0142,0.0142,0.0142,0.0142,0.0142,0.0142,0.0142,0.0142,0.0142,0.0142,0.0142,0.0142,0.0142,0.0142,0.0142,0.0142
45109.5833333,0.0043,0.0043,0.0043,0.0043,0.0043,0.0043,0.0044,0.0051,0.0051,0.0051,0.0051,0.0051,0.0051,0.0056,0.0057,0.0057,0.0057,0.0057,0.0057,0.0057,0.0057,0.0057,0.0057,0.0057,0.0057,0.0057,0.0057,0.0057,0.0058,0.0058,0.0058,0.0058,0.0058,0.0058,0.0058,0.0058,0.0058,0.0058,0.0058,0.0062,0.0062,0.0062,0.0063,0.0063,0.0063,0.0063,0.0063,0.0067,0.0067,0.0067,0.0067,0.0067,0.0067,0.0068,0.0068,0.0068,0.0068,0.0068,0.0068,0.0068,0.0068,0.0068,0.0068,0.0068,0.0068,0.0068,0.0069,0.0070,0.0070,0.0071,0.0071,0.0071,0.0071,0.0071,0.0071,0.0071,0.0071,0.0072,0.0072,0.0072,0.0073,0.0073,0.0073,0.0074,0.0074,0.0074,0.0074,0.0074,0.0074,0.0074,0.0074,0.0075,0.0075,0.0075,0.0075,0.0075,0.0075,0.0075,0.0075,0.0075,0.0075,0.0075,0.0109,0.0109,0.0109,0.0109,0.0109,0.0114,0.0114,0.0114,0.0114,0.0114,0.0115,0.0115,0.0115,0.0116,0.0116,0.0116,0.0116,0.0116,0.0116,0.0116,0.0117,0.0117,0.0117,0.0117,0.0117,0.0117,0.0117,0.0117,0.0117,0.0117,0.0117,0.0117,0.0118,0.0118,0.0118,0.0118,0.0119,0.0119,0.0119,0.0119,0.0119,0.0119,0.0119,0.0119,0.0119,0.0119,0.0119,0.0119,0.0119,0.0119,0.0119,0.0119,0.0119,0.0119,0.0120,0.0120,0.0126,0.0126,0.0126,0.0127,0.0130,0.0130,0.0131,0.0131,0.0131,0.0131,0.0131,0.0131,0.0131,0.0141,0.0141,0.0141,0.0141,0.0141,0.0141,0.0141,0.0141,0.0141,0.0141,0.0141,0.0141,0.0142,0.0142,0.0142,0.0142,0.0142,0.0142,0.0142,0.0142,0.0142,0.0142,0.0142,0.0142,0.0142,0.0142,0.0142,0.0142,0.0142,0.0142,0.0142,0.0142,0.0142,0.0142,0.0142,0.0142,0.0142,0.0142,0.0142,0.0142,0.0142,0.0142,0.0142,0.0142,0.0142,0.0142,0.0142,0.0142,0.0142,0.0142,0.0142,0.0142,0.0142,0.0142,0.0142,0.0142,0.0142,0.0142,0.0142,0.0142,0.0142,0.0142,0.0142,0.0142,0.0142
45109.6250000,0.0043,0.0043,0.0043,0.0043,0.0043,0.0043,0.0044,0.0051,0.0051,0.0051,0.0051,0.0051,0.0051,0.0056,0.0057,0.0057,0.0057,0.0057,0.0057,0.0057,0.0057,0.0057,0.0057,0.0057,0.0057,0.0057,0.0057,0.0057,0.0058,0.0058,0.0058,0.0058,0.0058,0.0058,0.0058,0.0058,0.0058,0.0058,0.0058,0.0062,0.0062,0.0062,0.0063,0.0063,0.0063,0.0063,0.0063,0.0067,0.0067,0.0067,0.0067,0.0067,0.0067,0.0068,0.0068,0.0068,0.0068,0.0068,0.0068,0.0068,0.0068,0.0068,0.0068,0.0068,0.0068,0.0068,0.0069,0.0070,0.0070,0.0071,0.0071,0.0071,0.0071,0.0071,0.0071,0.0071,0.0071,0.0072,0.0072,0.0072,0.0073,0.0073,0.0073,0.0074,0.0074,0.0074,0.0074,0.0074,0.0074,0.0074,0.0074,0.0075,0.0075,0.0075,0.0075,0.0075,0.0075,0.0075,0.0075,0.0075,0.0075,0.0075,0.0109,0.0109,0.0109,0.0109,0.0109,0.0114,0.0114,0.0114,0.0114,0.0114,0.0115,0.0115,0.0115,0.0116,0.0116,0.0116,0.0116,0.0116,0.0116,0.0116,0.0117,0.0117,0.0117,0.0117,0.0117,0.0117,0.0117,0.0117,0.0117,0.0117,0.0117,0.0117,0.0118,0.0118,0.0118,0.0118,0.0119,0.0119,0.0119,0.0119,0.0119,0.0119,0.0119,0.0119,0.0119,0.0119,0.0119,0.0119,0.0119,0.0119,0.0119,0.0119,0.0119,0.0119,0.0120,0.0120,0.0126,0.0126,0.0126,0.0127,0.0130,0.0130,0.0131,0.0131,0.0131,0.0131,0.0131,0.0131,0.0131,0.0141,0.0141,0.0141,0.0141,0.0141,0.0141,0.0141,0.0141,0.0141,0.0141,0.0141,0.0142,0.0142,0.0142,0.0142,0.0142,0.0142,0.0142,0.0142,0.0142,0.0142,0.0142,0.0142,0.0142,0.0142,0.0142,0.0142,0.0142,0.0142,0.0142,0.0142,0.0142,0.0142,0.0142,0.0142,0.0142,0.0142,0.0142,0.0142,0.0142,0.0142,0.0142,0.0142,0.0142,0.0142,0.0142,0.0142,0.0142,0.0142,0.0142,0.0142,0.0142,0.0142,0.0142,0.0142,0.0142,0.0142,0.0142,0.0142,0.0142,0.0142,0.0142,0.0142,0.0142,0.0142
45109.6666667,0.0043,0.0043,0.0043,0.0043,0.0043,0.0043,0.0044,0.0051,0.0051,0.0051,0.0051,0.0051,0.0051,0.0056,0.0057,0.0057,0.0057,0.0057,0.0057,0.0057,0.0057,0.0057,0.0057,0.0057,0.0057,0.0057,0.0057,0.0057,0.0058,0.0058,0.0058,0.0058,0.0058,0.0058,0.0058,0.0058,0.0058,0.0058,0.0058,0.0062,0.0062,0.0062,0.0063,0.0063,0.0063,0.0063,0.0063,0.0067,0.0067,0.0067,0.0067,0.0067,0.0067,0.0068,0.0068,0.0068,0.0068,0.0068,0.0068,0.0068,0.0068,0.0068,0.0068,0.0068,0.0068,0.0068,0.0069,0.0070,0.0070,0.0071,0.0071,0.0071,0.0071,0.0071,0.0071,0.0071,0.0071,0.0072,0.0072,0.0072,0.0073,0.0073,0.0073,0.0074,0.0074,0.0074,0.0074,0.0074,0.0074,0.0074,0.0074,0.0075,0.0075,0.0075,0.0075,0.0075,0.0075,0.0075,0.0075,0.0075,0.0075,0.0075,0.0109,0.0109,0.0109,0.0109,0.0109,0.0114,0.0114,0.0114,0.0114,0.0114,0.0115,0.0115,0.0115,0.0116,0.0116,0.0116,0.0116,0.0116,0.0116,0.0116,0.0117,0.0117,0.0117,0.0117,0.0117,0.0117,0.0117,0.0117,0.0117,0.0117,0.0117,0.0117,0.0118,0.0118,0.0118,0.0118,0.0119,0.0119,0.0119,0.0119,0.0119,0.0119,0.0119,0.0119,0.0119,0.0119,0.0119,0.0119,0.0119,0.0119,0.0119,0.0119,0.0119,0.0119,0.0120,0.0120,0.0126,0.0126,0.0126,0.0127,0.0130,0.0130,0.0131,0.0131,0.0131,0.0131,0.0131,0.0131,0.0131,0.0141,0.0141,0.0141,0.0141,0.0141,0.0141,0.0142,0.0142,0.0142,0.0142,0.0142,0.0142,0.0142,0.0142,0.0142,0.0142,0.0142,0.0142,0.0142,0.0142,0.0142,0.0142,0.0142,0.0142,0.0142,0.0142,0.0142,0.0142,0.0142,0.0142,0.0142,0.0142,0.0142,0.0142,0.0142,0.0142,0.0142,0.0142,0.0142,0.0142,0.0142,0.0142,0.0142,0.0142,0.0142,0.0142,0.0142,0.0142,0.0142,0.0142,0.0142,0.0142,0.0142,0.0142,0.0142,0.0142,0.0142,0.0142,0.0142,0.0142,0.0142,0.0142,0.0142,0.0142,0.0142
45109.7083333,0.0043,0.0043,0.0043,0.0043,0.0043,0.0043,0.0044,0.0051,0.0051,0.0051,0.0051,0.0051,0.0051,0.0056,0.0057,0.0057,0.0057,0.0057,0.0057,0.0057,0.0057,0.0057,0.0057,0.0057,0.0057,0.0057,0.0057,0.0057,0.0058,0.0058,0.0058,0.0058,0.0058,0.0058,0.0058,0.0058,0.0058,0.0058,0.0058,0.0062,0.0062,0.0062,0.0063,0.0063,0.0063,0.0063,0.0063,0.0067,0.0067,0.0067,0.0067,0.0067,0.0067,0.0068,0.0068,0.0068,0.0068,0.0068,0.0068,0.0068,0.0068,0.0068,0.0068,0.0068,0.0068,0.0068,0.0069,0.0070,0.0070,0.0071,0.0071,0.0071,0.0071,0.0071,0.0071,0.0071,0.0071,0.0072,0.0072,0.0072,0.0073,0.0073,0.0073,0.0074,0.0074,0.0074,0.0074,0.0074,0.0074,0.0074,0.0074,0.0075,0.0075,0.0075,0.0075,0.0075,0.0075,0.0075,0.0075,0.0075,0.0075,0.0075,0.0109,0.0109,0.0109,0.0109,0.0109,0.0114,0.0114,0.0114,0.0114,0.0114,0.0115,0.0115,0.0115,0.0116,0.0116,0.0116,0.0116,0.0116,0.0116,0.0116,0.0117,0.0117,0.0117,0.0117,0.0117,0.0117,0.0117,0.0117,0.0117,0.0117,0.0117,0.0117,0.0118,0.0118,0.0118,0.0118,0.0119,0.0119,0.0119,0.0119,0.0119,0.0119,0.0119,0.0119,0.0119,0.0119,0.0119,0.0119,0.0119,0.0119,0.0119,0.0119,0.0119,0.0119,0.0120,0.0120,0.0126,0.0126,0.0126,0.0127,0.0130,0.0130,0.0131,0.0131,0.0131,0.0131,0.0131,0.0131,0.0131,0.0141,0.0141,0.0141,0.0141,0.0141,0.0141,0.0142,0.0142,0.0142,0.0142,0.0142,0.0142,0.0142,0.0142,0.0142,0.0142,0.0142,0.0142,0.0142,0.0142,0.0142,0.0142,0.0142,0.0142,0.0142,0.0142,0.0142,0.0142,0.0142,0.0142,0.0142,0.0142,0.0142,0.0142,0.0142,0.0142,0.0142,0.0142,0.0142,0.0142,0.0142,0.0142,0.0142,0.0142,0.0142,0.0142,0.0142,0.0142,0.0142,0.0142,0.0142,0.0142,0.0142,0.0142,0.0142,0.0142,0.0142,0.0142,0.0142,0.0142,0.0142,0.0142,0.0142,0.0142,0.0142
45109.7500000,0.0043,0.0043,0.0043,0.0043,0.0043,0.0043,0.0044,0.0051,0.0051,0.0051,0.0051,0.0051,0.0051,0.0056,0.0057,0.0057,0.0057,0.0057,0.0057,0.0057,0.0057,0.0057,0.0057,0.0057,0.0057,0.0057,0.0057,0.0057,0.0058,0.0058,0.0058,0.0058,0.0058,0.0058,0.0058,0.0058,0.0058,0.0058,0.0058,0.0062,0.0062,0.0062,0.0063,0.0063,0.0063,0.0063,0.0063,0.0067,0.0067,0.0067,0.0067,0.0067,0.0067,0.0068,0.0068,0.0068,0.0068,0.0068,0.0068,0.0068,0.0068,0.0068,0.0068,0.0068,0.0068,0.0068,0.0069,0.0070,0.0070,0.0071,0.0071,0.0071,0.0071,0.0071,0.0071,0.0071,0.0071,0.0072,0.0072,0.0072,0.0073,0.0073,0.0073,0.0074,0.0074,0.0074,0.0074,0.0074,0.0074,0.0074,0.0074,0.0075,0.0075,0.0075,0.0075,0.0075,0.0075,0.0075,0.0075,0.0075,0.0075,0.0075,0.0109,0.0109,0.0109,0.0109,0.0109,0.0114,0.0114,0.0114,0.0114,0.0114,0.0115,0.0115,0.0115,0.0116,0.0116,0.0116,0.0116,0.0116,0.0116,0.0116,0.0117,0.0117,0.0117,0.0117,0.0117,0.0117,0.0117,0.0117,0.0117,0.0117,0.0117,0.0117,0.0118,0.0118,0.0118,0.0118,0.0119,0.0119,0.0119,0.0119,0.0119,0.0119,0.0119,0.0119,0.0119,0.0119,0.0119,0.0119,0.0119,0.0119,0.0119,0.0119,0.0119,0.0119,0.0120,0.0120,0.0126,0.0126,0.0126,0.0127,0.0130,0.0130,0.0131,0.0131,0.0131,0.0131,0.0131,0.0131,0.0131,0.0141,0.0141,0.0141,0.0141,0.0141,0.0141,0.0142,0.0142,0.0142,0.0142,0.0142,0.0142,0.0142,0.0142,0.0142,0.0142,0.0142,0.0142,0.0142,0.0142,0.0142,0.0142,0.0142,0.0142,0.0142,0.0142,0.0142,0.0142,0.0142,0.0142,0.0142,0.0142,0.0142,0.0142,0.0142,0.0142,0.0142,0.0142,0.0142,0.0142,0.0142,0.0142,0.0142,0.0142,0.0142,0.0142,0.0142,0.0142,0.0142,0.0142,0.0142,0.0142,0.0142,0.0142,0.0142,0.0142,0.0142,0.0142,0.0142,0.0142,0.0143,0.0143,0.0143,0.0143,0.0143
45109.7916667,0.0043,0.0043,0.0043,0.0043,0.0043,0.0043,0.0044,0.0051,0.0051,0.0051,0.0051,0.0051,0.0051,0.0056,0.0057,0.0057,0.0057,0.0057,0.0057,0.0057,0.0057,0.0057,0.0057,0.0057,0.0057,0.0057,0.0057,0.0057,0.0058,0.0058,0.0058,0.0058,0.0058,0.0058,0.0058,0.0058,0.0058,0.0058,0.0058,0.0062,0.0062,0.0062,0.0063,0.0063,0.0063,0.0063,0.0063,0.0067,0.0067,0.0067,0.0067,0.0067,0.0067,0.0068,0.0068,0.0068,0.0068,0.0068,0.0068,0.0068,0.0068,0.0068,0.0068,0.0068,0.0068,0.0068,0.0069,0.0070,0.0070,0.0071,0.0071,0.0071,0.0071,0.0071,0.0071,0.0071,0.0071,0.0072,0.0072,0.0072,0.0073,0.0073,0.0073,0.0074,0.0074,0.0074,0.0074,0.0074,0.0074,0.0074,0.0074,0.0075,0.0075,0.0075,0.0075,0.0075,0.0075,0.0075,0.0075,0.0075,0.0075,0.0075,0.0109,0.0109,0.0109,0.0109,0.0109,0.0114,0.0114,0.0114,0.0114,0.0114,0.0115,0.0115,0.0115,0.0116,0.0116,0.0116,0.0116,0.0116,0.0116,0.0116,0.0117,0.0117,0.0117,0.0117,0.0117,0.0117,0.0117,0.0117,0.0117,0.0117,0.0117,0.0117,0.0118,0.0118,0.0118,0.0118,0.0119,0.0119,0.0119,0.0119,0.0119,0.0119,0.0119,0.0119,0.0119,0.0119,0.0119,0.0119,0.0119,0.0119,0.0119,0.0119,0.0119,0.0119,0.0120,0.0120,0.0126,0.0126,0.0126,0.0127,0.0130,0.0130,0.0131,0.0131,0.0131,0.0131,0.0131,0.0131,0.0131,0.0141,0.0141,0.0141,0.0141,0.0141,0.0141,0.0142,0.0142,0.0142,0.0142,0.0142,0.0142,0.0142,0.0142,0.0142,0.0142,0.0142,0.0142,0.0142,0.0142,0.0142,0.0142,0.0142,0.0142,0.0142,0.0142,0.0142,0.0142,0.0142,0.0142,0.0142,0.0142,0.0142,0.0142,0.0142,0.0142,0.0142,0.0142,0.0142,0.0142,0.0142,0.0142,0.0142,0.0142,0.0142,0.0142,0.0142,0.0142,0.0142,0.0142,0.0142,0.0142,0.0142,0.0142,0.0142,0.0142,0.0142,0.0142,0.0143,0.0143,0.0143,0.0143,0.0143,0.0143,0.0143
45109.8333333,0.0043,0.0043,0.0043,0.0043,0.0043,0.0043,0.0044,0.0051,0.0051,0.0051,0.0051,0.0051,0.0051,0.0056,0.0057,0.0057,0.0057,0.0057,0.0057,0.0057,0.0057,0.0057,0.0057,0.0057,0.0057,0.0057,0.0057,0.0057,0.0058,0.0058,0.0058,0.0058,0.0058,0.0058,0.0058,0.0058,0.0058,0.0058,0.0058,0.0062,0.0062,0.0062,0.0063,0.0063,0.0063,0.0063,0.0063,0.0067,0.0067,0.0067,0.0067,0.0067,0.0067,0.0068,0.0068,0.0068,0.0068,0.0068,0.0068,0.0068,0.0068,0.0068,0.0068,0.0068,0.0068,0.0068,0.0069,0.0070,0.0070,0.0071,0.0071,0.0071,0.0071,0.0071,0.0071,0.0071,0.0071,0.0072,0.0072,0.0072,0.0073,0.0073,0.0073,0.0074,0.0074,0.0074,0.0074,0.0074,0.0074,0.0074,0.0074,0.0075,0.0075,0.0075,0.0075,0.0075,0.0075,0.0075,0.0075,0.0075,0.0075,0.0075,0.0109,0.0109,0.0109,0.0109,0.0109,0.0114,0.0114,0.0114,0.0114,0.0114,0.0115,0.0115,0.0115,0.0116,0.0116,0.0116,0.0116,0.0116,0.0116,0.0116,0.0117,0.0117,0.0117,0.0117,0.0117,0.0117,0.0117,0.0117,0.0117,0.0117,0.0117,0.0117,0.0118,0.0118,0.0118,0.0118,0.0119,0.0119,0.0119,0.0119,0.0119,0.0119,0.0119,0.0119,0.0119,0.0119,0.0119,0.0119,0.0119,0.0119,0.0119,0.0119,0.0119,0.0119,0.0120,0.0120,0.0126,0.0126,0.0126,0.0127,0.0130,0.0130,0.0131,0.0131,0.0131,0.0131,0.0131,0.0131,0.0131,0.0141,0.0141,0.0141,0.0141,0.0141,0.0141,0.0142,0.0142,0.0142,0.0142,0.0142,0.0142,0.0142,0.0142,0.0142,0.0142,0.0142,0.0142,0.0142,0.0142,0.0142,0.0142,0.0142,0.0142,0.0142,0.0142,0.0142,0.0142,0.0142,0.0142,0.0142,0.0142,0.0142,0.0142,0.0142,0.0142,0.0142,0.0142,0.0142,0.0142,0.0142,0.0142,0.0142,0.0142,0.0142,0.0142,0.0142,0.0142,0.0142,0.0142,0.0142,0.0142,0.0142,0.0142,0.0142,0.0142,0.0142,0.0143,0.0143,0.0143,0.0143,0.0143,0.0143,0.0143,0.0143
45109.8750000,0.0043,0.0043,0.0043,0.0043,0.0043,0.0043,0.0044,0.0051,0.0051,0.0051,0.0051,0.0051,0.0051,0.0056,0.0057,0.0057,0.0057,0.0057,0.0057,0.0057,0.0057,0.0057,0.0057,0.0057,0.0057,0.0057,0.0057,0.0057,0.0058,0.0058,0.0058,0.0058,0.0058,0.0058,0.0058,0.0058,0.0058,0.0058,0.0058,0.0062,0.0062,0.0062,0.0063,0.0063,0.0063,0.0063,0.0063,0.0067,0.0067,0.0067,0.0067,0.0067,0.0067,0.0068,0.0068,0.0068,0.0068,0.0068,0.0068,0.0068,0.0068,0.0068,0.0068,0.0068,0.0068,0.0068,0.0069,0.0070,0.0070,0.0071,0.0071,0.0071,0.0071,0.0071,0.0071,0.0071,0.0071,0.0072,0.0072,0.0072,0.0073,0.0073,0.0073,0.0074,0.0074,0.0074,0.0074,0.0074,0.0074,0.0074,0.0074,0.0075,0.0075,0.0075,0.0075,0.0075,0.0075,0.0075,0.0075,0.0075,0.0075,0.0075,0.0109,0.0109,0.0109,0.0109,0.0109,0.0114,0.0114,0.0114,0.0114,0.0114,0.0115,0.0115,0.0115,0.0116,0.0116,0.0116,0.0116,0.0116,0.0116,0.0116,0.0117,0.0117,0.0117,0.0117,0.0117,0.0117,0.0117,0.0117,0.0117,0.0117,0.0117,0.0117,0.0118,0.0118,0.0118,0.0118,0.0119,0.0119,0.0119,0.0119,0.0119,0.0119,0.0119,0.0119,0.0119,0.0119,0.0119,0.0119,0.0119,0.0119,0.0119,0.0119,0.0119,0.0119,0.0120,0.0120,0.0126,0.0126,0.0126,0.0127,0.0130,0.0130,0.0131,0.0131,0.0131,0.0131,0.0131,0.0131,0.0131,0.0141,0.0141,0.0141,0.0141,0.0141,0.0141,0.0142,0.0142,0.0142,0.0142,0.0142,0.0142,0.0142,0.0142,0.0142,0.0142,0.0142,0.0142,0.0142,0.0142,0.0142,0.0142,0.0142,0.0142,0.0142,0.0142,0.0142,0.0142,0.0142,0.0142,0.0142,0.0142,0.0142,0.0142,0.0142,0.0142,0.0142,0.0142,0.0142,0.0142,0.0142,0.0142,0.0142,0.0142,0.0142,0.0142,0.0142,0.0142,0.0142,0.0142,0.0142,0.0142,0.0142,0.0142,0.0142,0.0142,0.0142,0.0143,0.0143,0.0143,0.0143,0.0143,0.0143,0.0143,0.0143
45109.9166667,0.0043,0.0043,0.0043,0.0043,0.0043,0.0043,0.0044,0.0051,0.0051,0.0051,0.0051,0.0051,0.0051,0.0056,0.0057,0.0057,0.0057,0.0057,0.0057,0.0057,0.0057,0.0057,0.0057,0.0057,0.0057,0.0057,0.0057,0.0057,0.0058,0.0058,0.0058,0.0058,0.0058,0.0058,0.0058,0.0058,0.0058,0.0058,0.0058,0.0062,0.0062,0.0062,0.0063,0.0063,0.0063,0.0063,0.0063,0.0067,0.0067,0.0067,0.0067,0.0067,0.0067,0.0068,0.0068,0.0068,0.0068,0.0068,0.0068,0.0068,0.0068,0.0068,0.0068,0.0068,0.0068,0.0068,0.0069,0.0070,0.0070,0.0071,0.0071,0.0071,0.0071,0.0071,0.0071,0.0071,0.0071,0.0072,0.0072,0.0072,0.0073,0.0073,0.0073,0.0074,0.0074,0.0074,0.0074,0.0074,0.0074,0.0074,0.0074,0.0075,0.0075,0.0075,0.0075,0.0075,0.0075,0.0075,0.0075,0.0075,0.0075,0.0075,0.0109,0.0109,0.0109,0.0109,0.0109,0.0114,0.0114,0.0114,0.0114,0.0114,0.0115,0.0115,0.0115,0.0116,0.0116,0.0116,0.0116,0.0116,0.0116,0.0116,0.0117,0.0117,0.0117,0.0117,0.0117,0.0117,0.0117,0.0117,0.0117,0.0117,0.0117,0.0117,0.0118,0.0118,0.0118,0.0118,0.0119,0.0119,0.0119,0.0119,0.0119,0.0119,0.0119,0.0119,0.0119,0.0119,0.0119,0.0119,0.0119,0.0119,0.0119,0.0119,0.0119,0.0119,0.0120,0.0120,0.0126,0.0126,0.0126,0.0127,0.0130,0.0130,0.0131,0.0131,0.0131,0.0131,0.0131,0.0131,0.0131,0.0141,0.0141,0.0141,0.0141,0.0141,0.0141,0.0142,0.0142,0.0142,0.0142,0.0142,0.0142,0.0142,0.0142,0.0142,0.0142,0.0142,0.0142,0.0142,0.0142,0.0142,0.0142,0.0142,0.0142,0.0142,0.0142,0.0142,0.0142,0.0142,0.0142,0.0142,0.0142,0.0142,0.0142,0.0142,0.0142,0.0142,0.0142,0.0142,0.0142,0.0142,0.0142,0.0142,0.0142,0.0142,0.0142,0.0142,0.0142,0.0142,0.0142,0.0142,0.0142,0.0142,0.0142,0.0142,0.0142,0.0142,0.0143,0.0143,0.0143,0.0143,0.0143,0.0143,0.0143,0.0143
45109.9583333,0.0043,0.0043,0.0043,0.0043,0.0043,0.0043,0.0044,0.0051,0.0051,0.0051,0.0051,0.0051,0.0051,0.0056,0.0057,0.0057,0.0057,0.0057,0.0057,0.0057,0.0057,0.0057,0.0057,0.0057,0.0057,0.0057,0.0057,0.0057,0.0058,0.0058,0.0058,0.0058,0.0058,0.0058,0.0058,0.0058,0.0058,0.0058,0.0058,0.0062,0.0062,0.0062,0.0063,0.0063,0.0063,0.0063,0.0063,0.0067,0.0067,0.0067,0.0067,0.0067,0.0067,0.0068,0.0068,0.0068,0.0068,0.0068,0.0068,0.0068,0.0068,0.0068,0.0068,0.0068,0.0068,0.0068,0.0069,0.0070,0.0070,0.0071,0.0071,0.0071,0.0071,0.0071,0.0071,0.0071,0.0071,0.0072,0.0072,0.0072,0.0073,0.0073,0.0073,0.0074,0.0074,0.0074,0.0074,0.0074,0.0074,0.0074,0.0074,0.0075,0.0075,0.0075,0.0075,0.0075,0.0075,0.0075,0.0075,0.0075,0.0075,0.0075,0.0109,0.0109,0.0109,0.0109,0.0109,0.0114,0.0114,0.0114,0.0114,0.0114,0.0115,0.0115,0.0115,0.0116,0.0116,0.0116,0.0116,0.0116,0.0116,0.0116,0.0117,0.0117,0.0117,0.0117,0.0117,0.0117,0.0117,0.0117,0.0117,0.0117,0.0117,0.0117,0.0118,0.0118,0.0118,0.0118,0.0119,0.0119,0.0119,0.0119,0.0119,0.0119,0.0119,0.0119,0.0119,0.0119,0.0119,0.0119,0.0119,0.0119,0.0119,0.0119,0.0119,0.0119,0.0120,0.0120,0.0126,0.0126,0.0126,0.0127,0.0130,0.0130,0.0131,0.0131,0.0131,0.0131,0.0131,0.0131,0.0131,0.0141,0.0141,0.0141,0.0141,0.0141,0.0141,0.0142,0.0142,0.0142,0.0142,0.0142,0.0142,0.0142,0.0142,0.0142,0.0142,0.0142,0.0142,0.0142,0.0142,0.0142,0.0142,0.0142,0.0142,0.0142,0.0142,0.0142,0.0142,0.0142,0.0142,0.0142,0.0142,0.0142,0.0142,0.0142,0.0142,0.0142,0.0142,0.0142,0.0142,0.0142,0.0142,0.0142,0.0142,0.0142,0.0142,0.0142,0.0142,0.0142,0.0142,0.0142,0.0142,0.0142,0.0142,0.0142,0.0142,0.0142,0.0143,0.0143,0.0143,0.0143,0.0143,0.0143,0.0143,0.0143
45110.0000000,0.0042,0.0042,0.0042,0.0043,0.0043,0.0043,0.0043,0.0050,0.0050,0.0050,0.0051,0.0051,0.0051,0.0056,0.0056,0.0056,0.0056,0.0057,0.0057,0.0057,0.0057,0.0057,0.0057,0.0057,0.0057,0.0057,0.0057,0.0057,0.0058,0.0058,0.0058,0.0058,0.0058,0.0058,0.0058,0.0058,0.0058,0.0058,0.0058,0.0062,0.0062,0.0062,0.0063,0.0063,0.0063,0.0063,0.0063,0.0066,0.0066,0.0066,0.0067,0.0067,0.0067,0.0068,0.0068,0.0068,0.0068,0.0068,0.0068,0.0068,0.0068,0.0068,0.0068,0.0068,0.0068,0.0068,0.0069,0.0070,0.0070,0.0071,0.0071,0.0071,0.0071,0.0071,0.0071,0.0071,0.0071,0.0072,0.0072,0.0072,0.0073,0.0073,0.0073,0.0074,0.0074,0.0074,0.0074,0.0074,0.0074,0.0074,0.0074,0.0075,0.0075,0.0075,0.0075,0.0075,0.0075,0.0075,0.0075,0.0075,0.0075,0.0075,0.0108,0.0108,0.0109,0.0109,0.0109,0.0113,0.0113,0.0114,0.0114,0.0114,0.0115,0.0115,0.0115,0.0115,0.0116,0.0116,0.0116,0.0116,0.0116,0.0116,0.0117,0.0117,0.0117,0.0117,0.0117,0.0117,0.0117,0.0117,0.0117,0.0117,0.0117,0.0117,0.0118,0.0118,0.0118,0.0118,0.0119,0.0119,0.0119,0.0119,0.0119,0.0119,0.0119,0.0119,0.0119,0.0119,0.0119,0.0119,0.0119,0.0119,0.0119,0.0119,0.0119,0.0119,0.0120,0.0120,0.0125,0.0125,0.0125,0.0127,0.0130,0.0130,0.0130,0.0131,0.0131,0.0131,0.0131,0.0131,0.0131,0.0141,0.0141,0.0141,0.0141,0.0141,0.0141,0.0141,0.0141,0.0141,0.0141,0.0142,0.0142,0.0142,0.0142,0.0142,0.0142,0.0142,0.0142,0.0142,0.0142,0.0142,0.0142,0.0142,0.0142,0.0142,0.0142,0.0142,0.0142,0.0142,0.0142,0.0142,0.0142,0.0142,0.0142,0.0142,0.0142,0.0142,0.0142,0.0142,0.0142,0.0142,0.0142,0.0142,0.0142,0.0142,0.0142,0.0142,0.0142,0.0142,0.0142,0.0142,0.0142,0.0142,0.0142,0.0142,0.0142,0.0142,0.0143,0.0143,0.0143,0.0143,0.0143,0.0143,0.0143,0.0143
45110.0416667,0.0042,0.0042,0.0042,0.0042,0.0042,0.0042,0.0043,0.0050,0.0050,0.0050,0.0050,0.0050,0.0050,0.0055,0.0055,0.0055,0.0055,0.0056,0.0056,0.0056,0.0056,0.0056,0.0057,0.0057,0.0057,0.0057,0.0057,0.0057,0.0058,0.0058,0.0058,0.0058,0.0058,0.0058,0.0058,0.0058,0.0058,0.0058,0.0058,0.0062,0.0062,0.0062,0.0062,0.0063,0.0063,0.0063,0.0063,0.0066,0.0066,0.0066,0.0067,0.0067,0.0067,0.0067,0.0068,0.0068,0.0068,0.0068,0.0068,0.0068,0.0068,0.0068,0.0068,0.0068,0.0068,0.0068,0.0068,0.0070,0.0070,0.0070,0.0071,0.0071,0.0071,0.0071,0.0071,0.0071,0.0071,0.0072,0.0072,0.0072,0.0073,0.0073,0.0073,0.0074,0.0074,0.0074,0.0074,0.0074,0.0074,0.0074,0.0074,0.0075,0.0075,0.0075,0.0075,0.0075,0.0075,0.0075,0.0075,0.0075,0.0075,0.0075,0.0108,0.0108,0.0108,0.0108,0.0108,0.0113,0.0113,0.0113,0.0113,0.0113,0.0114,0.0114,0.0115,0.0115,0.0115,0.0115,0.0115,0.0115,0.0115,0.0115,0.0116,0.0116,0.0116,0.0117,0.0117,0.0117,0.0117,0.0117,0.0117,0.0117,0.0117,0.0117,0.0118,0.0118,0.0118,0.0118,0.0119,0.0119,0.0119,0.0119,0.0119,0.0119,0.0119,0.0119,0.0119,0.0119,0.0119,0.0119,0.0119,0.0119,0.0119,0.0119,0.0119,0.0119,0.0120,0.0120,0.0125,0.0125,0.0125,0.0127,0.0130,0.0130,0.0130,0.0131,0.0131,0.0131,0.0131,0.0131,0.0131,0.0141,0.0141,0.0141,0.0141,0.0141,0.0141,0.0141,0.0141,0.0141,0.0141,0.0141,0.0141,0.0142,0.0142,0.0142,0.0142,0.0142,0.0142,0.0142,0.0142,0.0142,0.0142,0.0142,0.0142,0.0142,0.0142,0.0142,0.0142,0.0142,0.0142,0.0142,0.0142,0.0142,0.0142,0.0142,0.0142,0.0142,0.0142,0.0142,0.0142,0.0142,0.0142,0.0142,0.0142,0.0142,0.0142,0.0142,0.0142,0.0142,0.0142,0.0142,0.0142,0.0142,0.0142,0.0142,0.0142,0.0142,0.0143,0.0143,0.0143,0.0143,0.0143,0.0143,0.0143,0.0143
45110.0833333,0.0042,0.0042,0.0042,0.0042,0.0042,0.0042,0.0043,0.0050,0.0050,0.0050,0.0050,0.0050,0.0050,0.0055,0.0055,0.0055,0.0055,0.0055,0.0055,0.0056,0.0056,0.0056,0.0056,0.0056,0.0056,0.0056,0.0056,0.0056,0.0057,0.0057,0.0057,0.0057,0.0057,0.0058,0.0058,0.0058,0.0058,0.0058,0.0058,0.0062,0.0062,0.0062,0.0062,0.0062,0.0063,0.0063,0.0063,0.0066,0.0066,0.0066,0.0067,0.0067,0.0067,0.0067,0.0067,0.0067,0.0068,0.0068,0.0068,0.0068,0.0068,0.0068,0.0068,0.0068,0.0068,0.0068,0.0068,0.0070,0.0070,0.0070,0.0070,0.0071,0.0071,0.0071,0.0071,0.0071,0.0071,0.0072,0.0072,0.0072,0.0072,0.0073,0.0073,0.0074,0.0074,0.0074,0.0074,0.0074,0.0074,0.0074,0.0074,0.0075,0.0075,0.0075,0.0075,0.0075,0.0075,0.0075,0.0075,0.0075,0.0075,0.0075,0.0108,0.0108,0.0108,0.0108,0.0108,0.0113,0.0113,0.0113,0.0113,0.0113,0.0114,0.0114,0.0114,0.0115,0.0115,0.0115,0.0115,0.0115,0.0115,0.0115,0.0116,0.0116,0.0116,0.0116,0.0116,0.0116,0.0117,0.0117,0.0117,0.0117,0.0117,0.0117,0.0118,0.0118,0.0118,0.0118,0.0118,0.0118,0.0119,0.0119,0.0119,0.0119,0.0119,0.0119,0.0119,0.0119,0.0119,0.0119,0.0119,0.0119,0.0119,0.0119,0.0119,0.0119,0.0120,0.0120,0.0125,0.0125,0.0125,0.0127,0.0130,0.0130,0.0130,0.0131,0.0131,0.0131,0.0131,0.0131,0.0131,0.0141,0.0141,0.0141,0.0141,0.0141,0.0141,0.0141,0.0141,0.0141,0.0141,0.0141,0.0141,0.0142,0.0142,0.0142,0.0142,0.0142,0.0142,0.0142,0.0142,0.0142,0.0142,0.0142,0.0142,0.0142,0.0142,0.0142,0.0142,0.0142,0.0142,0.0142,0.0142,0.0142,0.0142,0.0142,0.0142,0.0142,0.0142,0.0142,0.0142,0.0142,0.0142,0.0142,0.0142,0.0142,0.0142,0.0142,0.0142,0.0142,0.0142,0.0142,0.0142,0.0142,0.0142,0.0142,0.0142,0.0142,0.0142,0.0142,0.0142,0.0143,0.0143,0.0143,0.0143,0.0143
45110.1250000,0.0042,0.0042,0.0042,0.0042,0.0042,0.0042,0.0043,0.0050,0.0050,0.0050,0.0050,0.0050,0.0050,0.0055,0.0055,0.0055,0.0055,0.0055,0.0055,0.0056,0.0056,0.0056,0.0056,0.0056,0.0056,0.0056,0.0056,0.0056,0.0057,0.0057,0.0057,0.0057,0.0057,0.0057,0.0057,0.0057,0.0057,0.0057,0.0058,0.0062,0.0062,0.0062,0.0062,0.0062,0.0062,0.0062,0.0062,0.0066,0.0066,0.0066,0.0067,0.0067,0.0067,0.0067,0.0067,0.0067,0.0067,0.0067,0.0068,0.0068,0.0068,0.0068,0.0068,0.0068,0.0068,0.0068,0.0068,0.0070,0.0070,0.0070,0.0070,0.0070,0.0071,0.0071,0.0071,0.0071,0.0071,0.0072,0.0072,0.0072,0.0072,0.0073,0.0073,0.0074,0.0074,0.0074,0.0074,0.0074,0.0074,0.0074,0.0074,0.0075,0.0075,0.0075,0.0075,0.0075,0.0075,0.0075,0.0075,0.0075,0.0075,0.0075,0.0108,0.0108,0.0108,0.0108,0.0108,0.0113,0.0113,0.0113,0.0113,0.0113,0.0114,0.0114,0.0114,0.0115,0.0115,0.0115,0.0115,0.0115,0.0115,0.0115,0.0116,0.0116,0.0116,0.0116,0.0116,0.0116,0.0116,0.0116,0.0116,0.0116,0.0117,0.0117,0.0117,0.0117,0.0117,0.0117,0.0118,0.0118,0.0118,0.0118,0.0118,0.0118,0.0118,0.0119,0.0119,0.0119,0.0119,0.0119,0.0119,0.0119,0.0119,0.0119,0.0119,0.0119,0.0120,0.0120,0.0125,0.0125,0.0125,0.0127,0.0130,0.0130,0.0130,0.0130,0.0131,0.0131,0.0131,0.0131,0.0131,0.0141,0.0141,0.0141,0.0141,0.0141,0.0141,0.0141,0.0141,0.0141,0.0141,0.0141,0.0141,0.0141,0.0142,0.0142,0.0142,0.0142,0.0142,0.0142,0.0142,0.0142,0.0142,0.0142,0.0142,0.0142,0.0142,0.0142,0.0142,0.0142,0.0142,0.0142,0.0142,0.0142,0.0142,0.0142,0.0142,0.0142,0.0142,0.0142,0.0142,0.0142,0.0142,0.0142,0.0142,0.0142,0.0142,0.0142,0.0142,0.0142,0.0142,0.0142,0.0142,0.0142,0.0142,0.0142,0.0142,0.0142,0.0142,0.0142,0.0142,0.0142,0.0142,0.0142,0.0142,0.0142
45110.1666667,0.0042,0.0042,0.0042,0.0042,0.0042,0.0042,0.0043,0.0050,0.0050,0.0050,0.0050,0.0050,0.0050,0.0055,0.0055,0.0055,0.0055,0.0055,0.0055,0.0056,0.0056,0.0056,0.0056,0.0056,0.0056,0.0056,0.0056,0.0056,0.0057,0.0057,0.0057,0.0057,0.0057,0.0057,0.0057,0.0057,0.0057,0.0057,0.0057,0.0061,0.0061,0.0061,0.0061,0.0061,0.0061,0.0062,0.0062,0.0065,0.0065,0.0065,0.0066,0.0066,0.0066,0.0067,0.0067,0.0067,0.0067,0.0067,0.0068,0.0068,0.0068,0.0068,0.0068,0.0068,0.0068,0.0068,0.0068,0.0070,0.0070,0.0070,0.0070,0.0070,0.0070,0.0071,0.0071,0.0071,0.0071,0.0072,0.0072,0.0072,0.0072,0.0072,0.0073,0.0074,0.0074,0.0074,0.0074,0.0074,0.0074,0.0074,0.0074,0.0075,0.0075,0.0075,0.0075,0.0075,0.0075,0.0075,0.0075,0.0075,0.0075,0.0075,0.0108,0.0108,0.0108,0.0108,0.0108,0.0113,0.0113,0.0113,0.0113,0.0113,0.0114,0.0114,0.0114,0.0115,0.0115,0.0115,0.0115,0.0115,0.0115,0.0115,0.0116,0.0116,0.0116,0.0116,0.0116,0.0116,0.0116,0.0116,0.0116,0.0116,0.0116,0.0116,0.0117,0.0117,0.0117,0.0117,0.0118,0.0118,0.0118,0.0118,0.0118,0.0118,0.0118,0.0118,0.0118,0.0118,0.0118,0.0119,0.0119,0.0119,0.0119,0.0119,0.0119,0.0119,0.0119,0.0119,0.0125,0.0125,0.0125,0.0127,0.0130,0.0130,0.0130,0.0130,0.0130,0.0130,0.0131,0.0131,0.0131,0.0141,0.0141,0.0141,0.0141,0.0141,0.0141,0.0141,0.0141,0.0141,0.0141,0.0141,0.0141,0.0141,0.0142,0.0142,0.0142,0.0142,0.0142,0.0142,0.0142,0.0142,0.0142,0.0142,0.0142,0.0142,0.0142,0.0142,0.0142,0.0142,0.0142,0.0142,0.0142,0.0142,0.0142,0.0142,0.0142,0.0142,0.0142,0.0142,0.0142,0.0142,0.0142,0.0142,0.0142,0.0142,0.0142,0.0142,0.0142,0.0142,0.0142,0.0142,0.0142,0.0142,0.0142,0.0142,0.0142,0.0142,0.0142,0.0142,0.0142,0.0142,0.0142,0.0142,0.0142,0.0142
45110.2083333,0.0042,0.0042,0.0042,0.0042,0.0042,0.0042,0.0043,0.0050,0.0050,0.0050,0.0050,0.0050,0.0050,0.0055,0.0055,0.0055,0.0055,0.0055,0.0055,0.0056,0.0056,0.0056,0.0056,0.0056,0.0056,0.0056,0.0056,0.0056,0.0057,0.0057,0.0057,0.0057,0.0057,0.0057,0.0057,0.0057,0.0057,0.0057,0.0057,0.0061,0.0061,0.0061,0.0061,0.0061,0.0061,0.0061,0.0061,0.0065,0.0065,0.0065,0.0066,0.0066,0.0066,0.0066,0.0066,0.0066,0.0066,0.0066,0.0067,0.0067,0.0067,0.0067,0.0067,0.0067,0.0067,0.0067,0.0068,0.0070,0.0070,0.0070,0.0070,0.0070,0.0070,0.0071,0.0071,0.0071,0.0071,0.0072,0.0072,0.0072,0.0072,0.0072,0.0072,0.0073,0.0073,0.0074,0.0074,0.0074,0.0074,0.0074,0.0074,0.0075,0.0075,0.0075,0.0075,0.0075,0.0075,0.0075,0.0075,0.0075,0.0075,0.0075,0.0108,0.0108,0.0108,0.0108,0.0108,0.0113,0.0113,0.0113,0.0113,0.0113,0.0114,0.0114,0.0114,0.0115,0.0115,0.0115,0.0115,0.0115,0.0115,0.0115,0.0116,0.0116,0.0116,0.0116,0.0116,0.0116,0.0116,0.0116,0.0116,0.0116,0.0116,0.0116,0.0117,0.0117,0.0117,0.0117,0.0118,0.0118,0.0118,0.0118,0.0118,0.0118,0.0118,0.0118,0.0118,0.0118,0.0118,0.0118,0.0118,0.0118,0.0118,0.0119,0.0119,0.0119,0.0119,0.0119,0.0125,0.0125,0.0125,0.0127,0.0129,0.0129,0.0130,0.0130,0.0130,0.0130,0.0130,0.0130,0.0130,0.0140,0.0140,0.0141,0.0141,0.0141,0.0141,0.0141,0.0141,0.0141,0.0141,0.0141,0.0141,0.0141,0.0141,0.0141,0.0141,0.0141,0.0141,0.0142,0.0142,0.0142,0.0142,0.0142,0.0142,0.0142,0.0142,0.0142,0.0142,0.0142,0.0142,0.0142,0.0142,0.0142,0.0142,0.0142,0.0142,0.0142,0.0142,0.0142,0.0142,0.0142,0.0142,0.0142,0.0142,0.0142,0.0142,0.0142,0.0142,0.0142,0.0142,0.0142,0.0142,0.0142,0.0142,0.0142,0.0142,0.0142,0.0142,0.0142,0.0142,0.0142,0.0142,0.0142,0.0142,0.0142
45110.2500000,0.0042,0.0042,0.0042,0.0042,0.0042,0.0042,0.0043,0.0050,0.0050,0.0050,0.0050,0.0050,0.0050,0.0055,0.0055,0.0055,0.0055,0.0055,0.0055,0.0056,0.0056,0.0056,0.0056,0.0056,0.0056,0.0056,0.0056,0.0056,0.0057,0.0057,0.0057,0.0057,0.0057,0.0057,0.0057,0.0057,0.0057,0.0057,0.0057,0.0061,0.0061,0.0061,0.0061,0.0061,0.0061,0.0061,0.0061,0.0065,0.0065,0.0065,0.0066,0.0066,0.0066,0.0066,0.0066,0.0066,0.0066,0.0066,0.0067,0.0067,0.0067,0.0067,0.0067,0.0067,0.0067,0.0067,0.0067,0.0069,0.0069,0.0070,0.0070,0.0070,0.0070,0.0070,0.0070,0.0070,0.0070,0.0072,0.0072,0.0072,0.0072,0.0072,0.0072,0.0073,0.0073,0.0074,0.0074,0.0074,0.0074,0.0074,0.0074,0.0075,0.0075,0.0075,0.0075,0.0075,0.0075,0.0075,0.0075,0.0075,0.0075,0.0075,0.0108,0.0108,0.0108,0.0108,0.0108,0.0113,0.0113,0.0113,0.0113,0.0113,0.0114,0.0114,0.0114,0.0114,0.0115,0.0115,0.0115,0.0115,0.0115,0.0115,0.0116,0.0116,0.0116,0.0116,0.0116,0.0116,0.0116,0.0116,0.0116,0.0116,0.0116,0.0116,0.0117,0.0117,0.0117,0.0117,0.0118,0.0118,0.0118,0.0118,0.0118,0.0118,0.0118,0.0118,0.0118,0.0118,0.0118,0.0118,0.0118,0.0118,0.0118,0.0118,0.0119,0.0119,0.0119,0.0119,0.0125,0.0125,0.0125,0.0126,0.0129,0.0129,0.0130,0.0130,0.0130,0.0130,0.0130,0.0130,0.0130,0.0140,0.0140,0.0140,0.0140,0.0140,0.0140,0.0140,0.0141,0.0141,0.0141,0.0141,0.0141,0.0141,0.0141,0.0141,0.0141,0.0141,0.0141,0.0141,0.0141,0.0141,0.0141,0.0141,0.0141,0.0141,0.0141,0.0141,0.0141,0.0141,0.0141,0.0142,0.0142,0.0142,0.0142,0.0142,0.0142,0.0142,0.0142,0.0142,0.0142,0.0142,0.0142,0.0142,0.0142,0.0142,0.0142,0.0142,0.0142,0.0142,0.0142,0.0142,0.0142,0.0142,0.0142,0.0142,0.0142,0.0142,0.0142,0.0142,0.0142,0.0142,0.0142,0.0142,0.0142,0.0142
45110.2916667,0.0042,0.0042,0.0042,0.0042,0.0042,0.0042,0.0043,0.0050,0.0050,0.0050,0.0050,0.0050,0.0050,0.0055,0.0055,0.0055,0.0055,0.0055,0.0055,0.0056,0.0056,0.0056,0.0056,0.0056,0.0056,0.0056,0.0056,0.0056,0.0057,0.0057,0.0057,0.0057,0.0057,0.0057,0.0057,0.0057,0.0057,0.0057,0.0057,0.0061,0.0061,0.0061,0.0061,0.0061,0.0061,0.0061,0.0061,0.0065,0.0065,0.0065,0.0066,0.0066,0.0066,0.0066,0.0066,0.0066,0.0066,0.0066,0.0067,0.0067,0.0067,0.0067,0.0067,0.0067,0.0067,0.0067,0.0067,0.0069,0.0069,0.0069,0.0069,0.0069,0.0069,0.0070,0.0070,0.0070,0.0070,0.0071,0.0071,0.0072,0.0072,0.0072,0.0072,0.0073,0.0073,0.0073,0.0073,0.0073,0.0073,0.0073,0.0073,0.0074,0.0074,0.0074,0.0074,0.0074,0.0074,0.0075,0.0075,0.0075,0.0075,0.0075,0.0108,0.0108,0.0108,0.0108,0.0108,0.0112,0.0112,0.0113,0.0113,0.0113,0.0114,0.0114,0.0114,0.0114,0.0115,0.0115,0.0115,0.0115,0.0115,0.0115,0.0116,0.0116,0.0116,0.0116,0.0116,0.0116,0.0116,0.0116,0.0116,0.0116,0.0116,0.0116,0.0117,0.0117,0.0117,0.0117,0.0118,0.0118,0.0118,0.0118,0.0118,0.0118,0.0118,0.0118,0.0118,0.0118,0.0118,0.0118,0.0118,0.0118,0.0118,0.0118,0.0118,0.0118,0.0119,0.0119,0.0125,0.0125,0.0125,0.0126,0.0129,0.0129,0.0130,0.0130,0.0130,0.0130,0.0130,0.0130,0.0130,0.0140,0.0140,0.0140,0.0140,0.0140,0.0140,0.0140,0.0140,0.0140,0.0140,0.0140,0.0140,0.0141,0.0141,0.0141,0.0141,0.0141,0.0141,0.0141,0.0141,0.0141,0.0141,0.0141,0.0141,0.0141,0.0141,0.0141,0.0141,0.0141,0.0141,0.0141,0.0141,0.0141,0.0141,0.0141,0.0141,0.0141,0.0141,0.0141,0.0141,0.0141,0.0141,0.0141,0.0142,0.0142,0.0142,0.0142,0.0142,0.0142,0.0142,0.0142,0.0142,0.0142,0.0142,0.0142,0.0142,0.0142,0.0142,0.0142,0.0142,0.0142,0.0142,0.0142,0.0142,0.0142
45110.3333333,0.0042,0.0042,0.0042,0.0042,0.0042,0.0042,0.0043,0.0050,0.0050,0.0050,0.0050,0.0050,0.0050,0.0055,0.0055,0.0055,0.0055,0.0055,0.0055,0.0056,0.0056,0.0056,0.0056,0.0056,0.0056,0.0056,0.0056,0.0056,0.0057,0.0057,0.0057,0.0057,0.0057,0.0057,0.0057,0.0057,0.0057,0.0057,0.0057,0.0061,0.0061,0.0061,0.0061,0.0061,0.0061,0.0061,0.0061,0.0065,0.0065,0.0065,0.0066,0.0066,0.0066,0.0066,0.0066,0.0066,0.0066,0.0066,0.0067,0.0067,0.0067,0.0067,0.0067,0.0067,0.0067,0.0067,0.0067,0.0069,0.0069,0.0069,0.0069,0.0069,0.0069,0.0069,0.0069,0.0070,0.0070,0.0071,0.0071,0.0071,0.0071,0.0071,0.0071,0.0072,0.0072,0.0073,0.0073,0.0073,0.0073,0.0073,0.0073,0.0074,0.0074,0.0074,0.0074,0.0074,0.0074,0.0074,0.0074,0.0074,0.0074,0.0074,0.0108,0.0108,0.0108,0.0108,0.0108,0.0112,0.0112,0.0112,0.0113,0.0113,0.0114,0.0114,0.0114,0.0114,0.0114,0.0114,0.0115,0.0115,0.0115,0.0115,0.0115,0.0116,0.0116,0.0116,0.0116,0.0116,0.0116,0.0116,0.0116,0.0116,0.0116,0.0116,0.0117,0.0117,0.0117,0.0117,0.0117,0.0118,0.0118,0.0118,0.0118,0.0118,0.0118,0.0118,0.0118,0.0118,0.0118,0.0118,0.0118,0.0118,0.0118,0.0118,0.0118,0.0118,0.0119,0.0119,0.0124,0.0124,0.0124,0.0126,0.0129,0.0129,0.0129,0.0130,0.0130,0.0130,0.0130,0.0130,0.0130,0.0140,0.0140,0.0140,0.0140,0.0140,0.0140,0.0140,0.0140,0.0140,0.0140,0.0140,0.0140,0.0141,0.0141,0.0141,0.0141,0.0141,0.0141,0.0141,0.0141,0.0141,0.0141,0.0141,0.0141,0.0141,0.0141,0.0141,0.0141,0.0141,0.0141,0.0141,0.0141,0.0141,0.0141,0.0141,0.0141,0.0141,0.0141,0.0141,0.0141,0.0141,0.0141,0.0141,0.0141,0.0141,0.0141,0.0141,0.0141,0.0141,0.0141,0.0141,0.0141,0.0141,0.0141,0.0141,0.0141,0.0142,0.0142,0.0142,0.0142,0.0142,0.0142,0.0142,0.0142,0.0142
45110.3750000,0.0042,0.0042,0.0042,0.0042,0.0042,0.0042,0.0043,0.0050,0.0050,0.0050,0.0050,0.0050,0.0050,0.0055,0.0055,0.0055,0.0055,0.0055,0.0055,0.0056,0.0056,0.0056,0.0056,0.0056,0.0056,0.0056,0.0056,0.0056,0.0057,0.0057,0.0057,0.0057,0.0057,0.0057,0.0057,0.0057,0.0057,0.0057,0.0057,0.0061,0.0061,0.0061,0.0061,0.0061,0.0061,0.0061,0.0061,0.0065,0.0065,0.0065,0.0066,0.0066,0.0066,0.0066,0.0066,0.0066,0.0066,0.0066,0.0067,0.0067,0.0067,0.0067,0.0067,0.0067,0.0067,0.0067,0.0067,0.0069,0.0069,0.0069,0.0069,0.0069,0.0069,0.0069,0.0069,0.0069,0.0069,0.0071,0.0071,0.0071,0.0071,0.0071,0.0071,0.0072,0.0072,0.0072,0.0073,0.0073,0.0073,0.0073,0.0073,0.0073,0.0074,0.0074,0.0074,0.0074,0.0074,0.0074,0.0074,0.0074,0.0074,0.0074,0.0107,0.0107,0.0107,0.0107,0.0107,0.0112,0.0112,0.0112,0.0112,0.0112,0.0114,0.0114,0.0114,0.0114,0.0114,0.0114,0.0114,0.0114,0.0114,0.0114,0.0115,0.0115,0.0115,0.0115,0.0116,0.0116,0.0116,0.0116,0.0116,0.0116,0.0116,0.0116,0.0117,0.0117,0.0117,0.0117,0.0117,0.0117,0.0118,0.0118,0.0118,0.0118,0.0118,0.0118,0.0118,0.0118,0.0118,0.0118,0.0118,0.0118,0.0118,0.0118,0.0118,0.0118,0.0119,0.0119,0.0124,0.0124,0.0124,0.0126,0.0129,0.0129,0.0129,0.0129,0.0130,0.0130,0.0130,0.0130,0.0130,0.0140,0.0140,0.0140,0.0140,0.0140,0.0140,0.0140,0.0140,0.0140,0.0140,0.0140,0.0140,0.0141,0.0141,0.0141,0.0141,0.0141,0.0141,0.0141,0.0141,0.0141,0.0141,0.0141,0.0141,0.0141,0.0141,0.0141,0.0141,0.0141,0.0141,0.0141,0.0141,0.0141,0.0141,0.0141,0.0141,0.0141,0.0141,0.0141,0.0141,0.0141,0.0141,0.0141,0.0141,0.0141,0.0141,0.0141,0.0141,0.0141,0.0141,0.0141,0.0141,0.0141,0.0141,0.0141,0.0141,0.0141,0.0141,0.0141,0.0141,0.0141,0.0141,0.0141,0.0141,0.0141
45110.4166667,0.0042,0.0042,0.0042,0.0042,0.0042,0.0042,0.0043,0.0050,0.0050,0.0050,0.0050,0.0050,0.0050,0.0055,0.0055,0.0055,0.0055,0.0055,0.0055,0.0056,0.0056,0.0056,0.0056,0.0056,0.0056,0.0056,0.0056,0.0056,0.0057,0.0057,0.0057,0.0057,0.0057,0.0057,0.0057,0.0057,0.0057,0.0057,0.0057,0.0061,0.0061,0.0061,0.0061,0.0061,0.0061,0.0061,0.0061,0.0065,0.0065,0.0065,0.0066,0.0066,0.0066,0.0066,0.0066,0.0066,0.0066,0.0066,0.0067,0.0067,0.0067,0.0067,0.0067,0.0067,0.0067,0.0067,0.0067,0.0069,0.0069,0.0069,0.0069,0.0069,0.0069,0.0069,0.0069,0.0069,0.0069,0.0071,0.0071,0.0071,0.0071,0.0071,0.0071,0.0072,0.0072,0.0072,0.0072,0.0073,0.0073,0.0073,0.0073,0.0073,0.0073,0.0073,0.0073,0.0074,0.0074,0.0074,0.0074,0.0074,0.0074,0.0074,0.0107,0.0107,0.0107,0.0107,0.0107,0.0111,0.0111,0.0112,0.0112,0.0112,0.0113,0.0113,0.0113,0.0113,0.0114,0.0114,0.0114,0.0114,0.0114,0.0114,0.0115,0.0115,0.0115,0.0115,0.0115,0.0115,0.0116,0.0116,0.0116,0.0116,0.0116,0.0116,0.0117,0.0117,0.0117,0.0117,0.0117,0.0117,0.0117,0.0117,0.0117,0.0118,0.0118,0.0118,0.0118,0.0118,0.0118,0.0118,0.0118,0.0118,0.0118,0.0118,0.0118,0.0118,0.0119,0.0119,0.0124,0.0124,0.0124,0.0126,0.0129,0.0129,0.0129,0.0129,0.0129,0.0130,0.0130,0.0130,0.0130,0.0140,0.0140,0.0140,0.0140,0.0140,0.0140,0.0140,0.0140,0.0140,0.0140,0.0140,0.0140,0.0141,0.0141,0.0141,0.0141,0.0141,0.0141,0.0141,0.0141,0.0141,0.0141,0.0141,0.0141,0.0141,0.0141,0.0141,0.0141,0.0141,0.0141,0.0141,0.0141,0.0141,0.0141,0.0141,0.0141,0.0141,0.0141,0.0141,0.0141,0.0141,0.0141,0.0141,0.0141,0.0141,0.0141,0.0141,0.0141,0.0141,0.0141,0.0141,0.0141,0.0141,0.0141,0.0141,0.0141,0.0141,0.0141,0.0141,0.0141,0.0141,0.0141,0.0141,0.0141,0.0141
45110.4583333,0.0042,0.0042,0.0042,0.0042,0.0042,0.0042,0.0043,0.0050,0.0050,0.0050,0.0050,0.0050,0.0050,0.0055,0.0055,0.0055,0.0055,0.0055,0.0055,0.0056,0.0056,0.0056,0.0056,0.0056,0.0056,0.0056,0.0056,0.0056,0.0057,0.0057,0.0057,0.0057,0.0057,0.0057,0.0057,0.0057,0.0057,0.0057,0.0057,0.0061,0.0061,0.0061,0.0061,0.0061,0.0061,0.0061,0.0061,0.0065,0.0065,0.0065,0.0066,0.0066,0.0066,0.0066,0.0066,0.0066,0.0066,0.0066,0.0067,0.0067,0.0067,0.0067,0.0067,0.0067,0.0067,0.0067,0.0067,0.0069,0.0069,0.0069,0.0069,0.0069,0.0069,0.0069,0.0069,0.0069,0.0069,0.0071,0.0071,0.0071,0.0071,0.0071,0.0071,0.0072,0.0072,0.0072,0.0072,0.0073,0.0073,0.0073,0.0073,0.0073,0.0073,0.0073,0.0073,0.0073,0.0073,0.0074,0.0074,0.0074,0.0074,0.0074,0.0107,0.0107,0.0107,0.0107,0.0107,0.0111,0.0111,0.0112,0.0112,0.0112,0.0113,0.0113,0.0113,0.0113,0.0113,0.0113,0.0114,0.0114,0.0114,0.0114,0.0114,0.0115,0.0115,0.0115,0.0115,0.0115,0.0115,0.0115,0.0115,0.0115,0.0115,0.0115,0.0116,0.0116,0.0116,0.0116,0.0117,0.0117,0.0117,0.0117,0.0117,0.0117,0.0117,0.0117,0.0118,0.0118,0.0118,0.0118,0.0118,0.0118,0.0118,0.0118,0.0118,0.0118,0.0118,0.0118,0.0124,0.0124,0.0124,0.0126,0.0129,0.0129,0.0129,0.0129,0.0129,0.0130,0.0130,0.0130,0.0130,0.0140,0.0140,0.0140,0.0140,0.0140,0.0140,0.0140,0.0140,0.0140,0.0140,0.0140,0.0140,0.0140,0.0140,0.0140,0.0141,0.0141,0.0141,0.0141,0.0141,0.0141,0.0141,0.0141,0.0141,0.0141,0.0141,0.0141,0.0141,0.0141,0.0141,0.0141,0.0141,0.0141,0.0141,0.0141,0.0141,0.0141,0.0141,0.0141,0.0141,0.0141,0.0141,0.0141,0.0141,0.0141,0.0141,0.0141,0.0141,0.0141,0.0141,0.0141,0.0141,0.0141,0.0141,0.0141,0.0141,0.0141,0.0141,0.0141,0.0141,0.0141,0.0141,0.0141,0.0141,0.0141
45110.5000000,0.0042,0.0042,0.0042,0.0042,0.0042,0.0042,0.0043,0.0050,0.0050,0.0050,0.0050,0.0050,0.0050,0.0055,0.0055,0.0055,0.0055,0.0055,0.0055,0.0056,0.0056,0.0056,0.0056,0.0056,0.0056,0.0056,0.0056,0.0056,0.0057,0.0057,0.0057,0.0057,0.0057,0.0057,0.0057,0.0057,0.0057,0.0057,0.0057,0.0061,0.0061,0.0061,0.0061,0.0061,0.0061,0.0061,0.0061,0.0065,0.0065,0.0065,0.0066,0.0066,0.0066,0.0066,0.0066,0.0066,0.0066,0.0066,0.0067,0.0067,0.0067,0.0067,0.0067,0.0067,0.0067,0.0067,0.0067,0.0069,0.0069,0.0069,0.0069,0.0069,0.0069,0.0069,0.0069,0.0069,0.0069,0.0071,0.0071,0.0071,0.0071,0.0071,0.0071,0.0072,0.0072,0.0072,0.0072,0.0073,0.0073,0.0073,0.0073,0.0073,0.0073,0.0073,0.0073,0.0073,0.0073,0.0073,0.0074,0.0074,0.0074,0.0074,0.0107,0.0107,0.0107,0.0107,0.0107,0.0111,0.0111,0.0111,0.0112,0.0112,0.0113,0.0113,0.0113,0.0113,0.0113,0.0113,0.0113,0.0113,0.0114,0.0114,0.0114,0.0114,0.0114,0.0114,0.0115,0.0115,0.0115,0.0115,0.0115,0.0115,0.0115,0.0115,0.0116,0.0116,0.0116,0.0116,0.0116,0.0117,0.0117,0.0117,0.0117,0.0117,0.0117,0.0117,0.0117,0.0117,0.0117,0.0117,0.0118,0.0118,0.0118,0.0118,0.0118,0.0118,0.0118,0.0118,0.0124,0.0124,0.0124,0.0126,0.0129,0.0129,0.0129,0.0129,0.0129,0.0129,0.0129,0.0130,0.0130,0.0140,0.0140,0.0140,0.0140,0.0140,0.0140,0.0140,0.0140,0.0140,0.0140,0.0140,0.0140,0.0140,0.0140,0.0140,0.0140,0.0140,0.0140,0.0140,0.0141,0.0141,0.0141,0.0141,0.0141,0.0141,0.0141,0.0141,0.0141,0.0141,0.0141,0.0141,0.0141,0.0141,0.0141,0.0141,0.0141,0.0141,0.0141,0.0141,0.0141,0.0141,0.0141,0.0141,0.0141,0.0141,0.0141,0.0141,0.0141,0.0141,0.0141,0.0141,0.0141,0.0141,0.0141,0.0141,0.0141,0.0141,0.0141,0.0141,0.0141,0.0141,0.0141,0.0141,0.0141,0.0141
45110.5416667,0.0042,0.0042,0.0042,0.0042,0.0042,0.0042,0.0043,0.0050,0.0050,0.0050,0.0050,0.0050,0.0050,0.0055,0.0055,0.0055,0.0055,0.0055,0.0055,0.0056,0.0056,0.0056,0.0056,0.0056,0.0056,0.0056,0.0056,0.0056,0.0057,0.0057,0.0057,0.0057,0.0057,0.0057,0.0057,0.0057,0.0057,0.0057,0.0057,0.0061,0.0061,0.0061,0.0061,0.0061,0.0061,0.0061,0.0061,0.0065,0.0065,0.0065,0.0066,0.0066,0.0066,0.0066,0.0066,0.0066,0.0066,0.0066,0.0067,0.0067,0.0067,0.0067,0.0067,0.0067,0.0067,0.0067,0.0067,0.0069,0.0069,0.0069,0.0069,0.0069,0.0069,0.0069,0.0069,0.0069,0.0069,0.0071,0.0071,0.0071,0.0071,0.0071,0.0071,0.0072,0.0072,0.0072,0.0072,0.0073,0.0073,0.0073,0.0073,0.0073,0.0073,0.0073,0.0073,0.0073,0.0073,0.0073,0.0073,0.0074,0.0074,0.0074,0.0107,0.0107,0.0107,0.0107,0.0107,0.0111,0.0111,0.0111,0.0112,0.0112,0.0113,0.0113,0.0113,0.0113,0.0113,0.0113,0.0113,0.0113,0.0113,0.0114,0.0114,0.0114,0.0114,0.0114,0.0114,0.0115,0.0115,0.0115,0.0115,0.0115,0.0115,0.0115,0.0116,0.0116,0.0116,0.0116,0.0116,0.0116,0.0116,0.0116,0.0116,0.0117,0.0117,0.0117,0.0117,0.0117,0.0117,0.0117,0.0117,0.0117,0.0117,0.0117,0.0117,0.0117,0.0118,0.0118,0.0124,0.0124,0.0124,0.0126,0.0128,0.0128,0.0129,0.0129,0.0129,0.0129,0.0129,0.0129,0.0129,0.0139,0.0139,0.0139,0.0140,0.0140,0.0140,0.0140,0.0140,0.0140,0.0140,0.0140,0.0140,0.0140,0.0140,0.0140,0.0140,0.0140,0.0140,0.0140,0.0140,0.0140,0.0140,0.0140,0.0140,0.0140,0.0141,0.0141,0.0141,0.0141,0.0141,0.0141,0.0141,0.0141,0.0141,0.0141,0.0141,0.0141,0.0141,0.0141,0.0141,0.0141,0.0141,0.0141,0.0141,0.0141,0.0141,0.0141,0.0141,0.0141,0.0141,0.0141,0.0141,0.0141,0.0141,0.0141,0.0141,0.0141,0.0141,0.0141,0.0141,0.0141,0.0141,0.0141,0.0141,0.0141
45110.5833333,0.0042,0.0042,0.0042,0.0042,0.0042,0.0042,0.0043,0.0050,0.0050,0.0050,0.0050,0.0050,0.0050,0.0055,0.0055,0.0055,0.0055,0.0055,0.0055,0.0056,0.0056,0.0056,0.0056,0.0056,0.0056,0.0056,0.0056,0.0056,0.0057,0.0057,0.0057,0.0057,0.0057,0.0057,0.0057,0.0057,0.0057,0.0057,0.0057,0.0061,0.0061,0.0061,0.0061,0.0061,0.0061,0.0061,0.0061,0.0065,0.0065,0.0065,0.0066,0.0066,0.0066,0.0066,0.0066,0.0066,0.0066,0.0066,0.0067,0.0067,0.0067,0.0067,0.0067,0.0067,0.0067,0.0067,0.0067,0.0069,0.0069,0.0069,0.0069,0.0069,0.0069,0.0069,0.0069,0.0069,0.0069,0.0071,0.0071,0.0071,0.0071,0.0071,0.0071,0.0072,0.0072,0.0072,0.0072,0.0073,0.0073,0.0073,0.0073,0.0073,0.0073,0.0073,0.0073,0.0073,0.0073,0.0073,0.0073,0.0074,0.0074,0.0074,0.0107,0.0107,0.0107,0.0107,0.0107,0.0111,0.0111,0.0111,0.0112,0.0112,0.0113,0.0113,0.0113,0.0113,0.0113,0.0113,0.0113,0.0113,0.0113,0.0113,0.0114,0.0114,0.0114,0.0114,0.0114,0.0115,0.0115,0.0115,0.0115,0.0115,0.0115,0.0115,0.0116,0.0116,0.0116,0.0116,0.0116,0.0116,0.0116,0.0116,0.0116,0.0116,0.0117,0.0117,0.0117,0.0117,0.0117,0.0117,0.0117,0.0117,0.0117,0.0117,0.0117,0.0117,0.0117,0.0117,0.0123,0.0123,0.0123,0.0125,0.0128,0.0128,0.0128,0.0128,0.0128,0.0129,0.0129,0.0129,0.0129,0.0139,0.0139,0.0139,0.0139,0.0139,0.0139,0.0139,0.0139,0.0139,0.0140,0.0140,0.0140,0.0140,0.0140,0.0140,0.0140,0.0140,0.0140,0.0140,0.0140,0.0140,0.0140,0.0140,0.0140,0.0140,0.0140,0.0140,0.0140,0.0140,0.0140,0.0140,0.0140,0.0140,0.0140,0.0141,0.0141,0.0141,0.0141,0.0141,0.0141,0.0141,0.0141,0.0141,0.0141,0.0141,0.0141,0.0141,0.0141,0.0141,0.0141,0.0141,0.0141,0.0141,0.0141,0.0141,0.0141,0.0141,0.0141,0.0141,0.0141,0.0141,0.0141,0.0141,0.0141,0.0141
45110.6250000,0.0042,0.0042,0.0042,0.0042,0.0042,0.0042,0.0043,0.0050,0.0050,0.0050,0.0050,0.0050,0.0050,0.0055,0.0055,0.0055,0.0055,0.0055,0.0055,0.0056,0.0056,0.0056,0.0056,0.0056,0.0056,0.0056,0.0056,0.0056,0.0057,0.0057,0.0057,0.0057,0.0057,0.0057,0.0057,0.0057,0.0057,0.0057,0.0057,0.0061,0.0061,0.0061,0.0061,0.0061,0.0061,0.0061,0.0061,0.0065,0.0065,0.0065,0.0066,0.0066,0.0066,0.0066,0.0066,0.0066,0.0066,0.0066,0.0067,0.0067,0.0067,0.0067,0.0067,0.0067,0.0067,0.0067,0.0067,0.0069,0.0069,0.0069,0.0069,0.0069,0.0069,0.0069,0.0069,0.0069,0.0069,0.0071,0.0071,0.0071,0.0071,0.0071,0.0071,0.0072,0.0072,0.0072,0.0072,0.0073,0.0073,0.0073,0.0073,0.0073,0.0073,0.0073,0.0073,0.0073,0.0073,0.0073,0.0073,0.0074,0.0074,0.0074,0.0107,0.0107,0.0107,0.0107,0.0107,0.0111,0.0111,0.0111,0.0112,0.0112,0.0113,0.0113,0.0113,0.0113,0.0113,0.0113,0.0113,0.0113,0.0113,0.0113,0.0114,0.0114,0.0114,0.0114,0.0114,0.0115,0.0115,0.0115,0.0115,0.0115,0.0115,0.0115,0.0116,0.0116,0.0116,0.0116,0.0116,0.0116,0.0116,0.0116,0.0116,0.0116,0.0117,0.0117,0.0117,0.0117,0.0117,0.0117,0.0117,0.0117,0.0117,0.0117,0.0117,0.0117,0.0117,0.0117,0.0123,0.0123,0.0123,0.0125,0.0128,0.0128,0.0128,0.0128,0.0128,0.0128,0.0128,0.0129,0.0129,0.0139,0.0139,0.0139,0.0139,0.0139,0.0139,0.0139,0.0139,0.0139,0.0139,0.0139,0.0139,0.0140,0.0140,0.0140,0.0140,0.0140,0.0140,0.0140,0.0140,0.0140,0.0140,0.0140,0.0140,0.0140,0.0140,0.0140,0.0140,0.0140,0.0140,0.0140,0.0140,0.0140,0.0140,0.0140,0.0140,0.0140,0.0140,0.0140,0.0140,0.0140,0.0140,0.0140,0.0140,0.0140,0.0140,0.0141,0.0141,0.0141,0.0141,0.0141,0.0141,0.0141,0.0141,0.0141,0.0141,0.0141,0.0141,0.0141,0.0141,0.0141,0.0141,0.0141,0.0141,0.0141
45110.6666667,0.0042,0.0042,0.0042,0.0042,0.0042,0.0042,0.0043,0.0050,0.0050,0.0050,0.0050,0.0050,0.0050,0.0055,0.0055,0.0055,0.0055,0.0055,0.0055,0.0056,0.0056,0.0056,0.0056,0.0056,0.0056,0.0056,0.0056,0.0056,0.0057,0.0057,0.0057,0.0057,0.0057,0.0057,0.0057,0.0057,0.0057,0.0057,0.0057,0.0061,0.0061,0.0061,0.0061,0.0061,0.0061,0.0061,0.0061,0.0065,0.0065,0.0065,0.0066,0.0066,0.0066,0.0066,0.0066,0.0066,0.0066,0.0066,0.0067,0.0067,0.0067,0.0067,0.0067,0.0067,0.0067,0.0067,0.0067,0.0069,0.0069,0.0069,0.0069,0.0069,0.0069,0.0069,0.0069,0.0069,0.0069,0.0071,0.0071,0.0071,0.0071,0.0071,0.0071,0.0072,0.0072,0.0072,0.0072,0.0073,0.0073,0.0073,0.0073,0.0073,0.0073,0.0073,0.0073,0.0073,0.0073,0.0073,0.0073,0.0074,0.0074,0.0074,0.0107,0.0107,0.0107,0.0107,0.0107,0.0111,0.0111,0.0111,0.0112,0.0112,0.0113,0.0113,0.0113,0.0113,0.0113,0.0113,0.0113,0.0113,0.0113,0.0113,0.0114,0.0114,0.0114,0.0114,0.0114,0.0115,0.0115,0.0115,0.0115,0.0115,0.0115,0.0115,0.0116,0.0116,0.0116,0.0116,0.0116,0.0116,0.0116,0.0116,0.0116,0.0116,0.0117,0.0117,0.0117,0.0117,0.0117,0.0117,0.0117,0.0117,0.0117,0.0117,0.0117,0.0117,0.0117,0.0117,0.0123,0.0123,0.0123,0.0125,0.0128,0.0128,0.0128,0.0128,0.0128,0.0128,0.0128,0.0128,0.0128,0.0138,0.0139,0.0139,0.0139,0.0139,0.0139,0.0139,0.0139,0.0139,0.0139,0.0139,0.0139,0.0139,0.0139,0.0139,0.0139,0.0139,0.0139,0.0139,0.0139,0.0139,0.0139,0.0139,0.0140,0.0140,0.0140,0.0140,0.0140,0.0140,0.0140,0.0140,0.0140,0.0140,0.0140,0.0140,0.0140,0.0140,0.0140,0.0140,0.0140,0.0140,0.0140,0.0140,0.0140,0.0140,0.0140,0.0140,0.0140,0.0140,0.0140,0.0140,0.0140,0.0140,0.0140,0.0140,0.0140,0.0140,0.0140,0.0141,0.0141,0.0141,0.0141,0.0141,0.0141,0.0141
45110.7083333,0.0042,0.0042,0.0042,0.0042,0.0042,0.0042,0.0043,0.0050,0.0050,0.0050,0.0050,0.0050,0.0050,0.0055,0.0055,0.0055,0.0055,0.0055,0.0055,0.0056,0.0056,0.0056,0.0056,0.0056,0.0056,0.0056,0.0056,0.0056,0.0057,0.0057,0.0057,0.0057,0.0057,0.0057,0.0057,0.0057,0.0057,0.0057,0.0057,0.0061,0.0061,0.0061,0.0061,0.0061,0.0061,0.0061,0.0061,0.0065,0.0065,0.0065,0.0066,0.0066,0.0066,0.0066,0.0066,0.0066,0.0066,0.0066,0.0067,0.0067,0.0067,0.0067,0.0067,0.0067,0.0067,0.0067,0.0067,0.0069,0.0069,0.0069,0.0069,0.0069,0.0069,0.0069,0.0069,0.0069,0.0069,0.0071,0.0071,0.0071,0.0071,0.0071,0.0071,0.0072,0.0072,0.0072,0.0072,0.0073,0.0073,0.0073,0.0073,0.0073,0.0073,0.0073,0.0073,0.0073,0.0073,0.0073,0.0073,0.0074,0.0074,0.0074,0.0107,0.0107,0.0107,0.0107,0.0107,0.0111,0.0111,0.0111,0.0112,0.0112,0.0113,0.0113,0.0113,0.0113,0.0113,0.0113,0.0113,0.0113,0.0113,0.0113,0.0114,0.0114,0.0114,0.0114,0.0114,0.0115,0.0115,0.0115,0.0115,0.0115,0.0115,0.0115,0.0116,0.0116,0.0116,0.0116,0.0116,0.0116,0.0116,0.0116,0.0116,0.0116,0.0117,0.0117,0.0117,0.0117,0.0117,0.0117,0.0117,0.0117,0.0117,0.0117,0.0117,0.0117,0.0117,0.0117,0.0123,0.0123,0.0123,0.0125,0.0128,0.0128,0.0128,0.0128,0.0128,0.0128,0.0128,0.0128,0.0128,0.0138,0.0138,0.0139,0.0139,0.0139,0.0139,0.0139,0.0139,0.0139,0.0139,0.0139,0.0139,0.0139,0.0139,0.0139,0.0139,0.0139,0.0139,0.0139,0.0139,0.0139,0.0139,0.0139,0.0139,0.0139,0.0139,0.0139,0.0139,0.0139,0.0139,0.0139,0.0139,0.0140,0.0140,0.0140,0.0140,0.0140,0.0140,0.0140,0.0140,0.0140,0.0140,0.0140,0.0140,0.0140,0.0140,0.0140,0.0140,0.0140,0.0140,0.0140,0.0140,0.0140,0.0140,0.0140,0.0140,0.0140,0.0140,0.0140,0.0140,0.0140,0.0140,0.0140,0.0140,0.0140
45110.7500000,0.0042,0.0042,0.0042,0.0042,0.0042,0.0042,0.0043,0.0050,0.0050,0.0050,0.0050,0.0050,0.0050,0.0055,0.0055,0.0055,0.0055,0.0055,0.0055,0.0056,0.0056,0.0056,0.0056,0.0056,0.0056,0.0056,0.0056,0.0056,0.0057,0.0057,0.0057,0.0057,0.0057,0.0057,0.0057,0.0057,0.0057,0.0057,0.0057,0.0061,0.0061,0.0061,0.0061,0.0061,0.0061,0.0061,0.0061,0.0065,0.0065,0.0065,0.0066,0.0066,0.0066,0.0066,0.0066,0.0066,0.0066,0.0066,0.0067,0.0067,0.0067,0.0067,0.0067,0.0067,0.0067,0.0067,0.0067,0.0069,0.0069,0.0069,0.0069,0.0069,0.0069,0.0069,0.0069,0.0069,0.0069,0.0071,0.0071,0.0071,0.0071,0.0071,0.0071,0.0072,0.0072,0.0072,0.0072,0.0073,0.0073,0.0073,0.0073,0.0073,0.0073,0.0073,0.0073,0.0073,0.0073,0.0073,0.0073,0.0074,0.0074,0.0074,0.0107,0.0107,0.0107,0.0107,0.0107,0.0111,0.0111,0.0111,0.0112,0.0112,0.0113,0.0113,0.0113,0.0113,0.0113,0.0113,0.0113,0.0113,0.0113,0.0113,0.0114,0.0114,0.0114,0.0114,0.0114,0.0115,0.0115,0.0115,0.0115,0.0115,0.0115,0.0115,0.0116,0.0116,0.0116,0.0116,0.0116,0.0116,0.0116,0.0116,0.0116,0.0116,0.0117,0.0117,0.0117,0.0117,0.0117,0.0117,0.0117,0.0117,0.0117,0.0117,0.0117,0.0117,0.0117,0.0117,0.0123,0.0123,0.0123,0.0125,0.0128,0.0128,0.0128,0.0128,0.0128,0.0128,0.0128,0.0128,0.0128,0.0138,0.0138,0.0139,0.0139,0.0139,0.0139,0.0139,0.0139,0.0139,0.0139,0.0139,0.0139,0.0139,0.0139,0.0139,0.0139,0.0139,0.0139,0.0139,0.0139,0.0139,0.0139,0.0139,0.0139,0.0139,0.0139,0.0139,0.0139,0.0139,0.0139,0.0139,0.0139,0.0139,0.0139,0.0139,0.0139,0.0139,0.0139,0.0140,0.0140,0.0140,0.0140,0.0140,0.0140,0.0140,0.0140,0.0140,0.0140,0.0140,0.0140,0.0140,0.0140,0.0140,0.0140,0.0140,0.0140,0.0140,0.0140,0.0140,0.0140,0.0140,0.0140,0.0140,0.0140,0.0140
45110.7916667,0.0042,0.0042,0.0042,0.0042,0.0042,0.0042,0.0043,0.0050,0.0050,0.0050,0.0050,0.0050,0.0050,0.0055,0.0055,0.0055,0.0055,0.0055,0.0055,0.0056,0.0056,0.0056,0.0056,0.0056,0.0056,0.0056,0.0056,0.0056,0.0057,0.0057,0.0057,0.0057,0.0057,0.0057,0.0057,0.0057,0.0057,0.0057,0.0057,0.0061,0.0061,0.0061,0.0061,0.0061,0.0061,0.0061,0.0061,0.0065,0.0065,0.0065,0.0066,0.0066,0.0066,0.0066,0.0066,0.0066,0.0066,0.0066,0.0067,0.0067,0.0067,0.0067,0.0067,0.0067,0.0067,0.0067,0.0067,0.0069,0.0069,0.0069,0.0069,0.0069,0.0069,0.0069,0.0069,0.0069,0.0069,0.0071,0.0071,0.0071,0.0071,0.0071,0.0071,0.0072,0.0072,0.0072,0.0072,0.0073,0.0073,0.0073,0.0073,0.0073,0.0073,0.0073,0.0073,0.0073,0.0073,0.0073,0.0073,0.0074,0.0074,0.0074,0.0107,0.0107,0.0107,0.0107,0.0107,0.0111,0.0111,0.0111,0.0112,0.0112,0.0113,0.0113,0.0113,0.0113,0.0113,0.0113,0.0113,0.0113,0.0113,0.0113,0.0114,0.0114,0.0114,0.0114,0.0114,0.0115,0.0115,0.0115,0.0115,0.0115,0.0115,0.0115,0.0116,0.0116,0.0116,0.0116,0.0116,0.0116,0.0116,0.0116,0.0116,0.0116,0.0117,0.0117,0.0117,0.0117,0.0117,0.0117,0.0117,0.0117,0.0117,0.0117,0.0117,0.0117,0.0117,0.0117,0.0123,0.0123,0.0123,0.0125,0.0128,0.0128,0.0128,0.0128,0.0128,0.0128,0.0128,0.0128,0.0128,0.0138,0.0138,0.0139,0.0139,0.0139,0.0139,0.0139,0.0139,0.0139,0.0139,0.0139,0.0139,0.0139,0.0139,0.0139,0.0139,0.0139,0.0139,0.0139,0.0139,0.0139,0.0139,0.0139,0.0139,0.0139,0.0139,0.0139,0.0139,0.0139,0.0139,0.0139,0.0139,0.0139,0.0139,0.0139,0.0139,0.0139,0.0139,0.0139,0.0139,0.0139,0.0140,0.0140,0.0140,0.0140,0.0140,0.0140,0.0140,0.0140,0.0140,0.0140,0.0140,0.0140,0.0140,0.0140,0.0140,0.0140,0.0140,0.0140,0.0140,0.0140,0.0140,0.0140,0.0140,0.0140
45110.8333333,0.0042,0.0042,0.0042,0.0042,0.0042,0.0042,0.0043,0.0050,0.0050,0.0050,0.0050,0.0050,0.0050,0.0055,0.0055,0.0055,0.0055,0.0055,0.0055,0.0056,0.0056,0.0056,0.0056,0.0056,0.0056,0.0056,0.0056,0.0056,0.0057,0.0057,0.0057,0.0057,0.0057,0.0057,0.0057,0.0057,0.0057,0.0057,0.0057,0.0061,0.0061,0.0061,0.0061,0.0061,0.0061,0.0061,0.0061,0.0065,0.0065,0.0065,0.0066,0.0066,0.0066,0.0066,0.0066,0.0066,0.0066,0.0066,0.0067,0.0067,0.0067,0.0067,0.0067,0.0067,0.0067,0.0067,0.0067,0.0069,0.0069,0.0069,0.0069,0.0069,0.0069,0.0069,0.0069,0.0069,0.0069,0.0071,0.0071,0.0071,0.0071,0.0071,0.0071,0.0072,0.0072,0.0072,0.0072,0.0073,0.0073,0.0073,0.0073,0.0073,0.0073,0.0073,0.0073,0.0073,0.0073,0.0073,0.0073,0.0074,0.0074,0.0074,0.0107,0.0107,0.0107,0.0107,0.0107,0.0111,0.0111,0.0111,0.0112,0.0112,0.0113,0.0113,0.0113,0.0113,0.0113,0.0113,0.0113,0.0113,0.0113,0.0113,0.0114,0.0114,0.0114,0.0114,0.0114,0.0115,0.0115,0.0115,0.0115,0.0115,0.0115,0.0115,0.0116,0.0116,0.0116,0.0116,0.0116,0.0116,0.0116,0.0116,0.0116,0.0116,0.0117,0.0117,0.0117,0.0117,0.0117,0.0117,0.0117,0.0117,0.0117,0.0117,0.0117,0.0117,0.0117,0.0117,0.0123,0.0123,0.0123,0.0125,0.0128,0.0128,0.0128,0.0128,0.0128,0.0128,0.0128,0.0128,0.0128,0.0138,0.0138,0.0139,0.0139,0.0139,0.0139,0.0139,0.0139,0.0139,0.0139,0.0139,0.0139,0.0139,0.0139,0.0139,0.0139,0.0139,0.0139,0.0139,0.0139,0.0139,0.0139,0.0139,0.0139,0.0139,0.0139,0.0139,0.0139,0.0139,0.0139,0.0139,0.0139,0.0139,0.0139,0.0139,0.0139,0.0139,0.0139,0.0139,0.0139,0.0139,0.0139,0.0140,0.0140,0.0140,0.0140,0.0140,0.0140,0.0140,0.0140,0.0140,0.0140,0.0140,0.0140,0.0140,0.0140,0.0140,0.0140,0.0140,0.0140,0.0140,0.0140,0.0140,0.0140,0.0140
45110.8750000,0.0042,0.0042,0.0042,0.0042,0.0042,0.0042,0.0043,0.0050,0.0050,0.0050,0.0050,0.0050,0.0050,0.0055,0.0055,0.0055,0.0055,0.0055,0.0055,0.0056,0.0056,0.0056,0.0056,0.0056,0.0056,0.0056,0.0056,0.0056,0.0057,0.0057,0.0057,0.0057,0.0057,0.0057,0.0057,0.0057,0.0057,0.0057,0.0057,0.0061,0.0061,0.0061,0.0061,0.0061,0.0061,0.0061,0.0061,0.0065,0.0065,0.0065,0.0066,0.0066,0.0066,0.0066,0.0066,0.0066,0.0066,0.0066,0.0067,0.0067,0.0067,0.0067,0.0067,0.0067,0.0067,0.0067,0.0067,0.0069,0.0069,0.0069,0.0069,0.0069,0.0069,0.0069,0.0069,0.0069,0.0069,0.0071,0.0071,0.0071,0.0071,0.0071,0.0071,0.0072,0.0072,0.0072,0.0072,0.0073,0.0073,0.0073,0.0073,0.0073,0.0073,0.0073,0.0073,0.0073,0.0073,0.0073,0.0073,0.0074,0.0074,0.0074,0.0107,0.0107,0.0107,0.0107,0.0107,0.0111,0.0111,0.0111,0.0112,0.0112,0.0113,0.0113,0.0113,0.0113,0.0113,0.0113,0.0113,0.0113,0.0113,0.0113,0.0114,0.0114,0.0114,0.0114,0.0114,0.0115,0.0115,0.0115,0.0115,0.0115,0.0115,0.0115,0.0116,0.0116,0.0116,0.0116,0.0116,0.0116,0.0116,0.0116,0.0116,0.0116,0.0117,0.0117,0.0117,0.0117,0.0117,0.0117,0.0117,0.0117,0.0117,0.0117,0.0117,0.0117,0.0117,0.0117,0.0123,0.0123,0.0123,0.0125,0.0128,0.0128,0.0128,0.0128,0.0128,0.0128,0.0128,0.0128,0.0128,0.0138,0.0138,0.0139,0.0139,0.0139,0.0139,0.0139,0.0139,0.0139,0.0139,0.0139,0.0139,0.0139,0.0139,0.0139,0.0139,0.0139,0.0139,0.0139,0.0139,0.0139,0.0139,0.0139,0.0139,0.0139,0.0139,0.0139,0.0139,0.0139,0.0139,0.0139,0.0139,0.0139,0.0139,0.0139,0.0139,0.0139,0.0139,0.0139,0.0139,0.0139,0.0139,0.0140,0.0140,0.0140,0.0140,0.0140,0.0140,0.0140,0.0140,0.0140,0.0140,0.0140,0.0140,0.0140,0.0140,0.0140,0.0140,0.0140,0.0140,0.0140,0.0140,0.0140,0.0140,0.0140
45110.9166667,0.0042,0.0042,0.0042,0.0042,0.0042,0.0042,0.0043,0.0050,0.0050,0.0050,0.0050,0.0050,0.0050,0.0055,0.0055,0.0055,0.0055,0.0055,0.0055,0.0056,0.0056,0.0056,0.0056,0.0056,0.0056,0.0056,0.0056,0.0056,0.0057,0.0057,0.0057,0.0057,0.0057,0.0057,0.0057,0.0057,0.0057,0.0057,0.0057,0.0061,0.0061,0.0061,0.0061,0.0061,0.0061,0.0061,0.0061,0.0065,0.0065,0.0065,0.0066,0.0066,0.0066,0.0066,0.0066,0.0066,0.0066,0.0066,0.0067,0.0067,0.0067,0.0067,0.0067,0.0067,0.0067,0.0067,0.0067,0.0069,0.0069,0.0069,0.0069,0.0069,0.0069,0.0069,0.0069,0.0069,0.0069,0.0071,0.0071,0.0071,0.0071,0.0071,0.0071,0.0072,0.0072,0.0072,0.0072,0.0073,0.0073,0.0073,0.0073,0.0073,0.0073,0.0073,0.0073,0.0073,0.0073,0.0073,0.0073,0.0074,0.0074,0.0074,0.0107,0.0107,0.0107,0.0107,0.0107,0.0111,0.0111,0.0111,0.0112,0.0112,0.0113,0.0113,0.0113,0.0113,0.0113,0.0113,0.0113,0.0113,0.0113,0.0113,0.0114,0.0114,0.0114,0.0114,0.0114,0.0115,0.0115,0.0115,0.0115,0.0115,0.0115,0.0115,0.0116,0.0116,0.0116,0.0116,0.0116,0.0116,0.0116,0.0116,0.0116,0.0116,0.0117,0.0117,0.0117,0.0117,0.0117,0.0117,0.0117,0.0117,0.0117,0.0117,0.0117,0.0117,0.0117,0.0117,0.0123,0.0123,0.0123,0.0125,0.0128,0.0128,0.0128,0.0128,0.0128,0.0128,0.0128,0.0128,0.0128,0.0138,0.0138,0.0139,0.0139,0.0139,0.0139,0.0139,0.0139,0.0139,0.0139,0.0139,0.0139,0.0139,0.0139,0.0139,0.0139,0.0139,0.0139,0.0139,0.0139,0.0139,0.0139,0.0139,0.0139,0.0139,0.0139,0.0139,0.0139,0.0139,0.0139,0.0139,0.0139,0.0139,0.0139,0.0139,0.0139,0.0139,0.0139,0.0139,0.0139,0.0139,0.0139,0.0140,0.0140,0.0140,0.0140,0.0140,0.0140,0.0140,0.0140,0.0140,0.0140,0.0140,0.0140,0.0140,0.0140,0.0140,0.0140,0.0140,0.0140,0.0140,0.0140,0.0140,0.0140,0.0140
45110.9583333,0.0042,0.0042,0.0042,0.0042,0.0042,0.0042,0.0043,0.0050,0.0050,0.0050,0.0050,0.0050,0.0050,0.0055,0.0055,0.0055,0.0055,0.0055,0.0055,0.0056,0.0056,0.0056,0.0056,0.0056,0.0056,0.0056,0.0056,0.0056,0.0057,0.0057,0.0057,0.0057,0.0057,0.0057,0.0057,0.0057,0.0057,0.0057,0.0057,0.0061,0.0061,0.0061,0.0061,0.0061,0.0061,0.0061,0.0061,0.0065,0.0065,0.0065,0.0066,0.0066,0.0066,0.0066,0.0066,0.0066,0.0066,0.0066,0.0067,0.0067,0.0067,0.0067,0.0067,0.0067,0.0067,0.0067,0.0067,0.0069,0.0069,0.0069,0.0069,0.0069,0.0069,0.0069,0.0069,0.0069,0.0069,0.0071,0.0071,0.0071,0.0071,0.0071,0.0071,0.0072,0.0072,0.0072,0.0072,0.0073,0.0073,0.0073,0.0073,0.0073,0.0073,0.0073,0.0073,0.0073,0.0073,0.0073,0.0073,0.0074,0.0074,0.0074,0.0107,0.0107,0.0107,0.0107,0.0107,0.0111,0.0111,0.0111,0.0112,0.0112,0.0113,0.0113,0.0113,0.0113,0.0113,0.0113,0.0113,0.0113,0.0113,0.0113,0.0114,0.0114,0.0114,0.0114,0.0114,0.0115,0.0115,0.0115,0.0115,0.0115,0.0115,0.0115,0.0116,0.0116,0.0116,0.0116,0.0116,0.0116,0.0116,0.0116,0.0116,0.0116,0.0117,0.0117,0.0117,0.0117,0.0117,0.0117,0.0117,0.0117,0.0117,0.0117,0.0117,0.0117,0.0117,0.0117,0.0123,0.0123,0.0123,0.0125,0.0128,0.0128,0.0128,0.0128,0.0128,0.0128,0.0128,0.0128,0.0128,0.0138,0.0138,0.0139,0.0139,0.0139,0.0139,0.0139,0.0139,0.0139,0.0139,0.0139,0.0139,0.0139,0.0139,0.0139,0.0139,0.0139,0.0139,0.0139,0.0139,0.0139,0.0139,0.0139,0.0139,0.0139,0.0139,0.0139,0.0139,0.0139,0.0139,0.0139,0.0139,0.0139,0.0139,0.0139,0.0139,0.0139,0.0139,0.0139,0.0139,0.0139,0.0139,0.0140,0.0140,0.0140,0.0140,0.0140,0.0140,0.0140,0.0140,0.0140,0.0140,0.0140,0.0140,0.0140,0.0140,0.0140,0.0140,0.0140,0.0140,0.0140,0.0140,0.0140,0.0140,0.0140
45111.0000000,0.0045,0.0045,0.0045,0.0045,0.0045,0.0045,0.0045,0.0052,0.0052,0.0052,0.0052,0.0052,0.0051,0.0057,0.0056,0.0056,0.0056,0.0056,0.0056,0.0056,0.0056,0.0056,0.0056,0.0056,0.0056,0.0056,0.0056,0.0056,0.0057,0.0057,0.0057,0.0057,0.0057,0.0057,0.0057,0.0057,0.0057,0.0057,0.0057,0.0061,0.0061,0.0061,0.0061,0.0061,0.0061,0.0061,0.0061,0.0065,0.0065,0.0065,0.0066,0.0066,0.0066,0.0066,0.0066,0.0066,0.0066,0.0066,0.0067,0.0067,0.0067,0.0067,0.0067,0.0067,0.0067,0.0067,0.0067,0.0069,0.0069,0.0069,0.0069,0.0069,0.0069,0.0069,0.0069,0.0069,0.0069,0.0071,0.0071,0.0071,0.0071,0.0071,0.0071,0.0072,0.0072,0.0072,0.0073,0.0073,0.0073,0.0073,0.0073,0.0073,0.0073,0.0073,0.0073,0.0074,0.0074,0.0074,0.0074,0.0074,0.0074,0.0074,0.0109,0.0109,0.0109,0.0109,0.0109,0.0113,0.0113,0.0112,0.0112,0.0112,0.0113,0.0113,0.0113,0.0113,0.0113,0.0113,0.0113,0.0114,0.0114,0.0114,0.0114,0.0114,0.0114,0.0114,0.0114,0.0115,0.0115,0.0115,0.0115,0.0115,0.0115,0.0115,0.0116,0.0116,0.0116,0.0116,0.0116,0.0116,0.0116,0.0116,0.0116,0.0116,0.0117,0.0117,0.0117,0.0117,0.0117,0.0117,0.0117,0.0117,0.0117,0.0117,0.0117,0.0117,0.0117,0.0117,0.0123,0.0123,0.0123,0.0125,0.0128,0.0128,0.0128,0.0128,0.0128,0.0129,0.0129,0.0129,0.0129,0.0139,0.0139,0.0139,0.0139,0.0139,0.0139,0.0139,0.0139,0.0139,0.0139,0.0139,0.0139,0.0139,0.0139,0.0139,0.0139,0.0139,0.0139,0.0139,0.0139,0.0139,0.0139,0.0139,0.0139,0.0139,0.0139,0.0139,0.0139,0.0139,0.0139,0.0139,0.0139,0.0139,0.0139,0.0139,0.0139,0.0139,0.0139,0.0139,0.0139,0.0139,0.0139,0.0140,0.0140,0.0140,0.0140,0.0140,0.0140,0.0140,0.0140,0.0140,0.0140,0.0140,0.0140,0.0140,0.0140,0.0140,0.0140,0.0140,0.0140,0.0140,0.0140,0.0140,0.0140,0.0140
45111.0416667,0.0045,0.0045,0.0045,0.0045,0.0045,0.0045,0.0046,0.0053,0.0053,0.0053,0.0053,0.0054,0.0054,0.0059,0.0059,0.0059,0.0059,0.0059,0.0058,0.0058,0.0058,0.0058,0.0058,0.0058,0.0058,0.0057,0.0057,0.0057,0.0057,0.0057,0.0057,0.0057,0.0057,0.0057,0.0057,0.0057,0.0057,0.0057,0.0057,0.0061,0.0061,0.0061,0.0061,0.0062,0.0062,0.0062,0.0062,0.0066,0.0066,0.0066,0.0066,0.0066,0.0066,0.0067,0.0067,0.0067,0.0067,0.0067,0.0067,0.0067,0.0067,0.0067,0.0067,0.0067,0.0067,0.0067,0.0067,0.0069,0.0069,0.0069,0.0069,0.0069,0.0069,0.0069,0.0069,0.0069,0.0069,0.0071,0.0071,0.0071,0.0071,0.0071,0.0071,0.0072,0.0072,0.0073,0.0073,0.0073,0.0073,0.0073,0.0073,0.0073,0.0073,0.0073,0.0073,0.0074,0.0074,0.0074,0.0074,0.0074,0.0074,0.0074,0.0109,0.0109,0.0109,0.0109,0.0109,0.0114,0.0114,0.0114,0.0114,0.0114,0.0115,0.0115,0.0115,0.0115,0.0115,0.0115,0.0115,0.0115,0.0115,0.0115,0.0115,0.0115,0.0115,0.0115,0.0115,0.0115,0.0115,0.0115,0.0115,0.0115,0.0115,0.0115,0.0116,0.0116,0.0116,0.0116,0.0116,0.0116,0.0116,0.0116,0.0116,0.0116,0.0117,0.0117,0.0117,0.0117,0.0117,0.0117,0.0117,0.0117,0.0117,0.0117,0.0117,0.0117,0.0117,0.0117,0.0123,0.0123,0.0123,0.0125,0.0128,0.0128,0.0129,0.0129,0.0129,0.0129,0.0129,0.0129,0.0129,0.0140,0.0140,0.0140,0.0140,0.0140,0.0140,0.0140,0.0140,0.0140,0.0140,0.0140,0.0140,0.0140,0.0140,0.0140,0.0140,0.0140,0.0140,0.0140,0.0140,0.0140,0.0140,0.0140,0.0140,0.0140,0.0140,0.0140,0.0140,0.0140,0.0140,0.0140,0.0140,0.0140,0.0140,0.0140,0.0140,0.0140,0.0140,0.0140,0.0140,0.0140,0.0140,0.0140,0.0140,0.0140,0.0140,0.0140,0.0140,0.0140,0.0140,0.0140,0.0140,0.0140,0.0140,0.0140,0.0140,0.0140,0.0140,0.0140,0.0140,0.0140,0.0140,0.0140,0.0140,0.0140
45111.0833333,0.0045,0.0045,0.0045,0.0045,0.0045,0.0045,0.0046,0.0053,0.0053,0.0053,0.0053,0.0054,0.0054,0.0059,0.0059,0.0059,0.0059,0.0059,0.0059,0.0059,0.0059,0.0060,0.0060,0.0060,0.0060,0.0060,0.0060,0.0060,0.0060,0.0060,0.0059,0.0059,0.0059,0.0059,0.0058,0.0058,0.0058,0.0058,0.0058,0.0062,0.0062,0.0062,0.0062,0.0062,0.0062,0.0062,0.0062,0.0066,0.0066,0.0066,0.0066,0.0066,0.0066,0.0067,0.0067,0.0067,0.0067,0.0067,0.0067,0.0067,0.0067,0.0067,0.0067,0.0067,0.0067,0.0067,0.0068,0.0069,0.0069,0.0069,0.0069,0.0069,0.0069,0.0069,0.0069,0.0070,0.0070,0.0071,0.0071,0.0071,0.0071,0.0071,0.0071,0.0072,0.0072,0.0073,0.0073,0.0073,0.0073,0.0073,0.0073,0.0074,0.0074,0.0074,0.0074,0.0074,0.0074,0.0074,0.0074,0.0074,0.0074,0.0074,0.0109,0.0109,0.0109,0.0109,0.0109,0.0114,0.0114,0.0114,0.0114,0.0114,0.0116,0.0116,0.0116,0.0116,0.0116,0.0116,0.0116,0.0116,0.0116,0.0116,0.0117,0.0117,0.0117,0.0117,0.0117,0.0117,0.0117,0.0117,0.0117,0.0116,0.0116,0.0116,0.0117,0.0117,0.0116,0.0116,0.0117,0.0117,0.0117,0.0117,0.0116,0.0116,0.0117,0.0117,0.0117,0.0117,0.0117,0.0117,0.0117,0.0117,0.0117,0.0117,0.0117,0.0117,0.0117,0.0117,0.0123,0.0123,0.0123,0.0125,0.0128,0.0128,0.0129,0.0129,0.0129,0.0129,0.0129,0.0129,0.0129,0.0140,0.0140,0.0140,0.0140,0.0140,0.0140,0.0140,0.0140,0.0140,0.0140,0.0140,0.0140,0.0140,0.0140,0.0140,0.0140,0.0140,0.0140,0.0140,0.0140,0.0140,0.0140,0.0140,0.0140,0.0140,0.0140,0.0140,0.0140,0.0140,0.0140,0.0140,0.0140,0.0140,0.0140,0.0140,0.0140,0.0140,0.0140,0.0140,0.0140,0.0140,0.0140,0.0140,0.0140,0.0140,0.0140,0.0140,0.0140,0.0140,0.0140,0.0140,0.0140,0.0140,0.0140,0.0140,0.0140,0.0140,0.0140,0.0140,0.0140,0.0140,0.0140,0.0140,0.0140,0.0140
45111.1250000,0.0045,0.0045,0.0045,0.0045,0.0045,0.0045,0.0046,0.0053,0.0053,0.0053,0.0053,0.0054,0.0054,0.0059,0.0059,0.0059,0.0059,0.0059,0.0059,0.0059,0.0059,0.0060,0.0060,0.0060,0.0060,0.0060,0.0060,0.0060,0.0060,0.0060,0.0060,0.0060,0.0060,0.0061,0.0061,0.0061,0.0060,0.0060,0.0060,0.0064,0.0064,0.0064,0.0064,0.0064,0.0064,0.0063,0.0063,0.0067,0.0066,0.0066,0.0067,0.0067,0.0067,0.0067,0.0067,0.0067,0.0067,0.0067,0.0067,0.0067,0.0067,0.0067,0.0067,0.0067,0.0067,0.0067,0.0068,0.0070,0.0070,0.0070,0.0070,0.0070,0.0070,0.0070,0.0070,0.0070,0.0070,0.0071,0.0071,0.0071,0.0071,0.0071,0.0071,0.0073,0.0073,0.0073,0.0073,0.0073,0.0073,0.0073,0.0073,0.0074,0.0074,0.0074,0.0074,0.0074,0.0074,0.0074,0.0074,0.0074,0.0074,0.0074,0.0109,0.0109,0.0109,0.0109,0.0109,0.0114,0.0114,0.0114,0.0114,0.0114,0.0116,0.0116,0.0116,0.0116,0.0116,0.0116,0.0116,0.0116,0.0116,0.0116,0.0117,0.0117,0.0117,0.0117,0.0117,0.0117,0.0117,0.0118,0.0118,0.0118,0.0118,0.0117,0.0118,0.0118,0.0118,0.0118,0.0118,0.0118,0.0118,0.0118,0.0118,0.0118,0.0118,0.0118,0.0118,0.0118,0.0118,0.0118,0.0118,0.0117,0.0117,0.0117,0.0117,0.0117,0.0117,0.0117,0.0124,0.0124,0.0124,0.0126,0.0128,0.0128,0.0129,0.0129,0.0129,0.0129,0.0129,0.0129,0.0129,0.0140,0.0140,0.0140,0.0140,0.0140,0.0140,0.0140,0.0140,0.0140,0.0140,0.0140,0.0140,0.0140,0.0140,0.0140,0.0140,0.0140,0.0140,0.0140,0.0140,0.0140,0.0140,0.0140,0.0140,0.0140,0.0141,0.0141,0.0141,0.0141,0.0141,0.0141,0.0141,0.0141,0.0141,0.0141,0.0141,0.0141,0.0141,0.0141,0.0141,0.0141,0.0141,0.0141,0.0141,0.0141,0.0141,0.0141,0.0141,0.0141,0.0141,0.0141,0.0141,0.0141,0.0141,0.0141,0.0141,0.0141,0.0141,0.0141,0.0141,0.0141,0.0141,0.0140,0.0140,0.0140
45111.1666667,0.0045,0.0045,0.0045,0.0045,0.0045,0.0045,0.0046,0.0053,0.0053,0.0053,0.0053,0.0054,0.0054,0.0059,0.0059,0.0059,0.0059,0.0059,0.0059,0.0059,0.0059,0.0060,0.0060,0.0060,0.0060,0.0060,0.0060,0.0060,0.0060,0.0060,0.0060,0.0061,0.0061,0.0061,0.0061,0.0061,0.0061,0.0061,0.0061,0.0065,0.0065,0.0065,0.0065,0.0065,0.0065,0.0065,0.0065,0.0069,0.0069,0.0068,0.0069,0.0069,0.0069,0.0069,0.0069,0.0069,0.0068,0.0068,0.0069,0.0068,0.0068,0.0068,0.0068,0.0068,0.0068,0.0068,0.0068,0.0070,0.0070,0.0070,0.0070,0.0070,0.0070,0.0070,0.0070,0.0070,0.0070,0.0071,0.0071,0.0071,0.0072,0.0072,0.0072,0.0073,0.0073,0.0073,0.0073,0.0073,0.0073,0.0073,0.0073,0.0074,0.0074,0.0074,0.0074,0.0074,0.0074,0.0074,0.0074,0.0074,0.0074,0.0074,0.0109,0.0110,0.0110,0.0110,0.0110,0.0114,0.0114,0.0114,0.0115,0.0115,0.0116,0.0116,0.0116,0.0116,0.0116,0.0116,0.0116,0.0116,0.0116,0.0116,0.0117,0.0117,0.0117,0.0117,0.0117,0.0117,0.0118,0.0118,0.0118,0.0118,0.0118,0.0118,0.0118,0.0118,0.0118,0.0118,0.0119,0.0119,0.0119,0.0119,0.0119,0.0119,0.0119,0.0119,0.0119,0.0119,0.0119,0.0119,0.0119,0.0119,0.0119,0.0119,0.0118,0.0118,0.0119,0.0119,0.0125,0.0125,0.0124,0.0126,0.0129,0.0129,0.0129,0.0129,0.0129,0.0129,0.0129,0.0129,0.0129,0.0140,0.0140,0.0140,0.0140,0.0140,0.0140,0.0140,0.0140,0.0140,0.0140,0.0140,0.0140,0.0140,0.0140,0.0140,0.0140,0.0140,0.0140,0.0140,0.0140,0.0140,0.0140,0.0140,0.0140,0.0140,0.0141,0.0141,0.0141,0.0141,0.0141,0.0141,0.0141,0.0141,0.0141,0.0141,0.0141,0.0141,0.0141,0.0141,0.0141,0.0141,0.0141,0.0141,0.0141,0.0141,0.0141,0.0141,0.0141,0.0141,0.0141,0.0141,0.0141,0.0141,0.0141,0.0141,0.0141,0.0141,0.0141,0.0141,0.0141,0.0141,0.0141,0.0141,0.0141,0.0141
45111.2083333,0.0045,0.0045,0.0045,0.0045,0.0045,0.0045,0.0046,0.0053,0.0053,0.0053,0.0053,0.0054,0.0054,0.0059,0.0059,0.0059,0.0059,0.0059,0.0059,0.0059,0.0059,0.0060,0.0060,0.0060,0.0060,0.0060,0.0060,0.0060,0.0060,0.0060,0.0060,0.0061,0.0061,0.0061,0.0061,0.0061,0.0061,0.0061,0.0061,0.0065,0.0065,0.0065,0.0065,0.0065,0.0065,0.0065,0.0065,0.0069,0.0069,0.0069,0.0070,0.0070,0.0070,0.0070,0.0070,0.0070,0.0070,0.0070,0.0071,0.0070,0.0070,0.0070,0.0070,0.0070,0.0070,0.0070,0.0070,0.0071,0.0070,0.0070,0.0070,0.0070,0.0070,0.0070,0.0070,0.0070,0.0070,0.0071,0.0071,0.0072,0.0072,0.0072,0.0072,0.0073,0.0073,0.0073,0.0073,0.0073,0.0073,0.0073,0.0073,0.0074,0.0074,0.0074,0.0074,0.0074,0.0074,0.0074,0.0074,0.0074,0.0074,0.0074,0.0110,0.0110,0.0110,0.0110,0.0110,0.0114,0.0114,0.0115,0.0115,0.0115,0.0116,0.0116,0.0116,0.0116,0.0116,0.0116,0.0116,0.0116,0.0116,0.0116,0.0117,0.0117,0.0117,0.0117,0.0117,0.0118,0.0118,0.0118,0.0118,0.0118,0.0118,0.0118,0.0118,0.0118,0.0118,0.0119,0.0119,0.0119,0.0119,0.0119,0.0119,0.0119,0.0119,0.0119,0.0119,0.0119,0.0120,0.0120,0.0120,0.0120,0.0120,0.0120,0.0120,0.0120,0.0120,0.0120,0.0126,0.0126,0.0126,0.0128,0.0131,0.0131,0.0131,0.0131,0.0131,0.0131,0.0131,0.0131,0.0130,0.0141,0.0141,0.0141,0.0141,0.0141,0.0141,0.0141,0.0141,0.0140,0.0140,0.0140,0.0140,0.0141,0.0141,0.0141,0.0141,0.0141,0.0141,0.0141,0.0141,0.0141,0.0141,0.0141,0.0141,0.0141,0.0141,0.0141,0.0141,0.0141,0.0141,0.0141,0.0141,0.0141,0.0141,0.0141,0.0141,0.0141,0.0141,0.0141,0.0141,0.0141,0.0141,0.0141,0.0141,0.0141,0.0141,0.0141,0.0141,0.0141,0.0141,0.0141,0.0141,0.0141,0.0141,0.0141,0.0141,0.0141,0.0141,0.0141,0.0141,0.0141,0.0141,0.0141,0.0141,0.0141
45111.2500000,0.0045,0.0045,0.0045,0.0045,0.0045,0.0045,0.0046,0.0053,0.0053,0.0053,0.0053,0.0054,0.0054,0.0059,0.0059,0.0059,0.0059,0.0059,0.0059,0.0059,0.0059,0.0060,0.0060,0.0060,0.0060,0.0060,0.0060,0.0060,0.0060,0.0060,0.0060,0.0061,0.0061,0.0061,0.0061,0.0061,0.0061,0.0061,0.0061,0.0065,0.0065,0.0065,0.0065,0.0065,0.0065,0.0065,0.0065,0.0069,0.0069,0.0069,0.0070,0.0070,0.0070,0.0070,0.0071,0.0071,0.0071,0.0071,0.0071,0.0071,0.0071,0.0071,0.0071,0.0071,0.0071,0.0071,0.0071,0.0073,0.0072,0.0072,0.0072,0.0072,0.0071,0.0071,0.0071,0.0071,0.0071,0.0072,0.0072,0.0072,0.0072,0.0072,0.0072,0.0074,0.0073,0.0074,0.0074,0.0074,0.0074,0.0074,0.0074,0.0074,0.0074,0.0074,0.0074,0.0074,0.0074,0.0074,0.0074,0.0074,0.0074,0.0074,0.0110,0.0110,0.0110,0.0110,0.0110,0.0115,0.0115,0.0115,0.0115,0.0115,0.0116,0.0116,0.0116,0.0116,0.0116,0.0116,0.0117,0.0117,0.0117,0.0117,0.0117,0.0117,0.0117,0.0117,0.0117,0.0118,0.0118,0.0118,0.0118,0.0118,0.0118,0.0118,0.0118,0.0119,0.0119,0.0119,0.0119,0.0119,0.0119,0.0119,0.0119,0.0119,0.0119,0.0119,0.0119,0.0120,0.0120,0.0120,0.0120,0.0120,0.0120,0.0120,0.0120,0.0120,0.0120,0.0120,0.0126,0.0126,0.0126,0.0128,0.0131,0.0131,0.0131,0.0131,0.0131,0.0131,0.0131,0.0131,0.0131,0.0142,0.0142,0.0142,0.0142,0.0142,0.0142,0.0142,0.0142,0.0142,0.0142,0.0142,0.0142,0.0142,0.0142,0.0142,0.0142,0.0142,0.0142,0.0142,0.0142,0.0142,0.0142,0.0142,0.0141,0.0141,0.0141,0.0141,0.0141,0.0141,0.0141,0.0141,0.0141,0.0141,0.0141,0.0141,0.0141,0.0141,0.0141,0.0141,0.0141,0.0141,0.0141,0.0141,0.0141,0.0141,0.0141,0.0141,0.0141,0.0141,0.0141,0.0141,0.0141,0.0141,0.0141,0.0141,0.0141,0.0141,0.0141,0.0141,0.0141,0.0141,0.0141,0.0141,0.0141,0.0141
45111.2916667,0.0045,0.0045,0.0045,0.0045,0.0045,0.0045,0.0046,0.0053,0.0053,0.0053,0.0053,0.0054,0.0054,0.0059,0.0059,0.0059,0.0059,0.0059,0.0059,0.0059,0.0059,0.0060,0.0060,0.0060,0.0060,0.0060,0.0060,0.0060,0.0060,0.0060,0.0060,0.0061,0.0061,0.0061,0.0061,0.0061,0.0061,0.0061,0.0061,0.0065,0.0065,0.0065,0.0065,0.0065,0.0065,0.0065,0.0065,0.0069,0.0069,0.0069,0.0070,0.0070,0.0070,0.0070,0.0071,0.0071,0.0071,0.0071,0.0071,0.0071,0.0071,0.0071,0.0071,0.0071,0.0071,0.0071,0.0071,0.0073,0.0073,0.0073,0.0073,0.0073,0.0073,0.0073,0.0073,0.0073,0.0072,0.0074,0.0074,0.0074,0.0074,0.0074,0.0074,0.0075,0.0075,0.0075,0.0075,0.0075,0.0075,0.0075,0.0075,0.0075,0.0075,0.0075,0.0075,0.0075,0.0075,0.0075,0.0075,0.0075,0.0075,0.0075,0.0110,0.0110,0.0110,0.0110,0.0110,0.0115,0.0115,0.0115,0.0115,0.0115,0.0116,0.0116,0.0116,0.0117,0.0117,0.0117,0.0117,0.0117,0.0117,0.0117,0.0118,0.0118,0.0118,0.0118,0.0118,0.0118,0.0118,0.0118,0.0118,0.0118,0.0118,0.0118,0.0119,0.0119,0.0119,0.0119,0.0119,0.0119,0.0119,0.0119,0.0119,0.0119,0.0119,0.0119,0.0119,0.0120,0.0120,0.0120,0.0120,0.0120,0.0120,0.0120,0.0120,0.0120,0.0120,0.0120,0.0126,0.0126,0.0126,0.0128,0.0131,0.0131,0.0131,0.0131,0.0131,0.0132,0.0132,0.0132,0.0132,0.0142,0.0142,0.0142,0.0143,0.0143,0.0143,0.0143,0.0143,0.0143,0.0143,0.0142,0.0143,0.0143,0.0143,0.0143,0.0143,0.0143,0.0143,0.0143,0.0143,0.0143,0.0143,0.0143,0.0143,0.0143,0.0143,0.0143,0.0143,0.0143,0.0142,0.0142,0.0142,0.0142,0.0142,0.0142,0.0142,0.0142,0.0142,0.0142,0.0142,0.0142,0.0142,0.0142,0.0142,0.0142,0.0142,0.0142,0.0142,0.0142,0.0142,0.0142,0.0142,0.0142,0.0142,0.0142,0.0141,0.0141,0.0141,0.0141,0.0141,0.0141,0.0141,0.0141,0.0141,0.0141
45111.3333333,0.0045,0.0045,0.0045,0.0045,0.0045,0.0045,0.0046,0.0053,0.0053,0.0053,0.0053,0.0054,0.0054,0.0059,0.0059,0.0059,0.0059,0.0059,0.0059,0.0059,0.0059,0.0060,0.0060,0.0060,0.0060,0.0060,0.0060,0.0060,0.0060,0.0060,0.0060,0.0061,0.0061,0.0061,0.0061,0.0061,0.0061,0.0061,0.0061,0.0065,0.0065,0.0065,0.0065,0.0065,0.0065,0.0065,0.0065,0.0069,0.0069,0.0069,0.0070,0.0070,0.0070,0.0070,0.0071,0.0071,0.0071,0.0071,0.0071,0.0071,0.0071,0.0071,0.0071,0.0071,0.0071,0.0071,0.0071,0.0073,0.0073,0.0073,0.0073,0.0073,0.0073,0.0073,0.0073,0.0074,0.0073,0.0075,0.0075,0.0075,0.0075,0.0075,0.0075,0.0076,0.0076,0.0076,0.0076,0.0076,0.0076,0.0076,0.0076,0.0077,0.0077,0.0077,0.0077,0.0077,0.0077,0.0077,0.0076,0.0076,0.0076,0.0076,0.0112,0.0112,0.0112,0.0112,0.0112,0.0116,0.0116,0.0116,0.0116,0.0116,0.0117,0.0117,0.0117,0.0117,0.0117,0.0117,0.0117,0.0117,0.0117,0.0117,0.0118,0.0118,0.0118,0.0118,0.0118,0.0118,0.0118,0.0118,0.0118,0.0118,0.0118,0.0118,0.0119,0.0119,0.0119,0.0119,0.0119,0.0119,0.0119,0.0119,0.0119,0.0119,0.0120,0.0120,0.0120,0.0120,0.0120,0.0120,0.0120,0.0120,0.0120,0.0120,0.0120,0.0120,0.0120,0.0120,0.0126,0.0126,0.0126,0.0128,0.0131,0.0131,0.0131,0.0131,0.0132,0.0132,0.0132,0.0132,0.0132,0.0142,0.0142,0.0142,0.0143,0.0143,0.0143,0.0143,0.0143,0.0143,0.0143,0.0143,0.0143,0.0143,0.0143,0.0143,0.0143,0.0143,0.0143,0.0143,0.0143,0.0143,0.0143,0.0143,0.0143,0.0143,0.0143,0.0143,0.0143,0.0143,0.0143,0.0143,0.0143,0.0143,0.0143,0.0143,0.0143,0.0143,0.0143,0.0143,0.0143,0.0143,0.0143,0.0143,0.0143,0.0143,0.0143,0.0143,0.0143,0.0143,0.0143,0.0143,0.0143,0.0143,0.0143,0.0143,0.0143,0.0143,0.0143,0.0143,0.0143,0.0143,0.0142,0.0142,0.0142,0.0142
45111.3750000,0.0045,0.0045,0.0045,0.0045,0.0045,0.0045,0.0046,0.0053,0.0053,0.0053,0.0053,0.0054,0.0054,0.0059,0.0059,0.0059,0.0059,0.0059,0.0059,0.0059,0.0059,0.0060,0.0060,0.0060,0.0060,0.0060,0.0060,0.0060,0.0060,0.0060,0.0060,0.0061,0.0061,0.0061,0.0061,0.0061,0.0061,0.0061,0.0061,0.0065,0.0065,0.0065,0.0065,0.0065,0.0065,0.0065,0.0065,0.0069,0.0069,0.0069,0.0070,0.0070,0.0070,0.0070,0.0071,0.0071,0.0071,0.0071,0.0071,0.0071,0.0071,0.0071,0.0071,0.0071,0.0071,0.0071,0.0071,0.0073,0.0073,0.0073,0.0074,0.0074,0.0074,0.0074,0.0074,0.0074,0.0074,0.0075,0.0075,0.0075,0.0075,0.0076,0.0076,0.0077,0.0077,0.0077,0.0077,0.0077,0.0077,0.0077,0.0077,0.0078,0.0078,0.0078,0.0078,0.0078,0.0078,0.0078,0.0078,0.0078,0.0078,0.0077,0.0113,0.0113,0.0113,0.0113,0.0113,0.0117,0.0117,0.0117,0.0117,0.0117,0.0118,0.0118,0.0118,0.0118,0.0118,0.0118,0.0118,0.0118,0.0118,0.0118,0.0119,0.0119,0.0119,0.0118,0.0118,0.0119,0.0119,0.0119,0.0119,0.0119,0.0119,0.0119,0.0119,0.0119,0.0119,0.0119,0.0120,0.0120,0.0120,0.0120,0.0120,0.0120,0.0120,0.0120,0.0120,0.0120,0.0120,0.0120,0.0120,0.0120,0.0120,0.0120,0.0120,0.0120,0.0120,0.0120,0.0127,0.0126,0.0126,0.0128,0.0131,0.0131,0.0132,0.0132,0.0132,0.0132,0.0132,0.0132,0.0132,0.0143,0.0143,0.0143,0.0143,0.0143,0.0143,0.0143,0.0143,0.0143,0.0143,0.0143,0.0143,0.0143,0.0143,0.0143,0.0143,0.0143,0.0143,0.0143,0.0143,0.0143,0.0143,0.0143,0.0143,0.0143,0.0143,0.0143,0.0143,0.0143,0.0143,0.0143,0.0143,0.0143,0.0143,0.0143,0.0143,0.0143,0.0143,0.0143,0.0143,0.0143,0.0143,0.0143,0.0143,0.0143,0.0143,0.0143,0.0143,0.0143,0.0143,0.0143,0.0143,0.0143,0.0143,0.0143,0.0143,0.0143,0.0143,0.0143,0.0143,0.0143,0.0143,0.0143,0.0143,0.0143
45111.4166667,0.0045,0.0045,0.0045,0.0045,0.0045,0.0045,0.0046,0.0053,0.0053,0.0053,0.0053,0.0054,0.0054,0.0059,0.0059,0.0059,0.0059,0.0059,0.0059,0.0059,0.0059,0.0060,0.0060,0.0060,0.0060,0.0060,0.0060,0.0060,0.0060,0.0060,0.0060,0.0061,0.0061,0.0061,0.0061,0.0061,0.0061,0.0061,0.0061,0.0065,0.0065,0.0065,0.0065,0.0065,0.0065,0.0065,0.0065,0.0069,0.0069,0.0069,0.0070,0.0070,0.0070,0.0070,0.0071,0.0071,0.0071,0.0071,0.0071,0.0071,0.0071,0.0071,0.0071,0.0071,0.0071,0.0071,0.0071,0.0073,0.0073,0.0074,0.0074,0.0074,0.0074,0.0074,0.0074,0.0074,0.0074,0.0075,0.0075,0.0075,0.0076,0.0076,0.0076,0.0077,0.0077,0.0077,0.0077,0.0077,0.0077,0.0077,0.0077,0.0078,0.0078,0.0078,0.0078,0.0078,0.0078,0.0078,0.0078,0.0078,0.0078,0.0078,0.0114,0.0114,0.0114,0.0114,0.0114,0.0118,0.0118,0.0118,0.0118,0.0118,0.0119,0.0119,0.0119,0.0120,0.0120,0.0120,0.0120,0.0120,0.0120,0.0119,0.0120,0.0120,0.0120,0.0120,0.0120,0.0120,0.0120,0.0120,0.0120,0.0120,0.0120,0.0119,0.0120,0.0120,0.0120,0.0120,0.0120,0.0120,0.0120,0.0120,0.0120,0.0120,0.0120,0.0120,0.0120,0.0120,0.0120,0.0120,0.0120,0.0120,0.0120,0.0120,0.0120,0.0120,0.0121,0.0121,0.0127,0.0127,0.0127,0.0129,0.0132,0.0132,0.0132,0.0132,0.0132,0.0132,0.0132,0.0132,0.0132,0.0143,0.0143,0.0143,0.0143,0.0143,0.0143,0.0143,0.0143,0.0143,0.0143,0.0143,0.0143,0.0143,0.0143,0.0143,0.0143,0.0143,0.0143,0.0143,0.0143,0.0143,0.0143,0.0143,0.0143,0.0143,0.0143,0.0143,0.0143,0.0143,0.0143,0.0143,0.0143,0.0143,0.0143,0.0143,0.0143,0.0143,0.0143,0.0143,0.0143,0.0144,0.0144,0.0144,0.0144,0.0144,0.0144,0.0144,0.0144,0.0144,0.0144,0.0144,0.0144,0.0144,0.0144,0.0144,0.0144,0.0144,0.0144,0.0144,0.0144,0.0144,0.0144,0.0144,0.0144,0.0144
45111.4583333,0.0045,0.0045,0.0045,0.0045,0.0045,0.0045,0.0046,0.0053,0.0053,0.0053,0.0053,0.0054,0.0054,0.0059,0.0059,0.0059,0.0059,0.0059,0.0059,0.0059,0.0059,0.0060,0.0060,0.0060,0.0060,0.0060,0.0060,0.0060,0.0060,0.0060,0.0060,0.0061,0.0061,0.0061,0.0061,0.0061,0.0061,0.0061,0.0061,0.0065,0.0065,0.0065,0.0065,0.0065,0.0065,0.0065,0.0065,0.0069,0.0069,0.0069,0.0070,0.0070,0.0070,0.0070,0.0071,0.0071,0.0071,0.0071,0.0071,0.0071,0.0071,0.0071,0.0071,0.0071,0.0071,0.0071,0.0071,0.0073,0.0073,0.0074,0.0074,0.0074,0.0074,0.0074,0.0074,0.0074,0.0074,0.0075,0.0075,0.0075,0.0076,0.0076,0.0076,0.0077,0.0077,0.0077,0.0077,0.0077,0.0077,0.0077,0.0077,0.0078,0.0078,0.0078,0.0078,0.0078,0.0078,0.0078,0.0078,0.0078,0.0078,0.0078,0.0114,0.0114,0.0114,0.0114,0.0114,0.0118,0.0118,0.0119,0.0119,0.0119,0.0120,0.0120,0.0120,0.0120,0.0120,0.0120,0.0120,0.0120,0.0120,0.0120,0.0121,0.0121,0.0121,0.0121,0.0121,0.0121,0.0121,0.0121,0.0121,0.0121,0.0121,0.0121,0.0121,0.0121,0.0121,0.0121,0.0121,0.0121,0.0121,0.0121,0.0121,0.0121,0.0121,0.0121,0.0121,0.0121,0.0121,0.0121,0.0121,0.0121,0.0121,0.0121,0.0121,0.0121,0.0121,0.0121,0.0127,0.0127,0.0127,0.0129,0.0132,0.0132,0.0132,0.0132,0.0132,0.0132,0.0132,0.0132,0.0132,0.0143,0.0143,0.0143,0.0143,0.0143,0.0143,0.0143,0.0143,0.0143,0.0143,0.0143,0.0143,0.0143,0.0143,0.0143,0.0143,0.0143,0.0143,0.0144,0.0144,0.0144,0.0144,0.0144,0.0144,0.0144,0.0144,0.0144,0.0144,0.0144,0.0144,0.0144,0.0144,0.0144,0.0144,0.0144,0.0144,0.0144,0.0144,0.0144,0.0144,0.0144,0.0144,0.0144,0.0144,0.0144,0.0144,0.0144,0.0144,0.0144,0.0144,0.0144,0.0144,0.0144,0.0144,0.0144,0.0144,0.0144,0.0144,0.0144,0.0144,0.0144,0.0144,0.0144,0.0144,0.0144
45111.5000000,0.0045,0.0045,0.0045,0.0045,0.0045,0.0045,0.0046,0.0053,0.0053,0.0053,0.0053,0.0054,0.0054,0.0059,0.0059,0.0059,0.0059,0.0059,0.0059,0.0059,0.0059,0.0060,0.0060,0.0060,0.0060,0.0060,0.0060,0.0060,0.0060,0.0060,0.0060,0.0061,0.0061,0.0061,0.0061,0.0061,0.0061,0.0061,0.0061,0.0065,0.0065,0.0065,0.0065,0.0065,0.0065,0.0065,0.0065,0.0069,0.0069,0.0069,0.0070,0.0070,0.0070,0.0070,0.0071,0.0071,0.0071,0.0071,0.0071,0.0071,0.0071,0.0071,0.0071,0.0071,0.0071,0.0071,0.0071,0.0073,0.0073,0.0074,0.0074,0.0074,0.0074,0.0074,0.0074,0.0074,0.0074,0.0075,0.0075,0.0075,0.0076,0.0076,0.0076,0.0077,0.0077,0.0077,0.0077,0.0077,0.0077,0.0077,0.0077,0.0078,0.0078,0.0078,0.0078,0.0078,0.0078,0.0078,0.0078,0.0078,0.0078,0.0078,0.0114,0.0114,0.0114,0.0114,0.0114,0.0118,0.0118,0.0119,0.0119,0.0119,0.0120,0.0120,0.0120,0.0120,0.0120,0.0120,0.0121,0.0121,0.0121,0.0121,0.0121,0.0121,0.0121,0.0121,0.0121,0.0122,0.0122,0.0122,0.0122,0.0122,0.0122,0.0122,0.0122,0.0122,0.0122,0.0122,0.0123,0.0123,0.0122,0.0122,0.0122,0.0122,0.0122,0.0122,0.0122,0.0122,0.0122,0.0122,0.0122,0.0122,0.0122,0.0122,0.0122,0.0122,0.0122,0.0122,0.0128,0.0128,0.0128,0.0130,0.0133,0.0133,0.0133,0.0133,0.0133,0.0133,0.0133,0.0133,0.0133,0.0143,0.0143,0.0143,0.0143,0.0143,0.0143,0.0143,0.0143,0.0143,0.0143,0.0143,0.0143,0.0144,0.0144,0.0144,0.0144,0.0144,0.0144,0.0144,0.0144,0.0144,0.0144,0.0144,0.0144,0.0144,0.0144,0.0144,0.0144,0.0144,0.0144,0.0144,0.0144,0.0144,0.0144,0.0144,0.0144,0.0144,0.0144,0.0144,0.0144,0.0144,0.0144,0.0144,0.0144,0.0144,0.0144,0.0144,0.0144,0.0144,0.0144,0.0144,0.0144,0.0144,0.0144,0.0144,0.0144,0.0144,0.0144,0.0144,0.0144,0.0144,0.0144,0.0144,0.0144,0.0144
45111.5416667,0.0045,0.0045,0.0045,0.0045,0.0045,0.0045,0.0046,0.0053,0.0053,0.0053,0.0053,0.0054,0.0054,0.0059,0.0059,0.0059,0.0059,0.0059,0.0059,0.0059,0.0059,0.0060,0.0060,0.0060,0.0060,0.0060,0.0060,0.0060,0.0060,0.0060,0.0060,0.0061,0.0061,0.0061,0.0061,0.0061,0.0061,0.0061,0.0061,0.0065,0.0065,0.0065,0.0065,0.0065,0.0065,0.0065,0.0065,0.0069,0.0069,0.0069,0.0070,0.0070,0.0070,0.0070,0.0071,0.0071,0.0071,0.0071,0.0071,0.0071,0.0071,0.0071,0.0071,0.0071,0.0071,0.0071,0.0071,0.0073,0.0073,0.0074,0.0074,0.0074,0.0074,0.0074,0.0074,0.0074,0.0074,0.0075,0.0075,0.0075,0.0076,0.0076,0.0076,0.0077,0.0077,0.0077,0.0077,0.0077,0.0077,0.0077,0.0077,0.0078,0.0078,0.0078,0.0078,0.0078,0.0078,0.0078,0.0078,0.0078,0.0078,0.0078,0.0114,0.0114,0.0114,0.0114,0.0114,0.0118,0.0118,0.0119,0.0119,0.0119,0.0120,0.0120,0.0120,0.0120,0.0120,0.0120,0.0121,0.0121,0.0121,0.0121,0.0121,0.0122,0.0122,0.0122,0.0122,0.0122,0.0122,0.0122,0.0122,0.0122,0.0122,0.0122,0.0123,0.0123,0.0123,0.0123,0.0123,0.0123,0.0123,0.0123,0.0123,0.0123,0.0123,0.0123,0.0123,0.0123,0.0123,0.0123,0.0123,0.0123,0.0123,0.0123,0.0123,0.0123,0.0123,0.0123,0.0129,0.0129,0.0129,0.0131,0.0134,0.0134,0.0134,0.0134,0.0134,0.0134,0.0134,0.0134,0.0134,0.0144,0.0144,0.0144,0.0144,0.0144,0.0144,0.0144,0.0144,0.0144,0.0144,0.0144,0.0144,0.0144,0.0144,0.0144,0.0144,0.0144,0.0144,0.0144,0.0144,0.0144,0.0144,0.0144,0.0144,0.0144,0.0144,0.0144,0.0144,0.0144,0.0144,0.0144,0.0144,0.0144,0.0144,0.0144,0.0144,0.0144,0.0144,0.0144,0.0144,0.0144,0.0144,0.0144,0.0144,0.0144,0.0144,0.0144,0.0144,0.0144,0.0144,0.0144,0.0144,0.0144,0.0144,0.0144,0.0144,0.0144,0.0144,0.0144,0.0144,0.0144,0.0144,0.0144,0.0144,0.0144
45111.5833333,0.0045,0.0045,0.0045,0.0045,0.0045,0.0045,0.0046,0.0053,0.0053,0.0053,0.0053,0.0054,0.0054,0.0059,0.0059,0.0059,0.0059,0.0059,0.0059,0.0059,0.0059,0.0060,0.0060,0.0060,0.0060,0.0060,0.0060,0.0060,0.0060,0.0060,0.0060,0.0061,0.0061,0.0061,0.0061,0.0061,0.0061,0.0061,0.0061,0.0065,0.0065,0.0065,0.0065,0.0065,0.0065,0.0065,0.0065,0.0069,0.0069,0.0069,0.0070,0.0070,0.0070,0.0070,0.0071,0.0071,0.0071,0.0071,0.0071,0.0071,0.0071,0.0071,0.0071,0.0071,0.0071,0.0071,0.0071,0.0073,0.0073,0.0074,0.0074,0.0074,0.0074,0.0074,0.0074,0.0074,0.0074,0.0075,0.0075,0.0075,0.0076,0.0076,0.0076,0.0077,0.0077,0.0077,0.0077,0.0077,0.0077,0.0077,0.0077,0.0078,0.0078,0.0078,0.0078,0.0078,0.0078,0.0078,0.0078,0.0078,0.0078,0.0078,0.0114,0.0114,0.0114,0.0114,0.0114,0.0118,0.0118,0.0119,0.0119,0.0119,0.0120,0.0120,0.0120,0.0120,0.0120,0.0120,0.0121,0.0121,0.0121,0.0121,0.0121,0.0122,0.0122,0.0122,0.0122,0.0122,0.0122,0.0122,0.0122,0.0122,0.0122,0.0122,0.0123,0.0123,0.0123,0.0123,0.0123,0.0123,0.0123,0.0123,0.0123,0.0123,0.0124,0.0124,0.0124,0.0124,0.0124,0.0124,0.0124,0.0124,0.0124,0.0124,0.0124,0.0124,0.0124,0.0124,0.0130,0.0130,0.0130,0.0132,0.0135,0.0135,0.0135,0.0135,0.0135,0.0135,0.0135,0.0135,0.0135,0.0146,0.0146,0.0145,0.0145,0.0145,0.0145,0.0145,0.0145,0.0145,0.0145,0.0145,0.0145,0.0145,0.0145,0.0145,0.0145,0.0145,0.0145,0.0145,0.0145,0.0145,0.0145,0.0145,0.0145,0.0145,0.0145,0.0145,0.0145,0.0145,0.0145,0.0145,0.0145,0.0145,0.0145,0.0145,0.0145,0.0145,0.0145,0.0145,0.0144,0.0144,0.0144,0.0144,0.0144,0.0144,0.0144,0.0144,0.0144,0.0144,0.0144,0.0144,0.0144,0.0144,0.0144,0.0144,0.0144,0.0144,0.0144,0.0144,0.0144,0.0144,0.0144,0.0144,0.0144,0.0144
45111.6250000,0.0045,0.0045,0.0045,0.0045,0.0045,0.0045,0.0046,0.0053,0.0053,0.0053,0.0053,0.0054,0.0054,0.0059,0.0059,0.0059,0.0059,0.0059,0.0059,0.0059,0.0059,0.0060,0.0060,0.0060,0.0060,0.0060,0.0060,0.0060,0.0060,0.0060,0.0060,0.0061,0.0061,0.0061,0.0061,0.0061,0.0061,0.0061,0.0061,0.0065,0.0065,0.0065,0.0065,0.0065,0.0065,0.0065,0.0065,0.0069,0.0069,0.0069,0.0070,0.0070,0.0070,0.0070,0.0071,0.0071,0.0071,0.0071,0.0071,0.0071,0.0071,0.0071,0.0071,0.0071,0.0071,0.0071,0.0071,0.0073,0.0073,0.0074,0.0074,0.0074,0.0074,0.0074,0.0074,0.0074,0.0074,0.0075,0.0075,0.0075,0.0076,0.0076,0.0076,0.0077,0.0077,0.0077,0.0077,0.0077,0.0077,0.0077,0.0077,0.0078,0.0078,0.0078,0.0078,0.0078,0.0078,0.0078,0.0078,0.0078,0.0078,0.0078,0.0114,0.0114,0.0114,0.0114,0.0114,0.0118,0.0118,0.0119,0.0119,0.0119,0.0120,0.0120,0.0120,0.0120,0.0120,0.0120,0.0121,0.0121,0.0121,0.0121,0.0121,0.0122,0.0122,0.0122,0.0122,0.0122,0.0122,0.0122,0.0122,0.0122,0.0122,0.0122,0.0123,0.0123,0.0123,0.0123,0.0123,0.0123,0.0123,0.0123,0.0123,0.0124,0.0124,0.0124,0.0124,0.0124,0.0124,0.0124,0.0124,0.0124,0.0124,0.0124,0.0124,0.0124,0.0124,0.0124,0.0131,0.0130,0.0130,0.0132,0.0135,0.0135,0.0136,0.0136,0.0136,0.0136,0.0136,0.0136,0.0136,0.0146,0.0146,0.0146,0.0146,0.0146,0.0146,0.0146,0.0146,0.0146,0.0146,0.0146,0.0146,0.0146,0.0146,0.0146,0.0146,0.0146,0.0146,0.0146,0.0146,0.0146,0.0146,0.0146,0.0146,0.0146,0.0146,0.0146,0.0146,0.0146,0.0146,0.0146,0.0146,0.0146,0.0146,0.0146,0.0146,0.0146,0.0146,0.0146,0.0145,0.0145,0.0145,0.0145,0.0145,0.0145,0.0145,0.0145,0.0145,0.0145,0.0145,0.0145,0.0145,0.0145,0.0145,0.0145,0.0145,0.0145,0.0145,0.0145,0.0145,0.0145,0.0145,0.0145,0.0145,0.0145
45111.6666667,0.0045,0.0045,0.0045,0.0045,0.0045,0.0045,0.0046,0.0053,0.0053,0.0053,0.0053,0.0054,0.0054,0.0059,0.0059,0.0059,0.0059,0.0059,0.0059,0.0059,0.0059,0.0060,0.0060,0.0060,0.0060,0.0060,0.0060,0.0060,0.0060,0.0060,0.0060,0.0061,0.0061,0.0061,0.0061,0.0061,0.0061,0.0061,0.0061,0.0065,0.0065,0.0065,0.0065,0.0065,0.0065,0.0065,0.0065,0.0069,0.0069,0.0069,0.0070,0.0070,0.0070,0.0070,0.0071,0.0071,0.0071,0.0071,0.0071,0.0071,0.0071,0.0071,0.0071,0.0071,0.0071,0.0071,0.0071,0.0073,0.0073,0.0074,0.0074,0.0074,0.0074,0.0074,0.0074,0.0074,0.0074,0.0075,0.0075,0.0075,0.0076,0.0076,0.0076,0.0077,0.0077,0.0077,0.0077,0.0077,0.0077,0.0077,0.0077,0.0078,0.0078,0.0078,0.0078,0.0078,0.0078,0.0078,0.0078,0.0078,0.0078,0.0078,0.0114,0.0114,0.0114,0.0114,0.0114,0.0118,0.0118,0.0119,0.0119,0.0119,0.0120,0.0120,0.0120,0.0120,0.0120,0.0120,0.0121,0.0121,0.0121,0.0121,0.0121,0.0122,0.0122,0.0122,0.0122,0.0122,0.0122,0.0122,0.0122,0.0122,0.0122,0.0122,0.0123,0.0123,0.0123,0.0123,0.0123,0.0123,0.0123,0.0123,0.0124,0.0124,0.0124,0.0124,0.0124,0.0124,0.0124,0.0124,0.0124,0.0124,0.0124,0.0124,0.0124,0.0124,0.0124,0.0124,0.0131,0.0131,0.0131,0.0133,0.0135,0.0135,0.0136,0.0136,0.0136,0.0136,0.0136,0.0136,0.0136,0.0147,0.0147,0.0147,0.0147,0.0147,0.0147,0.0147,0.0147,0.0147,0.0147,0.0147,0.0147,0.0147,0.0147,0.0147,0.0147,0.0147,0.0147,0.0147,0.0147,0.0147,0.0147,0.0147,0.0147,0.0147,0.0147,0.0147,0.0147,0.0147,0.0147,0.0147,0.0147,0.0147,0.0147,0.0147,0.0147,0.0147,0.0147,0.0147,0.0147,0.0147,0.0147,0.0147,0.0147,0.0147,0.0146,0.0146,0.0146,0.0146,0.0146,0.0146,0.0146,0.0146,0.0146,0.0146,0.0146,0.0146,0.0146,0.0146,0.0146,0.0146,0.0146,0.0146,0.0146,0.0146
45111.7083333,0.0045,0.0045,0.0045,0.0045,0.0045,0.0045,0.0046,0.0053,0.0053,0.0053,0.0053,0.0054,0.0054,0.0059,0.0059,0.0059,0.0059,0.0059,0.0059,0.0059,0.0059,0.0060,0.0060,0.0060,0.0060,0.0060,0.0060,0.0060,0.0060,0.0060,0.0060,0.0061,0.0061,0.0061,0.0061,0.0061,0.0061,0.0061,0.0061,0.0065,0.0065,0.0065,0.0065,0.0065,0.0065,0.0065,0.0065,0.0069,0.0069,0.0069,0.0070,0.0070,0.0070,0.0070,0.0071,0.0071,0.0071,0.0071,0.0071,0.0071,0.0071,0.0071,0.0071,0.0071,0.0071,0.0071,0.0071,0.0073,0.0073,0.0074,0.0074,0.0074,0.0074,0.0074,0.0074,0.0074,0.0074,0.0075,0.0075,0.0075,0.0076,0.0076,0.0076,0.0077,0.0077,0.0077,0.0077,0.0077,0.0077,0.0077,0.0077,0.0078,0.0078,0.0078,0.0078,0.0078,0.0078,0.0078,0.0078,0.0078,0.0078,0.0078,0.0114,0.0114,0.0114,0.0114,0.0114,0.0118,0.0118,0.0119,0.0119,0.0119,0.0120,0.0120,0.0120,0.0120,0.0120,0.0120,0.0121,0.0121,0.0121,0.0121,0.0121,0.0122,0.0122,0.0122,0.0122,0.0122,0.0122,0.0122,0.0122,0.0122,0.0122,0.0122,0.0123,0.0123,0.0123,0.0123,0.0123,0.0123,0.0123,0.0123,0.0124,0.0124,0.0124,0.0124,0.0124,0.0124,0.0124,0.0124,0.0124,0.0124,0.0124,0.0124,0.0124,0.0124,0.0124,0.0124,0.0131,0.0131,0.0131,0.0133,0.0135,0.0136,0.0136,0.0136,0.0136,0.0136,0.0136,0.0136,0.0136,0.0147,0.0147,0.0147,0.0147,0.0147,0.0147,0.0147,0.0147,0.0147,0.0147,0.0147,0.0147,0.0147,0.0147,0.0147,0.0147,0.0147,0.0147,0.0147,0.0147,0.0147,0.0147,0.0148,0.0148,0.0148,0.0148,0.0148,0.0148,0.0148,0.0148,0.0148,0.0148,0.0148,0.0148,0.0147,0.0147,0.0147,0.0147,0.0147,0.0147,0.0147,0.0147,0.0147,0.0147,0.0147,0.0147,0.0147,0.0147,0.0147,0.0147,0.0147,0.0147,0.0147,0.0147,0.0147,0.0147,0.0147,0.0147,0.0147,0.0147,0.0147,0.0147,0.0147,0.0147,0.0147
45111.7500000,0.0045,0.0045,0.0045,0.0045,0.0045,0.0045,0.0046,0.0053,0.0053,0.0053,0.0053,0.0054,0.0054,0.0059,0.0059,0.0059,0.0059,0.0059,0.0059,0.0059,0.0059,0.0060,0.0060,0.0060,0.0060,0.0060,0.0060,0.0060,0.0060,0.0060,0.0060,0.0061,0.0061,0.0061,0.0061,0.0061,0.0061,0.0061,0.0061,0.0065,0.0065,0.0065,0.0065,0.0065,0.0065,0.0065,0.0065,0.0069,0.0069,0.0069,0.0070,0.0070,0.0070,0.0070,0.0071,0.0071,0.0071,0.0071,0.0071,0.0071,0.0071,0.0071,0.0071,0.0071,0.0071,0.0071,0.0071,0.0073,0.0073,0.0074,0.0074,0.0074,0.0074,0.0074,0.0074,0.0074,0.0074,0.0075,0.0075,0.0075,0.0076,0.0076,0.0076,0.0077,0.0077,0.0077,0.0077,0.0077,0.0077,0.0077,0.0077,0.0078,0.0078,0.0078,0.0078,0.0078,0.0078,0.0078,0.0078,0.0078,0.0078,0.0078,0.0114,0.0114,0.0114,0.0114,0.0114,0.0118,0.0118,0.0119,0.0119,0.0119,0.0120,0.0120,0.0120,0.0120,0.0120,0.0120,0.0121,0.0121,0.0121,0.0121,0.0121,0.0122,0.0122,0.0122,0.0122,0.0122,0.0122,0.0122,0.0122,0.0122,0.0122,0.0122,0.0123,0.0123,0.0123,0.0123,0.0123,0.0123,0.0123,0.0123,0.0124,0.0124,0.0124,0.0124,0.0124,0.0124,0.0124,0.0124,0.0124,0.0124,0.0124,0.0124,0.0124,0.0124,0.0124,0.0124,0.0131,0.0131,0.0131,0.0133,0.0135,0.0136,0.0136,0.0136,0.0136,0.0136,0.0136,0.0136,0.0136,0.0147,0.0147,0.0147,0.0147,0.0147,0.0147,0.0147,0.0147,0.0147,0.0147,0.0147,0.0147,0.0148,0.0148,0.0148,0.0148,0.0148,0.0148,0.0148,0.0148,0.0148,0.0148,0.0148,0.0148,0.0148,0.0148,0.0148,0.0148,0.0148,0.0148,0.0148,0.0148,0.0148,0.0148,0.0148,0.0148,0.0148,0.0148,0.0148,0.0148,0.0148,0.0148,0.0148,0.0148,0.0148,0.0148,0.0148,0.0148,0.0148,0.0148,0.0148,0.0148,0.0148,0.0148,0.0148,0.0148,0.0148,0.0148,0.0148,0.0148,0.0148,0.0148,0.0148,0.0148,0.0148
45111.7916667,0.0045,0.0045,0.0045,0.0045,0.0045,0.0045,0.0046,0.0053,0.0053,0.0053,0.0053,0.0054,0.0054,0.0059,0.0059,0.0059,0.0059,0.0059,0.0059,0.0059,0.0059,0.0060,0.0060,0.0060,0.0060,0.0060,0.0060,0.0060,0.0060,0.0060,0.0060,0.0061,0.0061,0.0061,0.0061,0.0061,0.0061,0.0061,0.0061,0.0065,0.0065,0.0065,0.0065,0.0065,0.0065,0.0065,0.0065,0.0069,0.0069,0.0069,0.0070,0.0070,0.0070,0.0070,0.0071,0.0071,0.0071,0.0071,0.0071,0.0071,0.0071,0.0071,0.0071,0.0071,0.0071,0.0071,0.0071,0.0073,0.0073,0.0074,0.0074,0.0074,0.0074,0.0074,0.0074,0.0074,0.0074,0.0075,0.0075,0.0075,0.0076,0.0076,0.0076,0.0077,0.0077,0.0077,0.0077,0.0077,0.0077,0.0077,0.0077,0.0078,0.0078,0.0078,0.0078,0.0078,0.0078,0.0078,0.0078,0.0078,0.0078,0.0078,0.0114,0.0114,0.0114,0.0114,0.0114,0.0118,0.0118,0.0119,0.0119,0.0119,0.0120,0.0120,0.0120,0.0120,0.0120,0.0120,0.0121,0.0121,0.0121,0.0121,0.0121,0.0122,0.0122,0.0122,0.0122,0.0122,0.0122,0.0122,0.0122,0.0122,0.0122,0.0122,0.0123,0.0123,0.0123,0.0123,0.0123,0.0123,0.0123,0.0123,0.0124,0.0124,0.0124,0.0124,0.0124,0.0124,0.0124,0.0124,0.0124,0.0124,0.0124,0.0124,0.0124,0.0124,0.0124,0.0124,0.0131,0.0131,0.0131,0.0133,0.0135,0.0136,0.0136,0.0136,0.0136,0.0136,0.0136,0.0136,0.0136,0.0147,0.0147,0.0147,0.0147,0.0147,0.0147,0.0147,0.0147,0.0147,0.0147,0.0147,0.0147,0.0148,0.0148,0.0148,0.0148,0.0148,0.0148,0.0148,0.0148,0.0148,0.0148,0.0148,0.0148,0.0148,0.0148,0.0148,0.0148,0.0148,0.0148,0.0148,0.0148,0.0148,0.0148,0.0148,0.0148,0.0148,0.0148,0.0148,0.0148,0.0148,0.0148,0.0148,0.0148,0.0148,0.0148,0.0148,0.0148,0.0148,0.0148,0.0148,0.0148,0.0148,0.0148,0.0148,0.0148,0.0148,0.0148,0.0148,0.0148,0.0148,0.0148,0.0148,0.0148,0.0148
45111.8333333,0.0045,0.0045,0.0045,0.0045,0.0045,0.0045,0.0046,0.0053,0.0053,0.0053,0.0053,0.0054,0.0054,0.0059,0.0059,0.0059,0.0059,0.0059,0.0059,0.0059,0.0059,0.0060,0.0060,0.0060,0.0060,0.0060,0.0060,0.0060,0.0060,0.0060,0.0060,0.0061,0.0061,0.0061,0.0061,0.0061,0.0061,0.0061,0.0061,0.0065,0.0065,0.0065,0.0065,0.0065,0.0065,0.0065,0.0065,0.0069,0.0069,0.0069,0.0070,0.0070,0.0070,0.0070,0.0071,0.0071,0.0071,0.0071,0.0071,0.0071,0.0071,0.0071,0.0071,0.0071,0.0071,0.0071,0.0071,0.0073,0.0073,0.0074,0.0074,0.0074,0.0074,0.0074,0.0074,0.0074,0.0074,0.0075,0.0075,0.0075,0.0076,0.0076,0.0076,0.0077,0.0077,0.0077,0.0077,0.0077,0.0077,0.0077,0.0077,0.0078,0.0078,0.0078,0.0078,0.0078,0.0078,0.0078,0.0078,0.0078,0.0078,0.0078,0.0114,0.0114,0.0114,0.0114,0.0114,0.0118,0.0118,0.0119,0.0119,0.0119,0.0120,0.0120,0.0120,0.0120,0.0120,0.0120,0.0121,0.0121,0.0121,0.0121,0.0121,0.0122,0.0122,0.0122,0.0122,0.0122,0.0122,0.0122,0.0122,0.0122,0.0122,0.0122,0.0123,0.0123,0.0123,0.0123,0.0123,0.0123,0.0123,0.0123,0.0124,0.0124,0.0124,0.0124,0.0124,0.0124,0.0124,0.0124,0.0124,0.0124,0.0124,0.0124,0.0124,0.0124,0.0124,0.0124,0.0131,0.0131,0.0131,0.0133,0.0135,0.0136,0.0136,0.0136,0.0136,0.0136,0.0136,0.0136,0.0136,0.0147,0.0147,0.0147,0.0147,0.0147,0.0147,0.0147,0.0147,0.0147,0.0147,0.0147,0.0147,0.0148,0.0148,0.0148,0.0148,0.0148,0.0148,0.0148,0.0148,0.0148,0.0148,0.0148,0.0148,0.0148,0.0148,0.0148,0.0148,0.0148,0.0148,0.0148,0.0148,0.0148,0.0148,0.0148,0.0148,0.0148,0.0148,0.0148,0.0148,0.0148,0.0148,0.0148,0.0148,0.0148,0.0148,0.0148,0.0148,0.0148,0.0148,0.0148,0.0148,0.0148,0.0148,0.0148,0.0148,0.0148,0.0148,0.0148,0.0148,0.0148,0.0148,0.0148,0.0148,0.0148
45111.8750000,0.0045,0.0045,0.0045,0.0045,0.0045,0.0045,0.0046,0.0053,0.0053,0.0053,0.0053,0.0054,0.0054,0.0059,0.0059,0.0059,0.0059,0.0059,0.0059,0.0059,0.0059,0.0060,0.0060,0.0060,0.0060,0.0060,0.0060,0.0060,0.0060,0.0060,0.0060,0.0061,0.0061,0.0061,0.0061,0.0061,0.0061,0.0061,0.0061,0.0065,0.0065,0.0065,0.0065,0.0065,0.0065,0.0065,0.0065,0.0069,0.0069,0.0069,0.0070,0.0070,0.0070,0.0070,0.0071,0.0071,0.0071,0.0071,0.0071,0.0071,0.0071,0.0071,0.0071,0.0071,0.0071,0.0071,0.0071,0.0073,0.0073,0.0074,0.0074,0.0074,0.0074,0.0074,0.0074,0.0074,0.0074,0.0075,0.0075,0.0075,0.0076,0.0076,0.0076,0.0077,0.0077,0.0077,0.0077,0.0077,0.0077,0.0077,0.0077,0.0078,0.0078,0.0078,0.0078,0.0078,0.0078,0.0078,0.0078,0.0078,0.0078,0.0078,0.0114,0.0114,0.0114,0.0114,0.0114,0.0118,0.0118,0.0119,0.0119,0.0119,0.0120,0.0120,0.0120,0.0120,0.0120,0.0120,0.0121,0.0121,0.0121,0.0121,0.0121,0.0122,0.0122,0.0122,0.0122,0.0122,0.0122,0.0122,0.0122,0.0122,0.0122,0.0122,0.0123,0.0123,0.0123,0.0123,0.0123,0.0123,0.0123,0.0123,0.0124,0.0124,0.0124,0.0124,0.0124,0.0124,0.0124,0.0124,0.0124,0.0124,0.0124,0.0124,0.0124,0.0124,0.0124,0.0124,0.0131,0.0131,0.0131,0.0133,0.0135,0.0136,0.0136,0.0136,0.0136,0.0136,0.0136,0.0136,0.0136,0.0147,0.0147,0.0147,0.0147,0.0147,0.0147,0.0147,0.0147,0.0147,0.0147,0.0147,0.0147,0.0148,0.0148,0.0148,0.0148,0.0148,0.0148,0.0148,0.0148,0.0148,0.0148,0.0148,0.0148,0.0148,0.0148,0.0148,0.0148,0.0148,0.0148,0.0148,0.0148,0.0148,0.0148,0.0148,0.0148,0.0148,0.0148,0.0148,0.0148,0.0148,0.0148,0.0148,0.0148,0.0148,0.0148,0.0148,0.0148,0.0148,0.0148,0.0148,0.0148,0.0148,0.0148,0.0148,0.0148,0.0148,0.0148,0.0148,0.0148,0.0148,0.0148,0.0148,0.0148,0.0148
45111.9166667,0.0045,0.0045,0.0045,0.0045,0.0045,0.0045,0.0046,0.0053,0.0053,0.0053,0.0053,0.0054,0.0054,0.0059,0.0059,0.0059,0.0059,0.0059,0.0059,0.0059,0.0059,0.0060,0.0060,0.0060,0.0060,0.0060,0.0060,0.0060,0.0060,0.0060,0.0060,0.0061,0.0061,0.0061,0.0061,0.0061,0.0061,0.0061,0.0061,0.0065,0.0065,0.0065,0.0065,0.0065,0.0065,0.0065,0.0065,0.0069,0.0069,0.0069,0.0070,0.0070,0.0070,0.0070,0.0071,0.0071,0.0071,0.0071,0.0071,0.0071,0.0071,0.0071,0.0071,0.0071,0.0071,0.0071,0.0071,0.0073,0.0073,0.0074,0.0074,0.0074,0.0074,0.0074,0.0074,0.0074,0.0074,0.0075,0.0075,0.0075,0.0076,0.0076,0.0076,0.0077,0.0077,0.0077,0.0077,0.0077,0.0077,0.0077,0.0077,0.0078,0.0078,0.0078,0.0078,0.0078,0.0078,0.0078,0.0078,0.0078,0.0078,0.0078,0.0114,0.0114,0.0114,0.0114,0.0114,0.0118,0.0118,0.0119,0.0119,0.0119,0.0120,0.0120,0.0120,0.0120,0.0120,0.0120,0.0121,0.0121,0.0121,0.0121,0.0121,0.0122,0.0122,0.0122,0.0122,0.0122,0.0122,0.0122,0.0122,0.0122,0.0122,0.0122,0.0123,0.0123,0.0123,0.0123,0.0123,0.0123,0.0123,0.0123,0.0124,0.0124,0.0124,0.0124,0.0124,0.0124,0.0124,0.0124,0.0124,0.0124,0.0124,0.0124,0.0124,0.0124,0.0124,0.0124,0.0131,0.0131,0.0131,0.0133,0.0135,0.0136,0.0136,0.0136,0.0136,0.0136,0.0136,0.0136,0.0136,0.0147,0.0147,0.0147,0.0147,0.0147,0.0147,0.0147,0.0147,0.0147,0.0147,0.0147,0.0147,0.0148,0.0148,0.0148,0.0148,0.0148,0.0148,0.0148,0.0148,0.0148,0.0148,0.0148,0.0148,0.0148,0.0148,0.0148,0.0148,0.0148,0.0148,0.0148,0.0148,0.0148,0.0148,0.0148,0.0148,0.0148,0.0148,0.0148,0.0148,0.0148,0.0148,0.0148,0.0148,0.0148,0.0148,0.0148,0.0148,0.0148,0.0148,0.0148,0.0148,0.0148,0.0148,0.0148,0.0148,0.0148,0.0148,0.0148,0.0148,0.0148,0.0148,0.0148,0.0148,0.0148
45111.9583333,0.0045,0.0045,0.0045,0.0045,0.0045,0.0045,0.0046,0.0053,0.0053,0.0053,0.0053,0.0054,0.0054,0.0059,0.0059,0.0059,0.0059,0.0059,0.0059,0.0059,0.0059,0.0060,0.0060,0.0060,0.0060,0.0060,0.0060,0.0060,0.0060,0.0060,0.0060,0.0061,0.0061,0.0061,0.0061,0.0061,0.0061,0.0061,0.0061,0.0065,0.0065,0.0065,0.0065,0.0065,0.0065,0.0065,0.0065,0.0069,0.0069,0.0069,0.0070,0.0070,0.0070,0.0070,0.0071,0.0071,0.0071,0.0071,0.0071,0.0071,0.0071,0.0071,0.0071,0.0071,0.0071,0.0071,0.0071,0.0073,0.0073,0.0074,0.0074,0.0074,0.0074,0.0074,0.0074,0.0074,0.0074,0.0075,0.0075,0.0075,0.0076,0.0076,0.0076,0.0077,0.0077,0.0077,0.0077,0.0077,0.0077,0.0077,0.0077,0.0078,0.0078,0.0078,0.0078,0.0078,0.0078,0.0078,0.0078,0.0078,0.0078,0.0078,0.0114,0.0114,0.0114,0.0114,0.0114,0.0118,0.0118,0.0119,0.0119,0.0119,0.0120,0.0120,0.0120,0.0120,0.0120,0.0120,0.0121,0.0121,0.0121,0.0121,0.0121,0.0122,0.0122,0.0122,0.0122,0.0122,0.0122,0.0122,0.0122,0.0122,0.0122,0.0122,0.0123,0.0123,0.0123,0.0123,0.0123,0.0123,0.0123,0.0123,0.0124,0.0124,0.0124,0.0124,0.0124,0.0124,0.0124,0.0124,0.0124,0.0124,0.0124,0.0124,0.0124,0.0124,0.0124,0.0124,0.0131,0.0131,0.0131,0.0133,0.0135,0.0136,0.0136,0.0136,0.0136,0.0136,0.0136,0.0136,0.0136,0.0147,0.0147,0.0147,0.0147,0.0147,0.0147,0.0147,0.0147,0.0147,0.0147,0.0147,0.0147,0.0148,0.0148,0.0148,0.0148,0.0148,0.0148,0.0148,0.0148,0.0148,0.0148,0.0148,0.0148,0.0148,0.0148,0.0148,0.0148,0.0148,0.0148,0.0148,0.0148,0.0148,0.0148,0.0148,0.0148,0.0148,0.0148,0.0148,0.0148,0.0148,0.0148,0.0148,0.0148,0.0148,0.0148,0.0148,0.0148,0.0148,0.0148,0.0148,0.0148,0.0148,0.0148,0.0148,0.0148,0.0148,0.0148,0.0148,0.0148,0.0148,0.0148,0.0148,0.0148,0.0148
45112.0000000,0.0052,0.0051,0.0051,0.0051,0.0051,0.0050,0.0050,0.0058,0.0058,0.0058,0.0057,0.0057,0.0056,0.0062,0.0061,0.0061,0.0060,0.0060,0.0060,0.0060,0.0060,0.0060,0.0060,0.0060,0.0060,0.0060,0.0060,0.0060,0.0060,0.0060,0.0060,0.0061,0.0061,0.0061,0.0061,0.0061,0.0061,0.0061,0.0061,0.0066,0.0066,0.0066,0.0066,0.0066,0.0066,0.0066,0.0066,0.0070,0.0070,0.0070,0.0070,0.0070,0.0071,0.0071,0.0071,0.0071,0.0071,0.0071,0.0071,0.0071,0.0071,0.0071,0.0071,0.0071,0.0071,0.0071,0.0071,0.0074,0.0074,0.0074,0.0074,0.0074,0.0074,0.0074,0.0074,0.0074,0.0074,0.0075,0.0075,0.0075,0.0076,0.0076,0.0076,0.0077,0.0077,0.0077,0.0077,0.0077,0.0077,0.0077,0.0077,0.0078,0.0078,0.0078,0.0078,0.0078,0.0078,0.0078,0.0078,0.0078,0.0078,0.0078,0.0118,0.0118,0.0118,0.0118,0.0117,0.0122,0.0121,0.0121,0.0120,0.0120,0.0121,0.0121,0.0121,0.0121,0.0121,0.0121,0.0121,0.0121,0.0121,0.0121,0.0122,0.0122,0.0122,0.0122,0.0122,0.0122,0.0122,0.0122,0.0122,0.0122,0.0122,0.0122,0.0123,0.0123,0.0123,0.0123,0.0123,0.0123,0.0123,0.0123,0.0124,0.0124,0.0124,0.0124,0.0124,0.0124,0.0124,0.0124,0.0124,0.0124,0.0124,0.0124,0.0124,0.0124,0.0124,0.0124,0.0131,0.0131,0.0131,0.0134,0.0136,0.0136,0.0137,0.0137,0.0137,0.0137,0.0137,0.0136,0.0136,0.0148,0.0148,0.0148,0.0148,0.0148,0.0148,0.0148,0.0148,0.0148,0.0148,0.0147,0.0148,0.0148,0.0148,0.0148,0.0148,0.0148,0.0148,0.0148,0.0148,0.0148,0.0148,0.0148,0.0148,0.0148,0.0148,0.0148,0.0148,0.0148,0.0148,0.0148,0.0148,0.0148,0.0148,0.0148,0.0148,0.0148,0.0148,0.0148,0.0148,0.0148,0.0148,0.0148,0.0148,0.0148,0.0148,0.0148,0.0148,0.0148,0.0148,0.0148,0.0148,0.0148,0.0148,0.0148,0.0148,0.0148,0.0148,0.0148,0.0148,0.0148,0.0148,0.0148,0.0148,0.0148
45112.0416667,0.0052,0.0052,0.0052,0.0052,0.0052,0.0052,0.0052,0.0061,0.0061,0.0061,0.0061,0.0061,0.0061,0.0067,0.0067,0.0067,0.0067,0.0066,0.0066,0.0065,0.0065,0.0065,0.0064,0.0064,0.0063,0.0063,0.0063,0.0062,0.0062,0.0062,0.0061,0.0061,0.0061,0.0061,0.0061,0.0061,0.0061,0.0061,0.0061,0.0066,0.0066,0.0066,0.0066,0.0066,0.0066,0.0066,0.0066,0.0071,0.0071,0.0071,0.0071,0.0071,0.0071,0.0071,0.0071,0.0071,0.0071,0.0071,0.0072,0.0072,0.0072,0.0072,0.0072,0.0072,0.0072,0.0072,0.0072,0.0074,0.0074,0.0074,0.0074,0.0074,0.0074,0.0074,0.0074,0.0074,0.0074,0.0075,0.0075,0.0076,0.0076,0.0076,0.0076,0.0077,0.0077,0.0077,0.0077,0.0077,0.0077,0.0077,0.0077,0.0078,0.0078,0.0078,0.0078,0.0078,0.0078,0.0078,0.0078,0.0078,0.0078,0.0078,0.0119,0.0119,0.0119,0.0119,0.0119,0.0124,0.0124,0.0124,0.0124,0.0124,0.0125,0.0125,0.0125,0.0125,0.0125,0.0125,0.0125,0.0124,0.0124,0.0124,0.0124,0.0124,0.0123,0.0123,0.0123,0.0123,0.0123,0.0122,0.0122,0.0122,0.0122,0.0122,0.0123,0.0123,0.0123,0.0123,0.0123,0.0123,0.0123,0.0123,0.0124,0.0124,0.0124,0.0124,0.0124,0.0124,0.0124,0.0124,0.0124,0.0124,0.0124,0.0124,0.0124,0.0124,0.0124,0.0124,0.0131,0.0131,0.0132,0.0134,0.0137,0.0137,0.0137,0.0137,0.0137,0.0137,0.0137,0.0137,0.0137,0.0149,0.0149,0.0149,0.0149,0.0149,0.0149,0.0149,0.0149,0.0149,0.0149,0.0149,0.0149,0.0149,0.0149,0.0149,0.0149,0.0149,0.0149,0.0149,0.0149,0.0149,0.0149,0.0149,0.0149,0.0149,0.0149,0.0149,0.0149,0.0148,0.0148,0.0148,0.0148,0.0148,0.0148,0.0148,0.0148,0.0148,0.0148,0.0148,0.0148,0.0148,0.0148,0.0148,0.0148,0.0148,0.0148,0.0148,0.0148,0.0148,0.0148,0.0148,0.0148,0.0148,0.0148,0.0148,0.0148,0.0148,0.0148,0.0148,0.0148,0.0148,0.0148,0.0148,0.0148,0.0148
45112.0833333,0.0052,0.0052,0.0052,0.0052,0.0052,0.0052,0.0052,0.0061,0.0061,0.0061,0.0061,0.0061,0.0061,0.0067,0.0067,0.0067,0.0067,0.0067,0.0068,0.0068,0.0068,0.0068,0.0068,0.0068,0.0068,0.0068,0.0068,0.0068,0.0068,0.0067,0.0067,0.0066,0.0066,0.0065,0.0064,0.0064,0.0064,0.0063,0.0063,0.0067,0.0067,0.0067,0.0067,0.0067,0.0066,0.0066,0.0066,0.0071,0.0071,0.0071,0.0071,0.0071,0.0071,0.0072,0.0072,0.0072,0.0072,0.0072,0.0072,0.0072,0.0072,0.0072,0.0072,0.0072,0.0072,0.0072,0.0072,0.0075,0.0074,0.0074,0.0074,0.0074,0.0074,0.0074,0.0074,0.0074,0.0074,0.0075,0.0075,0.0076,0.0076,0.0076,0.0076,0.0077,0.0077,0.0077,0.0077,0.0077,0.0077,0.0078,0.0078,0.0078,0.0078,0.0078,0.0078,0.0078,0.0078,0.0078,0.0078,0.0078,0.0078,0.0078,0.0119,0.0119,0.0119,0.0119,0.0119,0.0124,0.0124,0.0125,0.0125,0.0125,0.0126,0.0126,0.0126,0.0126,0.0126,0.0126,0.0126,0.0126,0.0126,0.0126,0.0127,0.0127,0.0127,0.0127,0.0126,0.0126,0.0126,0.0126,0.0126,0.0126,0.0125,0.0125,0.0125,0.0125,0.0125,0.0124,0.0125,0.0124,0.0124,0.0124,0.0124,0.0124,0.0124,0.0124,0.0124,0.0124,0.0124,0.0124,0.0124,0.0124,0.0124,0.0124,0.0124,0.0124,0.0124,0.0124,0.0131,0.0131,0.0132,0.0134,0.0137,0.0137,0.0137,0.0137,0.0137,0.0137,0.0137,0.0137,0.0137,0.0149,0.0150,0.0150,0.0150,0.0150,0.0150,0.0150,0.0150,0.0150,0.0150,0.0150,0.0150,0.0150,0.0150,0.0150,0.0150,0.0150,0.0150,0.0150,0.0150,0.0150,0.0150,0.0150,0.0150,0.0150,0.0150,0.0150,0.0150,0.0150,0.0150,0.0150,0.0150,0.0150,0.0150,0.0150,0.0150,0.0150,0.0150,0.0150,0.0150,0.0149,0.0149,0.0149,0.0149,0.0149,0.0149,0.0149,0.0149,0.0149,0.0149,0.0149,0.0149,0.0149,0.0149,0.0149,0.0149,0.0149,0.0149,0.0149,0.0149,0.0149,0.0148,0.0148,0.0148,0.0148
45112.1250000,0.0052,0.0052,0.0052,0.0052,0.0052,0.0052,0.0052,0.0061,0.0061,0.0061,0.0061,0.0061,0.0061,0.0067,0.0067,0.0067,0.0067,0.0068,0.0068,0.0068,0.0068,0.0068,0.0068,0.0068,0.0068,0.0068,0.0068,0.0068,0.0069,0.0069,0.0069,0.0069,0.0069,0.0069,0.0069,0.0069,0.0068,0.0068,0.0068,0.0072,0.0072,0.0072,0.0071,0.0071,0.0071,0.0070,0.0069,0.0073,0.0073,0.0073,0.0073,0.0073,0.0073,0.0073,0.0073,0.0072,0.0072,0.0072,0.0073,0.0072,0.0072,0.0072,0.0072,0.0072,0.0072,0.0072,0.0073,0.0075,0.0075,0.0075,0.0075,0.0075,0.0075,0.0075,0.0075,0.0075,0.0075,0.0076,0.0076,0.0076,0.0076,0.0076,0.0076,0.0078,0.0078,0.0078,0.0078,0.0078,0.0078,0.0078,0.0078,0.0079,0.0079,0.0079,0.0079,0.0079,0.0079,0.0079,0.0079,0.0079,0.0079,0.0079,0.0119,0.0119,0.0119,0.0119,0.0119,0.0124,0.0124,0.0125,0.0125,0.0125,0.0126,0.0126,0.0126,0.0126,0.0126,0.0126,0.0126,0.0127,0.0127,0.0127,0.0127,0.0127,0.0127,0.0127,0.0127,0.0128,0.0128,0.0128,0.0128,0.0128,0.0128,0.0128,0.0128,0.0128,0.0128,0.0128,0.0128,0.0128,0.0128,0.0127,0.0127,0.0127,0.0127,0.0127,0.0126,0.0126,0.0126,0.0126,0.0126,0.0125,0.0125,0.0125,0.0125,0.0125,0.0125,0.0125,0.0132,0.0132,0.0132,0.0134,0.0137,0.0137,0.0137,0.0137,0.0137,0.0137,0.0137,0.0137,0.0137,0.0149,0.0150,0.0150,0.0150,0.0150,0.0150,0.0150,0.0150,0.0150,0.0150,0.0150,0.0150,0.0150,0.0150,0.0150,0.0150,0.0150,0.0150,0.0150,0.0150,0.0150,0.0150,0.0150,0.0150,0.0150,0.0150,0.0150,0.0150,0.0150,0.0150,0.0150,0.0150,0.0150,0.0150,0.0150,0.0150,0.0150,0.0150,0.0150,0.0150,0.0150,0.0150,0.0150,0.0150,0.0150,0.0150,0.0150,0.0150,0.0150,0.0150,0.0150,0.0150,0.0150,0.0150,0.0150,0.0150,0.0150,0.0150,0.0150,0.0150,0.0150,0.0150,0.0150,0.0150,0.0150
45112.1666667,0.0052,0.0052,0.0052,0.0052,0.0052,0.0052,0.0052,0.0061,0.0061,0.0061,0.0061,0.0061,0.0061,0.0067,0.0067,0.0067,0.0067,0.0068,0.0068,0.0068,0.0068,0.0068,0.0068,0.0068,0.0068,0.0068,0.0068,0.0068,0.0069,0.0069,0.0069,0.0069,0.0069,0.0069,0.0069,0.0069,0.0069,0.0069,0.0069,0.0074,0.0074,0.0074,0.0074,0.0074,0.0074,0.0074,0.0073,0.0078,0.0077,0.0077,0.0078,0.0077,0.0077,0.0077,0.0077,0.0076,0.0076,0.0076,0.0076,0.0075,0.0075,0.0075,0.0075,0.0074,0.0074,0.0074,0.0074,0.0075,0.0075,0.0075,0.0075,0.0075,0.0075,0.0075,0.0075,0.0075,0.0075,0.0076,0.0076,0.0077,0.0077,0.0077,0.0077,0.0078,0.0078,0.0078,0.0078,0.0078,0.0078,0.0078,0.0078,0.0079,0.0079,0.0079,0.0079,0.0079,0.0079,0.0079,0.0079,0.0079,0.0079,0.0079,0.0120,0.0120,0.0120,0.0120,0.0120,0.0125,0.0125,0.0125,0.0125,0.0125,0.0126,0.0126,0.0126,0.0126,0.0127,0.0127,0.0127,0.0127,0.0127,0.0127,0.0127,0.0128,0.0128,0.0128,0.0128,0.0128,0.0128,0.0128,0.0128,0.0128,0.0128,0.0128,0.0129,0.0129,0.0129,0.0129,0.0129,0.0129,0.0129,0.0129,0.0129,0.0129,0.0129,0.0129,0.0129,0.0129,0.0129,0.0129,0.0129,0.0129,0.0128,0.0128,0.0128,0.0128,0.0128,0.0128,0.0135,0.0134,0.0134,0.0136,0.0139,0.0139,0.0139,0.0139,0.0139,0.0139,0.0138,0.0138,0.0138,0.0150,0.0150,0.0150,0.0150,0.0150,0.0150,0.0150,0.0150,0.0150,0.0150,0.0150,0.0150,0.0150,0.0150,0.0150,0.0150,0.0150,0.0150,0.0150,0.0150,0.0150,0.0150,0.0150,0.0150,0.0150,0.0150,0.0150,0.0150,0.0150,0.0150,0.0150,0.0150,0.0150,0.0150,0.0150,0.0150,0.0150,0.0151,0.0151,0.0151,0.0151,0.0151,0.0151,0.0151,0.0151,0.0151,0.0151,0.0151,0.0151,0.0151,0.0151,0.0151,0.0151,0.0151,0.0151,0.0151,0.0151,0.0151,0.0151,0.0151,0.0151,0.0151,0.0151,0.0151,0.0151
45112.2083333,0.0052,0.0052,0.0052,0.0052,0.0052,0.0052,0.0052,0.0061,0.0061,0.0061,0.0061,0.0061,0.0061,0.0067,0.0067,0.0067,0.0067,0.0068,0.0068,0.0068,0.0068,0.0068,0.0068,0.0068,0.0068,0.0068,0.0068,0.0068,0.0069,0.0069,0.0069,0.0069,0.0069,0.0069,0.0069,0.0069,0.0069,0.0069,0.0069,0.0074,0.0074,0.0074,0.0074,0.0074,0.0074,0.0074,0.0074,0.0079,0.0079,0.0079,0.0079,0.0079,0.0079,0.0080,0.0080,0.0080,0.0079,0.0079,0.0080,0.0080,0.0079,0.0079,0.0079,0.0079,0.0079,0.0078,0.0078,0.0079,0.0077,0.0077,0.0076,0.0076,0.0076,0.0076,0.0076,0.0076,0.0076,0.0077,0.0077,0.0077,0.0077,0.0077,0.0077,0.0078,0.0078,0.0079,0.0079,0.0079,0.0079,0.0079,0.0079,0.0079,0.0079,0.0079,0.0079,0.0079,0.0079,0.0079,0.0079,0.0079,0.0079,0.0079,0.0120,0.0120,0.0120,0.0120,0.0120,0.0125,0.0125,0.0125,0.0125,0.0125,0.0127,0.0127,0.0127,0.0127,0.0127,0.0127,0.0127,0.0127,0.0127,0.0127,0.0128,0.0128,0.0128,0.0128,0.0128,0.0128,0.0128,0.0128,0.0128,0.0128,0.0128,0.0128,0.0129,0.0129,0.0129,0.0129,0.0129,0.0129,0.0129,0.0129,0.0129,0.0129,0.0130,0.0130,0.0130,0.0130,0.0130,0.0130,0.0130,0.0130,0.0130,0.0130,0.0130,0.0130,0.0130,0.0130,0.0137,0.0137,0.0137,0.0139,0.0142,0.0142,0.0142,0.0142,0.0142,0.0142,0.0141,0.0141,0.0141,0.0153,0.0153,0.0152,0.0152,0.0152,0.0152,0.0151,0.0151,0.0151,0.0151,0.0151,0.0151,0.0151,0.0151,0.0151,0.0151,0.0151,0.0151,0.0151,0.0151,0.0151,0.0151,0.0151,0.0151,0.0151,0.0151,0.0151,0.0151,0.0151,0.0151,0.0151,0.0151,0.0151,0.0151,0.0151,0.0151,0.0151,0.0151,0.0151,0.0151,0.0151,0.0151,0.0151,0.0151,0.0151,0.0151,0.0151,0.0151,0.0151,0.0151,0.0151,0.0151,0.0151,0.0151,0.0151,0.0151,0.0151,0.0151,0.0151,0.0151,0.0151,0.0151,0.0151,0.0151,0.0151
45112.2500000,0.0052,0.0052,0.0052,0.0052,0.0052,0.0052,0.0052,0.0061,0.0061,0.0061,0.0061,0.0061,0.0061,0.0067,0.0067,0.0067,0.0067,0.0068,0.0068,0.0068,0.0068,0.0068,0.0068,0.0068,0.0068,0.0068,0.0068,0.0068,0.0069,0.0069,0.0069,0.0069,0.0069,0.0069,0.0069,0.0069,0.0069,0.0069,0.0069,0.0074,0.0074,0.0074,0.0074,0.0074,0.0074,0.0074,0.0074,0.0079,0.0079,0.0079,0.0079,0.0079,0.0080,0.0080,0.0080,0.0080,0.0080,0.0080,0.0080,0.0080,0.0080,0.0081,0.0081,0.0081,0.0081,0.0080,0.0080,0.0083,0.0081,0.0080,0.0080,0.0080,0.0079,0.0079,0.0078,0.0078,0.0078,0.0079,0.0079,0.0079,0.0079,0.0079,0.0079,0.0080,0.0080,0.0080,0.0080,0.0080,0.0080,0.0080,0.0080,0.0080,0.0080,0.0080,0.0080,0.0080,0.0080,0.0080,0.0080,0.0080,0.0080,0.0080,0.0120,0.0120,0.0120,0.0120,0.0120,0.0126,0.0126,0.0126,0.0126,0.0126,0.0127,0.0127,0.0127,0.0127,0.0127,0.0127,0.0127,0.0127,0.0127,0.0127,0.0128,0.0128,0.0128,0.0128,0.0128,0.0128,0.0128,0.0128,0.0128,0.0128,0.0128,0.0128,0.0129,0.0129,0.0129,0.0129,0.0129,0.0129,0.0130,0.0130,0.0130,0.0130,0.0130,0.0130,0.0130,0.0130,0.0130,0.0130,0.0130,0.0130,0.0130,0.0130,0.0130,0.0130,0.0130,0.0130,0.0137,0.0137,0.0137,0.0140,0.0142,0.0142,0.0143,0.0143,0.0143,0.0143,0.0143,0.0143,0.0143,0.0155,0.0155,0.0155,0.0155,0.0154,0.0154,0.0154,0.0154,0.0154,0.0154,0.0154,0.0154,0.0154,0.0154,0.0154,0.0154,0.0154,0.0154,0.0154,0.0153,0.0153,0.0153,0.0153,0.0153,0.0153,0.0153,0.0153,0.0153,0.0152,0.0152,0.0152,0.0152,0.0152,0.0152,0.0152,0.0152,0.0152,0.0152,0.0152,0.0151,0.0151,0.0151,0.0151,0.0151,0.0151,0.0151,0.0151,0.0151,0.0151,0.0151,0.0151,0.0151,0.0151,0.0151,0.0151,0.0151,0.0151,0.0151,0.0151,0.0151,0.0151,0.0151,0.0151,0.0151,0.0151
45112.2916667,0.0052,0.0052,0.0052,0.0052,0.0052,0.0052,0.0052,0.0061,0.0061,0.0061,0.0061,0.0061,0.0061,0.0067,0.0067,0.0067,0.0067,0.0068,0.0068,0.0068,0.0068,0.0068,0.0068,0.0068,0.0068,0.0068,0.0068,0.0068,0.0069,0.0069,0.0069,0.0069,0.0069,0.0069,0.0069,0.0069,0.0069,0.0069,0.0069,0.0074,0.0074,0.0074,0.0074,0.0074,0.0074,0.0074,0.0074,0.0079,0.0079,0.0079,0.0079,0.0079,0.0080,0.0080,0.0080,0.0080,0.0080,0.0080,0.0080,0.0081,0.0081,0.0081,0.0081,0.0081,0.0081,0.0081,0.0081,0.0083,0.0083,0.0082,0.0082,0.0082,0.0082,0.0082,0.0082,0.0082,0.0081,0.0082,0.0082,0.0082,0.0082,0.0082,0.0082,0.0084,0.0083,0.0083,0.0083,0.0083,0.0083,0.0083,0.0083,0.0083,0.0083,0.0083,0.0083,0.0082,0.0082,0.0082,0.0082,0.0082,0.0082,0.0082,0.0122,0.0122,0.0122,0.0122,0.0122,0.0127,0.0126,0.0126,0.0126,0.0126,0.0127,0.0127,0.0128,0.0128,0.0128,0.0128,0.0128,0.0128,0.0128,0.0128,0.0129,0.0129,0.0129,0.0129,0.0129,0.0129,0.0129,0.0129,0.0129,0.0129,0.0129,0.0129,0.0129,0.0129,0.0129,0.0129,0.0130,0.0130,0.0130,0.0130,0.0130,0.0130,0.0130,0.0130,0.0130,0.0130,0.0130,0.0130,0.0130,0.0130,0.0130,0.0130,0.0130,0.0130,0.0130,0.0130,0.0138,0.0138,0.0138,0.0140,0.0143,0.0143,0.0143,0.0143,0.0143,0.0143,0.0143,0.0143,0.0143,0.0155,0.0155,0.0155,0.0156,0.0155,0.0155,0.0155,0.0155,0.0155,0.0155,0.0155,0.0155,0.0156,0.0156,0.0156,0.0156,0.0156,0.0156,0.0156,0.0156,0.0156,0.0155,0.0155,0.0155,0.0155,0.0155,0.0155,0.0155,0.0155,0.0155,0.0155,0.0155,0.0155,0.0155,0.0155,0.0155,0.0154,0.0154,0.0154,0.0154,0.0154,0.0154,0.0154,0.0154,0.0154,0.0154,0.0153,0.0153,0.0153,0.0153,0.0153,0.0153,0.0153,0.0153,0.0153,0.0152,0.0152,0.0152,0.0152,0.0152,0.0152,0.0152,0.0152,0.0152,0.0152
45112.3333333,0.0052,0.0052,0.0052,0.0052,0.0052,0.0052,0.0052,0.0061,0.0061,0.0061,0.0061,0.0061,0.0061,0.0067,0.0067,0.0067,0.0067,0.0068,0.0068,0.0068,0.0068,0.0068,0.0068,0.0068,0.0068,0.0068,0.0068,0.0068,0.0069,0.0069,0.0069,0.0069,0.0069,0.0069,0.0069,0.0069,0.0069,0.0069,0.0069,0.0074,0.0074,0.0074,0.0074,0.0074,0.0074,0.0074,0.0074,0.0079,0.0079,0.0079,0.0079,0.0079,0.0080,0.0080,0.0080,0.0080,0.0080,0.0080,0.0080,0.0081,0.0081,0.0081,0.0081,0.0081,0.0081,0.0081,0.0081,0.0083,0.0083,0.0083,0.0083,0.0083,0.0083,0.0083,0.0083,0.0083,0.0083,0.0084,0.0084,0.0084,0.0085,0.0085,0.0085,0.0086,0.0086,0.0086,0.0086,0.0086,0.0086,0.0086,0.0086,0.0086,0.0086,0.0086,0.0086,0.0086,0.0086,0.0086,0.0085,0.0085,0.0085,0.0085,0.0125,0.0125,0.0125,0.0125,0.0125,0.0130,0.0129,0.0129,0.0129,0.0128,0.0129,0.0129,0.0129,0.0129,0.0129,0.0129,0.0129,0.0129,0.0129,0.0129,0.0129,0.0129,0.0129,0.0129,0.0129,0.0129,0.0129,0.0129,0.0129,0.0129,0.0129,0.0129,0.0130,0.0130,0.0130,0.0130,0.0130,0.0130,0.0130,0.0130,0.0130,0.0130,0.0130,0.0130,0.0130,0.0131,0.0131,0.0131,0.0131,0.0131,0.0131,0.0131,0.0131,0.0131,0.0131,0.0131,0.0138,0.0138,0.0138,0.0140,0.0143,0.0143,0.0143,0.0143,0.0143,0.0143,0.0143,0.0143,0.0143,0.0155,0.0156,0.0156,0.0156,0.0156,0.0156,0.0156,0.0156,0.0156,0.0156,0.0156,0.0156,0.0156,0.0156,0.0156,0.0156,0.0156,0.0156,0.0156,0.0156,0.0156,0.0156,0.0156,0.0156,0.0156,0.0156,0.0156,0.0156,0.0156,0.0156,0.0156,0.0156,0.0156,0.0156,0.0156,0.0156,0.0156,0.0156,0.0156,0.0156,0.0156,0.0156,0.0156,0.0156,0.0156,0.0156,0.0156,0.0156,0.0156,0.0156,0.0156,0.0155,0.0155,0.0155,0.0155,0.0155,0.0155,0.0155,0.0155,0.0155,0.0155,0.0155,0.0155,0.0154,0.0154
45112.3750000,0.0052,0.0052,0.0052,0.0052,0.0052,0.0052,0.0052,0.0061,0.0061,0.0061,0.0061,0.0061,0.0061,0.0067,0.0067,0.0067,0.0067,0.0068,0.0068,0.0068,0.0068,0.0068,0.0068,0.0068,0.0068,0.0068,0.0068,0.0068,0.0069,0.0069,0.0069,0.0069,0.0069,0.0069,0.0069,0.0069,0.0069,0.0069,0.0069,0.0074,0.0074,0.0074,0.0074,0.0074,0.0074,0.0074,0.0074,0.0079,0.0079,0.0079,0.0079,0.0079,0.0080,0.0080,0.0080,0.0080,0.0080,0.0080,0.0080,0.0081,0.0081,0.0081,0.0081,0.0081,0.0081,0.0081,0.0081,0.0083,0.0083,0.0083,0.0083,0.0083,0.0083,0.0083,0.0083,0.0083,0.0083,0.0085,0.0085,0.0085,0.0085,0.0085,0.0085,0.0086,0.0086,0.0087,0.0087,0.0087,0.0087,0.0087,0.0087,0.0087,0.0087,0.0087,0.0087,0.0087,0.0087,0.0087,0.0087,0.0087,0.0087,0.0087,0.0128,0.0128,0.0128,0.0128,0.0127,0.0133,0.0132,0.0132,0.0132,0.0132,0.0133,0.0132,0.0132,0.0133,0.0132,0.0132,0.0132,0.0132,0.0132,0.0132,0.0132,0.0132,0.0132,0.0131,0.0131,0.0131,0.0131,0.0131,0.0131,0.0131,0.0130,0.0130,0.0131,0.0131,0.0131,0.0131,0.0131,0.0131,0.0131,0.0131,0.0131,0.0131,0.0131,0.0131,0.0131,0.0131,0.0131,0.0131,0.0131,0.0131,0.0131,0.0131,0.0131,0.0131,0.0131,0.0131,0.0138,0.0138,0.0138,0.0140,0.0143,0.0143,0.0144,0.0144,0.0144,0.0144,0.0144,0.0144,0.0144,0.0156,0.0156,0.0156,0.0156,0.0156,0.0156,0.0156,0.0156,0.0156,0.0156,0.0156,0.0156,0.0156,0.0156,0.0156,0.0156,0.0156,0.0156,0.0156,0.0156,0.0156,0.0156,0.0156,0.0156,0.0156,0.0156,0.0156,0.0156,0.0156,0.0156,0.0156,0.0156,0.0156,0.0156,0.0156,0.0156,0.0156,0.0156,0.0156,0.0156,0.0156,0.0156,0.0156,0.0156,0.0156,0.0156,0.0156,0.0156,0.0156,0.0156,0.0156,0.0156,0.0156,0.0156,0.0156,0.0156,0.0156,0.0156,0.0156,0.0156,0.0156,0.0156,0.0156,0.0156,0.0156
45112.4166667,0.0052,0.0052,0.0052,0.0052,0.0052,0.0052,0.0052,0.0061,0.0061,0.0061,0.0061,0.0061,0.0061,0.0067,0.0067,0.0067,0.0067,0.0068,0.0068,0.0068,0.0068,0.0068,0.0068,0.0068,0.0068,0.0068,0.0068,0.0068,0.0069,0.0069,0.0069,0.0069,0.0069,0.0069,0.0069,0.0069,0.0069,0.0069,0.0069,0.0074,0.0074,0.0074,0.0074,0.0074,0.0074,0.0074,0.0074,0.0079,0.0079,0.0079,0.0079,0.0079,0.0080,0.0080,0.0080,0.0080,0.0080,0.0080,0.0080,0.0081,0.0081,0.0081,0.0081,0.0081,0.0081,0.0081,0.0081,0.0083,0.0083,0.0083,0.0083,0.0083,0.0083,0.0083,0.0083,0.0084,0.0084,0.0085,0.0085,0.0085,0.0085,0.0085,0.0085,0.0087,0.0087,0.0087,0.0087,0.0087,0.0087,0.0087,0.0087,0.0088,0.0088,0.0088,0.0088,0.0088,0.0088,0.0088,0.0088,0.0088,0.0088,0.0088,0.0128,0.0128,0.0128,0.0128,0.0128,0.0134,0.0134,0.0134,0.0134,0.0134,0.0135,0.0135,0.0135,0.0135,0.0135,0.0135,0.0135,0.0135,0.0135,0.0134,0.0135,0.0135,0.0135,0.0134,0.0134,0.0134,0.0134,0.0134,0.0134,0.0133,0.0133,0.0133,0.0133,0.0133,0.0133,0.0133,0.0133,0.0133,0.0132,0.0132,0.0132,0.0132,0.0132,0.0132,0.0132,0.0132,0.0132,0.0132,0.0132,0.0132,0.0132,0.0132,0.0132,0.0132,0.0132,0.0132,0.0139,0.0139,0.0139,0.0141,0.0144,0.0144,0.0144,0.0144,0.0144,0.0144,0.0144,0.0144,0.0144,0.0156,0.0156,0.0156,0.0156,0.0156,0.0156,0.0156,0.0156,0.0156,0.0156,0.0156,0.0156,0.0157,0.0157,0.0157,0.0157,0.0157,0.0157,0.0157,0.0157,0.0157,0.0157,0.0157,0.0157,0.0157,0.0157,0.0157,0.0157,0.0157,0.0157,0.0157,0.0157,0.0157,0.0157,0.0157,0.0157,0.0157,0.0157,0.0157,0.0157,0.0157,0.0157,0.0157,0.0157,0.0157,0.0157,0.0157,0.0157,0.0157,0.0157,0.0157,0.0157,0.0157,0.0157,0.0157,0.0157,0.0157,0.0157,0.0157,0.0157,0.0157,0.0157,0.0157,0.0157,0.0157
45112.4583333,0.0052,0.0052,0.0052,0.0052,0.0052,0.0052,0.0052,0.0061,0.0061,0.0061,0.0061,0.0061,0.0061,0.0067,0.0067,0.0067,0.0067,0.0068,0.0068,0.0068,0.0068,0.0068,0.0068,0.0068,0.0068,0.0068,0.0068,0.0068,0.0069,0.0069,0.0069,0.0069,0.0069,0.0069,0.0069,0.0069,0.0069,0.0069,0.0069,0.0074,0.0074,0.0074,0.0074,0.0074,0.0074,0.0074,0.0074,0.0079,0.0079,0.0079,0.0079,0.0079,0.0080,0.0080,0.0080,0.0080,0.0080,0.0080,0.0080,0.0081,0.0081,0.0081,0.0081,0.0081,0.0081,0.0081,0.0081,0.0083,0.0083,0.0083,0.0083,0.0083,0.0083,0.0083,0.0083,0.0084,0.0084,0.0085,0.0085,0.0085,0.0085,0.0085,0.0085,0.0087,0.0087,0.0087,0.0087,0.0087,0.0087,0.0087,0.0087,0.0088,0.0088,0.0088,0.0088,0.0088,0.0088,0.0088,0.0088,0.0088,0.0088,0.0088,0.0129,0.0129,0.0129,0.0129,0.0129,0.0134,0.0134,0.0134,0.0134,0.0134,0.0135,0.0135,0.0135,0.0136,0.0136,0.0136,0.0136,0.0136,0.0136,0.0136,0.0137,0.0136,0.0136,0.0136,0.0136,0.0136,0.0136,0.0136,0.0136,0.0136,0.0136,0.0136,0.0136,0.0136,0.0136,0.0136,0.0136,0.0136,0.0135,0.0135,0.0135,0.0135,0.0135,0.0135,0.0134,0.0135,0.0134,0.0134,0.0134,0.0134,0.0133,0.0133,0.0133,0.0133,0.0133,0.0133,0.0140,0.0140,0.0140,0.0142,0.0145,0.0145,0.0145,0.0145,0.0145,0.0145,0.0145,0.0145,0.0145,0.0157,0.0157,0.0157,0.0157,0.0157,0.0157,0.0157,0.0157,0.0157,0.0157,0.0157,0.0157,0.0157,0.0157,0.0157,0.0157,0.0157,0.0157,0.0157,0.0157,0.0157,0.0157,0.0157,0.0157,0.0157,0.0157,0.0157,0.0157,0.0157,0.0157,0.0157,0.0157,0.0157,0.0157,0.0157,0.0157,0.0157,0.0157,0.0157,0.0157,0.0157,0.0157,0.0157,0.0157,0.0157,0.0157,0.0157,0.0157,0.0157,0.0157,0.0157,0.0157,0.0157,0.0157,0.0157,0.0157,0.0157,0.0157,0.0157,0.0157,0.0157,0.0157,0.0157,0.0157,0.0157
45112.5000000,0.0052,0.0052,0.0052,0.0052,0.0052,0.0052,0.0052,0.0061,0.0061,0.0061,0.0061,0.0061,0.0061,0.0067,0.0067,0.0067,0.0067,0.0068,0.0068,0.0068,0.0068,0.0068,0.0068,0.0068,0.0068,0.0068,0.0068,0.0068,0.0069,0.0069,0.0069,0.0069,0.0069,0.0069,0.0069,0.0069,0.0069,0.0069,0.0069,0.0074,0.0074,0.0074,0.0074,0.0074,0.0074,0.0074,0.0074,0.0079,0.0079,0.0079,0.0079,0.0079,0.0080,0.0080,0.0080,0.0080,0.0080,0.0080,0.0080,0.0081,0.0081,0.0081,0.0081,0.0081,0.0081,0.0081,0.0081,0.0083,0.0083,0.0083,0.0083,0.0083,0.0083,0.0083,0.0083,0.0084,0.0084,0.0085,0.0085,0.0085,0.0085,0.0085,0.0085,0.0087,0.0087,0.0087,0.0087,0.0087,0.0087,0.0087,0.0087,0.0088,0.0088,0.0088,0.0088,0.0088,0.0088,0.0088,0.0088,0.0088,0.0088,0.0088,0.0129,0.0129,0.0129,0.0129,0.0129,0.0134,0.0134,0.0134,0.0134,0.0134,0.0135,0.0136,0.0136,0.0136,0.0136,0.0136,0.0136,0.0136,0.0136,0.0136,0.0137,0.0137,0.0137,0.0137,0.0137,0.0137,0.0137,0.0137,0.0137,0.0137,0.0137,0.0137,0.0138,0.0138,0.0138,0.0138,0.0138,0.0138,0.0138,0.0138,0.0138,0.0138,0.0138,0.0137,0.0137,0.0137,0.0137,0.0137,0.0137,0.0137,0.0136,0.0136,0.0136,0.0136,0.0136,0.0136,0.0143,0.0142,0.0142,0.0144,0.0147,0.0147,0.0147,0.0147,0.0147,0.0147,0.0147,0.0146,0.0146,0.0158,0.0158,0.0158,0.0158,0.0158,0.0158,0.0158,0.0158,0.0158,0.0157,0.0157,0.0158,0.0158,0.0158,0.0158,0.0158,0.0158,0.0158,0.0158,0.0158,0.0158,0.0158,0.0158,0.0158,0.0158,0.0158,0.0157,0.0157,0.0157,0.0157,0.0157,0.0157,0.0157,0.0157,0.0157,0.0157,0.0157,0.0157,0.0157,0.0157,0.0157,0.0157,0.0157,0.0157,0.0157,0.0157,0.0157,0.0157,0.0157,0.0157,0.0157,0.0157,0.0157,0.0157,0.0157,0.0157,0.0157,0.0157,0.0157,0.0157,0.0157,0.0157,0.0157,0.0157,0.0157
45112.5416667,0.0052,0.0052,0.0052,0.0052,0.0052,0.0052,0.0052,0.0061,0.0061,0.0061,0.0061,0.0061,0.0061,0.0067,0.0067,0.0067,0.0067,0.0068,0.0068,0.0068,0.0068,0.0068,0.0068,0.0068,0.0068,0.0068,0.0068,0.0068,0.0069,0.0069,0.0069,0.0069,0.0069,0.0069,0.0069,0.0069,0.0069,0.0069,0.0069,0.0074,0.0074,0.0074,0.0074,0.0074,0.0074,0.0074,0.0074,0.0079,0.0079,0.0079,0.0079,0.0079,0.0080,0.0080,0.0080,0.0080,0.0080,0.0080,0.0080,0.0081,0.0081,0.0081,0.0081,0.0081,0.0081,0.0081,0.0081,0.0083,0.0083,0.0083,0.0083,0.0083,0.0083,0.0083,0.0083,0.0084,0.0084,0.0085,0.0085,0.0085,0.0085,0.0085,0.0085,0.0087,0.0087,0.0087,0.0087,0.0087,0.0087,0.0087,0.0087,0.0088,0.0088,0.0088,0.0088,0.0088,0.0088,0.0088,0.0088,0.0088,0.0088,0.0088,0.0129,0.0129,0.0129,0.0129,0.0129,0.0134,0.0134,0.0134,0.0134,0.0134,0.0136,0.0136,0.0136,0.0136,0.0136,0.0136,0.0136,0.0136,0.0136,0.0136,0.0137,0.0137,0.0137,0.0137,0.0137,0.0137,0.0137,0.0138,0.0138,0.0138,0.0138,0.0138,0.0138,0.0138,0.0138,0.0138,0.0139,0.0139,0.0139,0.0139,0.0139,0.0139,0.0139,0.0139,0.0139,0.0139,0.0139,0.0139,0.0139,0.0139,0.0139,0.0138,0.0138,0.0138,0.0138,0.0138,0.0145,0.0145,0.0145,0.0147,0.0150,0.0150,0.0150,0.0150,0.0150,0.0150,0.0150,0.0149,0.0149,0.0161,0.0161,0.0160,0.0160,0.0160,0.0160,0.0160,0.0160,0.0159,0.0159,0.0159,0.0159,0.0160,0.0159,0.0159,0.0159,0.0159,0.0159,0.0159,0.0159,0.0159,0.0159,0.0159,0.0159,0.0159,0.0159,0.0159,0.0158,0.0158,0.0158,0.0158,0.0158,0.0158,0.0158,0.0158,0.0158,0.0158,0.0158,0.0158,0.0158,0.0158,0.0158,0.0158,0.0158,0.0158,0.0158,0.0158,0.0158,0.0158,0.0158,0.0158,0.0158,0.0158,0.0158,0.0158,0.0158,0.0158,0.0158,0.0158,0.0158,0.0158,0.0158,0.0158,0.0158,0.0158
45112.5833333,0.0052,0.0052,0.0052,0.0052,0.0052,0.0052,0.0052,0.0061,0.0061,0.0061,0.0061,0.0061,0.0061,0.0067,0.0067,0.0067,0.0067,0.0068,0.0068,0.0068,0.0068,0.0068,0.0068,0.0068,0.0068,0.0068,0.0068,0.0068,0.0069,0.0069,0.0069,0.0069,0.0069,0.0069,0.0069,0.0069,0.0069,0.0069,0.0069,0.0074,0.0074,0.0074,0.0074,0.0074,0.0074,0.0074,0.0074,0.0079,0.0079,0.0079,0.0079,0.0079,0.0080,0.0080,0.0080,0.0080,0.0080,0.0080,0.0080,0.0081,0.0081,0.0081,0.0081,0.0081,0.0081,0.0081,0.0081,0.0083,0.0083,0.0083,0.0083,0.0083,0.0083,0.0083,0.0083,0.0084,0.0084,0.0085,0.0085,0.0085,0.0085,0.0085,0.0085,0.0087,0.0087,0.0087,0.0087,0.0087,0.0087,0.0087,0.0087,0.0088,0.0088,0.0088,0.0088,0.0088,0.0088,0.0088,0.0088,0.0088,0.0088,0.0088,0.0129,0.0129,0.0129,0.0129,0.0129,0.0134,0.0134,0.0134,0.0134,0.0134,0.0136,0.0136,0.0136,0.0136,0.0136,0.0136,0.0136,0.0136,0.0136,0.0136,0.0137,0.0137,0.0137,0.0137,0.0137,0.0137,0.0137,0.0138,0.0138,0.0138,0.0138,0.0138,0.0138,0.0138,0.0138,0.0138,0.0139,0.0139,0.0139,0.0139,0.0139,0.0139,0.0139,0.0139,0.0139,0.0139,0.0139,0.0139,0.0139,0.0139,0.0139,0.0139,0.0139,0.0139,0.0140,0.0140,0.0147,0.0146,0.0146,0.0149,0.0152,0.0151,0.0152,0.0152,0.0152,0.0152,0.0152,0.0152,0.0151,0.0163,0.0163,0.0163,0.0163,0.0163,0.0163,0.0163,0.0162,0.0162,0.0162,0.0162,0.0162,0.0162,0.0162,0.0162,0.0162,0.0162,0.0162,0.0162,0.0162,0.0162,0.0161,0.0161,0.0161,0.0161,0.0161,0.0161,0.0161,0.0161,0.0161,0.0161,0.0160,0.0160,0.0160,0.0160,0.0160,0.0160,0.0160,0.0160,0.0160,0.0160,0.0160,0.0159,0.0159,0.0159,0.0159,0.0159,0.0159,0.0159,0.0159,0.0159,0.0159,0.0159,0.0159,0.0159,0.0159,0.0159,0.0159,0.0159,0.0159,0.0158,0.0158,0.0158,0.0158,0.0158
45112.6250000,0.0052,0.0052,0.0052,0.0052,0.0052,0.0052,0.0052,0.0061,0.0061,0.0061,0.0061,0.0061,0.0061,0.0067,0.0067,0.0067,0.0067,0.0068,0.0068,0.0068,0.0068,0.0068,0.0068,0.0068,0.0068,0.0068,0.0068,0.0068,0.0069,0.0069,0.0069,0.0069,0.0069,0.0069,0.0069,0.0069,0.0069,0.0069,0.0069,0.0074,0.0074,0.0074,0.0074,0.0074,0.0074,0.0074,0.0074,0.0079,0.0079,0.0079,0.0079,0.0079,0.0080,0.0080,0.0080,0.0080,0.0080,0.0080,0.0080,0.0081,0.0081,0.0081,0.0081,0.0081,0.0081,0.0081,0.0081,0.0083,0.0083,0.0083,0.0083,0.0083,0.0083,0.0083,0.0083,0.0084,0.0084,0.0085,0.0085,0.0085,0.0085,0.0085,0.0085,0.0087,0.0087,0.0087,0.0087,0.0087,0.0087,0.0087,0.0087,0.0088,0.0088,0.0088,0.0088,0.0088,0.0088,0.0088,0.0088,0.0088,0.0088,0.0088,0.0129,0.0129,0.0129,0.0129,0.0129,0.0134,0.0134,0.0134,0.0134,0.0134,0.0136,0.0136,0.0136,0.0136,0.0136,0.0136,0.0136,0.0136,0.0136,0.0136,0.0137,0.0137,0.0137,0.0137,0.0137,0.0137,0.0137,0.0138,0.0138,0.0138,0.0138,0.0138,0.0138,0.0138,0.0138,0.0138,0.0139,0.0139,0.0139,0.0139,0.0139,0.0139,0.0139,0.0139,0.0139,0.0139,0.0139,0.0140,0.0140,0.0140,0.0140,0.0140,0.0140,0.0140,0.0140,0.0140,0.0147,0.0147,0.0147,0.0149,0.0152,0.0152,0.0152,0.0152,0.0152,0.0152,0.0152,0.0152,0.0152,0.0165,0.0165,0.0164,0.0165,0.0164,0.0164,0.0164,0.0164,0.0164,0.0164,0.0164,0.0164,0.0164,0.0164,0.0164,0.0164,0.0164,0.0164,0.0164,0.0164,0.0164,0.0164,0.0164,0.0164,0.0164,0.0164,0.0164,0.0164,0.0163,0.0163,0.0163,0.0163,0.0163,0.0163,0.0163,0.0163,0.0163,0.0163,0.0163,0.0162,0.0162,0.0162,0.0162,0.0162,0.0162,0.0162,0.0162,0.0162,0.0162,0.0161,0.0161,0.0161,0.0161,0.0161,0.0161,0.0161,0.0161,0.0161,0.0161,0.0160,0.0160,0.0160,0.0160,0.0160,0.0160
45112.6666667,0.0052,0.0052,0.0052,0.0052,0.0052,0.0052,0.0052,0.0061,0.0061,0.0061,0.0061,0.0061,0.0061,0.0067,0.0067,0.0067,0.0067,0.0068,0.0068,0.0068,0.0068,0.0068,0.0068,0.0068,0.0068,0.0068,0.0068,0.0068,0.0069,0.0069,0.0069,0.0069,0.0069,0.0069,0.0069,0.0069,0.0069,0.0069,0.0069,0.0074,0.0074,0.0074,0.0074,0.0074,0.0074,0.0074,0.0074,0.0079,0.0079,0.0079,0.0079,0.0079,0.0080,0.0080,0.0080,0.0080,0.0080,0.0080,0.0080,0.0081,0.0081,0.0081,0.0081,0.0081,0.0081,0.0081,0.0081,0.0083,0.0083,0.0083,0.0083,0.0083,0.0083,0.0083,0.0083,0.0084,0.0084,0.0085,0.0085,0.0085,0.0085,0.0085,0.0085,0.0087,0.0087,0.0087,0.0087,0.0087,0.0087,0.0087,0.0087,0.0088,0.0088,0.0088,0.0088,0.0088,0.0088,0.0088,0.0088,0.0088,0.0088,0.0088,0.0129,0.0129,0.0129,0.0129,0.0129,0.0134,0.0134,0.0134,0.0134,0.0134,0.0136,0.0136,0.0136,0.0136,0.0136,0.0136,0.0136,0.0136,0.0136,0.0136,0.0137,0.0137,0.0137,0.0137,0.0137,0.0137,0.0137,0.0138,0.0138,0.0138,0.0138,0.0138,0.0138,0.0138,0.0138,0.0138,0.0139,0.0139,0.0139,0.0139,0.0139,0.0139,0.0139,0.0139,0.0139,0.0139,0.0140,0.0140,0.0140,0.0140,0.0140,0.0140,0.0140,0.0140,0.0140,0.0140,0.0147,0.0147,0.0147,0.0149,0.0152,0.0152,0.0152,0.0152,0.0152,0.0153,0.0153,0.0153,0.0153,0.0165,0.0165,0.0165,0.0165,0.0165,0.0165,0.0165,0.0165,0.0165,0.0165,0.0165,0.0165,0.0165,0.0165,0.0165,0.0165,0.0165,0.0165,0.0165,0.0165,0.0165,0.0165,0.0165,0.0165,0.0165,0.0165,0.0165,0.0165,0.0165,0.0165,0.0165,0.0165,0.0165,0.0165,0.0165,0.0165,0.0165,0.0165,0.0165,0.0165,0.0165,0.0165,0.0165,0.0164,0.0164,0.0164,0.0164,0.0164,0.0164,0.0164,0.0164,0.0164,0.0164,0.0164,0.0164,0.0164,0.0164,0.0163,0.0163,0.0163,0.0163,0.0163,0.0163,0.0163,0.0163
45112.7083333,0.0052,0.0052,0.0052,0.0052,0.0052,0.0052,0.0052,0.0061,0.0061,0.0061,0.0061,0.0061,0.0061,0.0067,0.0067,0.0067,0.0067,0.0068,0.0068,0.0068,0.0068,0.0068,0.0068,0.0068,0.0068,0.0068,0.0068,0.0068,0.0069,0.0069,0.0069,0.0069,0.0069,0.0069,0.0069,0.0069,0.0069,0.0069,0.0069,0.0074,0.0074,0.0074,0.0074,0.0074,0.0074,0.0074,0.0074,0.0079,0.0079,0.0079,0.0079,0.0079,0.0080,0.0080,0.0080,0.0080,0.0080,0.0080,0.0080,0.0081,0.0081,0.0081,0.0081,0.0081,0.0081,0.0081,0.0081,0.0083,0.0083,0.0083,0.0083,0.0083,0.0083,0.0083,0.0083,0.0084,0.0084,0.0085,0.0085,0.0085,0.0085,0.0085,0.0085,0.0087,0.0087,0.0087,0.0087,0.0087,0.0087,0.0087,0.0087,0.0088,0.0088,0.0088,0.0088,0.0088,0.0088,0.0088,0.0088,0.0088,0.0088,0.0088,0.0129,0.0129,0.0129,0.0129,0.0129,0.0134,0.0134,0.0134,0.0134,0.0134,0.0136,0.0136,0.0136,0.0136,0.0136,0.0136,0.0136,0.0136,0.0136,0.0136,0.0137,0.0137,0.0137,0.0137,0.0137,0.0137,0.0137,0.0138,0.0138,0.0138,0.0138,0.0138,0.0138,0.0138,0.0138,0.0138,0.0139,0.0139,0.0139,0.0139,0.0139,0.0139,0.0139,0.0139,0.0139,0.0139,0.0140,0.0140,0.0140,0.0140,0.0140,0.0140,0.0140,0.0140,0.0140,0.0140,0.0147,0.0147,0.0147,0.0149,0.0152,0.0152,0.0152,0.0152,0.0152,0.0153,0.0153,0.0153,0.0153,0.0165,0.0165,0.0165,0.0165,0.0165,0.0165,0.0165,0.0165,0.0165,0.0165,0.0165,0.0165,0.0166,0.0166,0.0166,0.0166,0.0166,0.0166,0.0166,0.0166,0.0166,0.0166,0.0166,0.0166,0.0166,0.0166,0.0166,0.0166,0.0166,0.0166,0.0166,0.0166,0.0166,0.0166,0.0166,0.0166,0.0166,0.0166,0.0166,0.0166,0.0166,0.0166,0.0166,0.0166,0.0166,0.0166,0.0166,0.0166,0.0166,0.0166,0.0166,0.0165,0.0165,0.0165,0.0165,0.0165,0.0165,0.0165,0.0165,0.0165,0.0165,0.0165,0.0165,0.0165,0.0165
45112.7500000,0.0052,0.0052,0.0052,0.0052,0.0052,0.0052,0.0052,0.0061,0.0061,0.0061,0.0061,0.0061,0.0061,0.0067,0.0067,0.0067,0.0067,0.0068,0.0068,0.0068,0.0068,0.0068,0.0068,0.0068,0.0068,0.0068,0.0068,0.0068,0.0069,0.0069,0.0069,0.0069,0.0069,0.0069,0.0069,0.0069,0.0069,0.0069,0.0069,0.0074,0.0074,0.0074,0.0074,0.0074,0.0074,0.0074,0.0074,0.0079,0.0079,0.0079,0.0079,0.0079,0.0080,0.0080,0.0080,0.0080,0.0080,0.0080,0.0080,0.0081,0.0081,0.0081,0.0081,0.0081,0.0081,0.0081,0.0081,0.0083,0.0083,0.0083,0.0083,0.0083,0.0083,0.0083,0.0083,0.0084,0.0084,0.0085,0.0085,0.0085,0.0085,0.0085,0.0085,0.0087,0.0087,0.0087,0.0087,0.0087,0.0087,0.0087,0.0087,0.0088,0.0088,0.0088,0.0088,0.0088,0.0088,0.0088,0.0088,0.0088,0.0088,0.0088,0.0129,0.0129,0.0129,0.0129,0.0129,0.0134,0.0134,0.0134,0.0134,0.0134,0.0136,0.0136,0.0136,0.0136,0.0136,0.0136,0.0136,0.0136,0.0136,0.0136,0.0137,0.0137,0.0137,0.0137,0.0137,0.0137,0.0137,0.0138,0.0138,0.0138,0.0138,0.0138,0.0138,0.0138,0.0138,0.0138,0.0139,0.0139,0.0139,0.0139,0.0139,0.0139,0.0139,0.0139,0.0139,0.0139,0.0140,0.0140,0.0140,0.0140,0.0140,0.0140,0.0140,0.0140,0.0140,0.0140,0.0147,0.0147,0.0147,0.0149,0.0152,0.0152,0.0152,0.0152,0.0152,0.0153,0.0153,0.0153,0.0153,0.0165,0.0165,0.0165,0.0165,0.0165,0.0165,0.0165,0.0165,0.0165,0.0165,0.0165,0.0165,0.0166,0.0166,0.0166,0.0166,0.0166,0.0166,0.0166,0.0166,0.0166,0.0166,0.0166,0.0166,0.0166,0.0166,0.0166,0.0166,0.0166,0.0166,0.0166,0.0166,0.0166,0.0166,0.0166,0.0166,0.0166,0.0166,0.0166,0.0166,0.0166,0.0166,0.0166,0.0166,0.0166,0.0166,0.0166,0.0166,0.0166,0.0166,0.0166,0.0166,0.0166,0.0166,0.0166,0.0166,0.0166,0.0166,0.0166,0.0166,0.0166,0.0166,0.0166,0.0166,0.0166
45112.7916667,0.0052,0.0052,0.0052,0.0052,0.0052,0.0052,0.0052,0.0061,0.0061,0.0061,0.0061,0.0061,0.0061,0.0067,0.0067,0.0067,0.0067,0.0068,0.0068,0.0068,0.0068,0.0068,0.0068,0.0068,0.0068,0.0068,0.0068,0.0068,0.0069,0.0069,0.0069,0.0069,0.0069,0.0069,0.0069,0.0069,0.0069,0.0069,0.0069,0.0074,0.0074,0.0074,0.0074,0.0074,0.0074,0.0074,0.0074,0.0079,0.0079,0.0079,0.0079,0.0079,0.0080,0.0080,0.0080,0.0080,0.0080,0.0080,0.0080,0.0081,0.0081,0.0081,0.0081,0.0081,0.0081,0.0081,0.0081,0.0083,0.0083,0.0083,0.0083,0.0083,0.0083,0.0083,0.0083,0.0084,0.0084,0.0085,0.0085,0.0085,0.0085,0.0085,0.0085,0.0087,0.0087,0.0087,0.0087,0.0087,0.0087,0.0087,0.0087,0.0088,0.0088,0.0088,0.0088,0.0088,0.0088,0.0088,0.0088,0.0088,0.0088,0.0088,0.0129,0.0129,0.0129,0.0129,0.0129,0.0134,0.0134,0.0134,0.0134,0.0134,0.0136,0.0136,0.0136,0.0136,0.0136,0.0136,0.0136,0.0136,0.0136,0.0136,0.0137,0.0137,0.0137,0.0137,0.0137,0.0137,0.0137,0.0138,0.0138,0.0138,0.0138,0.0138,0.0138,0.0138,0.0138,0.0138,0.0139,0.0139,0.0139,0.0139,0.0139,0.0139,0.0139,0.0139,0.0139,0.0139,0.0140,0.0140,0.0140,0.0140,0.0140,0.0140,0.0140,0.0140,0.0140,0.0140,0.0147,0.0147,0.0147,0.0149,0.0152,0.0152,0.0152,0.0152,0.0152,0.0153,0.0153,0.0153,0.0153,0.0165,0.0165,0.0165,0.0165,0.0165,0.0165,0.0165,0.0165,0.0165,0.0165,0.0165,0.0165,0.0166,0.0166,0.0166,0.0166,0.0166,0.0166,0.0166,0.0166,0.0166,0.0166,0.0166,0.0166,0.0166,0.0166,0.0166,0.0166,0.0166,0.0166,0.0166,0.0166,0.0166,0.0166,0.0166,0.0166,0.0166,0.0166,0.0166,0.0166,0.0166,0.0166,0.0166,0.0166,0.0166,0.0166,0.0166,0.0166,0.0166,0.0166,0.0166,0.0166,0.0166,0.0166,0.0166,0.0166,0.0166,0.0166,0.0166,0.0166,0.0166,0.0166,0.0166,0.0166,0.0166
45112.8333333,0.0052,0.0052,0.0052,0.0052,0.0052,0.0052,0.0052,0.0061,0.0061,0.0061,0.0061,0.0061,0.0061,0.0067,0.0067,0.0067,0.0067,0.0068,0.0068,0.0068,0.0068,0.0068,0.0068,0.0068,0.0068,0.0068,0.0068,0.0068,0.0069,0.0069,0.0069,0.0069,0.0069,0.0069,0.0069,0.0069,0.0069,0.0069,0.0069,0.0074,0.0074,0.0074,0.0074,0.0074,0.0074,0.0074,0.0074,0.0079,0.0079,0.0079,0.0079,0.0079,0.0080,0.0080,0.0080,0.0080,0.0080,0.0080,0.0080,0.0081,0.0081,0.0081,0.0081,0.0081,0.0081,0.0081,0.0081,0.0083,0.0083,0.0083,0.0083,0.0083,0.0083,0.0083,0.0083,0.0084,0.0084,0.0085,0.0085,0.0085,0.0085,0.0085,0.0085,0.0087,0.0087,0.0087,0.0087,0.0087,0.0087,0.0087,0.0087,0.0088,0.0088,0.0088,0.0088,0.0088,0.0088,0.0088,0.0088,0.0088,0.0088,0.0088,0.0129,0.0129,0.0129,0.0129,0.0129,0.0134,0.0134,0.0134,0.0134,0.0134,0.0136,0.0136,0.0136,0.0136,0.0136,0.0136,0.0136,0.0136,0.0136,0.0136,0.0137,0.0137,0.0137,0.0137,0.0137,0.0137,0.0137,0.0138,0.0138,0.0138,0.0138,0.0138,0.0138,0.0138,0.0138,0.0138,0.0139,0.0139,0.0139,0.0139,0.0139,0.0139,0.0139,0.0139,0.0139,0.0139,0.0140,0.0140,0.0140,0.0140,0.0140,0.0140,0.0140,0.0140,0.0140,0.0140,0.0147,0.0147,0.0147,0.0149,0.0152,0.0152,0.0152,0.0152,0.0152,0.0153,0.0153,0.0153,0.0153,0.0165,0.0165,0.0165,0.0165,0.0165,0.0165,0.0165,0.0165,0.0165,0.0165,0.0165,0.0165,0.0166,0.0166,0.0166,0.0166,0.0166,0.0166,0.0166,0.0166,0.0166,0.0166,0.0166,0.0166,0.0166,0.0166,0.0166,0.0166,0.0166,0.0166,0.0166,0.0166,0.0166,0.0166,0.0166,0.0166,0.0166,0.0166,0.0166,0.0166,0.0166,0.0166,0.0166,0.0166,0.0166,0.0166,0.0166,0.0166,0.0166,0.0166,0.0166,0.0166,0.0166,0.0166,0.0166,0.0166,0.0166,0.0166,0.0166,0.0166,0.0166,0.0166,0.0166,0.0166,0.0166
45112.8750000,0.0052,0.0052,0.0052,0.0052,0.0052,0.0052,0.0052,0.0061,0.0061,0.0061,0.0061,0.0061,0.0061,0.0067,0.0067,0.0067,0.0067,0.0068,0.0068,0.0068,0.0068,0.0068,0.0068,0.0068,0.0068,0.0068,0.0068,0.0068,0.0069,0.0069,0.0069,0.0069,0.0069,0.0069,0.0069,0.0069,0.0069,0.0069,0.0069,0.0074,0.0074,0.0074,0.0074,0.0074,0.0074,0.0074,0.0074,0.0079,0.0079,0.0079,0.0079,0.0079,0.0080,0.0080,0.0080,0.0080,0.0080,0.0080,0.0080,0.0081,0.0081,0.0081,0.0081,0.0081,0.0081,0.0081,0.0081,0.0083,0.0083,0.0083,0.0083,0.0083,0.0083,0.0083,0.0083,0.0084,0.0084,0.0085,0.0085,0.0085,0.0085,0.0085,0.0085,0.0087,0.0087,0.0087,0.0087,0.0087,0.0087,0.0087,0.0087,0.0088,0.0088,0.0088,0.0088,0.0088,0.0088,0.0088,0.0088,0.0088,0.0088,0.0088,0.0129,0.0129,0.0129,0.0129,0.0129,0.0134,0.0134,0.0134,0.0134,0.0134,0.0136,0.0136,0.0136,0.0136,0.0136,0.0136,0.0136,0.0136,0.0136,0.0136,0.0137,0.0137,0.0137,0.0137,0.0137,0.0137,0.0137,0.0138,0.0138,0.0138,0.0138,0.0138,0.0138,0.0138,0.0138,0.0138,0.0139,0.0139,0.0139,0.0139,0.0139,0.0139,0.0139,0.0139,0.0139,0.0139,0.0140,0.0140,0.0140,0.0140,0.0140,0.0140,0.0140,0.0140,0.0140,0.0140,0.0147,0.0147,0.0147,0.0149,0.0152,0.0152,0.0152,0.0152,0.0152,0.0153,0.0153,0.0153,0.0153,0.0165,0.0165,0.0165,0.0165,0.0165,0.0165,0.0165,0.0165,0.0165,0.0165,0.0165,0.0165,0.0166,0.0166,0.0166,0.0166,0.0166,0.0166,0.0166,0.0166,0.0166,0.0166,0.0166,0.0166,0.0166,0.0166,0.0166,0.0166,0.0166,0.0166,0.0166,0.0166,0.0166,0.0166,0.0166,0.0166,0.0166,0.0166,0.0166,0.0166,0.0166,0.0166,0.0166,0.0166,0.0166,0.0166,0.0166,0.0166,0.0166,0.0166,0.0166,0.0166,0.0166,0.0166,0.0166,0.0166,0.0166,0.0166,0.0166,0.0166,0.0166,0.0166,0.0166,0.0166,0.0166
45112.9166667,0.0052,0.0052,0.0052,0.0052,0.0052,0.0052,0.0052,0.0061,0.0061,0.0061,0.0061,0.0061,0.0061,0.0067,0.0067,0.0067,0.0067,0.0068,0.0068,0.0068,0.0068,0.0068,0.0068,0.0068,0.0068,0.0068,0.0068,0.0068,0.0069,0.0069,0.0069,0.0069,0.0069,0.0069,0.0069,0.0069,0.0069,0.0069,0.0069,0.0074,0.0074,0.0074,0.0074,0.0074,0.0074,0.0074,0.0074,0.0079,0.0079,0.0079,0.0079,0.0079,0.0080,0.0080,0.0080,0.0080,0.0080,0.0080,0.0080,0.0081,0.0081,0.0081,0.0081,0.0081,0.0081,0.0081,0.0081,0.0083,0.0083,0.0083,0.0083,0.0083,0.0083,0.0083,0.0083,0.0084,0.0084,0.0085,0.0085,0.0085,0.0085,0.0085,0.0085,0.0087,0.0087,0.0087,0.0087,0.0087,0.0087,0.0087,0.0087,0.0088,0.0088,0.0088,0.0088,0.0088,0.0088,0.0088,0.0088,0.0088,0.0088,0.0088,0.0129,0.0129,0.0129,0.0129,0.0129,0.0134,0.0134,0.0134,0.0134,0.0134,0.0136,0.0136,0.0136,0.0136,0.0136,0.0136,0.0136,0.0136,0.0136,0.0136,0.0137,0.0137,0.0137,0.0137,0.0137,0.0137,0.0137,0.0138,0.0138,0.0138,0.0138,0.0138,0.0138,0.0138,0.0138,0.0138,0.0139,0.0139,0.0139,0.0139,0.0139,0.0139,0.0139,0.0139,0.0139,0.0139,0.0140,0.0140,0.0140,0.0140,0.0140,0.0140,0.0140,0.0140,0.0140,0.0140,0.0147,0.0147,0.0147,0.0149,0.0152,0.0152,0.0152,0.0152,0.0152,0.0153,0.0153,0.0153,0.0153,0.0165,0.0165,0.0165,0.0165,0.0165,0.0165,0.0165,0.0165,0.0165,0.0165,0.0165,0.0165,0.0166,0.0166,0.0166,0.0166,0.0166,0.0166,0.0166,0.0166,0.0166,0.0166,0.0166,0.0166,0.0166,0.0166,0.0166,0.0166,0.0166,0.0166,0.0166,0.0166,0.0166,0.0166,0.0166,0.0166,0.0166,0.0166,0.0166,0.0166,0.0166,0.0166,0.0166,0.0166,0.0166,0.0166,0.0166,0.0166,0.0166,0.0166,0.0166,0.0166,0.0166,0.0166,0.0166,0.0166,0.0166,0.0166,0.0166,0.0166,0.0166,0.0166,0.0166,0.0166,0.0166
45112.9583333,0.0052,0.0052,0.0052,0.0052,0.0052,0.0052,0.0052,0.0061,0.0061,0.0061,0.0061,0.0061,0.0061,0.0067,0.0067,0.0067,0.0067,0.0068,0.0068,0.0068,0.0068,0.0068,0.0068,0.0068,0.0068,0.0068,0.0068,0.0068,0.0069,0.0069,0.0069,0.0069,0.0069,0.0069,0.0069,0.0069,0.0069,0.0069,0.0069,0.0074,0.0074,0.0074,0.0074,0.0074,0.0074,0.0074,0.0074,0.0079,0.0079,0.0079,0.0079,0.0079,0.0080,0.0080,0.0080,0.0080,0.0080,0.0080,0.0080,0.0081,0.0081,0.0081,0.0081,0.0081,0.0081,0.0081,0.0081,0.0083,0.0083,0.0083,0.0083,0.0083,0.0083,0.0083,0.0083,0.0084,0.0084,0.0085,0.0085,0.0085,0.0085,0.0085,0.0085,0.0087,0.0087,0.0087,0.0087,0.0087,0.0087,0.0087,0.0087,0.0088,0.0088,0.0088,0.0088,0.0088,0.0088,0.0088,0.0088,0.0088,0.0088,0.0088,0.0129,0.0129,0.0129,0.0129,0.0129,0.0134,0.0134,0.0134,0.0134,0.0134,0.0136,0.0136,0.0136,0.0136,0.0136,0.0136,0.0136,0.0136,0.0136,0.0136,0.0137,0.0137,0.0137,0.0137,0.0137,0.0137,0.0137,0.0138,0.0138,0.0138,0.0138,0.0138,0.0138,0.0138,0.0138,0.0138,0.0139,0.0139,0.0139,0.0139,0.0139,0.0139,0.0139,0.0139,0.0139,0.0139,0.0140,0.0140,0.0140,0.0140,0.0140,0.0140,0.0140,0.0140,0.0140,0.0140,0.0147,0.0147,0.0147,0.0149,0.0152,0.0152,0.0152,0.0152,0.0152,0.0153,0.0153,0.0153,0.0153,0.0165,0.0165,0.0165,0.0165,0.0165,0.0165,0.0165,0.0165,0.0165,0.0165,0.0165,0.0165,0.0166,0.0166,0.0166,0.0166,0.0166,0.0166,0.0166,0.0166,0.0166,0.0166,0.0166,0.0166,0.0166,0.0166,0.0166,0.0166,0.0166,0.0166,0.0166,0.0166,0.0166,0.0166,0.0166,0.0166,0.0166,0.0166,0.0166,0.0166,0.0166,0.0166,0.0166,0.0166,0.0166,0.0166,0.0166,0.0166,0.0166,0.0166,0.0166,0.0166,0.0166,0.0166,0.0166,0.0166,0.0166,0.0166,0.0166,0.0166,0.0166,0.0166,0.0166,0.0166,0.0166
45113.0000000,0.0047,0.0047,0.0048,0.0048,0.0048,0.0048,0.0049,0.0057,0.0058,0.0058,0.0058,0.0059,0.0059,0.0065,0.0065,0.0066,0.0066,0.0067,0.0067,0.0067,0.0067,0.0068,0.0068,0.0068,0.0068,0.0068,0.0068,0.0068,0.0069,0.0069,0.0069,0.0069,0.0069,0.0069,0.0069,0.0069,0.0069,0.0069,0.0069,0.0074,0.0074,0.0074,0.0074,0.0074,0.0074,0.0074,0.0074,0.0078,0.0078,0.0078,0.0079,0.0079,0.0079,0.0080,0.0080,0.0080,0.0080,0.0080,0.0080,0.0080,0.0080,0.0081,0.0081,0.0081,0.0081,0.0081,0.0081,0.0083,0.0083,0.0083,0.0083,0.0083,0.0083,0.0083,0.0083,0.0084,0.0084,0.0085,0.0085,0.0085,0.0085,0.0085,0.0085,0.0086,0.0086,0.0087,0.0087,0.0087,0.0087,0.0087,0.0087,0.0088,0.0088,0.0088,0.0088,0.0088,0.0088,0.0088,0.0088,0.0088,0.0088,0.0088,0.0125,0.0125,0.0126,0.0126,0.0126,0.0131,0.0132,0.0133,0.0133,0.0134,0.0135,0.0135,0.0135,0.0135,0.0136,0.0136,0.0136,0.0136,0.0136,0.0136,0.0137,0.0137,0.0137,0.0137,0.0137,0.0137,0.0137,0.0138,0.0138,0.0138,0.0138,0.0138,0.0138,0.0138,0.0138,0.0138,0.0139,0.0139,0.0139,0.0139,0.0139,0.0139,0.0139,0.0139,0.0139,0.0139,0.0140,0.0140,0.0140,0.0140,0.0140,0.0140,0.0140,0.0140,0.0140,0.0140,0.0146,0.0146,0.0146,0.0149,0.0151,0.0152,0.0152,0.0152,0.0152,0.0152,0.0152,0.0152,0.0153,0.0164,0.0164,0.0164,0.0165,0.0165,0.0165,0.0165,0.0165,0.0165,0.0165,0.0165,0.0165,0.0165,0.0165,0.0166,0.0166,0.0166,0.0166,0.0166,0.0166,0.0166,0.0166,0.0166,0.0166,0.0166,0.0166,0.0166,0.0166,0.0166,0.0166,0.0166,0.0166,0.0166,0.0166,0.0166,0.0166,0.0166,0.0166,0.0166,0.0166,0.0166,0.0166,0.0166,0.0166,0.0166,0.0166,0.0166,0.0166,0.0166,0.0166,0.0166,0.0166,0.0166,0.0166,0.0166,0.0166,0.0166,0.0166,0.0166,0.0166,0.0166,0.0166,0.0166,0.0166,0.0166
45113.0416667,0.0047,0.0047,0.0047,0.0047,0.0047,0.0047,0.0048,0.0055,0.0055,0.0055,0.0056,0.0056,0.0056,0.0061,0.0061,0.0062,0.0062,0.0062,0.0063,0.0063,0.0064,0.0064,0.0065,0.0065,0.0065,0.0066,0.0066,0.0066,0.0067,0.0068,0.0068,0.0068,0.0068,0.0069,0.0069,0.0069,0.0069,0.0069,0.0069,0.0074,0.0074,0.0074,0.0074,0.0074,0.0074,0.0074,0.0074,0.0078,0.0078,0.0078,0.0079,0.0079,0.0079,0.0079,0.0079,0.0079,0.0079,0.0079,0.0080,0.0080,0.0080,0.0080,0.0080,0.0080,0.0080,0.0080,0.0081,0.0083,0.0083,0.0083,0.0083,0.0083,0.0083,0.0083,0.0083,0.0083,0.0083,0.0085,0.0085,0.0085,0.0085,0.0085,0.0085,0.0086,0.0086,0.0087,0.0087,0.0087,0.0087,0.0087,0.0087,0.0088,0.0088,0.0088,0.0088,0.0088,0.0088,0.0088,0.0088,0.0088,0.0088,0.0088,0.0125,0.0125,0.0125,0.0125,0.0125,0.0130,0.0130,0.0130,0.0130,0.0131,0.0132,0.0132,0.0132,0.0132,0.0133,0.0133,0.0133,0.0133,0.0134,0.0134,0.0135,0.0135,0.0135,0.0136,0.0136,0.0137,0.0137,0.0137,0.0137,0.0137,0.0137,0.0138,0.0138,0.0138,0.0138,0.0138,0.0139,0.0139,0.0139,0.0139,0.0139,0.0139,0.0139,0.0139,0.0139,0.0139,0.0140,0.0140,0.0140,0.0140,0.0140,0.0140,0.0140,0.0140,0.0140,0.0140,0.0146,0.0146,0.0146,0.0148,0.0151,0.0151,0.0152,0.0152,0.0152,0.0152,0.0152,0.0152,0.0152,0.0163,0.0163,0.0163,0.0164,0.0164,0.0164,0.0164,0.0164,0.0164,0.0164,0.0164,0.0164,0.0164,0.0164,0.0164,0.0164,0.0165,0.0165,0.0165,0.0165,0.0165,0.0165,0.0165,0.0165,0.0165,0.0165,0.0165,0.0165,0.0165,0.0165,0.0165,0.0165,0.0166,0.0166,0.0166,0.0166,0.0166,0.0166,0.0166,0.0166,0.0166,0.0166,0.0166,0.0166,0.0166,0.0166,0.0166,0.0166,0.0166,0.0166,0.0166,0.0166,0.0166,0.0166,0.0166,0.0166,0.0166,0.0166,0.0166,0.0166,0.0166,0.0166,0.0166,0.0166,0.0166
45113.0833333,0.0047,0.0047,0.0047,0.0047,0.0047,0.0047,0.0048,0.0055,0.0055,0.0055,0.0056,0.0056,0.0056,0.0061,0.0061,0.0061,0.0061,0.0062,0.0062,0.0062,0.0062,0.0062,0.0062,0.0062,0.0062,0.0062,0.0063,0.0063,0.0063,0.0064,0.0064,0.0065,0.0065,0.0066,0.0066,0.0067,0.0067,0.0068,0.0068,0.0072,0.0073,0.0073,0.0073,0.0073,0.0073,0.0074,0.0074,0.0078,0.0078,0.0078,0.0079,0.0079,0.0079,0.0079,0.0079,0.0079,0.0079,0.0079,0.0080,0.0080,0.0080,0.0080,0.0080,0.0080,0.0080,0.0080,0.0080,0.0082,0.0082,0.0083,0.0083,0.0083,0.0083,0.0083,0.0083,0.0083,0.0083,0.0085,0.0085,0.0085,0.0085,0.0085,0.0085,0.0086,0.0086,0.0086,0.0087,0.0087,0.0087,0.0087,0.0087,0.0088,0.0088,0.0088,0.0088,0.0088,0.0088,0.0088,0.0088,0.0088,0.0088,0.0088,0.0125,0.0125,0.0125,0.0125,0.0125,0.0130,0.0130,0.0130,0.0130,0.0130,0.0131,0.0131,0.0131,0.0132,0.0132,0.0132,0.0132,0.0132,0.0132,0.0132,0.0133,0.0133,0.0133,0.0133,0.0134,0.0134,0.0134,0.0135,0.0135,0.0135,0.0135,0.0135,0.0136,0.0137,0.0137,0.0137,0.0138,0.0138,0.0138,0.0138,0.0139,0.0139,0.0139,0.0139,0.0139,0.0139,0.0139,0.0139,0.0140,0.0140,0.0140,0.0140,0.0140,0.0140,0.0140,0.0140,0.0146,0.0146,0.0146,0.0148,0.0151,0.0151,0.0152,0.0152,0.0152,0.0152,0.0152,0.0152,0.0152,0.0163,0.0163,0.0163,0.0163,0.0163,0.0163,0.0163,0.0163,0.0163,0.0163,0.0163,0.0164,0.0164,0.0164,0.0164,0.0164,0.0164,0.0164,0.0164,0.0164,0.0164,0.0164,0.0164,0.0164,0.0164,0.0164,0.0164,0.0164,0.0164,0.0164,0.0164,0.0164,0.0164,0.0164,0.0164,0.0165,0.0165,0.0165,0.0165,0.0165,0.0165,0.0165,0.0165,0.0165,0.0165,0.0165,0.0165,0.0165,0.0165,0.0165,0.0165,0.0165,0.0166,0.0166,0.0166,0.0166,0.0166,0.0166,0.0166,0.0166,0.0166,0.0166,0.0166,0.0166,0.0166
45113.1250000,0.0047,0.0047,0.0047,0.0047,0.0047,0.0047,0.0048,0.0055,0.0055,0.0055,0.0056,0.0056,0.0056,0.0061,0.0061,0.0061,0.0061,0.0062,0.0062,0.0062,0.0062,0.0062,0.0062,0.0062,0.0062,0.0062,0.0062,0.0062,0.0063,0.0063,0.0063,0.0063,0.0063,0.0063,0.0063,0.0064,0.0064,0.0064,0.0064,0.0069,0.0069,0.0069,0.0070,0.0070,0.0070,0.0071,0.0072,0.0076,0.0076,0.0076,0.0077,0.0077,0.0078,0.0078,0.0078,0.0078,0.0079,0.0079,0.0079,0.0079,0.0079,0.0080,0.0080,0.0080,0.0080,0.0080,0.0080,0.0082,0.0082,0.0082,0.0082,0.0082,0.0083,0.0083,0.0083,0.0083,0.0083,0.0084,0.0084,0.0085,0.0085,0.0085,0.0085,0.0086,0.0086,0.0086,0.0086,0.0086,0.0086,0.0086,0.0086,0.0087,0.0087,0.0087,0.0087,0.0087,0.0087,0.0087,0.0088,0.0088,0.0088,0.0088,0.0125,0.0125,0.0125,0.0125,0.0125,0.0130,0.0130,0.0130,0.0130,0.0130,0.0131,0.0131,0.0131,0.0132,0.0132,0.0132,0.0132,0.0132,0.0132,0.0132,0.0133,0.0133,0.0133,0.0133,0.0133,0.0133,0.0133,0.0133,0.0133,0.0134,0.0134,0.0134,0.0134,0.0134,0.0135,0.0135,0.0135,0.0135,0.0136,0.0136,0.0136,0.0136,0.0137,0.0137,0.0137,0.0137,0.0138,0.0138,0.0138,0.0138,0.0139,0.0139,0.0139,0.0139,0.0139,0.0139,0.0146,0.0146,0.0146,0.0148,0.0151,0.0151,0.0151,0.0151,0.0152,0.0152,0.0152,0.0152,0.0152,0.0163,0.0163,0.0163,0.0163,0.0163,0.0163,0.0163,0.0163,0.0163,0.0163,0.0163,0.0163,0.0164,0.0164,0.0164,0.0164,0.0164,0.0164,0.0164,0.0164,0.0164,0.0164,0.0164,0.0164,0.0164,0.0164,0.0164,0.0164,0.0164,0.0164,0.0164,0.0164,0.0164,0.0164,0.0164,0.0164,0.0164,0.0164,0.0164,0.0164,0.0164,0.0164,0.0164,0.0164,0.0164,0.0164,0.0164,0.0164,0.0164,0.0164,0.0164,0.0164,0.0165,0.0165,0.0165,0.0165,0.0165,0.0165,0.0165,0.0165,0.0165,0.0165,0.0165,0.0165,0.0165
45113.1666667,0.0047,0.0047,0.0047,0.0047,0.0047,0.0047,0.0048,0.0055,0.0055,0.0055,0.0056,0.0056,0.0056,0.0061,0.0061,0.0061,0.0061,0.0062,0.0062,0.0062,0.0062,0.0062,0.0062,0.0062,0.0062,0.0062,0.0062,0.0062,0.0063,0.0063,0.0063,0.0063,0.0063,0.0063,0.0063,0.0063,0.0063,0.0063,0.0063,0.0068,0.0068,0.0068,0.0068,0.0068,0.0068,0.0068,0.0069,0.0073,0.0073,0.0073,0.0074,0.0074,0.0075,0.0075,0.0075,0.0076,0.0076,0.0076,0.0077,0.0077,0.0077,0.0078,0.0078,0.0078,0.0078,0.0079,0.0079,0.0081,0.0082,0.0082,0.0082,0.0082,0.0082,0.0082,0.0082,0.0083,0.0083,0.0084,0.0084,0.0084,0.0084,0.0084,0.0084,0.0086,0.0086,0.0086,0.0086,0.0086,0.0086,0.0086,0.0086,0.0087,0.0087,0.0087,0.0087,0.0087,0.0087,0.0087,0.0087,0.0087,0.0087,0.0087,0.0124,0.0124,0.0124,0.0124,0.0125,0.0129,0.0129,0.0130,0.0130,0.0130,0.0131,0.0131,0.0131,0.0131,0.0132,0.0132,0.0132,0.0132,0.0132,0.0132,0.0133,0.0133,0.0133,0.0133,0.0133,0.0133,0.0133,0.0133,0.0133,0.0133,0.0133,0.0133,0.0134,0.0134,0.0134,0.0134,0.0135,0.0135,0.0135,0.0135,0.0135,0.0135,0.0135,0.0135,0.0135,0.0136,0.0136,0.0136,0.0136,0.0136,0.0136,0.0137,0.0137,0.0137,0.0137,0.0137,0.0144,0.0144,0.0144,0.0146,0.0149,0.0149,0.0150,0.0150,0.0150,0.0150,0.0151,0.0151,0.0151,0.0162,0.0163,0.0163,0.0163,0.0163,0.0163,0.0163,0.0163,0.0163,0.0163,0.0163,0.0163,0.0164,0.0164,0.0164,0.0164,0.0164,0.0164,0.0164,0.0164,0.0164,0.0164,0.0164,0.0164,0.0164,0.0164,0.0164,0.0164,0.0164,0.0164,0.0164,0.0164,0.0164,0.0164,0.0164,0.0164,0.0164,0.0164,0.0164,0.0164,0.0164,0.0164,0.0164,0.0164,0.0164,0.0164,0.0164,0.0164,0.0164,0.0164,0.0164,0.0164,0.0164,0.0164,0.0164,0.0164,0.0164,0.0164,0.0164,0.0164,0.0164,0.0164,0.0164,0.0164,0.0165
45113.2083333,0.0047,0.0047,0.0047,0.0047,0.0047,0.0047,0.0048,0.0055,0.0055,0.0055,0.0056,0.0056,0.0056,0.0061,0.0061,0.0061,0.0061,0.0062,0.0062,0.0062,0.0062,0.0062,0.0062,0.0062,0.0062,0.0062,0.0062,0.0062,0.0063,0.0063,0.0063,0.0063,0.0063,0.0063,0.0063,0.0063,0.0063,0.0063,0.0063,0.0068,0.0068,0.0068,0.0068,0.0068,0.0068,0.0068,0.0068,0.0072,0.0072,0.0072,0.0073,0.0073,0.0073,0.0073,0.0073,0.0073,0.0074,0.0074,0.0074,0.0074,0.0075,0.0075,0.0075,0.0075,0.0075,0.0076,0.0076,0.0079,0.0080,0.0081,0.0081,0.0081,0.0081,0.0082,0.0082,0.0082,0.0082,0.0083,0.0084,0.0084,0.0084,0.0084,0.0084,0.0085,0.0085,0.0086,0.0086,0.0086,0.0086,0.0086,0.0086,0.0087,0.0087,0.0087,0.0087,0.0087,0.0087,0.0087,0.0087,0.0087,0.0087,0.0087,0.0124,0.0124,0.0124,0.0124,0.0124,0.0129,0.0129,0.0129,0.0129,0.0130,0.0131,0.0131,0.0131,0.0131,0.0131,0.0131,0.0131,0.0131,0.0132,0.0132,0.0132,0.0132,0.0133,0.0133,0.0133,0.0133,0.0133,0.0133,0.0133,0.0133,0.0133,0.0133,0.0134,0.0134,0.0134,0.0134,0.0134,0.0135,0.0135,0.0135,0.0135,0.0135,0.0135,0.0135,0.0135,0.0135,0.0135,0.0135,0.0135,0.0135,0.0135,0.0136,0.0136,0.0136,0.0136,0.0136,0.0142,0.0142,0.0142,0.0145,0.0147,0.0148,0.0148,0.0148,0.0148,0.0148,0.0148,0.0149,0.0149,0.0160,0.0161,0.0161,0.0161,0.0161,0.0162,0.0162,0.0162,0.0162,0.0162,0.0162,0.0162,0.0163,0.0163,0.0163,0.0163,0.0163,0.0163,0.0163,0.0163,0.0163,0.0163,0.0163,0.0163,0.0163,0.0163,0.0164,0.0164,0.0164,0.0164,0.0164,0.0164,0.0164,0.0164,0.0164,0.0164,0.0164,0.0164,0.0164,0.0164,0.0164,0.0164,0.0164,0.0164,0.0164,0.0164,0.0164,0.0164,0.0164,0.0164,0.0164,0.0164,0.0164,0.0164,0.0164,0.0164,0.0164,0.0164,0.0164,0.0164,0.0164,0.0164,0.0164,0.0164,0.0164
45113.2500000,0.0047,0.0047,0.0047,0.0047,0.0047,0.0047,0.0048,0.0055,0.0055,0.0055,0.0056,0.0056,0.0056,0.0061,0.0061,0.0061,0.0061,0.0062,0.0062,0.0062,0.0062,0.0062,0.0062,0.0062,0.0062,0.0062,0.0062,0.0062,0.0063,0.0063,0.0063,0.0063,0.0063,0.0063,0.0063,0.0063,0.0063,0.0063,0.0063,0.0068,0.0068,0.0068,0.0068,0.0068,0.0068,0.0068,0.0068,0.0072,0.0072,0.0072,0.0073,0.0073,0.0073,0.0073,0.0073,0.0073,0.0073,0.0073,0.0074,0.0074,0.0074,0.0074,0.0074,0.0074,0.0074,0.0074,0.0074,0.0076,0.0078,0.0078,0.0079,0.0079,0.0079,0.0080,0.0080,0.0080,0.0080,0.0082,0.0082,0.0082,0.0082,0.0083,0.0083,0.0084,0.0084,0.0084,0.0084,0.0085,0.0085,0.0085,0.0085,0.0086,0.0086,0.0086,0.0086,0.0086,0.0086,0.0086,0.0086,0.0086,0.0086,0.0087,0.0124,0.0124,0.0124,0.0124,0.0124,0.0129,0.0129,0.0129,0.0129,0.0129,0.0130,0.0130,0.0131,0.0131,0.0131,0.0131,0.0131,0.0131,0.0131,0.0131,0.0132,0.0132,0.0132,0.0132,0.0132,0.0133,0.0133,0.0133,0.0133,0.0133,0.0133,0.0133,0.0134,0.0134,0.0134,0.0134,0.0134,0.0134,0.0134,0.0135,0.0135,0.0135,0.0135,0.0135,0.0135,0.0135,0.0135,0.0135,0.0135,0.0135,0.0135,0.0135,0.0135,0.0135,0.0136,0.0136,0.0142,0.0142,0.0142,0.0144,0.0147,0.0147,0.0147,0.0147,0.0147,0.0148,0.0148,0.0148,0.0148,0.0159,0.0159,0.0159,0.0160,0.0160,0.0160,0.0160,0.0160,0.0160,0.0160,0.0160,0.0160,0.0161,0.0161,0.0161,0.0161,0.0161,0.0161,0.0161,0.0161,0.0161,0.0161,0.0161,0.0162,0.0162,0.0162,0.0162,0.0162,0.0162,0.0162,0.0162,0.0162,0.0162,0.0163,0.0163,0.0163,0.0163,0.0163,0.0163,0.0163,0.0163,0.0163,0.0163,0.0163,0.0163,0.0164,0.0164,0.0164,0.0164,0.0164,0.0164,0.0164,0.0164,0.0164,0.0164,0.0164,0.0164,0.0164,0.0164,0.0164,0.0164,0.0164,0.0164,0.0164,0.0164
45113.2916667,0.0047,0.0047,0.0047,0.0047,0.0047,0.0047,0.0048,0.0055,0.0055,0.0055,0.0056,0.0056,0.0056,0.0061,0.0061,0.0061,0.0061,0.0062,0.0062,0.0062,0.0062,0.0062,0.0062,0.0062,0.0062,0.0062,0.0062,0.0062,0.0063,0.0063,0.0063,0.0063,0.0063,0.0063,0.0063,0.0063,0.0063,0.0063,0.0063,0.0068,0.0068,0.0068,0.0068,0.0068,0.0068,0.0068,0.0068,0.0072,0.0072,0.0072,0.0073,0.0073,0.0073,0.0073,0.0073,0.0073,0.0073,0.0073,0.0074,0.0074,0.0074,0.0074,0.0074,0.0074,0.0074,0.0074,0.0074,0.0076,0.0076,0.0077,0.0077,0.0077,0.0077,0.0078,0.0078,0.0078,0.0078,0.0080,0.0080,0.0080,0.0080,0.0080,0.0081,0.0082,0.0082,0.0082,0.0082,0.0082,0.0083,0.0083,0.0083,0.0084,0.0084,0.0084,0.0084,0.0084,0.0085,0.0085,0.0085,0.0085,0.0085,0.0085,0.0122,0.0122,0.0123,0.0123,0.0123,0.0128,0.0128,0.0128,0.0129,0.0129,0.0130,0.0130,0.0130,0.0130,0.0131,0.0131,0.0131,0.0131,0.0131,0.0131,0.0132,0.0132,0.0132,0.0132,0.0132,0.0132,0.0132,0.0133,0.0133,0.0133,0.0133,0.0133,0.0133,0.0133,0.0133,0.0134,0.0134,0.0134,0.0134,0.0134,0.0134,0.0134,0.0135,0.0135,0.0135,0.0135,0.0135,0.0135,0.0135,0.0135,0.0135,0.0135,0.0135,0.0135,0.0136,0.0136,0.0142,0.0142,0.0142,0.0144,0.0147,0.0147,0.0147,0.0147,0.0147,0.0147,0.0147,0.0148,0.0148,0.0159,0.0159,0.0159,0.0159,0.0159,0.0159,0.0159,0.0159,0.0159,0.0159,0.0159,0.0159,0.0160,0.0160,0.0160,0.0160,0.0160,0.0160,0.0160,0.0160,0.0160,0.0160,0.0160,0.0160,0.0160,0.0160,0.0160,0.0160,0.0160,0.0160,0.0160,0.0161,0.0161,0.0161,0.0161,0.0161,0.0161,0.0161,0.0161,0.0161,0.0161,0.0161,0.0161,0.0161,0.0162,0.0162,0.0162,0.0162,0.0162,0.0162,0.0162,0.0162,0.0162,0.0162,0.0163,0.0163,0.0163,0.0163,0.0163,0.0163,0.0163,0.0163,0.0163,0.0163,0.0163
45113.3333333,0.0047,0.0047,0.0047,0.0047,0.0047,0.0047,0.0048,0.0055,0.0055,0.0055,0.0056,0.0056,0.0056,0.0061,0.0061,0.0061,0.0061,0.0062,0.0062,0.0062,0.0062,0.0062,0.0062,0.0062,0.0062,0.0062,0.0062,0.0062,0.0063,0.0063,0.0063,0.0063,0.0063,0.0063,0.0063,0.0063,0.0063,0.0063,0.0063,0.0068,0.0068,0.0068,0.0068,0.0068,0.0068,0.0068,0.0068,0.0072,0.0072,0.0072,0.0073,0.0073,0.0073,0.0073,0.0073,0.0073,0.0073,0.0073,0.0074,0.0074,0.0074,0.0074,0.0074,0.0074,0.0074,0.0074,0.0074,0.0076,0.0076,0.0076,0.0076,0.0076,0.0076,0.0077,0.0077,0.0077,0.0077,0.0078,0.0078,0.0079,0.0079,0.0079,0.0079,0.0080,0.0080,0.0080,0.0081,0.0081,0.0081,0.0081,0.0081,0.0082,0.0082,0.0082,0.0082,0.0082,0.0082,0.0082,0.0083,0.0083,0.0083,0.0083,0.0120,0.0120,0.0120,0.0121,0.0121,0.0126,0.0126,0.0127,0.0127,0.0127,0.0129,0.0129,0.0129,0.0129,0.0129,0.0129,0.0130,0.0130,0.0130,0.0130,0.0131,0.0131,0.0131,0.0131,0.0132,0.0132,0.0132,0.0132,0.0132,0.0132,0.0132,0.0132,0.0133,0.0133,0.0133,0.0133,0.0134,0.0134,0.0134,0.0134,0.0134,0.0134,0.0134,0.0134,0.0134,0.0135,0.0135,0.0135,0.0135,0.0135,0.0135,0.0135,0.0135,0.0135,0.0135,0.0135,0.0142,0.0142,0.0142,0.0144,0.0147,0.0147,0.0147,0.0147,0.0147,0.0147,0.0147,0.0147,0.0147,0.0159,0.0159,0.0159,0.0159,0.0159,0.0159,0.0159,0.0159,0.0159,0.0159,0.0159,0.0159,0.0159,0.0159,0.0159,0.0159,0.0160,0.0160,0.0160,0.0160,0.0160,0.0160,0.0160,0.0160,0.0160,0.0160,0.0160,0.0160,0.0160,0.0160,0.0160,0.0160,0.0160,0.0160,0.0160,0.0160,0.0160,0.0160,0.0160,0.0160,0.0160,0.0160,0.0160,0.0160,0.0160,0.0160,0.0160,0.0160,0.0160,0.0160,0.0161,0.0161,0.0161,0.0161,0.0161,0.0161,0.0161,0.0161,0.0161,0.0161,0.0161,0.0161,0.0161,0.0161,0.0162
45113.3750000,0.0047,0.0047,0.0047,0.0047,0.0047,0.0047,0.0048,0.0055,0.0055,0.0055,0.0056,0.0056,0.0056,0.0061,0.0061,0.0061,0.0061,0.0062,0.0062,0.0062,0.0062,0.0062,0.0062,0.0062,0.0062,0.0062,0.0062,0.0062,0.0063,0.0063,0.0063,0.0063,0.0063,0.0063,0.0063,0.0063,0.0063,0.0063,0.0063,0.0068,0.0068,0.0068,0.0068,0.0068,0.0068,0.0068,0.0068,0.0072,0.0072,0.0072,0.0073,0.0073,0.0073,0.0073,0.0073,0.0073,0.0073,0.0073,0.0074,0.0074,0.0074,0.0074,0.0074,0.0074,0.0074,0.0074,0.0074,0.0076,0.0076,0.0076,0.0076,0.0076,0.0076,0.0076,0.0076,0.0077,0.0077,0.0078,0.0078,0.0078,0.0078,0.0078,0.0078,0.0080,0.0080,0.0080,0.0080,0.0080,0.0080,0.0080,0.0080,0.0081,0.0081,0.0081,0.0081,0.0081,0.0081,0.0081,0.0081,0.0081,0.0081,0.0081,0.0119,0.0119,0.0119,0.0119,0.0119,0.0124,0.0124,0.0124,0.0125,0.0125,0.0126,0.0127,0.0127,0.0127,0.0127,0.0127,0.0128,0.0128,0.0128,0.0128,0.0129,0.0129,0.0130,0.0130,0.0130,0.0131,0.0131,0.0131,0.0131,0.0131,0.0131,0.0132,0.0132,0.0132,0.0133,0.0133,0.0133,0.0133,0.0133,0.0134,0.0134,0.0134,0.0134,0.0134,0.0134,0.0134,0.0134,0.0134,0.0134,0.0134,0.0135,0.0135,0.0135,0.0135,0.0135,0.0135,0.0141,0.0141,0.0141,0.0144,0.0146,0.0146,0.0147,0.0147,0.0147,0.0147,0.0147,0.0147,0.0147,0.0158,0.0158,0.0159,0.0159,0.0159,0.0159,0.0159,0.0159,0.0159,0.0159,0.0159,0.0159,0.0159,0.0159,0.0159,0.0159,0.0159,0.0159,0.0159,0.0159,0.0159,0.0159,0.0159,0.0159,0.0160,0.0160,0.0160,0.0160,0.0160,0.0160,0.0160,0.0160,0.0160,0.0160,0.0160,0.0160,0.0160,0.0160,0.0160,0.0160,0.0160,0.0160,0.0160,0.0160,0.0160,0.0160,0.0160,0.0160,0.0160,0.0160,0.0160,0.0160,0.0160,0.0160,0.0160,0.0160,0.0160,0.0160,0.0160,0.0160,0.0160,0.0160,0.0160,0.0160,0.0160
45113.4166667,0.0047,0.0047,0.0047,0.0047,0.0047,0.0047,0.0048,0.0055,0.0055,0.0055,0.0056,0.0056,0.0056,0.0061,0.0061,0.0061,0.0061,0.0062,0.0062,0.0062,0.0062,0.0062,0.0062,0.0062,0.0062,0.0062,0.0062,0.0062,0.0063,0.0063,0.0063,0.0063,0.0063,0.0063,0.0063,0.0063,0.0063,0.0063,0.0063,0.0068,0.0068,0.0068,0.0068,0.0068,0.0068,0.0068,0.0068,0.0072,0.0072,0.0072,0.0073,0.0073,0.0073,0.0073,0.0073,0.0073,0.0073,0.0073,0.0074,0.0074,0.0074,0.0074,0.0074,0.0074,0.0074,0.0074,0.0074,0.0076,0.0076,0.0076,0.0076,0.0076,0.0076,0.0076,0.0076,0.0077,0.0077,0.0078,0.0078,0.0078,0.0078,0.0078,0.0078,0.0079,0.0079,0.0080,0.0080,0.0080,0.0080,0.0080,0.0080,0.0081,0.0081,0.0081,0.0081,0.0081,0.0081,0.0081,0.0081,0.0081,0.0081,0.0081,0.0118,0.0118,0.0118,0.0118,0.0118,0.0123,0.0123,0.0123,0.0124,0.0124,0.0125,0.0125,0.0125,0.0125,0.0126,0.0126,0.0126,0.0126,0.0126,0.0126,0.0127,0.0127,0.0128,0.0128,0.0128,0.0129,0.0129,0.0129,0.0129,0.0129,0.0130,0.0130,0.0130,0.0131,0.0131,0.0131,0.0132,0.0132,0.0132,0.0132,0.0132,0.0133,0.0133,0.0133,0.0133,0.0133,0.0134,0.0134,0.0134,0.0134,0.0134,0.0134,0.0134,0.0134,0.0135,0.0135,0.0141,0.0141,0.0141,0.0143,0.0146,0.0146,0.0146,0.0146,0.0146,0.0147,0.0147,0.0147,0.0147,0.0158,0.0158,0.0158,0.0158,0.0158,0.0158,0.0159,0.0159,0.0159,0.0159,0.0159,0.0159,0.0159,0.0159,0.0159,0.0159,0.0159,0.0159,0.0159,0.0159,0.0159,0.0159,0.0159,0.0159,0.0159,0.0159,0.0159,0.0159,0.0159,0.0159,0.0159,0.0159,0.0159,0.0159,0.0160,0.0160,0.0160,0.0160,0.0160,0.0160,0.0160,0.0160,0.0160,0.0160,0.0160,0.0160,0.0160,0.0160,0.0160,0.0160,0.0160,0.0160,0.0160,0.0160,0.0160,0.0160,0.0160,0.0160,0.0160,0.0160,0.0160,0.0160,0.0160,0.0160,0.0160
45113.4583333,0.0047,0.0047,0.0047,0.0047,0.0047,0.0047,0.0048,0.0055,0.0055,0.0055,0.0056,0.0056,0.0056,0.0061,0.0061,0.0061,0.0061,0.0062,0.0062,0.0062,0.0062,0.0062,0.0062,0.0062,0.0062,0.0062,0.0062,0.0062,0.0063,0.0063,0.0063,0.0063,0.0063,0.0063,0.0063,0.0063,0.0063,0.0063,0.0063,0.0068,0.0068,0.0068,0.0068,0.0068,0.0068,0.0068,0.0068,0.0072,0.0072,0.0072,0.0073,0.0073,0.0073,0.0073,0.0073,0.0073,0.0073,0.0073,0.0074,0.0074,0.0074,0.0074,0.0074,0.0074,0.0074,0.0074,0.0074,0.0076,0.0076,0.0076,0.0076,0.0076,0.0076,0.0076,0.0076,0.0077,0.0077,0.0078,0.0078,0.0078,0.0078,0.0078,0.0078,0.0079,0.0079,0.0080,0.0080,0.0080,0.0080,0.0080,0.0080,0.0081,0.0081,0.0081,0.0081,0.0081,0.0081,0.0081,0.0081,0.0081,0.0081,0.0081,0.0118,0.0118,0.0118,0.0118,0.0118,0.0123,0.0123,0.0123,0.0123,0.0123,0.0124,0.0124,0.0125,0.0125,0.0125,0.0125,0.0125,0.0125,0.0125,0.0125,0.0126,0.0126,0.0126,0.0126,0.0127,0.0127,0.0127,0.0127,0.0127,0.0128,0.0128,0.0128,0.0129,0.0129,0.0129,0.0129,0.0130,0.0130,0.0130,0.0130,0.0131,0.0131,0.0131,0.0131,0.0131,0.0132,0.0132,0.0132,0.0132,0.0132,0.0133,0.0133,0.0133,0.0133,0.0134,0.0134,0.0140,0.0140,0.0140,0.0142,0.0145,0.0145,0.0146,0.0146,0.0146,0.0146,0.0146,0.0146,0.0146,0.0158,0.0158,0.0158,0.0158,0.0158,0.0158,0.0158,0.0158,0.0158,0.0158,0.0158,0.0158,0.0159,0.0159,0.0159,0.0159,0.0159,0.0159,0.0159,0.0159,0.0159,0.0159,0.0159,0.0159,0.0159,0.0159,0.0159,0.0159,0.0159,0.0159,0.0159,0.0159,0.0159,0.0159,0.0159,0.0159,0.0159,0.0159,0.0159,0.0159,0.0159,0.0159,0.0159,0.0159,0.0159,0.0160,0.0160,0.0160,0.0160,0.0160,0.0160,0.0160,0.0160,0.0160,0.0160,0.0160,0.0160,0.0160,0.0160,0.0160,0.0160,0.0160,0.0160,0.0160,0.0160
45113.5000000,0.0047,0.0047,0.0047,0.0047,0.0047,0.0047,0.0048,0.0055,0.0055,0.0055,0.0056,0.0056,0.0056,0.0061,0.0061,0.0061,0.0061,0.0062,0.0062,0.0062,0.0062,0.0062,0.0062,0.0062,0.0062,0.0062,0.0062,0.0062,0.0063,0.0063,0.0063,0.0063,0.0063,0.0063,0.0063,0.0063,0.0063,0.0063,0.0063,0.0068,0.0068,0.0068,0.0068,0.0068,0.0068,0.0068,0.0068,0.0072,0.0072,0.0072,0.0073,0.0073,0.0073,0.0073,0.0073,0.0073,0.0073,0.0073,0.0074,0.0074,0.0074,0.0074,0.0074,0.0074,0.0074,0.0074,0.0074,0.0076,0.0076,0.0076,0.0076,0.0076,0.0076,0.0076,0.0076,0.0077,0.0077,0.0078,0.0078,0.0078,0.0078,0.0078,0.0078,0.0079,0.0079,0.0080,0.0080,0.0080,0.0080,0.0080,0.0080,0.0081,0.0081,0.0081,0.0081,0.0081,0.0081,0.0081,0.0081,0.0081,0.0081,0.0081,0.0118,0.0118,0.0118,0.0118,0.0118,0.0123,0.0123,0.0123,0.0123,0.0123,0.0124,0.0124,0.0124,0.0125,0.0125,0.0125,0.0125,0.0125,0.0125,0.0125,0.0126,0.0126,0.0126,0.0126,0.0126,0.0126,0.0126,0.0127,0.0127,0.0127,0.0127,0.0127,0.0128,0.0128,0.0128,0.0128,0.0128,0.0128,0.0129,0.0129,0.0129,0.0129,0.0129,0.0129,0.0130,0.0130,0.0130,0.0130,0.0130,0.0131,0.0131,0.0131,0.0131,0.0131,0.0132,0.0132,0.0138,0.0138,0.0139,0.0141,0.0144,0.0144,0.0144,0.0144,0.0144,0.0144,0.0145,0.0145,0.0145,0.0156,0.0157,0.0157,0.0157,0.0157,0.0157,0.0157,0.0158,0.0158,0.0158,0.0158,0.0158,0.0158,0.0158,0.0158,0.0158,0.0158,0.0158,0.0158,0.0158,0.0158,0.0158,0.0158,0.0159,0.0159,0.0159,0.0159,0.0159,0.0159,0.0159,0.0159,0.0159,0.0159,0.0159,0.0159,0.0159,0.0159,0.0159,0.0159,0.0159,0.0159,0.0159,0.0159,0.0159,0.0159,0.0159,0.0159,0.0159,0.0159,0.0159,0.0159,0.0159,0.0159,0.0159,0.0159,0.0159,0.0159,0.0160,0.0160,0.0160,0.0160,0.0160,0.0160,0.0160,0.0160
45113.5416667,0.0047,0.0047,0.0047,0.0047,0.0047,0.0047,0.0048,0.0055,0.0055,0.0055,0.0056,0.0056,0.0056,0.0061,0.0061,0.0061,0.0061,0.0062,0.0062,0.0062,0.0062,0.0062,0.0062,0.0062,0.0062,0.0062,0.0062,0.0062,0.0063,0.0063,0.0063,0.0063,0.0063,0.0063,0.0063,0.0063,0.0063,0.0063,0.0063,0.0068,0.0068,0.0068,0.0068,0.0068,0.0068,0.0068,0.0068,0.0072,0.0072,0.0072,0.0073,0.0073,0.0073,0.0073,0.0073,0.0073,0.0073,0.0073,0.0074,0.0074,0.0074,0.0074,0.0074,0.0074,0.0074,0.0074,0.0074,0.0076,0.0076,0.0076,0.0076,0.0076,0.0076,0.0076,0.0076,0.0077,0.0077,0.0078,0.0078,0.0078,0.0078,0.0078,0.0078,0.0079,0.0079,0.0080,0.0080,0.0080,0.0080,0.0080,0.0080,0.0081,0.0081,0.0081,0.0081,0.0081,0.0081,0.0081,0.0081,0.0081,0.0081,0.0081,0.0118,0.0118,0.0118,0.0118,0.0118,0.0123,0.0123,0.0123,0.0123,0.0123,0.0124,0.0124,0.0124,0.0125,0.0125,0.0125,0.0125,0.0125,0.0125,0.0125,0.0126,0.0126,0.0126,0.0126,0.0126,0.0126,0.0126,0.0126,0.0126,0.0126,0.0126,0.0126,0.0127,0.0127,0.0127,0.0127,0.0128,0.0128,0.0128,0.0128,0.0128,0.0128,0.0128,0.0128,0.0129,0.0129,0.0129,0.0129,0.0129,0.0129,0.0129,0.0130,0.0130,0.0130,0.0130,0.0130,0.0137,0.0137,0.0137,0.0139,0.0142,0.0142,0.0142,0.0142,0.0142,0.0143,0.0143,0.0143,0.0143,0.0155,0.0155,0.0155,0.0156,0.0156,0.0156,0.0156,0.0156,0.0156,0.0156,0.0156,0.0157,0.0157,0.0157,0.0157,0.0157,0.0157,0.0157,0.0157,0.0157,0.0157,0.0157,0.0158,0.0158,0.0158,0.0158,0.0158,0.0158,0.0158,0.0158,0.0158,0.0158,0.0158,0.0158,0.0158,0.0158,0.0158,0.0158,0.0158,0.0158,0.0159,0.0159,0.0159,0.0159,0.0159,0.0159,0.0159,0.0159,0.0159,0.0159,0.0159,0.0159,0.0159,0.0159,0.0159,0.0159,0.0159,0.0159,0.0159,0.0159,0.0159,0.0159,0.0159,0.0159,0.0159
45113.5833333,0.0047,0.0047,0.0047,0.0047,0.0047,0.0047,0.0048,0.0055,0.0055,0.0055,0.0056,0.0056,0.0056,0.0061,0.0061,0.0061,0.0061,0.0062,0.0062,0.0062,0.0062,0.0062,0.0062,0.0062,0.0062,0.0062,0.0062,0.0062,0.0063,0.0063,0.0063,0.0063,0.0063,0.0063,0.0063,0.0063,0.0063,0.0063,0.0063,0.0068,0.0068,0.0068,0.0068,0.0068,0.0068,0.0068,0.0068,0.0072,0.0072,0.0072,0.0073,0.0073,0.0073,0.0073,0.0073,0.0073,0.0073,0.0073,0.0074,0.0074,0.0074,0.0074,0.0074,0.0074,0.0074,0.0074,0.0074,0.0076,0.0076,0.0076,0.0076,0.0076,0.0076,0.0076,0.0076,0.0077,0.0077,0.0078,0.0078,0.0078,0.0078,0.0078,0.0078,0.0079,0.0079,0.0080,0.0080,0.0080,0.0080,0.0080,0.0080,0.0081,0.0081,0.0081,0.0081,0.0081,0.0081,0.0081,0.0081,0.0081,0.0081,0.0081,0.0118,0.0118,0.0118,0.0118,0.0118,0.0123,0.0123,0.0123,0.0123,0.0123,0.0124,0.0124,0.0124,0.0125,0.0125,0.0125,0.0125,0.0125,0.0125,0.0125,0.0126,0.0126,0.0126,0.0126,0.0126,0.0126,0.0126,0.0126,0.0126,0.0126,0.0126,0.0126,0.0127,0.0127,0.0127,0.0127,0.0128,0.0128,0.0128,0.0128,0.0128,0.0128,0.0128,0.0128,0.0128,0.0128,0.0128,0.0128,0.0129,0.0129,0.0129,0.0129,0.0129,0.0129,0.0129,0.0129,0.0136,0.0136,0.0136,0.0138,0.0141,0.0141,0.0141,0.0141,0.0141,0.0141,0.0141,0.0142,0.0142,0.0153,0.0153,0.0154,0.0154,0.0154,0.0154,0.0154,0.0154,0.0154,0.0155,0.0155,0.0155,0.0155,0.0155,0.0155,0.0155,0.0155,0.0155,0.0156,0.0156,0.0156,0.0156,0.0156,0.0156,0.0156,0.0156,0.0156,0.0156,0.0156,0.0156,0.0157,0.0157,0.0157,0.0157,0.0157,0.0157,0.0157,0.0157,0.0157,0.0157,0.0157,0.0157,0.0158,0.0158,0.0158,0.0158,0.0158,0.0158,0.0158,0.0158,0.0158,0.0158,0.0158,0.0158,0.0158,0.0158,0.0158,0.0158,0.0159,0.0159,0.0159,0.0159,0.0159,0.0159,0.0159
45113.6250000,0.0047,0.0047,0.0047,0.0047,0.0047,0.0047,0.0048,0.0055,0.0055,0.0055,0.0056,0.0056,0.0056,0.0061,0.0061,0.0061,0.0061,0.0062,0.0062,0.0062,0.0062,0.0062,0.0062,0.0062,0.0062,0.0062,0.0062,0.0062,0.0063,0.0063,0.0063,0.0063,0.0063,0.0063,0.0063,0.0063,0.0063,0.0063,0.0063,0.0068,0.0068,0.0068,0.0068,0.0068,0.0068,0.0068,0.0068,0.0072,0.0072,0.0072,0.0073,0.0073,0.0073,0.0073,0.0073,0.0073,0.0073,0.0073,0.0074,0.0074,0.0074,0.0074,0.0074,0.0074,0.0074,0.0074,0.0074,0.0076,0.0076,0.0076,0.0076,0.0076,0.0076,0.0076,0.0076,0.0077,0.0077,0.0078,0.0078,0.0078,0.0078,0.0078,0.0078,0.0079,0.0079,0.0080,0.0080,0.0080,0.0080,0.0080,0.0080,0.0081,0.0081,0.0081,0.0081,0.0081,0.0081,0.0081,0.0081,0.0081,0.0081,0.0081,0.0118,0.0118,0.0118,0.0118,0.0118,0.0123,0.0123,0.0123,0.0123,0.0123,0.0124,0.0124,0.0124,0.0125,0.0125,0.0125,0.0125,0.0125,0.0125,0.0125,0.0126,0.0126,0.0126,0.0126,0.0126,0.0126,0.0126,0.0126,0.0126,0.0126,0.0126,0.0126,0.0127,0.0127,0.0127,0.0127,0.0128,0.0128,0.0128,0.0128,0.0128,0.0128,0.0128,0.0128,0.0128,0.0128,0.0128,0.0128,0.0128,0.0128,0.0128,0.0128,0.0129,0.0129,0.0129,0.0129,0.0135,0.0135,0.0135,0.0137,0.0140,0.0140,0.0140,0.0141,0.0141,0.0141,0.0141,0.0141,0.0141,0.0152,0.0152,0.0152,0.0153,0.0153,0.0153,0.0153,0.0153,0.0153,0.0153,0.0153,0.0153,0.0154,0.0154,0.0154,0.0154,0.0154,0.0154,0.0154,0.0154,0.0154,0.0154,0.0154,0.0154,0.0154,0.0154,0.0155,0.0155,0.0155,0.0155,0.0155,0.0155,0.0155,0.0155,0.0155,0.0155,0.0155,0.0155,0.0155,0.0156,0.0156,0.0156,0.0156,0.0156,0.0156,0.0156,0.0156,0.0156,0.0156,0.0156,0.0157,0.0157,0.0157,0.0157,0.0157,0.0157,0.0157,0.0157,0.0157,0.0157,0.0157,0.0157,0.0158,0.0158,0.0158
45113.6666667,0.0047,0.0047,0.0047,0.0047,0.0047,0.0047,0.0048,0.0055,0.0055,0.0055,0.0056,0.0056,0.0056,0.0061,0.0061,0.0061,0.0061,0.0062,0.0062,0.0062,0.0062,0.0062,0.0062,0.0062,0.0062,0.0062,0.0062,0.0062,0.0063,0.0063,0.0063,0.0063,0.0063,0.0063,0.0063,0.0063,0.0063,0.0063,0.0063,0.0068,0.0068,0.0068,0.0068,0.0068,0.0068,0.0068,0.0068,0.0072,0.0072,0.0072,0.0073,0.0073,0.0073,0.0073,0.0073,0.0073,0.0073,0.0073,0.0074,0.0074,0.0074,0.0074,0.0074,0.0074,0.0074,0.0074,0.0074,0.0076,0.0076,0.0076,0.0076,0.0076,0.0076,0.0076,0.0076,0.0077,0.0077,0.0078,0.0078,0.0078,0.0078,0.0078,0.0078,0.0079,0.0079,0.0080,0.0080,0.0080,0.0080,0.0080,0.0080,0.0081,0.0081,0.0081,0.0081,0.0081,0.0081,0.0081,0.0081,0.0081,0.0081,0.0081,0.0118,0.0118,0.0118,0.0118,0.0118,0.0123,0.0123,0.0123,0.0123,0.0123,0.0124,0.0124,0.0124,0.0125,0.0125,0.0125,0.0125,0.0125,0.0125,0.0125,0.0126,0.0126,0.0126,0.0126,0.0126,0.0126,0.0126,0.0126,0.0126,0.0126,0.0126,0.0126,0.0127,0.0127,0.0127,0.0127,0.0128,0.0128,0.0128,0.0128,0.0128,0.0128,0.0128,0.0128,0.0128,0.0128,0.0128,0.0128,0.0128,0.0128,0.0128,0.0128,0.0128,0.0128,0.0129,0.0129,0.0135,0.0135,0.0135,0.0137,0.0140,0.0140,0.0140,0.0140,0.0140,0.0141,0.0141,0.0141,0.0141,0.0152,0.0152,0.0152,0.0152,0.0152,0.0152,0.0152,0.0152,0.0152,0.0152,0.0152,0.0153,0.0153,0.0153,0.0153,0.0153,0.0153,0.0153,0.0153,0.0153,0.0153,0.0153,0.0153,0.0153,0.0153,0.0153,0.0153,0.0153,0.0153,0.0154,0.0154,0.0154,0.0154,0.0154,0.0154,0.0154,0.0154,0.0154,0.0154,0.0154,0.0154,0.0154,0.0154,0.0154,0.0154,0.0154,0.0155,0.0155,0.0155,0.0155,0.0155,0.0155,0.0155,0.0155,0.0155,0.0155,0.0155,0.0155,0.0155,0.0156,0.0156,0.0156,0.0156,0.0156,0.0156
45113.7083333,0.0047,0.0047,0.0047,0.0047,0.0047,0.0047,0.0048,0.0055,0.0055,0.0055,0.0056,0.0056,0.0056,0.0061,0.0061,0.0061,0.0061,0.0062,0.0062,0.0062,0.0062,0.0062,0.0062,0.0062,0.0062,0.0062,0.0062,0.0062,0.0063,0.0063,0.0063,0.0063,0.0063,0.0063,0.0063,0.0063,0.0063,0.0063,0.0063,0.0068,0.0068,0.0068,0.0068,0.0068,0.0068,0.0068,0.0068,0.0072,0.0072,0.0072,0.0073,0.0073,0.0073,0.0073,0.0073,0.0073,0.0073,0.0073,0.0074,0.0074,0.0074,0.0074,0.0074,0.0074,0.0074,0.0074,0.0074,0.0076,0.0076,0.0076,0.0076,0.0076,0.0076,0.0076,0.0076,0.0077,0.0077,0.0078,0.0078,0.0078,0.0078,0.0078,0.0078,0.0079,0.0079,0.0080,0.0080,0.0080,0.0080,0.0080,0.0080,0.0081,0.0081,0.0081,0.0081,0.0081,0.0081,0.0081,0.0081,0.0081,0.0081,0.0081,0.0118,0.0118,0.0118,0.0118,0.0118,0.0123,0.0123,0.0123,0.0123,0.0123,0.0124,0.0124,0.0124,0.0125,0.0125,0.0125,0.0125,0.0125,0.0125,0.0125,0.0126,0.0126,0.0126,0.0126,0.0126,0.0126,0.0126,0.0126,0.0126,0.0126,0.0126,0.0126,0.0127,0.0127,0.0127,0.0127,0.0128,0.0128,0.0128,0.0128,0.0128,0.0128,0.0128,0.0128,0.0128,0.0128,0.0128,0.0128,0.0128,0.0128,0.0128,0.0128,0.0128,0.0128,0.0129,0.0129,0.0135,0.0135,0.0135,0.0137,0.0140,0.0140,0.0140,0.0140,0.0140,0.0141,0.0141,0.0141,0.0141,0.0152,0.0152,0.0152,0.0152,0.0152,0.0152,0.0152,0.0152,0.0152,0.0152,0.0152,0.0152,0.0153,0.0153,0.0153,0.0153,0.0153,0.0153,0.0153,0.0153,0.0153,0.0153,0.0153,0.0153,0.0153,0.0153,0.0153,0.0153,0.0153,0.0153,0.0153,0.0153,0.0153,0.0153,0.0153,0.0153,0.0153,0.0153,0.0153,0.0153,0.0153,0.0153,0.0153,0.0153,0.0153,0.0153,0.0154,0.0154,0.0154,0.0154,0.0154,0.0154,0.0154,0.0154,0.0154,0.0154,0.0154,0.0154,0.0154,0.0154,0.0154,0.0154,0.0154,0.0154,0.0154
45113.7500000,0.0047,0.0047,0.0047,0.0047,0.0047,0.0047,0.0048,0.0055,0.0055,0.0055,0.0056,0.0056,0.0056,0.0061,0.0061,0.0061,0.0061,0.0062,0.0062,0.0062,0.0062,0.0062,0.0062,0.0062,0.0062,0.0062,0.0062,0.0062,0.0063,0.0063,0.0063,0.0063,0.0063,0.0063,0.0063,0.0063,0.0063,0.0063,0.0063,0.0068,0.0068,0.0068,0.0068,0.0068,0.0068,0.0068,0.0068,0.0072,0.0072,0.0072,0.0073,0.0073,0.0073,0.0073,0.0073,0.0073,0.0073,0.0073,0.0074,0.0074,0.0074,0.0074,0.0074,0.0074,0.0074,0.0074,0.0074,0.0076,0.0076,0.0076,0.0076,0.0076,0.0076,0.0076,0.0076,0.0077,0.0077,0.0078,0.0078,0.0078,0.0078,0.0078,0.0078,0.0079,0.0079,0.0080,0.0080,0.0080,0.0080,0.0080,0.0080,0.0081,0.0081,0.0081,0.0081,0.0081,0.0081,0.0081,0.0081,0.0081,0.0081,0.0081,0.0118,0.0118,0.0118,0.0118,0.0118,0.0123,0.0123,0.0123,0.0123,0.0123,0.0124,0.0124,0.0124,0.0125,0.0125,0.0125,0.0125,0.0125,0.0125,0.0125,0.0126,0.0126,0.0126,0.0126,0.0126,0.0126,0.0126,0.0126,0.0126,0.0126,0.0126,0.0126,0.0127,0.0127,0.0127,0.0127,0.0128,0.0128,0.0128,0.0128,0.0128,0.0128,0.0128,0.0128,0.0128,0.0128,0.0128,0.0128,0.0128,0.0128,0.0128,0.0128,0.0128,0.0128,0.0129,0.0129,0.0135,0.0135,0.0135,0.0137,0.0140,0.0140,0.0140,0.0140,0.0140,0.0141,0.0141,0.0141,0.0141,0.0152,0.0152,0.0152,0.0152,0.0152,0.0152,0.0152,0.0152,0.0152,0.0152,0.0152,0.0152,0.0152,0.0153,0.0153,0.0153,0.0153,0.0153,0.0153,0.0153,0.0153,0.0153,0.0153,0.0153,0.0153,0.0153,0.0153,0.0153,0.0153,0.0153,0.0153,0.0153,0.0153,0.0153,0.0153,0.0153,0.0153,0.0153,0.0153,0.0153,0.0153,0.0153,0.0153,0.0153,0.0153,0.0153,0.0153,0.0153,0.0153,0.0153,0.0153,0.0153,0.0153,0.0153,0.0153,0.0153,0.0153,0.0153,0.0153,0.0153,0.0153,0.0154,0.0154,0.0154,0.0154
45113.7916667,0.0047,0.0047,0.0047,0.0047,0.0047,0.0047,0.0048,0.0055,0.0055,0.0055,0.0056,0.0056,0.0056,0.0061,0.0061,0.0061,0.0061,0.0062,0.0062,0.0062,0.0062,0.0062,0.0062,0.0062,0.0062,0.0062,0.0062,0.0062,0.0063,0.0063,0.0063,0.0063,0.0063,0.0063,0.0063,0.0063,0.0063,0.0063,0.0063,0.0068,0.0068,0.0068,0.0068,0.0068,0.0068,0.0068,0.0068,0.0072,0.0072,0.0072,0.0073,0.0073,0.0073,0.0073,0.0073,0.0073,0.0073,0.0073,0.0074,0.0074,0.0074,0.0074,0.0074,0.0074,0.0074,0.0074,0.0074,0.0076,0.0076,0.0076,0.0076,0.0076,0.0076,0.0076,0.0076,0.0077,0.0077,0.0078,0.0078,0.0078,0.0078,0.0078,0.0078,0.0079,0.0079,0.0080,0.0080,0.0080,0.0080,0.0080,0.0080,0.0081,0.0081,0.0081,0.0081,0.0081,0.0081,0.0081,0.0081,0.0081,0.0081,0.0081,0.0118,0.0118,0.0118,0.0118,0.0118,0.0123,0.0123,0.0123,0.0123,0.0123,0.0124,0.0124,0.0124,0.0125,0.0125,0.0125,0.0125,0.0125,0.0125,0.0125,0.0126,0.0126,0.0126,0.0126,0.0126,0.0126,0.0126,0.0126,0.0126,0.0126,0.0126,0.0126,0.0127,0.0127,0.0127,0.0127,0.0128,0.0128,0.0128,0.0128,0.0128,0.0128,0.0128,0.0128,0.0128,0.0128,0.0128,0.0128,0.0128,0.0128,0.0128,0.0128,0.0128,0.0128,0.0129,0.0129,0.0135,0.0135,0.0135,0.0137,0.0140,0.0140,0.0140,0.0140,0.0140,0.0141,0.0141,0.0141,0.0141,0.0152,0.0152,0.0152,0.0152,0.0152,0.0152,0.0152,0.0152,0.0152,0.0152,0.0152,0.0152,0.0152,0.0153,0.0153,0.0153,0.0153,0.0153,0.0153,0.0153,0.0153,0.0153,0.0153,0.0153,0.0153,0.0153,0.0153,0.0153,0.0153,0.0153,0.0153,0.0153,0.0153,0.0153,0.0153,0.0153,0.0153,0.0153,0.0153,0.0153,0.0153,0.0153,0.0153,0.0153,0.0153,0.0153,0.0153,0.0153,0.0153,0.0153,0.0153,0.0153,0.0153,0.0153,0.0153,0.0153,0.0153,0.0153,0.0153,0.0153,0.0153,0.0153,0.0153,0.0153,0.0153
45113.8333333,0.0047,0.0047,0.0047,0.0047,0.0047,0.0047,0.0048,0.0055,0.0055,0.0055,0.0056,0.0056,0.0056,0.0061,0.0061,0.0061,0.0061,0.0062,0.0062,0.0062,0.0062,0.0062,0.0062,0.0062,0.0062,0.0062,0.0062,0.0062,0.0063,0.0063,0.0063,0.0063,0.0063,0.0063,0.0063,0.0063,0.0063,0.0063,0.0063,0.0068,0.0068,0.0068,0.0068,0.0068,0.0068,0.0068,0.0068,0.0072,0.0072,0.0072,0.0073,0.0073,0.0073,0.0073,0.0073,0.0073,0.0073,0.0073,0.0074,0.0074,0.0074,0.0074,0.0074,0.0074,0.0074,0.0074,0.0074,0.0076,0.0076,0.0076,0.0076,0.0076,0.0076,0.0076,0.0076,0.0077,0.0077,0.0078,0.0078,0.0078,0.0078,0.0078,0.0078,0.0079,0.0079,0.0080,0.0080,0.0080,0.0080,0.0080,0.0080,0.0081,0.0081,0.0081,0.0081,0.0081,0.0081,0.0081,0.0081,0.0081,0.0081,0.0081,0.0118,0.0118,0.0118,0.0118,0.0118,0.0123,0.0123,0.0123,0.0123,0.0123,0.0124,0.0124,0.0124,0.0125,0.0125,0.0125,0.0125,0.0125,0.0125,0.0125,0.0126,0.0126,0.0126,0.0126,0.0126,0.0126,0.0126,0.0126,0.0126,0.0126,0.0126,0.0126,0.0127,0.0127,0.0127,0.0127,0.0128,0.0128,0.0128,0.0128,0.0128,0.0128,0.0128,0.0128,0.0128,0.0128,0.0128,0.0128,0.0128,0.0128,0.0128,0.0128,0.0128,0.0128,0.0129,0.0129,0.0135,0.0135,0.0135,0.0137,0.0140,0.0140,0.0140,0.0140,0.0140,0.0141,0.0141,0.0141,0.0141,0.0152,0.0152,0.0152,0.0152,0.0152,0.0152,0.0152,0.0152,0.0152,0.0152,0.0152,0.0152,0.0152,0.0153,0.0153,0.0153,0.0153,0.0153,0.0153,0.0153,0.0153,0.0153,0.0153,0.0153,0.0153,0.0153,0.0153,0.0153,0.0153,0.0153,0.0153,0.0153,0.0153,0.0153,0.0153,0.0153,0.0153,0.0153,0.0153,0.0153,0.0153,0.0153,0.0153,0.0153,0.0153,0.0153,0.0153,0.0153,0.0153,0.0153,0.0153,0.0153,0.0153,0.0153,0.0153,0.0153,0.0153,0.0153,0.0153,0.0153,0.0153,0.0153,0.0153,0.0153,0.0153
45113.8750000,0.0047,0.0047,0.0047,0.0047,0.0047,0.0047,0.0048,0.0055,0.0055,0.0055,0.0056,0.0056,0.0056,0.0061,0.0061,0.0061,0.0061,0.0062,0.0062,0.0062,0.0062,0.0062,0.0062,0.0062,0.0062,0.0062,0.0062,0.0062,0.0063,0.0063,0.0063,0.0063,0.0063,0.0063,0.0063,0.0063,0.0063,0.0063,0.0063,0.0068,0.0068,0.0068,0.0068,0.0068,0.0068,0.0068,0.0068,0.0072,0.0072,0.0072,0.0073,0.0073,0.0073,0.0073,0.0073,0.0073,0.0073,0.0073,0.0074,0.0074,0.0074,0.0074,0.0074,0.0074,0.0074,0.0074,0.0074,0.0076,0.0076,0.0076,0.0076,0.0076,0.0076,0.0076,0.0076,0.0077,0.0077,0.0078,0.0078,0.0078,0.0078,0.0078,0.0078,0.0079,0.0079,0.0080,0.0080,0.0080,0.0080,0.0080,0.0080,0.0081,0.0081,0.0081,0.0081,0.0081,0.0081,0.0081,0.0081,0.0081,0.0081,0.0081,0.0118,0.0118,0.0118,0.0118,0.0118,0.0123,0.0123,0.0123,0.0123,0.0123,0.0124,0.0124,0.0124,0.0125,0.0125,0.0125,0.0125,0.0125,0.0125,0.0125,0.0126,0.0126,0.0126,0.0126,0.0126,0.0126,0.0126,0.0126,0.0126,0.0126,0.0126,0.0126,0.0127,0.0127,0.0127,0.0127,0.0128,0.0128,0.0128,0.0128,0.0128,0.0128,0.0128,0.0128,0.0128,0.0128,0.0128,0.0128,0.0128,0.0128,0.0128,0.0128,0.0128,0.0128,0.0129,0.0129,0.0135,0.0135,0.0135,0.0137,0.0140,0.0140,0.0140,0.0140,0.0140,0.0141,0.0141,0.0141,0.0141,0.0152,0.0152,0.0152,0.0152,0.0152,0.0152,0.0152,0.0152,0.0152,0.0152,0.0152,0.0152,0.0152,0.0153,0.0153,0.0153,0.0153,0.0153,0.0153,0.0153,0.0153,0.0153,0.0153,0.0153,0.0153,0.0153,0.0153,0.0153,0.0153,0.0153,0.0153,0.0153,0.0153,0.0153,0.0153,0.0153,0.0153,0.0153,0.0153,0.0153,0.0153,0.0153,0.0153,0.0153,0.0153,0.0153,0.0153,0.0153,0.0153,0.0153,0.0153,0.0153,0.0153,0.0153,0.0153,0.0153,0.0153,0.0153,0.0153,0.0153,0.0153,0.0153,0.0153,0.0153,0.0153
45113.9166667,0.0047,0.0047,0.0047,0.0047,0.0047,0.0047,0.0048,0.0055,0.0055,0.0055,0.0056,0.0056,0.0056,0.0061,0.0061,0.0061,0.0061,0.0062,0.0062,0.0062,0.0062,0.0062,0.0062,0.0062,0.0062,0.0062,0.0062,0.0062,0.0063,0.0063,0.0063,0.0063,0.0063,0.0063,0.0063,0.0063,0.0063,0.0063,0.0063,0.0068,0.0068,0.0068,0.0068,0.0068,0.0068,0.0068,0.0068,0.0072,0.0072,0.0072,0.0073,0.0073,0.0073,0.0073,0.0073,0.0073,0.0073,0.0073,0.0074,0.0074,0.0074,0.0074,0.0074,0.0074,0.0074,0.0074,0.0074,0.0076,0.0076,0.0076,0.0076,0.0076,0.0076,0.0076,0.0076,0.0077,0.0077,0.0078,0.0078,0.0078,0.0078,0.0078,0.0078,0.0079,0.0079,0.0080,0.0080,0.0080,0.0080,0.0080,0.0080,0.0081,0.0081,0.0081,0.0081,0.0081,0.0081,0.0081,0.0081,0.0081,0.0081,0.0081,0.0118,0.0118,0.0118,0.0118,0.0118,0.0123,0.0123,0.0123,0.0123,0.0123,0.0124,0.0124,0.0124,0.0125,0.0125,0.0125,0.0125,0.0125,0.0125,0.0125,0.0126,0.0126,0.0126,0.0126,0.0126,0.0126,0.0126,0.0126,0.0126,0.0126,0.0126,0.0126,0.0127,0.0127,0.0127,0.0127,0.0128,0.0128,0.0128,0.0128,0.0128,0.0128,0.0128,0.0128,0.0128,0.0128,0.0128,0.0128,0.0128,0.0128,0.0128,0.0128,0.0128,0.0128,0.0129,0.0129,0.0135,0.0135,0.0135,0.0137,0.0140,0.0140,0.0140,0.0140,0.0140,0.0141,0.0141,0.0141,0.0141,0.0152,0.0152,0.0152,0.0152,0.0152,0.0152,0.0152,0.0152,0.0152,0.0152,0.0152,0.0152,0.0152,0.0153,0.0153,0.0153,0.0153,0.0153,0.0153,0.0153,0.0153,0.0153,0.0153,0.0153,0.0153,0.0153,0.0153,0.0153,0.0153,0.0153,0.0153,0.0153,0.0153,0.0153,0.0153,0.0153,0.0153,0.0153,0.0153,0.0153,0.0153,0.0153,0.0153,0.0153,0.0153,0.0153,0.0153,0.0153,0.0153,0.0153,0.0153,0.0153,0.0153,0.0153,0.0153,0.0153,0.0153,0.0153,0.0153,0.0153,0.0153,0.0153,0.0153,0.0153,0.0153
45113.9583333,0.0047,0.0047,0.0047,0.0047,0.0047,0.0047,0.0048,0.0055,0.0055,0.0055,0.0056,0.0056,0.0056,0.0061,0.0061,0.0061,0.0061,0.0062,0.0062,0.0062,0.0062,0.0062,0.0062,0.0062,0.0062,0.0062,0.0062,0.0062,0.0063,0.0063,0.0063,0.0063,0.0063,0.0063,0.0063,0.0063,0.0063,0.0063,0.0063,0.0068,0.0068,0.0068,0.0068,0.0068,0.0068,0.0068,0.0068,0.0072,0.0072,0.0072,0.0073,0.0073,0.0073,0.0073,0.0073,0.0073,0.0073,0.0073,0.0074,0.0074,0.0074,0.0074,0.0074,0.0074,0.0074,0.0074,0.0074,0.0076,0.0076,0.0076,0.0076,0.0076,0.0076,0.0076,0.0076,0.0077,0.0077,0.0078,0.0078,0.0078,0.0078,0.0078,0.0078,0.0079,0.0079,0.0080,0.0080,0.0080,0.0080,0.0080,0.0080,0.0081,0.0081,0.0081,0.0081,0.0081,0.0081,0.0081,0.0081,0.0081,0.0081,0.0081,0.0118,0.0118,0.0118,0.0118,0.0118,0.0123,0.0123,0.0123,0.0123,0.0123,0.0124,0.0124,0.0124,0.0125,0.0125,0.0125,0.0125,0.0125,0.0125,0.0125,0.0126,0.0126,0.0126,0.0126,0.0126,0.0126,0.0126,0.0126,0.0126,0.0126,0.0126,0.0126,0.0127,0.0127,0.0127,0.0127,0.0128,0.0128,0.0128,0.0128,0.0128,0.0128,0.0128,0.0128,0.0128,0.0128,0.0128,0.0128,0.0128,0.0128,0.0128,0.0128,0.0128,0.0128,0.0129,0.0129,0.0135,0.0135,0.0135,0.0137,0.0140,0.0140,0.0140,0.0140,0.0140,0.0141,0.0141,0.0141,0.0141,0.0152,0.0152,0.0152,0.0152,0.0152,0.0152,0.0152,0.0152,0.0152,0.0152,0.0152,0.0152,0.0152,0.0153,0.0153,0.0153,0.0153,0.0153,0.0153,0.0153,0.0153,0.0153,0.0153,0.0153,0.0153,0.0153,0.0153,0.0153,0.0153,0.0153,0.0153,0.0153,0.0153,0.0153,0.0153,0.0153,0.0153,0.0153,0.0153,0.0153,0.0153,0.0153,0.0153,0.0153,0.0153,0.0153,0.0153,0.0153,0.0153,0.0153,0.0153,0.0153,0.0153,0.0153,0.0153,0.0153,0.0153,0.0153,0.0153,0.0153,0.0153,0.0153,0.0153,0.0153,0.0153
45114.0000000,0.0044,0.0044,0.0044,0.0044,0.0044,0.0045,0.0045,0.0053,0.0053,0.0053,0.0054,0.0054,0.0054,0.0060,0.0060,0.0060,0.0061,0.0061,0.0061,0.0061,0.0061,0.0062,0.0062,0.0062,0.0062,0.0062,0.0062,0.0062,0.0063,0.0063,0.0063,0.0063,0.0063,0.0063,0.0063,0.0063,0.0063,0.0063,0.0063,0.0067,0.0067,0.0067,0.0067,0.0068,0.0068,0.0068,0.0068,0.0072,0.0072,0.0072,0.0072,0.0072,0.0073,0.0073,0.0073,0.0073,0.0073,0.0073,0.0074,0.0074,0.0074,0.0074,0.0074,0.0074,0.0074,0.0074,0.0074,0.0076,0.0076,0.0076,0.0076,0.0076,0.0076,0.0076,0.0076,0.0077,0.0077,0.0078,0.0078,0.0078,0.0078,0.0078,0.0078,0.0079,0.0079,0.0080,0.0080,0.0080,0.0080,0.0080,0.0080,0.0081,0.0081,0.0081,0.0081,0.0081,0.0081,0.0081,0.0081,0.0081,0.0081,0.0081,0.0115,0.0115,0.0116,0.0116,0.0116,0.0121,0.0121,0.0122,0.0122,0.0123,0.0124,0.0124,0.0124,0.0124,0.0124,0.0125,0.0125,0.0125,0.0125,0.0125,0.0126,0.0126,0.0126,0.0126,0.0126,0.0126,0.0126,0.0126,0.0126,0.0126,0.0126,0.0126,0.0127,0.0127,0.0127,0.0127,0.0128,0.0128,0.0128,0.0128,0.0128,0.0128,0.0128,0.0128,0.0128,0.0128,0.0128,0.0128,0.0128,0.0128,0.0128,0.0128,0.0128,0.0128,0.0129,0.0129,0.0135,0.0135,0.0135,0.0137,0.0140,0.0140,0.0140,0.0140,0.0140,0.0140,0.0140,0.0140,0.0141,0.0151,0.0151,0.0151,0.0152,0.0152,0.0152,0.0152,0.0152,0.0152,0.0152,0.0152,0.0152,0.0152,0.0152,0.0152,0.0152,0.0152,0.0152,0.0153,0.0153,0.0153,0.0153,0.0153,0.0153,0.0153,0.0153,0.0153,0.0153,0.0153,0.0153,0.0153,0.0153,0.0153,0.0153,0.0153,0.0153,0.0153,0.0153,0.0153,0.0153,0.0153,0.0153,0.0153,0.0153,0.0153,0.0153,0.0153,0.0153,0.0153,0.0153,0.0153,0.0153,0.0153,0.0153,0.0153,0.0153,0.0153,0.0153,0.0153,0.0153,0.0153,0.0153,0.0153,0.0153,0.0153
45114.0416667,0.0044,0.0044,0.0044,0.0044,0.0044,0.0044,0.0044,0.0051,0.0051,0.0051,0.0052,0.0052,0.0052,0.0057,0.0057,0.0057,0.0058,0.0058,0.0058,0.0059,0.0059,0.0059,0.0060,0.0060,0.0060,0.0061,0.0061,0.0061,0.0062,0.0062,0.0062,0.0062,0.0063,0.0063,0.0063,0.0063,0.0063,0.0063,0.0063,0.0067,0.0067,0.0067,0.0067,0.0067,0.0067,0.0068,0.0068,0.0071,0.0071,0.0071,0.0072,0.0072,0.0072,0.0073,0.0073,0.0073,0.0073,0.0073,0.0073,0.0073,0.0073,0.0073,0.0074,0.0074,0.0074,0.0074,0.0074,0.0076,0.0076,0.0076,0.0076,0.0076,0.0076,0.0076,0.0076,0.0076,0.0076,0.0078,0.0078,0.0078,0.0078,0.0078,0.0078,0.0079,0.0079,0.0080,0.0080,0.0080,0.0080,0.0080,0.0080,0.0081,0.0081,0.0081,0.0081,0.0081,0.0081,0.0081,0.0081,0.0081,0.0081,0.0081,0.0115,0.0115,0.0115,0.0115,0.0115,0.0120,0.0120,0.0120,0.0120,0.0120,0.0122,0.0122,0.0122,0.0122,0.0122,0.0122,0.0123,0.0123,0.0123,0.0123,0.0124,0.0125,0.0125,0.0125,0.0125,0.0126,0.0126,0.0126,0.0126,0.0126,0.0126,0.0126,0.0127,0.0127,0.0127,0.0127,0.0128,0.0128,0.0128,0.0128,0.0128,0.0128,0.0128,0.0128,0.0128,0.0128,0.0128,0.0128,0.0128,0.0128,0.0128,0.0128,0.0128,0.0128,0.0129,0.0129,0.0135,0.0135,0.0135,0.0137,0.0139,0.0139,0.0140,0.0140,0.0140,0.0140,0.0140,0.0140,0.0140,0.0150,0.0151,0.0151,0.0151,0.0151,0.0151,0.0151,0.0151,0.0151,0.0151,0.0151,0.0151,0.0152,0.0152,0.0152,0.0152,0.0152,0.0152,0.0152,0.0152,0.0152,0.0152,0.0152,0.0152,0.0152,0.0152,0.0152,0.0152,0.0152,0.0152,0.0152,0.0152,0.0152,0.0153,0.0153,0.0153,0.0153,0.0153,0.0153,0.0153,0.0153,0.0153,0.0153,0.0153,0.0153,0.0153,0.0153,0.0153,0.0153,0.0153,0.0153,0.0153,0.0153,0.0153,0.0153,0.0153,0.0153,0.0153,0.0153,0.0153,0.0153,0.0153,0.0153,0.0153,0.0153
45114.0833333,0.0044,0.0044,0.0044,0.0044,0.0044,0.0044,0.0044,0.0051,0.0051,0.0051,0.0052,0.0052,0.0052,0.0057,0.0057,0.0057,0.0057,0.0057,0.0057,0.0057,0.0057,0.0057,0.0058,0.0058,0.0058,0.0058,0.0058,0.0058,0.0059,0.0059,0.0060,0.0060,0.0060,0.0061,0.0061,0.0062,0.0062,0.0062,0.0062,0.0067,0.0067,0.0067,0.0067,0.0067,0.0067,0.0067,0.0068,0.0071,0.0071,0.0071,0.0072,0.0072,0.0072,0.0072,0.0072,0.0073,0.0073,0.0073,0.0073,0.0073,0.0073,0.0073,0.0073,0.0073,0.0073,0.0073,0.0073,0.0075,0.0076,0.0076,0.0076,0.0076,0.0076,0.0076,0.0076,0.0076,0.0076,0.0078,0.0078,0.0078,0.0078,0.0078,0.0078,0.0079,0.0079,0.0079,0.0079,0.0080,0.0080,0.0080,0.0080,0.0080,0.0080,0.0080,0.0080,0.0081,0.0081,0.0081,0.0081,0.0081,0.0081,0.0081,0.0115,0.0115,0.0115,0.0115,0.0115,0.0120,0.0120,0.0120,0.0120,0.0120,0.0121,0.0121,0.0121,0.0122,0.0122,0.0122,0.0122,0.0122,0.0122,0.0122,0.0123,0.0123,0.0123,0.0123,0.0123,0.0124,0.0124,0.0124,0.0124,0.0125,0.0125,0.0125,0.0126,0.0126,0.0126,0.0126,0.0127,0.0127,0.0127,0.0127,0.0127,0.0128,0.0128,0.0128,0.0128,0.0128,0.0128,0.0128,0.0128,0.0128,0.0128,0.0128,0.0128,0.0128,0.0129,0.0129,0.0135,0.0135,0.0135,0.0137,0.0139,0.0139,0.0140,0.0140,0.0140,0.0140,0.0140,0.0140,0.0140,0.0150,0.0150,0.0150,0.0151,0.0151,0.0151,0.0151,0.0151,0.0151,0.0151,0.0151,0.0151,0.0151,0.0151,0.0151,0.0151,0.0151,0.0151,0.0151,0.0151,0.0151,0.0151,0.0151,0.0151,0.0151,0.0151,0.0151,0.0151,0.0152,0.0152,0.0152,0.0152,0.0152,0.0152,0.0152,0.0152,0.0152,0.0152,0.0152,0.0152,0.0152,0.0152,0.0152,0.0152,0.0152,0.0152,0.0152,0.0152,0.0152,0.0152,0.0153,0.0153,0.0153,0.0153,0.0153,0.0153,0.0153,0.0153,0.0153,0.0153,0.0153,0.0153,0.0153,0.0153,0.0153
45114.1250000,0.0044,0.0044,0.0044,0.0044,0.0044,0.0044,0.0044,0.0051,0.0051,0.0051,0.0052,0.0052,0.0052,0.0057,0.0057,0.0057,0.0057,0.0057,0.0057,0.0057,0.0057,0.0057,0.0058,0.0058,0.0058,0.0058,0.0058,0.0058,0.0058,0.0058,0.0058,0.0058,0.0059,0.0059,0.0059,0.0059,0.0059,0.0060,0.0060,0.0064,0.0064,0.0065,0.0065,0.0065,0.0065,0.0066,0.0066,0.0070,0.0070,0.0070,0.0071,0.0071,0.0072,0.0072,0.0072,0.0072,0.0072,0.0072,0.0073,0.0073,0.0073,0.0073,0.0073,0.0073,0.0073,0.0073,0.0073,0.0075,0.0075,0.0076,0.0076,0.0076,0.0076,0.0076,0.0076,0.0076,0.0076,0.0077,0.0077,0.0078,0.0078,0.0078,0.0078,0.0079,0.0079,0.0079,0.0079,0.0079,0.0079,0.0079,0.0080,0.0080,0.0080,0.0080,0.0080,0.0080,0.0080,0.0080,0.0080,0.0081,0.0081,0.0081,0.0115,0.0115,0.0115,0.0115,0.0115,0.0119,0.0119,0.0120,0.0120,0.0120,0.0121,0.0121,0.0121,0.0121,0.0122,0.0122,0.0122,0.0122,0.0122,0.0122,0.0123,0.0123,0.0123,0.0123,0.0123,0.0123,0.0123,0.0123,0.0123,0.0123,0.0123,0.0123,0.0124,0.0124,0.0124,0.0125,0.0125,0.0125,0.0125,0.0126,0.0126,0.0126,0.0126,0.0126,0.0127,0.0127,0.0127,0.0127,0.0127,0.0128,0.0128,0.0128,0.0128,0.0128,0.0128,0.0128,0.0134,0.0134,0.0134,0.0136,0.0139,0.0139,0.0140,0.0140,0.0140,0.0140,0.0140,0.0140,0.0140,0.0150,0.0150,0.0150,0.0151,0.0151,0.0151,0.0151,0.0151,0.0151,0.0151,0.0151,0.0151,0.0151,0.0151,0.0151,0.0151,0.0151,0.0151,0.0151,0.0151,0.0151,0.0151,0.0151,0.0151,0.0151,0.0151,0.0151,0.0151,0.0151,0.0151,0.0151,0.0151,0.0151,0.0151,0.0151,0.0151,0.0151,0.0151,0.0151,0.0151,0.0152,0.0152,0.0152,0.0152,0.0152,0.0152,0.0152,0.0152,0.0152,0.0152,0.0152,0.0152,0.0152,0.0152,0.0152,0.0152,0.0152,0.0152,0.0152,0.0152,0.0152,0.0152,0.0152,0.0152,0.0152
45114.1666667,0.0044,0.0044,0.0044,0.0044,0.0044,0.0044,0.0044,0.0051,0.0051,0.0051,0.0052,0.0052,0.0052,0.0057,0.0057,0.0057,0.0057,0.0057,0.0057,0.0057,0.0057,0.0057,0.0058,0.0058,0.0058,0.0058,0.0058,0.0058,0.0058,0.0058,0.0058,0.0058,0.0058,0.0059,0.0059,0.0059,0.0059,0.0059,0.0059,0.0063,0.0063,0.0063,0.0063,0.0063,0.0063,0.0064,0.0064,0.0068,0.0068,0.0068,0.0069,0.0069,0.0069,0.0070,0.0070,0.0070,0.0071,0.0071,0.0071,0.0072,0.0072,0.0072,0.0072,0.0072,0.0072,0.0073,0.0073,0.0075,0.0075,0.0075,0.0075,0.0076,0.0076,0.0076,0.0076,0.0076,0.0076,0.0077,0.0077,0.0077,0.0078,0.0078,0.0078,0.0079,0.0079,0.0079,0.0079,0.0079,0.0079,0.0079,0.0079,0.0080,0.0080,0.0080,0.0080,0.0080,0.0080,0.0080,0.0080,0.0080,0.0080,0.0080,0.0115,0.0115,0.0115,0.0115,0.0115,0.0119,0.0119,0.0120,0.0120,0.0120,0.0121,0.0121,0.0121,0.0121,0.0121,0.0121,0.0122,0.0122,0.0122,0.0122,0.0123,0.0123,0.0123,0.0123,0.0123,0.0123,0.0123,0.0123,0.0123,0.0123,0.0123,0.0123,0.0124,0.0124,0.0124,0.0124,0.0125,0.0125,0.0125,0.0125,0.0125,0.0125,0.0125,0.0125,0.0125,0.0125,0.0126,0.0126,0.0126,0.0126,0.0126,0.0126,0.0127,0.0127,0.0127,0.0127,0.0133,0.0133,0.0133,0.0135,0.0138,0.0138,0.0139,0.0139,0.0139,0.0139,0.0139,0.0139,0.0140,0.0150,0.0150,0.0150,0.0151,0.0151,0.0151,0.0151,0.0151,0.0151,0.0151,0.0151,0.0151,0.0151,0.0151,0.0151,0.0151,0.0151,0.0151,0.0151,0.0151,0.0151,0.0151,0.0151,0.0151,0.0151,0.0151,0.0151,0.0151,0.0151,0.0151,0.0151,0.0151,0.0151,0.0151,0.0151,0.0151,0.0151,0.0151,0.0151,0.0151,0.0151,0.0151,0.0151,0.0151,0.0152,0.0152,0.0152,0.0152,0.0152,0.0152,0.0152,0.0152,0.0152,0.0152,0.0152,0.0152,0.0152,0.0152,0.0152,0.0152,0.0152,0.0152,0.0152,0.0152,0.0152
45114.2083333,0.0044,0.0044,0.0044,0.0044,0.0044,0.0044,0.0044,0.0051,0.0051,0.0051,0.0052,0.0052,0.0052,0.0057,0.0057,0.0057,0.0057,0.0057,0.0057,0.0057,0.0057,0.0057,0.0058,0.0058,0.0058,0.0058,0.0058,0.0058,0.0058,0.0058,0.0058,0.0058,0.0058,0.0059,0.0059,0.0059,0.0059,0.0059,0.0059,0.0063,0.0063,0.0063,0.0063,0.0063,0.0063,0.0063,0.0063,0.0067,0.0067,0.0067,0.0068,0.0068,0.0068,0.0068,0.0068,0.0069,0.0069,0.0069,0.0069,0.0070,0.0070,0.0070,0.0070,0.0070,0.0070,0.0070,0.0071,0.0073,0.0074,0.0075,0.0075,0.0075,0.0075,0.0075,0.0075,0.0076,0.0076,0.0077,0.0077,0.0077,0.0077,0.0077,0.0078,0.0079,0.0079,0.0079,0.0079,0.0079,0.0079,0.0079,0.0079,0.0080,0.0080,0.0080,0.0080,0.0080,0.0080,0.0080,0.0080,0.0080,0.0080,0.0080,0.0114,0.0114,0.0115,0.0115,0.0115,0.0119,0.0119,0.0119,0.0120,0.0120,0.0121,0.0121,0.0121,0.0121,0.0121,0.0121,0.0121,0.0122,0.0122,0.0122,0.0122,0.0122,0.0123,0.0123,0.0123,0.0123,0.0123,0.0123,0.0123,0.0123,0.0123,0.0123,0.0124,0.0124,0.0124,0.0124,0.0124,0.0124,0.0125,0.0125,0.0125,0.0125,0.0125,0.0125,0.0125,0.0125,0.0125,0.0125,0.0125,0.0125,0.0125,0.0125,0.0126,0.0126,0.0126,0.0126,0.0132,0.0132,0.0132,0.0134,0.0137,0.0137,0.0137,0.0137,0.0137,0.0137,0.0138,0.0138,0.0138,0.0149,0.0149,0.0149,0.0149,0.0150,0.0150,0.0150,0.0150,0.0150,0.0150,0.0150,0.0150,0.0150,0.0151,0.0151,0.0151,0.0151,0.0151,0.0151,0.0151,0.0151,0.0151,0.0151,0.0151,0.0151,0.0151,0.0151,0.0151,0.0151,0.0151,0.0151,0.0151,0.0151,0.0151,0.0151,0.0151,0.0151,0.0151,0.0151,0.0151,0.0151,0.0151,0.0151,0.0151,0.0151,0.0152,0.0152,0.0152,0.0152,0.0152,0.0152,0.0152,0.0152,0.0152,0.0152,0.0152,0.0152,0.0152,0.0152,0.0152,0.0152,0.0152,0.0152,0.0152,0.0152
45114.2500000,0.0044,0.0044,0.0044,0.0044,0.0044,0.0044,0.0044,0.0051,0.0051,0.0051,0.0052,0.0052,0.0052,0.0057,0.0057,0.0057,0.0057,0.0057,0.0057,0.0057,0.0057,0.0057,0.0058,0.0058,0.0058,0.0058,0.0058,0.0058,0.0058,0.0058,0.0058,0.0058,0.0058,0.0059,0.0059,0.0059,0.0059,0.0059,0.0059,0.0063,0.0063,0.0063,0.0063,0.0063,0.0063,0.0063,0.0063,0.0067,0.0067,0.0067,0.0068,0.0068,0.0068,0.0068,0.0068,0.0068,0.0068,0.0068,0.0069,0.0069,0.0069,0.0069,0.0069,0.0069,0.0069,0.0069,0.0069,0.0071,0.0072,0.0073,0.0073,0.0073,0.0074,0.0074,0.0074,0.0074,0.0075,0.0076,0.0076,0.0076,0.0076,0.0077,0.0077,0.0078,0.0078,0.0078,0.0078,0.0078,0.0078,0.0078,0.0079,0.0079,0.0079,0.0080,0.0080,0.0080,0.0080,0.0080,0.0080,0.0080,0.0080,0.0080,0.0114,0.0114,0.0114,0.0114,0.0114,0.0119,0.0119,0.0119,0.0119,0.0119,0.0121,0.0121,0.0121,0.0121,0.0121,0.0121,0.0121,0.0121,0.0121,0.0121,0.0122,0.0122,0.0122,0.0122,0.0122,0.0123,0.0123,0.0123,0.0123,0.0123,0.0123,0.0123,0.0124,0.0124,0.0124,0.0124,0.0124,0.0124,0.0124,0.0124,0.0125,0.0125,0.0125,0.0125,0.0125,0.0125,0.0125,0.0125,0.0125,0.0125,0.0125,0.0125,0.0125,0.0125,0.0126,0.0126,0.0132,0.0132,0.0132,0.0134,0.0136,0.0136,0.0137,0.0137,0.0137,0.0137,0.0137,0.0137,0.0137,0.0147,0.0148,0.0148,0.0148,0.0148,0.0148,0.0148,0.0148,0.0148,0.0149,0.0149,0.0149,0.0149,0.0149,0.0149,0.0149,0.0149,0.0149,0.0149,0.0150,0.0150,0.0150,0.0150,0.0150,0.0150,0.0150,0.0150,0.0150,0.0150,0.0150,0.0150,0.0150,0.0150,0.0151,0.0151,0.0151,0.0151,0.0151,0.0151,0.0151,0.0151,0.0151,0.0151,0.0151,0.0151,0.0151,0.0151,0.0151,0.0151,0.0151,0.0151,0.0151,0.0151,0.0151,0.0152,0.0152,0.0152,0.0152,0.0152,0.0152,0.0152,0.0152,0.0152,0.0152,0.0152
45114.2916667,0.0044,0.0044,0.0044,0.0044,0.0044,0.0044,0.0044,0.0051,0.0051,0.0051,0.0052,0.0052,0.0052,0.0057,0.0057,0.0057,0.0057,0.0057,0.0057,0.0057,0.0057,0.0057,0.0058,0.0058,0.0058,0.0058,0.0058,0.0058,0.0058,0.0058,0.0058,0.0058,0.0058,0.0059,0.0059,0.0059,0.0059,0.0059,0.0059,0.0063,0.0063,0.0063,0.0063,0.0063,0.0063,0.0063,0.0063,0.0067,0.0067,0.0067,0.0068,0.0068,0.0068,0.0068,0.0068,0.0068,0.0068,0.0068,0.0069,0.0069,0.0069,0.0069,0.0069,0.0069,0.0069,0.0069,0.0069,0.0071,0.0071,0.0072,0.0072,0.0072,0.0072,0.0073,0.0073,0.0073,0.0073,0.0074,0.0074,0.0075,0.0075,0.0075,0.0075,0.0076,0.0076,0.0077,0.0077,0.0077,0.0077,0.0077,0.0077,0.0078,0.0078,0.0078,0.0078,0.0079,0.0079,0.0079,0.0079,0.0079,0.0079,0.0079,0.0113,0.0114,0.0114,0.0114,0.0114,0.0118,0.0118,0.0119,0.0119,0.0119,0.0120,0.0120,0.0120,0.0121,0.0121,0.0121,0.0121,0.0121,0.0121,0.0121,0.0122,0.0122,0.0122,0.0122,0.0122,0.0123,0.0123,0.0123,0.0123,0.0123,0.0123,0.0123,0.0124,0.0124,0.0124,0.0124,0.0124,0.0124,0.0124,0.0124,0.0124,0.0124,0.0125,0.0125,0.0125,0.0125,0.0125,0.0125,0.0125,0.0125,0.0125,0.0125,0.0125,0.0125,0.0125,0.0125,0.0131,0.0131,0.0131,0.0133,0.0136,0.0136,0.0137,0.0137,0.0137,0.0137,0.0137,0.0137,0.0137,0.0147,0.0147,0.0147,0.0148,0.0148,0.0148,0.0148,0.0148,0.0148,0.0148,0.0148,0.0148,0.0148,0.0148,0.0148,0.0148,0.0148,0.0148,0.0148,0.0148,0.0148,0.0149,0.0149,0.0149,0.0149,0.0149,0.0149,0.0149,0.0149,0.0149,0.0149,0.0149,0.0149,0.0149,0.0149,0.0149,0.0149,0.0149,0.0150,0.0150,0.0150,0.0150,0.0150,0.0150,0.0150,0.0150,0.0150,0.0150,0.0150,0.0150,0.0150,0.0150,0.0151,0.0151,0.0151,0.0151,0.0151,0.0151,0.0151,0.0151,0.0151,0.0151,0.0151,0.0151,0.0151
45114.3333333,0.0044,0.0044,0.0044,0.0044,0.0044,0.0044,0.0044,0.0051,0.0051,0.0051,0.0052,0.0052,0.0052,0.0057,0.0057,0.0057,0.0057,0.0057,0.0057,0.0057,0.0057,0.0057,0.0058,0.0058,0.0058,0.0058,0.0058,0.0058,0.0058,0.0058,0.0058,0.0058,0.0058,0.0059,0.0059,0.0059,0.0059,0.0059,0.0059,0.0063,0.0063,0.0063,0.0063,0.0063,0.0063,0.0063,0.0063,0.0067,0.0067,0.0067,0.0068,0.0068,0.0068,0.0068,0.0068,0.0068,0.0068,0.0068,0.0069,0.0069,0.0069,0.0069,0.0069,0.0069,0.0069,0.0069,0.0069,0.0071,0.0071,0.0071,0.0071,0.0071,0.0071,0.0072,0.0072,0.0072,0.0072,0.0073,0.0073,0.0074,0.0074,0.0074,0.0074,0.0075,0.0075,0.0075,0.0075,0.0075,0.0076,0.0076,0.0076,0.0077,0.0077,0.0077,0.0077,0.0077,0.0077,0.0077,0.0077,0.0077,0.0077,0.0078,0.0112,0.0112,0.0112,0.0112,0.0113,0.0117,0.0117,0.0118,0.0118,0.0118,0.0120,0.0120,0.0120,0.0120,0.0120,0.0120,0.0120,0.0121,0.0121,0.0121,0.0122,0.0122,0.0122,0.0122,0.0122,0.0122,0.0122,0.0122,0.0123,0.0123,0.0123,0.0123,0.0123,0.0123,0.0123,0.0123,0.0124,0.0124,0.0124,0.0124,0.0124,0.0124,0.0124,0.0124,0.0124,0.0125,0.0125,0.0125,0.0125,0.0125,0.0125,0.0125,0.0125,0.0125,0.0125,0.0125,0.0131,0.0131,0.0131,0.0133,0.0136,0.0136,0.0136,0.0136,0.0137,0.0137,0.0137,0.0137,0.0137,0.0147,0.0147,0.0147,0.0147,0.0147,0.0148,0.0148,0.0148,0.0148,0.0148,0.0148,0.0148,0.0148,0.0148,0.0148,0.0148,0.0148,0.0148,0.0148,0.0148,0.0148,0.0148,0.0148,0.0148,0.0148,0.0148,0.0148,0.0148,0.0148,0.0148,0.0148,0.0148,0.0148,0.0148,0.0148,0.0148,0.0148,0.0149,0.0149,0.0149,0.0149,0.0149,0.0149,0.0149,0.0149,0.0149,0.0149,0.0149,0.0149,0.0149,0.0149,0.0149,0.0149,0.0149,0.0149,0.0149,0.0149,0.0149,0.0150,0.0150,0.0150,0.0150,0.0150,0.0150,0.0150
45114.3750000,0.0044,0.0044,0.0044,0.0044,0.0044,0.0044,0.0044,0.0051,0.0051,0.0051,0.0052,0.0052,0.0052,0.0057,0.0057,0.0057,0.0057,0.0057,0.0057,0.0057,0.0057,0.0057,0.0058,0.0058,0.0058,0.0058,0.0058,0.0058,0.0058,0.0058,0.0058,0.0058,0.0058,0.0059,0.0059,0.0059,0.0059,0.0059,0.0059,0.0063,0.0063,0.0063,0.0063,0.0063,0.0063,0.0063,0.0063,0.0067,0.0067,0.0067,0.0068,0.0068,0.0068,0.0068,0.0068,0.0068,0.0068,0.0068,0.0069,0.0069,0.0069,0.0069,0.0069,0.0069,0.0069,0.0069,0.0069,0.0071,0.0071,0.0071,0.0071,0.0071,0.0071,0.0071,0.0071,0.0071,0.0072,0.0073,0.0073,0.0073,0.0073,0.0073,0.0073,0.0074,0.0074,0.0075,0.0075,0.0075,0.0075,0.0075,0.0075,0.0076,0.0076,0.0076,0.0076,0.0076,0.0076,0.0076,0.0076,0.0076,0.0076,0.0076,0.0111,0.0111,0.0111,0.0111,0.0111,0.0116,0.0116,0.0116,0.0117,0.0117,0.0118,0.0118,0.0118,0.0119,0.0119,0.0119,0.0119,0.0119,0.0119,0.0120,0.0120,0.0121,0.0121,0.0121,0.0121,0.0122,0.0122,0.0122,0.0122,0.0122,0.0122,0.0122,0.0123,0.0123,0.0123,0.0123,0.0124,0.0124,0.0124,0.0124,0.0124,0.0124,0.0124,0.0124,0.0124,0.0124,0.0125,0.0125,0.0125,0.0125,0.0125,0.0125,0.0125,0.0125,0.0125,0.0125,0.0131,0.0131,0.0131,0.0133,0.0136,0.0136,0.0136,0.0136,0.0136,0.0136,0.0137,0.0137,0.0137,0.0147,0.0147,0.0147,0.0147,0.0147,0.0147,0.0147,0.0147,0.0147,0.0147,0.0147,0.0148,0.0148,0.0148,0.0148,0.0148,0.0148,0.0148,0.0148,0.0148,0.0148,0.0148,0.0148,0.0148,0.0148,0.0148,0.0148,0.0148,0.0148,0.0148,0.0148,0.0148,0.0148,0.0148,0.0148,0.0148,0.0148,0.0148,0.0148,0.0148,0.0148,0.0148,0.0148,0.0148,0.0148,0.0148,0.0148,0.0148,0.0149,0.0149,0.0149,0.0149,0.0149,0.0149,0.0149,0.0149,0.0149,0.0149,0.0149,0.0149,0.0149,0.0149,0.0149,0.0149,0.0149
45114.4166667,0.0044,0.0044,0.0044,0.0044,0.0044,0.0044,0.0044,0.0051,0.0051,0.0051,0.0052,0.0052,0.0052,0.0057,0.0057,0.0057,0.0057,0.0057,0.0057,0.0057,0.0057,0.0057,0.0058,0.0058,0.0058,0.0058,0.0058,0.0058,0.0058,0.0058,0.0058,0.0058,0.0058,0.0059,0.0059,0.0059,0.0059,0.0059,0.0059,0.0063,0.0063,0.0063,0.0063,0.0063,0.0063,0.0063,0.0063,0.0067,0.0067,0.0067,0.0068,0.0068,0.0068,0.0068,0.0068,0.0068,0.0068,0.0068,0.0069,0.0069,0.0069,0.0069,0.0069,0.0069,0.0069,0.0069,0.0069,0.0071,0.0071,0.0071,0.0071,0.0071,0.0071,0.0071,0.0071,0.0071,0.0071,0.0073,0.0073,0.0073,0.0073,0.0073,0.0073,0.0074,0.0074,0.0074,0.0075,0.0075,0.0075,0.0075,0.0075,0.0075,0.0076,0.0076,0.0076,0.0076,0.0076,0.0076,0.0076,0.0076,0.0076,0.0076,0.0110,0.0110,0.0110,0.0110,0.0110,0.0115,0.0115,0.0115,0.0115,0.0116,0.0117,0.0117,0.0117,0.0117,0.0117,0.0117,0.0118,0.0118,0.0118,0.0118,0.0119,0.0119,0.0119,0.0119,0.0120,0.0120,0.0120,0.0121,0.0121,0.0121,0.0121,0.0121,0.0122,0.0122,0.0122,0.0122,0.0123,0.0123,0.0123,0.0123,0.0123,0.0123,0.0124,0.0124,0.0124,0.0124,0.0124,0.0124,0.0124,0.0124,0.0124,0.0125,0.0125,0.0125,0.0125,0.0125,0.0131,0.0131,0.0131,0.0133,0.0136,0.0136,0.0136,0.0136,0.0136,0.0136,0.0136,0.0136,0.0136,0.0147,0.0147,0.0147,0.0147,0.0147,0.0147,0.0147,0.0147,0.0147,0.0147,0.0147,0.0147,0.0148,0.0148,0.0148,0.0148,0.0148,0.0148,0.0148,0.0148,0.0148,0.0148,0.0148,0.0148,0.0148,0.0148,0.0148,0.0148,0.0148,0.0148,0.0148,0.0148,0.0148,0.0148,0.0148,0.0148,0.0148,0.0148,0.0148,0.0148,0.0148,0.0148,0.0148,0.0148,0.0148,0.0148,0.0148,0.0148,0.0148,0.0148,0.0148,0.0148,0.0148,0.0148,0.0148,0.0149,0.0149,0.0149,0.0149,0.0149,0.0149,0.0149,0.0149,0.0149,0.0149
45114.4583333,0.0044,0.0044,0.0044,0.0044,0.0044,0.0044,0.0044,0.0051,0.0051,0.0051,0.0052,0.0052,0.0052,0.0057,0.0057,0.0057,0.0057,0.0057,0.0057,0.0057,0.0057,0.0057,0.0058,0.0058,0.0058,0.0058,0.0058,0.0058,0.0058,0.0058,0.0058,0.0058,0.0058,0.0059,0.0059,0.0059,0.0059,0.0059,0.0059,0.0063,0.0063,0.0063,0.0063,0.0063,0.0063,0.0063,0.0063,0.0067,0.0067,0.0067,0.0068,0.0068,0.0068,0.0068,0.0068,0.0068,0.0068,0.0068,0.0069,0.0069,0.0069,0.0069,0.0069,0.0069,0.0069,0.0069,0.0069,0.0071,0.0071,0.0071,0.0071,0.0071,0.0071,0.0071,0.0071,0.0071,0.0071,0.0073,0.0073,0.0073,0.0073,0.0073,0.0073,0.0074,0.0074,0.0074,0.0075,0.0075,0.0075,0.0075,0.0075,0.0075,0.0075,0.0075,0.0075,0.0076,0.0076,0.0076,0.0076,0.0076,0.0076,0.0076,0.0110,0.0110,0.0110,0.0110,0.0110,0.0115,0.0115,0.0115,0.0115,0.0115,0.0116,0.0116,0.0116,0.0117,0.0117,0.0117,0.0117,0.0117,0.0117,0.0117,0.0118,0.0118,0.0118,0.0118,0.0118,0.0119,0.0119,0.0119,0.0119,0.0119,0.0120,0.0120,0.0120,0.0121,0.0121,0.0121,0.0121,0.0122,0.0122,0.0122,0.0122,0.0122,0.0122,0.0123,0.0123,0.0123,0.0123,0.0123,0.0123,0.0124,0.0124,0.0124,0.0124,0.0124,0.0124,0.0124,0.0130,0.0130,0.0130,0.0132,0.0135,0.0135,0.0136,0.0136,0.0136,0.0136,0.0136,0.0136,0.0136,0.0146,0.0147,0.0147,0.0147,0.0147,0.0147,0.0147,0.0147,0.0147,0.0147,0.0147,0.0147,0.0147,0.0147,0.0147,0.0148,0.0148,0.0148,0.0148,0.0148,0.0148,0.0148,0.0148,0.0148,0.0148,0.0148,0.0148,0.0148,0.0148,0.0148,0.0148,0.0148,0.0148,0.0148,0.0148,0.0148,0.0148,0.0148,0.0148,0.0148,0.0148,0.0148,0.0148,0.0148,0.0148,0.0148,0.0148,0.0148,0.0148,0.0148,0.0148,0.0148,0.0148,0.0148,0.0148,0.0148,0.0148,0.0148,0.0148,0.0148,0.0148,0.0148,0.0149,0.0149,0.0149
45114.5000000,0.0044,0.0044,0.0044,0.0044,0.0044,0.0044,0.0044,0.0051,0.0051,0.0051,0.0052,0.0052,0.0052,0.0057,0.0057,0.0057,0.0057,0.0057,0.0057,0.0057,0.0057,0.0057,0.0058,0.0058,0.0058,0.0058,0.0058,0.0058,0.0058,0.0058,0.0058,0.0058,0.0058,0.0059,0.0059,0.0059,0.0059,0.0059,0.0059,0.0063,0.0063,0.0063,0.0063,0.0063,0.0063,0.0063,0.0063,0.0067,0.0067,0.0067,0.0068,0.0068,0.0068,0.0068,0.0068,0.0068,0.0068,0.0068,0.0069,0.0069,0.0069,0.0069,0.0069,0.0069,0.0069,0.0069,0.0069,0.0071,0.0071,0.0071,0.0071,0.0071,0.0071,0.0071,0.0071,0.0071,0.0071,0.0073,0.0073,0.0073,0.0073,0.0073,0.0073,0.0074,0.0074,0.0074,0.0074,0.0075,0.0075,0.0075,0.0075,0.0075,0.0075,0.0075,0.0075,0.0076,0.0076,0.0076,0.0076,0.0076,0.0076,0.0076,0.0110,0.0110,0.0110,0.0110,0.0110,0.0114,0.0114,0.0115,0.0115,0.0115,0.0116,0.0116,0.0116,0.0116,0.0117,0.0117,0.0117,0.0117,0.0117,0.0117,0.0118,0.0118,0.0118,0.0118,0.0118,0.0118,0.0118,0.0118,0.0118,0.0119,0.0119,0.0119,0.0119,0.0119,0.0120,0.0120,0.0120,0.0120,0.0120,0.0121,0.0121,0.0121,0.0121,0.0121,0.0121,0.0122,0.0122,0.0122,0.0122,0.0122,0.0122,0.0123,0.0123,0.0123,0.0123,0.0123,0.0129,0.0129,0.0129,0.0131,0.0134,0.0134,0.0135,0.0135,0.0135,0.0135,0.0135,0.0135,0.0136,0.0146,0.0146,0.0146,0.0147,0.0147,0.0147,0.0147,0.0147,0.0147,0.0147,0.0147,0.0147,0.0147,0.0147,0.0147,0.0147,0.0147,0.0147,0.0147,0.0147,0.0147,0.0147,0.0147,0.0147,0.0147,0.0147,0.0148,0.0148,0.0148,0.0148,0.0148,0.0148,0.0148,0.0148,0.0148,0.0148,0.0148,0.0148,0.0148,0.0148,0.0148,0.0148,0.0148,0.0148,0.0148,0.0148,0.0148,0.0148,0.0148,0.0148,0.0148,0.0148,0.0148,0.0148,0.0148,0.0148,0.0148,0.0148,0.0148,0.0148,0.0148,0.0148,0.0148,0.0148,0.0148
45114.5416667,0.0044,0.0044,0.0044,0.0044,0.0044,0.0044,0.0044,0.0051,0.0051,0.0051,0.0052,0.0052,0.0052,0.0057,0.0057,0.0057,0.0057,0.0057,0.0057,0.0057,0.0057,0.0057,0.0058,0.0058,0.0058,0.0058,0.0058,0.0058,0.0058,0.0058,0.0058,0.0058,0.0058,0.0059,0.0059,0.0059,0.0059,0.0059,0.0059,0.0063,0.0063,0.0063,0.0063,0.0063,0.0063,0.0063,0.0063,0.0067,0.0067,0.0067,0.0068,0.0068,0.0068,0.0068,0.0068,0.0068,0.0068,0.0068,0.0069,0.0069,0.0069,0.0069,0.0069,0.0069,0.0069,0.0069,0.0069,0.0071,0.0071,0.0071,0.0071,0.0071,0.0071,0.0071,0.0071,0.0071,0.0071,0.0073,0.0073,0.0073,0.0073,0.0073,0.0073,0.0074,0.0074,0.0074,0.0074,0.0075,0.0075,0.0075,0.0075,0.0075,0.0075,0.0075,0.0075,0.0076,0.0076,0.0076,0.0076,0.0076,0.0076,0.0076,0.0110,0.0110,0.0110,0.0110,0.0110,0.0114,0.0114,0.0115,0.0115,0.0115,0.0116,0.0116,0.0116,0.0116,0.0116,0.0116,0.0117,0.0117,0.0117,0.0117,0.0118,0.0118,0.0118,0.0118,0.0118,0.0118,0.0118,0.0118,0.0118,0.0118,0.0118,0.0118,0.0119,0.0119,0.0119,0.0119,0.0120,0.0120,0.0120,0.0120,0.0120,0.0120,0.0120,0.0120,0.0120,0.0121,0.0121,0.0121,0.0121,0.0121,0.0121,0.0121,0.0121,0.0122,0.0122,0.0122,0.0128,0.0128,0.0128,0.0130,0.0133,0.0133,0.0133,0.0133,0.0134,0.0134,0.0134,0.0134,0.0134,0.0145,0.0145,0.0145,0.0146,0.0146,0.0146,0.0146,0.0146,0.0146,0.0146,0.0146,0.0146,0.0146,0.0147,0.0147,0.0147,0.0147,0.0147,0.0147,0.0147,0.0147,0.0147,0.0147,0.0147,0.0147,0.0147,0.0147,0.0147,0.0147,0.0147,0.0147,0.0147,0.0147,0.0147,0.0147,0.0147,0.0147,0.0147,0.0148,0.0148,0.0148,0.0148,0.0148,0.0148,0.0148,0.0148,0.0148,0.0148,0.0148,0.0148,0.0148,0.0148,0.0148,0.0148,0.0148,0.0148,0.0148,0.0148,0.0148,0.0148,0.0148,0.0148,0.0148,0.0148,0.0148
45114.5833333,0.0044,0.0044,0.0044,0.0044,0.0044,0.0044,0.0044,0.0051,0.0051,0.0051,0.0052,0.0052,0.0052,0.0057,0.0057,0.0057,0.0057,0.0057,0.0057,0.0057,0.0057,0.0057,0.0058,0.0058,0.0058,0.0058,0.0058,0.0058,0.0058,0.0058,0.0058,0.0058,0.0058,0.0059,0.0059,0.0059,0.0059,0.0059,0.0059,0.0063,0.0063,0.0063,0.0063,0.0063,0.0063,0.0063,0.0063,0.0067,0.0067,0.0067,0.0068,0.0068,0.0068,0.0068,0.0068,0.0068,0.0068,0.0068,0.0069,0.0069,0.0069,0.0069,0.0069,0.0069,0.0069,0.0069,0.0069,0.0071,0.0071,0.0071,0.0071,0.0071,0.0071,0.0071,0.0071,0.0071,0.0071,0.0073,0.0073,0.0073,0.0073,0.0073,0.0073,0.0074,0.0074,0.0074,0.0074,0.0075,0.0075,0.0075,0.0075,0.0075,0.0075,0.0075,0.0075,0.0076,0.0076,0.0076,0.0076,0.0076,0.0076,0.0076,0.0110,0.0110,0.0110,0.0110,0.0110,0.0114,0.0114,0.0115,0.0115,0.0115,0.0116,0.0116,0.0116,0.0116,0.0116,0.0116,0.0117,0.0117,0.0117,0.0117,0.0117,0.0118,0.0118,0.0118,0.0118,0.0118,0.0118,0.0118,0.0118,0.0118,0.0118,0.0118,0.0119,0.0119,0.0119,0.0119,0.0119,0.0119,0.0120,0.0120,0.0120,0.0120,0.0120,0.0120,0.0120,0.0120,0.0120,0.0120,0.0120,0.0120,0.0121,0.0121,0.0121,0.0121,0.0121,0.0121,0.0127,0.0127,0.0127,0.0129,0.0132,0.0132,0.0132,0.0132,0.0132,0.0133,0.0133,0.0133,0.0133,0.0143,0.0144,0.0144,0.0144,0.0144,0.0144,0.0145,0.0145,0.0145,0.0145,0.0145,0.0145,0.0145,0.0145,0.0145,0.0145,0.0146,0.0146,0.0146,0.0146,0.0146,0.0146,0.0146,0.0146,0.0146,0.0146,0.0146,0.0146,0.0146,0.0146,0.0146,0.0146,0.0147,0.0147,0.0147,0.0147,0.0147,0.0147,0.0147,0.0147,0.0147,0.0147,0.0147,0.0147,0.0147,0.0147,0.0147,0.0147,0.0147,0.0147,0.0147,0.0147,0.0147,0.0148,0.0148,0.0148,0.0148,0.0148,0.0148,0.0148,0.0148,0.0148,0.0148,0.0148,0.0148
45114.6250000,0.0044,0.0044,0.0044,0.0044,0.0044,0.0044,0.0044,0.0051,0.0051,0.0051,0.0052,0.0052,0.0052,0.0057,0.0057,0.0057,0.0057,0.0057,0.0057,0.0057,0.0057,0.0057,0.0058,0.0058,0.0058,0.0058,0.0058,0.0058,0.0058,0.0058,0.0058,0.0058,0.0058,0.0059,0.0059,0.0059,0.0059,0.0059,0.0059,0.0063,0.0063,0.0063,0.0063,0.0063,0.0063,0.0063,0.0063,0.0067,0.0067,0.0067,0.0068,0.0068,0.0068,0.0068,0.0068,0.0068,0.0068,0.0068,0.0069,0.0069,0.0069,0.0069,0.0069,0.0069,0.0069,0.0069,0.0069,0.0071,0.0071,0.0071,0.0071,0.0071,0.0071,0.0071,0.0071,0.0071,0.0071,0.0073,0.0073,0.0073,0.0073,0.0073,0.0073,0.0074,0.0074,0.0074,0.0074,0.0075,0.0075,0.0075,0.0075,0.0075,0.0075,0.0075,0.0075,0.0076,0.0076,0.0076,0.0076,0.0076,0.0076,0.0076,0.0110,0.0110,0.0110,0.0110,0.0110,0.0114,0.0114,0.0115,0.0115,0.0115,0.0116,0.0116,0.0116,0.0116,0.0116,0.0116,0.0117,0.0117,0.0117,0.0117,0.0117,0.0118,0.0118,0.0118,0.0118,0.0118,0.0118,0.0118,0.0118,0.0118,0.0118,0.0118,0.0119,0.0119,0.0119,0.0119,0.0119,0.0119,0.0119,0.0120,0.0120,0.0120,0.0120,0.0120,0.0120,0.0120,0.0120,0.0120,0.0120,0.0120,0.0120,0.0120,0.0120,0.0120,0.0121,0.0121,0.0127,0.0127,0.0127,0.0129,0.0131,0.0131,0.0132,0.0132,0.0132,0.0132,0.0132,0.0132,0.0132,0.0143,0.0143,0.0143,0.0143,0.0143,0.0143,0.0143,0.0143,0.0144,0.0144,0.0144,0.0144,0.0144,0.0144,0.0144,0.0144,0.0144,0.0144,0.0144,0.0144,0.0145,0.0145,0.0145,0.0145,0.0145,0.0145,0.0145,0.0145,0.0145,0.0145,0.0145,0.0145,0.0145,0.0145,0.0145,0.0146,0.0146,0.0146,0.0146,0.0146,0.0146,0.0146,0.0146,0.0146,0.0146,0.0146,0.0146,0.0146,0.0146,0.0146,0.0147,0.0147,0.0147,0.0147,0.0147,0.0147,0.0147,0.0147,0.0147,0.0147,0.0147,0.0147,0.0147,0.0147,0.0147
45114.6666667,0.0044,0.0044,0.0044,0.0044,0.0044,0.0044,0.0044,0.0051,0.0051,0.0051,0.0052,0.0052,0.0052,0.0057,0.0057,0.0057,0.0057,0.0057,0.0057,0.0057,0.0057,0.0057,0.0058,0.0058,0.0058,0.0058,0.0058,0.0058,0.0058,0.0058,0.0058,0.0058,0.0058,0.0059,0.0059,0.0059,0.0059,0.0059,0.0059,0.0063,0.0063,0.0063,0.0063,0.0063,0.0063,0.0063,0.0063,0.0067,0.0067,0.0067,0.0068,0.0068,0.0068,0.0068,0.0068,0.0068,0.0068,0.0068,0.0069,0.0069,0.0069,0.0069,0.0069,0.0069,0.0069,0.0069,0.0069,0.0071,0.0071,0.0071,0.0071,0.0071,0.0071,0.0071,0.0071,0.0071,0.0071,0.0073,0.0073,0.0073,0.0073,0.0073,0.0073,0.0074,0.0074,0.0074,0.0074,0.0075,0.0075,0.0075,0.0075,0.0075,0.0075,0.0075,0.0075,0.0076,0.0076,0.0076,0.0076,0.0076,0.0076,0.0076,0.0110,0.0110,0.0110,0.0110,0.0110,0.0114,0.0114,0.0115,0.0115,0.0115,0.0116,0.0116,0.0116,0.0116,0.0116,0.0116,0.0117,0.0117,0.0117,0.0117,0.0117,0.0118,0.0118,0.0118,0.0118,0.0118,0.0118,0.0118,0.0118,0.0118,0.0118,0.0118,0.0119,0.0119,0.0119,0.0119,0.0119,0.0119,0.0119,0.0119,0.0120,0.0120,0.0120,0.0120,0.0120,0.0120,0.0120,0.0120,0.0120,0.0120,0.0120,0.0120,0.0120,0.0120,0.0120,0.0120,0.0126,0.0126,0.0126,0.0128,0.0131,0.0131,0.0132,0.0132,0.0132,0.0132,0.0132,0.0132,0.0132,0.0142,0.0142,0.0142,0.0143,0.0143,0.0143,0.0143,0.0143,0.0143,0.0143,0.0143,0.0143,0.0143,0.0143,0.0143,0.0143,0.0143,0.0143,0.0143,0.0144,0.0144,0.0144,0.0144,0.0144,0.0144,0.0144,0.0144,0.0144,0.0144,0.0144,0.0144,0.0144,0.0144,0.0144,0.0144,0.0144,0.0144,0.0144,0.0144,0.0145,0.0145,0.0145,0.0145,0.0145,0.0145,0.0145,0.0145,0.0145,0.0145,0.0145,0.0145,0.0145,0.0145,0.0145,0.0146,0.0146,0.0146,0.0146,0.0146,0.0146,0.0146,0.0146,0.0146,0.0146,0.0146
45114.7083333,0.0044,0.0044,0.0044,0.0044,0.0044,0.0044,0.0044,0.0051,0.0051,0.0051,0.0052,0.0052,0.0052,0.0057,0.0057,0.0057,0.0057,0.0057,0.0057,0.0057,0.0057,0.0057,0.0058,0.0058,0.0058,0.0058,0.0058,0.0058,0.0058,0.0058,0.0058,0.0058,0.0058,0.0059,0.0059,0.0059,0.0059,0.0059,0.0059,0.0063,0.0063,0.0063,0.0063,0.0063,0.0063,0.0063,0.0063,0.0067,0.0067,0.0067,0.0068,0.0068,0.0068,0.0068,0.0068,0.0068,0.0068,0.0068,0.0069,0.0069,0.0069,0.0069,0.0069,0.0069,0.0069,0.0069,0.0069,0.0071,0.0071,0.0071,0.0071,0.0071,0.0071,0.0071,0.0071,0.0071,0.0071,0.0073,0.0073,0.0073,0.0073,0.0073,0.0073,0.0074,0.0074,0.0074,0.0074,0.0075,0.0075,0.0075,0.0075,0.0075,0.0075,0.0075,0.0075,0.0076,0.0076,0.0076,0.0076,0.0076,0.0076,0.0076,0.0110,0.0110,0.0110,0.0110,0.0110,0.0114,0.0114,0.0115,0.0115,0.0115,0.0116,0.0116,0.0116,0.0116,0.0116,0.0116,0.0117,0.0117,0.0117,0.0117,0.0117,0.0118,0.0118,0.0118,0.0118,0.0118,0.0118,0.0118,0.0118,0.0118,0.0118,0.0118,0.0119,0.0119,0.0119,0.0119,0.0119,0.0119,0.0119,0.0119,0.0120,0.0120,0.0120,0.0120,0.0120,0.0120,0.0120,0.0120,0.0120,0.0120,0.0120,0.0120,0.0120,0.0120,0.0120,0.0120,0.0126,0.0126,0.0126,0.0128,0.0131,0.0131,0.0131,0.0132,0.0132,0.0132,0.0132,0.0132,0.0132,0.0142,0.0142,0.0142,0.0142,0.0143,0.0143,0.0143,0.0143,0.0143,0.0143,0.0143,0.0143,0.0143,0.0143,0.0143,0.0143,0.0143,0.0143,0.0143,0.0143,0.0143,0.0143,0.0143,0.0143,0.0143,0.0143,0.0143,0.0143,0.0143,0.0143,0.0143,0.0143,0.0143,0.0144,0.0144,0.0144,0.0144,0.0144,0.0144,0.0144,0.0144,0.0144,0.0144,0.0144,0.0144,0.0144,0.0144,0.0144,0.0144,0.0144,0.0144,0.0144,0.0144,0.0144,0.0144,0.0144,0.0144,0.0145,0.0145,0.0145,0.0145,0.0145,0.0145,0.0145,0.0145
45114.7500000,0.0044,0.0044,0.0044,0.0044,0.0044,0.0044,0.0044,0.0051,0.0051,0.0051,0.0052,0.0052,0.0052,0.0057,0.0057,0.0057,0.0057,0.0057,0.0057,0.0057,0.0057,0.0057,0.0058,0.0058,0.0058,0.0058,0.0058,0.0058,0.0058,0.0058,0.0058,0.0058,0.0058,0.0059,0.0059,0.0059,0.0059,0.0059,0.0059,0.0063,0.0063,0.0063,0.0063,0.0063,0.0063,0.0063,0.0063,0.0067,0.0067,0.0067,0.0068,0.0068,0.0068,0.0068,0.0068,0.0068,0.0068,0.0068,0.0069,0.0069,0.0069,0.0069,0.0069,0.0069,0.0069,0.0069,0.0069,0.0071,0.0071,0.0071,0.0071,0.0071,0.0071,0.0071,0.0071,0.0071,0.0071,0.0073,0.0073,0.0073,0.0073,0.0073,0.0073,0.0074,0.0074,0.0074,0.0074,0.0075,0.0075,0.0075,0.0075,0.0075,0.0075,0.0075,0.0075,0.0076,0.0076,0.0076,0.0076,0.0076,0.0076,0.0076,0.0110,0.0110,0.0110,0.0110,0.0110,0.0114,0.0114,0.0115,0.0115,0.0115,0.0116,0.0116,0.0116,0.0116,0.0116,0.0116,0.0117,0.0117,0.0117,0.0117,0.0117,0.0118,0.0118,0.0118,0.0118,0.0118,0.0118,0.0118,0.0118,0.0118,0.0118,0.0118,0.0119,0.0119,0.0119,0.0119,0.0119,0.0119,0.0119,0.0119,0.0120,0.0120,0.0120,0.0120,0.0120,0.0120,0.0120,0.0120,0.0120,0.0120,0.0120,0.0120,0.0120,0.0120,0.0120,0.0120,0.0126,0.0126,0.0126,0.0128,0.0131,0.0131,0.0131,0.0132,0.0132,0.0132,0.0132,0.0132,0.0132,0.0142,0.0142,0.0142,0.0142,0.0142,0.0142,0.0142,0.0143,0.0143,0.0143,0.0143,0.0143,0.0143,0.0143,0.0143,0.0143,0.0143,0.0143,0.0143,0.0143,0.0143,0.0143,0.0143,0.0143,0.0143,0.0143,0.0143,0.0143,0.0143,0.0143,0.0143,0.0143,0.0143,0.0143,0.0143,0.0143,0.0143,0.0143,0.0143,0.0143,0.0143,0.0143,0.0143,0.0143,0.0143,0.0144,0.0144,0.0144,0.0144,0.0144,0.0144,0.0144,0.0144,0.0144,0.0144,0.0144,0.0144,0.0144,0.0144,0.0144,0.0144,0.0144,0.0144,0.0144,0.0144
45114.7916667,0.0044,0.0044,0.0044,0.0044,0.0044,0.0044,0.0044,0.0051,0.0051,0.0051,0.0052,0.0052,0.0052,0.0057,0.0057,0.0057,0.0057,0.0057,0.0057,0.0057,0.0057,0.0057,0.0058,0.0058,0.0058,0.0058,0.0058,0.0058,0.0058,0.0058,0.0058,0.0058,0.0058,0.0059,0.0059,0.0059,0.0059,0.0059,0.0059,0.0063,0.0063,0.0063,0.0063,0.0063,0.0063,0.0063,0.0063,0.0067,0.0067,0.0067,0.0068,0.0068,0.0068,0.0068,0.0068,0.0068,0.0068,0.0068,0.0069,0.0069,0.0069,0.0069,0.0069,0.0069,0.0069,0.0069,0.0069,0.0071,0.0071,0.0071,0.0071,0.0071,0.0071,0.0071,0.0071,0.0071,0.0071,0.0073,0.0073,0.0073,0.0073,0.0073,0.0073,0.0074,0.0074,0.0074,0.0074,0.0075,0.0075,0.0075,0.0075,0.0075,0.0075,0.0075,0.0075,0.0076,0.0076,0.0076,0.0076,0.0076,0.0076,0.0076,0.0110,0.0110,0.0110,0.0110,0.0110,0.0114,0.0114,0.0115,0.0115,0.0115,0.0116,0.0116,0.0116,0.0116,0.0116,0.0116,0.0117,0.0117,0.0117,0.0117,0.0117,0.0118,0.0118,0.0118,0.0118,0.0118,0.0118,0.0118,0.0118,0.0118,0.0118,0.0118,0.0119,0.0119,0.0119,0.0119,0.0119,0.0119,0.0119,0.0119,0.0120,0.0120,0.0120,0.0120,0.0120,0.0120,0.0120,0.0120,0.0120,0.0120,0.0120,0.0120,0.0120,0.0120,0.0120,0.0120,0.0126,0.0126,0.0126,0.0128,0.0131,0.0131,0.0131,0.0132,0.0132,0.0132,0.0132,0.0132,0.0132,0.0142,0.0142,0.0142,0.0142,0.0142,0.0142,0.0142,0.0142,0.0142,0.0143,0.0143,0.0143,0.0143,0.0143,0.0143,0.0143,0.0143,0.0143,0.0143,0.0143,0.0143,0.0143,0.0143,0.0143,0.0143,0.0143,0.0143,0.0143,0.0143,0.0143,0.0143,0.0143,0.0143,0.0143,0.0143,0.0143,0.0143,0.0143,0.0143,0.0143,0.0143,0.0143,0.0143,0.0143,0.0143,0.0143,0.0143,0.0143,0.0143,0.0143,0.0143,0.0143,0.0143,0.0143,0.0144,0.0144,0.0144,0.0144,0.0144,0.0144,0.0144,0.0144,0.0144,0.0144,0.0144
45114.8333333,0.0044,0.0044,0.0044,0.0044,0.0044,0.0044,0.0044,0.0051,0.0051,0.0051,0.0052,0.0052,0.0052,0.0057,0.0057,0.0057,0.0057,0.0057,0.0057,0.0057,0.0057,0.0057,0.0058,0.0058,0.0058,0.0058,0.0058,0.0058,0.0058,0.0058,0.0058,0.0058,0.0058,0.0059,0.0059,0.0059,0.0059,0.0059,0.0059,0.0063,0.0063,0.0063,0.0063,0.0063,0.0063,0.0063,0.0063,0.0067,0.0067,0.0067,0.0068,0.0068,0.0068,0.0068,0.0068,0.0068,0.0068,0.0068,0.0069,0.0069,0.0069,0.0069,0.0069,0.0069,0.0069,0.0069,0.0069,0.0071,0.0071,0.0071,0.0071,0.0071,0.0071,0.0071,0.0071,0.0071,0.0071,0.0073,0.0073,0.0073,0.0073,0.0073,0.0073,0.0074,0.0074,0.0074,0.0074,0.0075,0.0075,0.0075,0.0075,0.0075,0.0075,0.0075,0.0075,0.0076,0.0076,0.0076,0.0076,0.0076,0.0076,0.0076,0.0110,0.0110,0.0110,0.0110,0.0110,0.0114,0.0114,0.0115,0.0115,0.0115,0.0116,0.0116,0.0116,0.0116,0.0116,0.0116,0.0117,0.0117,0.0117,0.0117,0.0117,0.0118,0.0118,0.0118,0.0118,0.0118,0.0118,0.0118,0.0118,0.0118,0.0118,0.0118,0.0119,0.0119,0.0119,0.0119,0.0119,0.0119,0.0119,0.0119,0.0120,0.0120,0.0120,0.0120,0.0120,0.0120,0.0120,0.0120,0.0120,0.0120,0.0120,0.0120,0.0120,0.0120,0.0120,0.0120,0.0126,0.0126,0.0126,0.0128,0.0131,0.0131,0.0131,0.0132,0.0132,0.0132,0.0132,0.0132,0.0132,0.0142,0.0142,0.0142,0.0142,0.0142,0.0142,0.0142,0.0142,0.0142,0.0143,0.0143,0.0143,0.0143,0.0143,0.0143,0.0143,0.0143,0.0143,0.0143,0.0143,0.0143,0.0143,0.0143,0.0143,0.0143,0.0143,0.0143,0.0143,0.0143,0.0143,0.0143,0.0143,0.0143,0.0143,0.0143,0.0143,0.0143,0.0143,0.0143,0.0143,0.0143,0.0143,0.0143,0.0143,0.0143,0.0143,0.0143,0.0143,0.0143,0.0143,0.0143,0.0143,0.0143,0.0143,0.0143,0.0143,0.0143,0.0143,0.0143,0.0144,0.0144,0.0144,0.0144,0.0144,0.0144
45114.8750000,0.0044,0.0044,0.0044,0.0044,0.0044,0.0044,0.0044,0.0051,0.0051,0.0051,0.0052,0.0052,0.0052,0.0057,0.0057,0.0057,0.0057,0.0057,0.0057,0.0057,0.0057,0.0057,0.0058,0.0058,0.0058,0.0058,0.0058,0.0058,0.0058,0.0058,0.0058,0.0058,0.0058,0.0059,0.0059,0.0059,0.0059,0.0059,0.0059,0.0063,0.0063,0.0063,0.0063,0.0063,0.0063,0.0063,0.0063,0.0067,0.0067,0.0067,0.0068,0.0068,0.0068,0.0068,0.0068,0.0068,0.0068,0.0068,0.0069,0.0069,0.0069,0.0069,0.0069,0.0069,0.0069,0.0069,0.0069,0.0071,0.0071,0.0071,0.0071,0.0071,0.0071,0.0071,0.0071,0.0071,0.0071,0.0073,0.0073,0.0073,0.0073,0.0073,0.0073,0.0074,0.0074,0.0074,0.0074,0.0075,0.0075,0.0075,0.0075,0.0075,0.0075,0.0075,0.0075,0.0076,0.0076,0.0076,0.0076,0.0076,0.0076,0.0076,0.0110,0.0110,0.0110,0.0110,0.0110,0.0114,0.0114,0.0115,0.0115,0.0115,0.0116,0.0116,0.0116,0.0116,0.0116,0.0116,0.0117,0.0117,0.0117,0.0117,0.0117,0.0118,0.0118,0.0118,0.0118,0.0118,0.0118,0.0118,0.0118,0.0118,0.0118,0.0118,0.0119,0.0119,0.0119,0.0119,0.0119,0.0119,0.0119,0.0119,0.0120,0.0120,0.0120,0.0120,0.0120,0.0120,0.0120,0.0120,0.0120,0.0120,0.0120,0.0120,0.0120,0.0120,0.0120,0.0120,0.0126,0.0126,0.0126,0.0128,0.0131,0.0131,0.0131,0.0132,0.0132,0.0132,0.0132,0.0132,0.0132,0.0142,0.0142,0.0142,0.0142,0.0142,0.0142,0.0142,0.0142,0.0142,0.0143,0.0143,0.0143,0.0143,0.0143,0.0143,0.0143,0.0143,0.0143,0.0143,0.0143,0.0143,0.0143,0.0143,0.0143,0.0143,0.0143,0.0143,0.0143,0.0143,0.0143,0.0143,0.0143,0.0143,0.0143,0.0143,0.0143,0.0143,0.0143,0.0143,0.0143,0.0143,0.0143,0.0143,0.0143,0.0143,0.0143,0.0143,0.0143,0.0143,0.0143,0.0143,0.0143,0.0143,0.0143,0.0143,0.0143,0.0143,0.0143,0.0143,0.0143,0.0144,0.0144,0.0144,0.0144,0.0144
45114.9166667,0.0044,0.0044,0.0044,0.0044,0.0044,0.0044,0.0044,0.0051,0.0051,0.0051,0.0052,0.0052,0.0052,0.0057,0.0057,0.0057,0.0057,0.0057,0.0057,0.0057,0.0057,0.0057,0.0058,0.0058,0.0058,0.0058,0.0058,0.0058,0.0058,0.0058,0.0058,0.0058,0.0058,0.0059,0.0059,0.0059,0.0059,0.0059,0.0059,0.0063,0.0063,0.0063,0.0063,0.0063,0.0063,0.0063,0.0063,0.0067,0.0067,0.0067,0.0068,0.0068,0.0068,0.0068,0.0068,0.0068,0.0068,0.0068,0.0069,0.0069,0.0069,0.0069,0.0069,0.0069,0.0069,0.0069,0.0069,0.0071,0.0071,0.0071,0.0071,0.0071,0.0071,0.0071,0.0071,0.0071,0.0071,0.0073,0.0073,0.0073,0.0073,0.0073,0.0073,0.0074,0.0074,0.0074,0.0074,0.0075,0.0075,0.0075,0.0075,0.0075,0.0075,0.0075,0.0075,0.0076,0.0076,0.0076,0.0076,0.0076,0.0076,0.0076,0.0110,0.0110,0.0110,0.0110,0.0110,0.0114,0.0114,0.0115,0.0115,0.0115,0.0116,0.0116,0.0116,0.0116,0.0116,0.0116,0.0117,0.0117,0.0117,0.0117,0.0117,0.0118,0.0118,0.0118,0.0118,0.0118,0.0118,0.0118,0.0118,0.0118,0.0118,0.0118,0.0119,0.0119,0.0119,0.0119,0.0119,0.0119,0.0119,0.0119,0.0120,0.0120,0.0120,0.0120,0.0120,0.0120,0.0120,0.0120,0.0120,0.0120,0.0120,0.0120,0.0120,0.0120,0.0120,0.0120,0.0126,0.0126,0.0126,0.0128,0.0131,0.0131,0.0131,0.0132,0.0132,0.0132,0.0132,0.0132,0.0132,0.0142,0.0142,0.0142,0.0142,0.0142,0.0142,0.0142,0.0142,0.0142,0.0143,0.0143,0.0143,0.0143,0.0143,0.0143,0.0143,0.0143,0.0143,0.0143,0.0143,0.0143,0.0143,0.0143,0.0143,0.0143,0.0143,0.0143,0.0143,0.0143,0.0143,0.0143,0.0143,0.0143,0.0143,0.0143,0.0143,0.0143,0.0143,0.0143,0.0143,0.0143,0.0143,0.0143,0.0143,0.0143,0.0143,0.0143,0.0143,0.0143,0.0143,0.0143,0.0143,0.0143,0.0143,0.0143,0.0143,0.0143,0.0143,0.0143,0.0143,0.0143,0.0144,0.0144,0.0144,0.0144
45114.9583333,0.0044,0.0044,0.0044,0.0044,0.0044,0.0044,0.0044,0.0051,0.0051,0.0051,0.0052,0.0052,0.0052,0.0057,0.0057,0.0057,0.0057,0.0057,0.0057,0.0057,0.0057,0.0057,0.0058,0.0058,0.0058,0.0058,0.0058,0.0058,0.0058,0.0058,0.0058,0.0058,0.0058,0.0059,0.0059,0.0059,0.0059,0.0059,0.0059,0.0063,0.0063,0.0063,0.0063,0.0063,0.0063,0.0063,0.0063,0.0067,0.0067,0.0067,0.0068,0.0068,0.0068,0.0068,0.0068,0.0068,0.0068,0.0068,0.0069,0.0069,0.0069,0.0069,0.0069,0.0069,0.0069,0.0069,0.0069,0.0071,0.0071,0.0071,0.0071,0.0071,0.0071,0.0071,0.0071,0.0071,0.0071,0.0073,0.0073,0.0073,0.0073,0.0073,0.0073,0.0074,0.0074,0.0074,0.0074,0.0075,0.0075,0.0075,0.0075,0.0075,0.0075,0.0075,0.0075,0.0076,0.0076,0.0076,0.0076,0.0076,0.0076,0.0076,0.0110,0.0110,0.0110,0.0110,0.0110,0.0114,0.0114,0.0115,0.0115,0.0115,0.0116,0.0116,0.0116,0.0116,0.0116,0.0116,0.0117,0.0117,0.0117,0.0117,0.0117,0.0118,0.0118,0.0118,0.0118,0.0118,0.0118,0.0118,0.0118,0.0118,0.0118,0.0118,0.0119,0.0119,0.0119,0.0119,0.0119,0.0119,0.0119,0.0119,0.0120,0.0120,0.0120,0.0120,0.0120,0.0120,0.0120,0.0120,0.0120,0.0120,0.0120,0.0120,0.0120,0.0120,0.0120,0.0120,0.0126,0.0126,0.0126,0.0128,0.0131,0.0131,0.0131,0.0132,0.0132,0.0132,0.0132,0.0132,0.0132,0.0142,0.0142,0.0142,0.0142,0.0142,0.0142,0.0142,0.0142,0.0142,0.0143,0.0143,0.0143,0.0143,0.0143,0.0143,0.0143,0.0143,0.0143,0.0143,0.0143,0.0143,0.0143,0.0143,0.0143,0.0143,0.0143,0.0143,0.0143,0.0143,0.0143,0.0143,0.0143,0.0143,0.0143,0.0143,0.0143,0.0143,0.0143,0.0143,0.0143,0.0143,0.0143,0.0143,0.0143,0.0143,0.0143,0.0143,0.0143,0.0143,0.0143,0.0143,0.0143,0.0143,0.0143,0.0143,0.0143,0.0143,0.0143,0.0143,0.0143,0.0143,0.0144,0.0144,0.0144,0.0144
45115.0000000,0.0043,0.0043,0.0043,0.0043,0.0043,0.0043,0.0044,0.0051,0.0051,0.0051,0.0051,0.0051,0.0051,0.0057,0.0057,0.0057,0.0057,0.0057,0.0057,0.0057,0.0057,0.0057,0.0058,0.0058,0.0058,0.0058,0.0058,0.0058,0.0058,0.0058,0.0058,0.0058,0.0058,0.0059,0.0059,0.0059,0.0059,0.0059,0.0059,0.0063,0.0063,0.0063,0.0063,0.0063,0.0063,0.0063,0.0063,0.0067,0.0067,0.0067,0.0068,0.0068,0.0068,0.0068,0.0068,0.0068,0.0068,0.0068,0.0069,0.0069,0.0069,0.0069,0.0069,0.0069,0.0069,0.0069,0.0069,0.0071,0.0071,0.0071,0.0071,0.0071,0.0071,0.0071,0.0071,0.0071,0.0071,0.0073,0.0073,0.0073,0.0073,0.0073,0.0073,0.0074,0.0074,0.0074,0.0074,0.0075,0.0075,0.0075,0.0075,0.0075,0.0075,0.0075,0.0075,0.0076,0.0076,0.0076,0.0076,0.0076,0.0076,0.0076,0.0109,0.0109,0.0110,0.0110,0.0110,0.0114,0.0114,0.0114,0.0115,0.0115,0.0116,0.0116,0.0116,0.0116,0.0116,0.0116,0.0117,0.0117,0.0117,0.0117,0.0117,0.0118,0.0118,0.0118,0.0118,0.0118,0.0118,0.0118,0.0118,0.0118,0.0118,0.0118,0.0119,0.0119,0.0119,0.0119,0.0119,0.0119,0.0119,0.0119,0.0120,0.0120,0.0120,0.0120,0.0120,0.0120,0.0120,0.0120,0.0120,0.0120,0.0120,0.0120,0.0120,0.0120,0.0120,0.0120,0.0126,0.0126,0.0126,0.0128,0.0131,0.0131,0.0131,0.0131,0.0131,0.0132,0.0132,0.0132,0.0132,0.0142,0.0142,0.0142,0.0142,0.0142,0.0142,0.0142,0.0142,0.0142,0.0142,0.0142,0.0143,0.0143,0.0143,0.0143,0.0143,0.0143,0.0143,0.0143,0.0143,0.0143,0.0143,0.0143,0.0143,0.0143,0.0143,0.0143,0.0143,0.0143,0.0143,0.0143,0.0143,0.0143,0.0143,0.0143,0.0143,0.0143,0.0143,0.0143,0.0143,0.0143,0.0143,0.0143,0.0143,0.0143,0.0143,0.0143,0.0143,0.0143,0.0143,0.0143,0.0143,0.0143,0.0143,0.0143,0.0143,0.0143,0.0143,0.0143,0.0143,0.0143,0.0144,0.0144,0.0144,0.0144
45115.0416667,0.0043,0.0043,0.0043,0.0043,0.0043,0.0043,0.0043,0.0051,0.0051,0.0051,0.0051,0.0051,0.0051,0.0056,0.0056,0.0056,0.0056,0.0056,0.0057,0.0057,0.0057,0.0057,0.0057,0.0057,0.0057,0.0057,0.0058,0.0058,0.0058,0.0058,0.0058,0.0058,0.0058,0.0059,0.0059,0.0059,0.0059,0.0059,0.0059,0.0063,0.0063,0.0063,0.0063,0.0063,0.0063,0.0063,0.0063,0.0067,0.0067,0.0067,0.0068,0.0068,0.0068,0.0068,0.0068,0.0068,0.0068,0.0068,0.0069,0.0069,0.0069,0.0069,0.0069,0.0069,0.0069,0.0069,0.0069,0.0071,0.0071,0.0071,0.0071,0.0071,0.0071,0.0071,0.0071,0.0071,0.0071,0.0073,0.0073,0.0073,0.0073,0.0073,0.0073,0.0074,0.0074,0.0074,0.0074,0.0075,0.0075,0.0075,0.0075,0.0075,0.0075,0.0075,0.0075,0.0075,0.0076,0.0076,0.0076,0.0076,0.0076,0.0076,0.0109,0.0109,0.0109,0.0109,0.0110,0.0114,0.0114,0.0114,0.0114,0.0114,0.0116,0.0116,0.0116,0.0116,0.0116,0.0116,0.0116,0.0116,0.0116,0.0116,0.0117,0.0117,0.0117,0.0117,0.0118,0.0118,0.0118,0.0118,0.0118,0.0118,0.0118,0.0118,0.0119,0.0119,0.0119,0.0119,0.0119,0.0119,0.0119,0.0119,0.0120,0.0120,0.0120,0.0120,0.0120,0.0120,0.0120,0.0120,0.0120,0.0120,0.0120,0.0120,0.0120,0.0120,0.0120,0.0120,0.0126,0.0126,0.0126,0.0128,0.0131,0.0131,0.0131,0.0131,0.0131,0.0132,0.0132,0.0132,0.0132,0.0142,0.0142,0.0142,0.0142,0.0142,0.0142,0.0142,0.0142,0.0142,0.0142,0.0142,0.0142,0.0143,0.0143,0.0143,0.0143,0.0143,0.0143,0.0143,0.0143,0.0143,0.0143,0.0143,0.0143,0.0143,0.0143,0.0143,0.0143,0.0143,0.0143,0.0143,0.0143,0.0143,0.0143,0.0143,0.0143,0.0143,0.0143,0.0143,0.0143,0.0143,0.0143,0.0143,0.0143,0.0143,0.0143,0.0143,0.0143,0.0143,0.0143,0.0143,0.0143,0.0143,0.0143,0.0143,0.0143,0.0143,0.0143,0.0143,0.0143,0.0143,0.0144,0.0144,0.0144,0.0144
45115.0833333,0.0043,0.0043,0.0043,0.0043,0.0043,0.0043,0.0043,0.0051,0.0051,0.0051,0.0051,0.0051,0.0051,0.0056,0.0056,0.0056,0.0056,0.0056,0.0056,0.0056,0.0056,0.0057,0.0057,0.0057,0.0057,0.0057,0.0057,0.0057,0.0058,0.0058,0.0058,0.0058,0.0058,0.0058,0.0058,0.0059,0.0059,0.0059,0.0059,0.0063,0.0063,0.0063,0.0063,0.0063,0.0063,0.0063,0.0063,0.0067,0.0067,0.0067,0.0068,0.0068,0.0068,0.0068,0.0068,0.0068,0.0068,0.0068,0.0069,0.0069,0.0069,0.0069,0.0069,0.0069,0.0069,0.0069,0.0069,0.0071,0.0071,0.0071,0.0071,0.0071,0.0071,0.0071,0.0071,0.0071,0.0071,0.0073,0.0073,0.0073,0.0073,0.0073,0.0073,0.0074,0.0074,0.0074,0.0074,0.0075,0.0075,0.0075,0.0075,0.0075,0.0075,0.0075,0.0075,0.0075,0.0075,0.0075,0.0076,0.0076,0.0076,0.0076,0.0109,0.0109,0.0109,0.0109,0.0110,0.0114,0.0114,0.0114,0.0114,0.0114,0.0115,0.0115,0.0116,0.0116,0.0116,0.0116,0.0116,0.0116,0.0116,0.0116,0.0117,0.0117,0.0117,0.0117,0.0117,0.0118,0.0118,0.0118,0.0118,0.0118,0.0118,0.0118,0.0119,0.0119,0.0119,0.0119,0.0119,0.0119,0.0119,0.0119,0.0119,0.0120,0.0120,0.0120,0.0120,0.0120,0.0120,0.0120,0.0120,0.0120,0.0120,0.0120,0.0120,0.0120,0.0120,0.0120,0.0126,0.0126,0.0126,0.0128,0.0131,0.0131,0.0131,0.0131,0.0131,0.0132,0.0132,0.0132,0.0132,0.0142,0.0142,0.0142,0.0142,0.0142,0.0142,0.0142,0.0142,0.0142,0.0142,0.0142,0.0142,0.0143,0.0143,0.0143,0.0143,0.0143,0.0143,0.0143,0.0143,0.0143,0.0143,0.0143,0.0143,0.0143,0.0143,0.0143,0.0143,0.0143,0.0143,0.0143,0.0143,0.0143,0.0143,0.0143,0.0143,0.0143,0.0143,0.0143,0.0143,0.0143,0.0143,0.0143,0.0143,0.0143,0.0143,0.0143,0.0143,0.0143,0.0143,0.0143,0.0143,0.0143,0.0143,0.0143,0.0143,0.0143,0.0143,0.0143,0.0143,0.0143,0.0143,0.0143,0.0144,0.0144
45115.1250000,0.0043,0.0043,0.0043,0.0043,0.0043,0.0043,0.0043,0.0051,0.0051,0.0051,0.0051,0.0051,0.0051,0.0056,0.0056,0.0056,0.0056,0.0056,0.0056,0.0056,0.0056,0.0057,0.0057,0.0057,0.0057,0.0057,0.0057,0.0057,0.0057,0.0057,0.0058,0.0058,0.0058,0.0058,0.0058,0.0058,0.0058,0.0058,0.0058,0.0062,0.0062,0.0062,0.0062,0.0063,0.0063,0.0063,0.0063,0.0067,0.0067,0.0067,0.0067,0.0067,0.0068,0.0068,0.0068,0.0068,0.0068,0.0068,0.0069,0.0069,0.0069,0.0069,0.0069,0.0069,0.0069,0.0069,0.0069,0.0071,0.0071,0.0071,0.0071,0.0071,0.0071,0.0071,0.0071,0.0071,0.0071,0.0073,0.0073,0.0073,0.0073,0.0073,0.0073,0.0074,0.0074,0.0074,0.0074,0.0074,0.0075,0.0075,0.0075,0.0075,0.0075,0.0075,0.0075,0.0075,0.0075,0.0075,0.0075,0.0075,0.0076,0.0076,0.0109,0.0109,0.0109,0.0109,0.0110,0.0114,0.0114,0.0114,0.0114,0.0114,0.0115,0.0115,0.0116,0.0116,0.0116,0.0116,0.0116,0.0116,0.0116,0.0116,0.0117,0.0117,0.0117,0.0117,0.0117,0.0117,0.0117,0.0118,0.0118,0.0118,0.0118,0.0118,0.0118,0.0118,0.0118,0.0118,0.0119,0.0119,0.0119,0.0119,0.0119,0.0119,0.0119,0.0119,0.0120,0.0120,0.0120,0.0120,0.0120,0.0120,0.0120,0.0120,0.0120,0.0120,0.0120,0.0120,0.0126,0.0126,0.0126,0.0128,0.0131,0.0131,0.0131,0.0131,0.0131,0.0132,0.0132,0.0132,0.0132,0.0142,0.0142,0.0142,0.0142,0.0142,0.0142,0.0142,0.0142,0.0142,0.0142,0.0142,0.0142,0.0143,0.0143,0.0143,0.0143,0.0143,0.0143,0.0143,0.0143,0.0143,0.0143,0.0143,0.0143,0.0143,0.0143,0.0143,0.0143,0.0143,0.0143,0.0143,0.0143,0.0143,0.0143,0.0143,0.0143,0.0143,0.0143,0.0143,0.0143,0.0143,0.0143,0.0143,0.0143,0.0143,0.0143,0.0143,0.0143,0.0143,0.0143,0.0143,0.0143,0.0143,0.0143,0.0143,0.0143,0.0143,0.0143,0.0143,0.0143,0.0143,0.0143,0.0143,0.0143,0.0143
45115.1666667,0.0043,0.0043,0.0043,0.0043,0.0043,0.0043,0.0043,0.0051,0.0051,0.0051,0.0051,0.0051,0.0051,0.0056,0.0056,0.0056,0.0056,0.0056,0.0056,0.0056,0.0056,0.0057,0.0057,0.0057,0.0057,0.0057,0.0057,0.0057,0.0057,0.0057,0.0057,0.0058,0.0058,0.0058,0.0058,0.0058,0.0058,0.0058,0.0058,0.0062,0.0062,0.0062,0.0062,0.0062,0.0062,0.0062,0.0062,0.0066,0.0066,0.0066,0.0067,0.0067,0.0067,0.0067,0.0068,0.0068,0.0068,0.0068,0.0068,0.0068,0.0068,0.0068,0.0069,0.0069,0.0069,0.0069,0.0069,0.0071,0.0071,0.0071,0.0071,0.0071,0.0071,0.0071,0.0071,0.0071,0.0071,0.0073,0.0073,0.0073,0.0073,0.0073,0.0073,0.0074,0.0074,0.0074,0.0074,0.0074,0.0074,0.0074,0.0075,0.0075,0.0075,0.0075,0.0075,0.0075,0.0075,0.0075,0.0075,0.0075,0.0075,0.0075,0.0109,0.0109,0.0109,0.0109,0.0109,0.0114,0.0114,0.0114,0.0114,0.0114,0.0115,0.0115,0.0116,0.0116,0.0116,0.0116,0.0116,0.0116,0.0116,0.0116,0.0117,0.0117,0.0117,0.0117,0.0117,0.0117,0.0117,0.0117,0.0118,0.0118,0.0118,0.0118,0.0118,0.0118,0.0118,0.0118,0.0119,0.0119,0.0119,0.0119,0.0119,0.0119,0.0119,0.0119,0.0119,0.0119,0.0120,0.0120,0.0120,0.0120,0.0120,0.0120,0.0120,0.0120,0.0120,0.0120,0.0126,0.0126,0.0126,0.0128,0.0131,0.0131,0.0131,0.0131,0.0131,0.0131,0.0132,0.0132,0.0132,0.0142,0.0142,0.0142,0.0142,0.0142,0.0142,0.0142,0.0142,0.0142,0.0142,0.0142,0.0142,0.0143,0.0143,0.0143,0.0143,0.0143,0.0143,0.0143,0.0143,0.0143,0.0143,0.0143,0.0143,0.0143,0.0143,0.0143,0.0143,0.0143,0.0143,0.0143,0.0143,0.0143,0.0143,0.0143,0.0143,0.0143,0.0143,0.0143,0.0143,0.0143,0.0143,0.0143,0.0143,0.0143,0.0143,0.0143,0.0143,0.0143,0.0143,0.0143,0.0143,0.0143,0.0143,0.0143,0.0143,0.0143,0.0143,0.0143,0.0143,0.0143,0.0143,0.0143,0.0143,0.0143
45115.2083333,0.0043,0.0043,0.0043,0.0043,0.0043,0.0043,0.0043,0.0051,0.0051,0.0051,0.0051,0.0051,0.0051,0.0056,0.0056,0.0056,0.0056,0.0056,0.0056,0.0056,0.0056,0.0057,0.0057,0.0057,0.0057,0.0057,0.0057,0.0057,0.0057,0.0057,0.0057,0.0058,0.0058,0.0058,0.0058,0.0058,0.0058,0.0058,0.0058,0.0062,0.0062,0.0062,0.0062,0.0062,0.0062,0.0062,0.0062,0.0066,0.0066,0.0066,0.0067,0.0067,0.0067,0.0067,0.0067,0.0067,0.0067,0.0067,0.0068,0.0068,0.0068,0.0068,0.0068,0.0068,0.0068,0.0068,0.0068,0.0070,0.0071,0.0071,0.0071,0.0071,0.0071,0.0071,0.0071,0.0071,0.0071,0.0073,0.0073,0.0073,0.0073,0.0073,0.0073,0.0074,0.0074,0.0074,0.0074,0.0074,0.0074,0.0074,0.0074,0.0075,0.0075,0.0075,0.0075,0.0075,0.0075,0.0075,0.0075,0.0075,0.0075,0.0075,0.0109,0.0109,0.0109,0.0109,0.0109,0.0114,0.0114,0.0114,0.0114,0.0114,0.0115,0.0115,0.0116,0.0116,0.0116,0.0116,0.0116,0.0116,0.0116,0.0116,0.0117,0.0117,0.0117,0.0117,0.0117,0.0117,0.0117,0.0117,0.0117,0.0118,0.0118,0.0118,0.0118,0.0118,0.0118,0.0118,0.0119,0.0119,0.0119,0.0119,0.0119,0.0119,0.0119,0.0119,0.0119,0.0119,0.0119,0.0119,0.0120,0.0120,0.0120,0.0120,0.0120,0.0120,0.0120,0.0120,0.0126,0.0126,0.0126,0.0128,0.0131,0.0131,0.0131,0.0131,0.0131,0.0131,0.0131,0.0131,0.0131,0.0142,0.0142,0.0142,0.0142,0.0142,0.0142,0.0142,0.0142,0.0142,0.0142,0.0142,0.0142,0.0142,0.0143,0.0143,0.0143,0.0143,0.0143,0.0143,0.0143,0.0143,0.0143,0.0143,0.0143,0.0143,0.0143,0.0143,0.0143,0.0143,0.0143,0.0143,0.0143,0.0143,0.0143,0.0143,0.0143,0.0143,0.0143,0.0143,0.0143,0.0143,0.0143,0.0143,0.0143,0.0143,0.0143,0.0143,0.0143,0.0143,0.0143,0.0143,0.0143,0.0143,0.0143,0.0143,0.0143,0.0143,0.0143,0.0143,0.0143,0.0143,0.0143,0.0143,0.0143,0.0143
45115.2500000,0.0043,0.0043,0.0043,0.0043,0.0043,0.0043,0.0043,0.0051,0.0051,0.0051,0.0051,0.0051,0.0051,0.0056,0.0056,0.0056,0.0056,0.0056,0.0056,0.0056,0.0056,0.0057,0.0057,0.0057,0.0057,0.0057,0.0057,0.0057,0.0057,0.0057,0.0057,0.0058,0.0058,0.0058,0.0058,0.0058,0.0058,0.0058,0.0058,0.0062,0.0062,0.0062,0.0062,0.0062,0.0062,0.0062,0.0062,0.0066,0.0066,0.0066,0.0067,0.0067,0.0067,0.0067,0.0067,0.0067,0.0067,0.0067,0.0068,0.0068,0.0068,0.0068,0.0068,0.0068,0.0068,0.0068,0.0068,0.0070,0.0070,0.0070,0.0071,0.0071,0.0071,0.0071,0.0071,0.0071,0.0071,0.0072,0.0072,0.0073,0.0073,0.0073,0.0073,0.0074,0.0074,0.0074,0.0074,0.0074,0.0074,0.0074,0.0074,0.0075,0.0075,0.0075,0.0075,0.0075,0.0075,0.0075,0.0075,0.0075,0.0075,0.0075,0.0109,0.0109,0.0109,0.0109,0.0109,0.0114,0.0114,0.0114,0.0114,0.0114,0.0115,0.0115,0.0115,0.0116,0.0116,0.0116,0.0116,0.0116,0.0116,0.0116,0.0117,0.0117,0.0117,0.0117,0.0117,0.0117,0.0117,0.0117,0.0117,0.0117,0.0118,0.0118,0.0118,0.0118,0.0118,0.0118,0.0119,0.0119,0.0119,0.0119,0.0119,0.0119,0.0119,0.0119,0.0119,0.0119,0.0119,0.0119,0.0120,0.0120,0.0120,0.0120,0.0120,0.0120,0.0120,0.0120,0.0126,0.0126,0.0126,0.0128,0.0130,0.0131,0.0131,0.0131,0.0131,0.0131,0.0131,0.0131,0.0131,0.0141,0.0141,0.0141,0.0142,0.0142,0.0142,0.0142,0.0142,0.0142,0.0142,0.0142,0.0142,0.0142,0.0142,0.0142,0.0142,0.0142,0.0142,0.0142,0.0142,0.0142,0.0142,0.0142,0.0143,0.0143,0.0143,0.0143,0.0143,0.0143,0.0143,0.0143,0.0143,0.0143,0.0143,0.0143,0.0143,0.0143,0.0143,0.0143,0.0143,0.0143,0.0143,0.0143,0.0143,0.0143,0.0143,0.0143,0.0143,0.0143,0.0143,0.0143,0.0143,0.0143,0.0143,0.0143,0.0143,0.0143,0.0143,0.0143,0.0143,0.0143,0.0143,0.0143,0.0143,0.0143
45115.2916667,0.0043,0.0043,0.0043,0.0043,0.0043,0.0043,0.0043,0.0051,0.0051,0.0051,0.0051,0.0051,0.0051,0.0056,0.0056,0.0056,0.0056,0.0056,0.0056,0.0056,0.0056,0.0057,0.0057,0.0057,0.0057,0.0057,0.0057,0.0057,0.0057,0.0057,0.0057,0.0058,0.0058,0.0058,0.0058,0.0058,0.0058,0.0058,0.0058,0.0062,0.0062,0.0062,0.0062,0.0062,0.0062,0.0062,0.0062,0.0066,0.0066,0.0066,0.0067,0.0067,0.0067,0.0067,0.0067,0.0067,0.0067,0.0067,0.0068,0.0068,0.0068,0.0068,0.0068,0.0068,0.0068,0.0068,0.0068,0.0070,0.0070,0.0070,0.0070,0.0070,0.0070,0.0071,0.0071,0.0071,0.0071,0.0072,0.0072,0.0072,0.0072,0.0073,0.0073,0.0074,0.0074,0.0074,0.0074,0.0074,0.0074,0.0074,0.0074,0.0075,0.0075,0.0075,0.0075,0.0075,0.0075,0.0075,0.0075,0.0075,0.0075,0.0075,0.0109,0.0109,0.0109,0.0109,0.0109,0.0114,0.0114,0.0114,0.0114,0.0114,0.0115,0.0115,0.0115,0.0116,0.0116,0.0116,0.0116,0.0116,0.0116,0.0116,0.0117,0.0117,0.0117,0.0117,0.0117,0.0117,0.0117,0.0117,0.0117,0.0117,0.0117,0.0117,0.0118,0.0118,0.0118,0.0118,0.0119,0.0119,0.0119,0.0119,0.0119,0.0119,0.0119,0.0119,0.0119,0.0119,0.0119,0.0119,0.0119,0.0120,0.0120,0.0120,0.0120,0.0120,0.0120,0.0120,0.0126,0.0126,0.0126,0.0128,0.0130,0.0131,0.0131,0.0131,0.0131,0.0131,0.0131,0.0131,0.0131,0.0141,0.0141,0.0141,0.0142,0.0142,0.0142,0.0142,0.0142,0.0142,0.0142,0.0142,0.0142,0.0142,0.0142,0.0142,0.0142,0.0142,0.0142,0.0142,0.0142,0.0142,0.0142,0.0142,0.0142,0.0142,0.0142,0.0142,0.0142,0.0142,0.0142,0.0142,0.0142,0.0142,0.0142,0.0142,0.0143,0.0143,0.0143,0.0143,0.0143,0.0143,0.0143,0.0143,0.0143,0.0143,0.0143,0.0143,0.0143,0.0143,0.0143,0.0143,0.0143,0.0143,0.0143,0.0143,0.0143,0.0143,0.0143,0.0143,0.0143,0.0143,0.0143,0.0143,0.0143,0.0143
45115.3333333,0.0043,0.0043,0.0043,0.0043,0.0043,0.0043,0.0043,0.0051,0.0051,0.0051,0.0051,0.0051,0.0051,0.0056,0.0056,0.0056,0.0056,0.0056,0.0056,0.0056,0.0056,0.0057,0.0057,0.0057,0.0057,0.0057,0.0057,0.0057,0.0057,0.0057,0.0057,0.0058,0.0058,0.0058,0.0058,0.0058,0.0058,0.0058,0.0058,0.0062,0.0062,0.0062,0.0062,0.0062,0.0062,0.0062,0.0062,0.0066,0.0066,0.0066,0.0067,0.0067,0.0067,0.0067,0.0067,0.0067,0.0067,0.0067,0.0068,0.0068,0.0068,0.0068,0.0068,0.0068,0.0068,0.0068,0.0068,0.0070,0.0070,0.0070,0.0070,0.0070,0.0070,0.0070,0.0070,0.0070,0.0071,0.0072,0.0072,0.0072,0.0072,0.0072,0.0072,0.0073,0.0073,0.0074,0.0074,0.0074,0.0074,0.0074,0.0074,0.0075,0.0075,0.0075,0.0075,0.0075,0.0075,0.0075,0.0075,0.0075,0.0075,0.0075,0.0109,0.0109,0.0109,0.0109,0.0109,0.0113,0.0113,0.0114,0.0114,0.0114,0.0115,0.0115,0.0115,0.0115,0.0116,0.0116,0.0116,0.0116,0.0116,0.0116,0.0117,0.0117,0.0117,0.0117,0.0117,0.0117,0.0117,0.0117,0.0117,0.0117,0.0117,0.0117,0.0118,0.0118,0.0118,0.0118,0.0119,0.0119,0.0119,0.0119,0.0119,0.0119,0.0119,0.0119,0.0119,0.0119,0.0119,0.0119,0.0119,0.0119,0.0120,0.0120,0.0120,0.0120,0.0120,0.0120,0.0126,0.0126,0.0126,0.0128,0.0130,0.0130,0.0131,0.0131,0.0131,0.0131,0.0131,0.0131,0.0131,0.0141,0.0141,0.0141,0.0142,0.0142,0.0142,0.0142,0.0142,0.0142,0.0142,0.0142,0.0142,0.0142,0.0142,0.0142,0.0142,0.0142,0.0142,0.0142,0.0142,0.0142,0.0142,0.0142,0.0142,0.0142,0.0142,0.0142,0.0142,0.0142,0.0142,0.0142,0.0142,0.0142,0.0142,0.0142,0.0142,0.0142,0.0142,0.0142,0.0142,0.0142,0.0142,0.0142,0.0142,0.0143,0.0143,0.0143,0.0143,0.0143,0.0143,0.0143,0.0143,0.0143,0.0143,0.0143,0.0143,0.0143,0.0143,0.0143,0.0143,0.0143,0.0143,0.0143,0.0143,0.0143
45115.3750000,0.0043,0.0043,0.0043,0.0043,0.0043,0.0043,0.0043,0.0051,0.0051,0.0051,0.0051,0.0051,0.0051,0.0056,0.0056,0.0056,0.0056,0.0056,0.0056,0.0056,0.0056,0.0057,0.0057,0.0057,0.0057,0.0057,0.0057,0.0057,0.0057,0.0057,0.0057,0.0058,0.0058,0.0058,0.0058,0.0058,0.0058,0.0058,0.0058,0.0062,0.0062,0.0062,0.0062,0.0062,0.0062,0.0062,0.0062,0.0066,0.0066,0.0066,0.0067,0.0067,0.0067,0.0067,0.0067,0.0067,0.0067,0.0067,0.0068,0.0068,0.0068,0.0068,0.0068,0.0068,0.0068,0.0068,0.0068,0.0070,0.0070,0.0070,0.0070,0.0070,0.0070,0.0070,0.0070,0.0070,0.0070,0.0072,0.0072,0.0072,0.0072,0.0072,0.0072,0.0073,0.0073,0.0073,0.0074,0.0074,0.0074,0.0074,0.0074,0.0074,0.0074,0.0075,0.0075,0.0075,0.0075,0.0075,0.0075,0.0075,0.0075,0.0075,0.0109,0.0109,0.0109,0.0109,0.0109,0.0113,0.0113,0.0113,0.0114,0.0114,0.0115,0.0115,0.0115,0.0115,0.0115,0.0115,0.0116,0.0116,0.0116,0.0116,0.0116,0.0117,0.0117,0.0117,0.0117,0.0117,0.0117,0.0117,0.0117,0.0117,0.0117,0.0117,0.0118,0.0118,0.0118,0.0118,0.0119,0.0119,0.0119,0.0119,0.0119,0.0119,0.0119,0.0119,0.0119,0.0119,0.0119,0.0119,0.0119,0.0119,0.0119,0.0119,0.0120,0.0120,0.0120,0.0120,0.0126,0.0126,0.0126,0.0128,0.0130,0.0130,0.0131,0.0131,0.0131,0.0131,0.0131,0.0131,0.0131,0.0141,0.0141,0.0141,0.0142,0.0142,0.0142,0.0142,0.0142,0.0142,0.0142,0.0142,0.0142,0.0142,0.0142,0.0142,0.0142,0.0142,0.0142,0.0142,0.0142,0.0142,0.0142,0.0142,0.0142,0.0142,0.0142,0.0142,0.0142,0.0142,0.0142,0.0142,0.0142,0.0142,0.0142,0.0142,0.0142,0.0142,0.0142,0.0142,0.0142,0.0142,0.0142,0.0142,0.0142,0.0142,0.0142,0.0142,0.0142,0.0142,0.0142,0.0143,0.0143,0.0143,0.0143,0.0143,0.0143,0.0143,0.0143,0.0143,0.0143,0.0143,0.0143,0.0143,0.0143,0.0143
45115.4166667,0.0043,0.0043,0.0043,0.0043,0.0043,0.0043,0.0043,0.0051,0.0051,0.0051,0.0051,0.0051,0.0051,0.0056,0.0056,0.0056,0.0056,0.0056,0.0056,0.0056,0.0056,0.0057,0.0057,0.0057,0.0057,0.0057,0.0057,0.0057,0.0057,0.0057,0.0057,0.0058,0.0058,0.0058,0.0058,0.0058,0.0058,0.0058,0.0058,0.0062,0.0062,0.0062,0.0062,0.0062,0.0062,0.0062,0.0062,0.0066,0.0066,0.0066,0.0067,0.0067,0.0067,0.0067,0.0067,0.0067,0.0067,0.0067,0.0068,0.0068,0.0068,0.0068,0.0068,0.0068,0.0068,0.0068,0.0068,0.0070,0.0070,0.0070,0.0070,0.0070,0.0070,0.0070,0.0070,0.0070,0.0070,0.0072,0.0072,0.0072,0.0072,0.0072,0.0072,0.0073,0.0073,0.0073,0.0073,0.0074,0.0074,0.0074,0.0074,0.0074,0.0074,0.0074,0.0074,0.0075,0.0075,0.0075,0.0075,0.0075,0.0075,0.0075,0.0108,0.0108,0.0108,0.0109,0.0109,0.0113,0.0113,0.0113,0.0113,0.0113,0.0115,0.0115,0.0115,0.0115,0.0115,0.0115,0.0115,0.0115,0.0115,0.0115,0.0116,0.0116,0.0116,0.0116,0.0116,0.0117,0.0117,0.0117,0.0117,0.0117,0.0117,0.0117,0.0118,0.0118,0.0118,0.0118,0.0118,0.0119,0.0119,0.0119,0.0119,0.0119,0.0119,0.0119,0.0119,0.0119,0.0119,0.0119,0.0119,0.0119,0.0119,0.0119,0.0119,0.0119,0.0120,0.0120,0.0126,0.0126,0.0126,0.0128,0.0130,0.0130,0.0131,0.0131,0.0131,0.0131,0.0131,0.0131,0.0131,0.0141,0.0141,0.0141,0.0141,0.0141,0.0142,0.0142,0.0142,0.0142,0.0142,0.0142,0.0142,0.0142,0.0142,0.0142,0.0142,0.0142,0.0142,0.0142,0.0142,0.0142,0.0142,0.0142,0.0142,0.0142,0.0142,0.0142,0.0142,0.0142,0.0142,0.0142,0.0142,0.0142,0.0142,0.0142,0.0142,0.0142,0.0142,0.0142,0.0142,0.0142,0.0142,0.0142,0.0142,0.0142,0.0142,0.0142,0.0142,0.0142,0.0142,0.0142,0.0142,0.0143,0.0143,0.0143,0.0143,0.0143,0.0143,0.0143,0.0143,0.0143,0.0143,0.0143,0.0143,0.0143
45115.4583333,0.0043,0.0043,0.0043,0.0043,0.0043,0.0043,0.0043,0.0051,0.0051,0.0051,0.0051,0.0051,0.0051,0.0056,0.0056,0.0056,0.0056,0.0056,0.0056,0.0056,0.0056,0.0057,0.0057,0.0057,0.0057,0.0057,0.0057,0.0057,0.0057,0.0057,0.0057,0.0058,0.0058,0.0058,0.0058,0.0058,0.0058,0.0058,0.0058,0.0062,0.0062,0.0062,0.0062,0.0062,0.0062,0.0062,0.0062,0.0066,0.0066,0.0066,0.0067,0.0067,0.0067,0.0067,0.0067,0.0067,0.0067,0.0067,0.0068,0.0068,0.0068,0.0068,0.0068,0.0068,0.0068,0.0068,0.0068,0.0070,0.0070,0.0070,0.0070,0.0070,0.0070,0.0070,0.0070,0.0070,0.0070,0.0072,0.0072,0.0072,0.0072,0.0072,0.0072,0.0073,0.0073,0.0073,0.0073,0.0074,0.0074,0.0074,0.0074,0.0074,0.0074,0.0074,0.0074,0.0075,0.0075,0.0075,0.0075,0.0075,0.0075,0.0075,0.0108,0.0108,0.0108,0.0109,0.0109,0.0113,0.0113,0.0113,0.0113,0.0113,0.0114,0.0115,0.0115,0.0115,0.0115,0.0115,0.0115,0.0115,0.0115,0.0115,0.0116,0.0116,0.0116,0.0116,0.0116,0.0117,0.0117,0.0117,0.0117,0.0117,0.0117,0.0117,0.0118,0.0118,0.0118,0.0118,0.0118,0.0118,0.0118,0.0118,0.0118,0.0119,0.0119,0.0119,0.0119,0.0119,0.0119,0.0119,0.0119,0.0119,0.0119,0.0119,0.0119,0.0119,0.0120,0.0120,0.0126,0.0126,0.0126,0.0127,0.0130,0.0130,0.0131,0.0131,0.0131,0.0131,0.0131,0.0131,0.0131,0.0141,0.0141,0.0141,0.0141,0.0141,0.0141,0.0141,0.0142,0.0142,0.0142,0.0142,0.0142,0.0142,0.0142,0.0142,0.0142,0.0142,0.0142,0.0142,0.0142,0.0142,0.0142,0.0142,0.0142,0.0142,0.0142,0.0142,0.0142,0.0142,0.0142,0.0142,0.0142,0.0142,0.0142,0.0142,0.0142,0.0142,0.0142,0.0142,0.0142,0.0142,0.0142,0.0142,0.0142,0.0142,0.0142,0.0142,0.0142,0.0142,0.0142,0.0142,0.0142,0.0142,0.0142,0.0143,0.0143,0.0143,0.0143,0.0143,0.0143,0.0143,0.0143,0.0143,0.0143,0.0143
45115.5000000,0.0043,0.0043,0.0043,0.0043,0.0043,0.0043,0.0043,0.0051,0.0051,0.0051,0.0051,0.0051,0.0051,0.0056,0.0056,0.0056,0.0056,0.0056,0.0056,0.0056,0.0056,0.0057,0.0057,0.0057,0.0057,0.0057,0.0057,0.0057,0.0057,0.0057,0.0057,0.0058,0.0058,0.0058,0.0058,0.0058,0.0058,0.0058,0.0058,0.0062,0.0062,0.0062,0.0062,0.0062,0.0062,0.0062,0.0062,0.0066,0.0066,0.0066,0.0067,0.0067,0.0067,0.0067,0.0067,0.0067,0.0067,0.0067,0.0068,0.0068,0.0068,0.0068,0.0068,0.0068,0.0068,0.0068,0.0068,0.0070,0.0070,0.0070,0.0070,0.0070,0.0070,0.0070,0.0070,0.0070,0.0070,0.0072,0.0072,0.0072,0.0072,0.0072,0.0072,0.0073,0.0073,0.0073,0.0073,0.0074,0.0074,0.0074,0.0074,0.0074,0.0074,0.0074,0.0074,0.0075,0.0075,0.0075,0.0075,0.0075,0.0075,0.0075,0.0108,0.0108,0.0108,0.0108,0.0109,0.0113,0.0113,0.0113,0.0113,0.0113,0.0114,0.0114,0.0115,0.0115,0.0115,0.0115,0.0115,0.0115,0.0115,0.0115,0.0116,0.0116,0.0116,0.0116,0.0116,0.0116,0.0116,0.0117,0.0117,0.0117,0.0117,0.0117,0.0117,0.0117,0.0117,0.0118,0.0118,0.0118,0.0118,0.0118,0.0118,0.0118,0.0118,0.0118,0.0119,0.0119,0.0119,0.0119,0.0119,0.0119,0.0119,0.0119,0.0119,0.0119,0.0119,0.0119,0.0125,0.0125,0.0125,0.0127,0.0130,0.0130,0.0130,0.0131,0.0131,0.0131,0.0131,0.0131,0.0131,0.0141,0.0141,0.0141,0.0141,0.0141,0.0141,0.0141,0.0141,0.0141,0.0141,0.0141,0.0142,0.0142,0.0142,0.0142,0.0142,0.0142,0.0142,0.0142,0.0142,0.0142,0.0142,0.0142,0.0142,0.0142,0.0142,0.0142,0.0142,0.0142,0.0142,0.0142,0.0142,0.0142,0.0142,0.0142,0.0142,0.0142,0.0142,0.0142,0.0142,0.0142,0.0142,0.0142,0.0142,0.0142,0.0142,0.0142,0.0142,0.0142,0.0142,0.0142,0.0142,0.0142,0.0142,0.0142,0.0142,0.0143,0.0143,0.0143,0.0143,0.0143,0.0143,0.0143,0.0143,0.0143
45115.5416667,0.0043,0.0043,0.0043,0.0043,0.0043,0.0043,0.0043,0.0051,0.0051,0.0051,0.0051,0.0051,0.0051,0.0056,0.0056,0.0056,0.0056,0.0056,0.0056,0.0056,0.0056,0.0057,0.0057,0.0057,0.0057,0.0057,0.0057,0.0057,0.0057,0.0057,0.0057,0.0058,0.0058,0.0058,0.0058,0.0058,0.0058,0.0058,0.0058,0.0062,0.0062,0.0062,0.0062,0.0062,0.0062,0.0062,0.0062,0.0066,0.0066,0.0066,0.0067,0.0067,0.0067,0.0067,0.0067,0.0067,0.0067,0.0067,0.0068,0.0068,0.0068,0.0068,0.0068,0.0068,0.0068,0.0068,0.0068,0.0070,0.0070,0.0070,0.0070,0.0070,0.0070,0.0070,0.0070,0.0070,0.0070,0.0072,0.0072,0.0072,0.0072,0.0072,0.0072,0.0073,0.0073,0.0073,0.0073,0.0074,0.0074,0.0074,0.0074,0.0074,0.0074,0.0074,0.0074,0.0075,0.0075,0.0075,0.0075,0.0075,0.0075,0.0075,0.0108,0.0108,0.0108,0.0108,0.0109,0.0113,0.0113,0.0113,0.0113,0.0113,0.0114,0.0114,0.0115,0.0115,0.0115,0.0115,0.0115,0.0115,0.0115,0.0115,0.0116,0.0116,0.0116,0.0116,0.0116,0.0116,0.0116,0.0117,0.0117,0.0117,0.0117,0.0117,0.0117,0.0117,0.0117,0.0117,0.0118,0.0118,0.0118,0.0118,0.0118,0.0118,0.0118,0.0118,0.0118,0.0119,0.0119,0.0119,0.0119,0.0119,0.0119,0.0119,0.0119,0.0119,0.0119,0.0119,0.0125,0.0125,0.0125,0.0127,0.0130,0.0130,0.0130,0.0130,0.0130,0.0130,0.0130,0.0131,0.0131,0.0141,0.0141,0.0141,0.0141,0.0141,0.0141,0.0141,0.0141,0.0141,0.0141,0.0141,0.0141,0.0142,0.0142,0.0142,0.0142,0.0142,0.0142,0.0142,0.0142,0.0142,0.0142,0.0142,0.0142,0.0142,0.0142,0.0142,0.0142,0.0142,0.0142,0.0142,0.0142,0.0142,0.0142,0.0142,0.0142,0.0142,0.0142,0.0142,0.0142,0.0142,0.0142,0.0142,0.0142,0.0142,0.0142,0.0142,0.0142,0.0142,0.0142,0.0142,0.0142,0.0142,0.0142,0.0142,0.0142,0.0142,0.0142,0.0142,0.0143,0.0143,0.0143,0.0143,0.0143,0.0143
45115.5833333,0.0043,0.0043,0.0043,0.0043,0.0043,0.0043,0.0043,0.0051,0.0051,0.0051,0.0051,0.0051,0.0051,0.0056,0.0056,0.0056,0.0056,0.0056,0.0056,0.0056,0.0056,0.0057,0.0057,0.0057,0.0057,0.0057,0.0057,0.0057,0.0057,0.0057,0.0057,0.0058,0.0058,0.0058,0.0058,0.0058,0.0058,0.0058,0.0058,0.0062,0.0062,0.0062,0.0062,0.0062,0.0062,0.0062,0.0062,0.0066,0.0066,0.0066,0.0067,0.0067,0.0067,0.0067,0.0067,0.0067,0.0067,0.0067,0.0068,0.0068,0.0068,0.0068,0.0068,0.0068,0.0068,0.0068,0.0068,0.0070,0.0070,0.0070,0.0070,0.0070,0.0070,0.0070,0.0070,0.0070,0.0070,0.0072,0.0072,0.0072,0.0072,0.0072,0.0072,0.0073,0.0073,0.0073,0.0073,0.0074,0.0074,0.0074,0.0074,0.0074,0.0074,0.0074,0.0074,0.0075,0.0075,0.0075,0.0075,0.0075,0.0075,0.0075,0.0108,0.0108,0.0108,0.0108,0.0109,0.0113,0.0113,0.0113,0.0113,0.0113,0.0114,0.0114,0.0115,0.0115,0.0115,0.0115,0.0115,0.0115,0.0115,0.0115,0.0116,0.0116,0.0116,0.0116,0.0116,0.0116,0.0116,0.0116,0.0117,0.0117,0.0117,0.0117,0.0117,0.0117,0.0117,0.0117,0.0118,0.0118,0.0118,0.0118,0.0118,0.0118,0.0118,0.0118,0.0118,0.0118,0.0118,0.0119,0.0119,0.0119,0.0119,0.0119,0.0119,0.0119,0.0119,0.0119,0.0125,0.0125,0.0125,0.0127,0.0130,0.0130,0.0130,0.0130,0.0130,0.0130,0.0130,0.0130,0.0130,0.0141,0.0141,0.0141,0.0141,0.0141,0.0141,0.0141,0.0141,0.0141,0.0141,0.0141,0.0141,0.0142,0.0142,0.0142,0.0142,0.0142,0.0142,0.0142,0.0142,0.0142,0.0142,0.0142,0.0142,0.0142,0.0142,0.0142,0.0142,0.0142,0.0142,0.0142,0.0142,0.0142,0.0142,0.0142,0.0142,0.0142,0.0142,0.0142,0.0142,0.0142,0.0142,0.0142,0.0142,0.0142,0.0142,0.0142,0.0142,0.0142,0.0142,0.0142,0.0142,0.0142,0.0142,0.0142,0.0142,0.0142,0.0142,0.0142,0.0142,0.0142,0.0142,0.0143,0.0143,0.0143
45115.6250000,0.0043,0.0043,0.0043,0.0043,0.0043,0.0043,0.0043,0.0051,0.0051,0.0051,0.0051,0.0051,0.0051,0.0056,0.0056,0.0056,0.0056,0.0056,0.0056,0.0056,0.0056,0.0057,0.0057,0.0057,0.0057,0.0057,0.0057,0.0057,0.0057,0.0057,0.0057,0.0058,0.0058,0.0058,0.0058,0.0058,0.0058,0.0058,0.0058,0.0062,0.0062,0.0062,0.0062,0.0062,0.0062,0.0062,0.0062,0.0066,0.0066,0.0066,0.0067,0.0067,0.0067,0.0067,0.0067,0.0067,0.0067,0.0067,0.0068,0.0068,0.0068,0.0068,0.0068,0.0068,0.0068,0.0068,0.0068,0.0070,0.0070,0.0070,0.0070,0.0070,0.0070,0.0070,0.0070,0.0070,0.0070,0.0072,0.0072,0.0072,0.0072,0.0072,0.0072,0.0073,0.0073,0.0073,0.0073,0.0074,0.0074,0.0074,0.0074,0.0074,0.0074,0.0074,0.0074,0.0075,0.0075,0.0075,0.0075,0.0075,0.0075,0.0075,0.0108,0.0108,0.0108,0.0108,0.0109,0.0113,0.0113,0.0113,0.0113,0.0113,0.0114,0.0114,0.0115,0.0115,0.0115,0.0115,0.0115,0.0115,0.0115,0.0115,0.0116,0.0116,0.0116,0.0116,0.0116,0.0116,0.0116,0.0116,0.0117,0.0117,0.0117,0.0117,0.0117,0.0117,0.0117,0.0117,0.0118,0.0118,0.0118,0.0118,0.0118,0.0118,0.0118,0.0118,0.0118,0.0118,0.0118,0.0118,0.0119,0.0119,0.0119,0.0119,0.0119,0.0119,0.0119,0.0119,0.0125,0.0125,0.0125,0.0127,0.0130,0.0130,0.0130,0.0130,0.0130,0.0130,0.0130,0.0130,0.0130,0.0140,0.0140,0.0141,0.0141,0.0141,0.0141,0.0141,0.0141,0.0141,0.0141,0.0141,0.0141,0.0141,0.0141,0.0141,0.0141,0.0141,0.0141,0.0141,0.0141,0.0141,0.0141,0.0141,0.0142,0.0142,0.0142,0.0142,0.0142,0.0142,0.0142,0.0142,0.0142,0.0142,0.0142,0.0142,0.0142,0.0142,0.0142,0.0142,0.0142,0.0142,0.0142,0.0142,0.0142,0.0142,0.0142,0.0142,0.0142,0.0142,0.0142,0.0142,0.0142,0.0142,0.0142,0.0142,0.0142,0.0142,0.0142,0.0142,0.0142,0.0142,0.0142,0.0142,0.0142,0.0142
45115.6666667,0.0043,0.0043,0.0043,0.0043,0.0043,0.0043,0.0043,0.0051,0.0051,0.0051,0.0051,0.0051,0.0051,0.0056,0.0056,0.0056,0.0056,0.0056,0.0056,0.0056,0.0056,0.0057,0.0057,0.0057,0.0057,0.0057,0.0057,0.0057,0.0057,0.0057,0.0057,0.0058,0.0058,0.0058,0.0058,0.0058,0.0058,0.0058,0.0058,0.0062,0.0062,0.0062,0.0062,0.0062,0.0062,0.0062,0.0062,0.0066,0.0066,0.0066,0.0067,0.0067,0.0067,0.0067,0.0067,0.0067,0.0067,0.0067,0.0068,0.0068,0.0068,0.0068,0.0068,0.0068,0.0068,0.0068,0.0068,0.0070,0.0070,0.0070,0.0070,0.0070,0.0070,0.0070,0.0070,0.0070,0.0070,0.0072,0.0072,0.0072,0.0072,0.0072,0.0072,0.0073,0.0073,0.0073,0.0073,0.0074,0.0074,0.0074,0.0074,0.0074,0.0074,0.0074,0.0074,0.0075,0.0075,0.0075,0.0075,0.0075,0.0075,0.0075,0.0108,0.0108,0.0108,0.0108,0.0109,0.0113,0.0113,0.0113,0.0113,0.0113,0.0114,0.0114,0.0115,0.0115,0.0115,0.0115,0.0115,0.0115,0.0115,0.0115,0.0116,0.0116,0.0116,0.0116,0.0116,0.0116,0.0116,0.0116,0.0117,0.0117,0.0117,0.0117,0.0117,0.0117,0.0117,0.0117,0.0118,0.0118,0.0118,0.0118,0.0118,0.0118,0.0118,0.0118,0.0118,0.0118,0.0118,0.0118,0.0119,0.0119,0.0119,0.0119,0.0119,0.0119,0.0119,0.0119,0.0125,0.0125,0.0125,0.0127,0.0130,0.0130,0.0130,0.0130,0.0130,0.0130,0.0130,0.0130,0.0130,0.0140,0.0140,0.0140,0.0141,0.0141,0.0141,0.0141,0.0141,0.0141,0.0141,0.0141,0.0141,0.0141,0.0141,0.0141,0.0141,0.0141,0.0141,0.0141,0.0141,0.0141,0.0141,0.0141,0.0141,0.0141,0.0141,0.0141,0.0141,0.0141,0.0141,0.0141,0.0141,0.0141,0.0142,0.0142,0.0142,0.0142,0.0142,0.0142,0.0142,0.0142,0.0142,0.0142,0.0142,0.0142,0.0142,0.0142,0.0142,0.0142,0.0142,0.0142,0.0142,0.0142,0.0142,0.0142,0.0142,0.0142,0.0142,0.0142,0.0142,0.0142,0.0142,0.0142,0.0142,0.0142
45115.7083333,0.0043,0.0043,0.0043,0.0043,0.0043,0.0043,0.0043,0.0051,0.0051,0.0051,0.0051,0.0051,0.0051,0.0056,0.0056,0.0056,0.0056,0.0056,0.0056,0.0056,0.0056,0.0057,0.0057,0.0057,0.0057,0.0057,0.0057,0.0057,0.0057,0.0057,0.0057,0.0058,0.0058,0.0058,0.0058,0.0058,0.0058,0.0058,0.0058,0.0062,0.0062,0.0062,0.0062,0.0062,0.0062,0.0062,0.0062,0.0066,0.0066,0.0066,0.0067,0.0067,0.0067,0.0067,0.0067,0.0067,0.0067,0.0067,0.0068,0.0068,0.0068,0.0068,0.0068,0.0068,0.0068,0.0068,0.0068,0.0070,0.0070,0.0070,0.0070,0.0070,0.0070,0.0070,0.0070,0.0070,0.0070,0.0072,0.0072,0.0072,0.0072,0.0072,0.0072,0.0073,0.0073,0.0073,0.0073,0.0074,0.0074,0.0074,0.0074,0.0074,0.0074,0.0074,0.0074,0.0075,0.0075,0.0075,0.0075,0.0075,0.0075,0.0075,0.0108,0.0108,0.0108,0.0108,0.0109,0.0113,0.0113,0.0113,0.0113,0.0113,0.0114,0.0114,0.0115,0.0115,0.0115,0.0115,0.0115,0.0115,0.0115,0.0115,0.0116,0.0116,0.0116,0.0116,0.0116,0.0116,0.0116,0.0116,0.0117,0.0117,0.0117,0.0117,0.0117,0.0117,0.0117,0.0117,0.0118,0.0118,0.0118,0.0118,0.0118,0.0118,0.0118,0.0118,0.0118,0.0118,0.0118,0.0118,0.0119,0.0119,0.0119,0.0119,0.0119,0.0119,0.0119,0.0119,0.0125,0.0125,0.0125,0.0127,0.0129,0.0130,0.0130,0.0130,0.0130,0.0130,0.0130,0.0130,0.0130,0.0140,0.0140,0.0140,0.0141,0.0141,0.0141,0.0141,0.0141,0.0141,0.0141,0.0141,0.0141,0.0141,0.0141,0.0141,0.0141,0.0141,0.0141,0.0141,0.0141,0.0141,0.0141,0.0141,0.0141,0.0141,0.0141,0.0141,0.0141,0.0141,0.0141,0.0141,0.0141,0.0141,0.0141,0.0141,0.0141,0.0141,0.0141,0.0141,0.0141,0.0141,0.0141,0.0142,0.0142,0.0142,0.0142,0.0142,0.0142,0.0142,0.0142,0.0142,0.0142,0.0142,0.0142,0.0142,0.0142,0.0142,0.0142,0.0142,0.0142,0.0142,0.0142,0.0142,0.0142,0.0142
45115.7500000,0.0043,0.0043,0.0043,0.0043,0.0043,0.0043,0.0043,0.0051,0.0051,0.0051,0.0051,0.0051,0.0051,0.0056,0.0056,0.0056,0.0056,0.0056,0.0056,0.0056,0.0056,0.0057,0.0057,0.0057,0.0057,0.0057,0.0057,0.0057,0.0057,0.0057,0.0057,0.0058,0.0058,0.0058,0.0058,0.0058,0.0058,0.0058,0.0058,0.0062,0.0062,0.0062,0.0062,0.0062,0.0062,0.0062,0.0062,0.0066,0.0066,0.0066,0.0067,0.0067,0.0067,0.0067,0.0067,0.0067,0.0067,0.0067,0.0068,0.0068,0.0068,0.0068,0.0068,0.0068,0.0068,0.0068,0.0068,0.0070,0.0070,0.0070,0.0070,0.0070,0.0070,0.0070,0.0070,0.0070,0.0070,0.0072,0.0072,0.0072,0.0072,0.0072,0.0072,0.0073,0.0073,0.0073,0.0073,0.0074,0.0074,0.0074,0.0074,0.0074,0.0074,0.0074,0.0074,0.0075,0.0075,0.0075,0.0075,0.0075,0.0075,0.0075,0.0108,0.0108,0.0108,0.0108,0.0109,0.0113,0.0113,0.0113,0.0113,0.0113,0.0114,0.0114,0.0115,0.0115,0.0115,0.0115,0.0115,0.0115,0.0115,0.0115,0.0116,0.0116,0.0116,0.0116,0.0116,0.0116,0.0116,0.0116,0.0117,0.0117,0.0117,0.0117,0.0117,0.0117,0.0117,0.0117,0.0118,0.0118,0.0118,0.0118,0.0118,0.0118,0.0118,0.0118,0.0118,0.0118,0.0118,0.0118,0.0119,0.0119,0.0119,0.0119,0.0119,0.0119,0.0119,0.0119,0.0125,0.0125,0.0125,0.0127,0.0129,0.0130,0.0130,0.0130,0.0130,0.0130,0.0130,0.0130,0.0130,0.0140,0.0140,0.0140,0.0141,0.0141,0.0141,0.0141,0.0141,0.0141,0.0141,0.0141,0.0141,0.0141,0.0141,0.0141,0.0141,0.0141,0.0141,0.0141,0.0141,0.0141,0.0141,0.0141,0.0141,0.0141,0.0141,0.0141,0.0141,0.0141,0.0141,0.0141,0.0141,0.0141,0.0141,0.0141,0.0141,0.0141,0.0141,0.0141,0.0141,0.0141,0.0141,0.0141,0.0141,0.0141,0.0141,0.0141,0.0142,0.0142,0.0142,0.0142,0.0142,0.0142,0.0142,0.0142,0.0142,0.0142,0.0142,0.0142,0.0142,0.0142,0.0142,0.0142,0.0142,0.0142
45115.7916667,0.0043,0.0043,0.0043,0.0043,0.0043,0.0043,0.0043,0.0051,0.0051,0.0051,0.0051,0.0051,0.0051,0.0056,0.0056,0.0056,0.0056,0.0056,0.0056,0.0056,0.0056,0.0057,0.0057,0.0057,0.0057,0.0057,0.0057,0.0057,0.0057,0.0057,0.0057,0.0058,0.0058,0.0058,0.0058,0.0058,0.0058,0.0058,0.0058,0.0062,0.0062,0.0062,0.0062,0.0062,0.0062,0.0062,0.0062,0.0066,0.0066,0.0066,0.0067,0.0067,0.0067,0.0067,0.0067,0.0067,0.0067,0.0067,0.0068,0.0068,0.0068,0.0068,0.0068,0.0068,0.0068,0.0068,0.0068,0.0070,0.0070,0.0070,0.0070,0.0070,0.0070,0.0070,0.0070,0.0070,0.0070,0.0072,0.0072,0.0072,0.0072,0.0072,0.0072,0.0073,0.0073,0.0073,0.0073,0.0074,0.0074,0.0074,0.0074,0.0074,0.0074,0.0074,0.0074,0.0075,0.0075,0.0075,0.0075,0.0075,0.0075,0.0075,0.0108,0.0108,0.0108,0.0108,0.0109,0.0113,0.0113,0.0113,0.0113,0.0113,0.0114,0.0114,0.0115,0.0115,0.0115,0.0115,0.0115,0.0115,0.0115,0.0115,0.0116,0.0116,0.0116,0.0116,0.0116,0.0116,0.0116,0.0116,0.0117,0.0117,0.0117,0.0117,0.0117,0.0117,0.0117,0.0117,0.0118,0.0118,0.0118,0.0118,0.0118,0.0118,0.0118,0.0118,0.0118,0.0118,0.0118,0.0118,0.0119,0.0119,0.0119,0.0119,0.0119,0.0119,0.0119,0.0119,0.0125,0.0125,0.0125,0.0127,0.0129,0.0130,0.0130,0.0130,0.0130,0.0130,0.0130,0.0130,0.0130,0.0140,0.0140,0.0140,0.0141,0.0141,0.0141,0.0141,0.0141,0.0141,0.0141,0.0141,0.0141,0.0141,0.0141,0.0141,0.0141,0.0141,0.0141,0.0141,0.0141,0.0141,0.0141,0.0141,0.0141,0.0141,0.0141,0.0141,0.0141,0.0141,0.0141,0.0141,0.0141,0.0141,0.0141,0.0141,0.0141,0.0141,0.0141,0.0141,0.0141,0.0141,0.0141,0.0141,0.0141,0.0141,0.0141,0.0141,0.0141,0.0141,0.0141,0.0142,0.0142,0.0142,0.0142,0.0142,0.0142,0.0142,0.0142,0.0142,0.0142,0.0142,0.0142,0.0142,0.0142,0.0142
45115.8333333,0.0043,0.0043,0.0043,0.0043,0.0043,0.0043,0.0043,0.0051,0.0051,0.0051,0.0051,0.0051,0.0051,0.0056,0.0056,0.0056,0.0056,0.0056,0.0056,0.0056,0.0056,0.0057,0.0057,0.0057,0.0057,0.0057,0.0057,0.0057,0.0057,0.0057,0.0057,0.0058,0.0058,0.0058,0.0058,0.0058,0.0058,0.0058,0.0058,0.0062,0.0062,0.0062,0.0062,0.0062,0.0062,0.0062,0.0062,0.0066,0.0066,0.0066,0.0067,0.0067,0.0067,0.0067,0.0067,0.0067,0.0067,0.0067,0.0068,0.0068,0.0068,0.0068,0.0068,0.0068,0.0068,0.0068,0.0068,0.0070,0.0070,0.0070,0.0070,0.0070,0.0070,0.0070,0.0070,0.0070,0.0070,0.0072,0.0072,0.0072,0.0072,0.0072,0.0072,0.0073,0.0073,0.0073,0.0073,0.0074,0.0074,0.0074,0.0074,0.0074,0.0074,0.0074,0.0074,0.0075,0.0075,0.0075,0.0075,0.0075,0.0075,0.0075,0.0108,0.0108,0.0108,0.0108,0.0109,0.0113,0.0113,0.0113,0.0113,0.0113,0.0114,0.0114,0.0115,0.0115,0.0115,0.0115,0.0115,0.0115,0.0115,0.0115,0.0116,0.0116,0.0116,0.0116,0.0116,0.0116,0.0116,0.0116,0.0117,0.0117,0.0117,0.0117,0.0117,0.0117,0.0117,0.0117,0.0118,0.0118,0.0118,0.0118,0.0118,0.0118,0.0118,0.0118,0.0118,0.0118,0.0118,0.0118,0.0119,0.0119,0.0119,0.0119,0.0119,0.0119,0.0119,0.0119,0.0125,0.0125,0.0125,0.0127,0.0129,0.0130,0.0130,0.0130,0.0130,0.0130,0.0130,0.0130,0.0130,0.0140,0.0140,0.0140,0.0141,0.0141,0.0141,0.0141,0.0141,0.0141,0.0141,0.0141,0.0141,0.0141,0.0141,0.0141,0.0141,0.0141,0.0141,0.0141,0.0141,0.0141,0.0141,0.0141,0.0141,0.0141,0.0141,0.0141,0.0141,0.0141,0.0141,0.0141,0.0141,0.0141,0.0141,0.0141,0.0141,0.0141,0.0141,0.0141,0.0141,0.0141,0.0141,0.0141,0.0141,0.0141,0.0141,0.0141,0.0141,0.0141,0.0141,0.0141,0.0142,0.0142,0.0142,0.0142,0.0142,0.0142,0.0142,0.0142,0.0142,0.0142,0.0142,0.0142,0.0142,0.0142
45115.8750000,0.0043,0.0043,0.0043,0.0043,0.0043,0.0043,0.0043,0.0051,0.0051,0.0051,0.0051,0.0051,0.0051,0.0056,0.0056,0.0056,0.0056,0.0056,0.0056,0.0056,0.0056,0.0057,0.0057,0.0057,0.0057,0.0057,0.0057,0.0057,0.0057,0.0057,0.0057,0.0058,0.0058,0.0058,0.0058,0.0058,0.0058,0.0058,0.0058,0.0062,0.0062,0.0062,0.0062,0.0062,0.0062,0.0062,0.0062,0.0066,0.0066,0.0066,0.0067,0.0067,0.0067,0.0067,0.0067,0.0067,0.0067,0.0067,0.0068,0.0068,0.0068,0.0068,0.0068,0.0068,0.0068,0.0068,0.0068,0.0070,0.0070,0.0070,0.0070,0.0070,0.0070,0.0070,0.0070,0.0070,0.0070,0.0072,0.0072,0.0072,0.0072,0.0072,0.0072,0.0073,0.0073,0.0073,0.0073,0.0074,0.0074,0.0074,0.0074,0.0074,0.0074,0.0074,0.0074,0.0075,0.0075,0.0075,0.0075,0.0075,0.0075,0.0075,0.0108,0.0108,0.0108,0.0108,0.0109,0.0113,0.0113,0.0113,0.0113,0.0113,0.0114,0.0114,0.0115,0.0115,0.0115,0.0115,0.0115,0.0115,0.0115,0.0115,0.0116,0.0116,0.0116,0.0116,0.0116,0.0116,0.0116,0.0116,0.0117,0.0117,0.0117,0.0117,0.0117,0.0117,0.0117,0.0117,0.0118,0.0118,0.0118,0.0118,0.0118,0.0118,0.0118,0.0118,0.0118,0.0118,0.0118,0.0118,0.0119,0.0119,0.0119,0.0119,0.0119,0.0119,0.0119,0.0119,0.0125,0.0125,0.0125,0.0127,0.0129,0.0130,0.0130,0.0130,0.0130,0.0130,0.0130,0.0130,0.0130,0.0140,0.0140,0.0140,0.0141,0.0141,0.0141,0.0141,0.0141,0.0141,0.0141,0.0141,0.0141,0.0141,0.0141,0.0141,0.0141,0.0141,0.0141,0.0141,0.0141,0.0141,0.0141,0.0141,0.0141,0.0141,0.0141,0.0141,0.0141,0.0141,0.0141,0.0141,0.0141,0.0141,0.0141,0.0141,0.0141,0.0141,0.0141,0.0141,0.0141,0.0141,0.0141,0.0141,0.0141,0.0141,0.0141,0.0141,0.0141,0.0141,0.0141,0.0141,0.0142,0.0142,0.0142,0.0142,0.0142,0.0142,0.0142,0.0142,0.0142,0.0142,0.0142,0.0142,0.0142,0.0142
45115.9166667,0.0043,0.0043,0.0043,0.0043,0.0043,0.0043,0.0043,0.0051,0.0051,0.0051,0.0051,0.0051,0.0051,0.0056,0.0056,0.0056,0.0056,0.0056,0.0056,0.0056,0.0056,0.0057,0.0057,0.0057,0.0057,0.0057,0.0057,0.0057,0.0057,0.0057,0.0057,0.0058,0.0058,0.0058,0.0058,0.0058,0.0058,0.0058,0.0058,0.0062,0.0062,0.0062,0.0062,0.0062,0.0062,0.0062,0.0062,0.0066,0.0066,0.0066,0.0067,0.0067,0.0067,0.0067,0.0067,0.0067,0.0067,0.0067,0.0068,0.0068,0.0068,0.0068,0.0068,0.0068,0.0068,0.0068,0.0068,0.0070,0.0070,0.0070,0.0070,0.0070,0.0070,0.0070,0.0070,0.0070,0.0070,0.0072,0.0072,0.0072,0.0072,0.0072,0.0072,0.0073,0.0073,0.0073,0.0073,0.0074,0.0074,0.0074,0.0074,0.0074,0.0074,0.0074,0.0074,0.0075,0.0075,0.0075,0.0075,0.0075,0.0075,0.0075,0.0108,0.0108,0.0108,0.0108,0.0109,0.0113,0.0113,0.0113,0.0113,0.0113,0.0114,0.0114,0.0115,0.0115,0.0115,0.0115,0.0115,0.0115,0.0115,0.0115,0.0116,0.0116,0.0116,0.0116,0.0116,0.0116,0.0116,0.0116,0.0117,0.0117,0.0117,0.0117,0.0117,0.0117,0.0117,0.0117,0.0118,0.0118,0.0118,0.0118,0.0118,0.0118,0.0118,0.0118,0.0118,0.0118,0.0118,0.0118,0.0119,0.0119,0.0119,0.0119,0.0119,0.0119,0.0119,0.0119,0.0125,0.0125,0.0125,0.0127,0.0129,0.0130,0.0130,0.0130,0.0130,0.0130,0.0130,0.0130,0.0130,0.0140,0.0140,0.0140,0.0141,0.0141,0.0141,0.0141,0.0141,0.0141,0.0141,0.0141,0.0141,0.0141,0.0141,0.0141,0.0141,0.0141,0.0141,0.0141,0.0141,0.0141,0.0141,0.0141,0.0141,0.0141,0.0141,0.0141,0.0141,0.0141,0.0141,0.0141,0.0141,0.0141,0.0141,0.0141,0.0141,0.0141,0.0141,0.0141,0.0141,0.0141,0.0141,0.0141,0.0141,0.0141,0.0141,0.0141,0.0141,0.0141,0.0141,0.0141,0.0142,0.0142,0.0142,0.0142,0.0142,0.0142,0.0142,0.0142,0.0142,0.0142,0.0142,0.0142,0.0142,0.0142
45115.9583333,0.0043,0.0043,0.0043,0.0043,0.0043,0.0043,0.0043,0.0051,0.0051,0.0051,0.0051,0.0051,0.0051,0.0056,0.0056,0.0056,0.0056,0.0056,0.0056,0.0056,0.0056,0.0057,0.0057,0.0057,0.0057,0.0057,0.0057,0.0057,0.0057,0.0057,0.0057,0.0058,0.0058,0.0058,0.0058,0.0058,0.0058,0.0058,0.0058,0.0062,0.0062,0.0062,0.0062,0.0062,0.0062,0.0062,0.0062,0.0066,0.0066,0.0066,0.0067,0.0067,0.0067,0.0067,0.0067,0.0067,0.0067,0.0067,0.0068,0.0068,0.0068,0.0068,0.0068,0.0068,0.0068,0.0068,0.0068,0.0070,0.0070,0.0070,0.0070,0.0070,0.0070,0.0070,0.0070,0.0070,0.0070,0.0072,0.0072,0.0072,0.0072,0.0072,0.0072,0.0073,0.0073,0.0073,0.0073,0.0074,0.0074,0.0074,0.0074,0.0074,0.0074,0.0074,0.0074,0.0075,0.0075,0.0075,0.0075,0.0075,0.0075,0.0075,0.0108,0.0108,0.0108,0.0108,0.0109,0.0113,0.0113,0.0113,0.0113,0.0113,0.0114,0.0114,0.0115,0.0115,0.0115,0.0115,0.0115,0.0115,0.0115,0.0115,0.0116,0.0116,0.0116,0.0116,0.0116,0.0116,0.0116,0.0116,0.0117,0.0117,0.0117,0.0117,0.0117,0.0117,0.0117,0.0117,0.0118,0.0118,0.0118,0.0118,0.0118,0.0118,0.0118,0.0118,0.0118,0.0118,0.0118,0.0118,0.0119,0.0119,0.0119,0.0119,0.0119,0.0119,0.0119,0.0119,0.0125,0.0125,0.0125,0.0127,0.0129,0.0130,0.0130,0.0130,0.0130,0.0130,0.0130,0.0130,0.0130,0.0140,0.0140,0.0140,0.0141,0.0141,0.0141,0.0141,0.0141,0.0141,0.0141,0.0141,0.0141,0.0141,0.0141,0.0141,0.0141,0.0141,0.0141,0.0141,0.0141,0.0141,0.0141,0.0141,0.0141,0.0141,0.0141,0.0141,0.0141,0.0141,0.0141,0.0141,0.0141,0.0141,0.0141,0.0141,0.0141,0.0141,0.0141,0.0141,0.0141,0.0141,0.0141,0.0141,0.0141,0.0141,0.0141,0.0141,0.0141,0.0141,0.0141,0.0141,0.0141,0.0142,0.0142,0.0142,0.0142,0.0142,0.0142,0.0142,0.0142,0.0142,0.0142,0.0142,0.0142,0.0142
45116.0000000,0.0042,0.0042,0.0043,0.0043,0.0043,0.0043,0.0043,0.0050,0.0050,0.0050,0.0050,0.0051,0.0051,0.0056,0.0056,0.0056,0.0056,0.0056,0.0056,0.0056,0.0056,0.0057,0.0057,0.0057,0.0057,0.0057,0.0057,0.0057,0.0057,0.0057,0.0057,0.0058,0.0058,0.0058,0.0058,0.0058,0.0058,0.0058,0.0058,0.0062,0.0062,0.0062,0.0062,0.0062,0.0062,0.0062,0.0062,0.0066,0.0066,0.0066,0.0067,0.0067,0.0067,0.0067,0.0067,0.0067,0.0067,0.0067,0.0068,0.0068,0.0068,0.0068,0.0068,0.0068,0.0068,0.0068,0.0068,0.0070,0.0070,0.0070,0.0070,0.0070,0.0070,0.0070,0.0070,0.0070,0.0070,0.0072,0.0072,0.0072,0.0072,0.0072,0.0072,0.0073,0.0073,0.0073,0.0073,0.0074,0.0074,0.0074,0.0074,0.0074,0.0074,0.0074,0.0074,0.0074,0.0075,0.0075,0.0075,0.0075,0.0075,0.0075,0.0108,0.0108,0.0108,0.0108,0.0108,0.0112,0.0113,0.0113,0.0113,0.0113,0.0114,0.0114,0.0115,0.0115,0.0115,0.0115,0.0115,0.0115,0.0115,0.0115,0.0116,0.0116,0.0116,0.0116,0.0116,0.0116,0.0116,0.0116,0.0117,0.0117,0.0117,0.0117,0.0117,0.0117,0.0117,0.0117,0.0118,0.0118,0.0118,0.0118,0.0118,0.0118,0.0118,0.0118,0.0118,0.0118,0.0118,0.0118,0.0119,0.0119,0.0119,0.0119,0.0119,0.0119,0.0119,0.0119,0.0125,0.0125,0.0125,0.0127,0.0129,0.0129,0.0130,0.0130,0.0130,0.0130,0.0130,0.0130,0.0130,0.0140,0.0140,0.0140,0.0140,0.0140,0.0141,0.0141,0.0141,0.0141,0.0141,0.0141,0.0141,0.0141,0.0141,0.0141,0.0141,0.0141,0.0141,0.0141,0.0141,0.0141,0.0141,0.0141,0.0141,0.0141,0.0141,0.0141,0.0141,0.0141,0.0141,0.0141,0.0141,0.0141,0.0141,0.0141,0.0141,0.0141,0.0141,0.0141,0.0141,0.0141,0.0141,0.0141,0.0141,0.0141,0.0141,0.0141,0.0141,0.0141,0.0141,0.0141,0.0141,0.0142,0.0142,0.0142,0.0142,0.0142,0.0142,0.0142,0.0142,0.0142,0.0142,0.0142,0.0142,0.0142
45116.0416667,0.0042,0.0042,0.0042,0.0042,0.0042,0.0043,0.0043,0.0050,0.0050,0.0050,0.0050,0.0050,0.0050,0.0055,0.0055,0.0055,0.0055,0.0056,0.0056,0.0056,0.0056,0.0056,0.0056,0.0056,0.0057,0.0057,0.0057,0.0057,0.0057,0.0057,0.0057,0.0057,0.0058,0.0058,0.0058,0.0058,0.0058,0.0058,0.0058,0.0062,0.0062,0.0062,0.0062,0.0062,0.0062,0.0062,0.0062,0.0066,0.0066,0.0066,0.0067,0.0067,0.0067,0.0067,0.0067,0.0067,0.0067,0.0067,0.0068,0.0068,0.0068,0.0068,0.0068,0.0068,0.0068,0.0068,0.0068,0.0070,0.0070,0.0070,0.0070,0.0070,0.0070,0.0070,0.0070,0.0070,0.0070,0.0072,0.0072,0.0072,0.0072,0.0072,0.0072,0.0073,0.0073,0.0073,0.0073,0.0074,0.0074,0.0074,0.0074,0.0074,0.0074,0.0074,0.0074,0.0074,0.0074,0.0074,0.0074,0.0075,0.0075,0.0075,0.0108,0.0108,0.0108,0.0108,0.0108,0.0112,0.0112,0.0113,0.0113,0.0113,0.0114,0.0114,0.0114,0.0114,0.0114,0.0114,0.0115,0.0115,0.0115,0.0115,0.0116,0.0116,0.0116,0.0116,0.0116,0.0116,0.0116,0.0116,0.0116,0.0117,0.0117,0.0117,0.0117,0.0117,0.0117,0.0117,0.0118,0.0118,0.0118,0.0118,0.0118,0.0118,0.0118,0.0118,0.0118,0.0118,0.0118,0.0118,0.0119,0.0119,0.0119,0.0119,0.0119,0.0119,0.0119,0.0119,0.0125,0.0125,0.0125,0.0127,0.0129,0.0129,0.0130,0.0130,0.0130,0.0130,0.0130,0.0130,0.0130,0.0140,0.0140,0.0140,0.0140,0.0140,0.0140,0.0140,0.0140,0.0140,0.0140,0.0140,0.0141,0.0141,0.0141,0.0141,0.0141,0.0141,0.0141,0.0141,0.0141,0.0141,0.0141,0.0141,0.0141,0.0141,0.0141,0.0141,0.0141,0.0141,0.0141,0.0141,0.0141,0.0141,0.0141,0.0141,0.0141,0.0141,0.0141,0.0141,0.0141,0.0141,0.0141,0.0141,0.0141,0.0141,0.0141,0.0141,0.0141,0.0141,0.0141,0.0141,0.0141,0.0142,0.0142,0.0142,0.0142,0.0142,0.0142,0.0142,0.0142,0.0142,0.0142,0.0142,0.0142,0.0142
45116.0833333,0.0042,0.0042,0.0042,0.0042,0.0042,0.0043,0.0043,0.0050,0.0050,0.0050,0.0050,0.0050,0.0050,0.0055,0.0055,0.0055,0.0055,0.0056,0.0056,0.0056,0.0056,0.0056,0.0056,0.0056,0.0056,0.0056,0.0056,0.0056,0.0057,0.0057,0.0057,0.0057,0.0057,0.0057,0.0058,0.0058,0.0058,0.0058,0.0058,0.0062,0.0062,0.0062,0.0062,0.0062,0.0062,0.0062,0.0062,0.0066,0.0066,0.0066,0.0067,0.0067,0.0067,0.0067,0.0067,0.0067,0.0067,0.0067,0.0068,0.0068,0.0068,0.0068,0.0068,0.0068,0.0068,0.0068,0.0068,0.0070,0.0070,0.0070,0.0070,0.0070,0.0070,0.0070,0.0070,0.0070,0.0070,0.0072,0.0072,0.0072,0.0072,0.0072,0.0072,0.0073,0.0073,0.0073,0.0073,0.0073,0.0074,0.0074,0.0074,0.0074,0.0074,0.0074,0.0074,0.0074,0.0074,0.0074,0.0074,0.0074,0.0075,0.0075,0.0108,0.0108,0.0108,0.0108,0.0108,0.0112,0.0112,0.0112,0.0113,0.0113,0.0114,0.0114,0.0114,0.0114,0.0114,0.0114,0.0114,0.0115,0.0115,0.0115,0.0115,0.0115,0.0115,0.0116,0.0116,0.0116,0.0116,0.0116,0.0116,0.0116,0.0116,0.0116,0.0117,0.0117,0.0117,0.0117,0.0118,0.0118,0.0118,0.0118,0.0118,0.0118,0.0118,0.0118,0.0118,0.0118,0.0118,0.0118,0.0119,0.0119,0.0119,0.0119,0.0119,0.0119,0.0119,0.0119,0.0125,0.0125,0.0125,0.0127,0.0129,0.0129,0.0130,0.0130,0.0130,0.0130,0.0130,0.0130,0.0130,0.0140,0.0140,0.0140,0.0140,0.0140,0.0140,0.0140,0.0140,0.0140,0.0140,0.0140,0.0140,0.0141,0.0141,0.0141,0.0141,0.0141,0.0141,0.0141,0.0141,0.0141,0.0141,0.0141,0.0141,0.0141,0.0141,0.0141,0.0141,0.0141,0.0141,0.0141,0.0141,0.0141,0.0141,0.0141,0.0141,0.0141,0.0141,0.0141,0.0141,0.0141,0.0141,0.0141,0.0141,0.0141,0.0141,0.0141,0.0141,0.0141,0.0141,0.0141,0.0141,0.0141,0.0141,0.0141,0.0142,0.0142,0.0142,0.0142,0.0142,0.0142,0.0142,0.0142,0.0142,0.0142
45116.1250000,0.0042,0.0042,0.0042,0.0042,0.0042,0.0043,0.0043,0.0050,0.0050,0.0050,0.0050,0.0050,0.0050,0.0055,0.0055,0.0055,0.0055,0.0056,0.0056,0.0056,0.0056,0.0056,0.0056,0.0056,0.0056,0.0056,0.0056,0.0056,0.0057,0.0057,0.0057,0.0057,0.0057,0.0057,0.0057,0.0057,0.0057,0.0057,0.0057,0.0061,0.0061,0.0062,0.0062,0.0062,0.0062,0.0062,0.0062,0.0066,0.0066,0.0066,0.0066,0.0066,0.0067,0.0067,0.0067,0.0067,0.0067,0.0067,0.0068,0.0068,0.0068,0.0068,0.0068,0.0068,0.0068,0.0068,0.0068,0.0070,0.0070,0.0070,0.0070,0.0070,0.0070,0.0070,0.0070,0.0070,0.0070,0.0072,0.0072,0.0072,0.0072,0.0072,0.0072,0.0073,0.0073,0.0073,0.0073,0.0073,0.0073,0.0074,0.0074,0.0074,0.0074,0.0074,0.0074,0.0074,0.0074,0.0074,0.0074,0.0074,0.0075,0.0075,0.0108,0.0108,0.0108,0.0108,0.0108,0.0112,0.0112,0.0112,0.0113,0.0113,0.0114,0.0114,0.0114,0.0114,0.0114,0.0114,0.0114,0.0114,0.0115,0.0115,0.0115,0.0115,0.0115,0.0115,0.0115,0.0116,0.0116,0.0116,0.0116,0.0116,0.0116,0.0116,0.0117,0.0117,0.0117,0.0117,0.0117,0.0117,0.0117,0.0118,0.0118,0.0118,0.0118,0.0118,0.0118,0.0118,0.0118,0.0118,0.0118,0.0118,0.0118,0.0119,0.0119,0.0119,0.0119,0.0119,0.0125,0.0125,0.0125,0.0127,0.0129,0.0129,0.0130,0.0130,0.0130,0.0130,0.0130,0.0130,0.0130,0.0140,0.0140,0.0140,0.0140,0.0140,0.0140,0.0140,0.0140,0.0140,0.0140,0.0140,0.0140,0.0141,0.0141,0.0141,0.0141,0.0141,0.0141,0.0141,0.0141,0.0141,0.0141,0.0141,0.0141,0.0141,0.0141,0.0141,0.0141,0.0141,0.0141,0.0141,0.0141,0.0141,0.0141,0.0141,0.0141,0.0141,0.0141,0.0141,0.0141,0.0141,0.0141,0.0141,0.0141,0.0141,0.0141,0.0141,0.0141,0.0141,0.0141,0.0141,0.0141,0.0141,0.0141,0.0141,0.0141,0.0141,0.0141,0.0141,0.0141,0.0141,0.0141,0.0141,0.0142,0.0142
45116.1666667,0.0042,0.0042,0.0042,0.0042,0.0042,0.0043,0.0043,0.0050,0.0050,0.0050,0.0050,0.0050,0.0050,0.0055,0.0055,0.0055,0.0055,0.0056,0.0056,0.0056,0.0056,0.0056,0.0056,0.0056,0.0056,0.0056,0.0056,0.0056,0.0057,0.0057,0.0057,0.0057,0.0057,0.0057,0.0057,0.0057,0.0057,0.0057,0.0057,0.0061,0.0061,0.0061,0.0061,0.0061,0.0061,0.0062,0.0062,0.0065,0.0065,0.0065,0.0066,0.0066,0.0066,0.0067,0.0067,0.0067,0.0067,0.0067,0.0067,0.0067,0.0067,0.0068,0.0068,0.0068,0.0068,0.0068,0.0068,0.0070,0.0070,0.0070,0.0070,0.0070,0.0070,0.0070,0.0070,0.0070,0.0070,0.0072,0.0072,0.0072,0.0072,0.0072,0.0072,0.0073,0.0073,0.0073,0.0073,0.0073,0.0073,0.0073,0.0074,0.0074,0.0074,0.0074,0.0074,0.0074,0.0074,0.0074,0.0074,0.0074,0.0074,0.0074,0.0108,0.0108,0.0108,0.0108,0.0108,0.0112,0.0112,0.0112,0.0113,0.0113,0.0114,0.0114,0.0114,0.0114,0.0114,0.0114,0.0114,0.0114,0.0115,0.0115,0.0115,0.0115,0.0115,0.0115,0.0115,0.0116,0.0116,0.0116,0.0116,0.0116,0.0116,0.0116,0.0117,0.0117,0.0117,0.0117,0.0117,0.0117,0.0117,0.0117,0.0117,0.0117,0.0118,0.0118,0.0118,0.0118,0.0118,0.0118,0.0118,0.0118,0.0118,0.0118,0.0118,0.0118,0.0119,0.0119,0.0124,0.0124,0.0124,0.0126,0.0129,0.0129,0.0129,0.0130,0.0130,0.0130,0.0130,0.0130,0.0130,0.0140,0.0140,0.0140,0.0140,0.0140,0.0140,0.0140,0.0140,0.0140,0.0140,0.0140,0.0140,0.0141,0.0141,0.0141,0.0141,0.0141,0.0141,0.0141,0.0141,0.0141,0.0141,0.0141,0.0141,0.0141,0.0141,0.0141,0.0141,0.0141,0.0141,0.0141,0.0141,0.0141,0.0141,0.0141,0.0141,0.0141,0.0141,0.0141,0.0141,0.0141,0.0141,0.0141,0.0141,0.0141,0.0141,0.0141,0.0141,0.0141,0.0141,0.0141,0.0141,0.0141,0.0141,0.0141,0.0141,0.0141,0.0141,0.0141,0.0141,0.0141,0.0141,0.0141,0.0141,0.0141
45116.2083333,0.0042,0.0042,0.0042,0.0042,0.0042,0.0043,0.0043,0.0050,0.0050,0.0050,0.0050,0.0050,0.0050,0.0055,0.0055,0.0055,0.0055,0.0056,0.0056,0.0056,0.0056,0.0056,0.0056,0.0056,0.0056,0.0056,0.0056,0.0056,0.0057,0.0057,0.0057,0.0057,0.0057,0.0057,0.0057,0.0057,0.0057,0.0057,0.0057,0.0061,0.0061,0.0061,0.0061,0.0061,0.0061,0.0061,0.0061,0.0065,0.0065,0.0065,0.0066,0.0066,0.0066,0.0066,0.0066,0.0066,0.0066,0.0066,0.0067,0.0067,0.0067,0.0067,0.0067,0.0067,0.0067,0.0067,0.0068,0.0069,0.0070,0.0070,0.0070,0.0070,0.0070,0.0070,0.0070,0.0070,0.0070,0.0072,0.0072,0.0072,0.0072,0.0072,0.0072,0.0073,0.0073,0.0073,0.0073,0.0073,0.0073,0.0073,0.0073,0.0074,0.0074,0.0074,0.0074,0.0074,0.0074,0.0074,0.0074,0.0074,0.0074,0.0074,0.0108,0.0108,0.0108,0.0108,0.0108,0.0112,0.0112,0.0112,0.0113,0.0113,0.0114,0.0114,0.0114,0.0114,0.0114,0.0114,0.0114,0.0114,0.0114,0.0114,0.0115,0.0115,0.0115,0.0115,0.0115,0.0116,0.0116,0.0116,0.0116,0.0116,0.0116,0.0116,0.0117,0.0117,0.0117,0.0117,0.0117,0.0117,0.0117,0.0117,0.0117,0.0117,0.0118,0.0118,0.0118,0.0118,0.0118,0.0118,0.0118,0.0118,0.0118,0.0118,0.0118,0.0118,0.0118,0.0118,0.0124,0.0124,0.0124,0.0126,0.0129,0.0129,0.0129,0.0129,0.0129,0.0129,0.0130,0.0130,0.0130,0.0140,0.0140,0.0140,0.0140,0.0140,0.0140,0.0140,0.0140,0.0140,0.0140,0.0140,0.0140,0.0141,0.0141,0.0141,0.0141,0.0141,0.0141,0.0141,0.0141,0.0141,0.0141,0.0141,0.0141,0.0141,0.0141,0.0141,0.0141,0.0141,0.0141,0.0141,0.0141,0.0141,0.0141,0.0141,0.0141,0.0141,0.0141,0.0141,0.0141,0.0141,0.0141,0.0141,0.0141,0.0141,0.0141,0.0141,0.0141,0.0141,0.0141,0.0141,0.0141,0.0141,0.0141,0.0141,0.0141,0.0141,0.0141,0.0141,0.0141,0.0141,0.0141,0.0141,0.0141,0.0141
45116.2500000,0.0042,0.0042,0.0042,0.0042,0.0042,0.0043,0.0043,0.0050,0.0050,0.0050,0.0050,0.0050,0.0050,0.0055,0.0055,0.0055,0.0055,0.0056,0.0056,0.0056,0.0056,0.0056,0.0056,0.0056,0.0056,0.0056,0.0056,0.0056,0.0057,0.0057,0.0057,0.0057,0.0057,0.0057,0.0057,0.0057,0.0057,0.0057,0.0057,0.0061,0.0061,0.0061,0.0061,0.0061,0.0061,0.0061,0.0061,0.0065,0.0065,0.0065,0.0066,0.0066,0.0066,0.0066,0.0066,0.0066,0.0066,0.0066,0.0067,0.0067,0.0067,0.0067,0.0067,0.0067,0.0067,0.0067,0.0067,0.0069,0.0069,0.0069,0.0070,0.0070,0.0070,0.0070,0.0070,0.0070,0.0070,0.0071,0.0071,0.0072,0.0072,0.0072,0.0072,0.0073,0.0073,0.0073,0.0073,0.0073,0.0073,0.0073,0.0073,0.0074,0.0074,0.0074,0.0074,0.0074,0.0074,0.0074,0.0074,0.0074,0.0074,0.0074,0.0108,0.0108,0.0108,0.0108,0.0108,0.0112,0.0112,0.0112,0.0113,0.0113,0.0114,0.0114,0.0114,0.0114,0.0114,0.0114,0.0114,0.0114,0.0114,0.0114,0.0115,0.0115,0.0115,0.0115,0.0115,0.0116,0.0116,0.0116,0.0116,0.0116,0.0116,0.0116,0.0117,0.0117,0.0117,0.0117,0.0117,0.0117,0.0117,0.0117,0.0117,0.0117,0.0118,0.0118,0.0118,0.0118,0.0118,0.0118,0.0118,0.0118,0.0118,0.0118,0.0118,0.0118,0.0118,0.0118,0.0124,0.0124,0.0124,0.0126,0.0129,0.0129,0.0129,0.0129,0.0129,0.0129,0.0129,0.0129,0.0129,0.0139,0.0140,0.0140,0.0140,0.0140,0.0140,0.0140,0.0140,0.0140,0.0140,0.0140,0.0140,0.0140,0.0140,0.0140,0.0140,0.0140,0.0141,0.0141,0.0141,0.0141,0.0141,0.0141,0.0141,0.0141,0.0141,0.0141,0.0141,0.0141,0.0141,0.0141,0.0141,0.0141,0.0141,0.0141,0.0141,0.0141,0.0141,0.0141,0.0141,0.0141,0.0141,0.0141,0.0141,0.0141,0.0141,0.0141,0.0141,0.0141,0.0141,0.0141,0.0141,0.0141,0.0141,0.0141,0.0141,0.0141,0.0141,0.0141,0.0141,0.0141,0.0141,0.0141,0.0141,0.0141
45116.2916667,0.0042,0.0042,0.0042,0.0042,0.0042,0.0043,0.0043,0.0050,0.0050,0.0050,0.0050,0.0050,0.0050,0.0055,0.0055,0.0055,0.0055,0.0056,0.0056,0.0056,0.0056,0.0056,0.0056,0.0056,0.0056,0.0056,0.0056,0.0056,0.0057,0.0057,0.0057,0.0057,0.0057,0.0057,0.0057,0.0057,0.0057,0.0057,0.0057,0.0061,0.0061,0.0061,0.0061,0.0061,0.0061,0.0061,0.0061,0.0065,0.0065,0.0065,0.0066,0.0066,0.0066,0.0066,0.0066,0.0066,0.0066,0.0066,0.0067,0.0067,0.0067,0.0067,0.0067,0.0067,0.0067,0.0067,0.0067,0.0069,0.0069,0.0069,0.0069,0.0069,0.0069,0.0070,0.0070,0.0070,0.0070,0.0071,0.0071,0.0071,0.0071,0.0072,0.0072,0.0073,0.0073,0.0073,0.0073,0.0073,0.0073,0.0073,0.0073,0.0074,0.0074,0.0074,0.0074,0.0074,0.0074,0.0074,0.0074,0.0074,0.0074,0.0074,0.0108,0.0108,0.0108,0.0108,0.0108,0.0112,0.0112,0.0112,0.0113,0.0113,0.0114,0.0114,0.0114,0.0114,0.0114,0.0114,0.0114,0.0114,0.0114,0.0114,0.0115,0.0115,0.0115,0.0115,0.0115,0.0116,0.0116,0.0116,0.0116,0.0116,0.0116,0.0116,0.0117,0.0117,0.0117,0.0117,0.0117,0.0117,0.0117,0.0117,0.0117,0.0117,0.0117,0.0118,0.0118,0.0118,0.0118,0.0118,0.0118,0.0118,0.0118,0.0118,0.0118,0.0118,0.0118,0.0118,0.0124,0.0124,0.0124,0.0126,0.0129,0.0129,0.0129,0.0129,0.0129,0.0129,0.0129,0.0129,0.0129,0.0139,0.0140,0.0140,0.0140,0.0140,0.0140,0.0140,0.0140,0.0140,0.0140,0.0140,0.0140,0.0140,0.0140,0.0140,0.0140,0.0140,0.0140,0.0140,0.0140,0.0140,0.0140,0.0140,0.0140,0.0140,0.0140,0.0140,0.0141,0.0141,0.0141,0.0141,0.0141,0.0141,0.0141,0.0141,0.0141,0.0141,0.0141,0.0141,0.0141,0.0141,0.0141,0.0141,0.0141,0.0141,0.0141,0.0141,0.0141,0.0141,0.0141,0.0141,0.0141,0.0141,0.0141,0.0141,0.0141,0.0141,0.0141,0.0141,0.0141,0.0141,0.0141,0.0141,0.0141,0.0141
45116.3333333,0.0042,0.0042,0.0042,0.0042,0.0042,0.0043,0.0043,0.0050,0.0050,0.0050,0.0050,0.0050,0.0050,0.0055,0.0055,0.0055,0.0055,0.0056,0.0056,0.0056,0.0056,0.0056,0.0056,0.0056,0.0056,0.0056,0.0056,0.0056,0.0057,0.0057,0.0057,0.0057,0.0057,0.0057,0.0057,0.0057,0.0057,0.0057,0.0057,0.0061,0.0061,0.0061,0.0061,0.0061,0.0061,0.0061,0.0061,0.0065,0.0065,0.0065,0.0066,0.0066,0.0066,0.0066,0.0066,0.0066,0.0066,0.0066,0.0067,0.0067,0.0067,0.0067,0.0067,0.0067,0.0067,0.0067,0.0067,0.0069,0.0069,0.0069,0.0069,0.0069,0.0069,0.0069,0.0069,0.0070,0.0070,0.0071,0.0071,0.0071,0.0071,0.0071,0.0071,0.0072,0.0072,0.0073,0.0073,0.0073,0.0073,0.0073,0.0073,0.0074,0.0074,0.0074,0.0074,0.0074,0.0074,0.0074,0.0074,0.0074,0.0074,0.0074,0.0107,0.0107,0.0107,0.0108,0.0108,0.0112,0.0112,0.0112,0.0112,0.0112,0.0114,0.0114,0.0114,0.0114,0.0114,0.0114,0.0114,0.0114,0.0114,0.0114,0.0115,0.0115,0.0115,0.0115,0.0115,0.0116,0.0116,0.0116,0.0116,0.0116,0.0116,0.0116,0.0117,0.0117,0.0117,0.0117,0.0117,0.0117,0.0117,0.0117,0.0117,0.0117,0.0117,0.0117,0.0118,0.0118,0.0118,0.0118,0.0118,0.0118,0.0118,0.0118,0.0118,0.0118,0.0118,0.0118,0.0124,0.0124,0.0124,0.0126,0.0129,0.0129,0.0129,0.0129,0.0129,0.0129,0.0129,0.0129,0.0129,0.0139,0.0140,0.0140,0.0140,0.0140,0.0140,0.0140,0.0140,0.0140,0.0140,0.0140,0.0140,0.0140,0.0140,0.0140,0.0140,0.0140,0.0140,0.0140,0.0140,0.0140,0.0140,0.0140,0.0140,0.0140,0.0140,0.0140,0.0140,0.0140,0.0140,0.0140,0.0140,0.0140,0.0140,0.0140,0.0141,0.0141,0.0141,0.0141,0.0141,0.0141,0.0141,0.0141,0.0141,0.0141,0.0141,0.0141,0.0141,0.0141,0.0141,0.0141,0.0141,0.0141,0.0141,0.0141,0.0141,0.0141,0.0141,0.0141,0.0141,0.0141,0.0141,0.0141,0.0141,0.0141
45116.3750000,0.0042,0.0042,0.0042,0.0042,0.0042,0.0043,0.0043,0.0050,0.0050,0.0050,0.0050,0.0050,0.0050,0.0055,0.0055,0.0055,0.0055,0.0056,0.0056,0.0056,0.0056,0.0056,0.0056,0.0056,0.0056,0.0056,0.0056,0.0056,0.0057,0.0057,0.0057,0.0057,0.0057,0.0057,0.0057,0.0057,0.0057,0.0057,0.0057,0.0061,0.0061,0.0061,0.0061,0.0061,0.0061,0.0061,0.0061,0.0065,0.0065,0.0065,0.0066,0.0066,0.0066,0.0066,0.0066,0.0066,0.0066,0.0066,0.0067,0.0067,0.0067,0.0067,0.0067,0.0067,0.0067,0.0067,0.0067,0.0069,0.0069,0.0069,0.0069,0.0069,0.0069,0.0069,0.0069,0.0069,0.0070,0.0071,0.0071,0.0071,0.0071,0.0071,0.0071,0.0072,0.0072,0.0073,0.0073,0.0073,0.0073,0.0073,0.0073,0.0074,0.0074,0.0074,0.0074,0.0074,0.0074,0.0074,0.0074,0.0074,0.0074,0.0074,0.0107,0.0107,0.0107,0.0107,0.0107,0.0112,0.0112,0.0112,0.0112,0.0112,0.0113,0.0113,0.0114,0.0114,0.0114,0.0114,0.0114,0.0114,0.0114,0.0114,0.0115,0.0115,0.0115,0.0115,0.0115,0.0116,0.0116,0.0116,0.0116,0.0116,0.0116,0.0116,0.0116,0.0117,0.0117,0.0117,0.0117,0.0117,0.0117,0.0117,0.0117,0.0117,0.0117,0.0117,0.0117,0.0118,0.0118,0.0118,0.0118,0.0118,0.0118,0.0118,0.0118,0.0118,0.0118,0.0118,0.0124,0.0124,0.0124,0.0126,0.0129,0.0129,0.0129,0.0129,0.0129,0.0129,0.0129,0.0129,0.0129,0.0139,0.0139,0.0140,0.0140,0.0140,0.0140,0.0140,0.0140,0.0140,0.0140,0.0140,0.0140,0.0140,0.0140,0.0140,0.0140,0.0140,0.0140,0.0140,0.0140,0.0140,0.0140,0.0140,0.0140,0.0140,0.0140,0.0140,0.0140,0.0140,0.0140,0.0140,0.0140,0.0140,0.0140,0.0140,0.0140,0.0140,0.0140,0.0141,0.0141,0.0141,0.0141,0.0141,0.0141,0.0141,0.0141,0.0141,0.0141,0.0141,0.0141,0.0141,0.0141,0.0141,0.0141,0.0141,0.0141,0.0141,0.0141,0.0141,0.0141,0.0141,0.0141,0.0141,0.0141,0.0141
45116.4166667,0.0042,0.0042,0.0042,0.0042,0.0042,0.0043,0.0043,0.0050,0.0050,0.0050,0.0050,0.0050,0.0050,0.0055,0.0055,0.0055,0.0055,0.0056,0.0056,0.0056,0.0056,0.0056,0.0056,0.0056,0.0056,0.0056,0.0056,0.0056,0.0057,0.0057,0.0057,0.0057,0.0057,0.0057,0.0057,0.0057,0.0057,0.0057,0.0057,0.0061,0.0061,0.0061,0.0061,0.0061,0.0061,0.0061,0.0061,0.0065,0.0065,0.0065,0.0066,0.0066,0.0066,0.0066,0.0066,0.0066,0.0066,0.0066,0.0067,0.0067,0.0067,0.0067,0.0067,0.0067,0.0067,0.0067,0.0067,0.0069,0.0069,0.0069,0.0069,0.0069,0.0069,0.0069,0.0069,0.0069,0.0069,0.0071,0.0071,0.0071,0.0071,0.0071,0.0071,0.0072,0.0072,0.0072,0.0073,0.0073,0.0073,0.0073,0.0073,0.0073,0.0073,0.0073,0.0073,0.0074,0.0074,0.0074,0.0074,0.0074,0.0074,0.0074,0.0107,0.0107,0.0107,0.0107,0.0107,0.0111,0.0111,0.0112,0.0112,0.0112,0.0113,0.0113,0.0113,0.0113,0.0114,0.0114,0.0114,0.0114,0.0114,0.0114,0.0115,0.0115,0.0115,0.0115,0.0115,0.0115,0.0115,0.0115,0.0116,0.0116,0.0116,0.0116,0.0116,0.0116,0.0116,0.0117,0.0117,0.0117,0.0117,0.0117,0.0117,0.0117,0.0117,0.0117,0.0117,0.0118,0.0118,0.0118,0.0118,0.0118,0.0118,0.0118,0.0118,0.0118,0.0118,0.0118,0.0124,0.0124,0.0124,0.0126,0.0129,0.0129,0.0129,0.0129,0.0129,0.0129,0.0129,0.0129,0.0129,0.0139,0.0139,0.0139,0.0140,0.0140,0.0140,0.0140,0.0140,0.0140,0.0140,0.0140,0.0140,0.0140,0.0140,0.0140,0.0140,0.0140,0.0140,0.0140,0.0140,0.0140,0.0140,0.0140,0.0140,0.0140,0.0140,0.0140,0.0140,0.0140,0.0140,0.0140,0.0140,0.0140,0.0140,0.0140,0.0140,0.0140,0.0140,0.0140,0.0140,0.0141,0.0141,0.0141,0.0141,0.0141,0.0141,0.0141,0.0141,0.0141,0.0141,0.0141,0.0141,0.0141,0.0141,0.0141,0.0141,0.0141,0.0141,0.0141,0.0141,0.0141,0.0141,0.0141,0.0141,0.0141
45116.4583333,0.0042,0.0042,0.0042,0.0042,0.0042,0.0043,0.0043,0.0050,0.0050,0.0050,0.0050,0.0050,0.0050,0.0055,0.0055,0.0055,0.0055,0.0056,0.0056,0.0056,0.0056,0.0056,0.0056,0.0056,0.0056,0.0056,0.0056,0.0056,0.0057,0.0057,0.0057,0.0057,0.0057,0.0057,0.0057,0.0057,0.0057,0.0057,0.0057,0.0061,0.0061,0.0061,0.0061,0.0061,0.0061,0.0061,0.0061,0.0065,0.0065,0.0065,0.0066,0.0066,0.0066,0.0066,0.0066,0.0066,0.0066,0.0066,0.0067,0.0067,0.0067,0.0067,0.0067,0.0067,0.0067,0.0067,0.0067,0.0069,0.0069,0.0069,0.0069,0.0069,0.0069,0.0069,0.0069,0.0069,0.0069,0.0071,0.0071,0.0071,0.0071,0.0071,0.0071,0.0072,0.0072,0.0072,0.0073,0.0073,0.0073,0.0073,0.0073,0.0073,0.0073,0.0073,0.0073,0.0074,0.0074,0.0074,0.0074,0.0074,0.0074,0.0074,0.0107,0.0107,0.0107,0.0107,0.0107,0.0111,0.0111,0.0112,0.0112,0.0112,0.0113,0.0113,0.0113,0.0113,0.0113,0.0113,0.0114,0.0114,0.0114,0.0114,0.0114,0.0115,0.0115,0.0115,0.0115,0.0115,0.0115,0.0115,0.0115,0.0115,0.0115,0.0115,0.0116,0.0116,0.0116,0.0116,0.0117,0.0117,0.0117,0.0117,0.0117,0.0117,0.0117,0.0117,0.0117,0.0118,0.0118,0.0118,0.0118,0.0118,0.0118,0.0118,0.0118,0.0118,0.0118,0.0118,0.0124,0.0124,0.0124,0.0126,0.0129,0.0129,0.0129,0.0129,0.0129,0.0129,0.0129,0.0129,0.0129,0.0139,0.0139,0.0139,0.0140,0.0140,0.0140,0.0140,0.0140,0.0140,0.0140,0.0140,0.0140,0.0140,0.0140,0.0140,0.0140,0.0140,0.0140,0.0140,0.0140,0.0140,0.0140,0.0140,0.0140,0.0140,0.0140,0.0140,0.0140,0.0140,0.0140,0.0140,0.0140,0.0140,0.0140,0.0140,0.0140,0.0140,0.0140,0.0140,0.0140,0.0140,0.0141,0.0141,0.0141,0.0141,0.0141,0.0141,0.0141,0.0141,0.0141,0.0141,0.0141,0.0141,0.0141,0.0141,0.0141,0.0141,0.0141,0.0141,0.0141,0.0141,0.0141,0.0141,0.0141,0.0141
45116.5000000,0.0042,0.0042,0.0042,0.0042,0.0042,0.0043,0.0043,0.0050,0.0050,0.0050,0.0050,0.0050,0.0050,0.0055,0.0055,0.0055,0.0055,0.0056,0.0056,0.0056,0.0056,0.0056,0.0056,0.0056,0.0056,0.0056,0.0056,0.0056,0.0057,0.0057,0.0057,0.0057,0.0057,0.0057,0.0057,0.0057,0.0057,0.0057,0.0057,0.0061,0.0061,0.0061,0.0061,0.0061,0.0061,0.0061,0.0061,0.0065,0.0065,0.0065,0.0066,0.0066,0.0066,0.0066,0.0066,0.0066,0.0066,0.0066,0.0067,0.0067,0.0067,0.0067,0.0067,0.0067,0.0067,0.0067,0.0067,0.0069,0.0069,0.0069,0.0069,0.0069,0.0069,0.0069,0.0069,0.0069,0.0069,0.0071,0.0071,0.0071,0.0071,0.0071,0.0071,0.0072,0.0072,0.0072,0.0073,0.0073,0.0073,0.0073,0.0073,0.0073,0.0073,0.0073,0.0073,0.0074,0.0074,0.0074,0.0074,0.0074,0.0074,0.0074,0.0107,0.0107,0.0107,0.0107,0.0107,0.0111,0.0111,0.0112,0.0112,0.0112,0.0113,0.0113,0.0113,0.0113,0.0113,0.0113,0.0114,0.0114,0.0114,0.0114,0.0114,0.0114,0.0114,0.0115,0.0115,0.0115,0.0115,0.0115,0.0115,0.0115,0.0115,0.0115,0.0116,0.0116,0.0116,0.0116,0.0116,0.0116,0.0117,0.0117,0.0117,0.0117,0.0117,0.0117,0.0117,0.0117,0.0117,0.0117,0.0117,0.0117,0.0118,0.0118,0.0118,0.0118,0.0118,0.0118,0.0124,0.0124,0.0124,0.0126,0.0129,0.0129,0.0129,0.0129,0.0129,0.0129,0.0129,0.0129,0.0129,0.0139,0.0139,0.0139,0.0140,0.0140,0.0140,0.0140,0.0140,0.0140,0.0140,0.0140,0.0140,0.0140,0.0140,0.0140,0.0140,0.0140,0.0140,0.0140,0.0140,0.0140,0.0140,0.0140,0.0140,0.0140,0.0140,0.0140,0.0140,0.0140,0.0140,0.0140,0.0140,0.0140,0.0140,0.0140,0.0140,0.0140,0.0140,0.0140,0.0140,0.0140,0.0140,0.0140,0.0140,0.0141,0.0141,0.0141,0.0141,0.0141,0.0141,0.0141,0.0141,0.0141,0.0141,0.0141,0.0141,0.0141,0.0141,0.0141,0.0141,0.0141,0.0141,0.0141,0.0141,0.0141
45116.5416667,0.0042,0.0042,0.0042,0.0042,0.0042,0.0043,0.0043,0.0050,0.0050,0.0050,0.0050,0.0050,0.0050,0.0055,0.0055,0.0055,0.0055,0.0056,0.0056,0.0056,0.0056,0.0056,0.0056,0.0056,0.0056,0.0056,0.0056,0.0056,0.0057,0.0057,0.0057,0.0057,0.0057,0.0057,0.0057,0.0057,0.0057,0.0057,0.0057,0.0061,0.0061,0.0061,0.0061,0.0061,0.0061,0.0061,0.0061,0.0065,0.0065,0.0065,0.0066,0.0066,0.0066,0.0066,0.0066,0.0066,0.0066,0.0066,0.0067,0.0067,0.0067,0.0067,0.0067,0.0067,0.0067,0.0067,0.0067,0.0069,0.0069,0.0069,0.0069,0.0069,0.0069,0.0069,0.0069,0.0069,0.0069,0.0071,0.0071,0.0071,0.0071,0.0071,0.0071,0.0072,0.0072,0.0072,0.0073,0.0073,0.0073,0.0073,0.0073,0.0073,0.0073,0.0073,0.0073,0.0074,0.0074,0.0074,0.0074,0.0074,0.0074,0.0074,0.0107,0.0107,0.0107,0.0107,0.0107,0.0111,0.0111,0.0112,0.0112,0.0112,0.0113,0.0113,0.0113,0.0113,0.0113,0.0113,0.0114,0.0114,0.0114,0.0114,0.0114,0.0114,0.0114,0.0115,0.0115,0.0115,0.0115,0.0115,0.0115,0.0115,0.0115,0.0115,0.0116,0.0116,0.0116,0.0116,0.0116,0.0116,0.0116,0.0116,0.0116,0.0117,0.0117,0.0117,0.0117,0.0117,0.0117,0.0117,0.0117,0.0117,0.0117,0.0117,0.0117,0.0117,0.0118,0.0118,0.0123,0.0123,0.0124,0.0125,0.0128,0.0128,0.0129,0.0129,0.0129,0.0129,0.0129,0.0129,0.0129,0.0139,0.0139,0.0139,0.0139,0.0139,0.0139,0.0140,0.0140,0.0140,0.0140,0.0140,0.0140,0.0140,0.0140,0.0140,0.0140,0.0140,0.0140,0.0140,0.0140,0.0140,0.0140,0.0140,0.0140,0.0140,0.0140,0.0140,0.0140,0.0140,0.0140,0.0140,0.0140,0.0140,0.0140,0.0140,0.0140,0.0140,0.0140,0.0140,0.0140,0.0140,0.0140,0.0140,0.0140,0.0140,0.0140,0.0140,0.0141,0.0141,0.0141,0.0141,0.0141,0.0141,0.0141,0.0141,0.0141,0.0141,0.0141,0.0141,0.0141,0.0141,0.0141,0.0141,0.0141,0.0141
45116.5833333,0.0042,0.0042,0.0042,0.0042,0.0042,0.0043,0.0043,0.0050,0.0050,0.0050,0.0050,0.0050,0.0050,0.0055,0.0055,0.0055,0.0055,0.0056,0.0056,0.0056,0.0056,0.0056,0.0056,0.0056,0.0056,0.0056,0.0056,0.0056,0.0057,0.0057,0.0057,0.0057,0.0057,0.0057,0.0057,0.0057,0.0057,0.0057,0.0057,0.0061,0.0061,0.0061,0.0061,0.0061,0.0061,0.0061,0.0061,0.0065,0.0065,0.0065,0.0066,0.0066,0.0066,0.0066,0.0066,0.0066,0.0066,0.0066,0.0067,0.0067,0.0067,0.0067,0.0067,0.0067,0.0067,0.0067,0.0067,0.0069,0.0069,0.0069,0.0069,0.0069,0.0069,0.0069,0.0069,0.0069,0.0069,0.0071,0.0071,0.0071,0.0071,0.0071,0.0071,0.0072,0.0072,0.0072,0.0073,0.0073,0.0073,0.0073,0.0073,0.0073,0.0073,0.0073,0.0073,0.0074,0.0074,0.0074,0.0074,0.0074,0.0074,0.0074,0.0107,0.0107,0.0107,0.0107,0.0107,0.0111,0.0111,0.0112,0.0112,0.0112,0.0113,0.0113,0.0113,0.0113,0.0113,0.0113,0.0114,0.0114,0.0114,0.0114,0.0114,0.0114,0.0114,0.0114,0.0115,0.0115,0.0115,0.0115,0.0115,0.0115,0.0115,0.0115,0.0116,0.0116,0.0116,0.0116,0.0116,0.0116,0.0116,0.0116,0.0116,0.0116,0.0117,0.0117,0.0117,0.0117,0.0117,0.0117,0.0117,0.0117,0.0117,0.0117,0.0117,0.0117,0.0117,0.0117,0.0123,0.0123,0.0123,0.0125,0.0128,0.0128,0.0128,0.0128,0.0128,0.0129,0.0129,0.0129,0.0129,0.0139,0.0139,0.0139,0.0139,0.0139,0.0139,0.0139,0.0139,0.0139,0.0139,0.0139,0.0139,0.0140,0.0140,0.0140,0.0140,0.0140,0.0140,0.0140,0.0140,0.0140,0.0140,0.0140,0.0140,0.0140,0.0140,0.0140,0.0140,0.0140,0.0140,0.0140,0.0140,0.0140,0.0140,0.0140,0.0140,0.0140,0.0140,0.0140,0.0140,0.0140,0.0140,0.0140,0.0140,0.0140,0.0140,0.0140,0.0140,0.0140,0.0140,0.0140,0.0141,0.0141,0.0141,0.0141,0.0141,0.0141,0.0141,0.0141,0.0141,0.0141,0.0141,0.0141,0.0141,0.0141
45116.6250000,0.0042,0.0042,0.0042,0.0042,0.0042,0.0043,0.0043,0.0050,0.0050,0.0050,0.0050,0.0050,0.0050,0.0055,0.0055,0.0055,0.0055,0.0056,0.0056,0.0056,0.0056,0.0056,0.0056,0.0056,0.0056,0.0056,0.0056,0.0056,0.0057,0.0057,0.0057,0.0057,0.0057,0.0057,0.0057,0.0057,0.0057,0.0057,0.0057,0.0061,0.0061,0.0061,0.0061,0.0061,0.0061,0.0061,0.0061,0.0065,0.0065,0.0065,0.0066,0.0066,0.0066,0.0066,0.0066,0.0066,0.0066,0.0066,0.0067,0.0067,0.0067,0.0067,0.0067,0.0067,0.0067,0.0067,0.0067,0.0069,0.0069,0.0069,0.0069,0.0069,0.0069,0.0069,0.0069,0.0069,0.0069,0.0071,0.0071,0.0071,0.0071,0.0071,0.0071,0.0072,0.0072,0.0072,0.0073,0.0073,0.0073,0.0073,0.0073,0.0073,0.0073,0.0073,0.0073,0.0074,0.0074,0.0074,0.0074,0.0074,0.0074,0.0074,0.0107,0.0107,0.0107,0.0107,0.0107,0.0111,0.0111,0.0112,0.0112,0.0112,0.0113,0.0113,0.0113,0.0113,0.0113,0.0113,0.0114,0.0114,0.0114,0.0114,0.0114,0.0114,0.0114,0.0114,0.0115,0.0115,0.0115,0.0115,0.0115,0.0115,0.0115,0.0115,0.0116,0.0116,0.0116,0.0116,0.0116,0.0116,0.0116,0.0116,0.0116,0.0116,0.0117,0.0117,0.0117,0.0117,0.0117,0.0117,0.0117,0.0117,0.0117,0.0117,0.0117,0.0117,0.0117,0.0117,0.0123,0.0123,0.0123,0.0125,0.0128,0.0128,0.0128,0.0128,0.0128,0.0128,0.0128,0.0129,0.0129,0.0139,0.0139,0.0139,0.0139,0.0139,0.0139,0.0139,0.0139,0.0139,0.0139,0.0139,0.0139,0.0139,0.0140,0.0140,0.0140,0.0140,0.0140,0.0140,0.0140,0.0140,0.0140,0.0140,0.0140,0.0140,0.0140,0.0140,0.0140,0.0140,0.0140,0.0140,0.0140,0.0140,0.0140,0.0140,0.0140,0.0140,0.0140,0.0140,0.0140,0.0140,0.0140,0.0140,0.0140,0.0140,0.0140,0.0140,0.0140,0.0140,0.0140,0.0140,0.0140,0.0140,0.0140,0.0140,0.0140,0.0140,0.0141,0.0141,0.0141,0.0141,0.0141,0.0141,0.0141,0.0141
45116.6666667,0.0042,0.0042,0.0042,0.0042,0.0042,0.0043,0.0043,0.0050,0.0050,0.0050,0.0050,0.0050,0.0050,0.0055,0.0055,0.0055,0.0055,0.0056,0.0056,0.0056,0.0056,0.0056,0.0056,0.0056,0.0056,0.0056,0.0056,0.0056,0.0057,0.0057,0.0057,0.0057,0.0057,0.0057,0.0057,0.0057,0.0057,0.0057,0.0057,0.0061,0.0061,0.0061,0.0061,0.0061,0.0061,0.0061,0.0061,0.0065,0.0065,0.0065,0.0066,0.0066,0.0066,0.0066,0.0066,0.0066,0.0066,0.0066,0.0067,0.0067,0.0067,0.0067,0.0067,0.0067,0.0067,0.0067,0.0067,0.0069,0.0069,0.0069,0.0069,0.0069,0.0069,0.0069,0.0069,0.0069,0.0069,0.0071,0.0071,0.0071,0.0071,0.0071,0.0071,0.0072,0.0072,0.0072,0.0073,0.0073,0.0073,0.0073,0.0073,0.0073,0.0073,0.0073,0.0073,0.0074,0.0074,0.0074,0.0074,0.0074,0.0074,0.0074,0.0107,0.0107,0.0107,0.0107,0.0107,0.0111,0.0111,0.0112,0.0112,0.0112,0.0113,0.0113,0.0113,0.0113,0.0113,0.0113,0.0114,0.0114,0.0114,0.0114,0.0114,0.0114,0.0114,0.0114,0.0115,0.0115,0.0115,0.0115,0.0115,0.0115,0.0115,0.0115,0.0116,0.0116,0.0116,0.0116,0.0116,0.0116,0.0116,0.0116,0.0116,0.0116,0.0117,0.0117,0.0117,0.0117,0.0117,0.0117,0.0117,0.0117,0.0117,0.0117,0.0117,0.0117,0.0117,0.0117,0.0123,0.0123,0.0123,0.0125,0.0128,0.0128,0.0128,0.0128,0.0128,0.0128,0.0128,0.0129,0.0129,0.0139,0.0139,0.0139,0.0139,0.0139,0.0139,0.0139,0.0139,0.0139,0.0139,0.0139,0.0139,0.0139,0.0139,0.0139,0.0139,0.0139,0.0139,0.0139,0.0139,0.0139,0.0139,0.0140,0.0140,0.0140,0.0140,0.0140,0.0140,0.0140,0.0140,0.0140,0.0140,0.0140,0.0140,0.0140,0.0140,0.0140,0.0140,0.0140,0.0140,0.0140,0.0140,0.0140,0.0140,0.0140,0.0140,0.0140,0.0140,0.0140,0.0140,0.0140,0.0140,0.0140,0.0140,0.0140,0.0140,0.0140,0.0140,0.0140,0.0140,0.0140,0.0140,0.0140,0.0140,0.0140
45116.7083333,0.0042,0.0042,0.0042,0.0042,0.0042,0.0043,0.0043,0.0050,0.0050,0.0050,0.0050,0.0050,0.0050,0.0055,0.0055,0.0055,0.0055,0.0056,0.0056,0.0056,0.0056,0.0056,0.0056,0.0056,0.0056,0.0056,0.0056,0.0056,0.0057,0.0057,0.0057,0.0057,0.0057,0.0057,0.0057,0.0057,0.0057,0.0057,0.0057,0.0061,0.0061,0.0061,0.0061,0.0061,0.0061,0.0061,0.0061,0.0065,0.0065,0.0065,0.0066,0.0066,0.0066,0.0066,0.0066,0.0066,0.0066,0.0066,0.0067,0.0067,0.0067,0.0067,0.0067,0.0067,0.0067,0.0067,0.0067,0.0069,0.0069,0.0069,0.0069,0.0069,0.0069,0.0069,0.0069,0.0069,0.0069,0.0071,0.0071,0.0071,0.0071,0.0071,0.0071,0.0072,0.0072,0.0072,0.0073,0.0073,0.0073,0.0073,0.0073,0.0073,0.0073,0.0073,0.0073,0.0074,0.0074,0.0074,0.0074,0.0074,0.0074,0.0074,0.0107,0.0107,0.0107,0.0107,0.0107,0.0111,0.0111,0.0112,0.0112,0.0112,0.0113,0.0113,0.0113,0.0113,0.0113,0.0113,0.0114,0.0114,0.0114,0.0114,0.0114,0.0114,0.0114,0.0114,0.0115,0.0115,0.0115,0.0115,0.0115,0.0115,0.0115,0.0115,0.0116,0.0116,0.0116,0.0116,0.0116,0.0116,0.0116,0.0116,0.0116,0.0116,0.0117,0.0117,0.0117,0.0117,0.0117,0.0117,0.0117,0.0117,0.0117,0.0117,0.0117,0.0117,0.0117,0.0117,0.0123,0.0123,0.0123,0.0125,0.0128,0.0128,0.0128,0.0128,0.0128,0.0128,0.0128,0.0128,0.0129,0.0138,0.0139,0.0139,0.0139,0.0139,0.0139,0.0139,0.0139,0.0139,0.0139,0.0139,0.0139,0.0139,0.0139,0.0139,0.0139,0.0139,0.0139,0.0139,0.0139,0.0139,0.0139,0.0139,0.0139,0.0139,0.0139,0.0139,0.0139,0.0140,0.0140,0.0140,0.0140,0.0140,0.0140,0.0140,0.0140,0.0140,0.0140,0.0140,0.0140,0.0140,0.0140,0.0140,0.0140,0.0140,0.0140,0.0140,0.0140,0.0140,0.0140,0.0140,0.0140,0.0140,0.0140,0.0140,0.0140,0.0140,0.0140,0.0140,0.0140,0.0140,0.0140,0.0140,0.0140,0.0140
45116.7500000,0.0042,0.0042,0.0042,0.0042,0.0042,0.0043,0.0043,0.0050,0.0050,0.0050,0.0050,0.0050,0.0050,0.0055,0.0055,0.0055,0.0055,0.0056,0.0056,0.0056,0.0056,0.0056,0.0056,0.0056,0.0056,0.0056,0.0056,0.0056,0.0057,0.0057,0.0057,0.0057,0.0057,0.0057,0.0057,0.0057,0.0057,0.0057,0.0057,0.0061,0.0061,0.0061,0.0061,0.0061,0.0061,0.0061,0.0061,0.0065,0.0065,0.0065,0.0066,0.0066,0.0066,0.0066,0.0066,0.0066,0.0066,0.0066,0.0067,0.0067,0.0067,0.0067,0.0067,0.0067,0.0067,0.0067,0.0067,0.0069,0.0069,0.0069,0.0069,0.0069,0.0069,0.0069,0.0069,0.0069,0.0069,0.0071,0.0071,0.0071,0.0071,0.0071,0.0071,0.0072,0.0072,0.0072,0.0073,0.0073,0.0073,0.0073,0.0073,0.0073,0.0073,0.0073,0.0073,0.0074,0.0074,0.0074,0.0074,0.0074,0.0074,0.0074,0.0107,0.0107,0.0107,0.0107,0.0107,0.0111,0.0111,0.0112,0.0112,0.0112,0.0113,0.0113,0.0113,0.0113,0.0113,0.0113,0.0114,0.0114,0.0114,0.0114,0.0114,0.0114,0.0114,0.0114,0.0115,0.0115,0.0115,0.0115,0.0115,0.0115,0.0115,0.0115,0.0116,0.0116,0.0116,0.0116,0.0116,0.0116,0.0116,0.0116,0.0116,0.0116,0.0117,0.0117,0.0117,0.0117,0.0117,0.0117,0.0117,0.0117,0.0117,0.0117,0.0117,0.0117,0.0117,0.0117,0.0123,0.0123,0.0123,0.0125,0.0128,0.0128,0.0128,0.0128,0.0128,0.0128,0.0128,0.0128,0.0129,0.0138,0.0139,0.0139,0.0139,0.0139,0.0139,0.0139,0.0139,0.0139,0.0139,0.0139,0.0139,0.0139,0.0139,0.0139,0.0139,0.0139,0.0139,0.0139,0.0139,0.0139,0.0139,0.0139,0.0139,0.0139,0.0139,0.0139,0.0139,0.0139,0.0139,0.0139,0.0139,0.0140,0.0140,0.0140,0.0140,0.0140,0.0140,0.0140,0.0140,0.0140,0.0140,0.0140,0.0140,0.0140,0.0140,0.0140,0.0140,0.0140,0.0140,0.0140,0.0140,0.0140,0.0140,0.0140,0.0140,0.0140,0.0140,0.0140,0.0140,0.0140,0.0140,0.0140,0.0140,0.0140
45116.7916667,0.0042,0.0042,0.0042,0.0042,0.0042,0.0043,0.0043,0.0050,0.0050,0.0050,0.0050,0.0050,0.0050,0.0055,0.0055,0.0055,0.0055,0.0056,0.0056,0.0056,0.0056,0.0056,0.0056,0.0056,0.0056,0.0056,0.0056,0.0056,0.0057,0.0057,0.0057,0.0057,0.0057,0.0057,0.0057,0.0057,0.0057,0.0057,0.0057,0.0061,0.0061,0.0061,0.0061,0.0061,0.0061,0.0061,0.0061,0.0065,0.0065,0.0065,0.0066,0.0066,0.0066,0.0066,0.0066,0.0066,0.0066,0.0066,0.0067,0.0067,0.0067,0.0067,0.0067,0.0067,0.0067,0.0067,0.0067,0.0069,0.0069,0.0069,0.0069,0.0069,0.0069,0.0069,0.0069,0.0069,0.0069,0.0071,0.0071,0.0071,0.0071,0.0071,0.0071,0.0072,0.0072,0.0072,0.0073,0.0073,0.0073,0.0073,0.0073,0.0073,0.0073,0.0073,0.0073,0.0074,0.0074,0.0074,0.0074,0.0074,0.0074,0.0074,0.0107,0.0107,0.0107,0.0107,0.0107,0.0111,0.0111,0.0112,0.0112,0.0112,0.0113,0.0113,0.0113,0.0113,0.0113,0.0113,0.0114,0.0114,0.0114,0.0114,0.0114,0.0114,0.0114,0.0114,0.0115,0.0115,0.0115,0.0115,0.0115,0.0115,0.0115,0.0115,0.0116,0.0116,0.0116,0.0116,0.0116,0.0116,0.0116,0.0116,0.0116,0.0116,0.0117,0.0117,0.0117,0.0117,0.0117,0.0117,0.0117,0.0117,0.0117,0.0117,0.0117,0.0117,0.0117,0.0117,0.0123,0.0123,0.0123,0.0125,0.0128,0.0128,0.0128,0.0128,0.0128,0.0128,0.0128,0.0128,0.0129,0.0138,0.0139,0.0139,0.0139,0.0139,0.0139,0.0139,0.0139,0.0139,0.0139,0.0139,0.0139,0.0139,0.0139,0.0139,0.0139,0.0139,0.0139,0.0139,0.0139,0.0139,0.0139,0.0139,0.0139,0.0139,0.0139,0.0139,0.0139,0.0139,0.0139,0.0139,0.0139,0.0139,0.0140,0.0140,0.0140,0.0140,0.0140,0.0140,0.0140,0.0140,0.0140,0.0140,0.0140,0.0140,0.0140,0.0140,0.0140,0.0140,0.0140,0.0140,0.0140,0.0140,0.0140,0.0140,0.0140,0.0140,0.0140,0.0140,0.0140,0.0140,0.0140,0.0140,0.0140,0.0140
45116.8333333,0.0042,0.0042,0.0042,0.0042,0.0042,0.0043,0.0043,0.0050,0.0050,0.0050,0.0050,0.0050,0.0050,0.0055,0.0055,0.0055,0.0055,0.0056,0.0056,0.0056,0.0056,0.0056,0.0056,0.0056,0.0056,0.0056,0.0056,0.0056,0.0057,0.0057,0.0057,0.0057,0.0057,0.0057,0.0057,0.0057,0.0057,0.0057,0.0057,0.0061,0.0061,0.0061,0.0061,0.0061,0.0061,0.0061,0.0061,0.0065,0.0065,0.0065,0.0066,0.0066,0.0066,0.0066,0.0066,0.0066,0.0066,0.0066,0.0067,0.0067,0.0067,0.0067,0.0067,0.0067,0.0067,0.0067,0.0067,0.0069,0.0069,0.0069,0.0069,0.0069,0.0069,0.0069,0.0069,0.0069,0.0069,0.0071,0.0071,0.0071,0.0071,0.0071,0.0071,0.0072,0.0072,0.0072,0.0073,0.0073,0.0073,0.0073,0.0073,0.0073,0.0073,0.0073,0.0073,0.0074,0.0074,0.0074,0.0074,0.0074,0.0074,0.0074,0.0107,0.0107,0.0107,0.0107,0.0107,0.0111,0.0111,0.0112,0.0112,0.0112,0.0113,0.0113,0.0113,0.0113,0.0113,0.0113,0.0114,0.0114,0.0114,0.0114,0.0114,0.0114,0.0114,0.0114,0.0115,0.0115,0.0115,0.0115,0.0115,0.0115,0.0115,0.0115,0.0116,0.0116,0.0116,0.0116,0.0116,0.0116,0.0116,0.0116,0.0116,0.0116,0.0117,0.0117,0.0117,0.0117,0.0117,0.0117,0.0117,0.0117,0.0117,0.0117,0.0117,0.0117,0.0117,0.0117,0.0123,0.0123,0.0123,0.0125,0.0128,0.0128,0.0128,0.0128,0.0128,0.0128,0.0128,0.0128,0.0129,0.0138,0.0139,0.0139,0.0139,0.0139,0.0139,0.0139,0.0139,0.0139,0.0139,0.0139,0.0139,0.0139,0.0139,0.0139,0.0139,0.0139,0.0139,0.0139,0.0139,0.0139,0.0139,0.0139,0.0139,0.0139,0.0139,0.0139,0.0139,0.0139,0.0139,0.0139,0.0139,0.0139,0.0139,0.0140,0.0140,0.0140,0.0140,0.0140,0.0140,0.0140,0.0140,0.0140,0.0140,0.0140,0.0140,0.0140,0.0140,0.0140,0.0140,0.0140,0.0140,0.0140,0.0140,0.0140,0.0140,0.0140,0.0140,0.0140,0.0140,0.0140,0.0140,0.0140,0.0140,0.0140
45116.8750000,0.0042,0.0042,0.0042,0.0042,0.0042,0.0043,0.0043,0.0050,0.0050,0.0050,0.0050,0.0050,0.0050,0.0055,0.0055,0.0055,0.0055,0.0056,0.0056,0.0056,0.0056,0.0056,0.0056,0.0056,0.0056,0.0056,0.0056,0.0056,0.0057,0.0057,0.0057,0.0057,0.0057,0.0057,0.0057,0.0057,0.0057,0.0057,0.0057,0.0061,0.0061,0.0061,0.0061,0.0061,0.0061,0.0061,0.0061,0.0065,0.0065,0.0065,0.0066,0.0066,0.0066,0.0066,0.0066,0.0066,0.0066,0.0066,0.0067,0.0067,0.0067,0.0067,0.0067,0.0067,0.0067,0.0067,0.0067,0.0069,0.0069,0.0069,0.0069,0.0069,0.0069,0.0069,0.0069,0.0069,0.0069,0.0071,0.0071,0.0071,0.0071,0.0071,0.0071,0.0072,0.0072,0.0072,0.0073,0.0073,0.0073,0.0073,0.0073,0.0073,0.0073,0.0073,0.0073,0.0074,0.0074,0.0074,0.0074,0.0074,0.0074,0.0074,0.0107,0.0107,0.0107,0.0107,0.0107,0.0111,0.0111,0.0112,0.0112,0.0112,0.0113,0.0113,0.0113,0.0113,0.0113,0.0113,0.0114,0.0114,0.0114,0.0114,0.0114,0.0114,0.0114,0.0114,0.0115,0.0115,0.0115,0.0115,0.0115,0.0115,0.0115,0.0115,0.0116,0.0116,0.0116,0.0116,0.0116,0.0116,0.0116,0.0116,0.0116,0.0116,0.0117,0.0117,0.0117,0.0117,0.0117,0.0117,0.0117,0.0117,0.0117,0.0117,0.0117,0.0117,0.0117,0.0117,0.0123,0.0123,0.0123,0.0125,0.0128,0.0128,0.0128,0.0128,0.0128,0.0128,0.0128,0.0128,0.0129,0.0138,0.0139,0.0139,0.0139,0.0139,0.0139,0.0139,0.0139,0.0139,0.0139,0.0139,0.0139,0.0139,0.0139,0.0139,0.0139,0.0139,0.0139,0.0139,0.0139,0.0139,0.0139,0.0139,0.0139,0.0139,0.0139,0.0139,0.0139,0.0139,0.0139,0.0139,0.0139,0.0139,0.0139,0.0140,0.0140,0.0140,0.0140,0.0140,0.0140,0.0140,0.0140,0.0140,0.0140,0.0140,0.0140,0.0140,0.0140,0.0140,0.0140,0.0140,0.0140,0.0140,0.0140,0.0140,0.0140,0.0140,0.0140,0.0140,0.0140,0.0140,0.0140,0.0140,0.0140,0.0140
45116.9166667,0.0042,0.0042,0.0042,0.0042,0.0042,0.0043,0.0043,0.0050,0.0050,0.0050,0.0050,0.0050,0.0050,0.0055,0.0055,0.0055,0.0055,0.0056,0.0056,0.0056,0.0056,0.0056,0.0056,0.0056,0.0056,0.0056,0.0056,0.0056,0.0057,0.0057,0.0057,0.0057,0.0057,0.0057,0.0057,0.0057,0.0057,0.0057,0.0057,0.0061,0.0061,0.0061,0.0061,0.0061,0.0061,0.0061,0.0061,0.0065,0.0065,0.0065,0.0066,0.0066,0.0066,0.0066,0.0066,0.0066,0.0066,0.0066,0.0067,0.0067,0.0067,0.0067,0.0067,0.0067,0.0067,0.0067,0.0067,0.0069,0.0069,0.0069,0.0069,0.0069,0.0069,0.0069,0.0069,0.0069,0.0069,0.0071,0.0071,0.0071,0.0071,0.0071,0.0071,0.0072,0.0072,0.0072,0.0073,0.0073,0.0073,0.0073,0.0073,0.0073,0.0073,0.0073,0.0073,0.0074,0.0074,0.0074,0.0074,0.0074,0.0074,0.0074,0.0107,0.0107,0.0107,0.0107,0.0107,0.0111,0.0111,0.0112,0.0112,0.0112,0.0113,0.0113,0.0113,0.0113,0.0113,0.0113,0.0114,0.0114,0.0114,0.0114,0.0114,0.0114,0.0114,0.0114,0.0115,0.0115,0.0115,0.0115,0.0115,0.0115,0.0115,0.0115,0.0116,0.0116,0.0116,0.0116,0.0116,0.0116,0.0116,0.0116,0.0116,0.0116,0.0117,0.0117,0.0117,0.0117,0.0117,0.0117,0.0117,0.0117,0.0117,0.0117,0.0117,0.0117,0.0117,0.0117,0.0123,0.0123,0.0123,0.0125,0.0128,0.0128,0.0128,0.0128,0.0128,0.0128,0.0128,0.0128,0.0129,0.0138,0.0139,0.0139,0.0139,0.0139,0.0139,0.0139,0.0139,0.0139,0.0139,0.0139,0.0139,0.0139,0.0139,0.0139,0.0139,0.0139,0.0139,0.0139,0.0139,0.0139,0.0139,0.0139,0.0139,0.0139,0.0139,0.0139,0.0139,0.0139,0.0139,0.0139,0.0139,0.0139,0.0139,0.0140,0.0140,0.0140,0.0140,0.0140,0.0140,0.0140,0.0140,0.0140,0.0140,0.0140,0.0140,0.0140,0.0140,0.0140,0.0140,0.0140,0.0140,0.0140,0.0140,0.0140,0.0140,0.0140,0.0140,0.0140,0.0140,0.0140,0.0140,0.0140,0.0140,0.0140
45116.9583333,0.0042,0.0042,0.0042,0.0042,0.0042,0.0043,0.0043,0.0050,0.0050,0.0050,0.0050,0.0050,0.0050,0.0055,0.0055,0.0055,0.0055,0.0056,0.0056,0.0056,0.0056,0.0056,0.0056,0.0056,0.0056,0.0056,0.0056,0.0056,0.0057,0.0057,0.0057,0.0057,0.0057,0.0057,0.0057,0.0057,0.0057,0.0057,0.0057,0.0061,0.0061,0.0061,0.0061,0.0061,0.0061,0.0061,0.0061,0.0065,0.0065,0.0065,0.0066,0.0066,0.0066,0.0066,0.0066,0.0066,0.0066,0.0066,0.0067,0.0067,0.0067,0.0067,0.0067,0.0067,0.0067,0.0067,0.0067,0.0069,0.0069,0.0069,0.0069,0.0069,0.0069,0.0069,0.0069,0.0069,0.0069,0.0071,0.0071,0.0071,0.0071,0.0071,0.0071,0.0072,0.0072,0.0072,0.0073,0.0073,0.0073,0.0073,0.0073,0.0073,0.0073,0.0073,0.0073,0.0074,0.0074,0.0074,0.0074,0.0074,0.0074,0.0074,0.0107,0.0107,0.0107,0.0107,0.0107,0.0111,0.0111,0.0112,0.0112,0.0112,0.0113,0.0113,0.0113,0.0113,0.0113,0.0113,0.0114,0.0114,0.0114,0.0114,0.0114,0.0114,0.0114,0.0114,0.0115,0.0115,0.0115,0.0115,0.0115,0.0115,0.0115,0.0115,0.0116,0.0116,0.0116,0.0116,0.0116,0.0116,0.0116,0.0116,0.0116,0.0116,0.0117,0.0117,0.0117,0.0117,0.0117,0.0117,0.0117,0.0117,0.0117,0.0117,0.0117,0.0117,0.0117,0.0117,0.0123,0.0123,0.0123,0.0125,0.0128,0.0128,0.0128,0.0128,0.0128,0.0128,0.0128,0.0128,0.0129,0.0138,0.0139,0.0139,0.0139,0.0139,0.0139,0.0139,0.0139,0.0139,0.0139,0.0139,0.0139,0.0139,0.0139,0.0139,0.0139,0.0139,0.0139,0.0139,0.0139,0.0139,0.0139,0.0139,0.0139,0.0139,0.0139,0.0139,0.0139,0.0139,0.0139,0.0139,0.0139,0.0139,0.0139,0.0140,0.0140,0.0140,0.0140,0.0140,0.0140,0.0140,0.0140,0.0140,0.0140,0.0140,0.0140,0.0140,0.0140,0.0140,0.0140,0.0140,0.0140,0.0140,0.0140,0.0140,0.0140,0.0140,0.0140,0.0140,0.0140,0.0140,0.0140,0.0140,0.0140,0.0140
45117.0000000,0.0041,0.0041,0.0041,0.0041,0.0042,0.0042,0.0042,0.0049,0.0049,0.0049,0.0049,0.0050,0.0050,0.0055,0.0055,0.0055,0.0055,0.0055,0.0055,0.0055,0.0056,0.0056,0.0056,0.0056,0.0056,0.0056,0.0056,0.0056,0.0057,0.0057,0.0057,0.0057,0.0057,0.0057,0.0057,0.0057,0.0057,0.0057,0.0057,0.0061,0.0061,0.0061,0.0061,0.0061,0.0061,0.0061,0.0061,0.0065,0.0065,0.0065,0.0066,0.0066,0.0066,0.0066,0.0066,0.0066,0.0066,0.0066,0.0067,0.0067,0.0067,0.0067,0.0067,0.0067,0.0067,0.0067,0.0067,0.0069,0.0069,0.0069,0.0069,0.0069,0.0069,0.0069,0.0069,0.0069,0.0069,0.0071,0.0071,0.0071,0.0071,0.0071,0.0071,0.0072,0.0072,0.0072,0.0072,0.0073,0.0073,0.0073,0.0073,0.0073,0.0073,0.0073,0.0073,0.0074,0.0074,0.0074,0.0074,0.0074,0.0074,0.0074,0.0106,0.0106,0.0106,0.0106,0.0106,0.0111,0.0111,0.0111,0.0111,0.0112,0.0113,0.0113,0.0113,0.0113,0.0113,0.0113,0.0113,0.0114,0.0114,0.0114,0.0114,0.0114,0.0114,0.0114,0.0115,0.0115,0.0115,0.0115,0.0115,0.0115,0.0115,0.0115,0.0116,0.0116,0.0116,0.0116,0.0116,0.0116,0.0116,0.0116,0.0116,0.0116,0.0117,0.0117,0.0117,0.0117,0.0117,0.0117,0.0117,0.0117,0.0117,0.0117,0.0117,0.0117,0.0117,0.0117,0.0123,0.0123,0.0123,0.0125,0.0128,0.0128,0.0128,0.0128,0.0128,0.0128,0.0128,0.0128,0.0128,0.0138,0.0138,0.0138,0.0139,0.0139,0.0139,0.0139,0.0139,0.0139,0.0139,0.0139,0.0139,0.0139,0.0139,0.0139,0.0139,0.0139,0.0139,0.0139,0.0139,0.0139,0.0139,0.0139,0.0139,0.0139,0.0139,0.0139,0.0139,0.0139,0.0139,0.0139,0.0139,0.0139,0.0139,0.0140,0.0140,0.0140,0.0140,0.0140,0.0140,0.0140,0.0140,0.0140,0.0140,0.0140,0.0140,0.0140,0.0140,0.0140,0.0140,0.0140,0.0140,0.0140,0.0140,0.0140,0.0140,0.0140,0.0140,0.0140,0.0140,0.0140,0.0140,0.0140,0.0140,0.0140
45117.0416667,0.0041,0.0041,0.0041,0.0041,0.0041,0.0041,0.0042,0.0048,0.0049,0.0049,0.0049,0.0049,0.0049,0.0054,0.0054,0.0054,0.0054,0.0054,0.0054,0.0055,0.0055,0.0055,0.0055,0.0055,0.0055,0.0056,0.0056,0.0056,0.0056,0.0056,0.0057,0.0057,0.0057,0.0057,0.0057,0.0057,0.0057,0.0057,0.0057,0.0061,0.0061,0.0061,0.0061,0.0061,0.0061,0.0061,0.0061,0.0065,0.0065,0.0065,0.0066,0.0066,0.0066,0.0066,0.0066,0.0066,0.0066,0.0066,0.0067,0.0067,0.0067,0.0067,0.0067,0.0067,0.0067,0.0067,0.0067,0.0069,0.0069,0.0069,0.0069,0.0069,0.0069,0.0069,0.0069,0.0069,0.0069,0.0071,0.0071,0.0071,0.0071,0.0071,0.0071,0.0072,0.0072,0.0072,0.0072,0.0073,0.0073,0.0073,0.0073,0.0073,0.0073,0.0073,0.0073,0.0074,0.0074,0.0074,0.0074,0.0074,0.0074,0.0074,0.0106,0.0106,0.0106,0.0106,0.0106,0.0110,0.0110,0.0111,0.0111,0.0111,0.0112,0.0112,0.0112,0.0112,0.0113,0.0113,0.0113,0.0113,0.0113,0.0113,0.0114,0.0114,0.0114,0.0114,0.0114,0.0115,0.0115,0.0115,0.0115,0.0115,0.0115,0.0115,0.0116,0.0116,0.0116,0.0116,0.0116,0.0116,0.0116,0.0116,0.0116,0.0116,0.0117,0.0117,0.0117,0.0117,0.0117,0.0117,0.0117,0.0117,0.0117,0.0117,0.0117,0.0117,0.0117,0.0117,0.0123,0.0123,0.0123,0.0125,0.0128,0.0128,0.0128,0.0128,0.0128,0.0128,0.0128,0.0128,0.0128,0.0138,0.0138,0.0138,0.0138,0.0138,0.0138,0.0138,0.0138,0.0138,0.0139,0.0139,0.0139,0.0139,0.0139,0.0139,0.0139,0.0139,0.0139,0.0139,0.0139,0.0139,0.0139,0.0139,0.0139,0.0139,0.0139,0.0139,0.0139,0.0139,0.0139,0.0139,0.0139,0.0139,0.0139,0.0139,0.0139,0.0139,0.0140,0.0140,0.0140,0.0140,0.0140,0.0140,0.0140,0.0140,0.0140,0.0140,0.0140,0.0140,0.0140,0.0140,0.0140,0.0140,0.0140,0.0140,0.0140,0.0140,0.0140,0.0140,0.0140,0.0140,0.0140,0.0140,0.0140,0.0140
45117.0833333,0.0041,0.0041,0.0041,0.0041,0.0041,0.0041,0.0042,0.0048,0.0049,0.0049,0.0049,0.0049,0.0049,0.0054,0.0054,0.0054,0.0054,0.0054,0.0054,0.0054,0.0054,0.0054,0.0054,0.0055,0.0055,0.0055,0.0055,0.0055,0.0055,0.0055,0.0056,0.0056,0.0056,0.0056,0.0057,0.0057,0.0057,0.0057,0.0057,0.0061,0.0061,0.0061,0.0061,0.0061,0.0061,0.0061,0.0061,0.0065,0.0065,0.0065,0.0066,0.0066,0.0066,0.0066,0.0066,0.0066,0.0066,0.0066,0.0067,0.0067,0.0067,0.0067,0.0067,0.0067,0.0067,0.0067,0.0067,0.0069,0.0069,0.0069,0.0069,0.0069,0.0069,0.0069,0.0069,0.0069,0.0069,0.0071,0.0071,0.0071,0.0071,0.0071,0.0071,0.0072,0.0072,0.0072,0.0072,0.0073,0.0073,0.0073,0.0073,0.0073,0.0073,0.0073,0.0073,0.0073,0.0073,0.0074,0.0074,0.0074,0.0074,0.0074,0.0106,0.0106,0.0106,0.0106,0.0106,0.0110,0.0110,0.0110,0.0111,0.0111,0.0112,0.0112,0.0112,0.0112,0.0112,0.0112,0.0112,0.0112,0.0113,0.0113,0.0113,0.0113,0.0113,0.0114,0.0114,0.0114,0.0114,0.0114,0.0114,0.0114,0.0115,0.0115,0.0115,0.0115,0.0115,0.0116,0.0116,0.0116,0.0116,0.0116,0.0116,0.0116,0.0117,0.0117,0.0117,0.0117,0.0117,0.0117,0.0117,0.0117,0.0117,0.0117,0.0117,0.0117,0.0117,0.0117,0.0123,0.0123,0.0123,0.0125,0.0128,0.0128,0.0128,0.0128,0.0128,0.0128,0.0128,0.0128,0.0128,0.0138,0.0138,0.0138,0.0138,0.0138,0.0138,0.0138,0.0138,0.0138,0.0138,0.0138,0.0138,0.0139,0.0139,0.0139,0.0139,0.0139,0.0139,0.0139,0.0139,0.0139,0.0139,0.0139,0.0139,0.0139,0.0139,0.0139,0.0139,0.0139,0.0139,0.0139,0.0139,0.0139,0.0139,0.0139,0.0139,0.0139,0.0139,0.0139,0.0139,0.0139,0.0139,0.0139,0.0139,0.0139,0.0139,0.0139,0.0139,0.0140,0.0140,0.0140,0.0140,0.0140,0.0140,0.0140,0.0140,0.0140,0.0140,0.0140,0.0140,0.0140,0.0140,0.0140,0.0140,0.0140
45117.1250000,0.0041,0.0041,0.0041,0.0041,0.0041,0.0041,0.0042,0.0048,0.0049,0.0049,0.0049,0.0049,0.0049,0.0054,0.0054,0.0054,0.0054,0.0054,0.0054,0.0054,0.0054,0.0054,0.0054,0.0055,0.0055,0.0055,0.0055,0.0055,0.0055,0.0055,0.0055,0.0055,0.0055,0.0056,0.0056,0.0056,0.0056,0.0056,0.0056,0.0060,0.0060,0.0060,0.0060,0.0060,0.0061,0.0061,0.0061,0.0065,0.0065,0.0065,0.0065,0.0065,0.0066,0.0066,0.0066,0.0066,0.0066,0.0066,0.0067,0.0067,0.0067,0.0067,0.0067,0.0067,0.0067,0.0067,0.0067,0.0069,0.0069,0.0069,0.0069,0.0069,0.0069,0.0069,0.0069,0.0069,0.0069,0.0071,0.0071,0.0071,0.0071,0.0071,0.0071,0.0072,0.0072,0.0072,0.0072,0.0072,0.0072,0.0073,0.0073,0.0073,0.0073,0.0073,0.0073,0.0073,0.0073,0.0073,0.0073,0.0073,0.0074,0.0074,0.0106,0.0106,0.0106,0.0106,0.0106,0.0110,0.0110,0.0110,0.0111,0.0111,0.0112,0.0112,0.0112,0.0112,0.0112,0.0112,0.0112,0.0112,0.0112,0.0112,0.0113,0.0113,0.0113,0.0113,0.0113,0.0114,0.0114,0.0114,0.0114,0.0114,0.0114,0.0114,0.0115,0.0115,0.0115,0.0115,0.0115,0.0116,0.0116,0.0116,0.0116,0.0116,0.0116,0.0116,0.0116,0.0117,0.0117,0.0117,0.0117,0.0117,0.0117,0.0117,0.0117,0.0117,0.0117,0.0117,0.0123,0.0123,0.0123,0.0125,0.0128,0.0128,0.0128,0.0128,0.0128,0.0128,0.0128,0.0128,0.0128,0.0138,0.0138,0.0138,0.0138,0.0138,0.0138,0.0138,0.0138,0.0138,0.0138,0.0138,0.0138,0.0139,0.0139,0.0139,0.0139,0.0139,0.0139,0.0139,0.0139,0.0139,0.0139,0.0139,0.0139,0.0139,0.0139,0.0139,0.0139,0.0139,0.0139,0.0139,0.0139,0.0139,0.0139,0.0139,0.0139,0.0139,0.0139,0.0139,0.0139,0.0139,0.0139,0.0139,0.0139,0.0139,0.0139,0.0139,0.0139,0.0139,0.0139,0.0139,0.0139,0.0139,0.0139,0.0139,0.0139,0.0139,0.0139,0.0139,0.0140,0.0140,0.0140,0.0140,0.0140,0.0140
45117.1666667,0.0041,0.0041,0.0041,0.0041,0.0041,0.0041,0.0042,0.0048,0.0049,0.0049,0.0049,0.0049,0.0049,0.0054,0.0054,0.0054,0.0054,0.0054,0.0054,0.0054,0.0054,0.0054,0.0054,0.0055,0.0055,0.0055,0.0055,0.0055,0.0055,0.0055,0.0055,0.0055,0.0055,0.0055,0.0056,0.0056,0.0056,0.0056,0.0056,0.0060,0.0060,0.0060,0.0060,0.0060,0.0060,0.0060,0.0060,0.0064,0.0064,0.0064,0.0065,0.0065,0.0065,0.0065,0.0065,0.0065,0.0065,0.0066,0.0066,0.0066,0.0066,0.0066,0.0066,0.0067,0.0067,0.0067,0.0067,0.0069,0.0069,0.0069,0.0069,0.0069,0.0069,0.0069,0.0069,0.0069,0.0069,0.0071,0.0071,0.0071,0.0071,0.0071,0.0071,0.0072,0.0072,0.0072,0.0072,0.0072,0.0072,0.0072,0.0072,0.0073,0.0073,0.0073,0.0073,0.0073,0.0073,0.0073,0.0073,0.0073,0.0073,0.0073,0.0106,0.0106,0.0106,0.0106,0.0106,0.0110,0.0110,0.0110,0.0111,0.0111,0.0112,0.0112,0.0112,0.0112,0.0112,0.0112,0.0112,0.0112,0.0112,0.0112,0.0113,0.0113,0.0113,0.0113,0.0113,0.0114,0.0114,0.0114,0.0114,0.0114,0.0114,0.0114,0.0115,0.0115,0.0115,0.0115,0.0115,0.0115,0.0115,0.0115,0.0115,0.0115,0.0116,0.0116,0.0116,0.0116,0.0116,0.0116,0.0116,0.0116,0.0116,0.0116,0.0117,0.0117,0.0117,0.0117,0.0122,0.0123,0.0123,0.0124,0.0127,0.0127,0.0128,0.0128,0.0128,0.0128,0.0128,0.0128,0.0128,0.0138,0.0138,0.0138,0.0138,0.0138,0.0138,0.0138,0.0138,0.0138,0.0138,0.0138,0.0138,0.0139,0.0139,0.0139,0.0139,0.0139,0.0139,0.0139,0.0139,0.0139,0.0139,0.0139,0.0139,0.0139,0.0139,0.0139,0.0139,0.0139,0.0139,0.0139,0.0139,0.0139,0.0139,0.0139,0.0139,0.0139,0.0139,0.0139,0.0139,0.0139,0.0139,0.0139,0.0139,0.0139,0.0139,0.0139,0.0139,0.0139,0.0139,0.0139,0.0139,0.0139,0.0139,0.0139,0.0139,0.0139,0.0139,0.0139,0.0139,0.0139,0.0139,0.0139,0.0139,0.0139
45117.2083333,0.0041,0.0041,0.0041,0.0041,0.0041,0.0041,0.0042,0.0048,0.0049,0.0049,0.0049,0.0049,0.0049,0.0054,0.0054,0.0054,0.0054,0.0054,0.0054,0.0054,0.0054,0.0054,0.0054,0.0055,0.0055,0.0055,0.0055,0.0055,0.0055,0.0055,0.0055,0.0055,0.0055,0.0055,0.0056,0.0056,0.0056,0.0056,0.0056,0.0060,0.0060,0.0060,0.0060,0.0060,0.0060,0.0060,0.0060,0.0063,0.0063,0.0063,0.0064,0.0064,0.0064,0.0065,0.0065,0.0065,0.0065,0.0065,0.0065,0.0065,0.0065,0.0066,0.0066,0.0066,0.0066,0.0066,0.0066,0.0068,0.0068,0.0069,0.0069,0.0069,0.0069,0.0069,0.0069,0.0069,0.0069,0.0070,0.0070,0.0071,0.0071,0.0071,0.0071,0.0072,0.0072,0.0072,0.0072,0.0072,0.0072,0.0072,0.0072,0.0073,0.0073,0.0073,0.0073,0.0073,0.0073,0.0073,0.0073,0.0073,0.0073,0.0073,0.0106,0.0106,0.0106,0.0106,0.0106,0.0110,0.0110,0.0110,0.0111,0.0111,0.0112,0.0112,0.0112,0.0112,0.0112,0.0112,0.0112,0.0112,0.0112,0.0112,0.0113,0.0113,0.0113,0.0113,0.0113,0.0114,0.0114,0.0114,0.0114,0.0114,0.0114,0.0114,0.0115,0.0115,0.0115,0.0115,0.0115,0.0115,0.0115,0.0115,0.0115,0.0115,0.0115,0.0116,0.0116,0.0116,0.0116,0.0116,0.0116,0.0116,0.0116,0.0116,0.0116,0.0116,0.0116,0.0116,0.0122,0.0122,0.0122,0.0124,0.0127,0.0127,0.0127,0.0127,0.0127,0.0127,0.0127,0.0128,0.0128,0.0137,0.0138,0.0138,0.0138,0.0138,0.0138,0.0138,0.0138,0.0138,0.0138,0.0138,0.0138,0.0139,0.0139,0.0139,0.0139,0.0139,0.0139,0.0139,0.0139,0.0139,0.0139,0.0139,0.0139,0.0139,0.0139,0.0139,0.0139,0.0139,0.0139,0.0139,0.0139,0.0139,0.0139,0.0139,0.0139,0.0139,0.0139,0.0139,0.0139,0.0139,0.0139,0.0139,0.0139,0.0139,0.0139,0.0139,0.0139,0.0139,0.0139,0.0139,0.0139,0.0139,0.0139,0.0139,0.0139,0.0139,0.0139,0.0139,0.0139,0.0139,0.0139,0.0139,0.0139,0.0139
45117.2500000,0.0041,0.0041,0.0041,0.0041,0.0041,0.0041,0.0042,0.0048,0.0049,0.0049,0.0049,0.0049,0.0049,0.0054,0.0054,0.0054,0.0054,0.0054,0.0054,0.0054,0.0054,0.0054,0.0054,0.0055,0.0055,0.0055,0.0055,0.0055,0.0055,0.0055,0.0055,0.0055,0.0055,0.0055,0.0056,0.0056,0.0056,0.0056,0.0056,0.0060,0.0060,0.0060,0.0060,0.0060,0.0060,0.0060,0.0060,0.0063,0.0063,0.0063,0.0064,0.0064,0.0064,0.0064,0.0065,0.0065,0.0065,0.0065,0.0065,0.0065,0.0065,0.0065,0.0065,0.0065,0.0065,0.0065,0.0066,0.0067,0.0068,0.0068,0.0068,0.0068,0.0068,0.0069,0.0069,0.0069,0.0069,0.0070,0.0070,0.0070,0.0071,0.0071,0.0071,0.0072,0.0072,0.0072,0.0072,0.0072,0.0072,0.0072,0.0072,0.0073,0.0073,0.0073,0.0073,0.0073,0.0073,0.0073,0.0073,0.0073,0.0073,0.0073,0.0106,0.0106,0.0106,0.0106,0.0106,0.0110,0.0110,0.0110,0.0110,0.0110,0.0112,0.0112,0.0112,0.0112,0.0112,0.0112,0.0112,0.0112,0.0112,0.0112,0.0113,0.0113,0.0113,0.0113,0.0113,0.0114,0.0114,0.0114,0.0114,0.0114,0.0114,0.0114,0.0115,0.0115,0.0115,0.0115,0.0115,0.0115,0.0115,0.0115,0.0115,0.0115,0.0115,0.0115,0.0116,0.0116,0.0116,0.0116,0.0116,0.0116,0.0116,0.0116,0.0116,0.0116,0.0116,0.0116,0.0122,0.0122,0.0122,0.0124,0.0127,0.0127,0.0127,0.0127,0.0127,0.0127,0.0127,0.0127,0.0127,0.0137,0.0137,0.0137,0.0137,0.0138,0.0138,0.0138,0.0138,0.0138,0.0138,0.0138,0.0138,0.0138,0.0138,0.0138,0.0138,0.0138,0.0138,0.0138,0.0138,0.0138,0.0138,0.0138,0.0138,0.0139,0.0139,0.0139,0.0139,0.0139,0.0139,0.0139,0.0139,0.0139,0.0139,0.0139,0.0139,0.0139,0.0139,0.0139,0.0139,0.0139,0.0139,0.0139,0.0139,0.0139,0.0139,0.0139,0.0139,0.0139,0.0139,0.0139,0.0139,0.0139,0.0139,0.0139,0.0139,0.0139,0.0139,0.0139,0.0139,0.0139,0.0139,0.0139,0.0139,0.0139
45117.2916667,0.0041,0.0041,0.0041,0.0041,0.0041,0.0041,0.0042,0.0048,0.0049,0.0049,0.0049,0.0049,0.0049,0.0054,0.0054,0.0054,0.0054,0.0054,0.0054,0.0054,0.0054,0.0054,0.0054,0.0055,0.0055,0.0055,0.0055,0.0055,0.0055,0.0055,0.0055,0.0055,0.0055,0.0055,0.0056,0.0056,0.0056,0.0056,0.0056,0.0060,0.0060,0.0060,0.0060,0.0060,0.0060,0.0060,0.0060,0.0063,0.0063,0.0063,0.0064,0.0064,0.0064,0.0064,0.0064,0.0065,0.0065,0.0065,0.0065,0.0065,0.0065,0.0065,0.0065,0.0065,0.0065,0.0065,0.0065,0.0067,0.0067,0.0068,0.0068,0.0068,0.0068,0.0068,0.0068,0.0068,0.0068,0.0070,0.0070,0.0070,0.0070,0.0070,0.0070,0.0071,0.0071,0.0071,0.0072,0.0072,0.0072,0.0072,0.0072,0.0073,0.0073,0.0073,0.0073,0.0073,0.0073,0.0073,0.0073,0.0073,0.0073,0.0073,0.0105,0.0106,0.0106,0.0106,0.0106,0.0110,0.0110,0.0110,0.0110,0.0110,0.0112,0.0112,0.0112,0.0112,0.0112,0.0112,0.0112,0.0112,0.0112,0.0112,0.0113,0.0113,0.0113,0.0113,0.0113,0.0114,0.0114,0.0114,0.0114,0.0114,0.0114,0.0114,0.0114,0.0115,0.0115,0.0115,0.0115,0.0115,0.0115,0.0115,0.0115,0.0115,0.0115,0.0115,0.0115,0.0116,0.0116,0.0116,0.0116,0.0116,0.0116,0.0116,0.0116,0.0116,0.0116,0.0116,0.0122,0.0122,0.0122,0.0124,0.0127,0.0127,0.0127,0.0127,0.0127,0.0127,0.0127,0.0127,0.0127,0.0137,0.0137,0.0137,0.0137,0.0137,0.0137,0.0137,0.0137,0.0137,0.0137,0.0137,0.0137,0.0138,0.0138,0.0138,0.0138,0.0138,0.0138,0.0138,0.0138,0.0138,0.0138,0.0138,0.0138,0.0138,0.0138,0.0138,0.0138,0.0138,0.0138,0.0138,0.0138,0.0138,0.0138,0.0138,0.0138,0.0138,0.0138,0.0139,0.0139,0.0139,0.0139,0.0139,0.0139,0.0139,0.0139,0.0139,0.0139,0.0139,0.0139,0.0139,0.0139,0.0139,0.0139,0.0139,0.0139,0.0139,0.0139,0.0139,0.0139,0.0139,0.0139,0.0139,0.0139,0.0139
45117.3333333,0.0041,0.0041,0.0041,0.0041,0.0041,0.0041,0.0042,0.0048,0.0049,0.0049,0.0049,0.0049,0.0049,0.0054,0.0054,0.0054,0.0054,0.0054,0.0054,0.0054,0.0054,0.0054,0.0054,0.0055,0.0055,0.0055,0.0055,0.0055,0.0055,0.0055,0.0055,0.0055,0.0055,0.0055,0.0056,0.0056,0.0056,0.0056,0.0056,0.0060,0.0060,0.0060,0.0060,0.0060,0.0060,0.0060,0.0060,0.0063,0.0063,0.0063,0.0064,0.0064,0.0064,0.0064,0.0064,0.0065,0.0065,0.0065,0.0065,0.0065,0.0065,0.0065,0.0065,0.0065,0.0065,0.0065,0.0065,0.0067,0.0067,0.0067,0.0067,0.0067,0.0068,0.0068,0.0068,0.0068,0.0068,0.0069,0.0069,0.0069,0.0070,0.0070,0.0070,0.0071,0.0071,0.0071,0.0071,0.0071,0.0071,0.0071,0.0071,0.0072,0.0072,0.0072,0.0072,0.0072,0.0072,0.0072,0.0072,0.0072,0.0073,0.0073,0.0105,0.0105,0.0105,0.0105,0.0105,0.0109,0.0110,0.0110,0.0110,0.0110,0.0111,0.0111,0.0112,0.0112,0.0112,0.0112,0.0112,0.0112,0.0112,0.0112,0.0113,0.0113,0.0113,0.0113,0.0113,0.0113,0.0114,0.0114,0.0114,0.0114,0.0114,0.0114,0.0114,0.0114,0.0114,0.0115,0.0115,0.0115,0.0115,0.0115,0.0115,0.0115,0.0115,0.0115,0.0115,0.0116,0.0116,0.0116,0.0116,0.0116,0.0116,0.0116,0.0116,0.0116,0.0116,0.0116,0.0122,0.0122,0.0122,0.0124,0.0127,0.0127,0.0127,0.0127,0.0127,0.0127,0.0127,0.0127,0.0127,0.0137,0.0137,0.0137,0.0137,0.0137,0.0137,0.0137,0.0137,0.0137,0.0137,0.0137,0.0137,0.0138,0.0138,0.0138,0.0138,0.0138,0.0138,0.0138,0.0138,0.0138,0.0138,0.0138,0.0138,0.0138,0.0138,0.0138,0.0138,0.0138,0.0138,0.0138,0.0138,0.0138,0.0138,0.0138,0.0138,0.0138,0.0138,0.0138,0.0138,0.0138,0.0138,0.0138,0.0138,0.0138,0.0138,0.0138,0.0138,0.0138,0.0138,0.0138,0.0138,0.0138,0.0139,0.0139,0.0139,0.0139,0.0139,0.0139,0.0139,0.0139,0.0139,0.0139,0.0139,0.0139
45117.3750000,0.0041,0.0041,0.0041,0.0041,0.0041,0.0041,0.0042,0.0048,0.0049,0.0049,0.0049,0.0049,0.0049,0.0054,0.0054,0.0054,0.0054,0.0054,0.0054,0.0054,0.0054,0.0054,0.0054,0.0055,0.0055,0.0055,0.0055,0.0055,0.0055,0.0055,0.0055,0.0055,0.0055,0.0055,0.0056,0.0056,0.0056,0.0056,0.0056,0.0060,0.0060,0.0060,0.0060,0.0060,0.0060,0.0060,0.0060,0.0063,0.0063,0.0063,0.0064,0.0064,0.0064,0.0064,0.0064,0.0065,0.0065,0.0065,0.0065,0.0065,0.0065,0.0065,0.0065,0.0065,0.0065,0.0065,0.0065,0.0067,0.0067,0.0067,0.0067,0.0067,0.0067,0.0068,0.0068,0.0068,0.0068,0.0069,0.0069,0.0069,0.0069,0.0069,0.0070,0.0071,0.0071,0.0071,0.0071,0.0071,0.0071,0.0071,0.0071,0.0072,0.0072,0.0072,0.0072,0.0072,0.0072,0.0072,0.0072,0.0072,0.0072,0.0072,0.0104,0.0105,0.0105,0.0105,0.0105,0.0109,0.0109,0.0109,0.0110,0.0110,0.0111,0.0111,0.0111,0.0111,0.0111,0.0111,0.0112,0.0112,0.0112,0.0112,0.0113,0.0113,0.0113,0.0113,0.0113,0.0113,0.0113,0.0113,0.0114,0.0114,0.0114,0.0114,0.0114,0.0114,0.0114,0.0114,0.0115,0.0115,0.0115,0.0115,0.0115,0.0115,0.0115,0.0115,0.0115,0.0116,0.0116,0.0116,0.0116,0.0116,0.0116,0.0116,0.0116,0.0116,0.0116,0.0116,0.0122,0.0122,0.0122,0.0124,0.0126,0.0126,0.0127,0.0127,0.0127,0.0127,0.0127,0.0127,0.0127,0.0137,0.0137,0.0137,0.0137,0.0137,0.0137,0.0137,0.0137,0.0137,0.0137,0.0137,0.0137,0.0138,0.0138,0.0138,0.0138,0.0138,0.0138,0.0138,0.0138,0.0138,0.0138,0.0138,0.0138,0.0138,0.0138,0.0138,0.0138,0.0138,0.0138,0.0138,0.0138,0.0138,0.0138,0.0138,0.0138,0.0138,0.0138,0.0138,0.0138,0.0138,0.0138,0.0138,0.0138,0.0138,0.0138,0.0138,0.0138,0.0138,0.0138,0.0138,0.0138,0.0138,0.0138,0.0138,0.0138,0.0138,0.0138,0.0138,0.0138,0.0138,0.0138,0.0138,0.0138,0.0138
45117.4166667,0.0041,0.0041,0.0041,0.0041,0.0041,0.0041,0.0042,0.0048,0.0049,0.0049,0.0049,0.0049,0.0049,0.0054,0.0054,0.0054,0.0054,0.0054,0.0054,0.0054,0.0054,0.0054,0.0054,0.0055,0.0055,0.0055,0.0055,0.0055,0.0055,0.0055,0.0055,0.0055,0.0055,0.0055,0.0056,0.0056,0.0056,0.0056,0.0056,0.0060,0.0060,0.0060,0.0060,0.0060,0.0060,0.0060,0.0060,0.0063,0.0063,0.0063,0.0064,0.0064,0.0064,0.0064,0.0064,0.0065,0.0065,0.0065,0.0065,0.0065,0.0065,0.0065,0.0065,0.0065,0.0065,0.0065,0.0065,0.0067,0.0067,0.0067,0.0067,0.0067,0.0067,0.0068,0.0068,0.0068,0.0068,0.0069,0.0069,0.0069,0.0069,0.0069,0.0069,0.0070,0.0070,0.0071,0.0071,0.0071,0.0071,0.0071,0.0071,0.0072,0.0072,0.0072,0.0072,0.0072,0.0072,0.0072,0.0072,0.0072,0.0072,0.0072,0.0104,0.0104,0.0104,0.0104,0.0104,0.0109,0.0109,0.0109,0.0109,0.0109,0.0110,0.0110,0.0111,0.0111,0.0111,0.0111,0.0111,0.0111,0.0111,0.0111,0.0112,0.0112,0.0112,0.0112,0.0113,0.0113,0.0113,0.0113,0.0113,0.0113,0.0113,0.0113,0.0114,0.0114,0.0114,0.0114,0.0115,0.0115,0.0115,0.0115,0.0115,0.0115,0.0115,0.0115,0.0115,0.0115,0.0116,0.0116,0.0116,0.0116,0.0116,0.0116,0.0116,0.0116,0.0116,0.0116,0.0122,0.0122,0.0122,0.0124,0.0126,0.0126,0.0127,0.0127,0.0127,0.0127,0.0127,0.0127,0.0127,0.0137,0.0137,0.0137,0.0137,0.0137,0.0137,0.0137,0.0137,0.0137,0.0137,0.0137,0.0137,0.0138,0.0138,0.0138,0.0138,0.0138,0.0138,0.0138,0.0138,0.0138,0.0138,0.0138,0.0138,0.0138,0.0138,0.0138,0.0138,0.0138,0.0138,0.0138,0.0138,0.0138,0.0138,0.0138,0.0138,0.0138,0.0138,0.0138,0.0138,0.0138,0.0138,0.0138,0.0138,0.0138,0.0138,0.0138,0.0138,0.0138,0.0138,0.0138,0.0138,0.0138,0.0138,0.0138,0.0138,0.0138,0.0138,0.0138,0.0138,0.0138,0.0138,0.0138,0.0138,0.0138
45117.4583333,0.0041,0.0041,0.0041,0.0041,0.0041,0.0041,0.0042,0.0048,0.0049,0.0049,0.0049,0.0049,0.0049,0.0054,0.0054,0.0054,0.0054,0.0054,0.0054,0.0054,0.0054,0.0054,0.0054,0.0055,0.0055,0.0055,0.0055,0.0055,0.0055,0.0055,0.0055,0.0055,0.0055,0.0055,0.0056,0.0056,0.0056,0.0056,0.0056,0.0060,0.0060,0.0060,0.0060,0.0060,0.0060,0.0060,0.0060,0.0063,0.0063,0.0063,0.0064,0.0064,0.0064,0.0064,0.0064,0.0065,0.0065,0.0065,0.0065,0.0065,0.0065,0.0065,0.0065,0.0065,0.0065,0.0065,0.0065,0.0067,0.0067,0.0067,0.0067,0.0067,0.0067,0.0068,0.0068,0.0068,0.0068,0.0069,0.0069,0.0069,0.0069,0.0069,0.0069,0.0070,0.0070,0.0071,0.0071,0.0071,0.0071,0.0071,0.0071,0.0072,0.0072,0.0072,0.0072,0.0072,0.0072,0.0072,0.0072,0.0072,0.0072,0.0072,0.0104,0.0104,0.0104,0.0104,0.0104,0.0108,0.0108,0.0109,0.0109,0.0109,0.0110,0.0110,0.0110,0.0110,0.0111,0.0111,0.0111,0.0111,0.0111,0.0111,0.0112,0.0112,0.0112,0.0112,0.0112,0.0112,0.0112,0.0113,0.0113,0.0113,0.0113,0.0113,0.0113,0.0114,0.0114,0.0114,0.0114,0.0114,0.0114,0.0115,0.0115,0.0115,0.0115,0.0115,0.0115,0.0115,0.0115,0.0115,0.0115,0.0115,0.0116,0.0116,0.0116,0.0116,0.0116,0.0116,0.0122,0.0122,0.0122,0.0123,0.0126,0.0126,0.0127,0.0127,0.0127,0.0127,0.0127,0.0127,0.0127,0.0137,0.0137,0.0137,0.0137,0.0137,0.0137,0.0137,0.0137,0.0137,0.0137,0.0137,0.0137,0.0137,0.0137,0.0137,0.0138,0.0138,0.0138,0.0138,0.0138,0.0138,0.0138,0.0138,0.0138,0.0138,0.0138,0.0138,0.0138,0.0138,0.0138,0.0138,0.0138,0.0138,0.0138,0.0138,0.0138,0.0138,0.0138,0.0138,0.0138,0.0138,0.0138,0.0138,0.0138,0.0138,0.0138,0.0138,0.0138,0.0138,0.0138,0.0138,0.0138,0.0138,0.0138,0.0138,0.0138,0.0138,0.0138,0.0138,0.0138,0.0138,0.0138,0.0138,0.0138,0.0138
45117.5000000,0.0041,0.0041,0.0041,0.0041,0.0041,0.0041,0.0042,0.0048,0.0049,0.0049,0.0049,0.0049,0.0049,0.0054,0.0054,0.0054,0.0054,0.0054,0.0054,0.0054,0.0054,0.0054,0.0054,0.0055,0.0055,0.0055,0.0055,0.0055,0.0055,0.0055,0.0055,0.0055,0.0055,0.0055,0.0056,0.0056,0.0056,0.0056,0.0056,0.0060,0.0060,0.0060,0.0060,0.0060,0.0060,0.0060,0.0060,0.0063,0.0063,0.0063,0.0064,0.0064,0.0064,0.0064,0.0064,0.0065,0.0065,0.0065,0.0065,0.0065,0.0065,0.0065,0.0065,0.0065,0.0065,0.0065,0.0065,0.0067,0.0067,0.0067,0.0067,0.0067,0.0067,0.0068,0.0068,0.0068,0.0068,0.0069,0.0069,0.0069,0.0069,0.0069,0.0069,0.0070,0.0070,0.0071,0.0071,0.0071,0.0071,0.0071,0.0071,0.0072,0.0072,0.0072,0.0072,0.0072,0.0072,0.0072,0.0072,0.0072,0.0072,0.0072,0.0104,0.0104,0.0104,0.0104,0.0104,0.0108,0.0108,0.0109,0.0109,0.0109,0.0110,0.0110,0.0110,0.0110,0.0110,0.0110,0.0111,0.0111,0.0111,0.0111,0.0112,0.0112,0.0112,0.0112,0.0112,0.0112,0.0112,0.0112,0.0112,0.0112,0.0112,0.0112,0.0113,0.0113,0.0113,0.0113,0.0114,0.0114,0.0114,0.0114,0.0114,0.0114,0.0114,0.0114,0.0114,0.0115,0.0115,0.0115,0.0115,0.0115,0.0115,0.0115,0.0115,0.0115,0.0116,0.0116,0.0121,0.0121,0.0121,0.0123,0.0126,0.0126,0.0126,0.0126,0.0126,0.0127,0.0127,0.0127,0.0127,0.0137,0.0137,0.0137,0.0137,0.0137,0.0137,0.0137,0.0137,0.0137,0.0137,0.0137,0.0137,0.0137,0.0137,0.0137,0.0137,0.0137,0.0137,0.0137,0.0137,0.0138,0.0138,0.0138,0.0138,0.0138,0.0138,0.0138,0.0138,0.0138,0.0138,0.0138,0.0138,0.0138,0.0138,0.0138,0.0138,0.0138,0.0138,0.0138,0.0138,0.0138,0.0138,0.0138,0.0138,0.0138,0.0138,0.0138,0.0138,0.0138,0.0138,0.0138,0.0138,0.0138,0.0138,0.0138,0.0138,0.0138,0.0138,0.0138,0.0138,0.0138,0.0138,0.0138,0.0138,0.0138
45117.5416667,0.0041,0.0041,0.0041,0.0041,0.0041,0.0041,0.0042,0.0048,0.0049,0.0049,0.0049,0.0049,0.0049,0.0054,0.0054,0.0054,0.0054,0.0054,0.0054,0.0054,0.0054,0.0054,0.0054,0.0055,0.0055,0.0055,0.0055,0.0055,0.0055,0.0055,0.0055,0.0055,0.0055,0.0055,0.0056,0.0056,0.0056,0.0056,0.0056,0.0060,0.0060,0.0060,0.0060,0.0060,0.0060,0.0060,0.0060,0.0063,0.0063,0.0063,0.0064,0.0064,0.0064,0.0064,0.0064,0.0065,0.0065,0.0065,0.0065,0.0065,0.0065,0.0065,0.0065,0.0065,0.0065,0.0065,0.0065,0.0067,0.0067,0.0067,0.0067,0.0067,0.0067,0.0068,0.0068,0.0068,0.0068,0.0069,0.0069,0.0069,0.0069,0.0069,0.0069,0.0070,0.0070,0.0071,0.0071,0.0071,0.0071,0.0071,0.0071,0.0072,0.0072,0.0072,0.0072,0.0072,0.0072,0.0072,0.0072,0.0072,0.0072,0.0072,0.0104,0.0104,0.0104,0.0104,0.0104,0.0108,0.0108,0.0109,0.0109,0.0109,0.0110,0.0110,0.0110,0.0110,0.0110,0.0110,0.0111,0.0111,0.0111,0.0111,0.0111,0.0112,0.0112,0.0112,0.0112,0.0112,0.0112,0.0112,0.0112,0.0112,0.0112,0.0112,0.0113,0.0113,0.0113,0.0113,0.0113,0.0114,0.0114,0.0114,0.0114,0.0114,0.0114,0.0114,0.0114,0.0114,0.0114,0.0114,0.0114,0.0115,0.0115,0.0115,0.0115,0.0115,0.0115,0.0115,0.0121,0.0121,0.0121,0.0123,0.0126,0.0126,0.0126,0.0126,0.0126,0.0126,0.0126,0.0126,0.0126,0.0136,0.0136,0.0136,0.0137,0.0137,0.0137,0.0137,0.0137,0.0137,0.0137,0.0137,0.0137,0.0137,0.0137,0.0137,0.0137,0.0137,0.0137,0.0137,0.0137,0.0137,0.0137,0.0137,0.0137,0.0137,0.0137,0.0138,0.0138,0.0138,0.0138,0.0138,0.0138,0.0138,0.0138,0.0138,0.0138,0.0138,0.0138,0.0138,0.0138,0.0138,0.0138,0.0138,0.0138,0.0138,0.0138,0.0138,0.0138,0.0138,0.0138,0.0138,0.0138,0.0138,0.0138,0.0138,0.0138,0.0138,0.0138,0.0138,0.0138,0.0138,0.0138,0.0138,0.0138,0.0138
45117.5833333,0.0041,0.0041,0.0041,0.0041,0.0041,0.0041,0.0042,0.0048,0.0049,0.0049,0.0049,0.0049,0.0049,0.0054,0.0054,0.0054,0.0054,0.0054,0.0054,0.0054,0.0054,0.0054,0.0054,0.0055,0.0055,0.0055,0.0055,0.0055,0.0055,0.0055,0.0055,0.0055,0.0055,0.0055,0.0056,0.0056,0.0056,0.0056,0.0056,0.0060,0.0060,0.0060,0.0060,0.0060,0.0060,0.0060,0.0060,0.0063,0.0063,0.0063,0.0064,0.0064,0.0064,0.0064,0.0064,0.0065,0.0065,0.0065,0.0065,0.0065,0.0065,0.0065,0.0065,0.0065,0.0065,0.0065,0.0065,0.0067,0.0067,0.0067,0.0067,0.0067,0.0067,0.0068,0.0068,0.0068,0.0068,0.0069,0.0069,0.0069,0.0069,0.0069,0.0069,0.0070,0.0070,0.0071,0.0071,0.0071,0.0071,0.0071,0.0071,0.0072,0.0072,0.0072,0.0072,0.0072,0.0072,0.0072,0.0072,0.0072,0.0072,0.0072,0.0104,0.0104,0.0104,0.0104,0.0104,0.0108,0.0108,0.0109,0.0109,0.0109,0.0110,0.0110,0.0110,0.0110,0.0110,0.0110,0.0111,0.0111,0.0111,0.0111,0.0111,0.0112,0.0112,0.0112,0.0112,0.0112,0.0112,0.0112,0.0112,0.0112,0.0112,0.0112,0.0113,0.0113,0.0113,0.0113,0.0113,0.0113,0.0113,0.0114,0.0114,0.0114,0.0114,0.0114,0.0114,0.0114,0.0114,0.0114,0.0114,0.0114,0.0114,0.0114,0.0114,0.0114,0.0115,0.0115,0.0120,0.0120,0.0120,0.0122,0.0125,0.0125,0.0125,0.0125,0.0126,0.0126,0.0126,0.0126,0.0126,0.0136,0.0136,0.0136,0.0136,0.0136,0.0136,0.0136,0.0136,0.0136,0.0136,0.0136,0.0137,0.0137,0.0137,0.0137,0.0137,0.0137,0.0137,0.0137,0.0137,0.0137,0.0137,0.0137,0.0137,0.0137,0.0137,0.0137,0.0137,0.0137,0.0137,0.0137,0.0137,0.0137,0.0137,0.0137,0.0138,0.0138,0.0138,0.0138,0.0138,0.0138,0.0138,0.0138,0.0138,0.0138,0.0138,0.0138,0.0138,0.0138,0.0138,0.0138,0.0138,0.0138,0.0138,0.0138,0.0138,0.0138,0.0138,0.0138,0.0138,0.0138,0.0138,0.0138,0.0138,0.0138
45117.6250000,0.0041,0.0041,0.0041,0.0041,0.0041,0.0041,0.0042,0.0048,0.0049,0.0049,0.0049,0.0049,0.0049,0.0054,0.0054,0.0054,0.0054,0.0054,0.0054,0.0054,0.0054,0.0054,0.0054,0.0055,0.0055,0.0055,0.0055,0.0055,0.0055,0.0055,0.0055,0.0055,0.0055,0.0055,0.0056,0.0056,0.0056,0.0056,0.0056,0.0060,0.0060,0.0060,0.0060,0.0060,0.0060,0.0060,0.0060,0.0063,0.0063,0.0063,0.0064,0.0064,0.0064,0.0064,0.0064,0.0065,0.0065,0.0065,0.0065,0.0065,0.0065,0.0065,0.0065,0.0065,0.0065,0.0065,0.0065,0.0067,0.0067,0.0067,0.0067,0.0067,0.0067,0.0068,0.0068,0.0068,0.0068,0.0069,0.0069,0.0069,0.0069,0.0069,0.0069,0.0070,0.0070,0.0071,0.0071,0.0071,0.0071,0.0071,0.0071,0.0072,0.0072,0.0072,0.0072,0.0072,0.0072,0.0072,0.0072,0.0072,0.0072,0.0072,0.0104,0.0104,0.0104,0.0104,0.0104,0.0108,0.0108,0.0109,0.0109,0.0109,0.0110,0.0110,0.0110,0.0110,0.0110,0.0110,0.0111,0.0111,0.0111,0.0111,0.0111,0.0112,0.0112,0.0112,0.0112,0.0112,0.0112,0.0112,0.0112,0.0112,0.0112,0.0112,0.0113,0.0113,0.0113,0.0113,0.0113,0.0113,0.0113,0.0113,0.0114,0.0114,0.0114,0.0114,0.0114,0.0114,0.0114,0.0114,0.0114,0.0114,0.0114,0.0114,0.0114,0.0114,0.0115,0.0115,0.0120,0.0120,0.0120,0.0122,0.0125,0.0125,0.0125,0.0125,0.0125,0.0125,0.0125,0.0126,0.0126,0.0135,0.0135,0.0136,0.0136,0.0136,0.0136,0.0136,0.0136,0.0136,0.0136,0.0136,0.0136,0.0136,0.0136,0.0136,0.0136,0.0137,0.0137,0.0137,0.0137,0.0137,0.0137,0.0137,0.0137,0.0137,0.0137,0.0137,0.0137,0.0137,0.0137,0.0137,0.0137,0.0137,0.0137,0.0137,0.0137,0.0137,0.0137,0.0137,0.0137,0.0137,0.0137,0.0137,0.0137,0.0137,0.0137,0.0137,0.0138,0.0138,0.0138,0.0138,0.0138,0.0138,0.0138,0.0138,0.0138,0.0138,0.0138,0.0138,0.0138,0.0138,0.0138,0.0138,0.0138,0.0138
45117.6666667,0.0041,0.0041,0.0041,0.0041,0.0041,0.0041,0.0042,0.0048,0.0049,0.0049,0.0049,0.0049,0.0049,0.0054,0.0054,0.0054,0.0054,0.0054,0.0054,0.0054,0.0054,0.0054,0.0054,0.0055,0.0055,0.0055,0.0055,0.0055,0.0055,0.0055,0.0055,0.0055,0.0055,0.0055,0.0056,0.0056,0.0056,0.0056,0.0056,0.0060,0.0060,0.0060,0.0060,0.0060,0.0060,0.0060,0.0060,0.0063,0.0063,0.0063,0.0064,0.0064,0.0064,0.0064,0.0064,0.0065,0.0065,0.0065,0.0065,0.0065,0.0065,0.0065,0.0065,0.0065,0.0065,0.0065,0.0065,0.0067,0.0067,0.0067,0.0067,0.0067,0.0067,0.0068,0.0068,0.0068,0.0068,0.0069,0.0069,0.0069,0.0069,0.0069,0.0069,0.0070,0.0070,0.0071,0.0071,0.0071,0.0071,0.0071,0.0071,0.0072,0.0072,0.0072,0.0072,0.0072,0.0072,0.0072,0.0072,0.0072,0.0072,0.0072,0.0104,0.0104,0.0104,0.0104,0.0104,0.0108,0.0108,0.0109,0.0109,0.0109,0.0110,0.0110,0.0110,0.0110,0.0110,0.0110,0.0111,0.0111,0.0111,0.0111,0.0111,0.0112,0.0112,0.0112,0.0112,0.0112,0.0112,0.0112,0.0112,0.0112,0.0112,0.0112,0.0113,0.0113,0.0113,0.0113,0.0113,0.0113,0.0113,0.0113,0.0113,0.0114,0.0114,0.0114,0.0114,0.0114,0.0114,0.0114,0.0114,0.0114,0.0114,0.0114,0.0114,0.0114,0.0114,0.0114,0.0120,0.0120,0.0120,0.0122,0.0125,0.0125,0.0125,0.0125,0.0125,0.0125,0.0125,0.0125,0.0125,0.0135,0.0135,0.0135,0.0136,0.0136,0.0136,0.0136,0.0136,0.0136,0.0136,0.0136,0.0136,0.0136,0.0136,0.0136,0.0136,0.0136,0.0136,0.0136,0.0136,0.0136,0.0136,0.0136,0.0136,0.0136,0.0136,0.0136,0.0136,0.0136,0.0136,0.0137,0.0137,0.0137,0.0137,0.0137,0.0137,0.0137,0.0137,0.0137,0.0137,0.0137,0.0137,0.0137,0.0137,0.0137,0.0137,0.0137,0.0137,0.0137,0.0137,0.0137,0.0137,0.0137,0.0137,0.0137,0.0137,0.0137,0.0137,0.0137,0.0137,0.0138,0.0138,0.0138,0.0138,0.0138
45117.7083333,0.0041,0.0041,0.0041,0.0041,0.0041,0.0041,0.0042,0.0048,0.0049,0.0049,0.0049,0.0049,0.0049,0.0054,0.0054,0.0054,0.0054,0.0054,0.0054,0.0054,0.0054,0.0054,0.0054,0.0055,0.0055,0.0055,0.0055,0.0055,0.0055,0.0055,0.0055,0.0055,0.0055,0.0055,0.0056,0.0056,0.0056,0.0056,0.0056,0.0060,0.0060,0.0060,0.0060,0.0060,0.0060,0.0060,0.0060,0.0063,0.0063,0.0063,0.0064,0.0064,0.0064,0.0064,0.0064,0.0065,0.0065,0.0065,0.0065,0.0065,0.0065,0.0065,0.0065,0.0065,0.0065,0.0065,0.0065,0.0067,0.0067,0.0067,0.0067,0.0067,0.0067,0.0068,0.0068,0.0068,0.0068,0.0069,0.0069,0.0069,0.0069,0.0069,0.0069,0.0070,0.0070,0.0071,0.0071,0.0071,0.0071,0.0071,0.0071,0.0072,0.0072,0.0072,0.0072,0.0072,0.0072,0.0072,0.0072,0.0072,0.0072,0.0072,0.0104,0.0104,0.0104,0.0104,0.0104,0.0108,0.0108,0.0109,0.0109,0.0109,0.0110,0.0110,0.0110,0.0110,0.0110,0.0110,0.0111,0.0111,0.0111,0.0111,0.0111,0.0112,0.0112,0.0112,0.0112,0.0112,0.0112,0.0112,0.0112,0.0112,0.0112,0.0112,0.0113,0.0113,0.0113,0.0113,0.0113,0.0113,0.0113,0.0113,0.0113,0.0114,0.0114,0.0114,0.0114,0.0114,0.0114,0.0114,0.0114,0.0114,0.0114,0.0114,0.0114,0.0114,0.0114,0.0114,0.0120,0.0120,0.0120,0.0122,0.0125,0.0125,0.0125,0.0125,0.0125,0.0125,0.0125,0.0125,0.0125,0.0135,0.0135,0.0135,0.0135,0.0135,0.0135,0.0135,0.0135,0.0135,0.0136,0.0136,0.0136,0.0136,0.0136,0.0136,0.0136,0.0136,0.0136,0.0136,0.0136,0.0136,0.0136,0.0136,0.0136,0.0136,0.0136,0.0136,0.0136,0.0136,0.0136,0.0136,0.0136,0.0136,0.0136,0.0136,0.0136,0.0136,0.0136,0.0136,0.0136,0.0136,0.0136,0.0137,0.0137,0.0137,0.0137,0.0137,0.0137,0.0137,0.0137,0.0137,0.0137,0.0137,0.0137,0.0137,0.0137,0.0137,0.0137,0.0137,0.0137,0.0137,0.0137,0.0137,0.0137,0.0137
45117.7500000,0.0041,0.0041,0.0041,0.0041,0.0041,0.0041,0.0042,0.0048,0.0049,0.0049,0.0049,0.0049,0.0049,0.0054,0.0054,0.0054,0.0054,0.0054,0.0054,0.0054,0.0054,0.0054,0.0054,0.0055,0.0055,0.0055,0.0055,0.0055,0.0055,0.0055,0.0055,0.0055,0.0055,0.0055,0.0056,0.0056,0.0056,0.0056,0.0056,0.0060,0.0060,0.0060,0.0060,0.0060,0.0060,0.0060,0.0060,0.0063,0.0063,0.0063,0.0064,0.0064,0.0064,0.0064,0.0064,0.0065,0.0065,0.0065,0.0065,0.0065,0.0065,0.0065,0.0065,0.0065,0.0065,0.0065,0.0065,0.0067,0.0067,0.0067,0.0067,0.0067,0.0067,0.0068,0.0068,0.0068,0.0068,0.0069,0.0069,0.0069,0.0069,0.0069,0.0069,0.0070,0.0070,0.0071,0.0071,0.0071,0.0071,0.0071,0.0071,0.0072,0.0072,0.0072,0.0072,0.0072,0.0072,0.0072,0.0072,0.0072,0.0072,0.0072,0.0104,0.0104,0.0104,0.0104,0.0104,0.0108,0.0108,0.0109,0.0109,0.0109,0.0110,0.0110,0.0110,0.0110,0.0110,0.0110,0.0111,0.0111,0.0111,0.0111,0.0111,0.0112,0.0112,0.0112,0.0112,0.0112,0.0112,0.0112,0.0112,0.0112,0.0112,0.0112,0.0113,0.0113,0.0113,0.0113,0.0113,0.0113,0.0113,0.0113,0.0113,0.0114,0.0114,0.0114,0.0114,0.0114,0.0114,0.0114,0.0114,0.0114,0.0114,0.0114,0.0114,0.0114,0.0114,0.0114,0.0120,0.0120,0.0120,0.0122,0.0125,0.0125,0.0125,0.0125,0.0125,0.0125,0.0125,0.0125,0.0125,0.0135,0.0135,0.0135,0.0135,0.0135,0.0135,0.0135,0.0135,0.0135,0.0135,0.0135,0.0136,0.0136,0.0136,0.0136,0.0136,0.0136,0.0136,0.0136,0.0136,0.0136,0.0136,0.0136,0.0136,0.0136,0.0136,0.0136,0.0136,0.0136,0.0136,0.0136,0.0136,0.0136,0.0136,0.0136,0.0136,0.0136,0.0136,0.0136,0.0136,0.0136,0.0136,0.0136,0.0136,0.0136,0.0136,0.0136,0.0136,0.0136,0.0136,0.0136,0.0136,0.0137,0.0137,0.0137,0.0137,0.0137,0.0137,0.0137,0.0137,0.0137,0.0137,0.0137,0.0137,0.0137
45117.7916667,0.0041,0.0041,0.0041,0.0041,0.0041,0.0041,0.0042,0.0048,0.0049,0.0049,0.0049,0.0049,0.0049,0.0054,0.0054,0.0054,0.0054,0.0054,0.0054,0.0054,0.0054,0.0054,0.0054,0.0055,0.0055,0.0055,0.0055,0.0055,0.0055,0.0055,0.0055,0.0055,0.0055,0.0055,0.0056,0.0056,0.0056,0.0056,0.0056,0.0060,0.0060,0.0060,0.0060,0.0060,0.0060,0.0060,0.0060,0.0063,0.0063,0.0063,0.0064,0.0064,0.0064,0.0064,0.0064,0.0065,0.0065,0.0065,0.0065,0.0065,0.0065,0.0065,0.0065,0.0065,0.0065,0.0065,0.0065,0.0067,0.0067,0.0067,0.0067,0.0067,0.0067,0.0068,0.0068,0.0068,0.0068,0.0069,0.0069,0.0069,0.0069,0.0069,0.0069,0.0070,0.0070,0.0071,0.0071,0.0071,0.0071,0.0071,0.0071,0.0072,0.0072,0.0072,0.0072,0.0072,0.0072,0.0072,0.0072,0.0072,0.0072,0.0072,0.0104,0.0104,0.0104,0.0104,0.0104,0.0108,0.0108,0.0109,0.0109,0.0109,0.0110,0.0110,0.0110,0.0110,0.0110,0.0110,0.0111,0.0111,0.0111,0.0111,0.0111,0.0112,0.0112,0.0112,0.0112,0.0112,0.0112,0.0112,0.0112,0.0112,0.0112,0.0112,0.0113,0.0113,0.0113,0.0113,0.0113,0.0113,0.0113,0.0113,0.0113,0.0114,0.0114,0.0114,0.0114,0.0114,0.0114,0.0114,0.0114,0.0114,0.0114,0.0114,0.0114,0.0114,0.0114,0.0114,0.0120,0.0120,0.0120,0.0122,0.0125,0.0125,0.0125,0.0125,0.0125,0.0125,0.0125,0.0125,0.0125,0.0135,0.0135,0.0135,0.0135,0.0135,0.0135,0.0135,0.0135,0.0135,0.0135,0.0135,0.0136,0.0136,0.0136,0.0136,0.0136,0.0136,0.0136,0.0136,0.0136,0.0136,0.0136,0.0136,0.0136,0.0136,0.0136,0.0136,0.0136,0.0136,0.0136,0.0136,0.0136,0.0136,0.0136,0.0136,0.0136,0.0136,0.0136,0.0136,0.0136,0.0136,0.0136,0.0136,0.0136,0.0136,0.0136,0.0136,0.0136,0.0136,0.0136,0.0136,0.0136,0.0136,0.0136,0.0136,0.0136,0.0136,0.0136,0.0136,0.0137,0.0137,0.0137,0.0137,0.0137,0.0137
45117.8333333,0.0041,0.0041,0.0041,0.0041,0.0041,0.0041,0.0042,0.0048,0.0049,0.0049,0.0049,0.0049,0.0049,0.0054,0.0054,0.0054,0.0054,0.0054,0.0054,0.0054,0.0054,0.0054,0.0054,0.0055,0.0055,0.0055,0.0055,0.0055,0.0055,0.0055,0.0055,0.0055,0.0055,0.0055,0.0056,0.0056,0.0056,0.0056,0.0056,0.0060,0.0060,0.0060,0.0060,0.0060,0.0060,0.0060,0.0060,0.0063,0.0063,0.0063,0.0064,0.0064,0.0064,0.0064,0.0064,0.0065,0.0065,0.0065,0.0065,0.0065,0.0065,0.0065,0.0065,0.0065,0.0065,0.0065,0.0065,0.0067,0.0067,0.0067,0.0067,0.0067,0.0067,0.0068,0.0068,0.0068,0.0068,0.0069,0.0069,0.0069,0.0069,0.0069,0.0069,0.0070,0.0070,0.0071,0.0071,0.0071,0.0071,0.0071,0.0071,0.0072,0.0072,0.0072,0.0072,0.0072,0.0072,0.0072,0.0072,0.0072,0.0072,0.0072,0.0104,0.0104,0.0104,0.0104,0.0104,0.0108,0.0108,0.0109,0.0109,0.0109,0.0110,0.0110,0.0110,0.0110,0.0110,0.0110,0.0111,0.0111,0.0111,0.0111,0.0111,0.0112,0.0112,0.0112,0.0112,0.0112,0.0112,0.0112,0.0112,0.0112,0.0112,0.0112,0.0113,0.0113,0.0113,0.0113,0.0113,0.0113,0.0113,0.0113,0.0113,0.0114,0.0114,0.0114,0.0114,0.0114,0.0114,0.0114,0.0114,0.0114,0.0114,0.0114,0.0114,0.0114,0.0114,0.0114,0.0120,0.0120,0.0120,0.0122,0.0125,0.0125,0.0125,0.0125,0.0125,0.0125,0.0125,0.0125,0.0125,0.0135,0.0135,0.0135,0.0135,0.0135,0.0135,0.0135,0.0135,0.0135,0.0135,0.0135,0.0136,0.0136,0.0136,0.0136,0.0136,0.0136,0.0136,0.0136,0.0136,0.0136,0.0136,0.0136,0.0136,0.0136,0.0136,0.0136,0.0136,0.0136,0.0136,0.0136,0.0136,0.0136,0.0136,0.0136,0.0136,0.0136,0.0136,0.0136,0.0136,0.0136,0.0136,0.0136,0.0136,0.0136,0.0136,0.0136,0.0136,0.0136,0.0136,0.0136,0.0136,0.0136,0.0136,0.0136,0.0136,0.0136,0.0136,0.0136,0.0136,0.0136,0.0136,0.0136,0.0137,0.0137
45117.8750000,0.0041,0.0041,0.0041,0.0041,0.0041,0.0041,0.0042,0.0048,0.0049,0.0049,0.0049,0.0049,0.0049,0.0054,0.0054,0.0054,0.0054,0.0054,0.0054,0.0054,0.0054,0.0054,0.0054,0.0055,0.0055,0.0055,0.0055,0.0055,0.0055,0.0055,0.0055,0.0055,0.0055,0.0055,0.0056,0.0056,0.0056,0.0056,0.0056,0.0060,0.0060,0.0060,0.0060,0.0060,0.0060,0.0060,0.0060,0.0063,0.0063,0.0063,0.0064,0.0064,0.0064,0.0064,0.0064,0.0065,0.0065,0.0065,0.0065,0.0065,0.0065,0.0065,0.0065,0.0065,0.0065,0.0065,0.0065,0.0067,0.0067,0.0067,0.0067,0.0067,0.0067,0.0068,0.0068,0.0068,0.0068,0.0069,0.0069,0.0069,0.0069,0.0069,0.0069,0.0070,0.0070,0.0071,0.0071,0.0071,0.0071,0.0071,0.0071,0.0072,0.0072,0.0072,0.0072,0.0072,0.0072,0.0072,0.0072,0.0072,0.0072,0.0072,0.0104,0.0104,0.0104,0.0104,0.0104,0.0108,0.0108,0.0109,0.0109,0.0109,0.0110,0.0110,0.0110,0.0110,0.0110,0.0110,0.0111,0.0111,0.0111,0.0111,0.0111,0.0112,0.0112,0.0112,0.0112,0.0112,0.0112,0.0112,0.0112,0.0112,0.0112,0.0112,0.0113,0.0113,0.0113,0.0113,0.0113,0.0113,0.0113,0.0113,0.0113,0.0114,0.0114,0.0114,0.0114,0.0114,0.0114,0.0114,0.0114,0.0114,0.0114,0.0114,0.0114,0.0114,0.0114,0.0114,0.0120,0.0120,0.0120,0.0122,0.0125,0.0125,0.0125,0.0125,0.0125,0.0125,0.0125,0.0125,0.0125,0.0135,0.0135,0.0135,0.0135,0.0135,0.0135,0.0135,0.0135,0.0135,0.0135,0.0135,0.0136,0.0136,0.0136,0.0136,0.0136,0.0136,0.0136,0.0136,0.0136,0.0136,0.0136,0.0136,0.0136,0.0136,0.0136,0.0136,0.0136,0.0136,0.0136,0.0136,0.0136,0.0136,0.0136,0.0136,0.0136,0.0136,0.0136,0.0136,0.0136,0.0136,0.0136,0.0136,0.0136,0.0136,0.0136,0.0136,0.0136,0.0136,0.0136,0.0136,0.0136,0.0136,0.0136,0.0136,0.0136,0.0136,0.0136,0.0136,0.0136,0.0136,0.0136,0.0136,0.0136,0.0137
45117.9166667,0.0041,0.0041,0.0041,0.0041,0.0041,0.0041,0.0042,0.0048,0.0049,0.0049,0.0049,0.0049,0.0049,0.0054,0.0054,0.0054,0.0054,0.0054,0.0054,0.0054,0.0054,0.0054,0.0054,0.0055,0.0055,0.0055,0.0055,0.0055,0.0055,0.0055,0.0055,0.0055,0.0055,0.0055,0.0056,0.0056,0.0056,0.0056,0.0056,0.0060,0.0060,0.0060,0.0060,0.0060,0.0060,0.0060,0.0060,0.0063,0.0063,0.0063,0.0064,0.0064,0.0064,0.0064,0.0064,0.0065,0.0065,0.0065,0.0065,0.0065,0.0065,0.0065,0.0065,0.0065,0.0065,0.0065,0.0065,0.0067,0.0067,0.0067,0.0067,0.0067,0.0067,0.0068,0.0068,0.0068,0.0068,0.0069,0.0069,0.0069,0.0069,0.0069,0.0069,0.0070,0.0070,0.0071,0.0071,0.0071,0.0071,0.0071,0.0071,0.0072,0.0072,0.0072,0.0072,0.0072,0.0072,0.0072,0.0072,0.0072,0.0072,0.0072,0.0104,0.0104,0.0104,0.0104,0.0104,0.0108,0.0108,0.0109,0.0109,0.0109,0.0110,0.0110,0.0110,0.0110,0.0110,0.0110,0.0111,0.0111,0.0111,0.0111,0.0111,0.0112,0.0112,0.0112,0.0112,0.0112,0.0112,0.0112,0.0112,0.0112,0.0112,0.0112,0.0113,0.0113,0.0113,0.0113,0.0113,0.0113,0.0113,0.0113,0.0113,0.0114,0.0114,0.0114,0.0114,0.0114,0.0114,0.0114,0.0114,0.0114,0.0114,0.0114,0.0114,0.0114,0.0114,0.0114,0.0120,0.0120,0.0120,0.0122,0.0125,0.0125,0.0125,0.0125,0.0125,0.0125,0.0125,0.0125,0.0125,0.0135,0.0135,0.0135,0.0135,0.0135,0.0135,0.0135,0.0135,0.0135,0.0135,0.0135,0.0136,0.0136,0.0136,0.0136,0.0136,0.0136,0.0136,0.0136,0.0136,0.0136,0.0136,0.0136,0.0136,0.0136,0.0136,0.0136,0.0136,0.0136,0.0136,0.0136,0.0136,0.0136,0.0136,0.0136,0.0136,0.0136,0.0136,0.0136,0.0136,0.0136,0.0136,0.0136,0.0136,0.0136,0.0136,0.0136,0.0136,0.0136,0.0136,0.0136,0.0136,0.0136,0.0136,0.0136,0.0136,0.0136,0.0136,0.0136,0.0136,0.0136,0.0136,0.0136,0.0136,0.0136
45117.9583333,0.0041,0.0041,0.0041,0.0041,0.0041,0.0041,0.0042,0.0048,0.0049,0.0049,0.0049,0.0049,0.0049,0.0054,0.0054,0.0054,0.0054,0.0054,0.0054,0.0054,0.0054,0.0054,0.0054,0.0055,0.0055,0.0055,0.0055,0.0055,0.0055,0.0055,0.0055,0.0055,0.0055,0.0055,0.0056,0.0056,0.0056,0.0056,0.0056,0.0060,0.0060,0.0060,0.0060,0.0060,0.0060,0.0060,0.0060,0.0063,0.0063,0.0063,0.0064,0.0064,0.0064,0.0064,0.0064,0.0065,0.0065,0.0065,0.0065,0.0065,0.0065,0.0065,0.0065,0.0065,0.0065,0.0065,0.0065,0.0067,0.0067,0.0067,0.0067,0.0067,0.0067,0.0068,0.0068,0.0068,0.0068,0.0069,0.0069,0.0069,0.0069,0.0069,0.0069,0.0070,0.0070,0.0071,0.0071,0.0071,0.0071,0.0071,0.0071,0.0072,0.0072,0.0072,0.0072,0.0072,0.0072,0.0072,0.0072,0.0072,0.0072,0.0072,0.0104,0.0104,0.0104,0.0104,0.0104,0.0108,0.0108,0.0109,0.0109,0.0109,0.0110,0.0110,0.0110,0.0110,0.0110,0.0110,0.0111,0.0111,0.0111,0.0111,0.0111,0.0112,0.0112,0.0112,0.0112,0.0112,0.0112,0.0112,0.0112,0.0112,0.0112,0.0112,0.0113,0.0113,0.0113,0.0113,0.0113,0.0113,0.0113,0.0113,0.0113,0.0114,0.0114,0.0114,0.0114,0.0114,0.0114,0.0114,0.0114,0.0114,0.0114,0.0114,0.0114,0.0114,0.0114,0.0114,0.0120,0.0120,0.0120,0.0122,0.0125,0.0125,0.0125,0.0125,0.0125,0.0125,0.0125,0.0125,0.0125,0.0135,0.0135,0.0135,0.0135,0.0135,0.0135,0.0135,0.0135,0.0135,0.0135,0.0135,0.0136,0.0136,0.0136,0.0136,0.0136,0.0136,0.0136,0.0136,0.0136,0.0136,0.0136,0.0136,0.0136,0.0136,0.0136,0.0136,0.0136,0.0136,0.0136,0.0136,0.0136,0.0136,0.0136,0.0136,0.0136,0.0136,0.0136,0.0136,0.0136,0.0136,0.0136,0.0136,0.0136,0.0136,0.0136,0.0136,0.0136,0.0136,0.0136,0.0136,0.0136,0.0136,0.0136,0.0136,0.0136,0.0136,0.0136,0.0136,0.0136,0.0136,0.0136,0.0136,0.0136,0.0136
45118.0000000,0.0040,0.0041,0.0041,0.0041,0.0041,0.0041,0.0041,0.0048,0.0048,0.0048,0.0048,0.0048,0.0048,0.0053,0.0054,0.0054,0.0054,0.0054,0.0054,0.0054,0.0054,0.0054,0.0054,0.0054,0.0055,0.0055,0.0055,0.0055,0.0055,0.0055,0.0055,0.0055,0.0055,0.0055,0.0056,0.0056,0.0056,0.0056,0.0056,0.0059,0.0059,0.0059,0.0060,0.0060,0.0060,0.0060,0.0060,0.0063,0.0063,0.0063,0.0064,0.0064,0.0064,0.0064,0.0064,0.0064,0.0065,0.0065,0.0065,0.0065,0.0065,0.0065,0.0065,0.0065,0.0065,0.0065,0.0065,0.0067,0.0067,0.0067,0.0067,0.0067,0.0067,0.0068,0.0068,0.0068,0.0068,0.0069,0.0069,0.0069,0.0069,0.0069,0.0069,0.0070,0.0070,0.0071,0.0071,0.0071,0.0071,0.0071,0.0071,0.0072,0.0072,0.0072,0.0072,0.0072,0.0072,0.0072,0.0072,0.0072,0.0072,0.0072,0.0104,0.0104,0.0104,0.0104,0.0104,0.0108,0.0108,0.0108,0.0109,0.0109,0.0110,0.0110,0.0110,0.0110,0.0110,0.0110,0.0111,0.0111,0.0111,0.0111,0.0111,0.0112,0.0112,0.0112,0.0112,0.0112,0.0112,0.0112,0.0112,0.0112,0.0112,0.0112,0.0113,0.0113,0.0113,0.0113,0.0113,0.0113,0.0113,0.0113,0.0113,0.0114,0.0114,0.0114,0.0114,0.0114,0.0114,0.0114,0.0114,0.0114,0.0114,0.0114,0.0114,0.0114,0.0114,0.0114,0.0120,0.0120,0.0120,0.0122,0.0125,0.0125,0.0125,0.0125,0.0125,0.0125,0.0125,0.0125,0.0125,0.0135,0.0135,0.0135,0.0135,0.0135,0.0135,0.0135,0.0135,0.0135,0.0135,0.0135,0.0136,0.0136,0.0136,0.0136,0.0136,0.0136,0.0136,0.0136,0.0136,0.0136,0.0136,0.0136,0.0136,0.0136,0.0136,0.0136,0.0136,0.0136,0.0136,0.0136,0.0136,0.0136,0.0136,0.0136,0.0136,0.0136,0.0136,0.0136,0.0136,0.0136,0.0136,0.0136,0.0136,0.0136,0.0136,0.0136,0.0136,0.0136,0.0136,0.0136,0.0136,0.0136,0.0136,0.0136,0.0136,0.0136,0.0136,0.0136,0.0136,0.0136,0.0136,0.0136,0.0136,0.0136
45118.0416667,0.0040,0.0041,0.0041,0.0041,0.0041,0.0041,0.0041,0.0048,0.0048,0.0048,0.0048,0.0048,0.0048,0.0053,0.0053,0.0053,0.0053,0.0053,0.0053,0.0053,0.0054,0.0054,0.0054,0.0054,0.0054,0.0054,0.0054,0.0054,0.0055,0.0055,0.0055,0.0055,0.0055,0.0055,0.0055,0.0056,0.0056,0.0056,0.0056,0.0059,0.0059,0.0059,0.0060,0.0060,0.0060,0.0060,0.0060,0.0063,0.0063,0.0063,0.0064,0.0064,0.0064,0.0064,0.0064,0.0064,0.0064,0.0064,0.0065,0.0065,0.0065,0.0065,0.0065,0.0065,0.0065,0.0065,0.0065,0.0067,0.0067,0.0067,0.0067,0.0067,0.0067,0.0068,0.0068,0.0068,0.0068,0.0069,0.0069,0.0069,0.0069,0.0069,0.0069,0.0070,0.0070,0.0071,0.0071,0.0071,0.0071,0.0071,0.0071,0.0072,0.0072,0.0072,0.0072,0.0072,0.0072,0.0072,0.0072,0.0072,0.0072,0.0072,0.0104,0.0104,0.0104,0.0104,0.0104,0.0108,0.0108,0.0108,0.0108,0.0108,0.0110,0.0110,0.0110,0.0110,0.0110,0.0110,0.0110,0.0110,0.0110,0.0110,0.0111,0.0111,0.0111,0.0111,0.0112,0.0112,0.0112,0.0112,0.0112,0.0112,0.0112,0.0112,0.0113,0.0113,0.0113,0.0113,0.0113,0.0113,0.0113,0.0113,0.0113,0.0114,0.0114,0.0114,0.0114,0.0114,0.0114,0.0114,0.0114,0.0114,0.0114,0.0114,0.0114,0.0114,0.0114,0.0114,0.0120,0.0120,0.0120,0.0122,0.0125,0.0125,0.0125,0.0125,0.0125,0.0125,0.0125,0.0125,0.0125,0.0135,0.0135,0.0135,0.0135,0.0135,0.0135,0.0135,0.0135,0.0135,0.0135,0.0135,0.0135,0.0136,0.0136,0.0136,0.0136,0.0136,0.0136,0.0136,0.0136,0.0136,0.0136,0.0136,0.0136,0.0136,0.0136,0.0136,0.0136,0.0136,0.0136,0.0136,0.0136,0.0136,0.0136,0.0136,0.0136,0.0136,0.0136,0.0136,0.0136,0.0136,0.0136,0.0136,0.0136,0.0136,0.0136,0.0136,0.0136,0.0136,0.0136,0.0136,0.0136,0.0136,0.0136,0.0136,0.0136,0.0136,0.0136,0.0136,0.0136,0.0136,0.0136,0.0136,0.0136,0.0136
45118.0833333,0.0040,0.0041,0.0041,0.0041,0.0041,0.0041,0.0041,0.0048,0.0048,0.0048,0.0048,0.0048,0.0048,0.0053,0.0053,0.0053,0.0053,0.0053,0.0053,0.0053,0.0053,0.0053,0.0054,0.0054,0.0054,0.0054,0.0054,0.0054,0.0054,0.0054,0.0055,0.0055,0.0055,0.0055,0.0055,0.0055,0.0055,0.0056,0.0056,0.0059,0.0059,0.0059,0.0060,0.0060,0.0060,0.0060,0.0060,0.0063,0.0063,0.0063,0.0064,0.0064,0.0064,0.0064,0.0064,0.0064,0.0064,0.0064,0.0065,0.0065,0.0065,0.0065,0.0065,0.0065,0.0065,0.0065,0.0065,0.0067,0.0067,0.0067,0.0067,0.0067,0.0067,0.0068,0.0068,0.0068,0.0068,0.0069,0.0069,0.0069,0.0069,0.0069,0.0069,0.0070,0.0070,0.0071,0.0071,0.0071,0.0071,0.0071,0.0071,0.0072,0.0072,0.0072,0.0072,0.0072,0.0072,0.0072,0.0072,0.0072,0.0072,0.0072,0.0104,0.0104,0.0104,0.0104,0.0104,0.0108,0.0108,0.0108,0.0108,0.0108,0.0109,0.0109,0.0110,0.0110,0.0110,0.0110,0.0110,0.0110,0.0110,0.0110,0.0111,0.0111,0.0111,0.0111,0.0111,0.0112,0.0112,0.0112,0.0112,0.0112,0.0112,0.0112,0.0113,0.0113,0.0113,0.0113,0.0113,0.0113,0.0113,0.0113,0.0113,0.0114,0.0114,0.0114,0.0114,0.0114,0.0114,0.0114,0.0114,0.0114,0.0114,0.0114,0.0114,0.0114,0.0114,0.0114,0.0120,0.0120,0.0120,0.0122,0.0125,0.0125,0.0125,0.0125,0.0125,0.0125,0.0125,0.0125,0.0125,0.0135,0.0135,0.0135,0.0135,0.0135,0.0135,0.0135,0.0135,0.0135,0.0135,0.0135,0.0135,0.0136,0.0136,0.0136,0.0136,0.0136,0.0136,0.0136,0.0136,0.0136,0.0136,0.0136,0.0136,0.0136,0.0136,0.0136,0.0136,0.0136,0.0136,0.0136,0.0136,0.0136,0.0136,0.0136,0.0136,0.0136,0.0136,0.0136,0.0136,0.0136,0.0136,0.0136,0.0136,0.0136,0.0136,0.0136,0.0136,0.0136,0.0136,0.0136,0.0136,0.0136,0.0136,0.0136,0.0136,0.0136,0.0136,0.0136,0.0136,0.0136,0.0136,0.0136,0.0136,0.0136
45118.1250000,0.0040,0.0041,0.0041,0.0041,0.0041,0.0041,0.0041,0.0048,0.0048,0.0048,0.0048,0.0048,0.0048,0.0053,0.0053,0.0053,0.0053,0.0053,0.0053,0.0053,0.0053,0.0053,0.0054,0.0054,0.0054,0.0054,0.0054,0.0054,0.0054,0.0054,0.0054,0.0054,0.0055,0.0055,0.0055,0.0055,0.0055,0.0055,0.0055,0.0059,0.0059,0.0059,0.0059,0.0059,0.0059,0.0059,0.0060,0.0063,0.0063,0.0063,0.0064,0.0064,0.0064,0.0064,0.0064,0.0064,0.0064,0.0064,0.0065,0.0065,0.0065,0.0065,0.0065,0.0065,0.0065,0.0065,0.0065,0.0067,0.0067,0.0067,0.0067,0.0067,0.0067,0.0067,0.0067,0.0068,0.0068,0.0069,0.0069,0.0069,0.0069,0.0069,0.0069,0.0070,0.0070,0.0071,0.0071,0.0071,0.0071,0.0071,0.0071,0.0072,0.0072,0.0072,0.0072,0.0072,0.0072,0.0072,0.0072,0.0072,0.0072,0.0072,0.0104,0.0104,0.0104,0.0104,0.0104,0.0108,0.0108,0.0108,0.0108,0.0108,0.0109,0.0109,0.0110,0.0110,0.0110,0.0110,0.0110,0.0110,0.0110,0.0110,0.0111,0.0111,0.0111,0.0111,0.0111,0.0111,0.0111,0.0112,0.0112,0.0112,0.0112,0.0112,0.0112,0.0112,0.0112,0.0113,0.0113,0.0113,0.0113,0.0113,0.0113,0.0113,0.0113,0.0113,0.0114,0.0114,0.0114,0.0114,0.0114,0.0114,0.0114,0.0114,0.0114,0.0114,0.0114,0.0114,0.0120,0.0120,0.0120,0.0122,0.0125,0.0125,0.0125,0.0125,0.0125,0.0125,0.0125,0.0125,0.0125,0.0135,0.0135,0.0135,0.0135,0.0135,0.0135,0.0135,0.0135,0.0135,0.0135,0.0135,0.0135,0.0136,0.0136,0.0136,0.0136,0.0136,0.0136,0.0136,0.0136,0.0136,0.0136,0.0136,0.0136,0.0136,0.0136,0.0136,0.0136,0.0136,0.0136,0.0136,0.0136,0.0136,0.0136,0.0136,0.0136,0.0136,0.0136,0.0136,0.0136,0.0136,0.0136,0.0136,0.0136,0.0136,0.0136,0.0136,0.0136,0.0136,0.0136,0.0136,0.0136,0.0136,0.0136,0.0136,0.0136,0.0136,0.0136,0.0136,0.0136,0.0136,0.0136,0.0136,0.0136,0.0136
45118.1666667,0.0040,0.0041,0.0041,0.0041,0.0041,0.0041,0.0041,0.0048,0.0048,0.0048,0.0048,0.0048,0.0048,0.0053,0.0053,0.0053,0.0053,0.0053,0.0053,0.0053,0.0053,0.0053,0.0054,0.0054,0.0054,0.0054,0.0054,0.0054,0.0054,0.0054,0.0054,0.0054,0.0054,0.0055,0.0055,0.0055,0.0055,0.0055,0.0055,0.0059,0.0059,0.0059,0.0059,0.0059,0.0059,0.0059,0.0059,0.0063,0.0063,0.0063,0.0063,0.0063,0.0064,0.0064,0.0064,0.0064,0.0064,0.0064,0.0065,0.0065,0.0065,0.0065,0.0065,0.0065,0.0065,0.0065,0.0065,0.0067,0.0067,0.0067,0.0067,0.0067,0.0067,0.0067,0.0067,0.0068,0.0068,0.0069,0.0069,0.0069,0.0069,0.0069,0.0069,0.0070,0.0070,0.0070,0.0071,0.0071,0.0071,0.0071,0.0071,0.0071,0.0072,0.0072,0.0072,0.0072,0.0072,0.0072,0.0072,0.0072,0.0072,0.0072,0.0104,0.0104,0.0104,0.0104,0.0104,0.0108,0.0108,0.0108,0.0108,0.0108,0.0109,0.0109,0.0110,0.0110,0.0110,0.0110,0.0110,0.0110,0.0110,0.0110,0.0111,0.0111,0.0111,0.0111,0.0111,0.0111,0.0111,0.0111,0.0112,0.0112,0.0112,0.0112,0.0112,0.0112,0.0112,0.0112,0.0113,0.0113,0.0113,0.0113,0.0113,0.0113,0.0113,0.0113,0.0113,0.0113,0.0114,0.0114,0.0114,0.0114,0.0114,0.0114,0.0114,0.0114,0.0114,0.0114,0.0120,0.0120,0.0120,0.0122,0.0124,0.0125,0.0125,0.0125,0.0125,0.0125,0.0125,0.0125,0.0125,0.0135,0.0135,0.0135,0.0135,0.0135,0.0135,0.0135,0.0135,0.0135,0.0135,0.0135,0.0135,0.0136,0.0136,0.0136,0.0136,0.0136,0.0136,0.0136,0.0136,0.0136,0.0136,0.0136,0.0136,0.0136,0.0136,0.0136,0.0136,0.0136,0.0136,0.0136,0.0136,0.0136,0.0136,0.0136,0.0136,0.0136,0.0136,0.0136,0.0136,0.0136,0.0136,0.0136,0.0136,0.0136,0.0136,0.0136,0.0136,0.0136,0.0136,0.0136,0.0136,0.0136,0.0136,0.0136,0.0136,0.0136,0.0136,0.0136,0.0136,0.0136,0.0136,0.0136,0.0136,0.0136
45118.2083333,0.0040,0.0041,0.0041,0.0041,0.0041,0.0041,0.0041,0.0048,0.0048,0.0048,0.0048,0.0048,0.0048,0.0053,0.0053,0.0053,0.0053,0.0053,0.0053,0.0053,0.0053,0.0053,0.0054,0.0054,0.0054,0.0054,0.0054,0.0054,0.0054,0.0054,0.0054,0.0054,0.0054,0.0055,0.0055,0.0055,0.0055,0.0055,0.0055,0.0059,0.0059,0.0059,0.0059,0.0059,0.0059,0.0059,0.0059,0.0062,0.0062,0.0063,0.0063,0.0063,0.0063,0.0064,0.0064,0.0064,0.0064,0.0064,0.0064,0.0064,0.0064,0.0064,0.0065,0.0065,0.0065,0.0065,0.0065,0.0067,0.0067,0.0067,0.0067,0.0067,0.0067,0.0067,0.0067,0.0067,0.0068,0.0069,0.0069,0.0069,0.0069,0.0069,0.0069,0.0070,0.0070,0.0070,0.0071,0.0071,0.0071,0.0071,0.0071,0.0071,0.0071,0.0071,0.0071,0.0072,0.0072,0.0072,0.0072,0.0072,0.0072,0.0072,0.0104,0.0104,0.0104,0.0104,0.0104,0.0108,0.0108,0.0108,0.0108,0.0108,0.0109,0.0109,0.0110,0.0110,0.0110,0.0110,0.0110,0.0110,0.0110,0.0110,0.0111,0.0111,0.0111,0.0111,0.0111,0.0111,0.0111,0.0111,0.0112,0.0112,0.0112,0.0112,0.0112,0.0112,0.0112,0.0112,0.0113,0.0113,0.0113,0.0113,0.0113,0.0113,0.0113,0.0113,0.0113,0.0113,0.0113,0.0113,0.0114,0.0114,0.0114,0.0114,0.0114,0.0114,0.0114,0.0114,0.0119,0.0119,0.0120,0.0121,0.0124,0.0124,0.0124,0.0125,0.0125,0.0125,0.0125,0.0125,0.0125,0.0135,0.0135,0.0135,0.0135,0.0135,0.0135,0.0135,0.0135,0.0135,0.0135,0.0135,0.0135,0.0135,0.0135,0.0136,0.0136,0.0136,0.0136,0.0136,0.0136,0.0136,0.0136,0.0136,0.0136,0.0136,0.0136,0.0136,0.0136,0.0136,0.0136,0.0136,0.0136,0.0136,0.0136,0.0136,0.0136,0.0136,0.0136,0.0136,0.0136,0.0136,0.0136,0.0136,0.0136,0.0136,0.0136,0.0136,0.0136,0.0136,0.0136,0.0136,0.0136,0.0136,0.0136,0.0136,0.0136,0.0136,0.0136,0.0136,0.0136,0.0136,0.0136,0.0136,0.0136,0.0136
45118.2500000,0.0040,0.0041,0.0041,0.0041,0.0041,0.0041,0.0041,0.0048,0.0048,0.0048,0.0048,0.0048,0.0048,0.0053,0.0053,0.0053,0.0053,0.0053,0.0053,0.0053,0.0053,0.0053,0.0054,0.0054,0.0054,0.0054,0.0054,0.0054,0.0054,0.0054,0.0054,0.0054,0.0054,0.0055,0.0055,0.0055,0.0055,0.0055,0.0055,0.0059,0.0059,0.0059,0.0059,0.0059,0.0059,0.0059,0.0059,0.0062,0.0062,0.0062,0.0063,0.0063,0.0063,0.0064,0.0064,0.0064,0.0064,0.0064,0.0064,0.0064,0.0064,0.0064,0.0064,0.0064,0.0064,0.0064,0.0065,0.0066,0.0067,0.0067,0.0067,0.0067,0.0067,0.0067,0.0067,0.0067,0.0067,0.0069,0.0069,0.0069,0.0069,0.0069,0.0069,0.0070,0.0070,0.0070,0.0070,0.0071,0.0071,0.0071,0.0071,0.0071,0.0071,0.0071,0.0071,0.0072,0.0072,0.0072,0.0072,0.0072,0.0072,0.0072,0.0103,0.0104,0.0104,0.0104,0.0104,0.0108,0.0108,0.0108,0.0108,0.0108,0.0109,0.0109,0.0109,0.0110,0.0110,0.0110,0.0110,0.0110,0.0110,0.0110,0.0111,0.0111,0.0111,0.0111,0.0111,0.0111,0.0111,0.0111,0.0111,0.0112,0.0112,0.0112,0.0112,0.0112,0.0112,0.0112,0.0113,0.0113,0.0113,0.0113,0.0113,0.0113,0.0113,0.0113,0.0113,0.0113,0.0113,0.0113,0.0114,0.0114,0.0114,0.0114,0.0114,0.0114,0.0114,0.0114,0.0119,0.0119,0.0119,0.0121,0.0124,0.0124,0.0124,0.0124,0.0124,0.0125,0.0125,0.0125,0.0125,0.0134,0.0134,0.0134,0.0135,0.0135,0.0135,0.0135,0.0135,0.0135,0.0135,0.0135,0.0135,0.0135,0.0135,0.0135,0.0135,0.0135,0.0135,0.0135,0.0135,0.0135,0.0135,0.0135,0.0136,0.0136,0.0136,0.0136,0.0136,0.0136,0.0136,0.0136,0.0136,0.0136,0.0136,0.0136,0.0136,0.0136,0.0136,0.0136,0.0136,0.0136,0.0136,0.0136,0.0136,0.0136,0.0136,0.0136,0.0136,0.0136,0.0136,0.0136,0.0136,0.0136,0.0136,0.0136,0.0136,0.0136,0.0136,0.0136,0.0136,0.0136,0.0136,0.0136,0.0136,0.0136
45118.2916667,0.0040,0.0041,0.0041,0.0041,0.0041,0.0041,0.0041,0.0048,0.0048,0.0048,0.0048,0.0048,0.0048,0.0053,0.0053,0.0053,0.0053,0.0053,0.0053,0.0053,0.0053,0.0053,0.0054,0.0054,0.0054,0.0054,0.0054,0.0054,0.0054,0.0054,0.0054,0.0054,0.0054,0.0055,0.0055,0.0055,0.0055,0.0055,0.0055,0.0059,0.0059,0.0059,0.0059,0.0059,0.0059,0.0059,0.0059,0.0062,0.0062,0.0062,0.0063,0.0063,0.0063,0.0064,0.0064,0.0064,0.0064,0.0064,0.0064,0.0064,0.0064,0.0064,0.0064,0.0064,0.0064,0.0064,0.0064,0.0066,0.0066,0.0066,0.0067,0.0067,0.0067,0.0067,0.0067,0.0067,0.0067,0.0068,0.0068,0.0069,0.0069,0.0069,0.0069,0.0070,0.0070,0.0070,0.0070,0.0070,0.0070,0.0070,0.0070,0.0071,0.0071,0.0071,0.0071,0.0071,0.0071,0.0071,0.0071,0.0071,0.0071,0.0072,0.0103,0.0103,0.0103,0.0104,0.0104,0.0108,0.0108,0.0108,0.0108,0.0108,0.0109,0.0109,0.0109,0.0110,0.0110,0.0110,0.0110,0.0110,0.0110,0.0110,0.0111,0.0111,0.0111,0.0111,0.0111,0.0111,0.0111,0.0111,0.0111,0.0111,0.0111,0.0112,0.0112,0.0112,0.0112,0.0112,0.0113,0.0113,0.0113,0.0113,0.0113,0.0113,0.0113,0.0113,0.0113,0.0113,0.0113,0.0113,0.0114,0.0114,0.0114,0.0114,0.0114,0.0114,0.0114,0.0114,0.0119,0.0119,0.0119,0.0121,0.0124,0.0124,0.0124,0.0124,0.0124,0.0125,0.0125,0.0125,0.0125,0.0134,0.0134,0.0134,0.0135,0.0135,0.0135,0.0135,0.0135,0.0135,0.0135,0.0135,0.0135,0.0135,0.0135,0.0135,0.0135,0.0135,0.0135,0.0135,0.0135,0.0135,0.0135,0.0135,0.0135,0.0135,0.0135,0.0135,0.0135,0.0135,0.0135,0.0135,0.0135,0.0135,0.0135,0.0136,0.0136,0.0136,0.0136,0.0136,0.0136,0.0136,0.0136,0.0136,0.0136,0.0136,0.0136,0.0136,0.0136,0.0136,0.0136,0.0136,0.0136,0.0136,0.0136,0.0136,0.0136,0.0136,0.0136,0.0136,0.0136,0.0136,0.0136,0.0136,0.0136,0.0136
45118.3333333,0.0040,0.0041,0.0041,0.0041,0.0041,0.0041,0.0041,0.0048,0.0048,0.0048,0.0048,0.0048,0.0048,0.0053,0.0053,0.0053,0.0053,0.0053,0.0053,0.0053,0.0053,0.0053,0.0054,0.0054,0.0054,0.0054,0.0054,0.0054,0.0054,0.0054,0.0054,0.0054,0.0054,0.0055,0.0055,0.0055,0.0055,0.0055,0.0055,0.0059,0.0059,0.0059,0.0059,0.0059,0.0059,0.0059,0.0059,0.0062,0.0062,0.0062,0.0063,0.0063,0.0063,0.0064,0.0064,0.0064,0.0064,0.0064,0.0064,0.0064,0.0064,0.0064,0.0064,0.0064,0.0064,0.0064,0.0064,0.0066,0.0066,0.0066,0.0066,0.0066,0.0067,0.0067,0.0067,0.0067,0.0067,0.0068,0.0068,0.0068,0.0068,0.0069,0.0069,0.0070,0.0070,0.0070,0.0070,0.0070,0.0070,0.0070,0.0070,0.0071,0.0071,0.0071,0.0071,0.0071,0.0071,0.0071,0.0071,0.0071,0.0071,0.0071,0.0103,0.0103,0.0103,0.0103,0.0103,0.0107,0.0108,0.0108,0.0108,0.0108,0.0109,0.0109,0.0109,0.0110,0.0110,0.0110,0.0110,0.0110,0.0110,0.0110,0.0111,0.0111,0.0111,0.0111,0.0111,0.0111,0.0111,0.0111,0.0111,0.0111,0.0111,0.0111,0.0112,0.0112,0.0112,0.0112,0.0113,0.0113,0.0113,0.0113,0.0113,0.0113,0.0113,0.0113,0.0113,0.0113,0.0113,0.0113,0.0113,0.0113,0.0114,0.0114,0.0114,0.0114,0.0114,0.0114,0.0119,0.0119,0.0119,0.0121,0.0124,0.0124,0.0124,0.0124,0.0124,0.0125,0.0125,0.0125,0.0125,0.0134,0.0134,0.0134,0.0135,0.0135,0.0135,0.0135,0.0135,0.0135,0.0135,0.0135,0.0135,0.0135,0.0135,0.0135,0.0135,0.0135,0.0135,0.0135,0.0135,0.0135,0.0135,0.0135,0.0135,0.0135,0.0135,0.0135,0.0135,0.0135,0.0135,0.0135,0.0135,0.0135,0.0135,0.0135,0.0135,0.0135,0.0135,0.0135,0.0135,0.0135,0.0135,0.0135,0.0136,0.0136,0.0136,0.0136,0.0136,0.0136,0.0136,0.0136,0.0136,0.0136,0.0136,0.0136,0.0136,0.0136,0.0136,0.0136,0.0136,0.0136,0.0136,0.0136,0.0136,0.0136
45118.3750000,0.0040,0.0041,0.0041,0.0041,0.0041,0.0041,0.0041,0.0048,0.0048,0.0048,0.0048,0.0048,0.0048,0.0053,0.0053,0.0053,0.0053,0.0053,0.0053,0.0053,0.0053,0.0053,0.0054,0.0054,0.0054,0.0054,0.0054,0.0054,0.0054,0.0054,0.0054,0.0054,0.0054,0.0055,0.0055,0.0055,0.0055,0.0055,0.0055,0.0059,0.0059,0.0059,0.0059,0.0059,0.0059,0.0059,0.0059,0.0062,0.0062,0.0062,0.0063,0.0063,0.0063,0.0064,0.0064,0.0064,0.0064,0.0064,0.0064,0.0064,0.0064,0.0064,0.0064,0.0064,0.0064,0.0064,0.0064,0.0066,0.0066,0.0066,0.0066,0.0066,0.0066,0.0067,0.0067,0.0067,0.0067,0.0068,0.0068,0.0068,0.0068,0.0069,0.0069,0.0070,0.0070,0.0070,0.0070,0.0070,0.0070,0.0070,0.0070,0.0071,0.0071,0.0071,0.0071,0.0071,0.0071,0.0071,0.0071,0.0071,0.0071,0.0071,0.0103,0.0103,0.0103,0.0103,0.0103,0.0107,0.0107,0.0107,0.0108,0.0108,0.0109,0.0109,0.0109,0.0109,0.0109,0.0109,0.0110,0.0110,0.0110,0.0110,0.0111,0.0111,0.0111,0.0111,0.0111,0.0111,0.0111,0.0111,0.0111,0.0111,0.0111,0.0111,0.0112,0.0112,0.0112,0.0112,0.0113,0.0113,0.0113,0.0113,0.0113,0.0113,0.0113,0.0113,0.0113,0.0113,0.0113,0.0113,0.0113,0.0113,0.0113,0.0114,0.0114,0.0114,0.0114,0.0114,0.0119,0.0119,0.0119,0.0121,0.0124,0.0124,0.0124,0.0124,0.0124,0.0125,0.0125,0.0125,0.0125,0.0134,0.0134,0.0134,0.0135,0.0135,0.0135,0.0135,0.0135,0.0135,0.0135,0.0135,0.0135,0.0135,0.0135,0.0135,0.0135,0.0135,0.0135,0.0135,0.0135,0.0135,0.0135,0.0135,0.0135,0.0135,0.0135,0.0135,0.0135,0.0135,0.0135,0.0135,0.0135,0.0135,0.0135,0.0135,0.0135,0.0135,0.0135,0.0135,0.0135,0.0135,0.0135,0.0135,0.0135,0.0135,0.0135,0.0135,0.0135,0.0135,0.0135,0.0136,0.0136,0.0136,0.0136,0.0136,0.0136,0.0136,0.0136,0.0136,0.0136,0.0136,0.0136,0.0136,0.0136,0.0136
45118.4166667,0.0040,0.0041,0.0041,0.0041,0.0041,0.0041,0.0041,0.0048,0.0048,0.0048,0.0048,0.0048,0.0048,0.0053,0.0053,0.0053,0.0053,0.0053,0.0053,0.0053,0.0053,0.0053,0.0054,0.0054,0.0054,0.0054,0.0054,0.0054,0.0054,0.0054,0.0054,0.0054,0.0054,0.0055,0.0055,0.0055,0.0055,0.0055,0.0055,0.0059,0.0059,0.0059,0.0059,0.0059,0.0059,0.0059,0.0059,0.0062,0.0062,0.0062,0.0063,0.0063,0.0063,0.0064,0.0064,0.0064,0.0064,0.0064,0.0064,0.0064,0.0064,0.0064,0.0064,0.0064,0.0064,0.0064,0.0064,0.0066,0.0066,0.0066,0.0066,0.0066,0.0066,0.0067,0.0067,0.0067,0.0067,0.0068,0.0068,0.0068,0.0068,0.0068,0.0068,0.0069,0.0069,0.0070,0.0070,0.0070,0.0070,0.0070,0.0070,0.0071,0.0071,0.0071,0.0071,0.0071,0.0071,0.0071,0.0071,0.0071,0.0071,0.0071,0.0103,0.0103,0.0103,0.0103,0.0103,0.0107,0.0107,0.0107,0.0107,0.0108,0.0109,0.0109,0.0109,0.0109,0.0109,0.0109,0.0109,0.0109,0.0109,0.0109,0.0110,0.0110,0.0110,0.0111,0.0111,0.0111,0.0111,0.0111,0.0111,0.0111,0.0111,0.0111,0.0112,0.0112,0.0112,0.0112,0.0113,0.0113,0.0113,0.0113,0.0113,0.0113,0.0113,0.0113,0.0113,0.0113,0.0113,0.0113,0.0113,0.0113,0.0113,0.0113,0.0114,0.0114,0.0114,0.0114,0.0119,0.0119,0.0119,0.0121,0.0124,0.0124,0.0124,0.0124,0.0124,0.0124,0.0124,0.0125,0.0125,0.0134,0.0134,0.0134,0.0134,0.0135,0.0135,0.0135,0.0135,0.0135,0.0135,0.0135,0.0135,0.0135,0.0135,0.0135,0.0135,0.0135,0.0135,0.0135,0.0135,0.0135,0.0135,0.0135,0.0135,0.0135,0.0135,0.0135,0.0135,0.0135,0.0135,0.0135,0.0135,0.0135,0.0135,0.0135,0.0135,0.0135,0.0135,0.0135,0.0135,0.0135,0.0135,0.0135,0.0135,0.0135,0.0135,0.0135,0.0135,0.0135,0.0135,0.0135,0.0135,0.0136,0.0136,0.0136,0.0136,0.0136,0.0136,0.0136,0.0136,0.0136,0.0136,0.0136,0.0136,0.0136
45118.4583333,0.0040,0.0041,0.0041,0.0041,0.0041,0.0041,0.0041,0.0048,0.0048,0.0048,0.0048,0.0048,0.0048,0.0053,0.0053,0.0053,0.0053,0.0053,0.0053,0.0053,0.0053,0.0053,0.0054,0.0054,0.0054,0.0054,0.0054,0.0054,0.0054,0.0054,0.0054,0.0054,0.0054,0.0055,0.0055,0.0055,0.0055,0.0055,0.0055,0.0059,0.0059,0.0059,0.0059,0.0059,0.0059,0.0059,0.0059,0.0062,0.0062,0.0062,0.0063,0.0063,0.0063,0.0064,0.0064,0.0064,0.0064,0.0064,0.0064,0.0064,0.0064,0.0064,0.0064,0.0064,0.0064,0.0064,0.0064,0.0066,0.0066,0.0066,0.0066,0.0066,0.0066,0.0067,0.0067,0.0067,0.0067,0.0068,0.0068,0.0068,0.0068,0.0068,0.0068,0.0069,0.0069,0.0070,0.0070,0.0070,0.0070,0.0070,0.0070,0.0071,0.0071,0.0071,0.0071,0.0071,0.0071,0.0071,0.0071,0.0071,0.0071,0.0071,0.0103,0.0103,0.0103,0.0103,0.0103,0.0107,0.0107,0.0107,0.0107,0.0107,0.0109,0.0109,0.0109,0.0109,0.0109,0.0109,0.0109,0.0109,0.0109,0.0109,0.0110,0.0110,0.0110,0.0110,0.0110,0.0111,0.0111,0.0111,0.0111,0.0111,0.0111,0.0111,0.0112,0.0112,0.0112,0.0112,0.0112,0.0112,0.0112,0.0113,0.0113,0.0113,0.0113,0.0113,0.0113,0.0113,0.0113,0.0113,0.0113,0.0113,0.0113,0.0113,0.0113,0.0113,0.0114,0.0114,0.0119,0.0119,0.0119,0.0121,0.0124,0.0124,0.0124,0.0124,0.0124,0.0124,0.0124,0.0125,0.0125,0.0134,0.0134,0.0134,0.0134,0.0134,0.0134,0.0135,0.0135,0.0135,0.0135,0.0135,0.0135,0.0135,0.0135,0.0135,0.0135,0.0135,0.0135,0.0135,0.0135,0.0135,0.0135,0.0135,0.0135,0.0135,0.0135,0.0135,0.0135,0.0135,0.0135,0.0135,0.0135,0.0135,0.0135,0.0135,0.0135,0.0135,0.0135,0.0135,0.0135,0.0135,0.0135,0.0135,0.0135,0.0135,0.0135,0.0135,0.0135,0.0135,0.0135,0.0135,0.0135,0.0135,0.0135,0.0136,0.0136,0.0136,0.0136,0.0136,0.0136,0.0136,0.0136,0.0136,0.0136,0.0136
45118.5000000,0.0040,0.0041,0.0041,0.0041,0.0041,0.0041,0.0041,0.0048,0.0048,0.0048,0.0048,0.0048,0.0048,0.0053,0.0053,0.0053,0.0053,0.0053,0.0053,0.0053,0.0053,0.0053,0.0054,0.0054,0.0054,0.0054,0.0054,0.0054,0.0054,0.0054,0.0054,0.0054,0.0054,0.0055,0.0055,0.0055,0.0055,0.0055,0.0055,0.0059,0.0059,0.0059,0.0059,0.0059,0.0059,0.0059,0.0059,0.0062,0.0062,0.0062,0.0063,0.0063,0.0063,0.0064,0.0064,0.0064,0.0064,0.0064,0.0064,0.0064,0.0064,0.0064,0.0064,0.0064,0.0064,0.0064,0.0064,0.0066,0.0066,0.0066,0.0066,0.0066,0.0066,0.0067,0.0067,0.0067,0.0067,0.0068,0.0068,0.0068,0.0068,0.0068,0.0068,0.0069,0.0069,0.0070,0.0070,0.0070,0.0070,0.0070,0.0070,0.0071,0.0071,0.0071,0.0071,0.0071,0.0071,0.0071,0.0071,0.0071,0.0071,0.0071,0.0103,0.0103,0.0103,0.0103,0.0103,0.0107,0.0107,0.0107,0.0107,0.0107,0.0109,0.0109,0.0109,0.0109,0.0109,0.0109,0.0109,0.0109,0.0109,0.0109,0.0110,0.0110,0.0110,0.0110,0.0110,0.0110,0.0111,0.0111,0.0111,0.0111,0.0111,0.0111,0.0111,0.0111,0.0112,0.0112,0.0112,0.0112,0.0112,0.0112,0.0112,0.0112,0.0113,0.0113,0.0113,0.0113,0.0113,0.0113,0.0113,0.0113,0.0113,0.0113,0.0113,0.0113,0.0114,0.0114,0.0119,0.0119,0.0119,0.0121,0.0124,0.0124,0.0124,0.0124,0.0124,0.0124,0.0124,0.0124,0.0125,0.0134,0.0134,0.0134,0.0134,0.0134,0.0134,0.0134,0.0134,0.0134,0.0134,0.0134,0.0135,0.0135,0.0135,0.0135,0.0135,0.0135,0.0135,0.0135,0.0135,0.0135,0.0135,0.0135,0.0135,0.0135,0.0135,0.0135,0.0135,0.0135,0.0135,0.0135,0.0135,0.0135,0.0135,0.0135,0.0135,0.0135,0.0135,0.0135,0.0135,0.0135,0.0135,0.0135,0.0135,0.0135,0.0135,0.0135,0.0135,0.0135,0.0135,0.0135,0.0135,0.0135,0.0135,0.0135,0.0135,0.0136,0.0136,0.0136,0.0136,0.0136,0.0136,0.0136,0.0136,0.0136
45118.5416667,0.0040,0.0041,0.0041,0.0041,0.0041,0.0041,0.0041,0.0048,0.0048,0.0048,0.0048,0.0048,0.0048,0.0053,0.0053,0.0053,0.0053,0.0053,0.0053,0.0053,0.0053,0.0053,0.0054,0.0054,0.0054,0.0054,0.0054,0.0054,0.0054,0.0054,0.0054,0.0054,0.0054,0.0055,0.0055,0.0055,0.0055,0.0055,0.0055,0.0059,0.0059,0.0059,0.0059,0.0059,0.0059,0.0059,0.0059,0.0062,0.0062,0.0062,0.0063,0.0063,0.0063,0.0064,0.0064,0.0064,0.0064,0.0064,0.0064,0.0064,0.0064,0.0064,0.0064,0.0064,0.0064,0.0064,0.0064,0.0066,0.0066,0.0066,0.0066,0.0066,0.0066,0.0067,0.0067,0.0067,0.0067,0.0068,0.0068,0.0068,0.0068,0.0068,0.0068,0.0069,0.0069,0.0070,0.0070,0.0070,0.0070,0.0070,0.0070,0.0071,0.0071,0.0071,0.0071,0.0071,0.0071,0.0071,0.0071,0.0071,0.0071,0.0071,0.0103,0.0103,0.0103,0.0103,0.0103,0.0107,0.0107,0.0107,0.0107,0.0107,0.0109,0.0109,0.0109,0.0109,0.0109,0.0109,0.0109,0.0109,0.0109,0.0109,0.0110,0.0110,0.0110,0.0110,0.0110,0.0110,0.0110,0.0111,0.0111,0.0111,0.0111,0.0111,0.0111,0.0111,0.0111,0.0111,0.0112,0.0112,0.0112,0.0112,0.0112,0.0112,0.0112,0.0112,0.0112,0.0113,0.0113,0.0113,0.0113,0.0113,0.0113,0.0113,0.0113,0.0113,0.0113,0.0113,0.0119,0.0119,0.0119,0.0121,0.0124,0.0124,0.0124,0.0124,0.0124,0.0124,0.0124,0.0124,0.0124,0.0134,0.0134,0.0134,0.0134,0.0134,0.0134,0.0134,0.0134,0.0134,0.0134,0.0134,0.0135,0.0135,0.0135,0.0135,0.0135,0.0135,0.0135,0.0135,0.0135,0.0135,0.0135,0.0135,0.0135,0.0135,0.0135,0.0135,0.0135,0.0135,0.0135,0.0135,0.0135,0.0135,0.0135,0.0135,0.0135,0.0135,0.0135,0.0135,0.0135,0.0135,0.0135,0.0135,0.0135,0.0135,0.0135,0.0135,0.0135,0.0135,0.0135,0.0135,0.0135,0.0135,0.0135,0.0135,0.0135,0.0135,0.0135,0.0136,0.0136,0.0136,0.0136,0.0136,0.0136,0.0136
45118.5833333,0.0040,0.0041,0.0041,0.0041,0.0041,0.0041,0.0041,0.0048,0.0048,0.0048,0.0048,0.0048,0.0048,0.0053,0.0053,0.0053,0.0053,0.0053,0.0053,0.0053,0.0053,0.0053,0.0054,0.0054,0.0054,0.0054,0.0054,0.0054,0.0054,0.0054,0.0054,0.0054,0.0054,0.0055,0.0055,0.0055,0.0055,0.0055,0.0055,0.0059,0.0059,0.0059,0.0059,0.0059,0.0059,0.0059,0.0059,0.0062,0.0062,0.0062,0.0063,0.0063,0.0063,0.0064,0.0064,0.0064,0.0064,0.0064,0.0064,0.0064,0.0064,0.0064,0.0064,0.0064,0.0064,0.0064,0.0064,0.0066,0.0066,0.0066,0.0066,0.0066,0.0066,0.0067,0.0067,0.0067,0.0067,0.0068,0.0068,0.0068,0.0068,0.0068,0.0068,0.0069,0.0069,0.0070,0.0070,0.0070,0.0070,0.0070,0.0070,0.0071,0.0071,0.0071,0.0071,0.0071,0.0071,0.0071,0.0071,0.0071,0.0071,0.0071,0.0103,0.0103,0.0103,0.0103,0.0103,0.0107,0.0107,0.0107,0.0107,0.0107,0.0109,0.0109,0.0109,0.0109,0.0109,0.0109,0.0109,0.0109,0.0109,0.0109,0.0110,0.0110,0.0110,0.0110,0.0110,0.0110,0.0110,0.0111,0.0111,0.0111,0.0111,0.0111,0.0111,0.0111,0.0111,0.0111,0.0112,0.0112,0.0112,0.0112,0.0112,0.0112,0.0112,0.0112,0.0112,0.0113,0.0113,0.0113,0.0113,0.0113,0.0113,0.0113,0.0113,0.0113,0.0113,0.0113,0.0119,0.0119,0.0119,0.0120,0.0123,0.0123,0.0124,0.0124,0.0124,0.0124,0.0124,0.0124,0.0124,0.0134,0.0134,0.0134,0.0134,0.0134,0.0134,0.0134,0.0134,0.0134,0.0134,0.0134,0.0134,0.0135,0.0135,0.0135,0.0135,0.0135,0.0135,0.0135,0.0135,0.0135,0.0135,0.0135,0.0135,0.0135,0.0135,0.0135,0.0135,0.0135,0.0135,0.0135,0.0135,0.0135,0.0135,0.0135,0.0135,0.0135,0.0135,0.0135,0.0135,0.0135,0.0135,0.0135,0.0135,0.0135,0.0135,0.0135,0.0135,0.0135,0.0135,0.0135,0.0135,0.0135,0.0135,0.0135,0.0135,0.0135,0.0135,0.0135,0.0135,0.0135,0.0136,0.0136,0.0136,0.0136
45118.6250000,0.0040,0.0041,0.0041,0.0041,0.0041,0.0041,0.0041,0.0048,0.0048,0.0048,0.0048,0.0048,0.0048,0.0053,0.0053,0.0053,0.0053,0.0053,0.0053,0.0053,0.0053,0.0053,0.0054,0.0054,0.0054,0.0054,0.0054,0.0054,0.0054,0.0054,0.0054,0.0054,0.0054,0.0055,0.0055,0.0055,0.0055,0.0055,0.0055,0.0059,0.0059,0.0059,0.0059,0.0059,0.0059,0.0059,0.0059,0.0062,0.0062,0.0062,0.0063,0.0063,0.0063,0.0064,0.0064,0.0064,0.0064,0.0064,0.0064,0.0064,0.0064,0.0064,0.0064,0.0064,0.0064,0.0064,0.0064,0.0066,0.0066,0.0066,0.0066,0.0066,0.0066,0.0067,0.0067,0.0067,0.0067,0.0068,0.0068,0.0068,0.0068,0.0068,0.0068,0.0069,0.0069,0.0070,0.0070,0.0070,0.0070,0.0070,0.0070,0.0071,0.0071,0.0071,0.0071,0.0071,0.0071,0.0071,0.0071,0.0071,0.0071,0.0071,0.0103,0.0103,0.0103,0.0103,0.0103,0.0107,0.0107,0.0107,0.0107,0.0107,0.0109,0.0109,0.0109,0.0109,0.0109,0.0109,0.0109,0.0109,0.0109,0.0109,0.0110,0.0110,0.0110,0.0110,0.0110,0.0110,0.0110,0.0111,0.0111,0.0111,0.0111,0.0111,0.0111,0.0111,0.0111,0.0111,0.0112,0.0112,0.0112,0.0112,0.0112,0.0112,0.0112,0.0112,0.0112,0.0112,0.0113,0.0113,0.0113,0.0113,0.0113,0.0113,0.0113,0.0113,0.0113,0.0113,0.0119,0.0119,0.0119,0.0120,0.0123,0.0123,0.0123,0.0124,0.0124,0.0124,0.0124,0.0124,0.0124,0.0133,0.0134,0.0134,0.0134,0.0134,0.0134,0.0134,0.0134,0.0134,0.0134,0.0134,0.0134,0.0134,0.0134,0.0134,0.0134,0.0134,0.0134,0.0134,0.0135,0.0135,0.0135,0.0135,0.0135,0.0135,0.0135,0.0135,0.0135,0.0135,0.0135,0.0135,0.0135,0.0135,0.0135,0.0135,0.0135,0.0135,0.0135,0.0135,0.0135,0.0135,0.0135,0.0135,0.0135,0.0135,0.0135,0.0135,0.0135,0.0135,0.0135,0.0135,0.0135,0.0135,0.0135,0.0135,0.0135,0.0135,0.0135,0.0135,0.0135,0.0135,0.0135,0.0135,0.0135,0.0135
45118.6666667,0.0040,0.0041,0.0041,0.0041,0.0041,0.0041,0.0041,0.0048,0.0048,0.0048,0.0048,0.0048,0.0048,0.0053,0.0053,0.0053,0.0053,0.0053,0.0053,0.0053,0.0053,0.0053,0.0054,0.0054,0.0054,0.0054,0.0054,0.0054,0.0054,0.0054,0.0054,0.0054,0.0054,0.0055,0.0055,0.0055,0.0055,0.0055,0.0055,0.0059,0.0059,0.0059,0.0059,0.0059,0.0059,0.0059,0.0059,0.0062,0.0062,0.0062,0.0063,0.0063,0.0063,0.0064,0.0064,0.0064,0.0064,0.0064,0.0064,0.0064,0.0064,0.0064,0.0064,0.0064,0.0064,0.0064,0.0064,0.0066,0.0066,0.0066,0.0066,0.0066,0.0066,0.0067,0.0067,0.0067,0.0067,0.0068,0.0068,0.0068,0.0068,0.0068,0.0068,0.0069,0.0069,0.0070,0.0070,0.0070,0.0070,0.0070,0.0070,0.0071,0.0071,0.0071,0.0071,0.0071,0.0071,0.0071,0.0071,0.0071,0.0071,0.0071,0.0103,0.0103,0.0103,0.0103,0.0103,0.0107,0.0107,0.0107,0.0107,0.0107,0.0109,0.0109,0.0109,0.0109,0.0109,0.0109,0.0109,0.0109,0.0109,0.0109,0.0110,0.0110,0.0110,0.0110,0.0110,0.0110,0.0110,0.0111,0.0111,0.0111,0.0111,0.0111,0.0111,0.0111,0.0111,0.0111,0.0112,0.0112,0.0112,0.0112,0.0112,0.0112,0.0112,0.0112,0.0112,0.0112,0.0112,0.0113,0.0113,0.0113,0.0113,0.0113,0.0113,0.0113,0.0113,0.0113,0.0118,0.0118,0.0118,0.0120,0.0123,0.0123,0.0123,0.0123,0.0124,0.0124,0.0124,0.0124,0.0124,0.0133,0.0133,0.0133,0.0134,0.0134,0.0134,0.0134,0.0134,0.0134,0.0134,0.0134,0.0134,0.0134,0.0134,0.0134,0.0134,0.0134,0.0134,0.0134,0.0134,0.0134,0.0134,0.0134,0.0134,0.0134,0.0134,0.0134,0.0134,0.0134,0.0135,0.0135,0.0135,0.0135,0.0135,0.0135,0.0135,0.0135,0.0135,0.0135,0.0135,0.0135,0.0135,0.0135,0.0135,0.0135,0.0135,0.0135,0.0135,0.0135,0.0135,0.0135,0.0135,0.0135,0.0135,0.0135,0.0135,0.0135,0.0135,0.0135,0.0135,0.0135,0.0135,0.0135,0.0135,0.0135
45118.7083333,0.0040,0.0041,0.0041,0.0041,0.0041,0.0041,0.0041,0.0048,0.0048,0.0048,0.0048,0.0048,0.0048,0.0053,0.0053,0.0053,0.0053,0.0053,0.0053,0.0053,0.0053,0.0053,0.0054,0.0054,0.0054,0.0054,0.0054,0.0054,0.0054,0.0054,0.0054,0.0054,0.0054,0.0055,0.0055,0.0055,0.0055,0.0055,0.0055,0.0059,0.0059,0.0059,0.0059,0.0059,0.0059,0.0059,0.0059,0.0062,0.0062,0.0062,0.0063,0.0063,0.0063,0.0064,0.0064,0.0064,0.0064,0.0064,0.0064,0.0064,0.0064,0.0064,0.0064,0.0064,0.0064,0.0064,0.0064,0.0066,0.0066,0.0066,0.0066,0.0066,0.0066,0.0067,0.0067,0.0067,0.0067,0.0068,0.0068,0.0068,0.0068,0.0068,0.0068,0.0069,0.0069,0.0070,0.0070,0.0070,0.0070,0.0070,0.0070,0.0071,0.0071,0.0071,0.0071,0.0071,0.0071,0.0071,0.0071,0.0071,0.0071,0.0071,0.0103,0.0103,0.0103,0.0103,0.0103,0.0107,0.0107,0.0107,0.0107,0.0107,0.0109,0.0109,0.0109,0.0109,0.0109,0.0109,0.0109,0.0109,0.0109,0.0109,0.0110,0.0110,0.0110,0.0110,0.0110,0.0110,0.0110,0.0111,0.0111,0.0111,0.0111,0.0111,0.0111,0.0111,0.0111,0.0111,0.0112,0.0112,0.0112,0.0112,0.0112,0.0112,0.0112,0.0112,0.0112,0.0112,0.0112,0.0113,0.0113,0.0113,0.0113,0.0113,0.0113,0.0113,0.0113,0.0113,0.0118,0.0118,0.0118,0.0120,0.0123,0.0123,0.0123,0.0123,0.0123,0.0124,0.0124,0.0124,0.0124,0.0133,0.0133,0.0133,0.0134,0.0134,0.0134,0.0134,0.0134,0.0134,0.0134,0.0134,0.0134,0.0134,0.0134,0.0134,0.0134,0.0134,0.0134,0.0134,0.0134,0.0134,0.0134,0.0134,0.0134,0.0134,0.0134,0.0134,0.0134,0.0134,0.0134,0.0134,0.0134,0.0134,0.0134,0.0134,0.0134,0.0134,0.0135,0.0135,0.0135,0.0135,0.0135,0.0135,0.0135,0.0135,0.0135,0.0135,0.0135,0.0135,0.0135,0.0135,0.0135,0.0135,0.0135,0.0135,0.0135,0.0135,0.0135,0.0135,0.0135,0.0135,0.0135,0.0135,0.0135,0.0135
45118.7500000,0.0040,0.0041,0.0041,0.0041,0.0041,0.0041,0.0041,0.0048,0.0048,0.0048,0.0048,0.0048,0.0048,0.0053,0.0053,0.0053,0.0053,0.0053,0.0053,0.0053,0.0053,0.0053,0.0054,0.0054,0.0054,0.0054,0.0054,0.0054,0.0054,0.0054,0.0054,0.0054,0.0054,0.0055,0.0055,0.0055,0.0055,0.0055,0.0055,0.0059,0.0059,0.0059,0.0059,0.0059,0.0059,0.0059,0.0059,0.0062,0.0062,0.0062,0.0063,0.0063,0.0063,0.0064,0.0064,0.0064,0.0064,0.0064,0.0064,0.0064,0.0064,0.0064,0.0064,0.0064,0.0064,0.0064,0.0064,0.0066,0.0066,0.0066,0.0066,0.0066,0.0066,0.0067,0.0067,0.0067,0.0067,0.0068,0.0068,0.0068,0.0068,0.0068,0.0068,0.0069,0.0069,0.0070,0.0070,0.0070,0.0070,0.0070,0.0070,0.0071,0.0071,0.0071,0.0071,0.0071,0.0071,0.0071,0.0071,0.0071,0.0071,0.0071,0.0103,0.0103,0.0103,0.0103,0.0103,0.0107,0.0107,0.0107,0.0107,0.0107,0.0109,0.0109,0.0109,0.0109,0.0109,0.0109,0.0109,0.0109,0.0109,0.0109,0.0110,0.0110,0.0110,0.0110,0.0110,0.0110,0.0110,0.0111,0.0111,0.0111,0.0111,0.0111,0.0111,0.0111,0.0111,0.0111,0.0112,0.0112,0.0112,0.0112,0.0112,0.0112,0.0112,0.0112,0.0112,0.0112,0.0112,0.0113,0.0113,0.0113,0.0113,0.0113,0.0113,0.0113,0.0113,0.0113,0.0118,0.0118,0.0118,0.0120,0.0123,0.0123,0.0123,0.0123,0.0123,0.0124,0.0124,0.0124,0.0124,0.0133,0.0133,0.0133,0.0134,0.0134,0.0134,0.0134,0.0134,0.0134,0.0134,0.0134,0.0134,0.0134,0.0134,0.0134,0.0134,0.0134,0.0134,0.0134,0.0134,0.0134,0.0134,0.0134,0.0134,0.0134,0.0134,0.0134,0.0134,0.0134,0.0134,0.0134,0.0134,0.0134,0.0134,0.0134,0.0134,0.0134,0.0134,0.0134,0.0134,0.0134,0.0134,0.0134,0.0135,0.0135,0.0135,0.0135,0.0135,0.0135,0.0135,0.0135,0.0135,0.0135,0.0135,0.0135,0.0135,0.0135,0.0135,0.0135,0.0135,0.0135,0.0135,0.0135,0.0135,0.0135
45118.7916667,0.0040,0.0041,0.0041,0.0041,0.0041,0.0041,0.0041,0.0048,0.0048,0.0048,0.0048,0.0048,0.0048,0.0053,0.0053,0.0053,0.0053,0.0053,0.0053,0.0053,0.0053,0.0053,0.0054,0.0054,0.0054,0.0054,0.0054,0.0054,0.0054,0.0054,0.0054,0.0054,0.0054,0.0055,0.0055,0.0055,0.0055,0.0055,0.0055,0.0059,0.0059,0.0059,0.0059,0.0059,0.0059,0.0059,0.0059,0.0062,0.0062,0.0062,0.0063,0.0063,0.0063,0.0064,0.0064,0.0064,0.0064,0.0064,0.0064,0.0064,0.0064,0.0064,0.0064,0.0064,0.0064,0.0064,0.0064,0.0066,0.0066,0.0066,0.0066,0.0066,0.0066,0.0067,0.0067,0.0067,0.0067,0.0068,0.0068,0.0068,0.0068,0.0068,0.0068,0.0069,0.0069,0.0070,0.0070,0.0070,0.0070,0.0070,0.0070,0.0071,0.0071,0.0071,0.0071,0.0071,0.0071,0.0071,0.0071,0.0071,0.0071,0.0071,0.0103,0.0103,0.0103,0.0103,0.0103,0.0107,0.0107,0.0107,0.0107,0.0107,0.0109,0.0109,0.0109,0.0109,0.0109,0.0109,0.0109,0.0109,0.0109,0.0109,0.0110,0.0110,0.0110,0.0110,0.0110,0.0110,0.0110,0.0111,0.0111,0.0111,0.0111,0.0111,0.0111,0.0111,0.0111,0.0111,0.0112,0.0112,0.0112,0.0112,0.0112,0.0112,0.0112,0.0112,0.0112,0.0112,0.0112,0.0113,0.0113,0.0113,0.0113,0.0113,0.0113,0.0113,0.0113,0.0113,0.0118,0.0118,0.0118,0.0120,0.0123,0.0123,0.0123,0.0123,0.0123,0.0124,0.0124,0.0124,0.0124,0.0133,0.0133,0.0133,0.0134,0.0134,0.0134,0.0134,0.0134,0.0134,0.0134,0.0134,0.0134,0.0134,0.0134,0.0134,0.0134,0.0134,0.0134,0.0134,0.0134,0.0134,0.0134,0.0134,0.0134,0.0134,0.0134,0.0134,0.0134,0.0134,0.0134,0.0134,0.0134,0.0134,0.0134,0.0134,0.0134,0.0134,0.0134,0.0134,0.0134,0.0134,0.0134,0.0134,0.0134,0.0134,0.0134,0.0135,0.0135,0.0135,0.0135,0.0135,0.0135,0.0135,0.0135,0.0135,0.0135,0.0135,0.0135,0.0135,0.0135,0.0135,0.0135,0.0135,0.0135,0.0135
45118.8333333,0.0040,0.0041,0.0041,0.0041,0.0041,0.0041,0.0041,0.0048,0.0048,0.0048,0.0048,0.0048,0.0048,0.0053,0.0053,0.0053,0.0053,0.0053,0.0053,0.0053,0.0053,0.0053,0.0054,0.0054,0.0054,0.0054,0.0054,0.0054,0.0054,0.0054,0.0054,0.0054,0.0054,0.0055,0.0055,0.0055,0.0055,0.0055,0.0055,0.0059,0.0059,0.0059,0.0059,0.0059,0.0059,0.0059,0.0059,0.0062,0.0062,0.0062,0.0063,0.0063,0.0063,0.0064,0.0064,0.0064,0.0064,0.0064,0.0064,0.0064,0.0064,0.0064,0.0064,0.0064,0.0064,0.0064,0.0064,0.0066,0.0066,0.0066,0.0066,0.0066,0.0066,0.0067,0.0067,0.0067,0.0067,0.0068,0.0068,0.0068,0.0068,0.0068,0.0068,0.0069,0.0069,0.0070,0.0070,0.0070,0.0070,0.0070,0.0070,0.0071,0.0071,0.0071,0.0071,0.0071,0.0071,0.0071,0.0071,0.0071,0.0071,0.0071,0.0103,0.0103,0.0103,0.0103,0.0103,0.0107,0.0107,0.0107,0.0107,0.0107,0.0109,0.0109,0.0109,0.0109,0.0109,0.0109,0.0109,0.0109,0.0109,0.0109,0.0110,0.0110,0.0110,0.0110,0.0110,0.0110,0.0110,0.0111,0.0111,0.0111,0.0111,0.0111,0.0111,0.0111,0.0111,0.0111,0.0112,0.0112,0.0112,0.0112,0.0112,0.0112,0.0112,0.0112,0.0112,0.0112,0.0112,0.0113,0.0113,0.0113,0.0113,0.0113,0.0113,0.0113,0.0113,0.0113,0.0118,0.0118,0.0118,0.0120,0.0123,0.0123,0.0123,0.0123,0.0123,0.0124,0.0124,0.0124,0.0124,0.0133,0.0133,0.0133,0.0134,0.0134,0.0134,0.0134,0.0134,0.0134,0.0134,0.0134,0.0134,0.0134,0.0134,0.0134,0.0134,0.0134,0.0134,0.0134,0.0134,0.0134,0.0134,0.0134,0.0134,0.0134,0.0134,0.0134,0.0134,0.0134,0.0134,0.0134,0.0134,0.0134,0.0134,0.0134,0.0134,0.0134,0.0134,0.0134,0.0134,0.0134,0.0134,0.0134,0.0134,0.0134,0.0134,0.0134,0.0134,0.0135,0.0135,0.0135,0.0135,0.0135,0.0135,0.0135,0.0135,0.0135,0.0135,0.0135,0.0135,0.0135,0.0135,0.0135,0.0135,0.0135
45118.8750000,0.0040,0.0041,0.0041,0.0041,0.0041,0.0041,0.0041,0.0048,0.0048,0.0048,0.0048,0.0048,0.0048,0.0053,0.0053,0.0053,0.0053,0.0053,0.0053,0.0053,0.0053,0.0053,0.0054,0.0054,0.0054,0.0054,0.0054,0.0054,0.0054,0.0054,0.0054,0.0054,0.0054,0.0055,0.0055,0.0055,0.0055,0.0055,0.0055,0.0059,0.0059,0.0059,0.0059,0.0059,0.0059,0.0059,0.0059,0.0062,0.0062,0.0062,0.0063,0.0063,0.0063,0.0064,0.0064,0.0064,0.0064,0.0064,0.0064,0.0064,0.0064,0.0064,0.0064,0.0064,0.0064,0.0064,0.0064,0.0066,0.0066,0.0066,0.0066,0.0066,0.0066,0.0067,0.0067,0.0067,0.0067,0.0068,0.0068,0.0068,0.0068,0.0068,0.0068,0.0069,0.0069,0.0070,0.0070,0.0070,0.0070,0.0070,0.0070,0.0071,0.0071,0.0071,0.0071,0.0071,0.0071,0.0071,0.0071,0.0071,0.0071,0.0071,0.0103,0.0103,0.0103,0.0103,0.0103,0.0107,0.0107,0.0107,0.0107,0.0107,0.0109,0.0109,0.0109,0.0109,0.0109,0.0109,0.0109,0.0109,0.0109,0.0109,0.0110,0.0110,0.0110,0.0110,0.0110,0.0110,0.0110,0.0111,0.0111,0.0111,0.0111,0.0111,0.0111,0.0111,0.0111,0.0111,0.0112,0.0112,0.0112,0.0112,0.0112,0.0112,0.0112,0.0112,0.0112,0.0112,0.0112,0.0113,0.0113,0.0113,0.0113,0.0113,0.0113,0.0113,0.0113,0.0113,0.0118,0.0118,0.0118,0.0120,0.0123,0.0123,0.0123,0.0123,0.0123,0.0124,0.0124,0.0124,0.0124,0.0133,0.0133,0.0133,0.0134,0.0134,0.0134,0.0134,0.0134,0.0134,0.0134,0.0134,0.0134,0.0134,0.0134,0.0134,0.0134,0.0134,0.0134,0.0134,0.0134,0.0134,0.0134,0.0134,0.0134,0.0134,0.0134,0.0134,0.0134,0.0134,0.0134,0.0134,0.0134,0.0134,0.0134,0.0134,0.0134,0.0134,0.0134,0.0134,0.0134,0.0134,0.0134,0.0134,0.0134,0.0134,0.0134,0.0134,0.0134,0.0135,0.0135,0.0135,0.0135,0.0135,0.0135,0.0135,0.0135,0.0135,0.0135,0.0135,0.0135,0.0135,0.0135,0.0135,0.0135,0.0135
45118.9166667,0.0040,0.0041,0.0041,0.0041,0.0041,0.0041,0.0041,0.0048,0.0048,0.0048,0.0048,0.0048,0.0048,0.0053,0.0053,0.0053,0.0053,0.0053,0.0053,0.0053,0.0053,0.0053,0.0054,0.0054,0.0054,0.0054,0.0054,0.0054,0.0054,0.0054,0.0054,0.0054,0.0054,0.0055,0.0055,0.0055,0.0055,0.0055,0.0055,0.0059,0.0059,0.0059,0.0059,0.0059,0.0059,0.0059,0.0059,0.0062,0.0062,0.0062,0.0063,0.0063,0.0063,0.0064,0.0064,0.0064,0.0064,0.0064,0.0064,0.0064,0.0064,0.0064,0.0064,0.0064,0.0064,0.0064,0.0064,0.0066,0.0066,0.0066,0.0066,0.0066,0.0066,0.0067,0.0067,0.0067,0.0067,0.0068,0.0068,0.0068,0.0068,0.0068,0.0068,0.0069,0.0069,0.0070,0.0070,0.0070,0.0070,0.0070,0.0070,0.0071,0.0071,0.0071,0.0071,0.0071,0.0071,0.0071,0.0071,0.0071,0.0071,0.0071,0.0103,0.0103,0.0103,0.0103,0.0103,0.0107,0.0107,0.0107,0.0107,0.0107,0.0109,0.0109,0.0109,0.0109,0.0109,0.0109,0.0109,0.0109,0.0109,0.0109,0.0110,0.0110,0.0110,0.0110,0.0110,0.0110,0.0110,0.0111,0.0111,0.0111,0.0111,0.0111,0.0111,0.0111,0.0111,0.0111,0.0112,0.0112,0.0112,0.0112,0.0112,0.0112,0.0112,0.0112,0.0112,0.0112,0.0112,0.0113,0.0113,0.0113,0.0113,0.0113,0.0113,0.0113,0.0113,0.0113,0.0118,0.0118,0.0118,0.0120,0.0123,0.0123,0.0123,0.0123,0.0123,0.0124,0.0124,0.0124,0.0124,0.0133,0.0133,0.0133,0.0134,0.0134,0.0134,0.0134,0.0134,0.0134,0.0134,0.0134,0.0134,0.0134,0.0134,0.0134,0.0134,0.0134,0.0134,0.0134,0.0134,0.0134,0.0134,0.0134,0.0134,0.0134,0.0134,0.0134,0.0134,0.0134,0.0134,0.0134,0.0134,0.0134,0.0134,0.0134,0.0134,0.0134,0.0134,0.0134,0.0134,0.0134,0.0134,0.0134,0.0134,0.0134,0.0134,0.0134,0.0134,0.0135,0.0135,0.0135,0.0135,0.0135,0.0135,0.0135,0.0135,0.0135,0.0135,0.0135,0.0135,0.0135,0.0135,0.0135,0.0135,0.0135
45118.9583333,0.0040,0.0041,0.0041,0.0041,0.0041,0.0041,0.0041,0.0048,0.0048,0.0048,0.0048,0.0048,0.0048,0.0053,0.0053,0.0053,0.0053,0.0053,0.0053,0.0053,0.0053,0.0053,0.0054,0.0054,0.0054,0.0054,0.0054,0.0054,0.0054,0.0054,0.0054,0.0054,0.0054,0.0055,0.0055,0.0055,0.0055,0.0055,0.0055,0.0059,0.0059,0.0059,0.0059,0.0059,0.0059,0.0059,0.0059,0.0062,0.0062,0.0062,0.0063,0.0063,0.0063,0.0064,0.0064,0.0064,0.0064,0.0064,0.0064,0.0064,0.0064,0.0064,0.0064,0.0064,0.0064,0.0064,0.0064,0.0066,0.0066,0.0066,0.0066,0.0066,0.0066,0.0067,0.0067,0.0067,0.0067,0.0068,0.0068,0.0068,0.0068,0.0068,0.0068,0.0069,0.0069,0.0070,0.0070,0.0070,0.0070,0.0070,0.0070,0.0071,0.0071,0.0071,0.0071,0.0071,0.0071,0.0071,0.0071,0.0071,0.0071,0.0071,0.0103,0.0103,0.0103,0.0103,0.0103,0.0107,0.0107,0.0107,0.0107,0.0107,0.0109,0.0109,0.0109,0.0109,0.0109,0.0109,0.0109,0.0109,0.0109,0.0109,0.0110,0.0110,0.0110,0.0110,0.0110,0.0110,0.0110,0.0111,0.0111,0.0111,0.0111,0.0111,0.0111,0.0111,0.0111,0.0111,0.0112,0.0112,0.0112,0.0112,0.0112,0.0112,0.0112,0.0112,0.0112,0.0112,0.0112,0.0113,0.0113,0.0113,0.0113,0.0113,0.0113,0.0113,0.0113,0.0113,0.0118,0.0118,0.0118,0.0120,0.0123,0.0123,0.0123,0.0123,0.0123,0.0124,0.0124,0.0124,0.0124,0.0133,0.0133,0.0133,0.0134,0.0134,0.0134,0.0134,0.0134,0.0134,0.0134,0.0134,0.0134,0.0134,0.0134,0.0134,0.0134,0.0134,0.0134,0.0134,0.0134,0.0134,0.0134,0.0134,0.0134,0.0134,0.0134,0.0134,0.0134,0.0134,0.0134,0.0134,0.0134,0.0134,0.0134,0.0134,0.0134,0.0134,0.0134,0.0134,0.0134,0.0134,0.0134,0.0134,0.0134,0.0134,0.0134,0.0134,0.0134,0.0135,0.0135,0.0135,0.0135,0.0135,0.0135,0.0135,0.0135,0.0135,0.0135,0.0135,0.0135,0.0135,0.0135,0.0135,0.0135,0.0135
45119.0000000,0.0042,0.0042,0.0042,0.0042,0.0042,0.0042,0.0042,0.0049,0.0049,0.0049,0.0049,0.0049,0.0048,0.0053,0.0053,0.0053,0.0053,0.0053,0.0053,0.0053,0.0053,0.0053,0.0054,0.0054,0.0054,0.0054,0.0054,0.0054,0.0054,0.0054,0.0054,0.0054,0.0054,0.0055,0.0055,0.0055,0.0055,0.0055,0.0055,0.0059,0.0059,0.0059,0.0059,0.0059,0.0059,0.0059,0.0059,0.0063,0.0063,0.0063,0.0063,0.0063,0.0063,0.0064,0.0064,0.0064,0.0064,0.0064,0.0064,0.0064,0.0064,0.0064,0.0064,0.0064,0.0064,0.0064,0.0064,0.0066,0.0066,0.0066,0.0066,0.0066,0.0066,0.0067,0.0067,0.0067,0.0067,0.0068,0.0068,0.0068,0.0068,0.0068,0.0068,0.0069,0.0069,0.0070,0.0070,0.0070,0.0070,0.0070,0.0070,0.0071,0.0071,0.0071,0.0071,0.0071,0.0071,0.0071,0.0071,0.0071,0.0071,0.0071,0.0104,0.0104,0.0104,0.0103,0.0103,0.0108,0.0107,0.0107,0.0108,0.0108,0.0109,0.0109,0.0109,0.0109,0.0109,0.0109,0.0109,0.0109,0.0109,0.0109,0.0110,0.0110,0.0110,0.0110,0.0110,0.0110,0.0110,0.0111,0.0111,0.0111,0.0111,0.0111,0.0111,0.0111,0.0111,0.0111,0.0112,0.0112,0.0112,0.0112,0.0112,0.0112,0.0112,0.0112,0.0112,0.0112,0.0112,0.0113,0.0113,0.0113,0.0113,0.0113,0.0113,0.0113,0.0113,0.0113,0.0119,0.0119,0.0119,0.0120,0.0123,0.0123,0.0124,0.0124,0.0124,0.0124,0.0124,0.0124,0.0124,0.0134,0.0134,0.0134,0.0134,0.0134,0.0134,0.0134,0.0134,0.0134,0.0134,0.0134,0.0134,0.0134,0.0134,0.0134,0.0134,0.0134,0.0134,0.0134,0.0134,0.0134,0.0134,0.0134,0.0134,0.0134,0.0134,0.0134,0.0134,0.0134,0.0134,0.0134,0.0134,0.0134,0.0134,0.0134,0.0134,0.0134,0.0134,0.0134,0.0134,0.0134,0.0134,0.0134,0.0134,0.0134,0.0134,0.0134,0.0134,0.0135,0.0135,0.0135,0.0135,0.0135,0.0135,0.0135,0.0135,0.0135,0.0135,0.0135,0.0135,0.0135,0.0135,0.0135,0.0135,0.0135
45119.0416667,0.0042,0.0042,0.0042,0.0042,0.0042,0.0042,0.0042,0.0049,0.0049,0.0049,0.0049,0.0049,0.0049,0.0054,0.0054,0.0054,0.0054,0.0054,0.0054,0.0054,0.0054,0.0054,0.0054,0.0054,0.0054,0.0054,0.0054,0.0054,0.0054,0.0054,0.0054,0.0054,0.0055,0.0055,0.0055,0.0055,0.0055,0.0055,0.0055,0.0059,0.0059,0.0059,0.0059,0.0059,0.0059,0.0059,0.0059,0.0063,0.0063,0.0063,0.0063,0.0063,0.0063,0.0064,0.0064,0.0064,0.0064,0.0064,0.0064,0.0064,0.0064,0.0064,0.0064,0.0064,0.0064,0.0064,0.0065,0.0066,0.0066,0.0066,0.0066,0.0066,0.0066,0.0067,0.0067,0.0067,0.0067,0.0068,0.0068,0.0068,0.0068,0.0068,0.0069,0.0070,0.0070,0.0070,0.0070,0.0070,0.0070,0.0070,0.0070,0.0071,0.0071,0.0071,0.0071,0.0071,0.0071,0.0071,0.0071,0.0071,0.0071,0.0071,0.0104,0.0104,0.0104,0.0104,0.0104,0.0108,0.0108,0.0108,0.0108,0.0108,0.0109,0.0109,0.0110,0.0110,0.0110,0.0110,0.0110,0.0110,0.0110,0.0110,0.0110,0.0110,0.0110,0.0110,0.0110,0.0111,0.0111,0.0111,0.0111,0.0111,0.0111,0.0111,0.0111,0.0111,0.0111,0.0111,0.0112,0.0112,0.0112,0.0112,0.0112,0.0112,0.0112,0.0112,0.0112,0.0112,0.0112,0.0113,0.0113,0.0113,0.0113,0.0113,0.0113,0.0113,0.0113,0.0113,0.0119,0.0119,0.0119,0.0120,0.0123,0.0123,0.0124,0.0124,0.0124,0.0124,0.0124,0.0124,0.0124,0.0134,0.0134,0.0134,0.0134,0.0134,0.0134,0.0134,0.0134,0.0134,0.0134,0.0134,0.0134,0.0134,0.0134,0.0134,0.0134,0.0134,0.0134,0.0134,0.0134,0.0134,0.0134,0.0134,0.0134,0.0134,0.0134,0.0134,0.0134,0.0134,0.0134,0.0134,0.0134,0.0134,0.0134,0.0134,0.0134,0.0134,0.0134,0.0134,0.0134,0.0134,0.0134,0.0134,0.0134,0.0134,0.0134,0.0134,0.0134,0.0135,0.0135,0.0135,0.0135,0.0135,0.0135,0.0135,0.0135,0.0135,0.0135,0.0135,0.0135,0.0135,0.0135,0.0135,0.0135,0.0135
45119.0833333,0.0042,0.0042,0.0042,0.0042,0.0042,0.0042,0.0042,0.0049,0.0049,0.0049,0.0049,0.0049,0.0049,0.0054,0.0055,0.0055,0.0055,0.0055,0.0055,0.0055,0.0055,0.0055,0.0055,0.0055,0.0055,0.0055,0.0055,0.0055,0.0056,0.0055,0.0055,0.0055,0.0055,0.0055,0.0055,0.0055,0.0055,0.0055,0.0055,0.0059,0.0059,0.0059,0.0059,0.0059,0.0059,0.0059,0.0059,0.0063,0.0063,0.0063,0.0063,0.0063,0.0064,0.0064,0.0064,0.0064,0.0064,0.0064,0.0064,0.0064,0.0064,0.0064,0.0064,0.0064,0.0065,0.0065,0.0065,0.0066,0.0066,0.0066,0.0066,0.0067,0.0067,0.0067,0.0067,0.0067,0.0067,0.0068,0.0068,0.0068,0.0068,0.0069,0.0069,0.0070,0.0070,0.0070,0.0070,0.0070,0.0070,0.0070,0.0070,0.0071,0.0071,0.0071,0.0071,0.0071,0.0071,0.0071,0.0071,0.0071,0.0071,0.0071,0.0104,0.0104,0.0104,0.0104,0.0104,0.0108,0.0108,0.0108,0.0108,0.0108,0.0110,0.0110,0.0110,0.0110,0.0110,0.0110,0.0110,0.0110,0.0110,0.0110,0.0111,0.0111,0.0111,0.0111,0.0111,0.0111,0.0111,0.0111,0.0111,0.0111,0.0111,0.0111,0.0112,0.0112,0.0112,0.0112,0.0112,0.0112,0.0112,0.0112,0.0112,0.0112,0.0112,0.0112,0.0112,0.0112,0.0112,0.0113,0.0113,0.0113,0.0113,0.0113,0.0113,0.0113,0.0113,0.0113,0.0119,0.0119,0.0119,0.0120,0.0123,0.0123,0.0124,0.0124,0.0124,0.0124,0.0124,0.0124,0.0124,0.0134,0.0134,0.0134,0.0134,0.0134,0.0134,0.0134,0.0134,0.0134,0.0134,0.0134,0.0134,0.0135,0.0135,0.0135,0.0135,0.0135,0.0135,0.0135,0.0135,0.0135,0.0135,0.0135,0.0135,0.0135,0.0135,0.0135,0.0135,0.0135,0.0135,0.0135,0.0135,0.0135,0.0135,0.0135,0.0135,0.0135,0.0135,0.0135,0.0135,0.0135,0.0135,0.0135,0.0135,0.0135,0.0135,0.0135,0.0135,0.0135,0.0135,0.0135,0.0135,0.0135,0.0135,0.0135,0.0135,0.0135,0.0135,0.0135,0.0135,0.0135,0.0135,0.0135,0.0135,0.0135
45119.1250000,0.0042,0.0042,0.0042,0.0042,0.0042,0.0042,0.0042,0.0049,0.0049,0.0049,0.0049,0.0049,0.0049,0.0054,0.0055,0.0055,0.0055,0.0055,0.0055,0.0055,0.0055,0.0055,0.0055,0.0055,0.0055,0.0055,0.0055,0.0055,0.0056,0.0056,0.0056,0.0056,0.0056,0.0056,0.0056,0.0056,0.0056,0.0056,0.0056,0.0060,0.0060,0.0060,0.0060,0.0060,0.0060,0.0059,0.0059,0.0063,0.0063,0.0063,0.0063,0.0063,0.0064,0.0064,0.0064,0.0064,0.0064,0.0064,0.0064,0.0064,0.0064,0.0064,0.0064,0.0065,0.0065,0.0065,0.0065,0.0066,0.0066,0.0067,0.0067,0.0067,0.0067,0.0067,0.0067,0.0067,0.0067,0.0068,0.0068,0.0068,0.0068,0.0069,0.0069,0.0070,0.0070,0.0070,0.0070,0.0070,0.0070,0.0070,0.0070,0.0071,0.0071,0.0071,0.0071,0.0071,0.0071,0.0071,0.0071,0.0071,0.0071,0.0071,0.0104,0.0104,0.0104,0.0104,0.0104,0.0108,0.0108,0.0108,0.0108,0.0108,0.0110,0.0110,0.0110,0.0110,0.0110,0.0110,0.0110,0.0110,0.0110,0.0110,0.0111,0.0111,0.0111,0.0111,0.0111,0.0111,0.0112,0.0112,0.0112,0.0112,0.0112,0.0112,0.0112,0.0112,0.0112,0.0112,0.0113,0.0113,0.0113,0.0113,0.0113,0.0113,0.0113,0.0113,0.0113,0.0113,0.0113,0.0113,0.0113,0.0113,0.0113,0.0113,0.0113,0.0113,0.0113,0.0113,0.0119,0.0119,0.0119,0.0121,0.0123,0.0123,0.0124,0.0124,0.0124,0.0124,0.0124,0.0124,0.0124,0.0134,0.0134,0.0134,0.0134,0.0134,0.0134,0.0134,0.0134,0.0134,0.0134,0.0134,0.0134,0.0135,0.0135,0.0135,0.0135,0.0135,0.0135,0.0135,0.0135,0.0135,0.0135,0.0135,0.0135,0.0135,0.0135,0.0135,0.0135,0.0135,0.0135,0.0135,0.0135,0.0135,0.0135,0.0135,0.0135,0.0135,0.0135,0.0135,0.0135,0.0135,0.0135,0.0135,0.0135,0.0135,0.0135,0.0135,0.0135,0.0135,0.0135,0.0135,0.0135,0.0135,0.0135,0.0135,0.0135,0.0135,0.0135,0.0135,0.0135,0.0135,0.0135,0.0135,0.0135,0.0135
45119.1666667,0.0042,0.0042,0.0042,0.0042,0.0042,0.0042,0.0042,0.0049,0.0049,0.0049,0.0049,0.0049,0.0049,0.0054,0.0055,0.0055,0.0055,0.0055,0.0055,0.0055,0.0055,0.0055,0.0055,0.0055,0.0055,0.0055,0.0055,0.0055,0.0056,0.0056,0.0056,0.0056,0.0056,0.0056,0.0056,0.0056,0.0056,0.0056,0.0056,0.0060,0.0060,0.0060,0.0060,0.0060,0.0060,0.0060,0.0060,0.0064,0.0064,0.0064,0.0064,0.0064,0.0064,0.0065,0.0065,0.0064,0.0064,0.0064,0.0065,0.0065,0.0065,0.0065,0.0065,0.0065,0.0065,0.0065,0.0065,0.0067,0.0067,0.0067,0.0067,0.0067,0.0067,0.0067,0.0067,0.0067,0.0067,0.0068,0.0068,0.0068,0.0069,0.0069,0.0069,0.0070,0.0070,0.0070,0.0070,0.0070,0.0070,0.0070,0.0070,0.0071,0.0071,0.0071,0.0071,0.0071,0.0071,0.0071,0.0071,0.0071,0.0071,0.0071,0.0104,0.0104,0.0104,0.0104,0.0104,0.0108,0.0108,0.0108,0.0108,0.0108,0.0110,0.0110,0.0110,0.0110,0.0110,0.0110,0.0110,0.0110,0.0110,0.0110,0.0111,0.0111,0.0111,0.0111,0.0111,0.0112,0.0112,0.0112,0.0112,0.0112,0.0112,0.0112,0.0112,0.0112,0.0112,0.0113,0.0113,0.0113,0.0113,0.0113,0.0113,0.0113,0.0113,0.0113,0.0113,0.0113,0.0113,0.0113,0.0113,0.0113,0.0113,0.0113,0.0113,0.0113,0.0113,0.0113,0.0119,0.0119,0.0119,0.0121,0.0124,0.0124,0.0124,0.0124,0.0124,0.0124,0.0124,0.0124,0.0124,0.0134,0.0134,0.0134,0.0134,0.0134,0.0134,0.0134,0.0134,0.0134,0.0134,0.0134,0.0134,0.0135,0.0135,0.0135,0.0135,0.0135,0.0135,0.0135,0.0135,0.0135,0.0135,0.0135,0.0135,0.0135,0.0135,0.0135,0.0135,0.0135,0.0135,0.0135,0.0135,0.0135,0.0135,0.0135,0.0135,0.0135,0.0135,0.0135,0.0135,0.0135,0.0135,0.0135,0.0135,0.0135,0.0135,0.0135,0.0135,0.0135,0.0135,0.0135,0.0135,0.0135,0.0135,0.0135,0.0135,0.0135,0.0135,0.0135,0.0135,0.0135,0.0135,0.0135,0.0135,0.0135
45119.2083333,0.0042,0.0042,0.0042,0.0042,0.0042,0.0042,0.0042,0.0049,0.0049,0.0049,0.0049,0.0049,0.0049,0.0054,0.0055,0.0055,0.0055,0.0055,0.0055,0.0055,0.0055,0.0055,0.0055,0.0055,0.0055,0.0055,0.0055,0.0055,0.0056,0.0056,0.0056,0.0056,0.0056,0.0056,0.0056,0.0056,0.0056,0.0056,0.0056,0.0060,0.0060,0.0060,0.0060,0.0060,0.0060,0.0061,0.0061,0.0064,0.0064,0.0064,0.0065,0.0065,0.0065,0.0065,0.0065,0.0065,0.0065,0.0065,0.0066,0.0066,0.0066,0.0066,0.0066,0.0065,0.0065,0.0065,0.0065,0.0067,0.0067,0.0067,0.0067,0.0067,0.0067,0.0067,0.0067,0.0067,0.0067,0.0068,0.0068,0.0069,0.0069,0.0069,0.0069,0.0070,0.0070,0.0070,0.0070,0.0070,0.0070,0.0070,0.0070,0.0071,0.0071,0.0071,0.0071,0.0071,0.0071,0.0071,0.0071,0.0071,0.0071,0.0071,0.0104,0.0104,0.0104,0.0104,0.0104,0.0108,0.0108,0.0108,0.0109,0.0109,0.0110,0.0110,0.0110,0.0110,0.0110,0.0110,0.0110,0.0110,0.0110,0.0110,0.0111,0.0111,0.0111,0.0111,0.0111,0.0112,0.0112,0.0112,0.0112,0.0112,0.0112,0.0112,0.0112,0.0112,0.0112,0.0113,0.0113,0.0113,0.0113,0.0113,0.0113,0.0113,0.0113,0.0113,0.0113,0.0114,0.0114,0.0114,0.0114,0.0114,0.0114,0.0114,0.0114,0.0114,0.0114,0.0114,0.0120,0.0120,0.0120,0.0121,0.0124,0.0124,0.0124,0.0124,0.0124,0.0125,0.0125,0.0125,0.0125,0.0134,0.0134,0.0134,0.0134,0.0134,0.0134,0.0134,0.0134,0.0134,0.0134,0.0134,0.0134,0.0135,0.0135,0.0135,0.0135,0.0135,0.0135,0.0135,0.0135,0.0135,0.0135,0.0135,0.0135,0.0135,0.0135,0.0135,0.0135,0.0135,0.0135,0.0135,0.0135,0.0135,0.0135,0.0135,0.0135,0.0135,0.0135,0.0135,0.0135,0.0135,0.0135,0.0135,0.0135,0.0135,0.0135,0.0135,0.0135,0.0135,0.0135,0.0135,0.0135,0.0135,0.0135,0.0135,0.0135,0.0135,0.0135,0.0135,0.0135,0.0135,0.0135,0.0135,0.0135,0.0135
45119.2500000,0.0042,0.0042,0.0042,0.0042,0.0042,0.0042,0.0042,0.0049,0.0049,0.0049,0.0049,0.0049,0.0049,0.0054,0.0055,0.0055,0.0055,0.0055,0.0055,0.0055,0.0055,0.0055,0.0055,0.0055,0.0055,0.0055,0.0055,0.0055,0.0056,0.0056,0.0056,0.0056,0.0056,0.0056,0.0056,0.0056,0.0056,0.0056,0.0056,0.0060,0.0060,0.0060,0.0060,0.0060,0.0060,0.0061,0.0061,0.0064,0.0064,0.0064,0.0065,0.0065,0.0065,0.0065,0.0065,0.0065,0.0065,0.0065,0.0066,0.0066,0.0066,0.0066,0.0066,0.0066,0.0066,0.0066,0.0066,0.0068,0.0067,0.0067,0.0067,0.0067,0.0067,0.0067,0.0067,0.0067,0.0067,0.0069,0.0069,0.0069,0.0069,0.0069,0.0069,0.0070,0.0070,0.0070,0.0070,0.0070,0.0070,0.0070,0.0070,0.0071,0.0071,0.0071,0.0071,0.0071,0.0071,0.0071,0.0071,0.0071,0.0071,0.0071,0.0104,0.0104,0.0104,0.0104,0.0104,0.0108,0.0108,0.0108,0.0109,0.0109,0.0110,0.0110,0.0110,0.0110,0.0110,0.0110,0.0110,0.0110,0.0110,0.0110,0.0111,0.0111,0.0111,0.0111,0.0111,0.0112,0.0112,0.0112,0.0112,0.0112,0.0112,0.0112,0.0112,0.0112,0.0112,0.0113,0.0113,0.0113,0.0113,0.0113,0.0113,0.0113,0.0113,0.0113,0.0113,0.0114,0.0114,0.0114,0.0114,0.0114,0.0114,0.0114,0.0114,0.0114,0.0114,0.0114,0.0120,0.0120,0.0120,0.0122,0.0124,0.0124,0.0125,0.0125,0.0125,0.0125,0.0125,0.0125,0.0125,0.0135,0.0135,0.0135,0.0135,0.0135,0.0135,0.0135,0.0135,0.0135,0.0135,0.0135,0.0135,0.0135,0.0135,0.0135,0.0135,0.0135,0.0135,0.0135,0.0135,0.0135,0.0135,0.0135,0.0135,0.0135,0.0135,0.0135,0.0135,0.0135,0.0135,0.0135,0.0135,0.0135,0.0135,0.0135,0.0135,0.0135,0.0135,0.0135,0.0135,0.0135,0.0135,0.0135,0.0135,0.0135,0.0135,0.0135,0.0135,0.0135,0.0135,0.0135,0.0135,0.0135,0.0135,0.0135,0.0135,0.0135,0.0135,0.0135,0.0135,0.0135,0.0135,0.0135,0.0135,0.0135
45119.2916667,0.0042,0.0042,0.0042,0.0042,0.0042,0.0042,0.0042,0.0049,0.0049,0.0049,0.0049,0.0049,0.0049,0.0054,0.0055,0.0055,0.0055,0.0055,0.0055,0.0055,0.0055,0.0055,0.0055,0.0055,0.0055,0.0055,0.0055,0.0055,0.0056,0.0056,0.0056,0.0056,0.0056,0.0056,0.0056,0.0056,0.0056,0.0056,0.0056,0.0060,0.0060,0.0060,0.0060,0.0060,0.0060,0.0061,0.0061,0.0064,0.0064,0.0064,0.0065,0.0065,0.0065,0.0065,0.0065,0.0065,0.0065,0.0065,0.0066,0.0066,0.0066,0.0066,0.0066,0.0066,0.0066,0.0066,0.0066,0.0068,0.0068,0.0068,0.0068,0.0068,0.0068,0.0068,0.0068,0.0068,0.0068,0.0069,0.0069,0.0069,0.0069,0.0069,0.0069,0.0070,0.0070,0.0071,0.0071,0.0071,0.0071,0.0071,0.0071,0.0071,0.0071,0.0071,0.0071,0.0071,0.0071,0.0071,0.0071,0.0071,0.0071,0.0071,0.0104,0.0104,0.0104,0.0104,0.0104,0.0108,0.0108,0.0109,0.0109,0.0109,0.0110,0.0110,0.0110,0.0110,0.0110,0.0110,0.0110,0.0110,0.0110,0.0110,0.0111,0.0111,0.0111,0.0111,0.0111,0.0112,0.0112,0.0112,0.0112,0.0112,0.0112,0.0112,0.0113,0.0113,0.0113,0.0113,0.0113,0.0113,0.0113,0.0113,0.0113,0.0113,0.0113,0.0113,0.0113,0.0114,0.0114,0.0114,0.0114,0.0114,0.0114,0.0114,0.0114,0.0114,0.0114,0.0114,0.0120,0.0120,0.0120,0.0122,0.0124,0.0124,0.0125,0.0125,0.0125,0.0125,0.0125,0.0125,0.0125,0.0135,0.0135,0.0135,0.0135,0.0135,0.0135,0.0135,0.0135,0.0135,0.0135,0.0135,0.0135,0.0136,0.0136,0.0136,0.0136,0.0136,0.0136,0.0136,0.0136,0.0136,0.0136,0.0136,0.0136,0.0136,0.0136,0.0136,0.0135,0.0135,0.0135,0.0135,0.0135,0.0135,0.0135,0.0135,0.0135,0.0135,0.0135,0.0135,0.0135,0.0135,0.0135,0.0135,0.0135,0.0135,0.0135,0.0135,0.0135,0.0135,0.0135,0.0135,0.0135,0.0135,0.0135,0.0135,0.0135,0.0135,0.0135,0.0135,0.0135,0.0135,0.0135,0.0135,0.0135,0.0135
45119.3333333,0.0042,0.0042,0.0042,0.0042,0.0042,0.0042,0.0042,0.0049,0.0049,0.0049,0.0049,0.0049,0.0049,0.0054,0.0055,0.0055,0.0055,0.0055,0.0055,0.0055,0.0055,0.0055,0.0055,0.0055,0.0055,0.0055,0.0055,0.0055,0.0056,0.0056,0.0056,0.0056,0.0056,0.0056,0.0056,0.0056,0.0056,0.0056,0.0056,0.0060,0.0060,0.0060,0.0060,0.0060,0.0060,0.0061,0.0061,0.0064,0.0064,0.0064,0.0065,0.0065,0.0065,0.0065,0.0065,0.0065,0.0065,0.0065,0.0066,0.0066,0.0066,0.0066,0.0066,0.0066,0.0066,0.0066,0.0066,0.0068,0.0068,0.0068,0.0068,0.0068,0.0068,0.0068,0.0068,0.0068,0.0068,0.0070,0.0070,0.0070,0.0070,0.0070,0.0070,0.0071,0.0071,0.0071,0.0071,0.0071,0.0071,0.0071,0.0071,0.0072,0.0072,0.0072,0.0072,0.0072,0.0072,0.0072,0.0072,0.0072,0.0072,0.0072,0.0105,0.0105,0.0105,0.0105,0.0105,0.0109,0.0109,0.0109,0.0109,0.0109,0.0110,0.0110,0.0110,0.0110,0.0110,0.0110,0.0111,0.0111,0.0111,0.0111,0.0111,0.0111,0.0111,0.0111,0.0111,0.0112,0.0112,0.0112,0.0112,0.0112,0.0112,0.0112,0.0113,0.0113,0.0113,0.0113,0.0113,0.0113,0.0113,0.0113,0.0113,0.0113,0.0113,0.0113,0.0113,0.0114,0.0114,0.0114,0.0114,0.0114,0.0114,0.0114,0.0114,0.0114,0.0114,0.0114,0.0120,0.0120,0.0120,0.0122,0.0124,0.0125,0.0125,0.0125,0.0125,0.0125,0.0125,0.0125,0.0125,0.0135,0.0135,0.0135,0.0135,0.0135,0.0135,0.0135,0.0135,0.0135,0.0135,0.0135,0.0135,0.0136,0.0136,0.0136,0.0136,0.0136,0.0136,0.0136,0.0136,0.0136,0.0136,0.0136,0.0136,0.0136,0.0136,0.0136,0.0136,0.0136,0.0136,0.0136,0.0136,0.0136,0.0136,0.0136,0.0136,0.0136,0.0136,0.0136,0.0136,0.0136,0.0136,0.0136,0.0136,0.0136,0.0136,0.0136,0.0136,0.0136,0.0136,0.0136,0.0136,0.0136,0.0136,0.0136,0.0136,0.0136,0.0136,0.0136,0.0136,0.0136,0.0136,0.0136,0.0136,0.0136
45119.3750000,0.0042,0.0042,0.0042,0.0042,0.0042,0.0042,0.0042,0.0049,0.0049,0.0049,0.0049,0.0049,0.0049,0.0054,0.0055,0.0055,0.0055,0.0055,0.0055,0.0055,0.0055,0.0055,0.0055,0.0055,0.0055,0.0055,0.0055,0.0055,0.0056,0.0056,0.0056,0.0056,0.0056,0.0056,0.0056,0.0056,0.0056,0.0056,0.0056,0.0060,0.0060,0.0060,0.0060,0.0060,0.0060,0.0061,0.0061,0.0064,0.0064,0.0064,0.0065,0.0065,0.0065,0.0065,0.0065,0.0065,0.0065,0.0065,0.0066,0.0066,0.0066,0.0066,0.0066,0.0066,0.0066,0.0066,0.0066,0.0068,0.0068,0.0068,0.0068,0.0068,0.0068,0.0068,0.0068,0.0068,0.0068,0.0070,0.0070,0.0070,0.0070,0.0070,0.0070,0.0071,0.0071,0.0071,0.0071,0.0072,0.0072,0.0072,0.0072,0.0072,0.0072,0.0072,0.0072,0.0072,0.0072,0.0072,0.0072,0.0072,0.0072,0.0072,0.0105,0.0105,0.0105,0.0105,0.0105,0.0109,0.0109,0.0109,0.0109,0.0109,0.0111,0.0111,0.0111,0.0111,0.0111,0.0111,0.0111,0.0111,0.0111,0.0111,0.0112,0.0112,0.0112,0.0112,0.0112,0.0112,0.0112,0.0112,0.0112,0.0112,0.0112,0.0112,0.0113,0.0113,0.0113,0.0113,0.0113,0.0113,0.0113,0.0113,0.0113,0.0113,0.0113,0.0113,0.0114,0.0114,0.0114,0.0114,0.0114,0.0114,0.0114,0.0114,0.0114,0.0114,0.0114,0.0114,0.0120,0.0120,0.0120,0.0122,0.0125,0.0125,0.0125,0.0125,0.0125,0.0125,0.0125,0.0125,0.0125,0.0135,0.0135,0.0135,0.0135,0.0135,0.0135,0.0135,0.0135,0.0135,0.0135,0.0135,0.0135,0.0136,0.0136,0.0136,0.0136,0.0136,0.0136,0.0136,0.0136,0.0136,0.0136,0.0136,0.0136,0.0136,0.0136,0.0136,0.0136,0.0136,0.0136,0.0136,0.0136,0.0136,0.0136,0.0136,0.0136,0.0136,0.0136,0.0136,0.0136,0.0136,0.0136,0.0136,0.0136,0.0136,0.0136,0.0136,0.0136,0.0136,0.0136,0.0136,0.0136,0.0136,0.0136,0.0136,0.0136,0.0136,0.0136,0.0136,0.0136,0.0136,0.0136,0.0136,0.0136,0.0136
45119.4166667,0.0042,0.0042,0.0042,0.0042,0.0042,0.0042,0.0042,0.0049,0.0049,0.0049,0.0049,0.0049,0.0049,0.0054,0.0055,0.0055,0.0055,0.0055,0.0055,0.0055,0.0055,0.0055,0.0055,0.0055,0.0055,0.0055,0.0055,0.0055,0.0056,0.0056,0.0056,0.0056,0.0056,0.0056,0.0056,0.0056,0.0056,0.0056,0.0056,0.0060,0.0060,0.0060,0.0060,0.0060,0.0060,0.0061,0.0061,0.0064,0.0064,0.0064,0.0065,0.0065,0.0065,0.0065,0.0065,0.0065,0.0065,0.0065,0.0066,0.0066,0.0066,0.0066,0.0066,0.0066,0.0066,0.0066,0.0066,0.0068,0.0068,0.0068,0.0068,0.0068,0.0068,0.0068,0.0068,0.0069,0.0069,0.0070,0.0070,0.0070,0.0070,0.0070,0.0070,0.0071,0.0071,0.0071,0.0072,0.0072,0.0072,0.0072,0.0072,0.0072,0.0072,0.0072,0.0072,0.0073,0.0073,0.0073,0.0073,0.0073,0.0073,0.0073,0.0105,0.0105,0.0105,0.0105,0.0106,0.0110,0.0110,0.0110,0.0110,0.0110,0.0111,0.0111,0.0111,0.0111,0.0111,0.0111,0.0112,0.0112,0.0111,0.0111,0.0112,0.0112,0.0112,0.0112,0.0112,0.0112,0.0112,0.0112,0.0112,0.0112,0.0112,0.0112,0.0113,0.0113,0.0113,0.0113,0.0113,0.0113,0.0113,0.0113,0.0113,0.0113,0.0114,0.0114,0.0114,0.0114,0.0114,0.0114,0.0114,0.0114,0.0114,0.0114,0.0114,0.0114,0.0114,0.0114,0.0120,0.0120,0.0120,0.0122,0.0125,0.0125,0.0125,0.0125,0.0125,0.0125,0.0125,0.0125,0.0125,0.0135,0.0135,0.0135,0.0135,0.0135,0.0135,0.0135,0.0135,0.0135,0.0135,0.0135,0.0135,0.0136,0.0136,0.0136,0.0136,0.0136,0.0136,0.0136,0.0136,0.0136,0.0136,0.0136,0.0136,0.0136,0.0136,0.0136,0.0136,0.0136,0.0136,0.0136,0.0136,0.0136,0.0136,0.0136,0.0136,0.0136,0.0136,0.0136,0.0136,0.0136,0.0136,0.0136,0.0136,0.0136,0.0136,0.0136,0.0136,0.0136,0.0136,0.0136,0.0136,0.0136,0.0136,0.0136,0.0136,0.0136,0.0136,0.0136,0.0136,0.0136,0.0136,0.0136,0.0136,0.0136
45119.4583333,0.0042,0.0042,0.0042,0.0042,0.0042,0.0042,0.0042,0.0049,0.0049,0.0049,0.0049,0.0049,0.0049,0.0054,0.0055,0.0055,0.0055,0.0055,0.0055,0.0055,0.0055,0.0055,0.0055,0.0055,0.0055,0.0055,0.0055,0.0055,0.0056,0.0056,0.0056,0.0056,0.0056,0.0056,0.0056,0.0056,0.0056,0.0056,0.0056,0.0060,0.0060,0.0060,0.0060,0.0060,0.0060,0.0061,0.0061,0.0064,0.0064,0.0064,0.0065,0.0065,0.0065,0.0065,0.0065,0.0065,0.0065,0.0065,0.0066,0.0066,0.0066,0.0066,0.0066,0.0066,0.0066,0.0066,0.0066,0.0068,0.0068,0.0068,0.0068,0.0068,0.0068,0.0068,0.0068,0.0069,0.0069,0.0070,0.0070,0.0070,0.0070,0.0070,0.0070,0.0071,0.0071,0.0072,0.0072,0.0072,0.0072,0.0072,0.0072,0.0072,0.0073,0.0073,0.0073,0.0073,0.0073,0.0073,0.0073,0.0073,0.0073,0.0073,0.0105,0.0105,0.0106,0.0106,0.0106,0.0110,0.0110,0.0110,0.0110,0.0110,0.0111,0.0111,0.0111,0.0112,0.0112,0.0112,0.0112,0.0112,0.0112,0.0112,0.0113,0.0113,0.0113,0.0113,0.0113,0.0113,0.0113,0.0113,0.0113,0.0113,0.0113,0.0113,0.0114,0.0113,0.0113,0.0113,0.0114,0.0114,0.0114,0.0114,0.0114,0.0114,0.0114,0.0114,0.0114,0.0114,0.0114,0.0114,0.0114,0.0114,0.0114,0.0114,0.0114,0.0114,0.0114,0.0114,0.0120,0.0120,0.0120,0.0122,0.0125,0.0125,0.0125,0.0125,0.0125,0.0125,0.0125,0.0125,0.0125,0.0135,0.0135,0.0135,0.0135,0.0135,0.0135,0.0135,0.0135,0.0135,0.0135,0.0135,0.0136,0.0136,0.0136,0.0136,0.0136,0.0136,0.0136,0.0136,0.0136,0.0136,0.0136,0.0136,0.0136,0.0136,0.0136,0.0136,0.0136,0.0136,0.0136,0.0136,0.0136,0.0136,0.0136,0.0136,0.0136,0.0136,0.0136,0.0136,0.0136,0.0136,0.0136,0.0136,0.0136,0.0136,0.0136,0.0136,0.0136,0.0136,0.0136,0.0136,0.0136,0.0136,0.0136,0.0136,0.0136,0.0136,0.0136,0.0136,0.0136,0.0136,0.0136,0.0136,0.0136,0.0136
45119.5000000,0.0042,0.0042,0.0042,0.0042,0.0042,0.0042,0.0042,0.0049,0.0049,0.0049,0.0049,0.0049,0.0049,0.0054,0.0055,0.0055,0.0055,0.0055,0.0055,0.0055,0.0055,0.0055,0.0055,0.0055,0.0055,0.0055,0.0055,0.0055,0.0056,0.0056,0.0056,0.0056,0.0056,0.0056,0.0056,0.0056,0.0056,0.0056,0.0056,0.0060,0.0060,0.0060,0.0060,0.0060,0.0060,0.0061,0.0061,0.0064,0.0064,0.0064,0.0065,0.0065,0.0065,0.0065,0.0065,0.0065,0.0065,0.0065,0.0066,0.0066,0.0066,0.0066,0.0066,0.0066,0.0066,0.0066,0.0066,0.0068,0.0068,0.0068,0.0068,0.0068,0.0068,0.0068,0.0068,0.0069,0.0069,0.0070,0.0070,0.0070,0.0070,0.0070,0.0070,0.0071,0.0071,0.0072,0.0072,0.0072,0.0072,0.0072,0.0072,0.0072,0.0073,0.0073,0.0073,0.0073,0.0073,0.0073,0.0073,0.0073,0.0073,0.0073,0.0105,0.0106,0.0106,0.0106,0.0106,0.0110,0.0110,0.0110,0.0110,0.0110,0.0111,0.0111,0.0112,0.0112,0.0112,0.0112,0.0112,0.0112,0.0112,0.0112,0.0113,0.0113,0.0113,0.0113,0.0113,0.0113,0.0113,0.0113,0.0113,0.0113,0.0113,0.0113,0.0114,0.0114,0.0114,0.0114,0.0114,0.0114,0.0114,0.0114,0.0114,0.0114,0.0114,0.0114,0.0114,0.0115,0.0115,0.0115,0.0115,0.0115,0.0115,0.0114,0.0114,0.0114,0.0115,0.0115,0.0120,0.0120,0.0120,0.0122,0.0125,0.0125,0.0125,0.0125,0.0125,0.0125,0.0125,0.0125,0.0125,0.0135,0.0135,0.0135,0.0135,0.0136,0.0136,0.0136,0.0136,0.0136,0.0136,0.0136,0.0136,0.0136,0.0136,0.0136,0.0136,0.0136,0.0136,0.0136,0.0136,0.0136,0.0136,0.0136,0.0136,0.0136,0.0136,0.0136,0.0136,0.0136,0.0136,0.0136,0.0136,0.0136,0.0136,0.0136,0.0136,0.0136,0.0136,0.0136,0.0136,0.0136,0.0136,0.0136,0.0136,0.0136,0.0136,0.0136,0.0136,0.0136,0.0136,0.0136,0.0136,0.0136,0.0136,0.0136,0.0136,0.0136,0.0136,0.0136,0.0136,0.0136,0.0136,0.0136,0.0136,0.0136
45119.5416667,0.0042,0.0042,0.0042,0.0042,0.0042,0.0042,0.0042,0.0049,0.0049,0.0049,0.0049,0.0049,0.0049,0.0054,0.0055,0.0055,0.0055,0.0055,0.0055,0.0055,0.0055,0.0055,0.0055,0.0055,0.0055,0.0055,0.0055,0.0055,0.0056,0.0056,0.0056,0.0056,0.0056,0.0056,0.0056,0.0056,0.0056,0.0056,0.0056,0.0060,0.0060,0.0060,0.0060,0.0060,0.0060,0.0061,0.0061,0.0064,0.0064,0.0064,0.0065,0.0065,0.0065,0.0065,0.0065,0.0065,0.0065,0.0065,0.0066,0.0066,0.0066,0.0066,0.0066,0.0066,0.0066,0.0066,0.0066,0.0068,0.0068,0.0068,0.0068,0.0068,0.0068,0.0068,0.0068,0.0069,0.0069,0.0070,0.0070,0.0070,0.0070,0.0070,0.0070,0.0071,0.0071,0.0072,0.0072,0.0072,0.0072,0.0072,0.0072,0.0072,0.0073,0.0073,0.0073,0.0073,0.0073,0.0073,0.0073,0.0073,0.0073,0.0073,0.0105,0.0106,0.0106,0.0106,0.0106,0.0110,0.0110,0.0110,0.0110,0.0110,0.0111,0.0111,0.0112,0.0112,0.0112,0.0112,0.0112,0.0112,0.0112,0.0112,0.0113,0.0113,0.0113,0.0113,0.0113,0.0113,0.0113,0.0113,0.0113,0.0113,0.0114,0.0114,0.0114,0.0114,0.0114,0.0114,0.0115,0.0115,0.0115,0.0115,0.0115,0.0115,0.0115,0.0115,0.0115,0.0115,0.0115,0.0115,0.0115,0.0115,0.0115,0.0115,0.0115,0.0115,0.0115,0.0115,0.0121,0.0121,0.0121,0.0123,0.0125,0.0125,0.0126,0.0126,0.0126,0.0126,0.0126,0.0126,0.0126,0.0136,0.0136,0.0136,0.0136,0.0136,0.0136,0.0136,0.0136,0.0136,0.0136,0.0136,0.0136,0.0136,0.0136,0.0136,0.0136,0.0136,0.0136,0.0136,0.0136,0.0136,0.0136,0.0136,0.0136,0.0136,0.0136,0.0136,0.0136,0.0136,0.0136,0.0136,0.0136,0.0136,0.0136,0.0136,0.0136,0.0136,0.0136,0.0136,0.0136,0.0136,0.0136,0.0136,0.0136,0.0136,0.0136,0.0136,0.0136,0.0136,0.0136,0.0136,0.0136,0.0136,0.0136,0.0136,0.0136,0.0136,0.0136,0.0136,0.0136,0.0136,0.0136,0.0136,0.0136,0.0136
45119.5833333,0.0042,0.0042,0.0042,0.0042,0.0042,0.0042,0.0042,0.0049,0.0049,0.0049,0.0049,0.0049,0.0049,0.0054,0.0055,0.0055,0.0055,0.0055,0.0055,0.0055,0.0055,0.0055,0.0055,0.0055,0.0055,0.0055,0.0055,0.0055,0.0056,0.0056,0.0056,0.0056,0.0056,0.0056,0.0056,0.0056,0.0056,0.0056,0.0056,0.0060,0.0060,0.0060,0.0060,0.0060,0.0060,0.0061,0.0061,0.0064,0.0064,0.0064,0.0065,0.0065,0.0065,0.0065,0.0065,0.0065,0.0065,0.0065,0.0066,0.0066,0.0066,0.0066,0.0066,0.0066,0.0066,0.0066,0.0066,0.0068,0.0068,0.0068,0.0068,0.0068,0.0068,0.0068,0.0068,0.0069,0.0069,0.0070,0.0070,0.0070,0.0070,0.0070,0.0070,0.0071,0.0071,0.0072,0.0072,0.0072,0.0072,0.0072,0.0072,0.0072,0.0073,0.0073,0.0073,0.0073,0.0073,0.0073,0.0073,0.0073,0.0073,0.0073,0.0105,0.0106,0.0106,0.0106,0.0106,0.0110,0.0110,0.0110,0.0110,0.0110,0.0111,0.0111,0.0112,0.0112,0.0112,0.0112,0.0112,0.0112,0.0112,0.0112,0.0113,0.0113,0.0113,0.0113,0.0113,0.0113,0.0113,0.0113,0.0114,0.0114,0.0114,0.0114,0.0114,0.0114,0.0114,0.0114,0.0115,0.0115,0.0115,0.0115,0.0115,0.0115,0.0115,0.0115,0.0115,0.0115,0.0115,0.0115,0.0115,0.0115,0.0115,0.0115,0.0115,0.0115,0.0116,0.0116,0.0121,0.0121,0.0121,0.0123,0.0126,0.0126,0.0126,0.0126,0.0126,0.0126,0.0126,0.0126,0.0126,0.0136,0.0136,0.0136,0.0136,0.0136,0.0136,0.0136,0.0136,0.0136,0.0136,0.0136,0.0136,0.0136,0.0136,0.0136,0.0136,0.0136,0.0136,0.0136,0.0136,0.0136,0.0136,0.0136,0.0136,0.0136,0.0136,0.0136,0.0136,0.0136,0.0136,0.0136,0.0136,0.0136,0.0136,0.0136,0.0136,0.0136,0.0136,0.0136,0.0136,0.0136,0.0136,0.0136,0.0136,0.0136,0.0136,0.0136,0.0136,0.0136,0.0136,0.0136,0.0136,0.0136,0.0136,0.0136,0.0136,0.0136,0.0136,0.0136,0.0137,0.0137,0.0137,0.0137,0.0137,0.0137
45119.6250000,0.0042,0.0042,0.0042,0.0042,0.0042,0.0042,0.0042,0.0049,0.0049,0.0049,0.0049,0.0049,0.0049,0.0054,0.0055,0.0055,0.0055,0.0055,0.0055,0.0055,0.0055,0.0055,0.0055,0.0055,0.0055,0.0055,0.0055,0.0055,0.0056,0.0056,0.0056,0.0056,0.0056,0.0056,0.0056,0.0056,0.0056,0.0056,0.0056,0.0060,0.0060,0.0060,0.0060,0.0060,0.0060,0.0061,0.0061,0.0064,0.0064,0.0064,0.0065,0.0065,0.0065,0.0065,0.0065,0.0065,0.0065,0.0065,0.0066,0.0066,0.0066,0.0066,0.0066,0.0066,0.0066,0.0066,0.0066,0.0068,0.0068,0.0068,0.0068,0.0068,0.0068,0.0068,0.0068,0.0069,0.0069,0.0070,0.0070,0.0070,0.0070,0.0070,0.0070,0.0071,0.0071,0.0072,0.0072,0.0072,0.0072,0.0072,0.0072,0.0072,0.0073,0.0073,0.0073,0.0073,0.0073,0.0073,0.0073,0.0073,0.0073,0.0073,0.0105,0.0106,0.0106,0.0106,0.0106,0.0110,0.0110,0.0110,0.0110,0.0110,0.0111,0.0111,0.0112,0.0112,0.0112,0.0112,0.0112,0.0112,0.0112,0.0112,0.0113,0.0113,0.0113,0.0113,0.0113,0.0113,0.0113,0.0113,0.0114,0.0114,0.0114,0.0114,0.0114,0.0114,0.0114,0.0114,0.0115,0.0115,0.0115,0.0115,0.0115,0.0115,0.0115,0.0115,0.0115,0.0115,0.0115,0.0115,0.0116,0.0116,0.0116,0.0116,0.0116,0.0116,0.0116,0.0116,0.0121,0.0121,0.0121,0.0123,0.0126,0.0126,0.0126,0.0126,0.0126,0.0127,0.0127,0.0127,0.0127,0.0136,0.0137,0.0137,0.0137,0.0137,0.0137,0.0137,0.0137,0.0137,0.0137,0.0137,0.0137,0.0137,0.0137,0.0137,0.0137,0.0137,0.0137,0.0137,0.0137,0.0137,0.0137,0.0137,0.0137,0.0137,0.0137,0.0137,0.0137,0.0137,0.0137,0.0137,0.0137,0.0137,0.0137,0.0137,0.0137,0.0137,0.0137,0.0137,0.0137,0.0137,0.0137,0.0137,0.0137,0.0137,0.0137,0.0137,0.0137,0.0137,0.0137,0.0137,0.0137,0.0137,0.0137,0.0137,0.0137,0.0137,0.0137,0.0137,0.0137,0.0137,0.0137,0.0137,0.0137,0.0137
45119.6666667,0.0042,0.0042,0.0042,0.0042,0.0042,0.0042,0.0042,0.0049,0.0049,0.0049,0.0049,0.0049,0.0049,0.0054,0.0055,0.0055,0.0055,0.0055,0.0055,0.0055,0.0055,0.0055,0.0055,0.0055,0.0055,0.0055,0.0055,0.0055,0.0056,0.0056,0.0056,0.0056,0.0056,0.0056,0.0056,0.0056,0.0056,0.0056,0.0056,0.0060,0.0060,0.0060,0.0060,0.0060,0.0060,0.0061,0.0061,0.0064,0.0064,0.0064,0.0065,0.0065,0.0065,0.0065,0.0065,0.0065,0.0065,0.0065,0.0066,0.0066,0.0066,0.0066,0.0066,0.0066,0.0066,0.0066,0.0066,0.0068,0.0068,0.0068,0.0068,0.0068,0.0068,0.0068,0.0068,0.0069,0.0069,0.0070,0.0070,0.0070,0.0070,0.0070,0.0070,0.0071,0.0071,0.0072,0.0072,0.0072,0.0072,0.0072,0.0072,0.0072,0.0073,0.0073,0.0073,0.0073,0.0073,0.0073,0.0073,0.0073,0.0073,0.0073,0.0105,0.0106,0.0106,0.0106,0.0106,0.0110,0.0110,0.0110,0.0110,0.0110,0.0111,0.0111,0.0112,0.0112,0.0112,0.0112,0.0112,0.0112,0.0112,0.0112,0.0113,0.0113,0.0113,0.0113,0.0113,0.0113,0.0113,0.0113,0.0114,0.0114,0.0114,0.0114,0.0114,0.0114,0.0114,0.0114,0.0115,0.0115,0.0115,0.0115,0.0115,0.0115,0.0115,0.0115,0.0115,0.0115,0.0115,0.0115,0.0116,0.0116,0.0116,0.0116,0.0116,0.0116,0.0116,0.0116,0.0122,0.0122,0.0122,0.0123,0.0126,0.0126,0.0127,0.0127,0.0127,0.0127,0.0127,0.0127,0.0127,0.0137,0.0137,0.0137,0.0137,0.0137,0.0137,0.0137,0.0137,0.0137,0.0137,0.0137,0.0137,0.0137,0.0137,0.0137,0.0137,0.0137,0.0137,0.0137,0.0137,0.0137,0.0137,0.0137,0.0137,0.0137,0.0137,0.0137,0.0137,0.0137,0.0137,0.0137,0.0137,0.0137,0.0137,0.0137,0.0137,0.0137,0.0137,0.0137,0.0137,0.0137,0.0137,0.0137,0.0137,0.0137,0.0137,0.0137,0.0137,0.0137,0.0137,0.0137,0.0137,0.0137,0.0137,0.0137,0.0137,0.0137,0.0137,0.0137,0.0137,0.0137,0.0137,0.0137,0.0137,0.0137
45119.7083333,0.0042,0.0042,0.0042,0.0042,0.0042,0.0042,0.0042,0.0049,0.0049,0.0049,0.0049,0.0049,0.0049,0.0054,0.0055,0.0055,0.0055,0.0055,0.0055,0.0055,0.0055,0.0055,0.0055,0.0055,0.0055,0.0055,0.0055,0.0055,0.0056,0.0056,0.0056,0.0056,0.0056,0.0056,0.0056,0.0056,0.0056,0.0056,0.0056,0.0060,0.0060,0.0060,0.0060,0.0060,0.0060,0.0061,0.0061,0.0064,0.0064,0.0064,0.0065,0.0065,0.0065,0.0065,0.0065,0.0065,0.0065,0.0065,0.0066,0.0066,0.0066,0.0066,0.0066,0.0066,0.0066,0.0066,0.0066,0.0068,0.0068,0.0068,0.0068,0.0068,0.0068,0.0068,0.0068,0.0069,0.0069,0.0070,0.0070,0.0070,0.0070,0.0070,0.0070,0.0071,0.0071,0.0072,0.0072,0.0072,0.0072,0.0072,0.0072,0.0072,0.0073,0.0073,0.0073,0.0073,0.0073,0.0073,0.0073,0.0073,0.0073,0.0073,0.0105,0.0106,0.0106,0.0106,0.0106,0.0110,0.0110,0.0110,0.0110,0.0110,0.0111,0.0111,0.0112,0.0112,0.0112,0.0112,0.0112,0.0112,0.0112,0.0112,0.0113,0.0113,0.0113,0.0113,0.0113,0.0113,0.0113,0.0113,0.0114,0.0114,0.0114,0.0114,0.0114,0.0114,0.0114,0.0114,0.0115,0.0115,0.0115,0.0115,0.0115,0.0115,0.0115,0.0115,0.0115,0.0115,0.0115,0.0115,0.0116,0.0116,0.0116,0.0116,0.0116,0.0116,0.0116,0.0116,0.0122,0.0122,0.0122,0.0123,0.0126,0.0126,0.0127,0.0127,0.0127,0.0127,0.0127,0.0127,0.0127,0.0137,0.0137,0.0137,0.0137,0.0137,0.0137,0.0137,0.0137,0.0137,0.0137,0.0137,0.0137,0.0137,0.0137,0.0137,0.0137,0.0137,0.0137,0.0137,0.0137,0.0137,0.0137,0.0137,0.0137,0.0138,0.0138,0.0138,0.0138,0.0138,0.0138,0.0138,0.0138,0.0138,0.0138,0.0138,0.0138,0.0138,0.0138,0.0138,0.0138,0.0138,0.0138,0.0138,0.0138,0.0138,0.0138,0.0138,0.0138,0.0138,0.0138,0.0138,0.0138,0.0138,0.0138,0.0138,0.0138,0.0138,0.0138,0.0137,0.0137,0.0137,0.0137,0.0137,0.0137,0.0137
45119.7500000,0.0042,0.0042,0.0042,0.0042,0.0042,0.0042,0.0042,0.0049,0.0049,0.0049,0.0049,0.0049,0.0049,0.0054,0.0055,0.0055,0.0055,0.0055,0.0055,0.0055,0.0055,0.0055,0.0055,0.0055,0.0055,0.0055,0.0055,0.0055,0.0056,0.0056,0.0056,0.0056,0.0056,0.0056,0.0056,0.0056,0.0056,0.0056,0.0056,0.0060,0.0060,0.0060,0.0060,0.0060,0.0060,0.0061,0.0061,0.0064,0.0064,0.0064,0.0065,0.0065,0.0065,0.0065,0.0065,0.0065,0.0065,0.0065,0.0066,0.0066,0.0066,0.0066,0.0066,0.0066,0.0066,0.0066,0.0066,0.0068,0.0068,0.0068,0.0068,0.0068,0.0068,0.0068,0.0068,0.0069,0.0069,0.0070,0.0070,0.0070,0.0070,0.0070,0.0070,0.0071,0.0071,0.0072,0.0072,0.0072,0.0072,0.0072,0.0072,0.0072,0.0073,0.0073,0.0073,0.0073,0.0073,0.0073,0.0073,0.0073,0.0073,0.0073,0.0105,0.0106,0.0106,0.0106,0.0106,0.0110,0.0110,0.0110,0.0110,0.0110,0.0111,0.0111,0.0112,0.0112,0.0112,0.0112,0.0112,0.0112,0.0112,0.0112,0.0113,0.0113,0.0113,0.0113,0.0113,0.0113,0.0113,0.0113,0.0114,0.0114,0.0114,0.0114,0.0114,0.0114,0.0114,0.0114,0.0115,0.0115,0.0115,0.0115,0.0115,0.0115,0.0115,0.0115,0.0115,0.0115,0.0115,0.0115,0.0116,0.0116,0.0116,0.0116,0.0116,0.0116,0.0116,0.0116,0.0122,0.0122,0.0122,0.0123,0.0126,0.0126,0.0127,0.0127,0.0127,0.0127,0.0127,0.0127,0.0127,0.0137,0.0137,0.0137,0.0137,0.0137,0.0137,0.0137,0.0137,0.0137,0.0137,0.0137,0.0137,0.0137,0.0137,0.0137,0.0137,0.0138,0.0138,0.0138,0.0138,0.0138,0.0138,0.0138,0.0138,0.0138,0.0138,0.0138,0.0138,0.0138,0.0138,0.0138,0.0138,0.0138,0.0138,0.0138,0.0138,0.0138,0.0138,0.0138,0.0138,0.0138,0.0138,0.0138,0.0138,0.0138,0.0138,0.0138,0.0138,0.0138,0.0138,0.0138,0.0138,0.0138,0.0138,0.0138,0.0138,0.0138,0.0138,0.0138,0.0138,0.0138,0.0138,0.0138,0.0138,0.0138
45119.7916667,0.0042,0.0042,0.0042,0.0042,0.0042,0.0042,0.0042,0.0049,0.0049,0.0049,0.0049,0.0049,0.0049,0.0054,0.0055,0.0055,0.0055,0.0055,0.0055,0.0055,0.0055,0.0055,0.0055,0.0055,0.0055,0.0055,0.0055,0.0055,0.0056,0.0056,0.0056,0.0056,0.0056,0.0056,0.0056,0.0056,0.0056,0.0056,0.0056,0.0060,0.0060,0.0060,0.0060,0.0060,0.0060,0.0061,0.0061,0.0064,0.0064,0.0064,0.0065,0.0065,0.0065,0.0065,0.0065,0.0065,0.0065,0.0065,0.0066,0.0066,0.0066,0.0066,0.0066,0.0066,0.0066,0.0066,0.0066,0.0068,0.0068,0.0068,0.0068,0.0068,0.0068,0.0068,0.0068,0.0069,0.0069,0.0070,0.0070,0.0070,0.0070,0.0070,0.0070,0.0071,0.0071,0.0072,0.0072,0.0072,0.0072,0.0072,0.0072,0.0072,0.0073,0.0073,0.0073,0.0073,0.0073,0.0073,0.0073,0.0073,0.0073,0.0073,0.0105,0.0106,0.0106,0.0106,0.0106,0.0110,0.0110,0.0110,0.0110,0.0110,0.0111,0.0111,0.0112,0.0112,0.0112,0.0112,0.0112,0.0112,0.0112,0.0112,0.0113,0.0113,0.0113,0.0113,0.0113,0.0113,0.0113,0.0113,0.0114,0.0114,0.0114,0.0114,0.0114,0.0114,0.0114,0.0114,0.0115,0.0115,0.0115,0.0115,0.0115,0.0115,0.0115,0.0115,0.0115,0.0115,0.0115,0.0115,0.0116,0.0116,0.0116,0.0116,0.0116,0.0116,0.0116,0.0116,0.0122,0.0122,0.0122,0.0123,0.0126,0.0126,0.0127,0.0127,0.0127,0.0127,0.0127,0.0127,0.0127,0.0137,0.0137,0.0137,0.0137,0.0137,0.0137,0.0137,0.0137,0.0137,0.0137,0.0137,0.0137,0.0137,0.0137,0.0137,0.0138,0.0138,0.0138,0.0138,0.0138,0.0138,0.0138,0.0138,0.0138,0.0138,0.0138,0.0138,0.0138,0.0138,0.0138,0.0138,0.0138,0.0138,0.0138,0.0138,0.0138,0.0138,0.0138,0.0138,0.0138,0.0138,0.0138,0.0138,0.0138,0.0138,0.0138,0.0138,0.0138,0.0138,0.0138,0.0138,0.0138,0.0138,0.0138,0.0138,0.0138,0.0138,0.0138,0.0138,0.0138,0.0138,0.0138,0.0138,0.0138,0.0138
45119.8333333,0.0042,0.0042,0.0042,0.0042,0.0042,0.0042,0.0042,0.0049,0.0049,0.0049,0.0049,0.0049,0.0049,0.0054,0.0055,0.0055,0.0055,0.0055,0.0055,0.0055,0.0055,0.0055,0.0055,0.0055,0.0055,0.0055,0.0055,0.0055,0.0056,0.0056,0.0056,0.0056,0.0056,0.0056,0.0056,0.0056,0.0056,0.0056,0.0056,0.0060,0.0060,0.0060,0.0060,0.0060,0.0060,0.0061,0.0061,0.0064,0.0064,0.0064,0.0065,0.0065,0.0065,0.0065,0.0065,0.0065,0.0065,0.0065,0.0066,0.0066,0.0066,0.0066,0.0066,0.0066,0.0066,0.0066,0.0066,0.0068,0.0068,0.0068,0.0068,0.0068,0.0068,0.0068,0.0068,0.0069,0.0069,0.0070,0.0070,0.0070,0.0070,0.0070,0.0070,0.0071,0.0071,0.0072,0.0072,0.0072,0.0072,0.0072,0.0072,0.0072,0.0073,0.0073,0.0073,0.0073,0.0073,0.0073,0.0073,0.0073,0.0073,0.0073,0.0105,0.0106,0.0106,0.0106,0.0106,0.0110,0.0110,0.0110,0.0110,0.0110,0.0111,0.0111,0.0112,0.0112,0.0112,0.0112,0.0112,0.0112,0.0112,0.0112,0.0113,0.0113,0.0113,0.0113,0.0113,0.0113,0.0113,0.0113,0.0114,0.0114,0.0114,0.0114,0.0114,0.0114,0.0114,0.0114,0.0115,0.0115,0.0115,0.0115,0.0115,0.0115,0.0115,0.0115,0.0115,0.0115,0.0115,0.0115,0.0116,0.0116,0.0116,0.0116,0.0116,0.0116,0.0116,0.0116,0.0122,0.0122,0.0122,0.0123,0.0126,0.0126,0.0127,0.0127,0.0127,0.0127,0.0127,0.0127,0.0127,0.0137,0.0137,0.0137,0.0137,0.0137,0.0137,0.0137,0.0137,0.0137,0.0137,0.0137,0.0137,0.0137,0.0137,0.0137,0.0138,0.0138,0.0138,0.0138,0.0138,0.0138,0.0138,0.0138,0.0138,0.0138,0.0138,0.0138,0.0138,0.0138,0.0138,0.0138,0.0138,0.0138,0.0138,0.0138,0.0138,0.0138,0.0138,0.0138,0.0138,0.0138,0.0138,0.0138,0.0138,0.0138,0.0138,0.0138,0.0138,0.0138,0.0138,0.0138,0.0138,0.0138,0.0138,0.0138,0.0138,0.0138,0.0138,0.0138,0.0138,0.0138,0.0138,0.0138,0.0138,0.0138
45119.8750000,0.0042,0.0042,0.0042,0.0042,0.0042,0.0042,0.0042,0.0049,0.0049,0.0049,0.0049,0.0049,0.0049,0.0054,0.0055,0.0055,0.0055,0.0055,0.0055,0.0055,0.0055,0.0055,0.0055,0.0055,0.0055,0.0055,0.0055,0.0055,0.0056,0.0056,0.0056,0.0056,0.0056,0.0056,0.0056,0.0056,0.0056,0.0056,0.0056,0.0060,0.0060,0.0060,0.0060,0.0060,0.0060,0.0061,0.0061,0.0064,0.0064,0.0064,0.0065,0.0065,0.0065,0.0065,0.0065,0.0065,0.0065,0.0065,0.0066,0.0066,0.0066,0.0066,0.0066,0.0066,0.0066,0.0066,0.0066,0.0068,0.0068,0.0068,0.0068,0.0068,0.0068,0.0068,0.0068,0.0069,0.0069,0.0070,0.0070,0.0070,0.0070,0.0070,0.0070,0.0071,0.0071,0.0072,0.0072,0.0072,0.0072,0.0072,0.0072,0.0072,0.0073,0.0073,0.0073,0.0073,0.0073,0.0073,0.0073,0.0073,0.0073,0.0073,0.0105,0.0106,0.0106,0.0106,0.0106,0.0110,0.0110,0.0110,0.0110,0.0110,0.0111,0.0111,0.0112,0.0112,0.0112,0.0112,0.0112,0.0112,0.0112,0.0112,0.0113,0.0113,0.0113,0.0113,0.0113,0.0113,0.0113,0.0113,0.0114,0.0114,0.0114,0.0114,0.0114,0.0114,0.0114,0.0114,0.0115,0.0115,0.0115,0.0115,0.0115,0.0115,0.0115,0.0115,0.0115,0.0115,0.0115,0.0115,0.0116,0.0116,0.0116,0.0116,0.0116,0.0116,0.0116,0.0116,0.0122,0.0122,0.0122,0.0123,0.0126,0.0126,0.0127,0.0127,0.0127,0.0127,0.0127,0.0127,0.0127,0.0137,0.0137,0.0137,0.0137,0.0137,0.0137,0.0137,0.0137,0.0137,0.0137,0.0137,0.0137,0.0137,0.0137,0.0138,0.0138,0.0138,0.0138,0.0138,0.0138,0.0138,0.0138,0.0138,0.0138,0.0138,0.0138,0.0138,0.0138,0.0138,0.0138,0.0138,0.0138,0.0138,0.0138,0.0138,0.0138,0.0138,0.0138,0.0138,0.0138,0.0138,0.0138,0.0138,0.0138,0.0138,0.0138,0.0138,0.0138,0.0138,0.0138,0.0138,0.0138,0.0138,0.0138,0.0138,0.0138,0.0138,0.0138,0.0138,0.0138,0.0138,0.0138,0.0138,0.0138,0.0138
45119.9166667,0.0042,0.0042,0.0042,0.0042,0.0042,0.0042,0.0042,0.0049,0.0049,0.0049,0.0049,0.0049,0.0049,0.0054,0.0055,0.0055,0.0055,0.0055,0.0055,0.0055,0.0055,0.0055,0.0055,0.0055,0.0055,0.0055,0.0055,0.0055,0.0056,0.0056,0.0056,0.0056,0.0056,0.0056,0.0056,0.0056,0.0056,0.0056,0.0056,0.0060,0.0060,0.0060,0.0060,0.0060,0.0060,0.0061,0.0061,0.0064,0.0064,0.0064,0.0065,0.0065,0.0065,0.0065,0.0065,0.0065,0.0065,0.0065,0.0066,0.0066,0.0066,0.0066,0.0066,0.0066,0.0066,0.0066,0.0066,0.0068,0.0068,0.0068,0.0068,0.0068,0.0068,0.0068,0.0068,0.0069,0.0069,0.0070,0.0070,0.0070,0.0070,0.0070,0.0070,0.0071,0.0071,0.0072,0.0072,0.0072,0.0072,0.0072,0.0072,0.0072,0.0073,0.0073,0.0073,0.0073,0.0073,0.0073,0.0073,0.0073,0.0073,0.0073,0.0105,0.0106,0.0106,0.0106,0.0106,0.0110,0.0110,0.0110,0.0110,0.0110,0.0111,0.0111,0.0112,0.0112,0.0112,0.0112,0.0112,0.0112,0.0112,0.0112,0.0113,0.0113,0.0113,0.0113,0.0113,0.0113,0.0113,0.0113,0.0114,0.0114,0.0114,0.0114,0.0114,0.0114,0.0114,0.0114,0.0115,0.0115,0.0115,0.0115,0.0115,0.0115,0.0115,0.0115,0.0115,0.0115,0.0115,0.0115,0.0116,0.0116,0.0116,0.0116,0.0116,0.0116,0.0116,0.0116,0.0122,0.0122,0.0122,0.0123,0.0126,0.0126,0.0127,0.0127,0.0127,0.0127,0.0127,0.0127,0.0127,0.0137,0.0137,0.0137,0.0137,0.0137,0.0137,0.0137,0.0137,0.0137,0.0137,0.0137,0.0137,0.0137,0.0137,0.0138,0.0138,0.0138,0.0138,0.0138,0.0138,0.0138,0.0138,0.0138,0.0138,0.0138,0.0138,0.0138,0.0138,0.0138,0.0138,0.0138,0.0138,0.0138,0.0138,0.0138,0.0138,0.0138,0.0138,0.0138,0.0138,0.0138,0.0138,0.0138,0.0138,0.0138,0.0138,0.0138,0.0138,0.0138,0.0138,0.0138,0.0138,0.0138,0.0138,0.0138,0.0138,0.0138,0.0138,0.0138,0.0138,0.0138,0.0138,0.0138,0.0138,0.0138
45119.9583333,0.0042,0.0042,0.0042,0.0042,0.0042,0.0042,0.0042,0.0049,0.0049,0.0049,0.0049,0.0049,0.0049,0.0054,0.0055,0.0055,0.0055,0.0055,0.0055,0.0055,0.0055,0.0055,0.0055,0.0055,0.0055,0.0055,0.0055,0.0055,0.0056,0.0056,0.0056,0.0056,0.0056,0.0056,0.0056,0.0056,0.0056,0.0056,0.0056,0.0060,0.0060,0.0060,0.0060,0.0060,0.0060,0.0061,0.0061,0.0064,0.0064,0.0064,0.0065,0.0065,0.0065,0.0065,0.0065,0.0065,0.0065,0.0065,0.0066,0.0066,0.0066,0.0066,0.0066,0.0066,0.0066,0.0066,0.0066,0.0068,0.0068,0.0068,0.0068,0.0068,0.0068,0.0068,0.0068,0.0069,0.0069,0.0070,0.0070,0.0070,0.0070,0.0070,0.0070,0.0071,0.0071,0.0072,0.0072,0.0072,0.0072,0.0072,0.0072,0.0072,0.0073,0.0073,0.0073,0.0073,0.0073,0.0073,0.0073,0.0073,0.0073,0.0073,0.0105,0.0106,0.0106,0.0106,0.0106,0.0110,0.0110,0.0110,0.0110,0.0110,0.0111,0.0111,0.0112,0.0112,0.0112,0.0112,0.0112,0.0112,0.0112,0.0112,0.0113,0.0113,0.0113,0.0113,0.0113,0.0113,0.0113,0.0113,0.0114,0.0114,0.0114,0.0114,0.0114,0.0114,0.0114,0.0114,0.0115,0.0115,0.0115,0.0115,0.0115,0.0115,0.0115,0.0115,0.0115,0.0115,0.0115,0.0115,0.0116,0.0116,0.0116,0.0116,0.0116,0.0116,0.0116,0.0116,0.0122,0.0122,0.0122,0.0123,0.0126,0.0126,0.0127,0.0127,0.0127,0.0127,0.0127,0.0127,0.0127,0.0137,0.0137,0.0137,0.0137,0.0137,0.0137,0.0137,0.0137,0.0137,0.0137,0.0137,0.0137,0.0137,0.0137,0.0138,0.0138,0.0138,0.0138,0.0138,0.0138,0.0138,0.0138,0.0138,0.0138,0.0138,0.0138,0.0138,0.0138,0.0138,0.0138,0.0138,0.0138,0.0138,0.0138,0.0138,0.0138,0.0138,0.0138,0.0138,0.0138,0.0138,0.0138,0.0138,0.0138,0.0138,0.0138,0.0138,0.0138,0.0138,0.0138,0.0138,0.0138,0.0138,0.0138,0.0138,0.0138,0.0138,0.0138,0.0138,0.0138,0.0138,0.0138,0.0138,0.0138,0.0138
45120.0000000,0.0049,0.0049,0.0049,0.0048,0.0048,0.0048,0.0048,0.0055,0.0054,0.0054,0.0054,0.0053,0.0053,0.0058,0.0057,0.0057,0.0056,0.0056,0.0055,0.0055,0.0055,0.0055,0.0055,0.0055,0.0055,0.0055,0.0055,0.0055,0.0056,0.0056,0.0056,0.0056,0.0056,0.0056,0.0056,0.0056,0.0056,0.0056,0.0056,0.0061,0.0061,0.0061,0.0061,0.0061,0.0061,0.0061,0.0061,0.0065,0.0065,0.0065,0.0065,0.0065,0.0065,0.0066,0.0066,0.0066,0.0066,0.0066,0.0066,0.0066,0.0066,0.0066,0.0066,0.0066,0.0066,0.0066,0.0066,0.0068,0.0068,0.0068,0.0068,0.0068,0.0068,0.0068,0.0068,0.0069,0.0069,0.0070,0.0070,0.0070,0.0070,0.0070,0.0070,0.0072,0.0072,0.0072,0.0072,0.0072,0.0072,0.0072,0.0072,0.0073,0.0073,0.0073,0.0073,0.0073,0.0073,0.0073,0.0073,0.0073,0.0073,0.0073,0.0111,0.0111,0.0110,0.0110,0.0110,0.0114,0.0113,0.0112,0.0112,0.0111,0.0112,0.0112,0.0112,0.0112,0.0112,0.0112,0.0112,0.0112,0.0112,0.0112,0.0113,0.0113,0.0113,0.0113,0.0113,0.0113,0.0113,0.0113,0.0114,0.0114,0.0114,0.0114,0.0114,0.0114,0.0114,0.0114,0.0115,0.0115,0.0115,0.0115,0.0115,0.0115,0.0115,0.0115,0.0115,0.0115,0.0115,0.0115,0.0116,0.0116,0.0116,0.0116,0.0116,0.0116,0.0116,0.0116,0.0123,0.0122,0.0122,0.0125,0.0127,0.0127,0.0128,0.0128,0.0128,0.0128,0.0127,0.0127,0.0127,0.0139,0.0138,0.0138,0.0138,0.0138,0.0138,0.0138,0.0138,0.0138,0.0138,0.0137,0.0138,0.0138,0.0138,0.0138,0.0138,0.0138,0.0138,0.0138,0.0138,0.0138,0.0138,0.0138,0.0138,0.0138,0.0138,0.0138,0.0138,0.0138,0.0138,0.0138,0.0138,0.0138,0.0138,0.0138,0.0138,0.0138,0.0138,0.0138,0.0138,0.0138,0.0138,0.0138,0.0138,0.0138,0.0138,0.0138,0.0138,0.0138,0.0138,0.0138,0.0138,0.0138,0.0138,0.0138,0.0138,0.0138,0.0138,0.0138,0.0138,0.0138,0.0138,0.0138,0.0138,0.0138
45120.0416667,0.0049,0.0049,0.0049,0.0049,0.0050,0.0050,0.0050,0.0058,0.0058,0.0058,0.0058,0.0058,0.0058,0.0064,0.0064,0.0064,0.0063,0.0063,0.0062,0.0062,0.0061,0.0061,0.0060,0.0060,0.0059,0.0059,0.0058,0.0058,0.0058,0.0057,0.0057,0.0057,0.0056,0.0056,0.0056,0.0056,0.0056,0.0057,0.0057,0.0061,0.0061,0.0061,0.0061,0.0061,0.0061,0.0061,0.0061,0.0066,0.0066,0.0066,0.0066,0.0066,0.0066,0.0066,0.0066,0.0066,0.0066,0.0066,0.0067,0.0067,0.0067,0.0067,0.0067,0.0067,0.0067,0.0067,0.0067,0.0069,0.0068,0.0068,0.0068,0.0069,0.0069,0.0069,0.0069,0.0069,0.0069,0.0070,0.0070,0.0070,0.0070,0.0070,0.0070,0.0072,0.0072,0.0072,0.0072,0.0072,0.0072,0.0072,0.0072,0.0073,0.0073,0.0073,0.0073,0.0073,0.0073,0.0073,0.0073,0.0073,0.0073,0.0073,0.0112,0.0112,0.0112,0.0112,0.0112,0.0117,0.0117,0.0117,0.0117,0.0116,0.0117,0.0117,0.0117,0.0117,0.0117,0.0117,0.0117,0.0116,0.0116,0.0115,0.0116,0.0115,0.0115,0.0114,0.0114,0.0114,0.0114,0.0114,0.0114,0.0114,0.0114,0.0114,0.0114,0.0114,0.0114,0.0114,0.0115,0.0115,0.0115,0.0115,0.0115,0.0115,0.0115,0.0115,0.0115,0.0115,0.0115,0.0115,0.0116,0.0116,0.0116,0.0116,0.0116,0.0116,0.0116,0.0116,0.0123,0.0123,0.0123,0.0125,0.0128,0.0128,0.0128,0.0128,0.0128,0.0128,0.0128,0.0128,0.0128,0.0140,0.0140,0.0140,0.0140,0.0140,0.0140,0.0140,0.0139,0.0139,0.0139,0.0139,0.0139,0.0140,0.0140,0.0139,0.0139,0.0139,0.0139,0.0139,0.0139,0.0139,0.0139,0.0139,0.0139,0.0139,0.0139,0.0139,0.0139,0.0138,0.0138,0.0138,0.0138,0.0138,0.0138,0.0138,0.0138,0.0138,0.0138,0.0138,0.0138,0.0138,0.0138,0.0138,0.0138,0.0138,0.0138,0.0138,0.0138,0.0138,0.0138,0.0138,0.0138,0.0138,0.0138,0.0138,0.0138,0.0138,0.0138,0.0138,0.0138,0.0138,0.0138,0.0138,0.0138,0.0138
45120.0833333,0.0049,0.0049,0.0049,0.0049,0.0050,0.0050,0.0050,0.0058,0.0058,0.0058,0.0058,0.0058,0.0058,0.0064,0.0064,0.0064,0.0064,0.0065,0.0065,0.0065,0.0065,0.0065,0.0065,0.0065,0.0065,0.0065,0.0065,0.0065,0.0065,0.0064,0.0063,0.0063,0.0062,0.0061,0.0060,0.0060,0.0059,0.0058,0.0058,0.0062,0.0062,0.0062,0.0062,0.0062,0.0062,0.0061,0.0061,0.0066,0.0066,0.0066,0.0066,0.0066,0.0066,0.0067,0.0067,0.0067,0.0067,0.0067,0.0067,0.0067,0.0067,0.0067,0.0067,0.0067,0.0067,0.0067,0.0067,0.0069,0.0069,0.0069,0.0069,0.0069,0.0069,0.0069,0.0069,0.0069,0.0069,0.0070,0.0070,0.0070,0.0071,0.0071,0.0071,0.0072,0.0072,0.0072,0.0072,0.0072,0.0072,0.0072,0.0072,0.0073,0.0073,0.0073,0.0073,0.0073,0.0073,0.0073,0.0073,0.0073,0.0073,0.0073,0.0112,0.0112,0.0112,0.0112,0.0112,0.0117,0.0117,0.0117,0.0117,0.0117,0.0118,0.0118,0.0119,0.0119,0.0119,0.0119,0.0119,0.0119,0.0119,0.0119,0.0120,0.0119,0.0119,0.0119,0.0119,0.0119,0.0118,0.0118,0.0118,0.0117,0.0117,0.0117,0.0117,0.0116,0.0116,0.0116,0.0116,0.0116,0.0116,0.0115,0.0115,0.0115,0.0115,0.0115,0.0115,0.0116,0.0116,0.0116,0.0116,0.0116,0.0116,0.0116,0.0116,0.0116,0.0116,0.0116,0.0123,0.0123,0.0123,0.0125,0.0128,0.0128,0.0128,0.0128,0.0128,0.0128,0.0128,0.0128,0.0128,0.0140,0.0140,0.0140,0.0140,0.0140,0.0140,0.0140,0.0140,0.0140,0.0140,0.0140,0.0140,0.0141,0.0141,0.0141,0.0141,0.0141,0.0141,0.0141,0.0141,0.0140,0.0140,0.0140,0.0140,0.0140,0.0140,0.0140,0.0140,0.0140,0.0140,0.0140,0.0140,0.0140,0.0140,0.0140,0.0140,0.0140,0.0140,0.0140,0.0140,0.0140,0.0140,0.0139,0.0139,0.0139,0.0139,0.0139,0.0139,0.0139,0.0139,0.0139,0.0139,0.0139,0.0139,0.0139,0.0139,0.0139,0.0139,0.0138,0.0138,0.0138,0.0138,0.0138,0.0138,0.0138
45120.1250000,0.0049,0.0049,0.0049,0.0049,0.0050,0.0050,0.0050,0.0058,0.0058,0.0058,0.0058,0.0058,0.0058,0.0064,0.0064,0.0064,0.0064,0.0065,0.0065,0.0065,0.0065,0.0065,0.0065,0.0065,0.0065,0.0065,0.0065,0.0065,0.0066,0.0066,0.0066,0.0066,0.0066,0.0066,0.0066,0.0065,0.0065,0.0065,0.0064,0.0068,0.0068,0.0068,0.0067,0.0067,0.0067,0.0065,0.0064,0.0068,0.0068,0.0067,0.0068,0.0068,0.0067,0.0067,0.0067,0.0067,0.0067,0.0067,0.0068,0.0067,0.0067,0.0067,0.0067,0.0067,0.0067,0.0068,0.0068,0.0070,0.0070,0.0069,0.0069,0.0069,0.0069,0.0069,0.0069,0.0069,0.0069,0.0071,0.0071,0.0071,0.0071,0.0071,0.0071,0.0072,0.0072,0.0072,0.0072,0.0072,0.0072,0.0072,0.0072,0.0073,0.0073,0.0073,0.0073,0.0073,0.0073,0.0073,0.0073,0.0073,0.0073,0.0073,0.0112,0.0112,0.0112,0.0112,0.0112,0.0117,0.0117,0.0117,0.0117,0.0117,0.0119,0.0119,0.0119,0.0119,0.0119,0.0119,0.0119,0.0119,0.0119,0.0119,0.0120,0.0120,0.0120,0.0120,0.0120,0.0120,0.0120,0.0120,0.0120,0.0120,0.0120,0.0120,0.0121,0.0120,0.0120,0.0120,0.0120,0.0120,0.0119,0.0119,0.0119,0.0119,0.0118,0.0118,0.0118,0.0118,0.0118,0.0117,0.0117,0.0117,0.0116,0.0116,0.0116,0.0116,0.0116,0.0116,0.0123,0.0123,0.0123,0.0125,0.0128,0.0128,0.0128,0.0128,0.0128,0.0128,0.0128,0.0128,0.0128,0.0140,0.0140,0.0140,0.0140,0.0140,0.0140,0.0140,0.0140,0.0140,0.0140,0.0140,0.0140,0.0141,0.0141,0.0141,0.0141,0.0141,0.0141,0.0141,0.0141,0.0141,0.0141,0.0141,0.0141,0.0141,0.0141,0.0141,0.0141,0.0141,0.0141,0.0141,0.0141,0.0141,0.0141,0.0141,0.0141,0.0141,0.0141,0.0141,0.0141,0.0141,0.0141,0.0141,0.0141,0.0141,0.0141,0.0141,0.0141,0.0141,0.0141,0.0141,0.0141,0.0141,0.0140,0.0140,0.0140,0.0140,0.0140,0.0140,0.0140,0.0140,0.0140,0.0140,0.0140,0.0140
45120.1666667,0.0049,0.0049,0.0049,0.0049,0.0050,0.0050,0.0050,0.0058,0.0058,0.0058,0.0058,0.0058,0.0058,0.0064,0.0064,0.0064,0.0064,0.0065,0.0065,0.0065,0.0065,0.0065,0.0065,0.0065,0.0065,0.0065,0.0065,0.0065,0.0066,0.0066,0.0066,0.0066,0.0066,0.0066,0.0066,0.0066,0.0066,0.0066,0.0066,0.0071,0.0071,0.0071,0.0071,0.0071,0.0071,0.0070,0.0070,0.0074,0.0073,0.0073,0.0074,0.0073,0.0073,0.0073,0.0072,0.0072,0.0071,0.0071,0.0071,0.0070,0.0070,0.0070,0.0069,0.0069,0.0069,0.0069,0.0068,0.0070,0.0070,0.0070,0.0070,0.0070,0.0070,0.0070,0.0070,0.0070,0.0070,0.0071,0.0071,0.0071,0.0072,0.0072,0.0072,0.0073,0.0073,0.0073,0.0073,0.0073,0.0073,0.0073,0.0073,0.0074,0.0074,0.0074,0.0074,0.0074,0.0074,0.0074,0.0074,0.0074,0.0074,0.0074,0.0112,0.0112,0.0112,0.0112,0.0112,0.0117,0.0117,0.0117,0.0118,0.0118,0.0119,0.0119,0.0119,0.0119,0.0119,0.0119,0.0119,0.0119,0.0119,0.0119,0.0120,0.0120,0.0120,0.0120,0.0120,0.0120,0.0120,0.0121,0.0121,0.0121,0.0121,0.0121,0.0121,0.0121,0.0121,0.0121,0.0122,0.0122,0.0122,0.0122,0.0122,0.0122,0.0122,0.0121,0.0121,0.0121,0.0121,0.0121,0.0121,0.0121,0.0120,0.0120,0.0119,0.0119,0.0119,0.0119,0.0126,0.0125,0.0125,0.0127,0.0130,0.0130,0.0130,0.0130,0.0130,0.0130,0.0129,0.0129,0.0129,0.0140,0.0140,0.0140,0.0140,0.0140,0.0140,0.0140,0.0140,0.0140,0.0140,0.0140,0.0140,0.0141,0.0141,0.0141,0.0141,0.0141,0.0141,0.0141,0.0141,0.0141,0.0141,0.0141,0.0141,0.0141,0.0141,0.0141,0.0141,0.0141,0.0141,0.0141,0.0141,0.0141,0.0141,0.0141,0.0141,0.0141,0.0141,0.0141,0.0141,0.0141,0.0141,0.0141,0.0141,0.0141,0.0141,0.0141,0.0141,0.0141,0.0141,0.0141,0.0141,0.0141,0.0141,0.0141,0.0141,0.0141,0.0141,0.0141,0.0141,0.0141,0.0141,0.0141,0.0141,0.0141
45120.2083333,0.0049,0.0049,0.0049,0.0049,0.0050,0.0050,0.0050,0.0058,0.0058,0.0058,0.0058,0.0058,0.0058,0.0064,0.0064,0.0064,0.0064,0.0065,0.0065,0.0065,0.0065,0.0065,0.0065,0.0065,0.0065,0.0065,0.0065,0.0065,0.0066,0.0066,0.0066,0.0066,0.0066,0.0066,0.0066,0.0066,0.0066,0.0066,0.0066,0.0071,0.0071,0.0071,0.0071,0.0071,0.0071,0.0071,0.0071,0.0075,0.0075,0.0075,0.0076,0.0076,0.0076,0.0076,0.0076,0.0076,0.0076,0.0076,0.0076,0.0076,0.0076,0.0075,0.0075,0.0075,0.0074,0.0074,0.0073,0.0075,0.0072,0.0071,0.0071,0.0071,0.0071,0.0071,0.0071,0.0071,0.0070,0.0072,0.0072,0.0072,0.0072,0.0072,0.0072,0.0073,0.0073,0.0073,0.0073,0.0073,0.0073,0.0073,0.0073,0.0074,0.0074,0.0074,0.0074,0.0074,0.0074,0.0074,0.0074,0.0074,0.0074,0.0074,0.0113,0.0113,0.0113,0.0113,0.0113,0.0118,0.0118,0.0118,0.0118,0.0118,0.0119,0.0119,0.0119,0.0119,0.0119,0.0119,0.0120,0.0120,0.0120,0.0120,0.0120,0.0120,0.0120,0.0120,0.0120,0.0121,0.0121,0.0121,0.0121,0.0121,0.0121,0.0121,0.0121,0.0121,0.0121,0.0121,0.0122,0.0122,0.0122,0.0122,0.0122,0.0122,0.0122,0.0122,0.0122,0.0122,0.0122,0.0122,0.0122,0.0122,0.0122,0.0122,0.0122,0.0122,0.0122,0.0122,0.0129,0.0129,0.0129,0.0131,0.0133,0.0133,0.0134,0.0134,0.0133,0.0133,0.0133,0.0133,0.0132,0.0143,0.0143,0.0143,0.0142,0.0142,0.0142,0.0142,0.0142,0.0142,0.0141,0.0141,0.0141,0.0142,0.0142,0.0142,0.0141,0.0141,0.0141,0.0141,0.0141,0.0141,0.0141,0.0141,0.0141,0.0141,0.0141,0.0141,0.0141,0.0141,0.0141,0.0141,0.0141,0.0141,0.0141,0.0141,0.0141,0.0141,0.0141,0.0141,0.0141,0.0141,0.0141,0.0141,0.0141,0.0141,0.0141,0.0141,0.0141,0.0141,0.0141,0.0141,0.0141,0.0141,0.0141,0.0141,0.0141,0.0141,0.0141,0.0141,0.0141,0.0141,0.0141,0.0141,0.0141,0.0141
45120.2500000,0.0049,0.0049,0.0049,0.0049,0.0050,0.0050,0.0050,0.0058,0.0058,0.0058,0.0058,0.0058,0.0058,0.0064,0.0064,0.0064,0.0064,0.0065,0.0065,0.0065,0.0065,0.0065,0.0065,0.0065,0.0065,0.0065,0.0065,0.0065,0.0066,0.0066,0.0066,0.0066,0.0066,0.0066,0.0066,0.0066,0.0066,0.0066,0.0066,0.0071,0.0071,0.0071,0.0071,0.0071,0.0071,0.0071,0.0071,0.0075,0.0075,0.0075,0.0076,0.0076,0.0076,0.0077,0.0077,0.0077,0.0077,0.0077,0.0077,0.0077,0.0077,0.0077,0.0077,0.0077,0.0077,0.0077,0.0077,0.0079,0.0077,0.0076,0.0075,0.0075,0.0074,0.0074,0.0073,0.0073,0.0073,0.0074,0.0074,0.0074,0.0074,0.0074,0.0074,0.0075,0.0075,0.0075,0.0075,0.0075,0.0074,0.0074,0.0074,0.0075,0.0075,0.0075,0.0075,0.0075,0.0075,0.0075,0.0075,0.0075,0.0075,0.0075,0.0113,0.0113,0.0113,0.0113,0.0113,0.0118,0.0118,0.0118,0.0119,0.0119,0.0120,0.0120,0.0120,0.0120,0.0120,0.0120,0.0120,0.0120,0.0120,0.0120,0.0121,0.0121,0.0121,0.0121,0.0121,0.0121,0.0121,0.0121,0.0121,0.0121,0.0121,0.0121,0.0122,0.0122,0.0122,0.0122,0.0122,0.0122,0.0122,0.0122,0.0122,0.0122,0.0122,0.0122,0.0122,0.0123,0.0123,0.0123,0.0123,0.0123,0.0123,0.0123,0.0123,0.0123,0.0123,0.0123,0.0130,0.0130,0.0130,0.0132,0.0135,0.0135,0.0135,0.0135,0.0135,0.0135,0.0135,0.0135,0.0135,0.0146,0.0146,0.0146,0.0146,0.0145,0.0145,0.0145,0.0145,0.0145,0.0145,0.0145,0.0145,0.0145,0.0145,0.0145,0.0144,0.0144,0.0144,0.0144,0.0144,0.0144,0.0144,0.0144,0.0143,0.0143,0.0143,0.0143,0.0143,0.0143,0.0143,0.0143,0.0142,0.0142,0.0142,0.0142,0.0142,0.0142,0.0142,0.0142,0.0142,0.0142,0.0142,0.0142,0.0142,0.0142,0.0142,0.0141,0.0141,0.0141,0.0141,0.0141,0.0141,0.0141,0.0141,0.0141,0.0141,0.0141,0.0141,0.0141,0.0141,0.0141,0.0141,0.0141,0.0141,0.0141
45120.2916667,0.0049,0.0049,0.0049,0.0049,0.0050,0.0050,0.0050,0.0058,0.0058,0.0058,0.0058,0.0058,0.0058,0.0064,0.0064,0.0064,0.0064,0.0065,0.0065,0.0065,0.0065,0.0065,0.0065,0.0065,0.0065,0.0065,0.0065,0.0065,0.0066,0.0066,0.0066,0.0066,0.0066,0.0066,0.0066,0.0066,0.0066,0.0066,0.0066,0.0071,0.0071,0.0071,0.0071,0.0071,0.0071,0.0071,0.0071,0.0075,0.0075,0.0075,0.0076,0.0076,0.0076,0.0077,0.0077,0.0077,0.0077,0.0077,0.0077,0.0077,0.0077,0.0077,0.0077,0.0077,0.0077,0.0077,0.0077,0.0080,0.0079,0.0079,0.0078,0.0078,0.0078,0.0078,0.0077,0.0077,0.0077,0.0078,0.0078,0.0078,0.0078,0.0078,0.0078,0.0079,0.0079,0.0079,0.0078,0.0078,0.0078,0.0078,0.0078,0.0078,0.0078,0.0078,0.0077,0.0077,0.0077,0.0077,0.0077,0.0077,0.0076,0.0076,0.0115,0.0115,0.0115,0.0115,0.0114,0.0119,0.0119,0.0119,0.0119,0.0119,0.0120,0.0120,0.0120,0.0120,0.0121,0.0120,0.0121,0.0121,0.0121,0.0121,0.0121,0.0121,0.0121,0.0121,0.0121,0.0122,0.0122,0.0122,0.0122,0.0122,0.0122,0.0122,0.0122,0.0122,0.0122,0.0122,0.0122,0.0122,0.0122,0.0122,0.0122,0.0122,0.0123,0.0123,0.0123,0.0123,0.0123,0.0123,0.0123,0.0123,0.0123,0.0123,0.0123,0.0123,0.0123,0.0123,0.0130,0.0130,0.0130,0.0132,0.0135,0.0135,0.0135,0.0135,0.0135,0.0135,0.0135,0.0135,0.0135,0.0147,0.0147,0.0147,0.0147,0.0147,0.0147,0.0147,0.0147,0.0147,0.0147,0.0147,0.0147,0.0147,0.0147,0.0147,0.0147,0.0147,0.0147,0.0147,0.0147,0.0147,0.0147,0.0147,0.0146,0.0146,0.0146,0.0146,0.0146,0.0146,0.0146,0.0146,0.0146,0.0146,0.0145,0.0145,0.0145,0.0145,0.0145,0.0145,0.0145,0.0145,0.0144,0.0144,0.0144,0.0144,0.0144,0.0144,0.0144,0.0144,0.0143,0.0143,0.0143,0.0143,0.0143,0.0143,0.0143,0.0143,0.0143,0.0142,0.0142,0.0142,0.0142,0.0142,0.0142,0.0142
45120.3333333,0.0049,0.0049,0.0049,0.0049,0.0050,0.0050,0.0050,0.0058,0.0058,0.0058,0.0058,0.0058,0.0058,0.0064,0.0064,0.0064,0.0064,0.0065,0.0065,0.0065,0.0065,0.0065,0.0065,0.0065,0.0065,0.0065,0.0065,0.0065,0.0066,0.0066,0.0066,0.0066,0.0066,0.0066,0.0066,0.0066,0.0066,0.0066,0.0066,0.0071,0.0071,0.0071,0.0071,0.0071,0.0071,0.0071,0.0071,0.0075,0.0075,0.0075,0.0076,0.0076,0.0076,0.0077,0.0077,0.0077,0.0077,0.0077,0.0077,0.0077,0.0077,0.0077,0.0077,0.0077,0.0077,0.0077,0.0077,0.0080,0.0080,0.0080,0.0080,0.0080,0.0079,0.0079,0.0079,0.0079,0.0079,0.0080,0.0080,0.0081,0.0081,0.0081,0.0081,0.0082,0.0082,0.0082,0.0082,0.0082,0.0082,0.0082,0.0081,0.0082,0.0082,0.0082,0.0081,0.0081,0.0081,0.0081,0.0081,0.0081,0.0080,0.0080,0.0119,0.0119,0.0118,0.0118,0.0118,0.0123,0.0122,0.0122,0.0121,0.0121,0.0122,0.0122,0.0122,0.0122,0.0122,0.0122,0.0122,0.0122,0.0122,0.0121,0.0122,0.0122,0.0122,0.0122,0.0122,0.0122,0.0122,0.0122,0.0122,0.0122,0.0122,0.0122,0.0123,0.0123,0.0123,0.0123,0.0123,0.0123,0.0123,0.0123,0.0123,0.0123,0.0123,0.0123,0.0123,0.0123,0.0123,0.0123,0.0123,0.0123,0.0123,0.0123,0.0123,0.0123,0.0123,0.0123,0.0130,0.0130,0.0130,0.0132,0.0135,0.0135,0.0135,0.0135,0.0135,0.0135,0.0135,0.0136,0.0136,0.0147,0.0147,0.0147,0.0147,0.0147,0.0147,0.0147,0.0147,0.0147,0.0147,0.0147,0.0147,0.0148,0.0148,0.0148,0.0148,0.0148,0.0148,0.0148,0.0148,0.0148,0.0148,0.0148,0.0148,0.0148,0.0148,0.0148,0.0148,0.0148,0.0148,0.0148,0.0148,0.0148,0.0147,0.0147,0.0147,0.0147,0.0147,0.0147,0.0147,0.0147,0.0147,0.0147,0.0147,0.0147,0.0147,0.0147,0.0147,0.0147,0.0147,0.0146,0.0146,0.0146,0.0146,0.0146,0.0146,0.0146,0.0146,0.0146,0.0145,0.0145,0.0145,0.0145,0.0145,0.0145
45120.3750000,0.0049,0.0049,0.0049,0.0049,0.0050,0.0050,0.0050,0.0058,0.0058,0.0058,0.0058,0.0058,0.0058,0.0064,0.0064,0.0064,0.0064,0.0065,0.0065,0.0065,0.0065,0.0065,0.0065,0.0065,0.0065,0.0065,0.0065,0.0065,0.0066,0.0066,0.0066,0.0066,0.0066,0.0066,0.0066,0.0066,0.0066,0.0066,0.0066,0.0071,0.0071,0.0071,0.0071,0.0071,0.0071,0.0071,0.0071,0.0075,0.0075,0.0075,0.0076,0.0076,0.0076,0.0077,0.0077,0.0077,0.0077,0.0077,0.0077,0.0077,0.0077,0.0077,0.0077,0.0077,0.0077,0.0077,0.0077,0.0080,0.0080,0.0080,0.0080,0.0080,0.0080,0.0080,0.0080,0.0080,0.0080,0.0081,0.0081,0.0081,0.0082,0.0082,0.0082,0.0083,0.0083,0.0083,0.0083,0.0083,0.0083,0.0083,0.0083,0.0084,0.0084,0.0084,0.0084,0.0084,0.0084,0.0083,0.0083,0.0083,0.0083,0.0083,0.0122,0.0122,0.0122,0.0122,0.0122,0.0126,0.0126,0.0126,0.0125,0.0125,0.0126,0.0126,0.0126,0.0126,0.0125,0.0125,0.0125,0.0125,0.0125,0.0124,0.0125,0.0125,0.0124,0.0124,0.0124,0.0124,0.0123,0.0123,0.0123,0.0123,0.0123,0.0123,0.0123,0.0123,0.0123,0.0123,0.0124,0.0124,0.0124,0.0124,0.0123,0.0123,0.0124,0.0124,0.0124,0.0124,0.0124,0.0124,0.0124,0.0124,0.0124,0.0124,0.0124,0.0124,0.0124,0.0124,0.0131,0.0131,0.0130,0.0133,0.0135,0.0135,0.0136,0.0136,0.0136,0.0136,0.0136,0.0136,0.0136,0.0147,0.0147,0.0147,0.0148,0.0148,0.0148,0.0148,0.0148,0.0148,0.0148,0.0148,0.0148,0.0148,0.0148,0.0148,0.0148,0.0148,0.0148,0.0148,0.0148,0.0148,0.0148,0.0148,0.0148,0.0148,0.0148,0.0148,0.0148,0.0148,0.0148,0.0148,0.0148,0.0148,0.0148,0.0148,0.0148,0.0148,0.0148,0.0148,0.0148,0.0148,0.0148,0.0148,0.0148,0.0148,0.0148,0.0148,0.0148,0.0148,0.0148,0.0148,0.0148,0.0148,0.0148,0.0148,0.0148,0.0148,0.0148,0.0148,0.0148,0.0148,0.0148,0.0148,0.0148,0.0147
45120.4166667,0.0049,0.0049,0.0049,0.0049,0.0050,0.0050,0.0050,0.0058,0.0058,0.0058,0.0058,0.0058,0.0058,0.0064,0.0064,0.0064,0.0064,0.0065,0.0065,0.0065,0.0065,0.0065,0.0065,0.0065,0.0065,0.0065,0.0065,0.0065,0.0066,0.0066,0.0066,0.0066,0.0066,0.0066,0.0066,0.0066,0.0066,0.0066,0.0066,0.0071,0.0071,0.0071,0.0071,0.0071,0.0071,0.0071,0.0071,0.0075,0.0075,0.0075,0.0076,0.0076,0.0076,0.0077,0.0077,0.0077,0.0077,0.0077,0.0077,0.0077,0.0077,0.0077,0.0077,0.0077,0.0077,0.0077,0.0077,0.0080,0.0080,0.0080,0.0080,0.0080,0.0080,0.0080,0.0080,0.0080,0.0080,0.0081,0.0081,0.0082,0.0082,0.0082,0.0082,0.0083,0.0083,0.0083,0.0083,0.0083,0.0083,0.0083,0.0083,0.0084,0.0084,0.0084,0.0084,0.0084,0.0084,0.0084,0.0084,0.0084,0.0084,0.0084,0.0123,0.0123,0.0123,0.0123,0.0123,0.0128,0.0128,0.0128,0.0128,0.0128,0.0129,0.0129,0.0129,0.0129,0.0129,0.0129,0.0129,0.0129,0.0128,0.0128,0.0129,0.0128,0.0128,0.0128,0.0127,0.0127,0.0127,0.0127,0.0126,0.0126,0.0126,0.0126,0.0126,0.0126,0.0125,0.0125,0.0125,0.0125,0.0125,0.0125,0.0125,0.0125,0.0125,0.0125,0.0124,0.0125,0.0125,0.0125,0.0125,0.0124,0.0124,0.0124,0.0124,0.0124,0.0124,0.0124,0.0131,0.0131,0.0131,0.0133,0.0136,0.0136,0.0136,0.0136,0.0136,0.0136,0.0136,0.0136,0.0136,0.0148,0.0148,0.0148,0.0148,0.0148,0.0148,0.0148,0.0148,0.0148,0.0148,0.0148,0.0148,0.0148,0.0148,0.0148,0.0148,0.0148,0.0148,0.0148,0.0148,0.0148,0.0148,0.0148,0.0148,0.0148,0.0148,0.0148,0.0148,0.0148,0.0148,0.0148,0.0148,0.0148,0.0148,0.0148,0.0148,0.0148,0.0148,0.0148,0.0148,0.0148,0.0148,0.0148,0.0148,0.0148,0.0148,0.0148,0.0148,0.0148,0.0148,0.0148,0.0148,0.0148,0.0148,0.0148,0.0148,0.0148,0.0148,0.0148,0.0148,0.0148,0.0148,0.0148,0.0148,0.0148
45120.4583333,0.0049,0.0049,0.0049,0.0049,0.0050,0.0050,0.0050,0.0058,0.0058,0.0058,0.0058,0.0058,0.0058,0.0064,0.0064,0.0064,0.0064,0.0065,0.0065,0.0065,0.0065,0.0065,0.0065,0.0065,0.0065,0.0065,0.0065,0.0065,0.0066,0.0066,0.0066,0.0066,0.0066,0.0066,0.0066,0.0066,0.0066,0.0066,0.0066,0.0071,0.0071,0.0071,0.0071,0.0071,0.0071,0.0071,0.0071,0.0075,0.0075,0.0075,0.0076,0.0076,0.0076,0.0077,0.0077,0.0077,0.0077,0.0077,0.0077,0.0077,0.0077,0.0077,0.0077,0.0077,0.0077,0.0077,0.0077,0.0080,0.0080,0.0080,0.0080,0.0080,0.0080,0.0080,0.0080,0.0080,0.0080,0.0081,0.0081,0.0082,0.0082,0.0082,0.0082,0.0083,0.0083,0.0083,0.0083,0.0083,0.0083,0.0083,0.0083,0.0084,0.0084,0.0084,0.0084,0.0084,0.0084,0.0084,0.0084,0.0084,0.0084,0.0084,0.0123,0.0123,0.0123,0.0123,0.0123,0.0128,0.0128,0.0128,0.0129,0.0129,0.0130,0.0130,0.0130,0.0130,0.0130,0.0130,0.0130,0.0130,0.0130,0.0130,0.0131,0.0131,0.0131,0.0130,0.0130,0.0130,0.0130,0.0130,0.0130,0.0130,0.0130,0.0129,0.0130,0.0129,0.0129,0.0129,0.0129,0.0129,0.0128,0.0128,0.0128,0.0128,0.0128,0.0127,0.0127,0.0127,0.0127,0.0127,0.0127,0.0126,0.0126,0.0126,0.0126,0.0125,0.0126,0.0126,0.0132,0.0132,0.0132,0.0134,0.0137,0.0137,0.0137,0.0137,0.0137,0.0137,0.0137,0.0137,0.0137,0.0148,0.0149,0.0148,0.0149,0.0149,0.0149,0.0149,0.0148,0.0148,0.0148,0.0148,0.0149,0.0149,0.0149,0.0149,0.0149,0.0149,0.0149,0.0149,0.0149,0.0149,0.0149,0.0149,0.0149,0.0149,0.0149,0.0149,0.0149,0.0149,0.0149,0.0149,0.0149,0.0149,0.0149,0.0149,0.0149,0.0149,0.0149,0.0149,0.0149,0.0149,0.0149,0.0149,0.0149,0.0149,0.0149,0.0149,0.0149,0.0149,0.0149,0.0149,0.0149,0.0149,0.0149,0.0149,0.0149,0.0149,0.0149,0.0149,0.0149,0.0149,0.0149,0.0149,0.0149,0.0149
45120.5000000,0.0049,0.0049,0.0049,0.0049,0.0050,0.0050,0.0050,0.0058,0.0058,0.0058,0.0058,0.0058,0.0058,0.0064,0.0064,0.0064,0.0064,0.0065,0.0065,0.0065,0.0065,0.0065,0.0065,0.0065,0.0065,0.0065,0.0065,0.0065,0.0066,0.0066,0.0066,0.0066,0.0066,0.0066,0.0066,0.0066,0.0066,0.0066,0.0066,0.0071,0.0071,0.0071,0.0071,0.0071,0.0071,0.0071,0.0071,0.0075,0.0075,0.0075,0.0076,0.0076,0.0076,0.0077,0.0077,0.0077,0.0077,0.0077,0.0077,0.0077,0.0077,0.0077,0.0077,0.0077,0.0077,0.0077,0.0077,0.0080,0.0080,0.0080,0.0080,0.0080,0.0080,0.0080,0.0080,0.0080,0.0080,0.0081,0.0081,0.0082,0.0082,0.0082,0.0082,0.0083,0.0083,0.0083,0.0083,0.0083,0.0083,0.0083,0.0083,0.0084,0.0084,0.0084,0.0084,0.0084,0.0084,0.0084,0.0084,0.0084,0.0084,0.0084,0.0123,0.0123,0.0123,0.0123,0.0123,0.0128,0.0128,0.0129,0.0129,0.0129,0.0130,0.0130,0.0130,0.0130,0.0130,0.0130,0.0130,0.0131,0.0131,0.0131,0.0131,0.0131,0.0131,0.0131,0.0131,0.0132,0.0132,0.0132,0.0132,0.0132,0.0131,0.0131,0.0132,0.0132,0.0132,0.0132,0.0132,0.0132,0.0132,0.0131,0.0131,0.0131,0.0131,0.0131,0.0131,0.0131,0.0131,0.0131,0.0130,0.0130,0.0129,0.0129,0.0129,0.0128,0.0128,0.0128,0.0135,0.0135,0.0135,0.0137,0.0139,0.0139,0.0139,0.0139,0.0139,0.0139,0.0139,0.0139,0.0138,0.0150,0.0150,0.0149,0.0149,0.0149,0.0149,0.0149,0.0149,0.0149,0.0149,0.0149,0.0149,0.0149,0.0149,0.0149,0.0149,0.0149,0.0149,0.0149,0.0149,0.0149,0.0149,0.0149,0.0149,0.0149,0.0149,0.0149,0.0149,0.0149,0.0149,0.0149,0.0149,0.0149,0.0149,0.0149,0.0149,0.0149,0.0149,0.0149,0.0149,0.0149,0.0149,0.0149,0.0149,0.0149,0.0149,0.0149,0.0149,0.0149,0.0149,0.0149,0.0149,0.0149,0.0149,0.0149,0.0149,0.0149,0.0149,0.0149,0.0149,0.0149,0.0149,0.0149,0.0149,0.0149
45120.5416667,0.0049,0.0049,0.0049,0.0049,0.0050,0.0050,0.0050,0.0058,0.0058,0.0058,0.0058,0.0058,0.0058,0.0064,0.0064,0.0064,0.0064,0.0065,0.0065,0.0065,0.0065,0.0065,0.0065,0.0065,0.0065,0.0065,0.0065,0.0065,0.0066,0.0066,0.0066,0.0066,0.0066,0.0066,0.0066,0.0066,0.0066,0.0066,0.0066,0.0071,0.0071,0.0071,0.0071,0.0071,0.0071,0.0071,0.0071,0.0075,0.0075,0.0075,0.0076,0.0076,0.0076,0.0077,0.0077,0.0077,0.0077,0.0077,0.0077,0.0077,0.0077,0.0077,0.0077,0.0077,0.0077,0.0077,0.0077,0.0080,0.0080,0.0080,0.0080,0.0080,0.0080,0.0080,0.0080,0.0080,0.0080,0.0081,0.0081,0.0082,0.0082,0.0082,0.0082,0.0083,0.0083,0.0083,0.0083,0.0083,0.0083,0.0083,0.0083,0.0084,0.0084,0.0084,0.0084,0.0084,0.0084,0.0084,0.0084,0.0084,0.0084,0.0084,0.0123,0.0123,0.0123,0.0123,0.0123,0.0128,0.0128,0.0129,0.0129,0.0129,0.0130,0.0130,0.0130,0.0130,0.0130,0.0130,0.0131,0.0131,0.0131,0.0131,0.0131,0.0131,0.0132,0.0132,0.0132,0.0132,0.0132,0.0132,0.0132,0.0132,0.0132,0.0132,0.0133,0.0133,0.0133,0.0133,0.0133,0.0133,0.0133,0.0133,0.0133,0.0133,0.0133,0.0133,0.0133,0.0133,0.0133,0.0133,0.0133,0.0133,0.0132,0.0132,0.0132,0.0132,0.0132,0.0132,0.0138,0.0138,0.0138,0.0140,0.0143,0.0143,0.0143,0.0143,0.0143,0.0143,0.0142,0.0142,0.0142,0.0153,0.0152,0.0152,0.0152,0.0152,0.0151,0.0151,0.0151,0.0151,0.0151,0.0151,0.0151,0.0151,0.0151,0.0151,0.0151,0.0151,0.0151,0.0151,0.0151,0.0150,0.0150,0.0150,0.0150,0.0150,0.0150,0.0150,0.0150,0.0150,0.0150,0.0150,0.0150,0.0150,0.0150,0.0150,0.0150,0.0150,0.0150,0.0150,0.0150,0.0150,0.0150,0.0150,0.0150,0.0150,0.0150,0.0150,0.0150,0.0150,0.0150,0.0150,0.0149,0.0149,0.0149,0.0149,0.0149,0.0149,0.0149,0.0149,0.0149,0.0149,0.0149,0.0149,0.0149,0.0149
45120.5833333,0.0049,0.0049,0.0049,0.0049,0.0050,0.0050,0.0050,0.0058,0.0058,0.0058,0.0058,0.0058,0.0058,0.0064,0.0064,0.0064,0.0064,0.0065,0.0065,0.0065,0.0065,0.0065,0.0065,0.0065,0.0065,0.0065,0.0065,0.0065,0.0066,0.0066,0.0066,0.0066,0.0066,0.0066,0.0066,0.0066,0.0066,0.0066,0.0066,0.0071,0.0071,0.0071,0.0071,0.0071,0.0071,0.0071,0.0071,0.0075,0.0075,0.0075,0.0076,0.0076,0.0076,0.0077,0.0077,0.0077,0.0077,0.0077,0.0077,0.0077,0.0077,0.0077,0.0077,0.0077,0.0077,0.0077,0.0077,0.0080,0.0080,0.0080,0.0080,0.0080,0.0080,0.0080,0.0080,0.0080,0.0080,0.0081,0.0081,0.0082,0.0082,0.0082,0.0082,0.0083,0.0083,0.0083,0.0083,0.0083,0.0083,0.0083,0.0083,0.0084,0.0084,0.0084,0.0084,0.0084,0.0084,0.0084,0.0084,0.0084,0.0084,0.0084,0.0123,0.0123,0.0123,0.0123,0.0123,0.0128,0.0128,0.0129,0.0129,0.0129,0.0130,0.0130,0.0130,0.0130,0.0130,0.0130,0.0131,0.0131,0.0131,0.0131,0.0131,0.0131,0.0132,0.0132,0.0132,0.0132,0.0132,0.0132,0.0132,0.0132,0.0132,0.0132,0.0133,0.0133,0.0133,0.0133,0.0133,0.0133,0.0133,0.0133,0.0133,0.0133,0.0134,0.0134,0.0134,0.0134,0.0134,0.0134,0.0134,0.0134,0.0134,0.0134,0.0134,0.0134,0.0134,0.0134,0.0140,0.0140,0.0140,0.0142,0.0145,0.0145,0.0145,0.0145,0.0145,0.0145,0.0145,0.0145,0.0145,0.0156,0.0156,0.0155,0.0155,0.0155,0.0155,0.0155,0.0154,0.0154,0.0154,0.0154,0.0154,0.0154,0.0154,0.0154,0.0154,0.0154,0.0154,0.0153,0.0153,0.0153,0.0153,0.0153,0.0153,0.0153,0.0153,0.0152,0.0152,0.0152,0.0152,0.0152,0.0152,0.0152,0.0152,0.0152,0.0152,0.0151,0.0151,0.0151,0.0151,0.0151,0.0151,0.0151,0.0151,0.0151,0.0151,0.0151,0.0151,0.0151,0.0151,0.0150,0.0150,0.0150,0.0150,0.0150,0.0150,0.0150,0.0150,0.0150,0.0150,0.0150,0.0150,0.0150,0.0150,0.0150
45120.6250000,0.0049,0.0049,0.0049,0.0049,0.0050,0.0050,0.0050,0.0058,0.0058,0.0058,0.0058,0.0058,0.0058,0.0064,0.0064,0.0064,0.0064,0.0065,0.0065,0.0065,0.0065,0.0065,0.0065,0.0065,0.0065,0.0065,0.0065,0.0065,0.0066,0.0066,0.0066,0.0066,0.0066,0.0066,0.0066,0.0066,0.0066,0.0066,0.0066,0.0071,0.0071,0.0071,0.0071,0.0071,0.0071,0.0071,0.0071,0.0075,0.0075,0.0075,0.0076,0.0076,0.0076,0.0077,0.0077,0.0077,0.0077,0.0077,0.0077,0.0077,0.0077,0.0077,0.0077,0.0077,0.0077,0.0077,0.0077,0.0080,0.0080,0.0080,0.0080,0.0080,0.0080,0.0080,0.0080,0.0080,0.0080,0.0081,0.0081,0.0082,0.0082,0.0082,0.0082,0.0083,0.0083,0.0083,0.0083,0.0083,0.0083,0.0083,0.0083,0.0084,0.0084,0.0084,0.0084,0.0084,0.0084,0.0084,0.0084,0.0084,0.0084,0.0084,0.0123,0.0123,0.0123,0.0123,0.0123,0.0128,0.0128,0.0129,0.0129,0.0129,0.0130,0.0130,0.0130,0.0130,0.0130,0.0130,0.0131,0.0131,0.0131,0.0131,0.0131,0.0132,0.0132,0.0132,0.0132,0.0132,0.0132,0.0132,0.0132,0.0132,0.0132,0.0132,0.0133,0.0133,0.0133,0.0133,0.0133,0.0133,0.0133,0.0133,0.0133,0.0133,0.0134,0.0134,0.0134,0.0134,0.0134,0.0134,0.0134,0.0134,0.0134,0.0134,0.0134,0.0134,0.0134,0.0134,0.0141,0.0141,0.0141,0.0143,0.0146,0.0146,0.0146,0.0146,0.0146,0.0146,0.0146,0.0146,0.0146,0.0158,0.0158,0.0158,0.0158,0.0157,0.0157,0.0157,0.0157,0.0157,0.0157,0.0157,0.0157,0.0157,0.0157,0.0157,0.0157,0.0157,0.0157,0.0157,0.0157,0.0157,0.0156,0.0156,0.0156,0.0156,0.0156,0.0156,0.0156,0.0156,0.0156,0.0155,0.0155,0.0155,0.0155,0.0155,0.0155,0.0155,0.0154,0.0154,0.0154,0.0154,0.0154,0.0154,0.0154,0.0154,0.0153,0.0153,0.0153,0.0153,0.0153,0.0153,0.0153,0.0153,0.0152,0.0152,0.0152,0.0152,0.0152,0.0152,0.0152,0.0152,0.0152,0.0152,0.0152,0.0151
45120.6666667,0.0049,0.0049,0.0049,0.0049,0.0050,0.0050,0.0050,0.0058,0.0058,0.0058,0.0058,0.0058,0.0058,0.0064,0.0064,0.0064,0.0064,0.0065,0.0065,0.0065,0.0065,0.0065,0.0065,0.0065,0.0065,0.0065,0.0065,0.0065,0.0066,0.0066,0.0066,0.0066,0.0066,0.0066,0.0066,0.0066,0.0066,0.0066,0.0066,0.0071,0.0071,0.0071,0.0071,0.0071,0.0071,0.0071,0.0071,0.0075,0.0075,0.0075,0.0076,0.0076,0.0076,0.0077,0.0077,0.0077,0.0077,0.0077,0.0077,0.0077,0.0077,0.0077,0.0077,0.0077,0.0077,0.0077,0.0077,0.0080,0.0080,0.0080,0.0080,0.0080,0.0080,0.0080,0.0080,0.0080,0.0080,0.0081,0.0081,0.0082,0.0082,0.0082,0.0082,0.0083,0.0083,0.0083,0.0083,0.0083,0.0083,0.0083,0.0083,0.0084,0.0084,0.0084,0.0084,0.0084,0.0084,0.0084,0.0084,0.0084,0.0084,0.0084,0.0123,0.0123,0.0123,0.0123,0.0123,0.0128,0.0128,0.0129,0.0129,0.0129,0.0130,0.0130,0.0130,0.0130,0.0130,0.0130,0.0131,0.0131,0.0131,0.0131,0.0131,0.0132,0.0132,0.0132,0.0132,0.0132,0.0132,0.0132,0.0132,0.0132,0.0132,0.0132,0.0133,0.0133,0.0133,0.0133,0.0133,0.0133,0.0133,0.0133,0.0133,0.0134,0.0134,0.0134,0.0134,0.0134,0.0134,0.0134,0.0134,0.0134,0.0134,0.0134,0.0134,0.0134,0.0134,0.0134,0.0141,0.0141,0.0141,0.0143,0.0146,0.0146,0.0146,0.0146,0.0147,0.0147,0.0147,0.0147,0.0147,0.0158,0.0158,0.0158,0.0158,0.0158,0.0158,0.0158,0.0158,0.0158,0.0158,0.0158,0.0158,0.0159,0.0159,0.0159,0.0159,0.0159,0.0159,0.0159,0.0158,0.0158,0.0158,0.0158,0.0158,0.0158,0.0158,0.0158,0.0158,0.0158,0.0158,0.0158,0.0158,0.0158,0.0158,0.0158,0.0158,0.0158,0.0158,0.0157,0.0157,0.0157,0.0157,0.0157,0.0157,0.0157,0.0157,0.0157,0.0157,0.0156,0.0156,0.0156,0.0156,0.0156,0.0156,0.0156,0.0156,0.0155,0.0155,0.0155,0.0155,0.0155,0.0155,0.0155,0.0155,0.0154
45120.7083333,0.0049,0.0049,0.0049,0.0049,0.0050,0.0050,0.0050,0.0058,0.0058,0.0058,0.0058,0.0058,0.0058,0.0064,0.0064,0.0064,0.0064,0.0065,0.0065,0.0065,0.0065,0.0065,0.0065,0.0065,0.0065,0.0065,0.0065,0.0065,0.0066,0.0066,0.0066,0.0066,0.0066,0.0066,0.0066,0.0066,0.0066,0.0066,0.0066,0.0071,0.0071,0.0071,0.0071,0.0071,0.0071,0.0071,0.0071,0.0075,0.0075,0.0075,0.0076,0.0076,0.0076,0.0077,0.0077,0.0077,0.0077,0.0077,0.0077,0.0077,0.0077,0.0077,0.0077,0.0077,0.0077,0.0077,0.0077,0.0080,0.0080,0.0080,0.0080,0.0080,0.0080,0.0080,0.0080,0.0080,0.0080,0.0081,0.0081,0.0082,0.0082,0.0082,0.0082,0.0083,0.0083,0.0083,0.0083,0.0083,0.0083,0.0083,0.0083,0.0084,0.0084,0.0084,0.0084,0.0084,0.0084,0.0084,0.0084,0.0084,0.0084,0.0084,0.0123,0.0123,0.0123,0.0123,0.0123,0.0128,0.0128,0.0129,0.0129,0.0129,0.0130,0.0130,0.0130,0.0130,0.0130,0.0130,0.0131,0.0131,0.0131,0.0131,0.0131,0.0132,0.0132,0.0132,0.0132,0.0132,0.0132,0.0132,0.0132,0.0132,0.0132,0.0132,0.0133,0.0133,0.0133,0.0133,0.0133,0.0133,0.0133,0.0133,0.0133,0.0134,0.0134,0.0134,0.0134,0.0134,0.0134,0.0134,0.0134,0.0134,0.0134,0.0134,0.0134,0.0134,0.0134,0.0134,0.0141,0.0141,0.0141,0.0143,0.0146,0.0146,0.0146,0.0147,0.0147,0.0147,0.0147,0.0147,0.0147,0.0158,0.0159,0.0159,0.0159,0.0159,0.0159,0.0159,0.0159,0.0159,0.0159,0.0159,0.0159,0.0159,0.0159,0.0159,0.0159,0.0159,0.0159,0.0159,0.0159,0.0159,0.0159,0.0159,0.0159,0.0159,0.0159,0.0159,0.0159,0.0159,0.0159,0.0159,0.0159,0.0159,0.0159,0.0159,0.0159,0.0159,0.0159,0.0159,0.0159,0.0159,0.0159,0.0159,0.0159,0.0159,0.0159,0.0159,0.0159,0.0159,0.0159,0.0159,0.0158,0.0158,0.0158,0.0158,0.0158,0.0158,0.0158,0.0158,0.0158,0.0158,0.0158,0.0158,0.0158,0.0158
45120.7500000,0.0049,0.0049,0.0049,0.0049,0.0050,0.0050,0.0050,0.0058,0.0058,0.0058,0.0058,0.0058,0.0058,0.0064,0.0064,0.0064,0.0064,0.0065,0.0065,0.0065,0.0065,0.0065,0.0065,0.0065,0.0065,0.0065,0.0065,0.0065,0.0066,0.0066,0.0066,0.0066,0.0066,0.0066,0.0066,0.0066,0.0066,0.0066,0.0066,0.0071,0.0071,0.0071,0.0071,0.0071,0.0071,0.0071,0.0071,0.0075,0.0075,0.0075,0.0076,0.0076,0.0076,0.0077,0.0077,0.0077,0.0077,0.0077,0.0077,0.0077,0.0077,0.0077,0.0077,0.0077,0.0077,0.0077,0.0077,0.0080,0.0080,0.0080,0.0080,0.0080,0.0080,0.0080,0.0080,0.0080,0.0080,0.0081,0.0081,0.0082,0.0082,0.0082,0.0082,0.0083,0.0083,0.0083,0.0083,0.0083,0.0083,0.0083,0.0083,0.0084,0.0084,0.0084,0.0084,0.0084,0.0084,0.0084,0.0084,0.0084,0.0084,0.0084,0.0123,0.0123,0.0123,0.0123,0.0123,0.0128,0.0128,0.0129,0.0129,0.0129,0.0130,0.0130,0.0130,0.0130,0.0130,0.0130,0.0131,0.0131,0.0131,0.0131,0.0131,0.0132,0.0132,0.0132,0.0132,0.0132,0.0132,0.0132,0.0132,0.0132,0.0132,0.0132,0.0133,0.0133,0.0133,0.0133,0.0133,0.0133,0.0133,0.0133,0.0133,0.0134,0.0134,0.0134,0.0134,0.0134,0.0134,0.0134,0.0134,0.0134,0.0134,0.0134,0.0134,0.0134,0.0134,0.0134,0.0141,0.0141,0.0141,0.0143,0.0146,0.0146,0.0146,0.0147,0.0147,0.0147,0.0147,0.0147,0.0147,0.0158,0.0159,0.0159,0.0159,0.0159,0.0159,0.0159,0.0159,0.0159,0.0159,0.0159,0.0159,0.0159,0.0159,0.0159,0.0159,0.0159,0.0159,0.0159,0.0159,0.0159,0.0159,0.0159,0.0159,0.0159,0.0159,0.0159,0.0159,0.0159,0.0159,0.0159,0.0159,0.0159,0.0159,0.0159,0.0159,0.0159,0.0159,0.0159,0.0159,0.0159,0.0159,0.0159,0.0159,0.0159,0.0159,0.0159,0.0159,0.0159,0.0159,0.0159,0.0159,0.0159,0.0159,0.0159,0.0159,0.0159,0.0159,0.0159,0.0159,0.0159,0.0159,0.0159,0.0159,0.0159
45120.7916667,0.0049,0.0049,0.0049,0.0049,0.0050,0.0050,0.0050,0.0058,0.0058,0.0058,0.0058,0.0058,0.0058,0.0064,0.0064,0.0064,0.0064,0.0065,0.0065,0.0065,0.0065,0.0065,0.0065,0.0065,0.0065,0.0065,0.0065,0.0065,0.0066,0.0066,0.0066,0.0066,0.0066,0.0066,0.0066,0.0066,0.0066,0.0066,0.0066,0.0071,0.0071,0.0071,0.0071,0.0071,0.0071,0.0071,0.0071,0.0075,0.0075,0.0075,0.0076,0.0076,0.0076,0.0077,0.0077,0.0077,0.0077,0.0077,0.0077,0.0077,0.0077,0.0077,0.0077,0.0077,0.0077,0.0077,0.0077,0.0080,0.0080,0.0080,0.0080,0.0080,0.0080,0.0080,0.0080,0.0080,0.0080,0.0081,0.0081,0.0082,0.0082,0.0082,0.0082,0.0083,0.0083,0.0083,0.0083,0.0083,0.0083,0.0083,0.0083,0.0084,0.0084,0.0084,0.0084,0.0084,0.0084,0.0084,0.0084,0.0084,0.0084,0.0084,0.0123,0.0123,0.0123,0.0123,0.0123,0.0128,0.0128,0.0129,0.0129,0.0129,0.0130,0.0130,0.0130,0.0130,0.0130,0.0130,0.0131,0.0131,0.0131,0.0131,0.0131,0.0132,0.0132,0.0132,0.0132,0.0132,0.0132,0.0132,0.0132,0.0132,0.0132,0.0132,0.0133,0.0133,0.0133,0.0133,0.0133,0.0133,0.0133,0.0133,0.0133,0.0134,0.0134,0.0134,0.0134,0.0134,0.0134,0.0134,0.0134,0.0134,0.0134,0.0134,0.0134,0.0134,0.0134,0.0134,0.0141,0.0141,0.0141,0.0143,0.0146,0.0146,0.0146,0.0147,0.0147,0.0147,0.0147,0.0147,0.0147,0.0158,0.0159,0.0159,0.0159,0.0159,0.0159,0.0159,0.0159,0.0159,0.0159,0.0159,0.0159,0.0159,0.0159,0.0159,0.0159,0.0159,0.0159,0.0159,0.0159,0.0159,0.0159,0.0159,0.0159,0.0159,0.0159,0.0159,0.0159,0.0159,0.0159,0.0159,0.0159,0.0159,0.0159,0.0159,0.0159,0.0160,0.0160,0.0160,0.0160,0.0160,0.0160,0.0160,0.0160,0.0160,0.0160,0.0160,0.0160,0.0160,0.0160,0.0160,0.0160,0.0160,0.0160,0.0160,0.0160,0.0160,0.0160,0.0160,0.0160,0.0160,0.0160,0.0160,0.0160,0.0160
45120.8333333,0.0049,0.0049,0.0049,0.0049,0.0050,0.0050,0.0050,0.0058,0.0058,0.0058,0.0058,0.0058,0.0058,0.0064,0.0064,0.0064,0.0064,0.0065,0.0065,0.0065,0.0065,0.0065,0.0065,0.0065,0.0065,0.0065,0.0065,0.0065,0.0066,0.0066,0.0066,0.0066,0.0066,0.0066,0.0066,0.0066,0.0066,0.0066,0.0066,0.0071,0.0071,0.0071,0.0071,0.0071,0.0071,0.0071,0.0071,0.0075,0.0075,0.0075,0.0076,0.0076,0.0076,0.0077,0.0077,0.0077,0.0077,0.0077,0.0077,0.0077,0.0077,0.0077,0.0077,0.0077,0.0077,0.0077,0.0077,0.0080,0.0080,0.0080,0.0080,0.0080,0.0080,0.0080,0.0080,0.0080,0.0080,0.0081,0.0081,0.0082,0.0082,0.0082,0.0082,0.0083,0.0083,0.0083,0.0083,0.0083,0.0083,0.0083,0.0083,0.0084,0.0084,0.0084,0.0084,0.0084,0.0084,0.0084,0.0084,0.0084,0.0084,0.0084,0.0123,0.0123,0.0123,0.0123,0.0123,0.0128,0.0128,0.0129,0.0129,0.0129,0.0130,0.0130,0.0130,0.0130,0.0130,0.0130,0.0131,0.0131,0.0131,0.0131,0.0131,0.0132,0.0132,0.0132,0.0132,0.0132,0.0132,0.0132,0.0132,0.0132,0.0132,0.0132,0.0133,0.0133,0.0133,0.0133,0.0133,0.0133,0.0133,0.0133,0.0133,0.0134,0.0134,0.0134,0.0134,0.0134,0.0134,0.0134,0.0134,0.0134,0.0134,0.0134,0.0134,0.0134,0.0134,0.0134,0.0141,0.0141,0.0141,0.0143,0.0146,0.0146,0.0146,0.0147,0.0147,0.0147,0.0147,0.0147,0.0147,0.0158,0.0159,0.0159,0.0159,0.0159,0.0159,0.0159,0.0159,0.0159,0.0159,0.0159,0.0159,0.0159,0.0159,0.0159,0.0159,0.0159,0.0159,0.0159,0.0159,0.0159,0.0159,0.0159,0.0159,0.0159,0.0159,0.0159,0.0159,0.0159,0.0159,0.0159,0.0159,0.0159,0.0159,0.0159,0.0160,0.0160,0.0160,0.0160,0.0160,0.0160,0.0160,0.0160,0.0160,0.0160,0.0160,0.0160,0.0160,0.0160,0.0160,0.0160,0.0160,0.0160,0.0160,0.0160,0.0160,0.0160,0.0160,0.0160,0.0160,0.0160,0.0160,0.0160,0.0160,0.0160
45120.8750000,0.0049,0.0049,0.0049,0.0049,0.0050,0.0050,0.0050,0.0058,0.0058,0.0058,0.0058,0.0058,0.0058,0.0064,0.0064,0.0064,0.0064,0.0065,0.0065,0.0065,0.0065,0.0065,0.0065,0.0065,0.0065,0.0065,0.0065,0.0065,0.0066,0.0066,0.0066,0.0066,0.0066,0.0066,0.0066,0.0066,0.0066,0.0066,0.0066,0.0071,0.0071,0.0071,0.0071,0.0071,0.0071,0.0071,0.0071,0.0075,0.0075,0.0075,0.0076,0.0076,0.0076,0.0077,0.0077,0.0077,0.0077,0.0077,0.0077,0.0077,0.0077,0.0077,0.0077,0.0077,0.0077,0.0077,0.0077,0.0080,0.0080,0.0080,0.0080,0.0080,0.0080,0.0080,0.0080,0.0080,0.0080,0.0081,0.0081,0.0082,0.0082,0.0082,0.0082,0.0083,0.0083,0.0083,0.0083,0.0083,0.0083,0.0083,0.0083,0.0084,0.0084,0.0084,0.0084,0.0084,0.0084,0.0084,0.0084,0.0084,0.0084,0.0084,0.0123,0.0123,0.0123,0.0123,0.0123,0.0128,0.0128,0.0129,0.0129,0.0129,0.0130,0.0130,0.0130,0.0130,0.0130,0.0130,0.0131,0.0131,0.0131,0.0131,0.0131,0.0132,0.0132,0.0132,0.0132,0.0132,0.0132,0.0132,0.0132,0.0132,0.0132,0.0132,0.0133,0.0133,0.0133,0.0133,0.0133,0.0133,0.0133,0.0133,0.0133,0.0134,0.0134,0.0134,0.0134,0.0134,0.0134,0.0134,0.0134,0.0134,0.0134,0.0134,0.0134,0.0134,0.0134,0.0134,0.0141,0.0141,0.0141,0.0143,0.0146,0.0146,0.0146,0.0147,0.0147,0.0147,0.0147,0.0147,0.0147,0.0158,0.0159,0.0159,0.0159,0.0159,0.0159,0.0159,0.0159,0.0159,0.0159,0.0159,0.0159,0.0159,0.0159,0.0159,0.0159,0.0159,0.0159,0.0159,0.0159,0.0159,0.0159,0.0159,0.0159,0.0159,0.0159,0.0159,0.0159,0.0159,0.0159,0.0159,0.0159,0.0159,0.0159,0.0160,0.0160,0.0160,0.0160,0.0160,0.0160,0.0160,0.0160,0.0160,0.0160,0.0160,0.0160,0.0160,0.0160,0.0160,0.0160,0.0160,0.0160,0.0160,0.0160,0.0160,0.0160,0.0160,0.0160,0.0160,0.0160,0.0160,0.0160,0.0160,0.0160,0.0160
45120.9166667,0.0049,0.0049,0.0049,0.0049,0.0050,0.0050,0.0050,0.0058,0.0058,0.0058,0.0058,0.0058,0.0058,0.0064,0.0064,0.0064,0.0064,0.0065,0.0065,0.0065,0.0065,0.0065,0.0065,0.0065,0.0065,0.0065,0.0065,0.0065,0.0066,0.0066,0.0066,0.0066,0.0066,0.0066,0.0066,0.0066,0.0066,0.0066,0.0066,0.0071,0.0071,0.0071,0.0071,0.0071,0.0071,0.0071,0.0071,0.0075,0.0075,0.0075,0.0076,0.0076,0.0076,0.0077,0.0077,0.0077,0.0077,0.0077,0.0077,0.0077,0.0077,0.0077,0.0077,0.0077,0.0077,0.0077,0.0077,0.0080,0.0080,0.0080,0.0080,0.0080,0.0080,0.0080,0.0080,0.0080,0.0080,0.0081,0.0081,0.0082,0.0082,0.0082,0.0082,0.0083,0.0083,0.0083,0.0083,0.0083,0.0083,0.0083,0.0083,0.0084,0.0084,0.0084,0.0084,0.0084,0.0084,0.0084,0.0084,0.0084,0.0084,0.0084,0.0123,0.0123,0.0123,0.0123,0.0123,0.0128,0.0128,0.0129,0.0129,0.0129,0.0130,0.0130,0.0130,0.0130,0.0130,0.0130,0.0131,0.0131,0.0131,0.0131,0.0131,0.0132,0.0132,0.0132,0.0132,0.0132,0.0132,0.0132,0.0132,0.0132,0.0132,0.0132,0.0133,0.0133,0.0133,0.0133,0.0133,0.0133,0.0133,0.0133,0.0133,0.0134,0.0134,0.0134,0.0134,0.0134,0.0134,0.0134,0.0134,0.0134,0.0134,0.0134,0.0134,0.0134,0.0134,0.0134,0.0141,0.0141,0.0141,0.0143,0.0146,0.0146,0.0146,0.0147,0.0147,0.0147,0.0147,0.0147,0.0147,0.0158,0.0159,0.0159,0.0159,0.0159,0.0159,0.0159,0.0159,0.0159,0.0159,0.0159,0.0159,0.0159,0.0159,0.0159,0.0159,0.0159,0.0159,0.0159,0.0159,0.0159,0.0159,0.0159,0.0159,0.0159,0.0159,0.0159,0.0159,0.0159,0.0159,0.0159,0.0159,0.0159,0.0159,0.0160,0.0160,0.0160,0.0160,0.0160,0.0160,0.0160,0.0160,0.0160,0.0160,0.0160,0.0160,0.0160,0.0160,0.0160,0.0160,0.0160,0.0160,0.0160,0.0160,0.0160,0.0160,0.0160,0.0160,0.0160,0.0160,0.0160,0.0160,0.0160,0.0160,0.0160
45120.9583333,0.0049,0.0049,0.0049,0.0049,0.0050,0.0050,0.0050,0.0058,0.0058,0.0058,0.0058,0.0058,0.0058,0.0064,0.0064,0.0064,0.0064,0.0065,0.0065,0.0065,0.0065,0.0065,0.0065,0.0065,0.0065,0.0065,0.0065,0.0065,0.0066,0.0066,0.0066,0.0066,0.0066,0.0066,0.0066,0.0066,0.0066,0.0066,0.0066,0.0071,0.0071,0.0071,0.0071,0.0071,0.0071,0.0071,0.0071,0.0075,0.0075,0.0075,0.0076,0.0076,0.0076,0.0077,0.0077,0.0077,0.0077,0.0077,0.0077,0.0077,0.0077,0.0077,0.0077,0.0077,0.0077,0.0077,0.0077,0.0080,0.0080,0.0080,0.0080,0.0080,0.0080,0.0080,0.0080,0.0080,0.0080,0.0081,0.0081,0.0082,0.0082,0.0082,0.0082,0.0083,0.0083,0.0083,0.0083,0.0083,0.0083,0.0083,0.0083,0.0084,0.0084,0.0084,0.0084,0.0084,0.0084,0.0084,0.0084,0.0084,0.0084,0.0084,0.0123,0.0123,0.0123,0.0123,0.0123,0.0128,0.0128,0.0129,0.0129,0.0129,0.0130,0.0130,0.0130,0.0130,0.0130,0.0130,0.0131,0.0131,0.0131,0.0131,0.0131,0.0132,0.0132,0.0132,0.0132,0.0132,0.0132,0.0132,0.0132,0.0132,0.0132,0.0132,0.0133,0.0133,0.0133,0.0133,0.0133,0.0133,0.0133,0.0133,0.0133,0.0134,0.0134,0.0134,0.0134,0.0134,0.0134,0.0134,0.0134,0.0134,0.0134,0.0134,0.0134,0.0134,0.0134,0.0134,0.0141,0.0141,0.0141,0.0143,0.0146,0.0146,0.0146,0.0147,0.0147,0.0147,0.0147,0.0147,0.0147,0.0158,0.0159,0.0159,0.0159,0.0159,0.0159,0.0159,0.0159,0.0159,0.0159,0.0159,0.0159,0.0159,0.0159,0.0159,0.0159,0.0159,0.0159,0.0159,0.0159,0.0159,0.0159,0.0159,0.0159,0.0159,0.0159,0.0159,0.0159,0.0159,0.0159,0.0159,0.0159,0.0159,0.0159,0.0160,0.0160,0.0160,0.0160,0.0160,0.0160,0.0160,0.0160,0.0160,0.0160,0.0160,0.0160,0.0160,0.0160,0.0160,0.0160,0.0160,0.0160,0.0160,0.0160,0.0160,0.0160,0.0160,0.0160,0.0160,0.0160,0.0160,0.0160,0.0160,0.0160,0.0160
45121.0000000,0.0058,0.0058,0.0057,0.0057,0.0057,0.0056,0.0056,0.0065,0.0064,0.0064,0.0064,0.0063,0.0062,0.0069,0.0068,0.0067,0.0066,0.0066,0.0066,0.0065,0.0065,0.0065,0.0065,0.0065,0.0065,0.0065,0.0065,0.0065,0.0066,0.0066,0.0066,0.0066,0.0066,0.0066,0.0066,0.0066,0.0066,0.0066,0.0066,0.0072,0.0072,0.0072,0.0072,0.0072,0.0072,0.0071,0.0071,0.0076,0.0076,0.0076,0.0077,0.0077,0.0077,0.0077,0.0077,0.0077,0.0077,0.0077,0.0077,0.0077,0.0077,0.0077,0.0077,0.0077,0.0077,0.0077,0.0077,0.0080,0.0080,0.0080,0.0080,0.0080,0.0080,0.0080,0.0080,0.0080,0.0080,0.0081,0.0081,0.0082,0.0082,0.0082,0.0082,0.0083,0.0083,0.0084,0.0084,0.0084,0.0084,0.0084,0.0084,0.0084,0.0084,0.0084,0.0084,0.0084,0.0084,0.0084,0.0084,0.0084,0.0084,0.0084,0.0130,0.0129,0.0129,0.0129,0.0128,0.0133,0.0133,0.0132,0.0131,0.0130,0.0131,0.0131,0.0131,0.0131,0.0131,0.0131,0.0131,0.0131,0.0131,0.0131,0.0131,0.0132,0.0132,0.0132,0.0132,0.0132,0.0132,0.0132,0.0132,0.0132,0.0132,0.0132,0.0133,0.0133,0.0133,0.0133,0.0133,0.0133,0.0133,0.0133,0.0133,0.0134,0.0134,0.0134,0.0134,0.0134,0.0134,0.0134,0.0134,0.0134,0.0134,0.0134,0.0134,0.0134,0.0134,0.0134,0.0142,0.0142,0.0142,0.0145,0.0147,0.0147,0.0148,0.0148,0.0148,0.0148,0.0147,0.0147,0.0147,0.0161,0.0160,0.0160,0.0160,0.0160,0.0160,0.0160,0.0159,0.0159,0.0159,0.0159,0.0159,0.0160,0.0160,0.0160,0.0159,0.0159,0.0159,0.0159,0.0159,0.0159,0.0159,0.0159,0.0159,0.0159,0.0159,0.0159,0.0159,0.0159,0.0159,0.0159,0.0159,0.0159,0.0159,0.0160,0.0160,0.0160,0.0160,0.0160,0.0160,0.0160,0.0160,0.0160,0.0160,0.0160,0.0160,0.0160,0.0160,0.0160,0.0160,0.0160,0.0160,0.0160,0.0160,0.0160,0.0160,0.0160,0.0160,0.0160,0.0160,0.0160,0.0160,0.0160,0.0160,0.0160
45121.0416667,0.0058,0.0058,0.0058,0.0058,0.0058,0.0058,0.0058,0.0068,0.0068,0.0068,0.0068,0.0068,0.0068,0.0075,0.0075,0.0075,0.0075,0.0074,0.0074,0.0073,0.0072,0.0072,0.0072,0.0071,0.0071,0.0070,0.0069,0.0069,0.0068,0.0068,0.0067,0.0067,0.0067,0.0066,0.0066,0.0066,0.0066,0.0066,0.0066,0.0072,0.0072,0.0072,0.0072,0.0072,0.0072,0.0072,0.0072,0.0077,0.0077,0.0077,0.0078,0.0078,0.0078,0.0078,0.0078,0.0078,0.0078,0.0078,0.0078,0.0078,0.0078,0.0078,0.0078,0.0078,0.0078,0.0078,0.0078,0.0080,0.0080,0.0080,0.0080,0.0080,0.0080,0.0080,0.0080,0.0080,0.0080,0.0082,0.0082,0.0082,0.0082,0.0082,0.0082,0.0083,0.0083,0.0084,0.0084,0.0084,0.0084,0.0084,0.0084,0.0085,0.0085,0.0085,0.0085,0.0085,0.0085,0.0085,0.0085,0.0085,0.0085,0.0085,0.0130,0.0130,0.0130,0.0130,0.0130,0.0136,0.0136,0.0136,0.0136,0.0136,0.0137,0.0137,0.0137,0.0137,0.0137,0.0136,0.0136,0.0136,0.0135,0.0135,0.0135,0.0135,0.0134,0.0134,0.0133,0.0133,0.0133,0.0133,0.0133,0.0133,0.0132,0.0132,0.0133,0.0133,0.0133,0.0133,0.0133,0.0133,0.0133,0.0133,0.0133,0.0134,0.0134,0.0134,0.0134,0.0134,0.0134,0.0134,0.0134,0.0134,0.0134,0.0134,0.0134,0.0134,0.0134,0.0134,0.0142,0.0142,0.0142,0.0145,0.0148,0.0148,0.0148,0.0148,0.0148,0.0148,0.0148,0.0148,0.0148,0.0162,0.0162,0.0162,0.0162,0.0162,0.0162,0.0162,0.0162,0.0162,0.0162,0.0161,0.0162,0.0162,0.0162,0.0162,0.0162,0.0161,0.0161,0.0161,0.0161,0.0161,0.0161,0.0161,0.0161,0.0161,0.0161,0.0161,0.0161,0.0161,0.0160,0.0160,0.0160,0.0160,0.0160,0.0160,0.0160,0.0160,0.0160,0.0160,0.0160,0.0160,0.0160,0.0160,0.0160,0.0160,0.0160,0.0160,0.0160,0.0160,0.0160,0.0160,0.0160,0.0160,0.0160,0.0160,0.0160,0.0160,0.0160,0.0160,0.0160,0.0160,0.0160,0.0160,0.0160,0.0160
45121.0833333,0.0058,0.0058,0.0058,0.0058,0.0058,0.0058,0.0058,0.0068,0.0068,0.0068,0.0068,0.0068,0.0068,0.0075,0.0075,0.0075,0.0075,0.0076,0.0076,0.0076,0.0076,0.0076,0.0076,0.0076,0.0076,0.0076,0.0076,0.0076,0.0076,0.0076,0.0075,0.0074,0.0073,0.0073,0.0072,0.0071,0.0070,0.0070,0.0069,0.0074,0.0073,0.0073,0.0073,0.0073,0.0073,0.0072,0.0072,0.0077,0.0077,0.0077,0.0078,0.0078,0.0078,0.0078,0.0078,0.0078,0.0078,0.0078,0.0079,0.0079,0.0079,0.0079,0.0079,0.0079,0.0079,0.0079,0.0079,0.0081,0.0081,0.0081,0.0081,0.0081,0.0081,0.0081,0.0081,0.0081,0.0081,0.0082,0.0082,0.0082,0.0082,0.0082,0.0082,0.0084,0.0084,0.0084,0.0084,0.0084,0.0084,0.0084,0.0084,0.0085,0.0085,0.0085,0.0085,0.0085,0.0085,0.0085,0.0085,0.0085,0.0085,0.0085,0.0130,0.0130,0.0130,0.0130,0.0131,0.0136,0.0136,0.0137,0.0137,0.0137,0.0138,0.0138,0.0138,0.0138,0.0138,0.0138,0.0138,0.0138,0.0138,0.0138,0.0139,0.0139,0.0139,0.0139,0.0138,0.0138,0.0138,0.0138,0.0138,0.0137,0.0137,0.0136,0.0137,0.0136,0.0136,0.0135,0.0135,0.0135,0.0135,0.0134,0.0134,0.0134,0.0134,0.0134,0.0134,0.0134,0.0134,0.0134,0.0134,0.0134,0.0134,0.0134,0.0134,0.0134,0.0134,0.0134,0.0142,0.0142,0.0142,0.0145,0.0148,0.0148,0.0148,0.0148,0.0148,0.0148,0.0148,0.0148,0.0148,0.0162,0.0162,0.0162,0.0162,0.0162,0.0162,0.0162,0.0162,0.0162,0.0162,0.0162,0.0162,0.0163,0.0163,0.0163,0.0163,0.0163,0.0163,0.0163,0.0163,0.0163,0.0163,0.0163,0.0163,0.0163,0.0163,0.0163,0.0163,0.0162,0.0162,0.0162,0.0162,0.0162,0.0162,0.0162,0.0162,0.0162,0.0162,0.0162,0.0162,0.0162,0.0162,0.0162,0.0162,0.0162,0.0161,0.0161,0.0161,0.0161,0.0161,0.0161,0.0161,0.0161,0.0161,0.0161,0.0161,0.0161,0.0161,0.0161,0.0160,0.0160,0.0160,0.0160,0.0160,0.0160
45121.1250000,0.0058,0.0058,0.0058,0.0058,0.0058,0.0058,0.0058,0.0068,0.0068,0.0068,0.0068,0.0068,0.0068,0.0075,0.0075,0.0075,0.0075,0.0076,0.0076,0.0076,0.0076,0.0076,0.0076,0.0076,0.0076,0.0076,0.0076,0.0076,0.0077,0.0077,0.0077,0.0077,0.0077,0.0077,0.0077,0.0077,0.0077,0.0076,0.0076,0.0081,0.0081,0.0080,0.0080,0.0080,0.0079,0.0078,0.0077,0.0081,0.0081,0.0080,0.0081,0.0080,0.0080,0.0080,0.0080,0.0079,0.0079,0.0079,0.0079,0.0079,0.0079,0.0079,0.0079,0.0079,0.0079,0.0079,0.0079,0.0082,0.0081,0.0081,0.0081,0.0081,0.0081,0.0081,0.0081,0.0081,0.0081,0.0082,0.0082,0.0083,0.0083,0.0083,0.0083,0.0084,0.0084,0.0084,0.0084,0.0084,0.0084,0.0084,0.0084,0.0085,0.0085,0.0085,0.0085,0.0085,0.0085,0.0085,0.0085,0.0085,0.0085,0.0085,0.0131,0.0131,0.0131,0.0131,0.0131,0.0137,0.0137,0.0137,0.0137,0.0137,0.0138,0.0138,0.0138,0.0138,0.0138,0.0138,0.0139,0.0139,0.0139,0.0139,0.0139,0.0139,0.0139,0.0139,0.0139,0.0140,0.0140,0.0140,0.0140,0.0140,0.0140,0.0140,0.0140,0.0140,0.0140,0.0140,0.0140,0.0140,0.0139,0.0139,0.0139,0.0139,0.0138,0.0138,0.0138,0.0138,0.0137,0.0137,0.0137,0.0136,0.0136,0.0135,0.0135,0.0135,0.0135,0.0135,0.0143,0.0143,0.0143,0.0145,0.0148,0.0148,0.0148,0.0148,0.0148,0.0148,0.0148,0.0148,0.0148,0.0162,0.0162,0.0162,0.0162,0.0162,0.0162,0.0162,0.0162,0.0162,0.0162,0.0162,0.0163,0.0163,0.0163,0.0163,0.0163,0.0163,0.0163,0.0163,0.0163,0.0163,0.0163,0.0163,0.0163,0.0163,0.0163,0.0163,0.0163,0.0163,0.0163,0.0163,0.0163,0.0163,0.0163,0.0163,0.0163,0.0163,0.0163,0.0163,0.0163,0.0163,0.0163,0.0163,0.0163,0.0163,0.0163,0.0163,0.0163,0.0163,0.0163,0.0163,0.0163,0.0163,0.0163,0.0163,0.0163,0.0163,0.0163,0.0163,0.0162,0.0162,0.0162,0.0162,0.0162,0.0162
45121.1666667,0.0058,0.0058,0.0058,0.0058,0.0058,0.0058,0.0058,0.0068,0.0068,0.0068,0.0068,0.0068,0.0068,0.0075,0.0075,0.0075,0.0075,0.0076,0.0076,0.0076,0.0076,0.0076,0.0076,0.0076,0.0076,0.0076,0.0076,0.0076,0.0077,0.0077,0.0077,0.0077,0.0077,0.0077,0.0077,0.0077,0.0077,0.0077,0.0077,0.0083,0.0083,0.0083,0.0083,0.0083,0.0083,0.0083,0.0082,0.0087,0.0087,0.0087,0.0087,0.0087,0.0087,0.0086,0.0086,0.0086,0.0085,0.0085,0.0085,0.0084,0.0084,0.0083,0.0083,0.0082,0.0082,0.0082,0.0081,0.0083,0.0082,0.0082,0.0082,0.0082,0.0082,0.0082,0.0082,0.0082,0.0082,0.0083,0.0083,0.0083,0.0083,0.0084,0.0084,0.0085,0.0085,0.0085,0.0085,0.0085,0.0085,0.0085,0.0085,0.0086,0.0086,0.0086,0.0086,0.0086,0.0086,0.0086,0.0086,0.0086,0.0086,0.0086,0.0131,0.0131,0.0131,0.0131,0.0131,0.0137,0.0137,0.0137,0.0137,0.0137,0.0138,0.0138,0.0138,0.0139,0.0139,0.0139,0.0139,0.0139,0.0139,0.0139,0.0140,0.0140,0.0140,0.0140,0.0140,0.0140,0.0140,0.0140,0.0140,0.0140,0.0140,0.0140,0.0141,0.0141,0.0141,0.0141,0.0141,0.0141,0.0141,0.0141,0.0141,0.0141,0.0141,0.0141,0.0141,0.0141,0.0141,0.0141,0.0141,0.0141,0.0140,0.0140,0.0140,0.0139,0.0139,0.0139,0.0147,0.0147,0.0146,0.0149,0.0151,0.0151,0.0151,0.0151,0.0151,0.0151,0.0151,0.0150,0.0150,0.0163,0.0163,0.0163,0.0163,0.0163,0.0163,0.0163,0.0163,0.0163,0.0163,0.0163,0.0163,0.0163,0.0163,0.0163,0.0163,0.0163,0.0163,0.0163,0.0163,0.0163,0.0163,0.0163,0.0163,0.0163,0.0163,0.0163,0.0163,0.0163,0.0163,0.0163,0.0163,0.0163,0.0163,0.0163,0.0163,0.0163,0.0163,0.0163,0.0163,0.0163,0.0163,0.0163,0.0163,0.0163,0.0163,0.0163,0.0163,0.0163,0.0163,0.0163,0.0163,0.0163,0.0163,0.0163,0.0163,0.0163,0.0163,0.0163,0.0163,0.0163,0.0163,0.0163,0.0163,0.0163
45121.2083333,0.0058,0.0058,0.0058,0.0058,0.0058,0.0058,0.0058,0.0068,0.0068,0.0068,0.0068,0.0068,0.0068,0.0075,0.0075,0.0075,0.0075,0.0076,0.0076,0.0076,0.0076,0.0076,0.0076,0.0076,0.0076,0.0076,0.0076,0.0076,0.0077,0.0077,0.0077,0.0077,0.0077,0.0077,0.0077,0.0077,0.0077,0.0077,0.0077,0.0083,0.0083,0.0083,0.0083,0.0083,0.0083,0.0083,0.0083,0.0088,0.0088,0.0088,0.0089,0.0089,0.0089,0.0089,0.0089,0.0089,0.0089,0.0089,0.0089,0.0089,0.0089,0.0089,0.0089,0.0088,0.0088,0.0088,0.0087,0.0089,0.0086,0.0085,0.0084,0.0084,0.0084,0.0083,0.0083,0.0083,0.0083,0.0084,0.0084,0.0084,0.0084,0.0084,0.0084,0.0086,0.0086,0.0086,0.0086,0.0086,0.0086,0.0086,0.0086,0.0086,0.0086,0.0086,0.0086,0.0086,0.0086,0.0086,0.0086,0.0086,0.0086,0.0086,0.0132,0.0132,0.0132,0.0132,0.0132,0.0138,0.0138,0.0138,0.0138,0.0138,0.0139,0.0139,0.0139,0.0139,0.0139,0.0139,0.0139,0.0139,0.0139,0.0139,0.0140,0.0140,0.0140,0.0140,0.0140,0.0140,0.0140,0.0140,0.0140,0.0140,0.0140,0.0140,0.0141,0.0141,0.0141,0.0141,0.0141,0.0141,0.0141,0.0141,0.0141,0.0141,0.0142,0.0142,0.0142,0.0142,0.0142,0.0142,0.0142,0.0142,0.0142,0.0142,0.0142,0.0142,0.0142,0.0142,0.0150,0.0150,0.0150,0.0152,0.0155,0.0155,0.0155,0.0155,0.0155,0.0155,0.0155,0.0154,0.0154,0.0167,0.0167,0.0166,0.0166,0.0166,0.0166,0.0165,0.0165,0.0165,0.0165,0.0165,0.0165,0.0165,0.0165,0.0165,0.0165,0.0164,0.0164,0.0164,0.0164,0.0164,0.0164,0.0164,0.0164,0.0164,0.0164,0.0164,0.0164,0.0164,0.0163,0.0163,0.0163,0.0163,0.0163,0.0163,0.0163,0.0163,0.0163,0.0163,0.0163,0.0163,0.0163,0.0163,0.0163,0.0163,0.0163,0.0163,0.0163,0.0163,0.0163,0.0163,0.0163,0.0163,0.0163,0.0163,0.0163,0.0163,0.0163,0.0163,0.0163,0.0163,0.0163,0.0163,0.0163,0.0163
45121.2500000,0.0058,0.0058,0.0058,0.0058,0.0058,0.0058,0.0058,0.0068,0.0068,0.0068,0.0068,0.0068,0.0068,0.0075,0.0075,0.0075,0.0075,0.0076,0.0076,0.0076,0.0076,0.0076,0.0076,0.0076,0.0076,0.0076,0.0076,0.0076,0.0077,0.0077,0.0077,0.0077,0.0077,0.0077,0.0077,0.0077,0.0077,0.0077,0.0077,0.0083,0.0083,0.0083,0.0083,0.0083,0.0083,0.0083,0.0083,0.0088,0.0088,0.0088,0.0089,0.0089,0.0089,0.0089,0.0089,0.0089,0.0089,0.0089,0.0090,0.0090,0.0090,0.0090,0.0090,0.0090,0.0090,0.0090,0.0090,0.0092,0.0091,0.0090,0.0089,0.0089,0.0089,0.0088,0.0087,0.0087,0.0087,0.0088,0.0087,0.0088,0.0088,0.0087,0.0087,0.0089,0.0088,0.0088,0.0088,0.0088,0.0088,0.0088,0.0088,0.0088,0.0088,0.0088,0.0088,0.0087,0.0087,0.0087,0.0087,0.0087,0.0087,0.0087,0.0133,0.0133,0.0132,0.0132,0.0132,0.0138,0.0138,0.0138,0.0138,0.0138,0.0139,0.0139,0.0140,0.0140,0.0140,0.0140,0.0140,0.0140,0.0140,0.0140,0.0141,0.0141,0.0141,0.0141,0.0140,0.0141,0.0141,0.0141,0.0141,0.0141,0.0141,0.0141,0.0141,0.0141,0.0141,0.0141,0.0142,0.0142,0.0142,0.0142,0.0142,0.0142,0.0142,0.0142,0.0142,0.0142,0.0142,0.0142,0.0142,0.0142,0.0142,0.0142,0.0142,0.0142,0.0142,0.0142,0.0150,0.0150,0.0150,0.0153,0.0156,0.0156,0.0156,0.0156,0.0156,0.0156,0.0156,0.0156,0.0156,0.0170,0.0170,0.0169,0.0169,0.0169,0.0169,0.0169,0.0169,0.0169,0.0169,0.0169,0.0169,0.0169,0.0169,0.0169,0.0168,0.0168,0.0168,0.0168,0.0168,0.0168,0.0168,0.0167,0.0167,0.0167,0.0167,0.0167,0.0167,0.0167,0.0166,0.0166,0.0166,0.0166,0.0166,0.0166,0.0166,0.0165,0.0165,0.0165,0.0165,0.0165,0.0165,0.0165,0.0165,0.0164,0.0164,0.0164,0.0164,0.0164,0.0164,0.0164,0.0164,0.0164,0.0164,0.0164,0.0164,0.0164,0.0164,0.0164,0.0164,0.0164,0.0164,0.0164,0.0164,0.0164
45121.2916667,0.0058,0.0058,0.0058,0.0058,0.0058,0.0058,0.0058,0.0068,0.0068,0.0068,0.0068,0.0068,0.0068,0.0075,0.0075,0.0075,0.0075,0.0076,0.0076,0.0076,0.0076,0.0076,0.0076,0.0076,0.0076,0.0076,0.0076,0.0076,0.0077,0.0077,0.0077,0.0077,0.0077,0.0077,0.0077,0.0077,0.0077,0.0077,0.0077,0.0083,0.0083,0.0083,0.0083,0.0083,0.0083,0.0083,0.0083,0.0088,0.0088,0.0088,0.0089,0.0089,0.0089,0.0089,0.0089,0.0089,0.0089,0.0089,0.0090,0.0090,0.0090,0.0090,0.0090,0.0090,0.0090,0.0090,0.0090,0.0093,0.0092,0.0092,0.0092,0.0092,0.0092,0.0091,0.0091,0.0091,0.0091,0.0092,0.0092,0.0092,0.0092,0.0092,0.0092,0.0093,0.0093,0.0093,0.0093,0.0093,0.0093,0.0093,0.0092,0.0093,0.0093,0.0092,0.0092,0.0092,0.0091,0.0091,0.0091,0.0091,0.0091,0.0090,0.0136,0.0135,0.0135,0.0135,0.0135,0.0140,0.0140,0.0140,0.0140,0.0139,0.0140,0.0140,0.0140,0.0141,0.0141,0.0141,0.0141,0.0141,0.0141,0.0140,0.0141,0.0141,0.0141,0.0141,0.0141,0.0141,0.0141,0.0141,0.0141,0.0141,0.0141,0.0141,0.0142,0.0142,0.0142,0.0142,0.0142,0.0142,0.0142,0.0142,0.0142,0.0142,0.0142,0.0142,0.0142,0.0142,0.0142,0.0143,0.0143,0.0142,0.0142,0.0142,0.0142,0.0142,0.0143,0.0143,0.0151,0.0150,0.0150,0.0153,0.0156,0.0156,0.0156,0.0156,0.0156,0.0156,0.0156,0.0156,0.0156,0.0170,0.0170,0.0170,0.0170,0.0170,0.0170,0.0170,0.0170,0.0170,0.0170,0.0170,0.0170,0.0170,0.0170,0.0170,0.0170,0.0170,0.0170,0.0170,0.0170,0.0170,0.0170,0.0170,0.0170,0.0170,0.0170,0.0170,0.0170,0.0170,0.0170,0.0170,0.0170,0.0170,0.0169,0.0169,0.0169,0.0169,0.0169,0.0169,0.0169,0.0169,0.0169,0.0168,0.0168,0.0168,0.0168,0.0168,0.0168,0.0168,0.0167,0.0167,0.0167,0.0167,0.0167,0.0167,0.0167,0.0166,0.0166,0.0166,0.0166,0.0166,0.0166,0.0166,0.0166,0.0165
45121.3333333,0.0058,0.0058,0.0058,0.0058,0.0058,0.0058,0.0058,0.0068,0.0068,0.0068,0.0068,0.0068,0.0068,0.0075,0.0075,0.0075,0.0075,0.0076,0.0076,0.0076,0.0076,0.0076,0.0076,0.0076,0.0076,0.0076,0.0076,0.0076,0.0077,0.0077,0.0077,0.0077,0.0077,0.0077,0.0077,0.0077,0.0077,0.0077,0.0077,0.0083,0.0083,0.0083,0.0083,0.0083,0.0083,0.0083,0.0083,0.0088,0.0088,0.0088,0.0089,0.0089,0.0089,0.0089,0.0089,0.0089,0.0089,0.0089,0.0090,0.0090,0.0090,0.0090,0.0090,0.0090,0.0090,0.0090,0.0090,0.0093,0.0093,0.0093,0.0093,0.0093,0.0093,0.0093,0.0093,0.0093,0.0093,0.0094,0.0094,0.0094,0.0094,0.0094,0.0094,0.0096,0.0096,0.0096,0.0096,0.0096,0.0096,0.0096,0.0096,0.0096,0.0096,0.0096,0.0096,0.0096,0.0096,0.0096,0.0095,0.0095,0.0095,0.0095,0.0140,0.0140,0.0140,0.0140,0.0139,0.0145,0.0144,0.0144,0.0143,0.0143,0.0144,0.0144,0.0144,0.0144,0.0143,0.0143,0.0143,0.0143,0.0143,0.0142,0.0143,0.0143,0.0143,0.0142,0.0142,0.0142,0.0142,0.0142,0.0142,0.0142,0.0142,0.0142,0.0143,0.0143,0.0142,0.0143,0.0143,0.0143,0.0143,0.0143,0.0143,0.0143,0.0143,0.0143,0.0143,0.0143,0.0143,0.0143,0.0143,0.0143,0.0143,0.0143,0.0143,0.0143,0.0143,0.0143,0.0151,0.0151,0.0151,0.0153,0.0156,0.0156,0.0157,0.0157,0.0157,0.0157,0.0157,0.0157,0.0157,0.0170,0.0170,0.0170,0.0170,0.0170,0.0170,0.0170,0.0170,0.0170,0.0170,0.0170,0.0171,0.0171,0.0171,0.0171,0.0171,0.0171,0.0171,0.0171,0.0171,0.0171,0.0171,0.0171,0.0171,0.0171,0.0171,0.0171,0.0171,0.0171,0.0171,0.0171,0.0171,0.0171,0.0171,0.0171,0.0171,0.0171,0.0171,0.0171,0.0171,0.0171,0.0171,0.0171,0.0171,0.0171,0.0171,0.0171,0.0170,0.0170,0.0170,0.0170,0.0170,0.0170,0.0170,0.0170,0.0170,0.0170,0.0170,0.0170,0.0170,0.0170,0.0169,0.0169,0.0169,0.0169
45121.3750000,0.0058,0.0058,0.0058,0.0058,0.0058,0.0058,0.0058,0.0068,0.0068,0.0068,0.0068,0.0068,0.0068,0.0075,0.0075,0.0075,0.0075,0.0076,0.0076,0.0076,0.0076,0.0076,0.0076,0.0076,0.0076,0.0076,0.0076,0.0076,0.0077,0.0077,0.0077,0.0077,0.0077,0.0077,0.0077,0.0077,0.0077,0.0077,0.0077,0.0083,0.0083,0.0083,0.0083,0.0083,0.0083,0.0083,0.0083,0.0088,0.0088,0.0088,0.0089,0.0089,0.0089,0.0089,0.0089,0.0089,0.0089,0.0089,0.0090,0.0090,0.0090,0.0090,0.0090,0.0090,0.0090,0.0090,0.0090,0.0093,0.0093,0.0093,0.0093,0.0093,0.0093,0.0093,0.0093,0.0093,0.0093,0.0094,0.0094,0.0095,0.0095,0.0095,0.0095,0.0096,0.0096,0.0096,0.0096,0.0096,0.0096,0.0096,0.0096,0.0097,0.0097,0.0097,0.0097,0.0097,0.0097,0.0097,0.0097,0.0097,0.0097,0.0097,0.0143,0.0143,0.0143,0.0142,0.0142,0.0148,0.0148,0.0148,0.0148,0.0147,0.0148,0.0148,0.0148,0.0148,0.0148,0.0148,0.0148,0.0148,0.0147,0.0147,0.0147,0.0147,0.0147,0.0146,0.0146,0.0145,0.0145,0.0145,0.0145,0.0145,0.0144,0.0144,0.0145,0.0144,0.0144,0.0144,0.0144,0.0144,0.0144,0.0144,0.0144,0.0144,0.0144,0.0144,0.0144,0.0144,0.0144,0.0144,0.0144,0.0144,0.0144,0.0144,0.0144,0.0144,0.0144,0.0144,0.0152,0.0152,0.0152,0.0154,0.0157,0.0157,0.0157,0.0157,0.0157,0.0157,0.0157,0.0157,0.0157,0.0171,0.0171,0.0171,0.0171,0.0171,0.0171,0.0171,0.0171,0.0171,0.0171,0.0171,0.0171,0.0171,0.0171,0.0171,0.0171,0.0171,0.0171,0.0171,0.0171,0.0171,0.0171,0.0171,0.0171,0.0171,0.0171,0.0171,0.0171,0.0171,0.0171,0.0171,0.0171,0.0171,0.0171,0.0171,0.0171,0.0171,0.0171,0.0171,0.0171,0.0171,0.0171,0.0171,0.0171,0.0171,0.0171,0.0171,0.0171,0.0171,0.0171,0.0171,0.0171,0.0171,0.0171,0.0171,0.0171,0.0171,0.0171,0.0171,0.0171,0.0171,0.0171,0.0171,0.0171,0.0171
45121.4166667,0.0058,0.0058,0.0058,0.0058,0.0058,0.0058,0.0058,0.0068,0.0068,0.0068,0.0068,0.0068,0.0068,0.0075,0.0075,0.0075,0.0075,0.0076,0.0076,0.0076,0.0076,0.0076,0.0076,0.0076,0.0076,0.0076,0.0076,0.0076,0.0077,0.0077,0.0077,0.0077,0.0077,0.0077,0.0077,0.0077,0.0077,0.0077,0.0077,0.0083,0.0083,0.0083,0.0083,0.0083,0.0083,0.0083,0.0083,0.0088,0.0088,0.0088,0.0089,0.0089,0.0089,0.0089,0.0089,0.0089,0.0089,0.0089,0.0090,0.0090,0.0090,0.0090,0.0090,0.0090,0.0090,0.0090,0.0090,0.0093,0.0093,0.0093,0.0093,0.0093,0.0093,0.0093,0.0093,0.0093,0.0093,0.0094,0.0094,0.0095,0.0095,0.0095,0.0095,0.0096,0.0096,0.0096,0.0097,0.0097,0.0097,0.0097,0.0097,0.0097,0.0097,0.0097,0.0097,0.0098,0.0098,0.0098,0.0098,0.0098,0.0098,0.0098,0.0143,0.0143,0.0143,0.0143,0.0143,0.0149,0.0149,0.0149,0.0149,0.0149,0.0150,0.0150,0.0150,0.0150,0.0150,0.0150,0.0150,0.0150,0.0150,0.0150,0.0151,0.0151,0.0151,0.0150,0.0150,0.0150,0.0150,0.0149,0.0149,0.0149,0.0149,0.0148,0.0149,0.0148,0.0148,0.0148,0.0148,0.0147,0.0147,0.0147,0.0147,0.0146,0.0146,0.0146,0.0146,0.0146,0.0146,0.0146,0.0145,0.0145,0.0145,0.0145,0.0145,0.0145,0.0145,0.0145,0.0152,0.0152,0.0152,0.0155,0.0158,0.0158,0.0158,0.0158,0.0158,0.0158,0.0158,0.0158,0.0158,0.0171,0.0171,0.0171,0.0171,0.0171,0.0171,0.0171,0.0171,0.0171,0.0171,0.0171,0.0171,0.0172,0.0172,0.0172,0.0172,0.0172,0.0172,0.0172,0.0172,0.0172,0.0172,0.0172,0.0172,0.0172,0.0172,0.0172,0.0172,0.0172,0.0172,0.0172,0.0171,0.0171,0.0171,0.0171,0.0171,0.0171,0.0171,0.0171,0.0171,0.0171,0.0171,0.0171,0.0171,0.0171,0.0171,0.0171,0.0171,0.0171,0.0171,0.0171,0.0171,0.0171,0.0171,0.0171,0.0171,0.0171,0.0171,0.0171,0.0171,0.0171,0.0171,0.0171,0.0171,0.0171
45121.4583333,0.0058,0.0058,0.0058,0.0058,0.0058,0.0058,0.0058,0.0068,0.0068,0.0068,0.0068,0.0068,0.0068,0.0075,0.0075,0.0075,0.0075,0.0076,0.0076,0.0076,0.0076,0.0076,0.0076,0.0076,0.0076,0.0076,0.0076,0.0076,0.0077,0.0077,0.0077,0.0077,0.0077,0.0077,0.0077,0.0077,0.0077,0.0077,0.0077,0.0083,0.0083,0.0083,0.0083,0.0083,0.0083,0.0083,0.0083,0.0088,0.0088,0.0088,0.0089,0.0089,0.0089,0.0089,0.0089,0.0089,0.0089,0.0089,0.0090,0.0090,0.0090,0.0090,0.0090,0.0090,0.0090,0.0090,0.0090,0.0093,0.0093,0.0093,0.0093,0.0093,0.0093,0.0093,0.0093,0.0093,0.0093,0.0094,0.0094,0.0095,0.0095,0.0095,0.0095,0.0096,0.0096,0.0097,0.0097,0.0097,0.0097,0.0097,0.0097,0.0097,0.0097,0.0098,0.0098,0.0098,0.0098,0.0098,0.0098,0.0098,0.0098,0.0098,0.0143,0.0143,0.0143,0.0143,0.0143,0.0149,0.0149,0.0149,0.0150,0.0150,0.0151,0.0151,0.0151,0.0151,0.0151,0.0151,0.0151,0.0151,0.0151,0.0151,0.0152,0.0152,0.0152,0.0152,0.0152,0.0152,0.0152,0.0152,0.0152,0.0152,0.0152,0.0152,0.0152,0.0152,0.0152,0.0152,0.0152,0.0151,0.0151,0.0151,0.0151,0.0151,0.0150,0.0150,0.0150,0.0150,0.0150,0.0150,0.0149,0.0149,0.0148,0.0148,0.0147,0.0147,0.0147,0.0147,0.0155,0.0155,0.0155,0.0157,0.0160,0.0160,0.0160,0.0160,0.0160,0.0160,0.0159,0.0159,0.0159,0.0172,0.0172,0.0172,0.0172,0.0172,0.0172,0.0172,0.0172,0.0172,0.0172,0.0172,0.0172,0.0172,0.0172,0.0172,0.0172,0.0172,0.0172,0.0172,0.0172,0.0172,0.0172,0.0172,0.0172,0.0172,0.0172,0.0172,0.0172,0.0172,0.0172,0.0172,0.0172,0.0172,0.0172,0.0172,0.0172,0.0172,0.0172,0.0172,0.0172,0.0172,0.0172,0.0172,0.0172,0.0172,0.0172,0.0172,0.0172,0.0172,0.0172,0.0172,0.0172,0.0172,0.0172,0.0172,0.0172,0.0172,0.0172,0.0172,0.0172,0.0172,0.0172,0.0172,0.0172,0.0172
45121.5000000,0.0058,0.0058,0.0058,0.0058,0.0058,0.0058,0.0058,0.0068,0.0068,0.0068,0.0068,0.0068,0.0068,0.0075,0.0075,0.0075,0.0075,0.0076,0.0076,0.0076,0.0076,0.0076,0.0076,0.0076,0.0076,0.0076,0.0076,0.0076,0.0077,0.0077,0.0077,0.0077,0.0077,0.0077,0.0077,0.0077,0.0077,0.0077,0.0077,0.0083,0.0083,0.0083,0.0083,0.0083,0.0083,0.0083,0.0083,0.0088,0.0088,0.0088,0.0089,0.0089,0.0089,0.0089,0.0089,0.0089,0.0089,0.0089,0.0090,0.0090,0.0090,0.0090,0.0090,0.0090,0.0090,0.0090,0.0090,0.0093,0.0093,0.0093,0.0093,0.0093,0.0093,0.0093,0.0093,0.0093,0.0093,0.0094,0.0094,0.0095,0.0095,0.0095,0.0095,0.0096,0.0096,0.0097,0.0097,0.0097,0.0097,0.0097,0.0097,0.0097,0.0098,0.0098,0.0098,0.0098,0.0098,0.0098,0.0098,0.0098,0.0098,0.0098,0.0143,0.0143,0.0143,0.0143,0.0143,0.0149,0.0149,0.0149,0.0150,0.0150,0.0151,0.0151,0.0151,0.0151,0.0151,0.0151,0.0151,0.0151,0.0151,0.0151,0.0152,0.0152,0.0152,0.0152,0.0152,0.0153,0.0153,0.0153,0.0153,0.0153,0.0153,0.0153,0.0153,0.0153,0.0153,0.0153,0.0154,0.0153,0.0153,0.0153,0.0153,0.0153,0.0153,0.0153,0.0153,0.0153,0.0153,0.0153,0.0153,0.0153,0.0152,0.0152,0.0152,0.0152,0.0152,0.0151,0.0159,0.0159,0.0159,0.0161,0.0164,0.0164,0.0164,0.0164,0.0164,0.0164,0.0163,0.0163,0.0162,0.0175,0.0175,0.0175,0.0174,0.0174,0.0174,0.0174,0.0174,0.0174,0.0174,0.0174,0.0174,0.0174,0.0174,0.0174,0.0174,0.0174,0.0173,0.0173,0.0173,0.0173,0.0173,0.0173,0.0173,0.0173,0.0173,0.0173,0.0173,0.0173,0.0173,0.0173,0.0173,0.0173,0.0173,0.0173,0.0173,0.0173,0.0173,0.0173,0.0173,0.0173,0.0173,0.0173,0.0173,0.0173,0.0173,0.0173,0.0173,0.0173,0.0172,0.0172,0.0172,0.0172,0.0172,0.0172,0.0172,0.0172,0.0172,0.0172,0.0172,0.0172,0.0172,0.0172,0.0172,0.0172
45121.5416667,0.0058,0.0058,0.0058,0.0058,0.0058,0.0058,0.0058,0.0068,0.0068,0.0068,0.0068,0.0068,0.0068,0.0075,0.0075,0.0075,0.0075,0.0076,0.0076,0.0076,0.0076,0.0076,0.0076,0.0076,0.0076,0.0076,0.0076,0.0076,0.0077,0.0077,0.0077,0.0077,0.0077,0.0077,0.0077,0.0077,0.0077,0.0077,0.0077,0.0083,0.0083,0.0083,0.0083,0.0083,0.0083,0.0083,0.0083,0.0088,0.0088,0.0088,0.0089,0.0089,0.0089,0.0089,0.0089,0.0089,0.0089,0.0089,0.0090,0.0090,0.0090,0.0090,0.0090,0.0090,0.0090,0.0090,0.0090,0.0093,0.0093,0.0093,0.0093,0.0093,0.0093,0.0093,0.0093,0.0093,0.0093,0.0094,0.0094,0.0095,0.0095,0.0095,0.0095,0.0096,0.0096,0.0097,0.0097,0.0097,0.0097,0.0097,0.0097,0.0097,0.0098,0.0098,0.0098,0.0098,0.0098,0.0098,0.0098,0.0098,0.0098,0.0098,0.0143,0.0143,0.0143,0.0143,0.0143,0.0149,0.0149,0.0149,0.0150,0.0150,0.0151,0.0151,0.0151,0.0151,0.0151,0.0151,0.0151,0.0151,0.0151,0.0151,0.0152,0.0152,0.0152,0.0152,0.0152,0.0153,0.0153,0.0153,0.0153,0.0153,0.0153,0.0153,0.0154,0.0154,0.0154,0.0154,0.0154,0.0154,0.0154,0.0154,0.0154,0.0154,0.0154,0.0154,0.0154,0.0154,0.0154,0.0154,0.0154,0.0154,0.0154,0.0154,0.0154,0.0154,0.0154,0.0154,0.0162,0.0162,0.0162,0.0164,0.0167,0.0167,0.0167,0.0167,0.0167,0.0167,0.0167,0.0166,0.0166,0.0179,0.0179,0.0179,0.0178,0.0178,0.0178,0.0178,0.0177,0.0177,0.0177,0.0177,0.0177,0.0177,0.0177,0.0177,0.0177,0.0177,0.0177,0.0176,0.0176,0.0176,0.0176,0.0176,0.0176,0.0176,0.0175,0.0175,0.0175,0.0175,0.0175,0.0175,0.0175,0.0175,0.0175,0.0174,0.0174,0.0174,0.0174,0.0174,0.0174,0.0174,0.0174,0.0174,0.0174,0.0174,0.0174,0.0174,0.0174,0.0174,0.0173,0.0173,0.0173,0.0173,0.0173,0.0173,0.0173,0.0173,0.0173,0.0173,0.0173,0.0173,0.0173,0.0173,0.0173,0.0173
45121.5833333,0.0058,0.0058,0.0058,0.0058,0.0058,0.0058,0.0058,0.0068,0.0068,0.0068,0.0068,0.0068,0.0068,0.0075,0.0075,0.0075,0.0075,0.0076,0.0076,0.0076,0.0076,0.0076,0.0076,0.0076,0.0076,0.0076,0.0076,0.0076,0.0077,0.0077,0.0077,0.0077,0.0077,0.0077,0.0077,0.0077,0.0077,0.0077,0.0077,0.0083,0.0083,0.0083,0.0083,0.0083,0.0083,0.0083,0.0083,0.0088,0.0088,0.0088,0.0089,0.0089,0.0089,0.0089,0.0089,0.0089,0.0089,0.0089,0.0090,0.0090,0.0090,0.0090,0.0090,0.0090,0.0090,0.0090,0.0090,0.0093,0.0093,0.0093,0.0093,0.0093,0.0093,0.0093,0.0093,0.0093,0.0093,0.0094,0.0094,0.0095,0.0095,0.0095,0.0095,0.0096,0.0096,0.0097,0.0097,0.0097,0.0097,0.0097,0.0097,0.0097,0.0098,0.0098,0.0098,0.0098,0.0098,0.0098,0.0098,0.0098,0.0098,0.0098,0.0143,0.0143,0.0143,0.0143,0.0143,0.0149,0.0149,0.0149,0.0150,0.0150,0.0151,0.0151,0.0151,0.0151,0.0151,0.0151,0.0151,0.0151,0.0151,0.0152,0.0152,0.0152,0.0152,0.0152,0.0152,0.0153,0.0153,0.0153,0.0153,0.0153,0.0153,0.0153,0.0154,0.0154,0.0154,0.0154,0.0154,0.0154,0.0154,0.0154,0.0154,0.0154,0.0154,0.0154,0.0155,0.0155,0.0155,0.0155,0.0155,0.0155,0.0155,0.0155,0.0155,0.0155,0.0155,0.0155,0.0163,0.0163,0.0163,0.0165,0.0168,0.0168,0.0168,0.0169,0.0168,0.0169,0.0168,0.0168,0.0168,0.0182,0.0182,0.0182,0.0181,0.0181,0.0181,0.0181,0.0181,0.0181,0.0181,0.0181,0.0181,0.0181,0.0181,0.0181,0.0181,0.0181,0.0180,0.0180,0.0180,0.0180,0.0180,0.0180,0.0180,0.0180,0.0179,0.0179,0.0179,0.0179,0.0179,0.0179,0.0179,0.0178,0.0178,0.0178,0.0178,0.0178,0.0178,0.0178,0.0177,0.0177,0.0177,0.0177,0.0177,0.0177,0.0177,0.0176,0.0176,0.0176,0.0176,0.0176,0.0176,0.0176,0.0176,0.0175,0.0175,0.0175,0.0175,0.0175,0.0175,0.0175,0.0175,0.0175,0.0175,0.0174
45121.6250000,0.0058,0.0058,0.0058,0.0058,0.0058,0.0058,0.0058,0.0068,0.0068,0.0068,0.0068,0.0068,0.0068,0.0075,0.0075,0.0075,0.0075,0.0076,0.0076,0.0076,0.0076,0.0076,0.0076,0.0076,0.0076,0.0076,0.0076,0.0076,0.0077,0.0077,0.0077,0.0077,0.0077,0.0077,0.0077,0.0077,0.0077,0.0077,0.0077,0.0083,0.0083,0.0083,0.0083,0.0083,0.0083,0.0083,0.0083,0.0088,0.0088,0.0088,0.0089,0.0089,0.0089,0.0089,0.0089,0.0089,0.0089,0.0089,0.0090,0.0090,0.0090,0.0090,0.0090,0.0090,0.0090,0.0090,0.0090,0.0093,0.0093,0.0093,0.0093,0.0093,0.0093,0.0093,0.0093,0.0093,0.0093,0.0094,0.0094,0.0095,0.0095,0.0095,0.0095,0.0096,0.0096,0.0097,0.0097,0.0097,0.0097,0.0097,0.0097,0.0097,0.0098,0.0098,0.0098,0.0098,0.0098,0.0098,0.0098,0.0098,0.0098,0.0098,0.0143,0.0143,0.0143,0.0143,0.0143,0.0149,0.0149,0.0149,0.0150,0.0150,0.0151,0.0151,0.0151,0.0151,0.0151,0.0151,0.0151,0.0151,0.0151,0.0152,0.0152,0.0152,0.0152,0.0152,0.0152,0.0153,0.0153,0.0153,0.0153,0.0153,0.0153,0.0153,0.0154,0.0154,0.0154,0.0154,0.0154,0.0154,0.0154,0.0154,0.0154,0.0154,0.0155,0.0155,0.0155,0.0155,0.0155,0.0155,0.0155,0.0155,0.0155,0.0155,0.0155,0.0155,0.0155,0.0155,0.0163,0.0163,0.0163,0.0166,0.0169,0.0169,0.0169,0.0169,0.0169,0.0169,0.0169,0.0169,0.0169,0.0183,0.0183,0.0183,0.0183,0.0183,0.0183,0.0183,0.0183,0.0183,0.0183,0.0183,0.0183,0.0183,0.0183,0.0183,0.0183,0.0183,0.0183,0.0183,0.0183,0.0183,0.0183,0.0182,0.0182,0.0182,0.0182,0.0182,0.0182,0.0182,0.0182,0.0182,0.0182,0.0182,0.0182,0.0182,0.0182,0.0181,0.0181,0.0181,0.0181,0.0181,0.0181,0.0181,0.0181,0.0181,0.0180,0.0180,0.0180,0.0180,0.0180,0.0180,0.0180,0.0180,0.0179,0.0179,0.0179,0.0179,0.0179,0.0179,0.0179,0.0178,0.0178,0.0178,0.0178,0.0178
45121.6666667,0.0058,0.0058,0.0058,0.0058,0.0058,0.0058,0.0058,0.0068,0.0068,0.0068,0.0068,0.0068,0.0068,0.0075,0.0075,0.0075,0.0075,0.0076,0.0076,0.0076,0.0076,0.0076,0.0076,0.0076,0.0076,0.0076,0.0076,0.0076,0.0077,0.0077,0.0077,0.0077,0.0077,0.0077,0.0077,0.0077,0.0077,0.0077,0.0077,0.0083,0.0083,0.0083,0.0083,0.0083,0.0083,0.0083,0.0083,0.0088,0.0088,0.0088,0.0089,0.0089,0.0089,0.0089,0.0089,0.0089,0.0089,0.0089,0.0090,0.0090,0.0090,0.0090,0.0090,0.0090,0.0090,0.0090,0.0090,0.0093,0.0093,0.0093,0.0093,0.0093,0.0093,0.0093,0.0093,0.0093,0.0093,0.0094,0.0094,0.0095,0.0095,0.0095,0.0095,0.0096,0.0096,0.0097,0.0097,0.0097,0.0097,0.0097,0.0097,0.0097,0.0098,0.0098,0.0098,0.0098,0.0098,0.0098,0.0098,0.0098,0.0098,0.0098,0.0143,0.0143,0.0143,0.0143,0.0143,0.0149,0.0149,0.0149,0.0150,0.0150,0.0151,0.0151,0.0151,0.0151,0.0151,0.0151,0.0151,0.0151,0.0151,0.0152,0.0152,0.0152,0.0152,0.0152,0.0152,0.0153,0.0153,0.0153,0.0153,0.0153,0.0153,0.0153,0.0154,0.0154,0.0154,0.0154,0.0154,0.0154,0.0154,0.0154,0.0154,0.0154,0.0155,0.0155,0.0155,0.0155,0.0155,0.0155,0.0155,0.0155,0.0155,0.0155,0.0155,0.0155,0.0155,0.0155,0.0163,0.0163,0.0163,0.0166,0.0169,0.0169,0.0169,0.0169,0.0169,0.0169,0.0169,0.0169,0.0169,0.0183,0.0183,0.0183,0.0183,0.0183,0.0183,0.0183,0.0183,0.0183,0.0183,0.0183,0.0183,0.0183,0.0183,0.0183,0.0183,0.0183,0.0183,0.0183,0.0183,0.0183,0.0183,0.0183,0.0183,0.0183,0.0183,0.0183,0.0183,0.0183,0.0183,0.0183,0.0183,0.0183,0.0183,0.0183,0.0183,0.0183,0.0183,0.0183,0.0183,0.0183,0.0183,0.0183,0.0183,0.0183,0.0183,0.0183,0.0183,0.0183,0.0183,0.0183,0.0183,0.0183,0.0182,0.0182,0.0182,0.0182,0.0182,0.0182,0.0182,0.0182,0.0182,0.0182,0.0182,0.0182
45121.7083333,0.0058,0.0058,0.0058,0.0058,0.0058,0.0058,0.0058,0.0068,0.0068,0.0068,0.0068,0.0068,0.0068,0.0075,0.0075,0.0075,0.0075,0.0076,0.0076,0.0076,0.0076,0.0076,0.0076,0.0076,0.0076,0.0076,0.0076,0.0076,0.0077,0.0077,0.0077,0.0077,0.0077,0.0077,0.0077,0.0077,0.0077,0.0077,0.0077,0.0083,0.0083,0.0083,0.0083,0.0083,0.0083,0.0083,0.0083,0.0088,0.0088,0.0088,0.0089,0.0089,0.0089,0.0089,0.0089,0.0089,0.0089,0.0089,0.0090,0.0090,0.0090,0.0090,0.0090,0.0090,0.0090,0.0090,0.0090,0.0093,0.0093,0.0093,0.0093,0.0093,0.0093,0.0093,0.0093,0.0093,0.0093,0.0094,0.0094,0.0095,0.0095,0.0095,0.0095,0.0096,0.0096,0.0097,0.0097,0.0097,0.0097,0.0097,0.0097,0.0097,0.0098,0.0098,0.0098,0.0098,0.0098,0.0098,0.0098,0.0098,0.0098,0.0098,0.0143,0.0143,0.0143,0.0143,0.0143,0.0149,0.0149,0.0149,0.0150,0.0150,0.0151,0.0151,0.0151,0.0151,0.0151,0.0151,0.0151,0.0151,0.0151,0.0152,0.0152,0.0152,0.0152,0.0152,0.0152,0.0153,0.0153,0.0153,0.0153,0.0153,0.0153,0.0153,0.0154,0.0154,0.0154,0.0154,0.0154,0.0154,0.0154,0.0154,0.0154,0.0154,0.0155,0.0155,0.0155,0.0155,0.0155,0.0155,0.0155,0.0155,0.0155,0.0155,0.0155,0.0155,0.0155,0.0155,0.0163,0.0163,0.0163,0.0166,0.0169,0.0169,0.0169,0.0169,0.0169,0.0169,0.0169,0.0169,0.0169,0.0183,0.0183,0.0183,0.0183,0.0183,0.0183,0.0183,0.0183,0.0183,0.0183,0.0183,0.0183,0.0184,0.0184,0.0184,0.0184,0.0184,0.0184,0.0184,0.0184,0.0184,0.0184,0.0184,0.0184,0.0184,0.0184,0.0184,0.0184,0.0184,0.0184,0.0184,0.0184,0.0184,0.0184,0.0184,0.0184,0.0184,0.0184,0.0184,0.0184,0.0184,0.0184,0.0184,0.0184,0.0184,0.0184,0.0184,0.0184,0.0184,0.0184,0.0184,0.0184,0.0184,0.0184,0.0184,0.0184,0.0184,0.0184,0.0184,0.0184,0.0184,0.0184,0.0184,0.0184,0.0184
45121.7500000,0.0058,0.0058,0.0058,0.0058,0.0058,0.0058,0.0058,0.0068,0.0068,0.0068,0.0068,0.0068,0.0068,0.0075,0.0075,0.0075,0.0075,0.0076,0.0076,0.0076,0.0076,0.0076,0.0076,0.0076,0.0076,0.0076,0.0076,0.0076,0.0077,0.0077,0.0077,0.0077,0.0077,0.0077,0.0077,0.0077,0.0077,0.0077,0.0077,0.0083,0.0083,0.0083,0.0083,0.0083,0.0083,0.0083,0.0083,0.0088,0.0088,0.0088,0.0089,0.0089,0.0089,0.0089,0.0089,0.0089,0.0089,0.0089,0.0090,0.0090,0.0090,0.0090,0.0090,0.0090,0.0090,0.0090,0.0090,0.0093,0.0093,0.0093,0.0093,0.0093,0.0093,0.0093,0.0093,0.0093,0.0093,0.0094,0.0094,0.0095,0.0095,0.0095,0.0095,0.0096,0.0096,0.0097,0.0097,0.0097,0.0097,0.0097,0.0097,0.0097,0.0098,0.0098,0.0098,0.0098,0.0098,0.0098,0.0098,0.0098,0.0098,0.0098,0.0143,0.0143,0.0143,0.0143,0.0143,0.0149,0.0149,0.0149,0.0150,0.0150,0.0151,0.0151,0.0151,0.0151,0.0151,0.0151,0.0151,0.0151,0.0151,0.0152,0.0152,0.0152,0.0152,0.0152,0.0152,0.0153,0.0153,0.0153,0.0153,0.0153,0.0153,0.0153,0.0154,0.0154,0.0154,0.0154,0.0154,0.0154,0.0154,0.0154,0.0154,0.0154,0.0155,0.0155,0.0155,0.0155,0.0155,0.0155,0.0155,0.0155,0.0155,0.0155,0.0155,0.0155,0.0155,0.0155,0.0163,0.0163,0.0163,0.0166,0.0169,0.0169,0.0169,0.0169,0.0169,0.0169,0.0169,0.0169,0.0169,0.0183,0.0183,0.0183,0.0183,0.0183,0.0183,0.0183,0.0183,0.0183,0.0183,0.0183,0.0183,0.0184,0.0184,0.0184,0.0184,0.0184,0.0184,0.0184,0.0184,0.0184,0.0184,0.0184,0.0184,0.0184,0.0184,0.0184,0.0184,0.0184,0.0184,0.0184,0.0184,0.0184,0.0184,0.0184,0.0184,0.0184,0.0184,0.0184,0.0184,0.0184,0.0184,0.0184,0.0184,0.0184,0.0184,0.0184,0.0184,0.0184,0.0184,0.0184,0.0184,0.0184,0.0184,0.0184,0.0184,0.0184,0.0184,0.0184,0.0184,0.0184,0.0184,0.0184,0.0184,0.0184
45121.7916667,0.0058,0.0058,0.0058,0.0058,0.0058,0.0058,0.0058,0.0068,0.0068,0.0068,0.0068,0.0068,0.0068,0.0075,0.0075,0.0075,0.0075,0.0076,0.0076,0.0076,0.0076,0.0076,0.0076,0.0076,0.0076,0.0076,0.0076,0.0076,0.0077,0.0077,0.0077,0.0077,0.0077,0.0077,0.0077,0.0077,0.0077,0.0077,0.0077,0.0083,0.0083,0.0083,0.0083,0.0083,0.0083,0.0083,0.0083,0.0088,0.0088,0.0088,0.0089,0.0089,0.0089,0.0089,0.0089,0.0089,0.0089,0.0089,0.0090,0.0090,0.0090,0.0090,0.0090,0.0090,0.0090,0.0090,0.0090,0.0093,0.0093,0.0093,0.0093,0.0093,0.0093,0.0093,0.0093,0.0093,0.0093,0.0094,0.0094,0.0095,0.0095,0.0095,0.0095,0.0096,0.0096,0.0097,0.0097,0.0097,0.0097,0.0097,0.0097,0.0097,0.0098,0.0098,0.0098,0.0098,0.0098,0.0098,0.0098,0.0098,0.0098,0.0098,0.0143,0.0143,0.0143,0.0143,0.0143,0.0149,0.0149,0.0149,0.0150,0.0150,0.0151,0.0151,0.0151,0.0151,0.0151,0.0151,0.0151,0.0151,0.0151,0.0152,0.0152,0.0152,0.0152,0.0152,0.0152,0.0153,0.0153,0.0153,0.0153,0.0153,0.0153,0.0153,0.0154,0.0154,0.0154,0.0154,0.0154,0.0154,0.0154,0.0154,0.0154,0.0154,0.0155,0.0155,0.0155,0.0155,0.0155,0.0155,0.0155,0.0155,0.0155,0.0155,0.0155,0.0155,0.0155,0.0155,0.0163,0.0163,0.0163,0.0166,0.0169,0.0169,0.0169,0.0169,0.0169,0.0169,0.0169,0.0169,0.0169,0.0183,0.0183,0.0183,0.0183,0.0183,0.0183,0.0183,0.0183,0.0183,0.0183,0.0183,0.0183,0.0184,0.0184,0.0184,0.0184,0.0184,0.0184,0.0184,0.0184,0.0184,0.0184,0.0184,0.0184,0.0184,0.0184,0.0184,0.0184,0.0184,0.0184,0.0184,0.0184,0.0184,0.0184,0.0184,0.0184,0.0184,0.0184,0.0184,0.0184,0.0184,0.0184,0.0184,0.0184,0.0184,0.0184,0.0184,0.0184,0.0184,0.0184,0.0184,0.0184,0.0184,0.0184,0.0184,0.0184,0.0184,0.0184,0.0184,0.0184,0.0184,0.0184,0.0184,0.0184,0.0184
45121.8333333,0.0058,0.0058,0.0058,0.0058,0.0058,0.0058,0.0058,0.0068,0.0068,0.0068,0.0068,0.0068,0.0068,0.0075,0.0075,0.0075,0.0075,0.0076,0.0076,0.0076,0.0076,0.0076,0.0076,0.0076,0.0076,0.0076,0.0076,0.0076,0.0077,0.0077,0.0077,0.0077,0.0077,0.0077,0.0077,0.0077,0.0077,0.0077,0.0077,0.0083,0.0083,0.0083,0.0083,0.0083,0.0083,0.0083,0.0083,0.0088,0.0088,0.0088,0.0089,0.0089,0.0089,0.0089,0.0089,0.0089,0.0089,0.0089,0.0090,0.0090,0.0090,0.0090,0.0090,0.0090,0.0090,0.0090,0.0090,0.0093,0.0093,0.0093,0.0093,0.0093,0.0093,0.0093,0.0093,0.0093,0.0093,0.0094,0.0094,0.0095,0.0095,0.0095,0.0095,0.0096,0.0096,0.0097,0.0097,0.0097,0.0097,0.0097,0.0097,0.0097,0.0098,0.0098,0.0098,0.0098,0.0098,0.0098,0.0098,0.0098,0.0098,0.0098,0.0143,0.0143,0.0143,0.0143,0.0143,0.0149,0.0149,0.0149,0.0150,0.0150,0.0151,0.0151,0.0151,0.0151,0.0151,0.0151,0.0151,0.0151,0.0151,0.0152,0.0152,0.0152,0.0152,0.0152,0.0152,0.0153,0.0153,0.0153,0.0153,0.0153,0.0153,0.0153,0.0154,0.0154,0.0154,0.0154,0.0154,0.0154,0.0154,0.0154,0.0154,0.0154,0.0155,0.0155,0.0155,0.0155,0.0155,0.0155,0.0155,0.0155,0.0155,0.0155,0.0155,0.0155,0.0155,0.0155,0.0163,0.0163,0.0163,0.0166,0.0169,0.0169,0.0169,0.0169,0.0169,0.0169,0.0169,0.0169,0.0169,0.0183,0.0183,0.0183,0.0183,0.0183,0.0183,0.0183,0.0183,0.0183,0.0183,0.0183,0.0183,0.0184,0.0184,0.0184,0.0184,0.0184,0.0184,0.0184,0.0184,0.0184,0.0184,0.0184,0.0184,0.0184,0.0184,0.0184,0.0184,0.0184,0.0184,0.0184,0.0184,0.0184,0.0184,0.0184,0.0184,0.0184,0.0184,0.0184,0.0184,0.0184,0.0184,0.0184,0.0184,0.0184,0.0184,0.0184,0.0184,0.0184,0.0184,0.0184,0.0184,0.0184,0.0184,0.0184,0.0184,0.0184,0.0184,0.0184,0.0184,0.0184,0.0184,0.0184,0.0184,0.0184
45121.8750000,0.0058,0.0058,0.0058,0.0058,0.0058,0.0058,0.0058,0.0068,0.0068,0.0068,0.0068,0.0068,0.0068,0.0075,0.0075,0.0075,0.0075,0.0076,0.0076,0.0076,0.0076,0.0076,0.0076,0.0076,0.0076,0.0076,0.0076,0.0076,0.0077,0.0077,0.0077,0.0077,0.0077,0.0077,0.0077,0.0077,0.0077,0.0077,0.0077,0.0083,0.0083,0.0083,0.0083,0.0083,0.0083,0.0083,0.0083,0.0088,0.0088,0.0088,0.0089,0.0089,0.0089,0.0089,0.0089,0.0089,0.0089,0.0089,0.0090,0.0090,0.0090,0.0090,0.0090,0.0090,0.0090,0.0090,0.0090,0.0093,0.0093,0.0093,0.0093,0.0093,0.0093,0.0093,0.0093,0.0093,0.0093,0.0094,0.0094,0.0095,0.0095,0.0095,0.0095,0.0096,0.0096,0.0097,0.0097,0.0097,0.0097,0.0097,0.0097,0.0097,0.0098,0.0098,0.0098,0.0098,0.0098,0.0098,0.0098,0.0098,0.0098,0.0098,0.0143,0.0143,0.0143,0.0143,0.0143,0.0149,0.0149,0.0149,0.0150,0.0150,0.0151,0.0151,0.0151,0.0151,0.0151,0.0151,0.0151,0.0151,0.0151,0.0152,0.0152,0.0152,0.0152,0.0152,0.0152,0.0153,0.0153,0.0153,0.0153,0.0153,0.0153,0.0153,0.0154,0.0154,0.0154,0.0154,0.0154,0.0154,0.0154,0.0154,0.0154,0.0154,0.0155,0.0155,0.0155,0.0155,0.0155,0.0155,0.0155,0.0155,0.0155,0.0155,0.0155,0.0155,0.0155,0.0155,0.0163,0.0163,0.0163,0.0166,0.0169,0.0169,0.0169,0.0169,0.0169,0.0169,0.0169,0.0169,0.0169,0.0183,0.0183,0.0183,0.0183,0.0183,0.0183,0.0183,0.0183,0.0183,0.0183,0.0183,0.0183,0.0184,0.0184,0.0184,0.0184,0.0184,0.0184,0.0184,0.0184,0.0184,0.0184,0.0184,0.0184,0.0184,0.0184,0.0184,0.0184,0.0184,0.0184,0.0184,0.0184,0.0184,0.0184,0.0184,0.0184,0.0184,0.0184,0.0184,0.0184,0.0184,0.0184,0.0184,0.0184,0.0184,0.0184,0.0184,0.0184,0.0184,0.0184,0.0184,0.0184,0.0184,0.0184,0.0184,0.0184,0.0184,0.0184,0.0184,0.0184,0.0184,0.0184,0.0184,0.0184,0.0184
45121.9166667,0.0058,0.0058,0.0058,0.0058,0.0058,0.0058,0.0058,0.0068,0.0068,0.0068,0.0068,0.0068,0.0068,0.0075,0.0075,0.0075,0.0075,0.0076,0.0076,0.0076,0.0076,0.0076,0.0076,0.0076,0.0076,0.0076,0.0076,0.0076,0.0077,0.0077,0.0077,0.0077,0.0077,0.0077,0.0077,0.0077,0.0077,0.0077,0.0077,0.0083,0.0083,0.0083,0.0083,0.0083,0.0083,0.0083,0.0083,0.0088,0.0088,0.0088,0.0089,0.0089,0.0089,0.0089,0.0089,0.0089,0.0089,0.0089,0.0090,0.0090,0.0090,0.0090,0.0090,0.0090,0.0090,0.0090,0.0090,0.0093,0.0093,0.0093,0.0093,0.0093,0.0093,0.0093,0.0093,0.0093,0.0093,0.0094,0.0094,0.0095,0.0095,0.0095,0.0095,0.0096,0.0096,0.0097,0.0097,0.0097,0.0097,0.0097,0.0097,0.0097,0.0098,0.0098,0.0098,0.0098,0.0098,0.0098,0.0098,0.0098,0.0098,0.0098,0.0143,0.0143,0.0143,0.0143,0.0143,0.0149,0.0149,0.0149,0.0150,0.0150,0.0151,0.0151,0.0151,0.0151,0.0151,0.0151,0.0151,0.0151,0.0151,0.0152,0.0152,0.0152,0.0152,0.0152,0.0152,0.0153,0.0153,0.0153,0.0153,0.0153,0.0153,0.0153,0.0154,0.0154,0.0154,0.0154,0.0154,0.0154,0.0154,0.0154,0.0154,0.0154,0.0155,0.0155,0.0155,0.0155,0.0155,0.0155,0.0155,0.0155,0.0155,0.0155,0.0155,0.0155,0.0155,0.0155,0.0163,0.0163,0.0163,0.0166,0.0169,0.0169,0.0169,0.0169,0.0169,0.0169,0.0169,0.0169,0.0169,0.0183,0.0183,0.0183,0.0183,0.0183,0.0183,0.0183,0.0183,0.0183,0.0183,0.0183,0.0183,0.0184,0.0184,0.0184,0.0184,0.0184,0.0184,0.0184,0.0184,0.0184,0.0184,0.0184,0.0184,0.0184,0.0184,0.0184,0.0184,0.0184,0.0184,0.0184,0.0184,0.0184,0.0184,0.0184,0.0184,0.0184,0.0184,0.0184,0.0184,0.0184,0.0184,0.0184,0.0184,0.0184,0.0184,0.0184,0.0184,0.0184,0.0184,0.0184,0.0184,0.0184,0.0184,0.0184,0.0184,0.0184,0.0184,0.0184,0.0184,0.0184,0.0184,0.0184,0.0184,0.0184
45121.9583333,0.0058,0.0058,0.0058,0.0058,0.0058,0.0058,0.0058,0.0068,0.0068,0.0068,0.0068,0.0068,0.0068,0.0075,0.0075,0.0075,0.0075,0.0076,0.0076,0.0076,0.0076,0.0076,0.0076,0.0076,0.0076,0.0076,0.0076,0.0076,0.0077,0.0077,0.0077,0.0077,0.0077,0.0077,0.0077,0.0077,0.0077,0.0077,0.0077,0.0083,0.0083,0.0083,0.0083,0.0083,0.0083,0.0083,0.0083,0.0088,0.0088,0.0088,0.0089,0.0089,0.0089,0.0089,0.0089,0.0089,0.0089,0.0089,0.0090,0.0090,0.0090,0.0090,0.0090,0.0090,0.0090,0.0090,0.0090,0.0093,0.0093,0.0093,0.0093,0.0093,0.0093,0.0093,0.0093,0.0093,0.0093,0.0094,0.0094,0.0095,0.0095,0.0095,0.0095,0.0096,0.0096,0.0097,0.0097,0.0097,0.0097,0.0097,0.0097,0.0097,0.0098,0.0098,0.0098,0.0098,0.0098,0.0098,0.0098,0.0098,0.0098,0.0098,0.0143,0.0143,0.0143,0.0143,0.0143,0.0149,0.0149,0.0149,0.0150,0.0150,0.0151,0.0151,0.0151,0.0151,0.0151,0.0151,0.0151,0.0151,0.0151,0.0152,0.0152,0.0152,0.0152,0.0152,0.0152,0.0153,0.0153,0.0153,0.0153,0.0153,0.0153,0.0153,0.0154,0.0154,0.0154,0.0154,0.0154,0.0154,0.0154,0.0154,0.0154,0.0154,0.0155,0.0155,0.0155,0.0155,0.0155,0.0155,0.0155,0.0155,0.0155,0.0155,0.0155,0.0155,0.0155,0.0155,0.0163,0.0163,0.0163,0.0166,0.0169,0.0169,0.0169,0.0169,0.0169,0.0169,0.0169,0.0169,0.0169,0.0183,0.0183,0.0183,0.0183,0.0183,0.0183,0.0183,0.0183,0.0183,0.0183,0.0183,0.0183,0.0184,0.0184,0.0184,0.0184,0.0184,0.0184,0.0184,0.0184,0.0184,0.0184,0.0184,0.0184,0.0184,0.0184,0.0184,0.0184,0.0184,0.0184,0.0184,0.0184,0.0184,0.0184,0.0184,0.0184,0.0184,0.0184,0.0184,0.0184,0.0184,0.0184,0.0184,0.0184,0.0184,0.0184,0.0184,0.0184,0.0184,0.0184,0.0184,0.0184,0.0184,0.0184,0.0184,0.0184,0.0184,0.0184,0.0184,0.0184,0.0184,0.0184,0.0184,0.0184,0.0184
45122.0000000,0.0062,0.0062,0.0062,0.0061,0.0061,0.0061,0.0061,0.0071,0.0071,0.0071,0.0071,0.0070,0.0070,0.0077,0.0077,0.0077,0.0076,0.0076,0.0076,0.0076,0.0076,0.0076,0.0076,0.0076,0.0076,0.0076,0.0076,0.0076,0.0077,0.0077,0.0077,0.0077,0.0077,0.0077,0.0077,0.0077,0.0077,0.0077,0.0077,0.0083,0.0083,0.0083,0.0083,0.0083,0.0083,0.0083,0.0083,0.0088,0.0088,0.0088,0.0089,0.0089,0.0089,0.0089,0.0089,0.0089,0.0089,0.0089,0.0090,0.0090,0.0090,0.0090,0.0090,0.0090,0.0090,0.0090,0.0090,0.0093,0.0093,0.0093,0.0093,0.0093,0.0093,0.0093,0.0093,0.0093,0.0093,0.0094,0.0094,0.0095,0.0095,0.0095,0.0095,0.0096,0.0096,0.0097,0.0097,0.0097,0.0097,0.0097,0.0097,0.0098,0.0098,0.0098,0.0098,0.0098,0.0098,0.0098,0.0098,0.0098,0.0098,0.0098,0.0146,0.0146,0.0146,0.0146,0.0146,0.0152,0.0151,0.0151,0.0151,0.0150,0.0152,0.0151,0.0151,0.0152,0.0152,0.0152,0.0152,0.0152,0.0152,0.0152,0.0152,0.0152,0.0152,0.0152,0.0152,0.0153,0.0153,0.0153,0.0153,0.0153,0.0153,0.0153,0.0154,0.0154,0.0154,0.0154,0.0154,0.0154,0.0154,0.0154,0.0154,0.0154,0.0155,0.0155,0.0155,0.0155,0.0155,0.0155,0.0155,0.0155,0.0155,0.0155,0.0155,0.0155,0.0155,0.0155,0.0164,0.0164,0.0164,0.0166,0.0169,0.0169,0.0169,0.0169,0.0169,0.0170,0.0169,0.0169,0.0169,0.0184,0.0184,0.0184,0.0184,0.0184,0.0184,0.0184,0.0184,0.0184,0.0184,0.0183,0.0184,0.0184,0.0184,0.0184,0.0184,0.0184,0.0184,0.0184,0.0184,0.0184,0.0184,0.0184,0.0184,0.0184,0.0184,0.0184,0.0184,0.0184,0.0184,0.0184,0.0184,0.0184,0.0184,0.0184,0.0184,0.0184,0.0184,0.0184,0.0184,0.0184,0.0184,0.0184,0.0184,0.0184,0.0184,0.0184,0.0184,0.0184,0.0184,0.0184,0.0184,0.0184,0.0184,0.0184,0.0184,0.0184,0.0184,0.0184,0.0184,0.0184,0.0184,0.0184,0.0184,0.0184
45122.0416667,0.0062,0.0062,0.0062,0.0062,0.0062,0.0062,0.0062,0.0073,0.0073,0.0073,0.0073,0.0073,0.0073,0.0080,0.0080,0.0080,0.0080,0.0080,0.0080,0.0080,0.0079,0.0079,0.0079,0.0079,0.0079,0.0078,0.0078,0.0078,0.0078,0.0078,0.0078,0.0078,0.0077,0.0077,0.0077,0.0077,0.0077,0.0077,0.0077,0.0083,0.0083,0.0083,0.0083,0.0083,0.0083,0.0083,0.0083,0.0089,0.0089,0.0089,0.0089,0.0089,0.0090,0.0090,0.0090,0.0090,0.0090,0.0090,0.0090,0.0090,0.0090,0.0090,0.0090,0.0090,0.0090,0.0090,0.0090,0.0093,0.0093,0.0093,0.0093,0.0093,0.0093,0.0093,0.0093,0.0093,0.0093,0.0094,0.0094,0.0095,0.0095,0.0095,0.0095,0.0096,0.0096,0.0097,0.0097,0.0097,0.0097,0.0097,0.0097,0.0098,0.0098,0.0098,0.0098,0.0098,0.0098,0.0098,0.0098,0.0098,0.0098,0.0098,0.0146,0.0146,0.0146,0.0146,0.0147,0.0153,0.0153,0.0153,0.0153,0.0153,0.0154,0.0154,0.0154,0.0154,0.0154,0.0154,0.0154,0.0154,0.0154,0.0154,0.0154,0.0154,0.0154,0.0154,0.0153,0.0153,0.0153,0.0153,0.0153,0.0153,0.0153,0.0153,0.0154,0.0154,0.0154,0.0154,0.0154,0.0154,0.0154,0.0154,0.0154,0.0154,0.0155,0.0155,0.0155,0.0155,0.0155,0.0155,0.0155,0.0155,0.0155,0.0155,0.0155,0.0155,0.0155,0.0155,0.0164,0.0164,0.0164,0.0166,0.0169,0.0169,0.0170,0.0170,0.0170,0.0170,0.0170,0.0170,0.0170,0.0184,0.0184,0.0184,0.0185,0.0185,0.0185,0.0185,0.0185,0.0184,0.0184,0.0184,0.0185,0.0185,0.0185,0.0185,0.0185,0.0185,0.0185,0.0185,0.0185,0.0185,0.0185,0.0185,0.0185,0.0184,0.0184,0.0184,0.0184,0.0184,0.0184,0.0184,0.0184,0.0184,0.0184,0.0184,0.0184,0.0184,0.0184,0.0184,0.0184,0.0184,0.0184,0.0184,0.0184,0.0184,0.0184,0.0184,0.0184,0.0184,0.0184,0.0184,0.0184,0.0184,0.0184,0.0184,0.0184,0.0184,0.0184,0.0184,0.0184,0.0184,0.0184,0.0184,0.0184,0.0184
45122.0833333,0.0062,0.0062,0.0062,0.0062,0.0062,0.0062,0.0062,0.0073,0.0073,0.0073,0.0073,0.0073,0.0073,0.0080,0.0080,0.0080,0.0080,0.0081,0.0081,0.0081,0.0081,0.0081,0.0081,0.0081,0.0081,0.0081,0.0081,0.0081,0.0081,0.0081,0.0081,0.0081,0.0081,0.0080,0.0080,0.0080,0.0080,0.0079,0.0079,0.0084,0.0084,0.0084,0.0084,0.0084,0.0084,0.0084,0.0084,0.0089,0.0089,0.0089,0.0089,0.0089,0.0090,0.0090,0.0090,0.0090,0.0090,0.0090,0.0090,0.0090,0.0090,0.0091,0.0091,0.0091,0.0091,0.0091,0.0091,0.0093,0.0093,0.0093,0.0093,0.0093,0.0093,0.0093,0.0093,0.0093,0.0093,0.0095,0.0095,0.0095,0.0095,0.0095,0.0095,0.0097,0.0097,0.0097,0.0097,0.0097,0.0097,0.0097,0.0097,0.0098,0.0098,0.0098,0.0098,0.0098,0.0098,0.0098,0.0098,0.0098,0.0098,0.0098,0.0146,0.0146,0.0146,0.0147,0.0147,0.0153,0.0153,0.0153,0.0153,0.0153,0.0154,0.0154,0.0154,0.0155,0.0155,0.0155,0.0155,0.0155,0.0155,0.0155,0.0156,0.0156,0.0156,0.0156,0.0156,0.0156,0.0156,0.0156,0.0156,0.0155,0.0155,0.0155,0.0156,0.0155,0.0155,0.0155,0.0155,0.0155,0.0155,0.0155,0.0155,0.0155,0.0155,0.0155,0.0155,0.0155,0.0155,0.0155,0.0155,0.0155,0.0155,0.0155,0.0155,0.0155,0.0155,0.0155,0.0164,0.0164,0.0164,0.0166,0.0169,0.0169,0.0170,0.0170,0.0170,0.0170,0.0170,0.0170,0.0170,0.0184,0.0185,0.0185,0.0185,0.0185,0.0185,0.0185,0.0185,0.0185,0.0185,0.0185,0.0185,0.0185,0.0185,0.0185,0.0185,0.0185,0.0185,0.0185,0.0185,0.0185,0.0185,0.0185,0.0185,0.0185,0.0185,0.0185,0.0185,0.0185,0.0185,0.0185,0.0185,0.0185,0.0185,0.0185,0.0185,0.0185,0.0185,0.0185,0.0185,0.0185,0.0185,0.0185,0.0185,0.0185,0.0185,0.0185,0.0185,0.0185,0.0185,0.0185,0.0185,0.0185,0.0185,0.0185,0.0185,0.0185,0.0185,0.0185,0.0185,0.0185,0.0185,0.0185,0.0185,0.0185
45122.1250000,0.0062,0.0062,0.0062,0.0062,0.0062,0.0062,0.0062,0.0073,0.0073,0.0073,0.0073,0.0073,0.0073,0.0080,0.0080,0.0080,0.0080,0.0081,0.0081,0.0081,0.0081,0.0081,0.0081,0.0081,0.0081,0.0081,0.0081,0.0081,0.0082,0.0082,0.0082,0.0082,0.0082,0.0082,0.0082,0.0082,0.0082,0.0082,0.0082,0.0087,0.0087,0.0087,0.0087,0.0087,0.0087,0.0086,0.0086,0.0091,0.0091,0.0091,0.0091,0.0091,0.0091,0.0091,0.0091,0.0091,0.0091,0.0091,0.0091,0.0091,0.0091,0.0091,0.0091,0.0091,0.0091,0.0091,0.0091,0.0093,0.0093,0.0093,0.0093,0.0093,0.0093,0.0094,0.0094,0.0094,0.0094,0.0095,0.0095,0.0095,0.0095,0.0095,0.0095,0.0097,0.0097,0.0097,0.0097,0.0097,0.0097,0.0097,0.0097,0.0098,0.0098,0.0098,0.0098,0.0098,0.0098,0.0098,0.0098,0.0098,0.0098,0.0098,0.0147,0.0147,0.0147,0.0147,0.0147,0.0153,0.0153,0.0153,0.0153,0.0153,0.0154,0.0154,0.0155,0.0155,0.0155,0.0155,0.0155,0.0155,0.0155,0.0155,0.0156,0.0156,0.0156,0.0156,0.0156,0.0156,0.0156,0.0156,0.0156,0.0156,0.0156,0.0156,0.0157,0.0157,0.0157,0.0157,0.0157,0.0157,0.0157,0.0157,0.0157,0.0157,0.0157,0.0157,0.0157,0.0157,0.0157,0.0157,0.0157,0.0156,0.0156,0.0156,0.0156,0.0156,0.0156,0.0156,0.0164,0.0164,0.0164,0.0167,0.0170,0.0170,0.0170,0.0170,0.0170,0.0170,0.0170,0.0170,0.0170,0.0184,0.0185,0.0185,0.0185,0.0185,0.0185,0.0185,0.0185,0.0185,0.0185,0.0185,0.0185,0.0185,0.0185,0.0185,0.0185,0.0185,0.0185,0.0185,0.0185,0.0185,0.0185,0.0185,0.0185,0.0185,0.0185,0.0185,0.0185,0.0185,0.0185,0.0185,0.0185,0.0185,0.0185,0.0185,0.0185,0.0185,0.0185,0.0186,0.0186,0.0186,0.0186,0.0186,0.0186,0.0186,0.0186,0.0186,0.0186,0.0186,0.0186,0.0186,0.0186,0.0186,0.0186,0.0186,0.0186,0.0186,0.0186,0.0186,0.0186,0.0186,0.0185,0.0185,0.0185,0.0185
45122.1666667,0.0062,0.0062,0.0062,0.0062,0.0062,0.0062,0.0062,0.0073,0.0073,0.0073,0.0073,0.0073,0.0073,0.0080,0.0080,0.0080,0.0080,0.0081,0.0081,0.0081,0.0081,0.0081,0.0081,0.0081,0.0081,0.0081,0.0081,0.0081,0.0082,0.0082,0.0082,0.0082,0.0082,0.0082,0.0082,0.0082,0.0082,0.0082,0.0082,0.0088,0.0088,0.0088,0.0088,0.0088,0.0088,0.0088,0.0088,0.0093,0.0093,0.0093,0.0094,0.0094,0.0094,0.0094,0.0094,0.0094,0.0093,0.0093,0.0094,0.0093,0.0093,0.0093,0.0093,0.0093,0.0093,0.0092,0.0092,0.0095,0.0094,0.0094,0.0094,0.0094,0.0094,0.0094,0.0094,0.0094,0.0094,0.0095,0.0095,0.0095,0.0096,0.0096,0.0096,0.0097,0.0097,0.0097,0.0097,0.0097,0.0097,0.0097,0.0097,0.0098,0.0098,0.0098,0.0098,0.0098,0.0098,0.0098,0.0098,0.0098,0.0098,0.0098,0.0147,0.0147,0.0147,0.0147,0.0147,0.0153,0.0153,0.0153,0.0153,0.0153,0.0155,0.0155,0.0155,0.0155,0.0155,0.0155,0.0155,0.0155,0.0155,0.0155,0.0156,0.0156,0.0156,0.0156,0.0156,0.0156,0.0156,0.0156,0.0156,0.0156,0.0156,0.0157,0.0157,0.0157,0.0157,0.0157,0.0158,0.0158,0.0158,0.0158,0.0158,0.0158,0.0158,0.0158,0.0158,0.0158,0.0158,0.0158,0.0158,0.0158,0.0158,0.0158,0.0158,0.0158,0.0158,0.0158,0.0166,0.0166,0.0166,0.0169,0.0171,0.0171,0.0171,0.0172,0.0171,0.0171,0.0171,0.0171,0.0171,0.0185,0.0185,0.0185,0.0185,0.0185,0.0185,0.0185,0.0185,0.0185,0.0185,0.0185,0.0185,0.0185,0.0185,0.0185,0.0185,0.0185,0.0185,0.0185,0.0185,0.0185,0.0185,0.0185,0.0185,0.0185,0.0185,0.0185,0.0185,0.0185,0.0185,0.0185,0.0185,0.0185,0.0185,0.0185,0.0185,0.0186,0.0186,0.0186,0.0186,0.0186,0.0186,0.0186,0.0186,0.0186,0.0186,0.0186,0.0186,0.0186,0.0186,0.0186,0.0186,0.0186,0.0186,0.0186,0.0186,0.0186,0.0186,0.0186,0.0186,0.0186,0.0186,0.0186,0.0186,0.0186
45122.2083333,0.0062,0.0062,0.0062,0.0062,0.0062,0.0062,0.0062,0.0073,0.0073,0.0073,0.0073,0.0073,0.0073,0.0080,0.0080,0.0080,0.0080,0.0081,0.0081,0.0081,0.0081,0.0081,0.0081,0.0081,0.0081,0.0081,0.0081,0.0081,0.0082,0.0082,0.0082,0.0082,0.0082,0.0082,0.0082,0.0082,0.0082,0.0082,0.0082,0.0088,0.0088,0.0088,0.0088,0.0088,0.0088,0.0088,0.0088,0.0094,0.0094,0.0094,0.0094,0.0094,0.0094,0.0095,0.0095,0.0095,0.0095,0.0095,0.0095,0.0095,0.0095,0.0095,0.0095,0.0095,0.0095,0.0095,0.0095,0.0097,0.0096,0.0095,0.0095,0.0095,0.0095,0.0095,0.0095,0.0095,0.0095,0.0096,0.0096,0.0096,0.0096,0.0096,0.0096,0.0098,0.0098,0.0098,0.0098,0.0098,0.0098,0.0098,0.0098,0.0099,0.0099,0.0098,0.0098,0.0099,0.0099,0.0099,0.0099,0.0099,0.0099,0.0099,0.0147,0.0147,0.0147,0.0147,0.0147,0.0153,0.0153,0.0154,0.0154,0.0154,0.0155,0.0155,0.0155,0.0155,0.0155,0.0155,0.0155,0.0155,0.0155,0.0155,0.0156,0.0156,0.0156,0.0156,0.0156,0.0156,0.0156,0.0157,0.0157,0.0157,0.0157,0.0157,0.0157,0.0157,0.0157,0.0157,0.0158,0.0158,0.0158,0.0158,0.0158,0.0158,0.0158,0.0158,0.0158,0.0158,0.0158,0.0158,0.0158,0.0158,0.0158,0.0158,0.0158,0.0158,0.0159,0.0159,0.0167,0.0167,0.0167,0.0170,0.0173,0.0173,0.0173,0.0173,0.0173,0.0173,0.0173,0.0173,0.0173,0.0187,0.0187,0.0187,0.0187,0.0187,0.0187,0.0187,0.0186,0.0186,0.0186,0.0186,0.0186,0.0187,0.0187,0.0186,0.0186,0.0186,0.0186,0.0186,0.0186,0.0186,0.0186,0.0186,0.0186,0.0186,0.0186,0.0186,0.0186,0.0186,0.0186,0.0186,0.0186,0.0186,0.0186,0.0186,0.0186,0.0186,0.0186,0.0186,0.0186,0.0186,0.0186,0.0186,0.0186,0.0186,0.0186,0.0186,0.0186,0.0186,0.0186,0.0186,0.0186,0.0186,0.0186,0.0186,0.0186,0.0186,0.0186,0.0186,0.0186,0.0186,0.0186,0.0186,0.0186,0.0186
45122.2500000,0.0062,0.0062,0.0062,0.0062,0.0062,0.0062,0.0062,0.0073,0.0073,0.0073,0.0073,0.0073,0.0073,0.0080,0.0080,0.0080,0.0080,0.0081,0.0081,0.0081,0.0081,0.0081,0.0081,0.0081,0.0081,0.0081,0.0081,0.0081,0.0082,0.0082,0.0082,0.0082,0.0082,0.0082,0.0082,0.0082,0.0082,0.0082,0.0082,0.0088,0.0088,0.0088,0.0088,0.0088,0.0088,0.0088,0.0088,0.0094,0.0094,0.0094,0.0094,0.0094,0.0094,0.0095,0.0095,0.0095,0.0095,0.0095,0.0095,0.0095,0.0095,0.0095,0.0095,0.0095,0.0095,0.0095,0.0096,0.0098,0.0098,0.0097,0.0097,0.0097,0.0097,0.0097,0.0097,0.0097,0.0097,0.0098,0.0098,0.0098,0.0098,0.0098,0.0098,0.0099,0.0099,0.0099,0.0099,0.0099,0.0099,0.0099,0.0099,0.0100,0.0100,0.0099,0.0099,0.0099,0.0099,0.0099,0.0099,0.0099,0.0099,0.0099,0.0148,0.0148,0.0148,0.0148,0.0148,0.0154,0.0154,0.0154,0.0154,0.0154,0.0155,0.0155,0.0155,0.0155,0.0156,0.0156,0.0156,0.0156,0.0156,0.0156,0.0156,0.0156,0.0156,0.0156,0.0156,0.0157,0.0157,0.0157,0.0157,0.0157,0.0157,0.0157,0.0157,0.0157,0.0157,0.0158,0.0158,0.0158,0.0158,0.0158,0.0158,0.0158,0.0158,0.0158,0.0158,0.0158,0.0158,0.0158,0.0159,0.0159,0.0159,0.0159,0.0159,0.0159,0.0159,0.0159,0.0167,0.0167,0.0167,0.0170,0.0173,0.0173,0.0173,0.0173,0.0173,0.0173,0.0173,0.0173,0.0173,0.0188,0.0188,0.0188,0.0188,0.0188,0.0188,0.0188,0.0188,0.0188,0.0188,0.0188,0.0188,0.0188,0.0188,0.0188,0.0188,0.0188,0.0188,0.0188,0.0188,0.0188,0.0188,0.0188,0.0188,0.0188,0.0188,0.0188,0.0188,0.0188,0.0187,0.0187,0.0187,0.0187,0.0187,0.0187,0.0187,0.0187,0.0187,0.0187,0.0187,0.0187,0.0187,0.0187,0.0187,0.0187,0.0187,0.0187,0.0187,0.0186,0.0186,0.0186,0.0186,0.0186,0.0186,0.0186,0.0186,0.0186,0.0186,0.0186,0.0186,0.0186,0.0186,0.0186,0.0186,0.0186
45122.2916667,0.0062,0.0062,0.0062,0.0062,0.0062,0.0062,0.0062,0.0073,0.0073,0.0073,0.0073,0.0073,0.0073,0.0080,0.0080,0.0080,0.0080,0.0081,0.0081,0.0081,0.0081,0.0081,0.0081,0.0081,0.0081,0.0081,0.0081,0.0081,0.0082,0.0082,0.0082,0.0082,0.0082,0.0082,0.0082,0.0082,0.0082,0.0082,0.0082,0.0088,0.0088,0.0088,0.0088,0.0088,0.0088,0.0088,0.0088,0.0094,0.0094,0.0094,0.0094,0.0094,0.0094,0.0095,0.0095,0.0095,0.0095,0.0095,0.0095,0.0095,0.0095,0.0095,0.0095,0.0095,0.0096,0.0096,0.0096,0.0098,0.0098,0.0098,0.0098,0.0098,0.0098,0.0098,0.0098,0.0098,0.0098,0.0099,0.0099,0.0100,0.0100,0.0100,0.0100,0.0101,0.0101,0.0101,0.0101,0.0101,0.0101,0.0101,0.0101,0.0102,0.0102,0.0102,0.0101,0.0101,0.0101,0.0101,0.0101,0.0101,0.0101,0.0101,0.0149,0.0149,0.0149,0.0149,0.0149,0.0155,0.0155,0.0155,0.0155,0.0155,0.0156,0.0156,0.0156,0.0156,0.0156,0.0156,0.0156,0.0156,0.0156,0.0156,0.0157,0.0157,0.0157,0.0157,0.0157,0.0157,0.0157,0.0157,0.0157,0.0157,0.0157,0.0157,0.0158,0.0158,0.0158,0.0158,0.0158,0.0158,0.0158,0.0158,0.0158,0.0158,0.0158,0.0158,0.0158,0.0159,0.0159,0.0159,0.0159,0.0159,0.0159,0.0159,0.0159,0.0159,0.0159,0.0159,0.0167,0.0167,0.0167,0.0170,0.0173,0.0173,0.0173,0.0173,0.0173,0.0173,0.0173,0.0173,0.0173,0.0188,0.0188,0.0188,0.0188,0.0188,0.0188,0.0188,0.0188,0.0188,0.0188,0.0188,0.0188,0.0189,0.0189,0.0189,0.0189,0.0189,0.0189,0.0189,0.0189,0.0189,0.0189,0.0189,0.0189,0.0189,0.0189,0.0189,0.0189,0.0189,0.0189,0.0189,0.0189,0.0189,0.0189,0.0189,0.0189,0.0189,0.0189,0.0188,0.0188,0.0188,0.0188,0.0188,0.0188,0.0188,0.0188,0.0188,0.0188,0.0188,0.0188,0.0188,0.0188,0.0188,0.0188,0.0188,0.0188,0.0188,0.0188,0.0188,0.0188,0.0188,0.0187,0.0187,0.0187,0.0187
45122.3333333,0.0062,0.0062,0.0062,0.0062,0.0062,0.0062,0.0062,0.0073,0.0073,0.0073,0.0073,0.0073,0.0073,0.0080,0.0080,0.0080,0.0080,0.0081,0.0081,0.0081,0.0081,0.0081,0.0081,0.0081,0.0081,0.0081,0.0081,0.0081,0.0082,0.0082,0.0082,0.0082,0.0082,0.0082,0.0082,0.0082,0.0082,0.0082,0.0082,0.0088,0.0088,0.0088,0.0088,0.0088,0.0088,0.0088,0.0088,0.0094,0.0094,0.0094,0.0094,0.0094,0.0094,0.0095,0.0095,0.0095,0.0095,0.0095,0.0095,0.0095,0.0095,0.0095,0.0095,0.0095,0.0096,0.0096,0.0096,0.0098,0.0098,0.0098,0.0098,0.0098,0.0099,0.0099,0.0099,0.0099,0.0099,0.0100,0.0100,0.0100,0.0100,0.0101,0.0101,0.0102,0.0102,0.0102,0.0102,0.0102,0.0102,0.0102,0.0102,0.0103,0.0103,0.0103,0.0103,0.0103,0.0103,0.0103,0.0103,0.0103,0.0103,0.0103,0.0151,0.0151,0.0151,0.0151,0.0151,0.0157,0.0157,0.0157,0.0157,0.0157,0.0158,0.0158,0.0158,0.0158,0.0158,0.0158,0.0158,0.0158,0.0157,0.0157,0.0158,0.0158,0.0158,0.0158,0.0158,0.0158,0.0158,0.0158,0.0158,0.0158,0.0158,0.0158,0.0158,0.0158,0.0158,0.0158,0.0159,0.0159,0.0159,0.0159,0.0159,0.0159,0.0159,0.0159,0.0159,0.0159,0.0159,0.0159,0.0159,0.0159,0.0159,0.0159,0.0159,0.0159,0.0159,0.0159,0.0168,0.0168,0.0168,0.0170,0.0173,0.0173,0.0173,0.0173,0.0173,0.0174,0.0174,0.0174,0.0174,0.0188,0.0188,0.0188,0.0188,0.0188,0.0188,0.0188,0.0188,0.0188,0.0188,0.0188,0.0189,0.0189,0.0189,0.0189,0.0189,0.0189,0.0189,0.0189,0.0189,0.0189,0.0189,0.0189,0.0189,0.0189,0.0189,0.0189,0.0189,0.0189,0.0189,0.0189,0.0189,0.0189,0.0189,0.0189,0.0189,0.0189,0.0189,0.0189,0.0189,0.0189,0.0189,0.0189,0.0189,0.0189,0.0189,0.0189,0.0189,0.0189,0.0189,0.0189,0.0189,0.0189,0.0189,0.0189,0.0189,0.0189,0.0189,0.0189,0.0189,0.0189,0.0189,0.0189,0.0189,0.0189
45122.3750000,0.0062,0.0062,0.0062,0.0062,0.0062,0.0062,0.0062,0.0073,0.0073,0.0073,0.0073,0.0073,0.0073,0.0080,0.0080,0.0080,0.0080,0.0081,0.0081,0.0081,0.0081,0.0081,0.0081,0.0081,0.0081,0.0081,0.0081,0.0081,0.0082,0.0082,0.0082,0.0082,0.0082,0.0082,0.0082,0.0082,0.0082,0.0082,0.0082,0.0088,0.0088,0.0088,0.0088,0.0088,0.0088,0.0088,0.0088,0.0094,0.0094,0.0094,0.0094,0.0094,0.0094,0.0095,0.0095,0.0095,0.0095,0.0095,0.0095,0.0095,0.0095,0.0095,0.0095,0.0095,0.0096,0.0096,0.0096,0.0098,0.0098,0.0098,0.0098,0.0099,0.0099,0.0099,0.0099,0.0099,0.0099,0.0100,0.0100,0.0100,0.0101,0.0101,0.0101,0.0102,0.0102,0.0102,0.0102,0.0102,0.0102,0.0102,0.0102,0.0103,0.0103,0.0103,0.0103,0.0103,0.0103,0.0103,0.0103,0.0103,0.0103,0.0103,0.0152,0.0152,0.0152,0.0152,0.0152,0.0158,0.0158,0.0158,0.0158,0.0158,0.0159,0.0159,0.0159,0.0159,0.0160,0.0159,0.0160,0.0159,0.0159,0.0159,0.0160,0.0160,0.0160,0.0160,0.0159,0.0159,0.0159,0.0159,0.0159,0.0159,0.0159,0.0159,0.0159,0.0159,0.0159,0.0159,0.0159,0.0159,0.0159,0.0159,0.0159,0.0159,0.0159,0.0159,0.0159,0.0159,0.0159,0.0159,0.0159,0.0159,0.0159,0.0159,0.0159,0.0159,0.0160,0.0160,0.0168,0.0168,0.0168,0.0171,0.0173,0.0173,0.0174,0.0174,0.0174,0.0174,0.0174,0.0174,0.0174,0.0188,0.0189,0.0188,0.0189,0.0189,0.0189,0.0189,0.0189,0.0189,0.0189,0.0189,0.0189,0.0189,0.0189,0.0189,0.0189,0.0189,0.0189,0.0189,0.0189,0.0189,0.0189,0.0189,0.0189,0.0189,0.0189,0.0189,0.0189,0.0189,0.0189,0.0189,0.0189,0.0189,0.0189,0.0189,0.0189,0.0189,0.0189,0.0189,0.0189,0.0189,0.0189,0.0189,0.0189,0.0189,0.0189,0.0189,0.0189,0.0189,0.0189,0.0189,0.0189,0.0189,0.0189,0.0189,0.0189,0.0189,0.0189,0.0189,0.0189,0.0189,0.0189,0.0189,0.0189,0.0189
45122.4166667,0.0062,0.0062,0.0062,0.0062,0.0062,0.0062,0.0062,0.0073,0.0073,0.0073,0.0073,0.0073,0.0073,0.0080,0.0080,0.0080,0.0080,0.0081,0.0081,0.0081,0.0081,0.0081,0.0081,0.0081,0.0081,0.0081,0.0081,0.0081,0.0082,0.0082,0.0082,0.0082,0.0082,0.0082,0.0082,0.0082,0.0082,0.0082,0.0082,0.0088,0.0088,0.0088,0.0088,0.0088,0.0088,0.0088,0.0088,0.0094,0.0094,0.0094,0.0094,0.0094,0.0094,0.0095,0.0095,0.0095,0.0095,0.0095,0.0095,0.0095,0.0095,0.0095,0.0095,0.0095,0.0096,0.0096,0.0096,0.0098,0.0098,0.0098,0.0098,0.0099,0.0099,0.0099,0.0099,0.0099,0.0099,0.0100,0.0100,0.0100,0.0101,0.0101,0.0101,0.0102,0.0102,0.0102,0.0102,0.0102,0.0102,0.0103,0.0103,0.0103,0.0103,0.0103,0.0103,0.0103,0.0103,0.0103,0.0103,0.0103,0.0103,0.0103,0.0152,0.0152,0.0152,0.0152,0.0152,0.0158,0.0158,0.0159,0.0159,0.0159,0.0160,0.0160,0.0160,0.0160,0.0160,0.0160,0.0160,0.0160,0.0160,0.0160,0.0161,0.0161,0.0161,0.0161,0.0161,0.0161,0.0161,0.0161,0.0161,0.0161,0.0161,0.0161,0.0161,0.0161,0.0161,0.0161,0.0161,0.0161,0.0161,0.0161,0.0161,0.0161,0.0161,0.0161,0.0161,0.0161,0.0161,0.0161,0.0161,0.0160,0.0160,0.0160,0.0160,0.0160,0.0160,0.0160,0.0169,0.0168,0.0168,0.0171,0.0174,0.0174,0.0174,0.0174,0.0174,0.0174,0.0174,0.0174,0.0174,0.0189,0.0189,0.0189,0.0189,0.0189,0.0189,0.0189,0.0189,0.0189,0.0189,0.0189,0.0189,0.0189,0.0189,0.0189,0.0189,0.0189,0.0189,0.0189,0.0189,0.0189,0.0189,0.0189,0.0189,0.0189,0.0189,0.0189,0.0189,0.0189,0.0189,0.0189,0.0189,0.0189,0.0189,0.0189,0.0189,0.0189,0.0189,0.0189,0.0189,0.0189,0.0189,0.0189,0.0189,0.0189,0.0189,0.0189,0.0189,0.0189,0.0189,0.0189,0.0189,0.0189,0.0189,0.0189,0.0189,0.0189,0.0189,0.0189,0.0189,0.0189,0.0189,0.0189,0.0189,0.0189
45122.4583333,0.0062,0.0062,0.0062,0.0062,0.0062,0.0062,0.0062,0.0073,0.0073,0.0073,0.0073,0.0073,0.0073,0.0080,0.0080,0.0080,0.0080,0.0081,0.0081,0.0081,0.0081,0.0081,0.0081,0.0081,0.0081,0.0081,0.0081,0.0081,0.0082,0.0082,0.0082,0.0082,0.0082,0.0082,0.0082,0.0082,0.0082,0.0082,0.0082,0.0088,0.0088,0.0088,0.0088,0.0088,0.0088,0.0088,0.0088,0.0094,0.0094,0.0094,0.0094,0.0094,0.0094,0.0095,0.0095,0.0095,0.0095,0.0095,0.0095,0.0095,0.0095,0.0095,0.0095,0.0095,0.0096,0.0096,0.0096,0.0098,0.0098,0.0098,0.0098,0.0099,0.0099,0.0099,0.0099,0.0099,0.0099,0.0100,0.0100,0.0100,0.0101,0.0101,0.0101,0.0102,0.0102,0.0102,0.0102,0.0102,0.0102,0.0103,0.0103,0.0103,0.0103,0.0103,0.0103,0.0103,0.0103,0.0103,0.0103,0.0103,0.0103,0.0104,0.0152,0.0152,0.0152,0.0152,0.0152,0.0158,0.0158,0.0159,0.0159,0.0159,0.0160,0.0160,0.0160,0.0160,0.0160,0.0160,0.0161,0.0161,0.0161,0.0161,0.0161,0.0161,0.0161,0.0161,0.0162,0.0162,0.0162,0.0162,0.0162,0.0162,0.0162,0.0162,0.0162,0.0162,0.0162,0.0162,0.0163,0.0163,0.0163,0.0163,0.0163,0.0162,0.0163,0.0162,0.0162,0.0163,0.0163,0.0162,0.0162,0.0162,0.0162,0.0162,0.0162,0.0162,0.0162,0.0162,0.0170,0.0170,0.0170,0.0173,0.0175,0.0175,0.0175,0.0175,0.0175,0.0176,0.0175,0.0175,0.0175,0.0190,0.0190,0.0189,0.0189,0.0189,0.0189,0.0189,0.0189,0.0189,0.0189,0.0189,0.0189,0.0190,0.0190,0.0190,0.0190,0.0190,0.0190,0.0190,0.0190,0.0190,0.0190,0.0190,0.0190,0.0190,0.0190,0.0190,0.0190,0.0190,0.0190,0.0190,0.0190,0.0190,0.0190,0.0190,0.0190,0.0190,0.0190,0.0190,0.0190,0.0190,0.0190,0.0190,0.0190,0.0190,0.0190,0.0190,0.0190,0.0190,0.0190,0.0190,0.0190,0.0190,0.0190,0.0190,0.0190,0.0190,0.0190,0.0190,0.0190,0.0190,0.0190,0.0190,0.0190,0.0190
45122.5000000,0.0062,0.0062,0.0062,0.0062,0.0062,0.0062,0.0062,0.0073,0.0073,0.0073,0.0073,0.0073,0.0073,0.0080,0.0080,0.0080,0.0080,0.0081,0.0081,0.0081,0.0081,0.0081,0.0081,0.0081,0.0081,0.0081,0.0081,0.0081,0.0082,0.0082,0.0082,0.0082,0.0082,0.0082,0.0082,0.0082,0.0082,0.0082,0.0082,0.0088,0.0088,0.0088,0.0088,0.0088,0.0088,0.0088,0.0088,0.0094,0.0094,0.0094,0.0094,0.0094,0.0094,0.0095,0.0095,0.0095,0.0095,0.0095,0.0095,0.0095,0.0095,0.0095,0.0095,0.0095,0.0096,0.0096,0.0096,0.0098,0.0098,0.0098,0.0098,0.0099,0.0099,0.0099,0.0099,0.0099,0.0099,0.0100,0.0100,0.0100,0.0101,0.0101,0.0101,0.0102,0.0102,0.0102,0.0102,0.0102,0.0102,0.0103,0.0103,0.0103,0.0103,0.0103,0.0103,0.0103,0.0103,0.0103,0.0103,0.0103,0.0103,0.0104,0.0152,0.0152,0.0152,0.0152,0.0152,0.0158,0.0158,0.0159,0.0159,0.0159,0.0160,0.0160,0.0160,0.0160,0.0160,0.0161,0.0161,0.0161,0.0161,0.0161,0.0161,0.0162,0.0162,0.0162,0.0162,0.0162,0.0162,0.0162,0.0162,0.0162,0.0162,0.0162,0.0163,0.0163,0.0163,0.0163,0.0163,0.0163,0.0163,0.0163,0.0163,0.0163,0.0163,0.0163,0.0163,0.0164,0.0164,0.0164,0.0164,0.0164,0.0163,0.0163,0.0163,0.0163,0.0163,0.0163,0.0172,0.0172,0.0172,0.0174,0.0177,0.0177,0.0177,0.0177,0.0177,0.0177,0.0177,0.0177,0.0177,0.0191,0.0191,0.0191,0.0191,0.0191,0.0191,0.0191,0.0191,0.0191,0.0190,0.0190,0.0190,0.0191,0.0191,0.0191,0.0191,0.0191,0.0191,0.0190,0.0190,0.0190,0.0190,0.0190,0.0190,0.0190,0.0190,0.0190,0.0190,0.0190,0.0190,0.0190,0.0190,0.0190,0.0190,0.0190,0.0190,0.0190,0.0190,0.0190,0.0190,0.0190,0.0190,0.0190,0.0190,0.0190,0.0190,0.0190,0.0190,0.0190,0.0190,0.0190,0.0190,0.0190,0.0190,0.0190,0.0190,0.0190,0.0190,0.0190,0.0190,0.0190,0.0190,0.0190,0.0190,0.0190
45122.5416667,0.0062,0.0062,0.0062,0.0062,0.0062,0.0062,0.0062,0.0073,0.0073,0.0073,0.0073,0.0073,0.0073,0.0080,0.0080,0.0080,0.0080,0.0081,0.0081,0.0081,0.0081,0.0081,0.0081,0.0081,0.0081,0.0081,0.0081,0.0081,0.0082,0.0082,0.0082,0.0082,0.0082,0.0082,0.0082,0.0082,0.0082,0.0082,0.0082,0.0088,0.0088,0.0088,0.0088,0.0088,0.0088,0.0088,0.0088,0.0094,0.0094,0.0094,0.0094,0.0094,0.0094,0.0095,0.0095,0.0095,0.0095,0.0095,0.0095,0.0095,0.0095,0.0095,0.0095,0.0095,0.0096,0.0096,0.0096,0.0098,0.0098,0.0098,0.0098,0.0099,0.0099,0.0099,0.0099,0.0099,0.0099,0.0100,0.0100,0.0100,0.0101,0.0101,0.0101,0.0102,0.0102,0.0102,0.0102,0.0102,0.0102,0.0103,0.0103,0.0103,0.0103,0.0103,0.0103,0.0103,0.0103,0.0103,0.0103,0.0103,0.0103,0.0104,0.0152,0.0152,0.0152,0.0152,0.0152,0.0158,0.0158,0.0159,0.0159,0.0159,0.0160,0.0160,0.0160,0.0160,0.0160,0.0161,0.0161,0.0161,0.0161,0.0161,0.0162,0.0162,0.0162,0.0162,0.0162,0.0162,0.0162,0.0162,0.0162,0.0162,0.0162,0.0162,0.0163,0.0163,0.0163,0.0163,0.0163,0.0163,0.0163,0.0163,0.0163,0.0164,0.0164,0.0164,0.0164,0.0164,0.0164,0.0164,0.0164,0.0164,0.0164,0.0164,0.0164,0.0164,0.0164,0.0164,0.0173,0.0173,0.0173,0.0175,0.0178,0.0178,0.0178,0.0178,0.0178,0.0178,0.0178,0.0178,0.0178,0.0193,0.0193,0.0193,0.0193,0.0192,0.0192,0.0192,0.0192,0.0192,0.0192,0.0192,0.0192,0.0192,0.0192,0.0192,0.0192,0.0192,0.0192,0.0192,0.0192,0.0192,0.0192,0.0192,0.0192,0.0192,0.0192,0.0192,0.0192,0.0192,0.0192,0.0191,0.0191,0.0191,0.0191,0.0191,0.0191,0.0191,0.0191,0.0191,0.0191,0.0191,0.0191,0.0191,0.0191,0.0191,0.0191,0.0191,0.0191,0.0191,0.0191,0.0191,0.0191,0.0191,0.0191,0.0191,0.0191,0.0191,0.0190,0.0190,0.0190,0.0190,0.0190,0.0190,0.0190,0.0190
45122.5833333,0.0062,0.0062,0.0062,0.0062,0.0062,0.0062,0.0062,0.0073,0.0073,0.0073,0.0073,0.0073,0.0073,0.0080,0.0080,0.0080,0.0080,0.0081,0.0081,0.0081,0.0081,0.0081,0.0081,0.0081,0.0081,0.0081,0.0081,0.0081,0.0082,0.0082,0.0082,0.0082,0.0082,0.0082,0.0082,0.0082,0.0082,0.0082,0.0082,0.0088,0.0088,0.0088,0.0088,0.0088,0.0088,0.0088,0.0088,0.0094,0.0094,0.0094,0.0094,0.0094,0.0094,0.0095,0.0095,0.0095,0.0095,0.0095,0.0095,0.0095,0.0095,0.0095,0.0095,0.0095,0.0096,0.0096,0.0096,0.0098,0.0098,0.0098,0.0098,0.0099,0.0099,0.0099,0.0099,0.0099,0.0099,0.0100,0.0100,0.0100,0.0101,0.0101,0.0101,0.0102,0.0102,0.0102,0.0102,0.0102,0.0102,0.0103,0.0103,0.0103,0.0103,0.0103,0.0103,0.0103,0.0103,0.0103,0.0103,0.0103,0.0103,0.0104,0.0152,0.0152,0.0152,0.0152,0.0152,0.0158,0.0158,0.0159,0.0159,0.0159,0.0160,0.0160,0.0160,0.0160,0.0160,0.0161,0.0161,0.0161,0.0161,0.0161,0.0162,0.0162,0.0162,0.0162,0.0162,0.0162,0.0162,0.0162,0.0162,0.0162,0.0162,0.0162,0.0163,0.0163,0.0163,0.0163,0.0163,0.0163,0.0163,0.0164,0.0164,0.0164,0.0164,0.0164,0.0164,0.0164,0.0164,0.0164,0.0164,0.0164,0.0164,0.0164,0.0164,0.0164,0.0164,0.0164,0.0173,0.0173,0.0173,0.0176,0.0178,0.0178,0.0179,0.0179,0.0179,0.0179,0.0179,0.0179,0.0179,0.0193,0.0193,0.0193,0.0194,0.0194,0.0193,0.0193,0.0193,0.0193,0.0193,0.0193,0.0193,0.0194,0.0194,0.0194,0.0194,0.0194,0.0194,0.0194,0.0194,0.0194,0.0193,0.0193,0.0193,0.0193,0.0193,0.0193,0.0193,0.0193,0.0193,0.0193,0.0193,0.0193,0.0193,0.0193,0.0193,0.0193,0.0193,0.0193,0.0193,0.0193,0.0193,0.0193,0.0193,0.0192,0.0192,0.0192,0.0192,0.0192,0.0192,0.0192,0.0192,0.0192,0.0192,0.0192,0.0192,0.0192,0.0192,0.0192,0.0192,0.0192,0.0192,0.0192,0.0192,0.0191
45122.6250000,0.0062,0.0062,0.0062,0.0062,0.0062,0.0062,0.0062,0.0073,0.0073,0.0073,0.0073,0.0073,0.0073,0.0080,0.0080,0.0080,0.0080,0.0081,0.0081,0.0081,0.0081,0.0081,0.0081,0.0081,0.0081,0.0081,0.0081,0.0081,0.0082,0.0082,0.0082,0.0082,0.0082,0.0082,0.0082,0.0082,0.0082,0.0082,0.0082,0.0088,0.0088,0.0088,0.0088,0.0088,0.0088,0.0088,0.0088,0.0094,0.0094,0.0094,0.0094,0.0094,0.0094,0.0095,0.0095,0.0095,0.0095,0.0095,0.0095,0.0095,0.0095,0.0095,0.0095,0.0095,0.0096,0.0096,0.0096,0.0098,0.0098,0.0098,0.0098,0.0099,0.0099,0.0099,0.0099,0.0099,0.0099,0.0100,0.0100,0.0100,0.0101,0.0101,0.0101,0.0102,0.0102,0.0102,0.0102,0.0102,0.0102,0.0103,0.0103,0.0103,0.0103,0.0103,0.0103,0.0103,0.0103,0.0103,0.0103,0.0103,0.0103,0.0104,0.0152,0.0152,0.0152,0.0152,0.0152,0.0158,0.0158,0.0159,0.0159,0.0159,0.0160,0.0160,0.0160,0.0160,0.0160,0.0161,0.0161,0.0161,0.0161,0.0161,0.0162,0.0162,0.0162,0.0162,0.0162,0.0162,0.0162,0.0162,0.0162,0.0162,0.0162,0.0162,0.0163,0.0163,0.0163,0.0163,0.0163,0.0163,0.0163,0.0164,0.0164,0.0164,0.0164,0.0164,0.0164,0.0164,0.0164,0.0164,0.0164,0.0164,0.0164,0.0164,0.0164,0.0164,0.0164,0.0164,0.0173,0.0173,0.0173,0.0176,0.0178,0.0178,0.0179,0.0179,0.0179,0.0179,0.0179,0.0179,0.0179,0.0194,0.0194,0.0194,0.0194,0.0194,0.0194,0.0194,0.0194,0.0194,0.0194,0.0194,0.0194,0.0194,0.0194,0.0194,0.0194,0.0194,0.0194,0.0194,0.0194,0.0194,0.0194,0.0194,0.0194,0.0194,0.0194,0.0194,0.0194,0.0194,0.0194,0.0194,0.0194,0.0194,0.0194,0.0194,0.0194,0.0194,0.0194,0.0194,0.0194,0.0194,0.0194,0.0194,0.0194,0.0194,0.0194,0.0194,0.0194,0.0194,0.0194,0.0194,0.0194,0.0194,0.0194,0.0194,0.0194,0.0194,0.0193,0.0193,0.0193,0.0193,0.0193,0.0193,0.0193,0.0193
45122.6666667,0.0062,0.0062,0.0062,0.0062,0.0062,0.0062,0.0062,0.0073,0.0073,0.0073,0.0073,0.0073,0.0073,0.0080,0.0080,0.0080,0.0080,0.0081,0.0081,0.0081,0.0081,0.0081,0.0081,0.0081,0.0081,0.0081,0.0081,0.0081,0.0082,0.0082,0.0082,0.0082,0.0082,0.0082,0.0082,0.0082,0.0082,0.0082,0.0082,0.0088,0.0088,0.0088,0.0088,0.0088,0.0088,0.0088,0.0088,0.0094,0.0094,0.0094,0.0094,0.0094,0.0094,0.0095,0.0095,0.0095,0.0095,0.0095,0.0095,0.0095,0.0095,0.0095,0.0095,0.0095,0.0096,0.0096,0.0096,0.0098,0.0098,0.0098,0.0098,0.0099,0.0099,0.0099,0.0099,0.0099,0.0099,0.0100,0.0100,0.0100,0.0101,0.0101,0.0101,0.0102,0.0102,0.0102,0.0102,0.0102,0.0102,0.0103,0.0103,0.0103,0.0103,0.0103,0.0103,0.0103,0.0103,0.0103,0.0103,0.0103,0.0103,0.0104,0.0152,0.0152,0.0152,0.0152,0.0152,0.0158,0.0158,0.0159,0.0159,0.0159,0.0160,0.0160,0.0160,0.0160,0.0160,0.0161,0.0161,0.0161,0.0161,0.0161,0.0162,0.0162,0.0162,0.0162,0.0162,0.0162,0.0162,0.0162,0.0162,0.0162,0.0162,0.0162,0.0163,0.0163,0.0163,0.0163,0.0163,0.0163,0.0163,0.0164,0.0164,0.0164,0.0164,0.0164,0.0164,0.0164,0.0164,0.0164,0.0164,0.0164,0.0164,0.0164,0.0164,0.0164,0.0164,0.0164,0.0173,0.0173,0.0173,0.0176,0.0178,0.0179,0.0179,0.0179,0.0179,0.0179,0.0179,0.0179,0.0179,0.0194,0.0194,0.0194,0.0194,0.0194,0.0194,0.0194,0.0194,0.0194,0.0194,0.0194,0.0194,0.0194,0.0194,0.0194,0.0194,0.0194,0.0194,0.0194,0.0194,0.0194,0.0194,0.0194,0.0194,0.0194,0.0195,0.0195,0.0195,0.0195,0.0195,0.0195,0.0195,0.0195,0.0195,0.0195,0.0195,0.0195,0.0195,0.0195,0.0195,0.0195,0.0195,0.0195,0.0195,0.0195,0.0195,0.0195,0.0195,0.0195,0.0195,0.0195,0.0195,0.0195,0.0195,0.0195,0.0195,0.0195,0.0195,0.0194,0.0194,0.0194,0.0194,0.0194,0.0194,0.0194
45122.7083333,0.0062,0.0062,0.0062,0.0062,0.0062,0.0062,0.0062,0.0073,0.0073,0.0073,0.0073,0.0073,0.0073,0.0080,0.0080,0.0080,0.0080,0.0081,0.0081,0.0081,0.0081,0.0081,0.0081,0.0081,0.0081,0.0081,0.0081,0.0081,0.0082,0.0082,0.0082,0.0082,0.0082,0.0082,0.0082,0.0082,0.0082,0.0082,0.0082,0.0088,0.0088,0.0088,0.0088,0.0088,0.0088,0.0088,0.0088,0.0094,0.0094,0.0094,0.0094,0.0094,0.0094,0.0095,0.0095,0.0095,0.0095,0.0095,0.0095,0.0095,0.0095,0.0095,0.0095,0.0095,0.0096,0.0096,0.0096,0.0098,0.0098,0.0098,0.0098,0.0099,0.0099,0.0099,0.0099,0.0099,0.0099,0.0100,0.0100,0.0100,0.0101,0.0101,0.0101,0.0102,0.0102,0.0102,0.0102,0.0102,0.0102,0.0103,0.0103,0.0103,0.0103,0.0103,0.0103,0.0103,0.0103,0.0103,0.0103,0.0103,0.0103,0.0104,0.0152,0.0152,0.0152,0.0152,0.0152,0.0158,0.0158,0.0159,0.0159,0.0159,0.0160,0.0160,0.0160,0.0160,0.0160,0.0161,0.0161,0.0161,0.0161,0.0161,0.0162,0.0162,0.0162,0.0162,0.0162,0.0162,0.0162,0.0162,0.0162,0.0162,0.0162,0.0162,0.0163,0.0163,0.0163,0.0163,0.0163,0.0163,0.0163,0.0164,0.0164,0.0164,0.0164,0.0164,0.0164,0.0164,0.0164,0.0164,0.0164,0.0164,0.0164,0.0164,0.0164,0.0164,0.0164,0.0164,0.0173,0.0173,0.0173,0.0176,0.0178,0.0179,0.0179,0.0179,0.0179,0.0179,0.0179,0.0179,0.0179,0.0194,0.0194,0.0194,0.0194,0.0194,0.0194,0.0194,0.0194,0.0194,0.0194,0.0194,0.0194,0.0194,0.0194,0.0194,0.0194,0.0194,0.0194,0.0194,0.0194,0.0195,0.0195,0.0195,0.0195,0.0195,0.0195,0.0195,0.0195,0.0195,0.0195,0.0195,0.0195,0.0195,0.0195,0.0195,0.0195,0.0195,0.0195,0.0195,0.0195,0.0195,0.0195,0.0195,0.0195,0.0195,0.0195,0.0195,0.0195,0.0195,0.0195,0.0195,0.0195,0.0195,0.0195,0.0195,0.0195,0.0195,0.0195,0.0195,0.0195,0.0195,0.0195,0.0195,0.0195,0.0195
45122.7500000,0.0062,0.0062,0.0062,0.0062,0.0062,0.0062,0.0062,0.0073,0.0073,0.0073,0.0073,0.0073,0.0073,0.0080,0.0080,0.0080,0.0080,0.0081,0.0081,0.0081,0.0081,0.0081,0.0081,0.0081,0.0081,0.0081,0.0081,0.0081,0.0082,0.0082,0.0082,0.0082,0.0082,0.0082,0.0082,0.0082,0.0082,0.0082,0.0082,0.0088,0.0088,0.0088,0.0088,0.0088,0.0088,0.0088,0.0088,0.0094,0.0094,0.0094,0.0094,0.0094,0.0094,0.0095,0.0095,0.0095,0.0095,0.0095,0.0095,0.0095,0.0095,0.0095,0.0095,0.0095,0.0096,0.0096,0.0096,0.0098,0.0098,0.0098,0.0098,0.0099,0.0099,0.0099,0.0099,0.0099,0.0099,0.0100,0.0100,0.0100,0.0101,0.0101,0.0101,0.0102,0.0102,0.0102,0.0102,0.0102,0.0102,0.0103,0.0103,0.0103,0.0103,0.0103,0.0103,0.0103,0.0103,0.0103,0.0103,0.0103,0.0103,0.0104,0.0152,0.0152,0.0152,0.0152,0.0152,0.0158,0.0158,0.0159,0.0159,0.0159,0.0160,0.0160,0.0160,0.0160,0.0160,0.0161,0.0161,0.0161,0.0161,0.0161,0.0162,0.0162,0.0162,0.0162,0.0162,0.0162,0.0162,0.0162,0.0162,0.0162,0.0162,0.0162,0.0163,0.0163,0.0163,0.0163,0.0163,0.0163,0.0163,0.0164,0.0164,0.0164,0.0164,0.0164,0.0164,0.0164,0.0164,0.0164,0.0164,0.0164,0.0164,0.0164,0.0164,0.0164,0.0164,0.0164,0.0173,0.0173,0.0173,0.0176,0.0178,0.0179,0.0179,0.0179,0.0179,0.0179,0.0179,0.0179,0.0179,0.0194,0.0194,0.0194,0.0194,0.0194,0.0194,0.0194,0.0194,0.0194,0.0194,0.0194,0.0194,0.0194,0.0194,0.0194,0.0194,0.0194,0.0194,0.0194,0.0194,0.0195,0.0195,0.0195,0.0195,0.0195,0.0195,0.0195,0.0195,0.0195,0.0195,0.0195,0.0195,0.0195,0.0195,0.0195,0.0195,0.0195,0.0195,0.0195,0.0195,0.0195,0.0195,0.0195,0.0195,0.0195,0.0195,0.0195,0.0195,0.0195,0.0195,0.0195,0.0195,0.0195,0.0195,0.0195,0.0195,0.0195,0.0195,0.0195,0.0195,0.0195,0.0195,0.0195,0.0195,0.0195
45122.7916667,0.0062,0.0062,0.0062,0.0062,0.0062,0.0062,0.0062,0.0073,0.0073,0.0073,0.0073,0.0073,0.0073,0.0080,0.0080,0.0080,0.0080,0.0081,0.0081,0.0081,0.0081,0.0081,0.0081,0.0081,0.0081,0.0081,0.0081,0.0081,0.0082,0.0082,0.0082,0.0082,0.0082,0.0082,0.0082,0.0082,0.0082,0.0082,0.0082,0.0088,0.0088,0.0088,0.0088,0.0088,0.0088,0.0088,0.0088,0.0094,0.0094,0.0094,0.0094,0.0094,0.0094,0.0095,0.0095,0.0095,0.0095,0.0095,0.0095,0.0095,0.0095,0.0095,0.0095,0.0095,0.0096,0.0096,0.0096,0.0098,0.0098,0.0098,0.0098,0.0099,0.0099,0.0099,0.0099,0.0099,0.0099,0.0100,0.0100,0.0100,0.0101,0.0101,0.0101,0.0102,0.0102,0.0102,0.0102,0.0102,0.0102,0.0103,0.0103,0.0103,0.0103,0.0103,0.0103,0.0103,0.0103,0.0103,0.0103,0.0103,0.0103,0.0104,0.0152,0.0152,0.0152,0.0152,0.0152,0.0158,0.0158,0.0159,0.0159,0.0159,0.0160,0.0160,0.0160,0.0160,0.0160,0.0161,0.0161,0.0161,0.0161,0.0161,0.0162,0.0162,0.0162,0.0162,0.0162,0.0162,0.0162,0.0162,0.0162,0.0162,0.0162,0.0162,0.0163,0.0163,0.0163,0.0163,0.0163,0.0163,0.0163,0.0164,0.0164,0.0164,0.0164,0.0164,0.0164,0.0164,0.0164,0.0164,0.0164,0.0164,0.0164,0.0164,0.0164,0.0164,0.0164,0.0164,0.0173,0.0173,0.0173,0.0176,0.0178,0.0179,0.0179,0.0179,0.0179,0.0179,0.0179,0.0179,0.0179,0.0194,0.0194,0.0194,0.0194,0.0194,0.0194,0.0194,0.0194,0.0194,0.0194,0.0194,0.0194,0.0194,0.0194,0.0194,0.0194,0.0194,0.0194,0.0194,0.0194,0.0195,0.0195,0.0195,0.0195,0.0195,0.0195,0.0195,0.0195,0.0195,0.0195,0.0195,0.0195,0.0195,0.0195,0.0195,0.0195,0.0195,0.0195,0.0195,0.0195,0.0195,0.0195,0.0195,0.0195,0.0195,0.0195,0.0195,0.0195,0.0195,0.0195,0.0195,0.0195,0.0195,0.0195,0.0195,0.0195,0.0195,0.0195,0.0195,0.0195,0.0195,0.0195,0.0195,0.0195,0.0195
45122.8333333,0.0062,0.0062,0.0062,0.0062,0.0062,0.0062,0.0062,0.0073,0.0073,0.0073,0.0073,0.0073,0.0073,0.0080,0.0080,0.0080,0.0080,0.0081,0.0081,0.0081,0.0081,0.0081,0.0081,0.0081,0.0081,0.0081,0.0081,0.0081,0.0082,0.0082,0.0082,0.0082,0.0082,0.0082,0.0082,0.0082,0.0082,0.0082,0.0082,0.0088,0.0088,0.0088,0.0088,0.0088,0.0088,0.0088,0.0088,0.0094,0.0094,0.0094,0.0094,0.0094,0.0094,0.0095,0.0095,0.0095,0.0095,0.0095,0.0095,0.0095,0.0095,0.0095,0.0095,0.0095,0.0096,0.0096,0.0096,0.0098,0.0098,0.0098,0.0098,0.0099,0.0099,0.0099,0.0099,0.0099,0.0099,0.0100,0.0100,0.0100,0.0101,0.0101,0.0101,0.0102,0.0102,0.0102,0.0102,0.0102,0.0102,0.0103,0.0103,0.0103,0.0103,0.0103,0.0103,0.0103,0.0103,0.0103,0.0103,0.0103,0.0103,0.0104,0.0152,0.0152,0.0152,0.0152,0.0152,0.0158,0.0158,0.0159,0.0159,0.0159,0.0160,0.0160,0.0160,0.0160,0.0160,0.0161,0.0161,0.0161,0.0161,0.0161,0.0162,0.0162,0.0162,0.0162,0.0162,0.0162,0.0162,0.0162,0.0162,0.0162,0.0162,0.0162,0.0163,0.0163,0.0163,0.0163,0.0163,0.0163,0.0163,0.0164,0.0164,0.0164,0.0164,0.0164,0.0164,0.0164,0.0164,0.0164,0.0164,0.0164,0.0164,0.0164,0.0164,0.0164,0.0164,0.0164,0.0173,0.0173,0.0173,0.0176,0.0178,0.0179,0.0179,0.0179,0.0179,0.0179,0.0179,0.0179,0.0179,0.0194,0.0194,0.0194,0.0194,0.0194,0.0194,0.0194,0.0194,0.0194,0.0194,0.0194,0.0194,0.0194,0.0194,0.0194,0.0194,0.0194,0.0194,0.0194,0.0194,0.0195,0.0195,0.0195,0.0195,0.0195,0.0195,0.0195,0.0195,0.0195,0.0195,0.0195,0.0195,0.0195,0.0195,0.0195,0.0195,0.0195,0.0195,0.0195,0.0195,0.0195,0.0195,0.0195,0.0195,0.0195,0.0195,0.0195,0.0195,0.0195,0.0195,0.0195,0.0195,0.0195,0.0195,0.0195,0.0195,0.0195,0.0195,0.0195,0.0195,0.0195,0.0195,0.0195,0.0195,0.0195
45122.8750000,0.0062,0.0062,0.0062,0.0062,0.0062,0.0062,0.0062,0.0073,0.0073,0.0073,0.0073,0.0073,0.0073,0.0080,0.0080,0.0080,0.0080,0.0081,0.0081,0.0081,0.0081,0.0081,0.0081,0.0081,0.0081,0.0081,0.0081,0.0081,0.0082,0.0082,0.0082,0.0082,0.0082,0.0082,0.0082,0.0082,0.0082,0.0082,0.0082,0.0088,0.0088,0.0088,0.0088,0.0088,0.0088,0.0088,0.0088,0.0094,0.0094,0.0094,0.0094,0.0094,0.0094,0.0095,0.0095,0.0095,0.0095,0.0095,0.0095,0.0095,0.0095,0.0095,0.0095,0.0095,0.0096,0.0096,0.0096,0.0098,0.0098,0.0098,0.0098,0.0099,0.0099,0.0099,0.0099,0.0099,0.0099,0.0100,0.0100,0.0100,0.0101,0.0101,0.0101,0.0102,0.0102,0.0102,0.0102,0.0102,0.0102,0.0103,0.0103,0.0103,0.0103,0.0103,0.0103,0.0103,0.0103,0.0103,0.0103,0.0103,0.0103,0.0104,0.0152,0.0152,0.0152,0.0152,0.0152,0.0158,0.0158,0.0159,0.0159,0.0159,0.0160,0.0160,0.0160,0.0160,0.0160,0.0161,0.0161,0.0161,0.0161,0.0161,0.0162,0.0162,0.0162,0.0162,0.0162,0.0162,0.0162,0.0162,0.0162,0.0162,0.0162,0.0162,0.0163,0.0163,0.0163,0.0163,0.0163,0.0163,0.0163,0.0164,0.0164,0.0164,0.0164,0.0164,0.0164,0.0164,0.0164,0.0164,0.0164,0.0164,0.0164,0.0164,0.0164,0.0164,0.0164,0.0164,0.0173,0.0173,0.0173,0.0176,0.0178,0.0179,0.0179,0.0179,0.0179,0.0179,0.0179,0.0179,0.0179,0.0194,0.0194,0.0194,0.0194,0.0194,0.0194,0.0194,0.0194,0.0194,0.0194,0.0194,0.0194,0.0194,0.0194,0.0194,0.0194,0.0194,0.0194,0.0194,0.0194,0.0195,0.0195,0.0195,0.0195,0.0195,0.0195,0.0195,0.0195,0.0195,0.0195,0.0195,0.0195,0.0195,0.0195,0.0195,0.0195,0.0195,0.0195,0.0195,0.0195,0.0195,0.0195,0.0195,0.0195,0.0195,0.0195,0.0195,0.0195,0.0195,0.0195,0.0195,0.0195,0.0195,0.0195,0.0195,0.0195,0.0195,0.0195,0.0195,0.0195,0.0195,0.0195,0.0195,0.0195,0.0195
45122.9166667,0.0062,0.0062,0.0062,0.0062,0.0062,0.0062,0.0062,0.0073,0.0073,0.0073,0.0073,0.0073,0.0073,0.0080,0.0080,0.0080,0.0080,0.0081,0.0081,0.0081,0.0081,0.0081,0.0081,0.0081,0.0081,0.0081,0.0081,0.0081,0.0082,0.0082,0.0082,0.0082,0.0082,0.0082,0.0082,0.0082,0.0082,0.0082,0.0082,0.0088,0.0088,0.0088,0.0088,0.0088,0.0088,0.0088,0.0088,0.0094,0.0094,0.0094,0.0094,0.0094,0.0094,0.0095,0.0095,0.0095,0.0095,0.0095,0.0095,0.0095,0.0095,0.0095,0.0095,0.0095,0.0096,0.0096,0.0096,0.0098,0.0098,0.0098,0.0098,0.0099,0.0099,0.0099,0.0099,0.0099,0.0099,0.0100,0.0100,0.0100,0.0101,0.0101,0.0101,0.0102,0.0102,0.0102,0.0102,0.0102,0.0102,0.0103,0.0103,0.0103,0.0103,0.0103,0.0103,0.0103,0.0103,0.0103,0.0103,0.0103,0.0103,0.0104,0.0152,0.0152,0.0152,0.0152,0.0152,0.0158,0.0158,0.0159,0.0159,0.0159,0.0160,0.0160,0.0160,0.0160,0.0160,0.0161,0.0161,0.0161,0.0161,0.0161,0.0162,0.0162,0.0162,0.0162,0.0162,0.0162,0.0162,0.0162,0.0162,0.0162,0.0162,0.0162,0.0163,0.0163,0.0163,0.0163,0.0163,0.0163,0.0163,0.0164,0.0164,0.0164,0.0164,0.0164,0.0164,0.0164,0.0164,0.0164,0.0164,0.0164,0.0164,0.0164,0.0164,0.0164,0.0164,0.0164,0.0173,0.0173,0.0173,0.0176,0.0178,0.0179,0.0179,0.0179,0.0179,0.0179,0.0179,0.0179,0.0179,0.0194,0.0194,0.0194,0.0194,0.0194,0.0194,0.0194,0.0194,0.0194,0.0194,0.0194,0.0194,0.0194,0.0194,0.0194,0.0194,0.0194,0.0194,0.0194,0.0194,0.0195,0.0195,0.0195,0.0195,0.0195,0.0195,0.0195,0.0195,0.0195,0.0195,0.0195,0.0195,0.0195,0.0195,0.0195,0.0195,0.0195,0.0195,0.0195,0.0195,0.0195,0.0195,0.0195,0.0195,0.0195,0.0195,0.0195,0.0195,0.0195,0.0195,0.0195,0.0195,0.0195,0.0195,0.0195,0.0195,0.0195,0.0195,0.0195,0.0195,0.0195,0.0195,0.0195,0.0195,0.0195
45122.9583333,0.0062,0.0062,0.0062,0.0062,0.0062,0.0062,0.0062,0.0073,0.0073,0.0073,0.0073,0.0073,0.0073,0.0080,0.0080,0.0080,0.0080,0.0081,0.0081,0.0081,0.0081,0.0081,0.0081,0.0081,0.0081,0.0081,0.0081,0.0081,0.0082,0.0082,0.0082,0.0082,0.0082,0.0082,0.0082,0.0082,0.0082,0.0082,0.0082,0.0088,0.0088,0.0088,0.0088,0.0088,0.0088,0.0088,0.0088,0.0094,0.0094,0.0094,0.0094,0.0094,0.0094,0.0095,0.0095,0.0095,0.0095,0.0095,0.0095,0.0095,0.0095,0.0095,0.0095,0.0095,0.0096,0.0096,0.0096,0.0098,0.0098,0.0098,0.0098,0.0099,0.0099,0.0099,0.0099,0.0099,0.0099,0.0100,0.0100,0.0100,0.0101,0.0101,0.0101,0.0102,0.0102,0.0102,0.0102,0.0102,0.0102,0.0103,0.0103,0.0103,0.0103,0.0103,0.0103,0.0103,0.0103,0.0103,0.0103,0.0103,0.0103,0.0104,0.0152,0.0152,0.0152,0.0152,0.0152,0.0158,0.0158,0.0159,0.0159,0.0159,0.0160,0.0160,0.0160,0.0160,0.0160,0.0161,0.0161,0.0161,0.0161,0.0161,0.0162,0.0162,0.0162,0.0162,0.0162,0.0162,0.0162,0.0162,0.0162,0.0162,0.0162,0.0162,0.0163,0.0163,0.0163,0.0163,0.0163,0.0163,0.0163,0.0164,0.0164,0.0164,0.0164,0.0164,0.0164,0.0164,0.0164,0.0164,0.0164,0.0164,0.0164,0.0164,0.0164,0.0164,0.0164,0.0164,0.0173,0.0173,0.0173,0.0176,0.0178,0.0179,0.0179,0.0179,0.0179,0.0179,0.0179,0.0179,0.0179,0.0194,0.0194,0.0194,0.0194,0.0194,0.0194,0.0194,0.0194,0.0194,0.0194,0.0194,0.0194,0.0194,0.0194,0.0194,0.0194,0.0194,0.0194,0.0194,0.0194,0.0195,0.0195,0.0195,0.0195,0.0195,0.0195,0.0195,0.0195,0.0195,0.0195,0.0195,0.0195,0.0195,0.0195,0.0195,0.0195,0.0195,0.0195,0.0195,0.0195,0.0195,0.0195,0.0195,0.0195,0.0195,0.0195,0.0195,0.0195,0.0195,0.0195,0.0195,0.0195,0.0195,0.0195,0.0195,0.0195,0.0195,0.0195,0.0195,0.0195,0.0195,0.0195,0.0195,0.0195,0.0195
45123.0000000,0.0047,0.0047,0.0048,0.0049,0.0049,0.0050,0.0051,0.0060,0.0062,0.0062,0.0063,0.0064,0.0065,0.0072,0.0074,0.0075,0.0077,0.0078,0.0078,0.0079,0.0079,0.0080,0.0080,0.0081,0.0081,0.0081,0.0081,0.0081,0.0082,0.0082,0.0082,0.0082,0.0082,0.0082,0.0082,0.0082,0.0082,0.0082,0.0082,0.0087,0.0087,0.0087,0.0087,0.0087,0.0087,0.0088,0.0088,0.0092,0.0092,0.0092,0.0093,0.0093,0.0094,0.0094,0.0094,0.0094,0.0094,0.0094,0.0095,0.0095,0.0095,0.0095,0.0095,0.0095,0.0095,0.0096,0.0096,0.0098,0.0098,0.0098,0.0098,0.0098,0.0098,0.0099,0.0099,0.0099,0.0099,0.0100,0.0100,0.0100,0.0100,0.0101,0.0101,0.0102,0.0102,0.0102,0.0102,0.0102,0.0102,0.0102,0.0102,0.0103,0.0103,0.0103,0.0103,0.0103,0.0103,0.0103,0.0103,0.0103,0.0103,0.0103,0.0141,0.0141,0.0142,0.0143,0.0144,0.0149,0.0151,0.0153,0.0155,0.0156,0.0157,0.0158,0.0158,0.0159,0.0159,0.0159,0.0160,0.0160,0.0160,0.0160,0.0161,0.0161,0.0162,0.0162,0.0162,0.0162,0.0162,0.0162,0.0162,0.0162,0.0162,0.0162,0.0163,0.0163,0.0163,0.0163,0.0163,0.0163,0.0163,0.0164,0.0164,0.0164,0.0164,0.0164,0.0164,0.0164,0.0164,0.0164,0.0164,0.0164,0.0164,0.0164,0.0164,0.0164,0.0164,0.0164,0.0171,0.0171,0.0171,0.0173,0.0176,0.0176,0.0177,0.0177,0.0177,0.0177,0.0178,0.0178,0.0178,0.0190,0.0190,0.0191,0.0192,0.0192,0.0192,0.0193,0.0193,0.0193,0.0193,0.0193,0.0193,0.0194,0.0194,0.0194,0.0194,0.0194,0.0194,0.0194,0.0194,0.0194,0.0194,0.0194,0.0194,0.0194,0.0195,0.0195,0.0195,0.0195,0.0195,0.0195,0.0195,0.0195,0.0195,0.0195,0.0195,0.0195,0.0195,0.0195,0.0195,0.0195,0.0195,0.0195,0.0195,0.0195,0.0195,0.0195,0.0195,0.0195,0.0195,0.0195,0.0195,0.0195,0.0195,0.0195,0.0195,0.0195,0.0195,0.0195,0.0195,0.0195,0.0195,0.0195,0.0195,0.0195
45123.0416667,0.0047,0.0047,0.0047,0.0047,0.0047,0.0047,0.0047,0.0055,0.0055,0.0055,0.0055,0.0055,0.0055,0.0061,0.0061,0.0062,0.0063,0.0064,0.0065,0.0066,0.0067,0.0068,0.0069,0.0070,0.0071,0.0072,0.0073,0.0074,0.0076,0.0077,0.0078,0.0079,0.0080,0.0081,0.0081,0.0082,0.0082,0.0082,0.0082,0.0086,0.0086,0.0087,0.0087,0.0087,0.0087,0.0087,0.0087,0.0091,0.0091,0.0091,0.0092,0.0092,0.0092,0.0092,0.0092,0.0093,0.0093,0.0093,0.0093,0.0093,0.0094,0.0094,0.0094,0.0094,0.0094,0.0094,0.0095,0.0097,0.0097,0.0098,0.0098,0.0098,0.0098,0.0098,0.0098,0.0098,0.0098,0.0100,0.0100,0.0100,0.0100,0.0100,0.0100,0.0102,0.0102,0.0102,0.0102,0.0102,0.0102,0.0102,0.0102,0.0103,0.0103,0.0103,0.0103,0.0103,0.0103,0.0103,0.0103,0.0103,0.0103,0.0103,0.0140,0.0140,0.0140,0.0140,0.0140,0.0145,0.0145,0.0145,0.0146,0.0146,0.0148,0.0148,0.0148,0.0149,0.0149,0.0149,0.0150,0.0151,0.0152,0.0152,0.0154,0.0155,0.0156,0.0157,0.0158,0.0159,0.0160,0.0160,0.0161,0.0161,0.0161,0.0161,0.0162,0.0162,0.0163,0.0163,0.0163,0.0163,0.0163,0.0163,0.0164,0.0164,0.0164,0.0164,0.0164,0.0164,0.0164,0.0164,0.0164,0.0164,0.0164,0.0164,0.0164,0.0164,0.0164,0.0164,0.0171,0.0171,0.0171,0.0173,0.0176,0.0176,0.0176,0.0176,0.0176,0.0176,0.0176,0.0176,0.0176,0.0187,0.0188,0.0188,0.0188,0.0188,0.0189,0.0189,0.0189,0.0189,0.0189,0.0189,0.0189,0.0190,0.0190,0.0190,0.0190,0.0190,0.0190,0.0191,0.0191,0.0191,0.0191,0.0191,0.0191,0.0192,0.0192,0.0192,0.0192,0.0192,0.0192,0.0193,0.0193,0.0193,0.0193,0.0193,0.0193,0.0194,0.0194,0.0194,0.0194,0.0194,0.0194,0.0194,0.0194,0.0194,0.0194,0.0195,0.0195,0.0195,0.0195,0.0195,0.0195,0.0195,0.0195,0.0195,0.0195,0.0195,0.0195,0.0195,0.0195,0.0195,0.0195,0.0195,0.0195,0.0195
45123.0833333,0.0047,0.0047,0.0047,0.0047,0.0047,0.0047,0.0047,0.0055,0.0055,0.0055,0.0055,0.0055,0.0055,0.0061,0.0061,0.0061,0.0061,0.0061,0.0061,0.0061,0.0061,0.0061,0.0062,0.0062,0.0062,0.0062,0.0063,0.0063,0.0064,0.0065,0.0066,0.0067,0.0069,0.0070,0.0072,0.0073,0.0074,0.0075,0.0076,0.0081,0.0082,0.0083,0.0083,0.0084,0.0084,0.0085,0.0086,0.0090,0.0090,0.0090,0.0091,0.0091,0.0092,0.0092,0.0092,0.0092,0.0092,0.0092,0.0093,0.0093,0.0093,0.0093,0.0093,0.0093,0.0093,0.0093,0.0093,0.0095,0.0096,0.0097,0.0097,0.0097,0.0097,0.0097,0.0098,0.0098,0.0098,0.0099,0.0099,0.0100,0.0100,0.0100,0.0100,0.0101,0.0101,0.0101,0.0101,0.0101,0.0101,0.0102,0.0102,0.0102,0.0102,0.0102,0.0103,0.0103,0.0103,0.0103,0.0103,0.0103,0.0103,0.0103,0.0139,0.0140,0.0140,0.0140,0.0140,0.0144,0.0144,0.0145,0.0145,0.0145,0.0146,0.0146,0.0146,0.0147,0.0147,0.0147,0.0147,0.0147,0.0147,0.0147,0.0148,0.0148,0.0148,0.0149,0.0149,0.0150,0.0151,0.0151,0.0152,0.0152,0.0153,0.0154,0.0155,0.0156,0.0157,0.0158,0.0159,0.0159,0.0160,0.0161,0.0161,0.0161,0.0162,0.0162,0.0163,0.0163,0.0163,0.0163,0.0164,0.0164,0.0164,0.0164,0.0164,0.0164,0.0164,0.0164,0.0171,0.0171,0.0171,0.0173,0.0176,0.0176,0.0176,0.0176,0.0176,0.0176,0.0176,0.0176,0.0176,0.0187,0.0187,0.0188,0.0188,0.0188,0.0188,0.0188,0.0188,0.0188,0.0188,0.0188,0.0188,0.0188,0.0188,0.0188,0.0188,0.0188,0.0188,0.0188,0.0188,0.0188,0.0188,0.0189,0.0189,0.0189,0.0189,0.0189,0.0189,0.0189,0.0189,0.0189,0.0189,0.0189,0.0189,0.0190,0.0190,0.0190,0.0190,0.0190,0.0190,0.0190,0.0190,0.0191,0.0191,0.0191,0.0191,0.0191,0.0191,0.0192,0.0192,0.0192,0.0192,0.0192,0.0192,0.0193,0.0193,0.0193,0.0193,0.0193,0.0193,0.0193,0.0194,0.0194,0.0194,0.0194
45123.1250000,0.0047,0.0047,0.0047,0.0047,0.0047,0.0047,0.0047,0.0055,0.0055,0.0055,0.0055,0.0055,0.0055,0.0061,0.0061,0.0061,0.0061,0.0061,0.0061,0.0061,0.0061,0.0061,0.0061,0.0062,0.0062,0.0062,0.0062,0.0062,0.0062,0.0062,0.0062,0.0062,0.0063,0.0063,0.0064,0.0064,0.0065,0.0065,0.0066,0.0071,0.0071,0.0072,0.0073,0.0073,0.0074,0.0076,0.0078,0.0082,0.0084,0.0084,0.0085,0.0086,0.0087,0.0088,0.0088,0.0089,0.0089,0.0090,0.0091,0.0091,0.0091,0.0092,0.0092,0.0092,0.0092,0.0092,0.0093,0.0095,0.0095,0.0095,0.0096,0.0096,0.0096,0.0096,0.0096,0.0096,0.0097,0.0098,0.0098,0.0098,0.0098,0.0099,0.0099,0.0100,0.0100,0.0100,0.0100,0.0100,0.0100,0.0101,0.0101,0.0101,0.0102,0.0102,0.0102,0.0102,0.0102,0.0102,0.0102,0.0102,0.0102,0.0102,0.0139,0.0139,0.0139,0.0139,0.0139,0.0144,0.0144,0.0144,0.0145,0.0145,0.0146,0.0146,0.0146,0.0146,0.0146,0.0146,0.0147,0.0147,0.0147,0.0147,0.0147,0.0148,0.0148,0.0148,0.0148,0.0148,0.0148,0.0148,0.0148,0.0149,0.0149,0.0149,0.0149,0.0150,0.0150,0.0150,0.0151,0.0152,0.0152,0.0153,0.0153,0.0153,0.0154,0.0155,0.0155,0.0156,0.0156,0.0157,0.0157,0.0159,0.0160,0.0161,0.0161,0.0161,0.0162,0.0162,0.0168,0.0169,0.0169,0.0171,0.0174,0.0174,0.0175,0.0175,0.0175,0.0175,0.0176,0.0176,0.0176,0.0187,0.0187,0.0187,0.0188,0.0188,0.0188,0.0188,0.0188,0.0188,0.0188,0.0188,0.0188,0.0188,0.0188,0.0188,0.0188,0.0188,0.0188,0.0188,0.0188,0.0188,0.0188,0.0188,0.0188,0.0188,0.0188,0.0188,0.0188,0.0188,0.0188,0.0188,0.0188,0.0188,0.0188,0.0188,0.0188,0.0188,0.0189,0.0189,0.0189,0.0189,0.0189,0.0189,0.0189,0.0189,0.0189,0.0189,0.0189,0.0189,0.0189,0.0189,0.0189,0.0189,0.0189,0.0189,0.0189,0.0190,0.0190,0.0190,0.0190,0.0190,0.0190,0.0190,0.0190,0.0190
45123.1666667,0.0047,0.0047,0.0047,0.0047,0.0047,0.0047,0.0047,0.0055,0.0055,0.0055,0.0055,0.0055,0.0055,0.0061,0.0061,0.0061,0.0061,0.0061,0.0061,0.0061,0.0061,0.0061,0.0061,0.0062,0.0062,0.0062,0.0062,0.0062,0.0062,0.0062,0.0062,0.0062,0.0062,0.0062,0.0063,0.0063,0.0063,0.0063,0.0063,0.0067,0.0067,0.0067,0.0068,0.0068,0.0068,0.0069,0.0069,0.0074,0.0074,0.0075,0.0076,0.0076,0.0077,0.0078,0.0078,0.0079,0.0080,0.0081,0.0082,0.0083,0.0083,0.0084,0.0085,0.0086,0.0086,0.0087,0.0088,0.0091,0.0093,0.0094,0.0094,0.0095,0.0095,0.0095,0.0095,0.0095,0.0096,0.0097,0.0097,0.0097,0.0097,0.0098,0.0098,0.0099,0.0099,0.0099,0.0099,0.0099,0.0099,0.0099,0.0099,0.0100,0.0100,0.0100,0.0100,0.0101,0.0101,0.0101,0.0101,0.0101,0.0101,0.0101,0.0138,0.0138,0.0138,0.0138,0.0138,0.0143,0.0143,0.0144,0.0144,0.0144,0.0145,0.0145,0.0145,0.0146,0.0146,0.0146,0.0146,0.0146,0.0146,0.0146,0.0147,0.0147,0.0147,0.0147,0.0147,0.0148,0.0148,0.0148,0.0148,0.0148,0.0148,0.0148,0.0149,0.0149,0.0149,0.0149,0.0149,0.0150,0.0150,0.0150,0.0150,0.0150,0.0150,0.0150,0.0151,0.0151,0.0151,0.0151,0.0151,0.0152,0.0153,0.0153,0.0154,0.0154,0.0154,0.0155,0.0161,0.0162,0.0162,0.0164,0.0167,0.0168,0.0168,0.0168,0.0169,0.0169,0.0170,0.0171,0.0172,0.0184,0.0184,0.0185,0.0186,0.0186,0.0186,0.0186,0.0187,0.0187,0.0187,0.0187,0.0187,0.0187,0.0187,0.0188,0.0188,0.0188,0.0188,0.0188,0.0188,0.0188,0.0188,0.0188,0.0188,0.0188,0.0188,0.0188,0.0188,0.0188,0.0188,0.0188,0.0188,0.0188,0.0188,0.0188,0.0188,0.0188,0.0188,0.0188,0.0188,0.0188,0.0188,0.0189,0.0189,0.0189,0.0189,0.0189,0.0189,0.0189,0.0189,0.0189,0.0189,0.0189,0.0189,0.0189,0.0189,0.0189,0.0189,0.0189,0.0189,0.0189,0.0189,0.0189,0.0189,0.0189
45123.2083333,0.0047,0.0047,0.0047,0.0047,0.0047,0.0047,0.0047,0.0055,0.0055,0.0055,0.0055,0.0055,0.0055,0.0061,0.0061,0.0061,0.0061,0.0061,0.0061,0.0061,0.0061,0.0061,0.0061,0.0062,0.0062,0.0062,0.0062,0.0062,0.0062,0.0062,0.0062,0.0062,0.0062,0.0062,0.0063,0.0063,0.0063,0.0063,0.0063,0.0067,0.0067,0.0067,0.0067,0.0067,0.0067,0.0067,0.0067,0.0072,0.0072,0.0072,0.0072,0.0072,0.0073,0.0073,0.0073,0.0074,0.0074,0.0074,0.0075,0.0075,0.0076,0.0076,0.0076,0.0077,0.0077,0.0078,0.0079,0.0082,0.0087,0.0089,0.0090,0.0090,0.0091,0.0092,0.0092,0.0093,0.0093,0.0095,0.0095,0.0095,0.0095,0.0096,0.0096,0.0097,0.0097,0.0097,0.0098,0.0098,0.0098,0.0098,0.0098,0.0099,0.0099,0.0099,0.0099,0.0100,0.0100,0.0100,0.0100,0.0100,0.0100,0.0100,0.0137,0.0137,0.0137,0.0137,0.0137,0.0142,0.0142,0.0142,0.0143,0.0143,0.0144,0.0144,0.0144,0.0145,0.0145,0.0145,0.0145,0.0145,0.0145,0.0145,0.0146,0.0146,0.0146,0.0147,0.0147,0.0147,0.0147,0.0147,0.0147,0.0148,0.0148,0.0148,0.0148,0.0148,0.0149,0.0149,0.0149,0.0149,0.0149,0.0149,0.0149,0.0149,0.0150,0.0150,0.0150,0.0150,0.0150,0.0150,0.0150,0.0150,0.0150,0.0151,0.0151,0.0151,0.0151,0.0151,0.0157,0.0158,0.0158,0.0160,0.0163,0.0163,0.0163,0.0163,0.0163,0.0164,0.0164,0.0165,0.0165,0.0177,0.0178,0.0178,0.0179,0.0180,0.0180,0.0181,0.0181,0.0181,0.0182,0.0182,0.0182,0.0183,0.0183,0.0183,0.0183,0.0183,0.0184,0.0184,0.0184,0.0184,0.0185,0.0185,0.0185,0.0185,0.0186,0.0186,0.0186,0.0186,0.0186,0.0187,0.0187,0.0187,0.0187,0.0187,0.0187,0.0187,0.0187,0.0188,0.0188,0.0188,0.0188,0.0188,0.0188,0.0188,0.0188,0.0188,0.0188,0.0188,0.0188,0.0188,0.0188,0.0188,0.0189,0.0189,0.0189,0.0189,0.0189,0.0189,0.0189,0.0189,0.0189,0.0189,0.0189,0.0189
45123.2500000,0.0047,0.0047,0.0047,0.0047,0.0047,0.0047,0.0047,0.0055,0.0055,0.0055,0.0055,0.0055,0.0055,0.0061,0.0061,0.0061,0.0061,0.0061,0.0061,0.0061,0.0061,0.0061,0.0061,0.0062,0.0062,0.0062,0.0062,0.0062,0.0062,0.0062,0.0062,0.0062,0.0062,0.0062,0.0063,0.0063,0.0063,0.0063,0.0063,0.0067,0.0067,0.0067,0.0067,0.0067,0.0067,0.0067,0.0067,0.0071,0.0071,0.0071,0.0072,0.0072,0.0072,0.0072,0.0073,0.0073,0.0073,0.0073,0.0073,0.0073,0.0073,0.0073,0.0073,0.0074,0.0074,0.0074,0.0074,0.0077,0.0080,0.0081,0.0082,0.0083,0.0084,0.0085,0.0085,0.0086,0.0087,0.0089,0.0089,0.0089,0.0090,0.0090,0.0090,0.0092,0.0092,0.0092,0.0093,0.0093,0.0094,0.0094,0.0094,0.0095,0.0096,0.0096,0.0096,0.0097,0.0097,0.0097,0.0097,0.0097,0.0098,0.0098,0.0135,0.0135,0.0135,0.0135,0.0136,0.0141,0.0141,0.0141,0.0142,0.0142,0.0143,0.0143,0.0143,0.0143,0.0144,0.0144,0.0144,0.0144,0.0144,0.0144,0.0145,0.0145,0.0145,0.0145,0.0146,0.0146,0.0146,0.0146,0.0146,0.0147,0.0147,0.0147,0.0147,0.0148,0.0148,0.0148,0.0148,0.0148,0.0149,0.0149,0.0149,0.0149,0.0149,0.0149,0.0149,0.0150,0.0150,0.0150,0.0150,0.0150,0.0150,0.0150,0.0150,0.0150,0.0150,0.0150,0.0157,0.0157,0.0157,0.0159,0.0162,0.0162,0.0162,0.0162,0.0162,0.0162,0.0162,0.0163,0.0163,0.0174,0.0174,0.0174,0.0175,0.0175,0.0175,0.0175,0.0176,0.0176,0.0176,0.0176,0.0176,0.0177,0.0177,0.0177,0.0177,0.0177,0.0177,0.0178,0.0178,0.0178,0.0178,0.0179,0.0179,0.0179,0.0179,0.0180,0.0180,0.0180,0.0180,0.0181,0.0181,0.0181,0.0181,0.0182,0.0182,0.0182,0.0182,0.0183,0.0183,0.0183,0.0184,0.0184,0.0184,0.0184,0.0185,0.0185,0.0185,0.0185,0.0185,0.0186,0.0186,0.0186,0.0186,0.0186,0.0187,0.0187,0.0187,0.0187,0.0187,0.0187,0.0187,0.0188,0.0188,0.0188
45123.2916667,0.0047,0.0047,0.0047,0.0047,0.0047,0.0047,0.0047,0.0055,0.0055,0.0055,0.0055,0.0055,0.0055,0.0061,0.0061,0.0061,0.0061,0.0061,0.0061,0.0061,0.0061,0.0061,0.0061,0.0062,0.0062,0.0062,0.0062,0.0062,0.0062,0.0062,0.0062,0.0062,0.0062,0.0062,0.0063,0.0063,0.0063,0.0063,0.0063,0.0067,0.0067,0.0067,0.0067,0.0067,0.0067,0.0067,0.0067,0.0071,0.0071,0.0071,0.0072,0.0072,0.0072,0.0072,0.0072,0.0073,0.0073,0.0073,0.0073,0.0073,0.0073,0.0073,0.0073,0.0073,0.0073,0.0073,0.0073,0.0075,0.0076,0.0077,0.0078,0.0078,0.0078,0.0079,0.0079,0.0080,0.0080,0.0082,0.0082,0.0083,0.0083,0.0083,0.0084,0.0085,0.0085,0.0086,0.0086,0.0086,0.0087,0.0087,0.0087,0.0089,0.0089,0.0090,0.0090,0.0091,0.0091,0.0091,0.0091,0.0092,0.0092,0.0092,0.0130,0.0130,0.0130,0.0131,0.0131,0.0136,0.0137,0.0138,0.0139,0.0139,0.0141,0.0141,0.0141,0.0141,0.0142,0.0142,0.0142,0.0142,0.0143,0.0143,0.0144,0.0144,0.0144,0.0144,0.0145,0.0145,0.0145,0.0145,0.0145,0.0145,0.0146,0.0146,0.0146,0.0146,0.0147,0.0147,0.0147,0.0147,0.0148,0.0148,0.0148,0.0148,0.0148,0.0148,0.0148,0.0149,0.0149,0.0149,0.0149,0.0149,0.0149,0.0149,0.0149,0.0149,0.0150,0.0150,0.0156,0.0156,0.0156,0.0158,0.0161,0.0161,0.0162,0.0162,0.0162,0.0162,0.0162,0.0162,0.0162,0.0173,0.0173,0.0173,0.0174,0.0174,0.0174,0.0174,0.0174,0.0174,0.0174,0.0174,0.0174,0.0174,0.0174,0.0174,0.0175,0.0175,0.0175,0.0175,0.0175,0.0175,0.0175,0.0175,0.0175,0.0175,0.0175,0.0175,0.0175,0.0176,0.0176,0.0176,0.0176,0.0176,0.0176,0.0176,0.0176,0.0177,0.0177,0.0177,0.0177,0.0177,0.0178,0.0178,0.0178,0.0178,0.0178,0.0179,0.0179,0.0179,0.0179,0.0179,0.0180,0.0180,0.0180,0.0180,0.0181,0.0181,0.0181,0.0181,0.0182,0.0182,0.0182,0.0183,0.0183,0.0183
45123.3333333,0.0047,0.0047,0.0047,0.0047,0.0047,0.0047,0.0047,0.0055,0.0055,0.0055,0.0055,0.0055,0.0055,0.0061,0.0061,0.0061,0.0061,0.0061,0.0061,0.0061,0.0061,0.0061,0.0061,0.0062,0.0062,0.0062,0.0062,0.0062,0.0062,0.0062,0.0062,0.0062,0.0062,0.0062,0.0063,0.0063,0.0063,0.0063,0.0063,0.0067,0.0067,0.0067,0.0067,0.0067,0.0067,0.0067,0.0067,0.0071,0.0071,0.0071,0.0072,0.0072,0.0072,0.0072,0.0072,0.0073,0.0073,0.0073,0.0073,0.0073,0.0073,0.0073,0.0073,0.0073,0.0073,0.0073,0.0073,0.0075,0.0076,0.0076,0.0076,0.0076,0.0076,0.0077,0.0077,0.0077,0.0077,0.0079,0.0079,0.0079,0.0079,0.0079,0.0080,0.0081,0.0081,0.0081,0.0081,0.0082,0.0082,0.0082,0.0082,0.0083,0.0083,0.0084,0.0084,0.0084,0.0085,0.0085,0.0085,0.0085,0.0086,0.0086,0.0123,0.0123,0.0124,0.0124,0.0125,0.0130,0.0131,0.0132,0.0133,0.0134,0.0135,0.0136,0.0136,0.0136,0.0137,0.0137,0.0138,0.0138,0.0139,0.0139,0.0140,0.0141,0.0141,0.0142,0.0142,0.0143,0.0143,0.0143,0.0144,0.0144,0.0144,0.0144,0.0145,0.0145,0.0145,0.0146,0.0146,0.0146,0.0146,0.0147,0.0147,0.0147,0.0147,0.0147,0.0147,0.0148,0.0148,0.0148,0.0148,0.0148,0.0148,0.0148,0.0148,0.0148,0.0149,0.0149,0.0155,0.0155,0.0155,0.0157,0.0160,0.0160,0.0161,0.0161,0.0161,0.0161,0.0161,0.0161,0.0161,0.0173,0.0173,0.0173,0.0173,0.0173,0.0173,0.0173,0.0173,0.0173,0.0173,0.0173,0.0174,0.0174,0.0174,0.0174,0.0174,0.0174,0.0174,0.0174,0.0174,0.0174,0.0174,0.0174,0.0174,0.0174,0.0174,0.0174,0.0174,0.0174,0.0174,0.0174,0.0174,0.0174,0.0175,0.0175,0.0175,0.0175,0.0175,0.0175,0.0175,0.0175,0.0175,0.0175,0.0175,0.0175,0.0175,0.0175,0.0175,0.0175,0.0176,0.0176,0.0176,0.0176,0.0176,0.0176,0.0176,0.0176,0.0176,0.0177,0.0177,0.0177,0.0177,0.0177,0.0177,0.0177
45123.3750000,0.0047,0.0047,0.0047,0.0047,0.0047,0.0047,0.0047,0.0055,0.0055,0.0055,0.0055,0.0055,0.0055,0.0061,0.0061,0.0061,0.0061,0.0061,0.0061,0.0061,0.0061,0.0061,0.0061,0.0062,0.0062,0.0062,0.0062,0.0062,0.0062,0.0062,0.0062,0.0062,0.0062,0.0062,0.0063,0.0063,0.0063,0.0063,0.0063,0.0067,0.0067,0.0067,0.0067,0.0067,0.0067,0.0067,0.0067,0.0071,0.0071,0.0071,0.0072,0.0072,0.0072,0.0072,0.0072,0.0073,0.0073,0.0073,0.0073,0.0073,0.0073,0.0073,0.0073,0.0073,0.0073,0.0073,0.0073,0.0075,0.0075,0.0076,0.0076,0.0076,0.0076,0.0076,0.0076,0.0076,0.0076,0.0077,0.0078,0.0078,0.0078,0.0078,0.0078,0.0079,0.0079,0.0079,0.0080,0.0080,0.0080,0.0080,0.0080,0.0081,0.0081,0.0081,0.0081,0.0081,0.0081,0.0081,0.0082,0.0082,0.0082,0.0082,0.0119,0.0119,0.0119,0.0120,0.0120,0.0125,0.0125,0.0126,0.0127,0.0128,0.0129,0.0129,0.0130,0.0130,0.0131,0.0131,0.0131,0.0132,0.0132,0.0133,0.0134,0.0135,0.0135,0.0136,0.0137,0.0138,0.0138,0.0139,0.0139,0.0139,0.0140,0.0140,0.0141,0.0142,0.0142,0.0143,0.0143,0.0144,0.0144,0.0144,0.0145,0.0145,0.0145,0.0145,0.0146,0.0146,0.0146,0.0146,0.0146,0.0147,0.0147,0.0147,0.0147,0.0147,0.0148,0.0148,0.0154,0.0154,0.0154,0.0156,0.0159,0.0159,0.0160,0.0160,0.0160,0.0160,0.0160,0.0160,0.0160,0.0172,0.0172,0.0172,0.0172,0.0172,0.0172,0.0172,0.0173,0.0173,0.0173,0.0173,0.0173,0.0173,0.0173,0.0173,0.0173,0.0173,0.0173,0.0173,0.0173,0.0173,0.0173,0.0174,0.0174,0.0174,0.0174,0.0174,0.0174,0.0174,0.0174,0.0174,0.0174,0.0174,0.0174,0.0174,0.0174,0.0174,0.0174,0.0174,0.0174,0.0174,0.0174,0.0174,0.0174,0.0174,0.0174,0.0174,0.0174,0.0174,0.0175,0.0175,0.0175,0.0175,0.0175,0.0175,0.0175,0.0175,0.0175,0.0175,0.0175,0.0175,0.0175,0.0175,0.0175,0.0175
45123.4166667,0.0047,0.0047,0.0047,0.0047,0.0047,0.0047,0.0047,0.0055,0.0055,0.0055,0.0055,0.0055,0.0055,0.0061,0.0061,0.0061,0.0061,0.0061,0.0061,0.0061,0.0061,0.0061,0.0061,0.0062,0.0062,0.0062,0.0062,0.0062,0.0062,0.0062,0.0062,0.0062,0.0062,0.0062,0.0063,0.0063,0.0063,0.0063,0.0063,0.0067,0.0067,0.0067,0.0067,0.0067,0.0067,0.0067,0.0067,0.0071,0.0071,0.0071,0.0072,0.0072,0.0072,0.0072,0.0072,0.0073,0.0073,0.0073,0.0073,0.0073,0.0073,0.0073,0.0073,0.0073,0.0073,0.0073,0.0073,0.0075,0.0075,0.0076,0.0076,0.0076,0.0076,0.0076,0.0076,0.0076,0.0076,0.0077,0.0077,0.0078,0.0078,0.0078,0.0078,0.0079,0.0079,0.0079,0.0079,0.0079,0.0079,0.0079,0.0079,0.0080,0.0080,0.0080,0.0080,0.0080,0.0080,0.0080,0.0080,0.0080,0.0081,0.0081,0.0117,0.0117,0.0117,0.0118,0.0118,0.0122,0.0123,0.0123,0.0124,0.0124,0.0125,0.0125,0.0126,0.0126,0.0126,0.0126,0.0127,0.0127,0.0127,0.0128,0.0129,0.0129,0.0129,0.0130,0.0131,0.0132,0.0132,0.0133,0.0133,0.0133,0.0134,0.0134,0.0135,0.0136,0.0137,0.0137,0.0138,0.0139,0.0139,0.0140,0.0140,0.0141,0.0141,0.0142,0.0142,0.0142,0.0143,0.0143,0.0143,0.0144,0.0144,0.0145,0.0145,0.0145,0.0146,0.0146,0.0152,0.0152,0.0153,0.0155,0.0158,0.0158,0.0158,0.0158,0.0158,0.0159,0.0159,0.0159,0.0159,0.0170,0.0171,0.0171,0.0171,0.0171,0.0171,0.0171,0.0171,0.0172,0.0172,0.0172,0.0172,0.0172,0.0172,0.0172,0.0172,0.0172,0.0172,0.0172,0.0172,0.0172,0.0173,0.0173,0.0173,0.0173,0.0173,0.0173,0.0173,0.0173,0.0173,0.0173,0.0173,0.0173,0.0173,0.0173,0.0173,0.0173,0.0173,0.0173,0.0173,0.0174,0.0174,0.0174,0.0174,0.0174,0.0174,0.0174,0.0174,0.0174,0.0174,0.0174,0.0174,0.0174,0.0174,0.0174,0.0174,0.0174,0.0174,0.0174,0.0174,0.0174,0.0174,0.0174,0.0174,0.0174
45123.4583333,0.0047,0.0047,0.0047,0.0047,0.0047,0.0047,0.0047,0.0055,0.0055,0.0055,0.0055,0.0055,0.0055,0.0061,0.0061,0.0061,0.0061,0.0061,0.0061,0.0061,0.0061,0.0061,0.0061,0.0062,0.0062,0.0062,0.0062,0.0062,0.0062,0.0062,0.0062,0.0062,0.0062,0.0062,0.0063,0.0063,0.0063,0.0063,0.0063,0.0067,0.0067,0.0067,0.0067,0.0067,0.0067,0.0067,0.0067,0.0071,0.0071,0.0071,0.0072,0.0072,0.0072,0.0072,0.0072,0.0073,0.0073,0.0073,0.0073,0.0073,0.0073,0.0073,0.0073,0.0073,0.0073,0.0073,0.0073,0.0075,0.0075,0.0076,0.0076,0.0076,0.0076,0.0076,0.0076,0.0076,0.0076,0.0077,0.0077,0.0077,0.0078,0.0078,0.0078,0.0079,0.0079,0.0079,0.0079,0.0079,0.0079,0.0079,0.0079,0.0080,0.0080,0.0080,0.0080,0.0080,0.0080,0.0080,0.0080,0.0080,0.0080,0.0080,0.0117,0.0117,0.0117,0.0117,0.0117,0.0122,0.0122,0.0122,0.0122,0.0123,0.0124,0.0124,0.0124,0.0124,0.0124,0.0124,0.0125,0.0125,0.0125,0.0125,0.0126,0.0126,0.0126,0.0127,0.0127,0.0128,0.0128,0.0128,0.0128,0.0129,0.0129,0.0129,0.0130,0.0131,0.0131,0.0132,0.0132,0.0133,0.0133,0.0134,0.0134,0.0135,0.0135,0.0136,0.0136,0.0137,0.0137,0.0137,0.0138,0.0139,0.0140,0.0140,0.0141,0.0141,0.0141,0.0142,0.0148,0.0148,0.0149,0.0151,0.0154,0.0154,0.0155,0.0155,0.0155,0.0155,0.0156,0.0157,0.0157,0.0168,0.0169,0.0169,0.0169,0.0170,0.0170,0.0170,0.0170,0.0170,0.0170,0.0170,0.0170,0.0171,0.0171,0.0171,0.0171,0.0171,0.0171,0.0171,0.0171,0.0171,0.0171,0.0171,0.0171,0.0172,0.0172,0.0172,0.0172,0.0172,0.0172,0.0172,0.0172,0.0172,0.0172,0.0172,0.0172,0.0172,0.0172,0.0172,0.0172,0.0172,0.0173,0.0173,0.0173,0.0173,0.0173,0.0173,0.0173,0.0173,0.0173,0.0173,0.0173,0.0173,0.0173,0.0173,0.0173,0.0173,0.0173,0.0173,0.0174,0.0174,0.0174,0.0174,0.0174,0.0174
45123.5000000,0.0047,0.0047,0.0047,0.0047,0.0047,0.0047,0.0047,0.0055,0.0055,0.0055,0.0055,0.0055,0.0055,0.0061,0.0061,0.0061,0.0061,0.0061,0.0061,0.0061,0.0061,0.0061,0.0061,0.0062,0.0062,0.0062,0.0062,0.0062,0.0062,0.0062,0.0062,0.0062,0.0062,0.0062,0.0063,0.0063,0.0063,0.0063,0.0063,0.0067,0.0067,0.0067,0.0067,0.0067,0.0067,0.0067,0.0067,0.0071,0.0071,0.0071,0.0072,0.0072,0.0072,0.0072,0.0072,0.0073,0.0073,0.0073,0.0073,0.0073,0.0073,0.0073,0.0073,0.0073,0.0073,0.0073,0.0073,0.0075,0.0075,0.0076,0.0076,0.0076,0.0076,0.0076,0.0076,0.0076,0.0076,0.0077,0.0077,0.0077,0.0078,0.0078,0.0078,0.0079,0.0079,0.0079,0.0079,0.0079,0.0079,0.0079,0.0079,0.0080,0.0080,0.0080,0.0080,0.0080,0.0080,0.0080,0.0080,0.0080,0.0080,0.0080,0.0117,0.0117,0.0117,0.0117,0.0117,0.0122,0.0122,0.0122,0.0122,0.0122,0.0123,0.0123,0.0123,0.0124,0.0124,0.0124,0.0124,0.0124,0.0124,0.0124,0.0125,0.0125,0.0125,0.0125,0.0125,0.0126,0.0126,0.0126,0.0126,0.0126,0.0126,0.0127,0.0127,0.0128,0.0128,0.0128,0.0129,0.0129,0.0129,0.0130,0.0130,0.0130,0.0131,0.0131,0.0131,0.0132,0.0132,0.0132,0.0133,0.0133,0.0134,0.0135,0.0135,0.0135,0.0136,0.0136,0.0142,0.0143,0.0143,0.0146,0.0149,0.0149,0.0149,0.0149,0.0150,0.0150,0.0151,0.0152,0.0152,0.0164,0.0164,0.0165,0.0166,0.0166,0.0166,0.0167,0.0167,0.0167,0.0167,0.0167,0.0168,0.0168,0.0168,0.0168,0.0168,0.0169,0.0169,0.0169,0.0169,0.0169,0.0169,0.0169,0.0170,0.0170,0.0170,0.0170,0.0170,0.0170,0.0170,0.0170,0.0170,0.0171,0.0171,0.0171,0.0171,0.0171,0.0171,0.0171,0.0171,0.0171,0.0171,0.0171,0.0171,0.0172,0.0172,0.0172,0.0172,0.0172,0.0172,0.0172,0.0172,0.0172,0.0172,0.0172,0.0172,0.0172,0.0172,0.0172,0.0172,0.0173,0.0173,0.0173,0.0173,0.0173
45123.5416667,0.0047,0.0047,0.0047,0.0047,0.0047,0.0047,0.0047,0.0055,0.0055,0.0055,0.0055,0.0055,0.0055,0.0061,0.0061,0.0061,0.0061,0.0061,0.0061,0.0061,0.0061,0.0061,0.0061,0.0062,0.0062,0.0062,0.0062,0.0062,0.0062,0.0062,0.0062,0.0062,0.0062,0.0062,0.0063,0.0063,0.0063,0.0063,0.0063,0.0067,0.0067,0.0067,0.0067,0.0067,0.0067,0.0067,0.0067,0.0071,0.0071,0.0071,0.0072,0.0072,0.0072,0.0072,0.0072,0.0073,0.0073,0.0073,0.0073,0.0073,0.0073,0.0073,0.0073,0.0073,0.0073,0.0073,0.0073,0.0075,0.0075,0.0076,0.0076,0.0076,0.0076,0.0076,0.0076,0.0076,0.0076,0.0077,0.0077,0.0077,0.0078,0.0078,0.0078,0.0079,0.0079,0.0079,0.0079,0.0079,0.0079,0.0079,0.0079,0.0080,0.0080,0.0080,0.0080,0.0080,0.0080,0.0080,0.0080,0.0080,0.0080,0.0080,0.0117,0.0117,0.0117,0.0117,0.0117,0.0122,0.0122,0.0122,0.0122,0.0122,0.0123,0.0123,0.0123,0.0124,0.0124,0.0124,0.0124,0.0124,0.0124,0.0124,0.0125,0.0125,0.0125,0.0125,0.0125,0.0125,0.0125,0.0125,0.0126,0.0126,0.0126,0.0126,0.0126,0.0126,0.0127,0.0127,0.0127,0.0127,0.0127,0.0128,0.0128,0.0128,0.0128,0.0128,0.0128,0.0129,0.0129,0.0129,0.0129,0.0130,0.0130,0.0130,0.0131,0.0131,0.0131,0.0131,0.0138,0.0138,0.0138,0.0141,0.0144,0.0144,0.0144,0.0144,0.0145,0.0145,0.0146,0.0146,0.0147,0.0158,0.0159,0.0160,0.0161,0.0161,0.0161,0.0162,0.0162,0.0162,0.0162,0.0163,0.0163,0.0163,0.0163,0.0164,0.0164,0.0164,0.0164,0.0165,0.0165,0.0165,0.0165,0.0165,0.0166,0.0166,0.0166,0.0166,0.0166,0.0167,0.0167,0.0167,0.0167,0.0167,0.0168,0.0168,0.0168,0.0168,0.0168,0.0168,0.0169,0.0169,0.0169,0.0169,0.0169,0.0169,0.0169,0.0170,0.0170,0.0170,0.0170,0.0170,0.0170,0.0170,0.0170,0.0170,0.0171,0.0171,0.0171,0.0171,0.0171,0.0171,0.0171,0.0171,0.0171,0.0171
45123.5833333,0.0047,0.0047,0.0047,0.0047,0.0047,0.0047,0.0047,0.0055,0.0055,0.0055,0.0055,0.0055,0.0055,0.0061,0.0061,0.0061,0.0061,0.0061,0.0061,0.0061,0.0061,0.0061,0.0061,0.0062,0.0062,0.0062,0.0062,0.0062,0.0062,0.0062,0.0062,0.0062,0.0062,0.0062,0.0063,0.0063,0.0063,0.0063,0.0063,0.0067,0.0067,0.0067,0.0067,0.0067,0.0067,0.0067,0.0067,0.0071,0.0071,0.0071,0.0072,0.0072,0.0072,0.0072,0.0072,0.0073,0.0073,0.0073,0.0073,0.0073,0.0073,0.0073,0.0073,0.0073,0.0073,0.0073,0.0073,0.0075,0.0075,0.0076,0.0076,0.0076,0.0076,0.0076,0.0076,0.0076,0.0076,0.0077,0.0077,0.0077,0.0078,0.0078,0.0078,0.0079,0.0079,0.0079,0.0079,0.0079,0.0079,0.0079,0.0079,0.0080,0.0080,0.0080,0.0080,0.0080,0.0080,0.0080,0.0080,0.0080,0.0080,0.0080,0.0117,0.0117,0.0117,0.0117,0.0117,0.0122,0.0122,0.0122,0.0122,0.0122,0.0123,0.0123,0.0123,0.0124,0.0124,0.0124,0.0124,0.0124,0.0124,0.0124,0.0125,0.0125,0.0125,0.0125,0.0125,0.0125,0.0125,0.0125,0.0125,0.0125,0.0125,0.0125,0.0126,0.0126,0.0126,0.0126,0.0127,0.0127,0.0127,0.0127,0.0127,0.0127,0.0127,0.0127,0.0127,0.0128,0.0128,0.0128,0.0128,0.0128,0.0128,0.0128,0.0128,0.0128,0.0129,0.0129,0.0135,0.0135,0.0136,0.0138,0.0141,0.0141,0.0141,0.0141,0.0141,0.0142,0.0142,0.0142,0.0143,0.0154,0.0155,0.0155,0.0156,0.0156,0.0156,0.0157,0.0157,0.0157,0.0157,0.0157,0.0158,0.0158,0.0158,0.0158,0.0159,0.0159,0.0159,0.0159,0.0159,0.0160,0.0160,0.0160,0.0160,0.0161,0.0161,0.0161,0.0161,0.0162,0.0162,0.0162,0.0162,0.0162,0.0163,0.0163,0.0163,0.0163,0.0164,0.0164,0.0164,0.0164,0.0164,0.0165,0.0165,0.0165,0.0165,0.0166,0.0166,0.0166,0.0166,0.0166,0.0167,0.0167,0.0167,0.0167,0.0167,0.0167,0.0168,0.0168,0.0168,0.0168,0.0168,0.0168,0.0169,0.0169
45123.6250000,0.0047,0.0047,0.0047,0.0047,0.0047,0.0047,0.0047,0.0055,0.0055,0.0055,0.0055,0.0055,0.0055,0.0061,0.0061,0.0061,0.0061,0.0061,0.0061,0.0061,0.0061,0.0061,0.0061,0.0062,0.0062,0.0062,0.0062,0.0062,0.0062,0.0062,0.0062,0.0062,0.0062,0.0062,0.0063,0.0063,0.0063,0.0063,0.0063,0.0067,0.0067,0.0067,0.0067,0.0067,0.0067,0.0067,0.0067,0.0071,0.0071,0.0071,0.0072,0.0072,0.0072,0.0072,0.0072,0.0073,0.0073,0.0073,0.0073,0.0073,0.0073,0.0073,0.0073,0.0073,0.0073,0.0073,0.0073,0.0075,0.0075,0.0076,0.0076,0.0076,0.0076,0.0076,0.0076,0.0076,0.0076,0.0077,0.0077,0.0077,0.0078,0.0078,0.0078,0.0079,0.0079,0.0079,0.0079,0.0079,0.0079,0.0079,0.0079,0.0080,0.0080,0.0080,0.0080,0.0080,0.0080,0.0080,0.0080,0.0080,0.0080,0.0080,0.0117,0.0117,0.0117,0.0117,0.0117,0.0122,0.0122,0.0122,0.0122,0.0122,0.0123,0.0123,0.0123,0.0124,0.0124,0.0124,0.0124,0.0124,0.0124,0.0124,0.0125,0.0125,0.0125,0.0125,0.0125,0.0125,0.0125,0.0125,0.0125,0.0125,0.0125,0.0125,0.0126,0.0126,0.0126,0.0126,0.0127,0.0127,0.0127,0.0127,0.0127,0.0127,0.0127,0.0127,0.0127,0.0127,0.0127,0.0127,0.0127,0.0127,0.0128,0.0128,0.0128,0.0128,0.0128,0.0128,0.0134,0.0134,0.0134,0.0137,0.0139,0.0139,0.0140,0.0140,0.0140,0.0140,0.0140,0.0140,0.0141,0.0152,0.0152,0.0152,0.0153,0.0153,0.0153,0.0153,0.0153,0.0153,0.0154,0.0154,0.0154,0.0154,0.0154,0.0154,0.0155,0.0155,0.0155,0.0155,0.0155,0.0155,0.0155,0.0156,0.0156,0.0156,0.0156,0.0156,0.0156,0.0157,0.0157,0.0157,0.0157,0.0157,0.0158,0.0158,0.0158,0.0158,0.0158,0.0159,0.0159,0.0159,0.0159,0.0159,0.0160,0.0160,0.0160,0.0160,0.0161,0.0161,0.0161,0.0161,0.0161,0.0162,0.0162,0.0162,0.0162,0.0163,0.0163,0.0163,0.0163,0.0163,0.0164,0.0164,0.0164,0.0164
45123.6666667,0.0047,0.0047,0.0047,0.0047,0.0047,0.0047,0.0047,0.0055,0.0055,0.0055,0.0055,0.0055,0.0055,0.0061,0.0061,0.0061,0.0061,0.0061,0.0061,0.0061,0.0061,0.0061,0.0061,0.0062,0.0062,0.0062,0.0062,0.0062,0.0062,0.0062,0.0062,0.0062,0.0062,0.0062,0.0063,0.0063,0.0063,0.0063,0.0063,0.0067,0.0067,0.0067,0.0067,0.0067,0.0067,0.0067,0.0067,0.0071,0.0071,0.0071,0.0072,0.0072,0.0072,0.0072,0.0072,0.0073,0.0073,0.0073,0.0073,0.0073,0.0073,0.0073,0.0073,0.0073,0.0073,0.0073,0.0073,0.0075,0.0075,0.0076,0.0076,0.0076,0.0076,0.0076,0.0076,0.0076,0.0076,0.0077,0.0077,0.0077,0.0078,0.0078,0.0078,0.0079,0.0079,0.0079,0.0079,0.0079,0.0079,0.0079,0.0079,0.0080,0.0080,0.0080,0.0080,0.0080,0.0080,0.0080,0.0080,0.0080,0.0080,0.0080,0.0117,0.0117,0.0117,0.0117,0.0117,0.0122,0.0122,0.0122,0.0122,0.0122,0.0123,0.0123,0.0123,0.0124,0.0124,0.0124,0.0124,0.0124,0.0124,0.0124,0.0125,0.0125,0.0125,0.0125,0.0125,0.0125,0.0125,0.0125,0.0125,0.0125,0.0125,0.0125,0.0126,0.0126,0.0126,0.0126,0.0127,0.0127,0.0127,0.0127,0.0127,0.0127,0.0127,0.0127,0.0127,0.0127,0.0127,0.0127,0.0127,0.0127,0.0127,0.0127,0.0127,0.0127,0.0128,0.0128,0.0134,0.0134,0.0134,0.0136,0.0139,0.0139,0.0139,0.0139,0.0139,0.0140,0.0140,0.0140,0.0140,0.0151,0.0151,0.0151,0.0151,0.0151,0.0152,0.0152,0.0152,0.0152,0.0152,0.0152,0.0152,0.0152,0.0152,0.0152,0.0152,0.0152,0.0153,0.0153,0.0153,0.0153,0.0153,0.0153,0.0153,0.0153,0.0153,0.0153,0.0153,0.0154,0.0154,0.0154,0.0154,0.0154,0.0154,0.0154,0.0154,0.0154,0.0155,0.0155,0.0155,0.0155,0.0155,0.0155,0.0155,0.0156,0.0156,0.0156,0.0156,0.0156,0.0156,0.0157,0.0157,0.0157,0.0157,0.0157,0.0158,0.0158,0.0158,0.0158,0.0158,0.0158,0.0159,0.0159,0.0159,0.0159
45123.7083333,0.0047,0.0047,0.0047,0.0047,0.0047,0.0047,0.0047,0.0055,0.0055,0.0055,0.0055,0.0055,0.0055,0.0061,0.0061,0.0061,0.0061,0.0061,0.0061,0.0061,0.0061,0.0061,0.0061,0.0062,0.0062,0.0062,0.0062,0.0062,0.0062,0.0062,0.0062,0.0062,0.0062,0.0062,0.0063,0.0063,0.0063,0.0063,0.0063,0.0067,0.0067,0.0067,0.0067,0.0067,0.0067,0.0067,0.0067,0.0071,0.0071,0.0071,0.0072,0.0072,0.0072,0.0072,0.0072,0.0073,0.0073,0.0073,0.0073,0.0073,0.0073,0.0073,0.0073,0.0073,0.0073,0.0073,0.0073,0.0075,0.0075,0.0076,0.0076,0.0076,0.0076,0.0076,0.0076,0.0076,0.0076,0.0077,0.0077,0.0077,0.0078,0.0078,0.0078,0.0079,0.0079,0.0079,0.0079,0.0079,0.0079,0.0079,0.0079,0.0080,0.0080,0.0080,0.0080,0.0080,0.0080,0.0080,0.0080,0.0080,0.0080,0.0080,0.0117,0.0117,0.0117,0.0117,0.0117,0.0122,0.0122,0.0122,0.0122,0.0122,0.0123,0.0123,0.0123,0.0124,0.0124,0.0124,0.0124,0.0124,0.0124,0.0124,0.0125,0.0125,0.0125,0.0125,0.0125,0.0125,0.0125,0.0125,0.0125,0.0125,0.0125,0.0125,0.0126,0.0126,0.0126,0.0126,0.0127,0.0127,0.0127,0.0127,0.0127,0.0127,0.0127,0.0127,0.0127,0.0127,0.0127,0.0127,0.0127,0.0127,0.0127,0.0127,0.0127,0.0127,0.0128,0.0128,0.0134,0.0134,0.0134,0.0136,0.0139,0.0139,0.0139,0.0139,0.0139,0.0139,0.0140,0.0140,0.0140,0.0151,0.0151,0.0151,0.0151,0.0151,0.0151,0.0151,0.0151,0.0151,0.0151,0.0151,0.0151,0.0152,0.0152,0.0152,0.0152,0.0152,0.0152,0.0152,0.0152,0.0152,0.0152,0.0152,0.0152,0.0152,0.0152,0.0152,0.0152,0.0152,0.0152,0.0152,0.0152,0.0152,0.0152,0.0152,0.0152,0.0153,0.0153,0.0153,0.0153,0.0153,0.0153,0.0153,0.0153,0.0153,0.0153,0.0153,0.0153,0.0153,0.0154,0.0154,0.0154,0.0154,0.0154,0.0154,0.0154,0.0154,0.0154,0.0155,0.0155,0.0155,0.0155,0.0155,0.0155,0.0155
45123.7500000,0.0047,0.0047,0.0047,0.0047,0.0047,0.0047,0.0047,0.0055,0.0055,0.0055,0.0055,0.0055,0.0055,0.0061,0.0061,0.0061,0.0061,0.0061,0.0061,0.0061,0.0061,0.0061,0.0061,0.0062,0.0062,0.0062,0.0062,0.0062,0.0062,0.0062,0.0062,0.0062,0.0062,0.0062,0.0063,0.0063,0.0063,0.0063,0.0063,0.0067,0.0067,0.0067,0.0067,0.0067,0.0067,0.0067,0.0067,0.0071,0.0071,0.0071,0.0072,0.0072,0.0072,0.0072,0.0072,0.0073,0.0073,0.0073,0.0073,0.0073,0.0073,0.0073,0.0073,0.0073,0.0073,0.0073,0.0073,0.0075,0.0075,0.0076,0.0076,0.0076,0.0076,0.0076,0.0076,0.0076,0.0076,0.0077,0.0077,0.0077,0.0078,0.0078,0.0078,0.0079,0.0079,0.0079,0.0079,0.0079,0.0079,0.0079,0.0079,0.0080,0.0080,0.0080,0.0080,0.0080,0.0080,0.0080,0.0080,0.0080,0.0080,0.0080,0.0117,0.0117,0.0117,0.0117,0.0117,0.0122,0.0122,0.0122,0.0122,0.0122,0.0123,0.0123,0.0123,0.0124,0.0124,0.0124,0.0124,0.0124,0.0124,0.0124,0.0125,0.0125,0.0125,0.0125,0.0125,0.0125,0.0125,0.0125,0.0125,0.0125,0.0125,0.0125,0.0126,0.0126,0.0126,0.0126,0.0127,0.0127,0.0127,0.0127,0.0127,0.0127,0.0127,0.0127,0.0127,0.0127,0.0127,0.0127,0.0127,0.0127,0.0127,0.0127,0.0127,0.0127,0.0128,0.0128,0.0134,0.0134,0.0134,0.0136,0.0139,0.0139,0.0139,0.0139,0.0139,0.0139,0.0139,0.0140,0.0140,0.0151,0.0151,0.0151,0.0151,0.0151,0.0151,0.0151,0.0151,0.0151,0.0151,0.0151,0.0151,0.0151,0.0151,0.0151,0.0151,0.0151,0.0151,0.0151,0.0151,0.0151,0.0151,0.0152,0.0152,0.0152,0.0152,0.0152,0.0152,0.0152,0.0152,0.0152,0.0152,0.0152,0.0152,0.0152,0.0152,0.0152,0.0152,0.0152,0.0152,0.0152,0.0152,0.0152,0.0152,0.0152,0.0152,0.0152,0.0152,0.0152,0.0152,0.0152,0.0152,0.0152,0.0152,0.0153,0.0153,0.0153,0.0153,0.0153,0.0153,0.0153,0.0153,0.0153,0.0153,0.0153
45123.7916667,0.0047,0.0047,0.0047,0.0047,0.0047,0.0047,0.0047,0.0055,0.0055,0.0055,0.0055,0.0055,0.0055,0.0061,0.0061,0.0061,0.0061,0.0061,0.0061,0.0061,0.0061,0.0061,0.0061,0.0062,0.0062,0.0062,0.0062,0.0062,0.0062,0.0062,0.0062,0.0062,0.0062,0.0062,0.0063,0.0063,0.0063,0.0063,0.0063,0.0067,0.0067,0.0067,0.0067,0.0067,0.0067,0.0067,0.0067,0.0071,0.0071,0.0071,0.0072,0.0072,0.0072,0.0072,0.0072,0.0073,0.0073,0.0073,0.0073,0.0073,0.0073,0.0073,0.0073,0.0073,0.0073,0.0073,0.0073,0.0075,0.0075,0.0076,0.0076,0.0076,0.0076,0.0076,0.0076,0.0076,0.0076,0.0077,0.0077,0.0077,0.0078,0.0078,0.0078,0.0079,0.0079,0.0079,0.0079,0.0079,0.0079,0.0079,0.0079,0.0080,0.0080,0.0080,0.0080,0.0080,0.0080,0.0080,0.0080,0.0080,0.0080,0.0080,0.0117,0.0117,0.0117,0.0117,0.0117,0.0122,0.0122,0.0122,0.0122,0.0122,0.0123,0.0123,0.0123,0.0124,0.0124,0.0124,0.0124,0.0124,0.0124,0.0124,0.0125,0.0125,0.0125,0.0125,0.0125,0.0125,0.0125,0.0125,0.0125,0.0125,0.0125,0.0125,0.0126,0.0126,0.0126,0.0126,0.0127,0.0127,0.0127,0.0127,0.0127,0.0127,0.0127,0.0127,0.0127,0.0127,0.0127,0.0127,0.0127,0.0127,0.0127,0.0127,0.0127,0.0127,0.0128,0.0128,0.0134,0.0134,0.0134,0.0136,0.0139,0.0139,0.0139,0.0139,0.0139,0.0139,0.0139,0.0140,0.0140,0.0151,0.0151,0.0151,0.0151,0.0151,0.0151,0.0151,0.0151,0.0151,0.0151,0.0151,0.0151,0.0151,0.0151,0.0151,0.0151,0.0151,0.0151,0.0151,0.0151,0.0151,0.0151,0.0151,0.0151,0.0151,0.0151,0.0152,0.0152,0.0152,0.0152,0.0152,0.0152,0.0152,0.0152,0.0152,0.0152,0.0152,0.0152,0.0152,0.0152,0.0152,0.0152,0.0152,0.0152,0.0152,0.0152,0.0152,0.0152,0.0152,0.0152,0.0152,0.0152,0.0152,0.0152,0.0152,0.0152,0.0152,0.0152,0.0152,0.0152,0.0152,0.0152,0.0152,0.0152,0.0152
45123.8333333,0.0047,0.0047,0.0047,0.0047,0.0047,0.0047,0.0047,0.0055,0.0055,0.0055,0.0055,0.0055,0.0055,0.0061,0.0061,0.0061,0.0061,0.0061,0.0061,0.0061,0.0061,0.0061,0.0061,0.0062,0.0062,0.0062,0.0062,0.0062,0.0062,0.0062,0.0062,0.0062,0.0062,0.0062,0.0063,0.0063,0.0063,0.0063,0.0063,0.0067,0.0067,0.0067,0.0067,0.0067,0.0067,0.0067,0.0067,0.0071,0.0071,0.0071,0.0072,0.0072,0.0072,0.0072,0.0072,0.0073,0.0073,0.0073,0.0073,0.0073,0.0073,0.0073,0.0073,0.0073,0.0073,0.0073,0.0073,0.0075,0.0075,0.0076,0.0076,0.0076,0.0076,0.0076,0.0076,0.0076,0.0076,0.0077,0.0077,0.0077,0.0078,0.0078,0.0078,0.0079,0.0079,0.0079,0.0079,0.0079,0.0079,0.0079,0.0079,0.0080,0.0080,0.0080,0.0080,0.0080,0.0080,0.0080,0.0080,0.0080,0.0080,0.0080,0.0117,0.0117,0.0117,0.0117,0.0117,0.0122,0.0122,0.0122,0.0122,0.0122,0.0123,0.0123,0.0123,0.0124,0.0124,0.0124,0.0124,0.0124,0.0124,0.0124,0.0125,0.0125,0.0125,0.0125,0.0125,0.0125,0.0125,0.0125,0.0125,0.0125,0.0125,0.0125,0.0126,0.0126,0.0126,0.0126,0.0127,0.0127,0.0127,0.0127,0.0127,0.0127,0.0127,0.0127,0.0127,0.0127,0.0127,0.0127,0.0127,0.0127,0.0127,0.0127,0.0127,0.0127,0.0128,0.0128,0.0134,0.0134,0.0134,0.0136,0.0139,0.0139,0.0139,0.0139,0.0139,0.0139,0.0139,0.0140,0.0140,0.0151,0.0151,0.0151,0.0151,0.0151,0.0151,0.0151,0.0151,0.0151,0.0151,0.0151,0.0151,0.0151,0.0151,0.0151,0.0151,0.0151,0.0151,0.0151,0.0151,0.0151,0.0151,0.0151,0.0151,0.0151,0.0151,0.0151,0.0151,0.0152,0.0152,0.0152,0.0152,0.0152,0.0152,0.0152,0.0152,0.0152,0.0152,0.0152,0.0152,0.0152,0.0152,0.0152,0.0152,0.0152,0.0152,0.0152,0.0152,0.0152,0.0152,0.0152,0.0152,0.0152,0.0152,0.0152,0.0152,0.0152,0.0152,0.0152,0.0152,0.0152,0.0152,0.0152,0.0152,0.0152
45123.8750000,0.0047,0.0047,0.0047,0.0047,0.0047,0.0047,0.0047,0.0055,0.0055,0.0055,0.0055,0.0055,0.0055,0.0061,0.0061,0.0061,0.0061,0.0061,0.0061,0.0061,0.0061,0.0061,0.0061,0.0062,0.0062,0.0062,0.0062,0.0062,0.0062,0.0062,0.0062,0.0062,0.0062,0.0062,0.0063,0.0063,0.0063,0.0063,0.0063,0.0067,0.0067,0.0067,0.0067,0.0067,0.0067,0.0067,0.0067,0.0071,0.0071,0.0071,0.0072,0.0072,0.0072,0.0072,0.0072,0.0073,0.0073,0.0073,0.0073,0.0073,0.0073,0.0073,0.0073,0.0073,0.0073,0.0073,0.0073,0.0075,0.0075,0.0076,0.0076,0.0076,0.0076,0.0076,0.0076,0.0076,0.0076,0.0077,0.0077,0.0077,0.0078,0.0078,0.0078,0.0079,0.0079,0.0079,0.0079,0.0079,0.0079,0.0079,0.0079,0.0080,0.0080,0.0080,0.0080,0.0080,0.0080,0.0080,0.0080,0.0080,0.0080,0.0080,0.0117,0.0117,0.0117,0.0117,0.0117,0.0122,0.0122,0.0122,0.0122,0.0122,0.0123,0.0123,0.0123,0.0124,0.0124,0.0124,0.0124,0.0124,0.0124,0.0124,0.0125,0.0125,0.0125,0.0125,0.0125,0.0125,0.0125,0.0125,0.0125,0.0125,0.0125,0.0125,0.0126,0.0126,0.0126,0.0126,0.0127,0.0127,0.0127,0.0127,0.0127,0.0127,0.0127,0.0127,0.0127,0.0127,0.0127,0.0127,0.0127,0.0127,0.0127,0.0127,0.0127,0.0127,0.0128,0.0128,0.0134,0.0134,0.0134,0.0136,0.0139,0.0139,0.0139,0.0139,0.0139,0.0139,0.0139,0.0140,0.0140,0.0151,0.0151,0.0151,0.0151,0.0151,0.0151,0.0151,0.0151,0.0151,0.0151,0.0151,0.0151,0.0151,0.0151,0.0151,0.0151,0.0151,0.0151,0.0151,0.0151,0.0151,0.0151,0.0151,0.0151,0.0151,0.0151,0.0151,0.0151,0.0152,0.0152,0.0152,0.0152,0.0152,0.0152,0.0152,0.0152,0.0152,0.0152,0.0152,0.0152,0.0152,0.0152,0.0152,0.0152,0.0152,0.0152,0.0152,0.0152,0.0152,0.0152,0.0152,0.0152,0.0152,0.0152,0.0152,0.0152,0.0152,0.0152,0.0152,0.0152,0.0152,0.0152,0.0152,0.0152,0.0152
45123.9166667,0.0047,0.0047,0.0047,0.0047,0.0047,0.0047,0.0047,0.0055,0.0055,0.0055,0.0055,0.0055,0.0055,0.0061,0.0061,0.0061,0.0061,0.0061,0.0061,0.0061,0.0061,0.0061,0.0061,0.0062,0.0062,0.0062,0.0062,0.0062,0.0062,0.0062,0.0062,0.0062,0.0062,0.0062,0.0063,0.0063,0.0063,0.0063,0.0063,0.0067,0.0067,0.0067,0.0067,0.0067,0.0067,0.0067,0.0067,0.0071,0.0071,0.0071,0.0072,0.0072,0.0072,0.0072,0.0072,0.0073,0.0073,0.0073,0.0073,0.0073,0.0073,0.0073,0.0073,0.0073,0.0073,0.0073,0.0073,0.0075,0.0075,0.0076,0.0076,0.0076,0.0076,0.0076,0.0076,0.0076,0.0076,0.0077,0.0077,0.0077,0.0078,0.0078,0.0078,0.0079,0.0079,0.0079,0.0079,0.0079,0.0079,0.0079,0.0079,0.0080,0.0080,0.0080,0.0080,0.0080,0.0080,0.0080,0.0080,0.0080,0.0080,0.0080,0.0117,0.0117,0.0117,0.0117,0.0117,0.0122,0.0122,0.0122,0.0122,0.0122,0.0123,0.0123,0.0123,0.0124,0.0124,0.0124,0.0124,0.0124,0.0124,0.0124,0.0125,0.0125,0.0125,0.0125,0.0125,0.0125,0.0125,0.0125,0.0125,0.0125,0.0125,0.0125,0.0126,0.0126,0.0126,0.0126,0.0127,0.0127,0.0127,0.0127,0.0127,0.0127,0.0127,0.0127,0.0127,0.0127,0.0127,0.0127,0.0127,0.0127,0.0127,0.0127,0.0127,0.0127,0.0128,0.0128,0.0134,0.0134,0.0134,0.0136,0.0139,0.0139,0.0139,0.0139,0.0139,0.0139,0.0139,0.0140,0.0140,0.0151,0.0151,0.0151,0.0151,0.0151,0.0151,0.0151,0.0151,0.0151,0.0151,0.0151,0.0151,0.0151,0.0151,0.0151,0.0151,0.0151,0.0151,0.0151,0.0151,0.0151,0.0151,0.0151,0.0151,0.0151,0.0151,0.0151,0.0151,0.0152,0.0152,0.0152,0.0152,0.0152,0.0152,0.0152,0.0152,0.0152,0.0152,0.0152,0.0152,0.0152,0.0152,0.0152,0.0152,0.0152,0.0152,0.0152,0.0152,0.0152,0.0152,0.0152,0.0152,0.0152,0.0152,0.0152,0.0152,0.0152,0.0152,0.0152,0.0152,0.0152,0.0152,0.0152,0.0152,0.0152
45123.9583333,0.0047,0.0047,0.0047,0.0047,0.0047,0.0047,0.0047,0.0055,0.0055,0.0055,0.0055,0.0055,0.0055,0.0061,0.0061,0.0061,0.0061,0.0061,0.0061,0.0061,0.0061,0.0061,0.0061,0.0062,0.0062,0.0062,0.0062,0.0062,0.0062,0.0062,0.0062,0.0062,0.0062,0.0062,0.0063,0.0063,0.0063,0.0063,0.0063,0.0067,0.0067,0.0067,0.0067,0.0067,0.0067,0.0067,0.0067,0.0071,0.0071,0.0071,0.0072,0.0072,0.0072,0.0072,0.0072,0.0073,0.0073,0.0073,0.0073,0.0073,0.0073,0.0073,0.0073,0.0073,0.0073,0.0073,0.0073,0.0075,0.0075,0.0076,0.0076,0.0076,0.0076,0.0076,0.0076,0.0076,0.0076,0.0077,0.0077,0.0077,0.0078,0.0078,0.0078,0.0079,0.0079,0.0079,0.0079,0.0079,0.0079,0.0079,0.0079,0.0080,0.0080,0.0080,0.0080,0.0080,0.0080,0.0080,0.0080,0.0080,0.0080,0.0080,0.0117,0.0117,0.0117,0.0117,0.0117,0.0122,0.0122,0.0122,0.0122,0.0122,0.0123,0.0123,0.0123,0.0124,0.0124,0.0124,0.0124,0.0124,0.0124,0.0124,0.0125,0.0125,0.0125,0.0125,0.0125,0.0125,0.0125,0.0125,0.0125,0.0125,0.0125,0.0125,0.0126,0.0126,0.0126,0.0126,0.0127,0.0127,0.0127,0.0127,0.0127,0.0127,0.0127,0.0127,0.0127,0.0127,0.0127,0.0127,0.0127,0.0127,0.0127,0.0127,0.0127,0.0127,0.0128,0.0128,0.0134,0.0134,0.0134,0.0136,0.0139,0.0139,0.0139,0.0139,0.0139,0.0139,0.0139,0.0140,0.0140,0.0151,0.0151,0.0151,0.0151,0.0151,0.0151,0.0151,0.0151,0.0151,0.0151,0.0151,0.0151,0.0151,0.0151,0.0151,0.0151,0.0151,0.0151,0.0151,0.0151,0.0151,0.0151,0.0151,0.0151,0.0151,0.0151,0.0151,0.0151,0.0152,0.0152,0.0152,0.0152,0.0152,0.0152,0.0152,0.0152,0.0152,0.0152,0.0152,0.0152,0.0152,0.0152,0.0152,0.0152,0.0152,0.0152,0.0152,0.0152,0.0152,0.0152,0.0152,0.0152,0.0152,0.0152,0.0152,0.0152,0.0152,0.0152,0.0152,0.0152,0.0152,0.0152,0.0152,0.0152,0.0152
45124.0000000,0.0044,0.0044,0.0044,0.0044,0.0045,0.0045,0.0045,0.0053,0.0053,0.0053,0.0054,0.0054,0.0054,0.0059,0.0060,0.0060,0.0060,0.0061,0.0061,0.0061,0.0061,0.0061,0.0061,0.0061,0.0061,0.0062,0.0062,0.0062,0.0062,0.0062,0.0062,0.0062,0.0062,0.0062,0.0063,0.0063,0.0063,0.0063,0.0063,0.0067,0.0067,0.0067,0.0067,0.0067,0.0067,0.0067,0.0067,0.0071,0.0071,0.0071,0.0072,0.0072,0.0072,0.0072,0.0072,0.0072,0.0072,0.0072,0.0073,0.0073,0.0073,0.0073,0.0073,0.0073,0.0073,0.0073,0.0073,0.0075,0.0075,0.0075,0.0076,0.0076,0.0076,0.0076,0.0076,0.0076,0.0076,0.0077,0.0077,0.0077,0.0078,0.0078,0.0078,0.0079,0.0079,0.0079,0.0079,0.0079,0.0079,0.0079,0.0079,0.0080,0.0080,0.0080,0.0080,0.0080,0.0080,0.0080,0.0080,0.0080,0.0080,0.0080,0.0115,0.0115,0.0115,0.0115,0.0116,0.0120,0.0120,0.0121,0.0121,0.0122,0.0123,0.0123,0.0123,0.0123,0.0124,0.0124,0.0124,0.0124,0.0124,0.0124,0.0125,0.0125,0.0125,0.0125,0.0125,0.0125,0.0125,0.0125,0.0125,0.0125,0.0125,0.0125,0.0126,0.0126,0.0126,0.0126,0.0127,0.0127,0.0127,0.0127,0.0127,0.0127,0.0127,0.0127,0.0127,0.0127,0.0127,0.0127,0.0127,0.0127,0.0127,0.0127,0.0127,0.0127,0.0128,0.0128,0.0134,0.0134,0.0134,0.0136,0.0139,0.0139,0.0139,0.0139,0.0139,0.0139,0.0139,0.0139,0.0139,0.0150,0.0150,0.0150,0.0151,0.0151,0.0151,0.0151,0.0151,0.0151,0.0151,0.0151,0.0151,0.0151,0.0151,0.0151,0.0151,0.0151,0.0151,0.0151,0.0151,0.0151,0.0151,0.0151,0.0151,0.0151,0.0151,0.0151,0.0151,0.0152,0.0152,0.0152,0.0152,0.0152,0.0152,0.0152,0.0152,0.0152,0.0152,0.0152,0.0152,0.0152,0.0152,0.0152,0.0152,0.0152,0.0152,0.0152,0.0152,0.0152,0.0152,0.0152,0.0152,0.0152,0.0152,0.0152,0.0152,0.0152,0.0152,0.0152,0.0152,0.0152,0.0152,0.0152,0.0152,0.0152
45124.0416667,0.0044,0.0044,0.0044,0.0044,0.0044,0.0044,0.0044,0.0052,0.0052,0.0052,0.0052,0.0052,0.0052,0.0057,0.0057,0.0058,0.0058,0.0058,0.0058,0.0059,0.0059,0.0059,0.0060,0.0060,0.0060,0.0060,0.0061,0.0061,0.0061,0.0062,0.0062,0.0062,0.0062,0.0062,0.0062,0.0063,0.0063,0.0063,0.0063,0.0067,0.0067,0.0067,0.0067,0.0067,0.0067,0.0067,0.0067,0.0071,0.0071,0.0071,0.0072,0.0072,0.0072,0.0072,0.0072,0.0072,0.0072,0.0072,0.0073,0.0073,0.0073,0.0073,0.0073,0.0073,0.0073,0.0073,0.0073,0.0075,0.0075,0.0075,0.0075,0.0076,0.0076,0.0076,0.0076,0.0076,0.0076,0.0077,0.0077,0.0077,0.0077,0.0078,0.0078,0.0079,0.0079,0.0079,0.0079,0.0079,0.0079,0.0079,0.0079,0.0080,0.0080,0.0080,0.0080,0.0080,0.0080,0.0080,0.0080,0.0080,0.0080,0.0080,0.0115,0.0115,0.0115,0.0115,0.0115,0.0119,0.0119,0.0120,0.0120,0.0120,0.0121,0.0121,0.0121,0.0122,0.0122,0.0122,0.0122,0.0122,0.0123,0.0123,0.0124,0.0124,0.0124,0.0124,0.0124,0.0125,0.0125,0.0125,0.0125,0.0125,0.0125,0.0125,0.0126,0.0126,0.0126,0.0126,0.0127,0.0127,0.0127,0.0127,0.0127,0.0127,0.0127,0.0127,0.0127,0.0127,0.0127,0.0127,0.0127,0.0127,0.0127,0.0127,0.0127,0.0127,0.0128,0.0128,0.0134,0.0134,0.0134,0.0136,0.0138,0.0139,0.0139,0.0139,0.0139,0.0139,0.0139,0.0139,0.0139,0.0149,0.0150,0.0150,0.0150,0.0150,0.0150,0.0150,0.0150,0.0150,0.0150,0.0150,0.0150,0.0151,0.0151,0.0151,0.0151,0.0151,0.0151,0.0151,0.0151,0.0151,0.0151,0.0151,0.0151,0.0151,0.0151,0.0151,0.0151,0.0151,0.0151,0.0151,0.0151,0.0151,0.0151,0.0151,0.0151,0.0151,0.0152,0.0152,0.0152,0.0152,0.0152,0.0152,0.0152,0.0152,0.0152,0.0152,0.0152,0.0152,0.0152,0.0152,0.0152,0.0152,0.0152,0.0152,0.0152,0.0152,0.0152,0.0152,0.0152,0.0152,0.0152,0.0152,0.0152,0.0152
45124.0833333,0.0044,0.0044,0.0044,0.0044,0.0044,0.0044,0.0044,0.0052,0.0052,0.0052,0.0052,0.0052,0.0052,0.0057,0.0057,0.0057,0.0057,0.0058,0.0058,0.0058,0.0058,0.0058,0.0058,0.0058,0.0058,0.0058,0.0058,0.0059,0.0059,0.0059,0.0060,0.0060,0.0060,0.0061,0.0061,0.0061,0.0062,0.0062,0.0062,0.0066,0.0066,0.0066,0.0067,0.0067,0.0067,0.0067,0.0067,0.0071,0.0071,0.0071,0.0071,0.0072,0.0072,0.0072,0.0072,0.0072,0.0072,0.0072,0.0073,0.0073,0.0073,0.0073,0.0073,0.0073,0.0073,0.0073,0.0073,0.0075,0.0075,0.0075,0.0075,0.0075,0.0075,0.0076,0.0076,0.0076,0.0076,0.0077,0.0077,0.0077,0.0077,0.0078,0.0078,0.0079,0.0079,0.0079,0.0079,0.0079,0.0079,0.0079,0.0079,0.0080,0.0080,0.0080,0.0080,0.0080,0.0080,0.0080,0.0080,0.0080,0.0080,0.0080,0.0115,0.0115,0.0115,0.0115,0.0115,0.0119,0.0119,0.0119,0.0120,0.0120,0.0121,0.0121,0.0121,0.0121,0.0121,0.0121,0.0121,0.0121,0.0122,0.0122,0.0122,0.0122,0.0123,0.0123,0.0123,0.0123,0.0123,0.0124,0.0124,0.0124,0.0124,0.0124,0.0125,0.0125,0.0125,0.0126,0.0126,0.0126,0.0126,0.0126,0.0127,0.0127,0.0127,0.0127,0.0127,0.0127,0.0127,0.0127,0.0127,0.0127,0.0127,0.0127,0.0127,0.0127,0.0128,0.0128,0.0134,0.0134,0.0134,0.0136,0.0138,0.0139,0.0139,0.0139,0.0139,0.0139,0.0139,0.0139,0.0139,0.0149,0.0150,0.0150,0.0150,0.0150,0.0150,0.0150,0.0150,0.0150,0.0150,0.0150,0.0150,0.0150,0.0150,0.0150,0.0150,0.0150,0.0150,0.0150,0.0150,0.0150,0.0150,0.0150,0.0150,0.0150,0.0151,0.0151,0.0151,0.0151,0.0151,0.0151,0.0151,0.0151,0.0151,0.0151,0.0151,0.0151,0.0151,0.0151,0.0151,0.0151,0.0151,0.0151,0.0151,0.0151,0.0151,0.0151,0.0151,0.0151,0.0151,0.0151,0.0151,0.0152,0.0152,0.0152,0.0152,0.0152,0.0152,0.0152,0.0152,0.0152,0.0152,0.0152,0.0152,0.0152
45124.1250000,0.0044,0.0044,0.0044,0.0044,0.0044,0.0044,0.0044,0.0052,0.0052,0.0052,0.0052,0.0052,0.0052,0.0057,0.0057,0.0057,0.0057,0.0058,0.0058,0.0058,0.0058,0.0058,0.0058,0.0058,0.0058,0.0058,0.0058,0.0058,0.0059,0.0059,0.0059,0.0059,0.0059,0.0059,0.0059,0.0060,0.0060,0.0060,0.0060,0.0064,0.0064,0.0065,0.0065,0.0065,0.0065,0.0066,0.0066,0.0070,0.0070,0.0070,0.0071,0.0071,0.0071,0.0072,0.0072,0.0072,0.0072,0.0072,0.0072,0.0073,0.0073,0.0073,0.0073,0.0073,0.0073,0.0073,0.0073,0.0075,0.0075,0.0075,0.0075,0.0075,0.0075,0.0075,0.0075,0.0076,0.0076,0.0077,0.0077,0.0077,0.0077,0.0077,0.0077,0.0078,0.0078,0.0079,0.0079,0.0079,0.0079,0.0079,0.0079,0.0080,0.0080,0.0080,0.0080,0.0080,0.0080,0.0080,0.0080,0.0080,0.0080,0.0080,0.0115,0.0115,0.0115,0.0115,0.0115,0.0119,0.0119,0.0119,0.0120,0.0120,0.0121,0.0121,0.0121,0.0121,0.0121,0.0121,0.0121,0.0121,0.0121,0.0121,0.0122,0.0122,0.0122,0.0122,0.0122,0.0123,0.0123,0.0123,0.0123,0.0123,0.0123,0.0123,0.0124,0.0124,0.0124,0.0124,0.0125,0.0125,0.0125,0.0125,0.0125,0.0125,0.0126,0.0126,0.0126,0.0126,0.0126,0.0126,0.0127,0.0127,0.0127,0.0127,0.0127,0.0127,0.0127,0.0127,0.0133,0.0134,0.0134,0.0136,0.0138,0.0138,0.0139,0.0139,0.0139,0.0139,0.0139,0.0139,0.0139,0.0149,0.0150,0.0150,0.0150,0.0150,0.0150,0.0150,0.0150,0.0150,0.0150,0.0150,0.0150,0.0150,0.0150,0.0150,0.0150,0.0150,0.0150,0.0150,0.0150,0.0150,0.0150,0.0150,0.0150,0.0150,0.0150,0.0150,0.0150,0.0150,0.0150,0.0150,0.0150,0.0150,0.0150,0.0151,0.0151,0.0151,0.0151,0.0151,0.0151,0.0151,0.0151,0.0151,0.0151,0.0151,0.0151,0.0151,0.0151,0.0151,0.0151,0.0151,0.0151,0.0151,0.0151,0.0151,0.0151,0.0151,0.0151,0.0151,0.0151,0.0151,0.0151,0.0151,0.0151,0.0151
45124.1666667,0.0044,0.0044,0.0044,0.0044,0.0044,0.0044,0.0044,0.0052,0.0052,0.0052,0.0052,0.0052,0.0052,0.0057,0.0057,0.0057,0.0057,0.0058,0.0058,0.0058,0.0058,0.0058,0.0058,0.0058,0.0058,0.0058,0.0058,0.0058,0.0059,0.0059,0.0059,0.0059,0.0059,0.0059,0.0059,0.0059,0.0059,0.0059,0.0059,0.0063,0.0063,0.0064,0.0064,0.0064,0.0064,0.0064,0.0064,0.0068,0.0068,0.0068,0.0069,0.0069,0.0070,0.0070,0.0070,0.0070,0.0071,0.0071,0.0071,0.0071,0.0072,0.0072,0.0072,0.0072,0.0072,0.0072,0.0073,0.0075,0.0075,0.0075,0.0075,0.0075,0.0075,0.0075,0.0075,0.0075,0.0075,0.0077,0.0077,0.0077,0.0077,0.0077,0.0077,0.0078,0.0078,0.0078,0.0079,0.0079,0.0079,0.0079,0.0079,0.0080,0.0080,0.0080,0.0080,0.0080,0.0080,0.0080,0.0080,0.0080,0.0080,0.0080,0.0114,0.0114,0.0114,0.0115,0.0115,0.0119,0.0119,0.0119,0.0120,0.0120,0.0121,0.0121,0.0121,0.0121,0.0121,0.0121,0.0121,0.0121,0.0121,0.0121,0.0122,0.0122,0.0122,0.0122,0.0122,0.0123,0.0123,0.0123,0.0123,0.0123,0.0123,0.0123,0.0124,0.0124,0.0124,0.0124,0.0124,0.0124,0.0124,0.0124,0.0124,0.0124,0.0125,0.0125,0.0125,0.0125,0.0125,0.0125,0.0125,0.0125,0.0126,0.0126,0.0126,0.0126,0.0126,0.0126,0.0132,0.0133,0.0133,0.0135,0.0138,0.0138,0.0138,0.0138,0.0138,0.0138,0.0138,0.0139,0.0139,0.0149,0.0149,0.0149,0.0150,0.0150,0.0150,0.0150,0.0150,0.0150,0.0150,0.0150,0.0150,0.0150,0.0150,0.0150,0.0150,0.0150,0.0150,0.0150,0.0150,0.0150,0.0150,0.0150,0.0150,0.0150,0.0150,0.0150,0.0150,0.0150,0.0150,0.0150,0.0150,0.0150,0.0150,0.0150,0.0151,0.0151,0.0151,0.0151,0.0151,0.0151,0.0151,0.0151,0.0151,0.0151,0.0151,0.0151,0.0151,0.0151,0.0151,0.0151,0.0151,0.0151,0.0151,0.0151,0.0151,0.0151,0.0151,0.0151,0.0151,0.0151,0.0151,0.0151,0.0151,0.0151
45124.2083333,0.0044,0.0044,0.0044,0.0044,0.0044,0.0044,0.0044,0.0052,0.0052,0.0052,0.0052,0.0052,0.0052,0.0057,0.0057,0.0057,0.0057,0.0058,0.0058,0.0058,0.0058,0.0058,0.0058,0.0058,0.0058,0.0058,0.0058,0.0058,0.0059,0.0059,0.0059,0.0059,0.0059,0.0059,0.0059,0.0059,0.0059,0.0059,0.0059,0.0063,0.0063,0.0063,0.0063,0.0064,0.0064,0.0064,0.0064,0.0068,0.0068,0.0068,0.0068,0.0068,0.0069,0.0069,0.0069,0.0069,0.0069,0.0069,0.0070,0.0070,0.0070,0.0070,0.0070,0.0070,0.0070,0.0071,0.0071,0.0073,0.0074,0.0074,0.0074,0.0075,0.0075,0.0075,0.0075,0.0075,0.0075,0.0076,0.0077,0.0077,0.0077,0.0077,0.0077,0.0078,0.0078,0.0078,0.0078,0.0078,0.0078,0.0079,0.0079,0.0079,0.0079,0.0079,0.0079,0.0080,0.0080,0.0080,0.0080,0.0080,0.0080,0.0080,0.0114,0.0114,0.0114,0.0114,0.0114,0.0119,0.0119,0.0119,0.0119,0.0119,0.0121,0.0121,0.0121,0.0121,0.0121,0.0121,0.0121,0.0121,0.0121,0.0121,0.0122,0.0122,0.0122,0.0122,0.0122,0.0123,0.0123,0.0123,0.0123,0.0123,0.0123,0.0123,0.0124,0.0124,0.0124,0.0124,0.0124,0.0124,0.0124,0.0124,0.0124,0.0124,0.0124,0.0124,0.0125,0.0125,0.0125,0.0125,0.0125,0.0125,0.0125,0.0125,0.0125,0.0125,0.0125,0.0125,0.0131,0.0132,0.0132,0.0134,0.0136,0.0136,0.0137,0.0137,0.0137,0.0137,0.0137,0.0137,0.0138,0.0148,0.0148,0.0149,0.0149,0.0149,0.0149,0.0149,0.0149,0.0149,0.0149,0.0149,0.0149,0.0150,0.0150,0.0150,0.0150,0.0150,0.0150,0.0150,0.0150,0.0150,0.0150,0.0150,0.0150,0.0150,0.0150,0.0150,0.0150,0.0150,0.0150,0.0150,0.0150,0.0150,0.0150,0.0150,0.0150,0.0150,0.0150,0.0151,0.0151,0.0151,0.0151,0.0151,0.0151,0.0151,0.0151,0.0151,0.0151,0.0151,0.0151,0.0151,0.0151,0.0151,0.0151,0.0151,0.0151,0.0151,0.0151,0.0151,0.0151,0.0151,0.0151,0.0151,0.0151,0.0151
45124.2500000,0.0044,0.0044,0.0044,0.0044,0.0044,0.0044,0.0044,0.0052,0.0052,0.0052,0.0052,0.0052,0.0052,0.0057,0.0057,0.0057,0.0057,0.0058,0.0058,0.0058,0.0058,0.0058,0.0058,0.0058,0.0058,0.0058,0.0058,0.0058,0.0059,0.0059,0.0059,0.0059,0.0059,0.0059,0.0059,0.0059,0.0059,0.0059,0.0059,0.0063,0.0063,0.0063,0.0063,0.0064,0.0064,0.0064,0.0064,0.0068,0.0068,0.0068,0.0068,0.0068,0.0068,0.0069,0.0069,0.0069,0.0069,0.0069,0.0069,0.0069,0.0069,0.0069,0.0069,0.0069,0.0070,0.0070,0.0070,0.0072,0.0073,0.0073,0.0073,0.0073,0.0074,0.0074,0.0074,0.0074,0.0074,0.0076,0.0076,0.0076,0.0076,0.0076,0.0076,0.0078,0.0078,0.0078,0.0078,0.0078,0.0078,0.0078,0.0078,0.0079,0.0079,0.0079,0.0079,0.0079,0.0079,0.0079,0.0079,0.0079,0.0079,0.0079,0.0114,0.0114,0.0114,0.0114,0.0114,0.0119,0.0119,0.0119,0.0119,0.0119,0.0120,0.0120,0.0121,0.0121,0.0121,0.0121,0.0121,0.0121,0.0121,0.0121,0.0122,0.0122,0.0122,0.0122,0.0122,0.0122,0.0123,0.0123,0.0123,0.0123,0.0123,0.0123,0.0123,0.0123,0.0124,0.0124,0.0124,0.0124,0.0124,0.0124,0.0124,0.0124,0.0124,0.0124,0.0124,0.0125,0.0125,0.0125,0.0125,0.0125,0.0125,0.0125,0.0125,0.0125,0.0125,0.0125,0.0131,0.0131,0.0131,0.0133,0.0136,0.0136,0.0136,0.0136,0.0136,0.0137,0.0137,0.0137,0.0137,0.0147,0.0147,0.0148,0.0148,0.0148,0.0148,0.0148,0.0148,0.0148,0.0148,0.0148,0.0148,0.0149,0.0149,0.0149,0.0149,0.0149,0.0149,0.0149,0.0149,0.0149,0.0149,0.0149,0.0149,0.0149,0.0149,0.0149,0.0150,0.0150,0.0150,0.0150,0.0150,0.0150,0.0150,0.0150,0.0150,0.0150,0.0150,0.0150,0.0150,0.0150,0.0150,0.0150,0.0150,0.0150,0.0150,0.0150,0.0150,0.0150,0.0151,0.0151,0.0151,0.0151,0.0151,0.0151,0.0151,0.0151,0.0151,0.0151,0.0151,0.0151,0.0151,0.0151,0.0151,0.0151
45124.2916667,0.0044,0.0044,0.0044,0.0044,0.0044,0.0044,0.0044,0.0052,0.0052,0.0052,0.0052,0.0052,0.0052,0.0057,0.0057,0.0057,0.0057,0.0058,0.0058,0.0058,0.0058,0.0058,0.0058,0.0058,0.0058,0.0058,0.0058,0.0058,0.0059,0.0059,0.0059,0.0059,0.0059,0.0059,0.0059,0.0059,0.0059,0.0059,0.0059,0.0063,0.0063,0.0063,0.0063,0.0064,0.0064,0.0064,0.0064,0.0068,0.0068,0.0068,0.0068,0.0068,0.0068,0.0069,0.0069,0.0069,0.0069,0.0069,0.0069,0.0069,0.0069,0.0069,0.0069,0.0069,0.0069,0.0069,0.0070,0.0071,0.0072,0.0072,0.0072,0.0072,0.0072,0.0073,0.0073,0.0073,0.0073,0.0074,0.0075,0.0075,0.0075,0.0075,0.0075,0.0076,0.0076,0.0077,0.0077,0.0077,0.0077,0.0077,0.0077,0.0078,0.0078,0.0078,0.0078,0.0078,0.0079,0.0079,0.0079,0.0079,0.0079,0.0079,0.0113,0.0114,0.0114,0.0114,0.0114,0.0118,0.0118,0.0119,0.0119,0.0119,0.0120,0.0120,0.0120,0.0121,0.0121,0.0121,0.0121,0.0121,0.0121,0.0121,0.0122,0.0122,0.0122,0.0122,0.0122,0.0122,0.0122,0.0122,0.0123,0.0123,0.0123,0.0123,0.0123,0.0123,0.0123,0.0123,0.0124,0.0124,0.0124,0.0124,0.0124,0.0124,0.0124,0.0124,0.0124,0.0125,0.0125,0.0125,0.0125,0.0125,0.0125,0.0125,0.0125,0.0125,0.0125,0.0125,0.0131,0.0131,0.0131,0.0133,0.0136,0.0136,0.0136,0.0136,0.0136,0.0137,0.0137,0.0137,0.0137,0.0147,0.0147,0.0147,0.0147,0.0147,0.0147,0.0147,0.0148,0.0148,0.0148,0.0148,0.0148,0.0148,0.0148,0.0148,0.0148,0.0148,0.0148,0.0148,0.0148,0.0148,0.0148,0.0148,0.0148,0.0148,0.0148,0.0148,0.0148,0.0149,0.0149,0.0149,0.0149,0.0149,0.0149,0.0149,0.0149,0.0149,0.0149,0.0149,0.0149,0.0149,0.0149,0.0149,0.0149,0.0149,0.0149,0.0150,0.0150,0.0150,0.0150,0.0150,0.0150,0.0150,0.0150,0.0150,0.0150,0.0150,0.0150,0.0150,0.0150,0.0150,0.0150,0.0150,0.0150,0.0150
45124.3333333,0.0044,0.0044,0.0044,0.0044,0.0044,0.0044,0.0044,0.0052,0.0052,0.0052,0.0052,0.0052,0.0052,0.0057,0.0057,0.0057,0.0057,0.0058,0.0058,0.0058,0.0058,0.0058,0.0058,0.0058,0.0058,0.0058,0.0058,0.0058,0.0059,0.0059,0.0059,0.0059,0.0059,0.0059,0.0059,0.0059,0.0059,0.0059,0.0059,0.0063,0.0063,0.0063,0.0063,0.0064,0.0064,0.0064,0.0064,0.0068,0.0068,0.0068,0.0068,0.0068,0.0068,0.0069,0.0069,0.0069,0.0069,0.0069,0.0069,0.0069,0.0069,0.0069,0.0069,0.0069,0.0069,0.0069,0.0070,0.0071,0.0071,0.0072,0.0072,0.0072,0.0072,0.0072,0.0072,0.0072,0.0072,0.0074,0.0074,0.0074,0.0074,0.0074,0.0074,0.0075,0.0075,0.0076,0.0076,0.0076,0.0076,0.0076,0.0076,0.0077,0.0077,0.0077,0.0077,0.0077,0.0077,0.0077,0.0077,0.0077,0.0078,0.0078,0.0112,0.0112,0.0113,0.0113,0.0113,0.0117,0.0117,0.0118,0.0118,0.0118,0.0120,0.0120,0.0120,0.0120,0.0120,0.0120,0.0120,0.0120,0.0121,0.0121,0.0121,0.0122,0.0122,0.0122,0.0122,0.0122,0.0122,0.0122,0.0122,0.0122,0.0122,0.0122,0.0123,0.0123,0.0123,0.0123,0.0124,0.0124,0.0124,0.0124,0.0124,0.0124,0.0124,0.0124,0.0124,0.0124,0.0124,0.0125,0.0125,0.0125,0.0125,0.0125,0.0125,0.0125,0.0125,0.0125,0.0131,0.0131,0.0131,0.0133,0.0136,0.0136,0.0136,0.0136,0.0136,0.0136,0.0136,0.0137,0.0137,0.0147,0.0147,0.0147,0.0147,0.0147,0.0147,0.0147,0.0147,0.0147,0.0147,0.0147,0.0148,0.0148,0.0148,0.0148,0.0148,0.0148,0.0148,0.0148,0.0148,0.0148,0.0148,0.0148,0.0148,0.0148,0.0148,0.0148,0.0148,0.0148,0.0148,0.0148,0.0148,0.0148,0.0148,0.0148,0.0148,0.0148,0.0148,0.0148,0.0148,0.0148,0.0148,0.0148,0.0148,0.0149,0.0149,0.0149,0.0149,0.0149,0.0149,0.0149,0.0149,0.0149,0.0149,0.0149,0.0149,0.0149,0.0149,0.0149,0.0149,0.0149,0.0149,0.0149,0.0149,0.0149
45124.3750000,0.0044,0.0044,0.0044,0.0044,0.0044,0.0044,0.0044,0.0052,0.0052,0.0052,0.0052,0.0052,0.0052,0.0057,0.0057,0.0057,0.0057,0.0058,0.0058,0.0058,0.0058,0.0058,0.0058,0.0058,0.0058,0.0058,0.0058,0.0058,0.0059,0.0059,0.0059,0.0059,0.0059,0.0059,0.0059,0.0059,0.0059,0.0059,0.0059,0.0063,0.0063,0.0063,0.0063,0.0064,0.0064,0.0064,0.0064,0.0068,0.0068,0.0068,0.0068,0.0068,0.0068,0.0069,0.0069,0.0069,0.0069,0.0069,0.0069,0.0069,0.0069,0.0069,0.0069,0.0069,0.0069,0.0069,0.0070,0.0071,0.0071,0.0072,0.0072,0.0072,0.0072,0.0072,0.0072,0.0072,0.0072,0.0073,0.0073,0.0074,0.0074,0.0074,0.0074,0.0075,0.0075,0.0075,0.0075,0.0075,0.0075,0.0075,0.0075,0.0076,0.0076,0.0076,0.0076,0.0076,0.0076,0.0076,0.0076,0.0077,0.0077,0.0077,0.0111,0.0111,0.0111,0.0112,0.0112,0.0116,0.0116,0.0117,0.0117,0.0117,0.0118,0.0118,0.0119,0.0119,0.0119,0.0119,0.0119,0.0119,0.0120,0.0120,0.0121,0.0121,0.0121,0.0121,0.0121,0.0122,0.0122,0.0122,0.0122,0.0122,0.0122,0.0122,0.0123,0.0123,0.0123,0.0123,0.0123,0.0124,0.0124,0.0124,0.0124,0.0124,0.0124,0.0124,0.0124,0.0124,0.0124,0.0124,0.0124,0.0124,0.0125,0.0125,0.0125,0.0125,0.0125,0.0125,0.0131,0.0131,0.0131,0.0133,0.0136,0.0136,0.0136,0.0136,0.0136,0.0136,0.0136,0.0136,0.0136,0.0147,0.0147,0.0147,0.0147,0.0147,0.0147,0.0147,0.0147,0.0147,0.0147,0.0147,0.0147,0.0148,0.0148,0.0148,0.0148,0.0148,0.0148,0.0148,0.0148,0.0148,0.0148,0.0148,0.0148,0.0148,0.0148,0.0148,0.0148,0.0148,0.0148,0.0148,0.0148,0.0148,0.0148,0.0148,0.0148,0.0148,0.0148,0.0148,0.0148,0.0148,0.0148,0.0148,0.0148,0.0148,0.0148,0.0148,0.0148,0.0148,0.0148,0.0148,0.0148,0.0148,0.0148,0.0148,0.0148,0.0148,0.0149,0.0149,0.0149,0.0149,0.0149,0.0149,0.0149,0.0149
45124.4166667,0.0044,0.0044,0.0044,0.0044,0.0044,0.0044,0.0044,0.0052,0.0052,0.0052,0.0052,0.0052,0.0052,0.0057,0.0057,0.0057,0.0057,0.0058,0.0058,0.0058,0.0058,0.0058,0.0058,0.0058,0.0058,0.0058,0.0058,0.0058,0.0059,0.0059,0.0059,0.0059,0.0059,0.0059,0.0059,0.0059,0.0059,0.0059,0.0059,0.0063,0.0063,0.0063,0.0063,0.0064,0.0064,0.0064,0.0064,0.0068,0.0068,0.0068,0.0068,0.0068,0.0068,0.0069,0.0069,0.0069,0.0069,0.0069,0.0069,0.0069,0.0069,0.0069,0.0069,0.0069,0.0069,0.0069,0.0070,0.0071,0.0071,0.0072,0.0072,0.0072,0.0072,0.0072,0.0072,0.0072,0.0072,0.0073,0.0073,0.0073,0.0074,0.0074,0.0074,0.0075,0.0075,0.0075,0.0075,0.0075,0.0075,0.0075,0.0075,0.0076,0.0076,0.0076,0.0076,0.0076,0.0076,0.0076,0.0076,0.0076,0.0076,0.0076,0.0111,0.0111,0.0111,0.0111,0.0111,0.0115,0.0116,0.0116,0.0116,0.0116,0.0117,0.0117,0.0118,0.0118,0.0118,0.0118,0.0118,0.0118,0.0118,0.0119,0.0119,0.0120,0.0120,0.0120,0.0120,0.0120,0.0121,0.0121,0.0121,0.0121,0.0121,0.0121,0.0122,0.0122,0.0122,0.0122,0.0123,0.0123,0.0123,0.0123,0.0123,0.0123,0.0124,0.0124,0.0124,0.0124,0.0124,0.0124,0.0124,0.0124,0.0124,0.0124,0.0124,0.0124,0.0125,0.0125,0.0131,0.0131,0.0131,0.0133,0.0136,0.0136,0.0136,0.0136,0.0136,0.0136,0.0136,0.0136,0.0136,0.0147,0.0147,0.0147,0.0147,0.0147,0.0147,0.0147,0.0147,0.0147,0.0147,0.0147,0.0147,0.0148,0.0148,0.0148,0.0148,0.0148,0.0148,0.0148,0.0148,0.0148,0.0148,0.0148,0.0148,0.0148,0.0148,0.0148,0.0148,0.0148,0.0148,0.0148,0.0148,0.0148,0.0148,0.0148,0.0148,0.0148,0.0148,0.0148,0.0148,0.0148,0.0148,0.0148,0.0148,0.0148,0.0148,0.0148,0.0148,0.0148,0.0148,0.0148,0.0148,0.0148,0.0148,0.0148,0.0148,0.0148,0.0148,0.0148,0.0148,0.0148,0.0148,0.0148,0.0148,0.0148
45124.4583333,0.0044,0.0044,0.0044,0.0044,0.0044,0.0044,0.0044,0.0052,0.0052,0.0052,0.0052,0.0052,0.0052,0.0057,0.0057,0.0057,0.0057,0.0058,0.0058,0.0058,0.0058,0.0058,0.0058,0.0058,0.0058,0.0058,0.0058,0.0058,0.0059,0.0059,0.0059,0.0059,0.0059,0.0059,0.0059,0.0059,0.0059,0.0059,0.0059,0.0063,0.0063,0.0063,0.0063,0.0064,0.0064,0.0064,0.0064,0.0068,0.0068,0.0068,0.0068,0.0068,0.0068,0.0069,0.0069,0.0069,0.0069,0.0069,0.0069,0.0069,0.0069,0.0069,0.0069,0.0069,0.0069,0.0069,0.0070,0.0071,0.0071,0.0072,0.0072,0.0072,0.0072,0.0072,0.0072,0.0072,0.0072,0.0073,0.0073,0.0073,0.0074,0.0074,0.0074,0.0075,0.0075,0.0075,0.0075,0.0075,0.0075,0.0075,0.0075,0.0076,0.0076,0.0076,0.0076,0.0076,0.0076,0.0076,0.0076,0.0076,0.0076,0.0076,0.0111,0.0111,0.0111,0.0111,0.0111,0.0115,0.0115,0.0116,0.0116,0.0116,0.0117,0.0117,0.0117,0.0117,0.0117,0.0118,0.0118,0.0118,0.0118,0.0118,0.0119,0.0119,0.0119,0.0119,0.0119,0.0119,0.0120,0.0120,0.0120,0.0120,0.0120,0.0120,0.0121,0.0121,0.0121,0.0121,0.0122,0.0122,0.0122,0.0122,0.0122,0.0122,0.0123,0.0123,0.0123,0.0123,0.0123,0.0123,0.0123,0.0124,0.0124,0.0124,0.0124,0.0124,0.0124,0.0124,0.0130,0.0130,0.0130,0.0132,0.0135,0.0135,0.0136,0.0136,0.0136,0.0136,0.0136,0.0136,0.0136,0.0146,0.0147,0.0147,0.0147,0.0147,0.0147,0.0147,0.0147,0.0147,0.0147,0.0147,0.0147,0.0147,0.0147,0.0147,0.0147,0.0147,0.0147,0.0147,0.0148,0.0148,0.0148,0.0148,0.0148,0.0148,0.0148,0.0148,0.0148,0.0148,0.0148,0.0148,0.0148,0.0148,0.0148,0.0148,0.0148,0.0148,0.0148,0.0148,0.0148,0.0148,0.0148,0.0148,0.0148,0.0148,0.0148,0.0148,0.0148,0.0148,0.0148,0.0148,0.0148,0.0148,0.0148,0.0148,0.0148,0.0148,0.0148,0.0148,0.0148,0.0148,0.0148,0.0148,0.0148,0.0148
45124.5000000,0.0044,0.0044,0.0044,0.0044,0.0044,0.0044,0.0044,0.0052,0.0052,0.0052,0.0052,0.0052,0.0052,0.0057,0.0057,0.0057,0.0057,0.0058,0.0058,0.0058,0.0058,0.0058,0.0058,0.0058,0.0058,0.0058,0.0058,0.0058,0.0059,0.0059,0.0059,0.0059,0.0059,0.0059,0.0059,0.0059,0.0059,0.0059,0.0059,0.0063,0.0063,0.0063,0.0063,0.0064,0.0064,0.0064,0.0064,0.0068,0.0068,0.0068,0.0068,0.0068,0.0068,0.0069,0.0069,0.0069,0.0069,0.0069,0.0069,0.0069,0.0069,0.0069,0.0069,0.0069,0.0069,0.0069,0.0070,0.0071,0.0071,0.0072,0.0072,0.0072,0.0072,0.0072,0.0072,0.0072,0.0072,0.0073,0.0073,0.0073,0.0074,0.0074,0.0074,0.0075,0.0075,0.0075,0.0075,0.0075,0.0075,0.0075,0.0075,0.0076,0.0076,0.0076,0.0076,0.0076,0.0076,0.0076,0.0076,0.0076,0.0076,0.0076,0.0111,0.0111,0.0111,0.0111,0.0111,0.0115,0.0115,0.0115,0.0116,0.0116,0.0117,0.0117,0.0117,0.0117,0.0117,0.0117,0.0117,0.0118,0.0118,0.0118,0.0118,0.0118,0.0118,0.0119,0.0119,0.0119,0.0119,0.0119,0.0119,0.0119,0.0119,0.0119,0.0120,0.0120,0.0120,0.0120,0.0121,0.0121,0.0121,0.0121,0.0121,0.0121,0.0122,0.0122,0.0122,0.0122,0.0122,0.0122,0.0122,0.0123,0.0123,0.0123,0.0123,0.0123,0.0123,0.0123,0.0129,0.0130,0.0130,0.0132,0.0134,0.0135,0.0135,0.0135,0.0135,0.0135,0.0135,0.0136,0.0136,0.0146,0.0146,0.0146,0.0147,0.0147,0.0147,0.0147,0.0147,0.0147,0.0147,0.0147,0.0147,0.0147,0.0147,0.0147,0.0147,0.0147,0.0147,0.0147,0.0147,0.0147,0.0147,0.0147,0.0147,0.0147,0.0147,0.0147,0.0147,0.0148,0.0148,0.0148,0.0148,0.0148,0.0148,0.0148,0.0148,0.0148,0.0148,0.0148,0.0148,0.0148,0.0148,0.0148,0.0148,0.0148,0.0148,0.0148,0.0148,0.0148,0.0148,0.0148,0.0148,0.0148,0.0148,0.0148,0.0148,0.0148,0.0148,0.0148,0.0148,0.0148,0.0148,0.0148,0.0148,0.0148
45124.5416667,0.0044,0.0044,0.0044,0.0044,0.0044,0.0044,0.0044,0.0052,0.0052,0.0052,0.0052,0.0052,0.0052,0.0057,0.0057,0.0057,0.0057,0.0058,0.0058,0.0058,0.0058,0.0058,0.0058,0.0058,0.0058,0.0058,0.0058,0.0058,0.0059,0.0059,0.0059,0.0059,0.0059,0.0059,0.0059,0.0059,0.0059,0.0059,0.0059,0.0063,0.0063,0.0063,0.0063,0.0064,0.0064,0.0064,0.0064,0.0068,0.0068,0.0068,0.0068,0.0068,0.0068,0.0069,0.0069,0.0069,0.0069,0.0069,0.0069,0.0069,0.0069,0.0069,0.0069,0.0069,0.0069,0.0069,0.0070,0.0071,0.0071,0.0072,0.0072,0.0072,0.0072,0.0072,0.0072,0.0072,0.0072,0.0073,0.0073,0.0073,0.0074,0.0074,0.0074,0.0075,0.0075,0.0075,0.0075,0.0075,0.0075,0.0075,0.0075,0.0076,0.0076,0.0076,0.0076,0.0076,0.0076,0.0076,0.0076,0.0076,0.0076,0.0076,0.0111,0.0111,0.0111,0.0111,0.0111,0.0115,0.0115,0.0115,0.0116,0.0116,0.0117,0.0117,0.0117,0.0117,0.0117,0.0117,0.0117,0.0117,0.0117,0.0118,0.0118,0.0118,0.0118,0.0118,0.0118,0.0119,0.0119,0.0119,0.0119,0.0119,0.0119,0.0119,0.0120,0.0120,0.0120,0.0120,0.0120,0.0120,0.0120,0.0121,0.0121,0.0121,0.0121,0.0121,0.0121,0.0121,0.0121,0.0121,0.0122,0.0122,0.0122,0.0122,0.0122,0.0122,0.0122,0.0122,0.0128,0.0128,0.0129,0.0131,0.0133,0.0133,0.0134,0.0134,0.0134,0.0134,0.0134,0.0135,0.0135,0.0145,0.0145,0.0146,0.0146,0.0146,0.0146,0.0146,0.0146,0.0146,0.0146,0.0146,0.0146,0.0147,0.0147,0.0147,0.0147,0.0147,0.0147,0.0147,0.0147,0.0147,0.0147,0.0147,0.0147,0.0147,0.0147,0.0147,0.0147,0.0147,0.0147,0.0147,0.0147,0.0147,0.0147,0.0147,0.0147,0.0147,0.0147,0.0147,0.0148,0.0148,0.0148,0.0148,0.0148,0.0148,0.0148,0.0148,0.0148,0.0148,0.0148,0.0148,0.0148,0.0148,0.0148,0.0148,0.0148,0.0148,0.0148,0.0148,0.0148,0.0148,0.0148,0.0148,0.0148,0.0148
45124.5833333,0.0044,0.0044,0.0044,0.0044,0.0044,0.0044,0.0044,0.0052,0.0052,0.0052,0.0052,0.0052,0.0052,0.0057,0.0057,0.0057,0.0057,0.0058,0.0058,0.0058,0.0058,0.0058,0.0058,0.0058,0.0058,0.0058,0.0058,0.0058,0.0059,0.0059,0.0059,0.0059,0.0059,0.0059,0.0059,0.0059,0.0059,0.0059,0.0059,0.0063,0.0063,0.0063,0.0063,0.0064,0.0064,0.0064,0.0064,0.0068,0.0068,0.0068,0.0068,0.0068,0.0068,0.0069,0.0069,0.0069,0.0069,0.0069,0.0069,0.0069,0.0069,0.0069,0.0069,0.0069,0.0069,0.0069,0.0070,0.0071,0.0071,0.0072,0.0072,0.0072,0.0072,0.0072,0.0072,0.0072,0.0072,0.0073,0.0073,0.0073,0.0074,0.0074,0.0074,0.0075,0.0075,0.0075,0.0075,0.0075,0.0075,0.0075,0.0075,0.0076,0.0076,0.0076,0.0076,0.0076,0.0076,0.0076,0.0076,0.0076,0.0076,0.0076,0.0111,0.0111,0.0111,0.0111,0.0111,0.0115,0.0115,0.0115,0.0116,0.0116,0.0117,0.0117,0.0117,0.0117,0.0117,0.0117,0.0117,0.0117,0.0117,0.0117,0.0118,0.0118,0.0118,0.0118,0.0118,0.0119,0.0119,0.0119,0.0119,0.0119,0.0119,0.0119,0.0120,0.0120,0.0120,0.0120,0.0120,0.0120,0.0120,0.0120,0.0120,0.0120,0.0121,0.0121,0.0121,0.0121,0.0121,0.0121,0.0121,0.0121,0.0121,0.0121,0.0121,0.0121,0.0122,0.0122,0.0128,0.0128,0.0128,0.0130,0.0133,0.0133,0.0133,0.0133,0.0133,0.0133,0.0133,0.0134,0.0134,0.0144,0.0144,0.0144,0.0145,0.0145,0.0145,0.0145,0.0145,0.0145,0.0145,0.0145,0.0145,0.0146,0.0146,0.0146,0.0146,0.0146,0.0146,0.0146,0.0146,0.0146,0.0146,0.0146,0.0146,0.0146,0.0146,0.0146,0.0146,0.0147,0.0147,0.0147,0.0147,0.0147,0.0147,0.0147,0.0147,0.0147,0.0147,0.0147,0.0147,0.0147,0.0147,0.0147,0.0147,0.0147,0.0147,0.0147,0.0147,0.0147,0.0147,0.0147,0.0147,0.0148,0.0148,0.0148,0.0148,0.0148,0.0148,0.0148,0.0148,0.0148,0.0148,0.0148,0.0148,0.0148
45124.6250000,0.0044,0.0044,0.0044,0.0044,0.0044,0.0044,0.0044,0.0052,0.0052,0.0052,0.0052,0.0052,0.0052,0.0057,0.0057,0.0057,0.0057,0.0058,0.0058,0.0058,0.0058,0.0058,0.0058,0.0058,0.0058,0.0058,0.0058,0.0058,0.0059,0.0059,0.0059,0.0059,0.0059,0.0059,0.0059,0.0059,0.0059,0.0059,0.0059,0.0063,0.0063,0.0063,0.0063,0.0064,0.0064,0.0064,0.0064,0.0068,0.0068,0.0068,0.0068,0.0068,0.0068,0.0069,0.0069,0.0069,0.0069,0.0069,0.0069,0.0069,0.0069,0.0069,0.0069,0.0069,0.0069,0.0069,0.0070,0.0071,0.0071,0.0072,0.0072,0.0072,0.0072,0.0072,0.0072,0.0072,0.0072,0.0073,0.0073,0.0073,0.0074,0.0074,0.0074,0.0075,0.0075,0.0075,0.0075,0.0075,0.0075,0.0075,0.0075,0.0076,0.0076,0.0076,0.0076,0.0076,0.0076,0.0076,0.0076,0.0076,0.0076,0.0076,0.0111,0.0111,0.0111,0.0111,0.0111,0.0115,0.0115,0.0115,0.0116,0.0116,0.0117,0.0117,0.0117,0.0117,0.0117,0.0117,0.0117,0.0117,0.0117,0.0117,0.0118,0.0118,0.0118,0.0118,0.0118,0.0119,0.0119,0.0119,0.0119,0.0119,0.0119,0.0119,0.0120,0.0120,0.0120,0.0120,0.0120,0.0120,0.0120,0.0120,0.0120,0.0120,0.0121,0.0121,0.0121,0.0121,0.0121,0.0121,0.0121,0.0121,0.0121,0.0121,0.0121,0.0121,0.0121,0.0121,0.0127,0.0127,0.0127,0.0129,0.0132,0.0132,0.0133,0.0133,0.0133,0.0133,0.0133,0.0133,0.0133,0.0143,0.0144,0.0144,0.0144,0.0144,0.0144,0.0144,0.0144,0.0144,0.0144,0.0144,0.0144,0.0145,0.0145,0.0145,0.0145,0.0145,0.0145,0.0145,0.0145,0.0145,0.0145,0.0145,0.0145,0.0145,0.0145,0.0145,0.0145,0.0146,0.0146,0.0146,0.0146,0.0146,0.0146,0.0146,0.0146,0.0146,0.0146,0.0146,0.0146,0.0146,0.0146,0.0146,0.0146,0.0146,0.0146,0.0147,0.0147,0.0147,0.0147,0.0147,0.0147,0.0147,0.0147,0.0147,0.0147,0.0147,0.0147,0.0147,0.0147,0.0147,0.0147,0.0147,0.0147,0.0147
45124.6666667,0.0044,0.0044,0.0044,0.0044,0.0044,0.0044,0.0044,0.0052,0.0052,0.0052,0.0052,0.0052,0.0052,0.0057,0.0057,0.0057,0.0057,0.0058,0.0058,0.0058,0.0058,0.0058,0.0058,0.0058,0.0058,0.0058,0.0058,0.0058,0.0059,0.0059,0.0059,0.0059,0.0059,0.0059,0.0059,0.0059,0.0059,0.0059,0.0059,0.0063,0.0063,0.0063,0.0063,0.0064,0.0064,0.0064,0.0064,0.0068,0.0068,0.0068,0.0068,0.0068,0.0068,0.0069,0.0069,0.0069,0.0069,0.0069,0.0069,0.0069,0.0069,0.0069,0.0069,0.0069,0.0069,0.0069,0.0070,0.0071,0.0071,0.0072,0.0072,0.0072,0.0072,0.0072,0.0072,0.0072,0.0072,0.0073,0.0073,0.0073,0.0074,0.0074,0.0074,0.0075,0.0075,0.0075,0.0075,0.0075,0.0075,0.0075,0.0075,0.0076,0.0076,0.0076,0.0076,0.0076,0.0076,0.0076,0.0076,0.0076,0.0076,0.0076,0.0111,0.0111,0.0111,0.0111,0.0111,0.0115,0.0115,0.0115,0.0116,0.0116,0.0117,0.0117,0.0117,0.0117,0.0117,0.0117,0.0117,0.0117,0.0117,0.0117,0.0118,0.0118,0.0118,0.0118,0.0118,0.0119,0.0119,0.0119,0.0119,0.0119,0.0119,0.0119,0.0120,0.0120,0.0120,0.0120,0.0120,0.0120,0.0120,0.0120,0.0120,0.0120,0.0121,0.0121,0.0121,0.0121,0.0121,0.0121,0.0121,0.0121,0.0121,0.0121,0.0121,0.0121,0.0121,0.0121,0.0127,0.0127,0.0127,0.0129,0.0132,0.0132,0.0132,0.0132,0.0132,0.0133,0.0133,0.0133,0.0133,0.0143,0.0143,0.0143,0.0144,0.0144,0.0144,0.0144,0.0144,0.0144,0.0144,0.0144,0.0144,0.0144,0.0144,0.0144,0.0144,0.0144,0.0144,0.0144,0.0144,0.0144,0.0144,0.0144,0.0144,0.0145,0.0145,0.0145,0.0145,0.0145,0.0145,0.0145,0.0145,0.0145,0.0145,0.0145,0.0145,0.0145,0.0145,0.0145,0.0145,0.0145,0.0145,0.0145,0.0145,0.0145,0.0145,0.0146,0.0146,0.0146,0.0146,0.0146,0.0146,0.0146,0.0146,0.0146,0.0146,0.0146,0.0146,0.0146,0.0146,0.0146,0.0146,0.0146,0.0146,0.0147
45124.7083333,0.0044,0.0044,0.0044,0.0044,0.0044,0.0044,0.0044,0.0052,0.0052,0.0052,0.0052,0.0052,0.0052,0.0057,0.0057,0.0057,0.0057,0.0058,0.0058,0.0058,0.0058,0.0058,0.0058,0.0058,0.0058,0.0058,0.0058,0.0058,0.0059,0.0059,0.0059,0.0059,0.0059,0.0059,0.0059,0.0059,0.0059,0.0059,0.0059,0.0063,0.0063,0.0063,0.0063,0.0064,0.0064,0.0064,0.0064,0.0068,0.0068,0.0068,0.0068,0.0068,0.0068,0.0069,0.0069,0.0069,0.0069,0.0069,0.0069,0.0069,0.0069,0.0069,0.0069,0.0069,0.0069,0.0069,0.0070,0.0071,0.0071,0.0072,0.0072,0.0072,0.0072,0.0072,0.0072,0.0072,0.0072,0.0073,0.0073,0.0073,0.0074,0.0074,0.0074,0.0075,0.0075,0.0075,0.0075,0.0075,0.0075,0.0075,0.0075,0.0076,0.0076,0.0076,0.0076,0.0076,0.0076,0.0076,0.0076,0.0076,0.0076,0.0076,0.0111,0.0111,0.0111,0.0111,0.0111,0.0115,0.0115,0.0115,0.0116,0.0116,0.0117,0.0117,0.0117,0.0117,0.0117,0.0117,0.0117,0.0117,0.0117,0.0117,0.0118,0.0118,0.0118,0.0118,0.0118,0.0119,0.0119,0.0119,0.0119,0.0119,0.0119,0.0119,0.0120,0.0120,0.0120,0.0120,0.0120,0.0120,0.0120,0.0120,0.0120,0.0120,0.0121,0.0121,0.0121,0.0121,0.0121,0.0121,0.0121,0.0121,0.0121,0.0121,0.0121,0.0121,0.0121,0.0121,0.0127,0.0127,0.0127,0.0129,0.0132,0.0132,0.0132,0.0132,0.0132,0.0133,0.0133,0.0133,0.0133,0.0143,0.0143,0.0143,0.0143,0.0143,0.0143,0.0143,0.0143,0.0143,0.0144,0.0144,0.0144,0.0144,0.0144,0.0144,0.0144,0.0144,0.0144,0.0144,0.0144,0.0144,0.0144,0.0144,0.0144,0.0144,0.0144,0.0144,0.0144,0.0144,0.0144,0.0144,0.0144,0.0144,0.0144,0.0144,0.0144,0.0144,0.0144,0.0145,0.0145,0.0145,0.0145,0.0145,0.0145,0.0145,0.0145,0.0145,0.0145,0.0145,0.0145,0.0145,0.0145,0.0145,0.0145,0.0145,0.0145,0.0145,0.0145,0.0145,0.0145,0.0145,0.0145,0.0145,0.0146,0.0146
45124.7500000,0.0044,0.0044,0.0044,0.0044,0.0044,0.0044,0.0044,0.0052,0.0052,0.0052,0.0052,0.0052,0.0052,0.0057,0.0057,0.0057,0.0057,0.0058,0.0058,0.0058,0.0058,0.0058,0.0058,0.0058,0.0058,0.0058,0.0058,0.0058,0.0059,0.0059,0.0059,0.0059,0.0059,0.0059,0.0059,0.0059,0.0059,0.0059,0.0059,0.0063,0.0063,0.0063,0.0063,0.0064,0.0064,0.0064,0.0064,0.0068,0.0068,0.0068,0.0068,0.0068,0.0068,0.0069,0.0069,0.0069,0.0069,0.0069,0.0069,0.0069,0.0069,0.0069,0.0069,0.0069,0.0069,0.0069,0.0070,0.0071,0.0071,0.0072,0.0072,0.0072,0.0072,0.0072,0.0072,0.0072,0.0072,0.0073,0.0073,0.0073,0.0074,0.0074,0.0074,0.0075,0.0075,0.0075,0.0075,0.0075,0.0075,0.0075,0.0075,0.0076,0.0076,0.0076,0.0076,0.0076,0.0076,0.0076,0.0076,0.0076,0.0076,0.0076,0.0111,0.0111,0.0111,0.0111,0.0111,0.0115,0.0115,0.0115,0.0116,0.0116,0.0117,0.0117,0.0117,0.0117,0.0117,0.0117,0.0117,0.0117,0.0117,0.0117,0.0118,0.0118,0.0118,0.0118,0.0118,0.0119,0.0119,0.0119,0.0119,0.0119,0.0119,0.0119,0.0120,0.0120,0.0120,0.0120,0.0120,0.0120,0.0120,0.0120,0.0120,0.0120,0.0121,0.0121,0.0121,0.0121,0.0121,0.0121,0.0121,0.0121,0.0121,0.0121,0.0121,0.0121,0.0121,0.0121,0.0127,0.0127,0.0127,0.0129,0.0132,0.0132,0.0132,0.0132,0.0132,0.0133,0.0133,0.0133,0.0133,0.0143,0.0143,0.0143,0.0143,0.0143,0.0143,0.0143,0.0143,0.0143,0.0143,0.0143,0.0144,0.0144,0.0144,0.0144,0.0144,0.0144,0.0144,0.0144,0.0144,0.0144,0.0144,0.0144,0.0144,0.0144,0.0144,0.0144,0.0144,0.0144,0.0144,0.0144,0.0144,0.0144,0.0144,0.0144,0.0144,0.0144,0.0144,0.0144,0.0144,0.0144,0.0144,0.0144,0.0144,0.0144,0.0144,0.0144,0.0144,0.0144,0.0144,0.0144,0.0145,0.0145,0.0145,0.0145,0.0145,0.0145,0.0145,0.0145,0.0145,0.0145,0.0145,0.0145,0.0145,0.0145
45124.7916667,0.0044,0.0044,0.0044,0.0044,0.0044,0.0044,0.0044,0.0052,0.0052,0.0052,0.0052,0.0052,0.0052,0.0057,0.0057,0.0057,0.0057,0.0058,0.0058,0.0058,0.0058,0.0058,0.0058,0.0058,0.0058,0.0058,0.0058,0.0058,0.0059,0.0059,0.0059,0.0059,0.0059,0.0059,0.0059,0.0059,0.0059,0.0059,0.0059,0.0063,0.0063,0.0063,0.0063,0.0064,0.0064,0.0064,0.0064,0.0068,0.0068,0.0068,0.0068,0.0068,0.0068,0.0069,0.0069,0.0069,0.0069,0.0069,0.0069,0.0069,0.0069,0.0069,0.0069,0.0069,0.0069,0.0069,0.0070,0.0071,0.0071,0.0072,0.0072,0.0072,0.0072,0.0072,0.0072,0.0072,0.0072,0.0073,0.0073,0.0073,0.0074,0.0074,0.0074,0.0075,0.0075,0.0075,0.0075,0.0075,0.0075,0.0075,0.0075,0.0076,0.0076,0.0076,0.0076,0.0076,0.0076,0.0076,0.0076,0.0076,0.0076,0.0076,0.0111,0.0111,0.0111,0.0111,0.0111,0.0115,0.0115,0.0115,0.0116,0.0116,0.0117,0.0117,0.0117,0.0117,0.0117,0.0117,0.0117,0.0117,0.0117,0.0117,0.0118,0.0118,0.0118,0.0118,0.0118,0.0119,0.0119,0.0119,0.0119,0.0119,0.0119,0.0119,0.0120,0.0120,0.0120,0.0120,0.0120,0.0120,0.0120,0.0120,0.0120,0.0120,0.0121,0.0121,0.0121,0.0121,0.0121,0.0121,0.0121,0.0121,0.0121,0.0121,0.0121,0.0121,0.0121,0.0121,0.0127,0.0127,0.0127,0.0129,0.0132,0.0132,0.0132,0.0132,0.0132,0.0133,0.0133,0.0133,0.0133,0.0143,0.0143,0.0143,0.0143,0.0143,0.0143,0.0143,0.0143,0.0143,0.0143,0.0143,0.0144,0.0144,0.0144,0.0144,0.0144,0.0144,0.0144,0.0144,0.0144,0.0144,0.0144,0.0144,0.0144,0.0144,0.0144,0.0144,0.0144,0.0144,0.0144,0.0144,0.0144,0.0144,0.0144,0.0144,0.0144,0.0144,0.0144,0.0144,0.0144,0.0144,0.0144,0.0144,0.0144,0.0144,0.0144,0.0144,0.0144,0.0144,0.0144,0.0144,0.0144,0.0144,0.0144,0.0144,0.0144,0.0144,0.0144,0.0144,0.0145,0.0145,0.0145,0.0145,0.0145,0.0145
45124.8333333,0.0044,0.0044,0.0044,0.0044,0.0044,0.0044,0.0044,0.0052,0.0052,0.0052,0.0052,0.0052,0.0052,0.0057,0.0057,0.0057,0.0057,0.0058,0.0058,0.0058,0.0058,0.0058,0.0058,0.0058,0.0058,0.0058,0.0058,0.0058,0.0059,0.0059,0.0059,0.0059,0.0059,0.0059,0.0059,0.0059,0.0059,0.0059,0.0059,0.0063,0.0063,0.0063,0.0063,0.0064,0.0064,0.0064,0.0064,0.0068,0.0068,0.0068,0.0068,0.0068,0.0068,0.0069,0.0069,0.0069,0.0069,0.0069,0.0069,0.0069,0.0069,0.0069,0.0069,0.0069,0.0069,0.0069,0.0070,0.0071,0.0071,0.0072,0.0072,0.0072,0.0072,0.0072,0.0072,0.0072,0.0072,0.0073,0.0073,0.0073,0.0074,0.0074,0.0074,0.0075,0.0075,0.0075,0.0075,0.0075,0.0075,0.0075,0.0075,0.0076,0.0076,0.0076,0.0076,0.0076,0.0076,0.0076,0.0076,0.0076,0.0076,0.0076,0.0111,0.0111,0.0111,0.0111,0.0111,0.0115,0.0115,0.0115,0.0116,0.0116,0.0117,0.0117,0.0117,0.0117,0.0117,0.0117,0.0117,0.0117,0.0117,0.0117,0.0118,0.0118,0.0118,0.0118,0.0118,0.0119,0.0119,0.0119,0.0119,0.0119,0.0119,0.0119,0.0120,0.0120,0.0120,0.0120,0.0120,0.0120,0.0120,0.0120,0.0120,0.0120,0.0121,0.0121,0.0121,0.0121,0.0121,0.0121,0.0121,0.0121,0.0121,0.0121,0.0121,0.0121,0.0121,0.0121,0.0127,0.0127,0.0127,0.0129,0.0132,0.0132,0.0132,0.0132,0.0132,0.0133,0.0133,0.0133,0.0133,0.0143,0.0143,0.0143,0.0143,0.0143,0.0143,0.0143,0.0143,0.0143,0.0143,0.0143,0.0144,0.0144,0.0144,0.0144,0.0144,0.0144,0.0144,0.0144,0.0144,0.0144,0.0144,0.0144,0.0144,0.0144,0.0144,0.0144,0.0144,0.0144,0.0144,0.0144,0.0144,0.0144,0.0144,0.0144,0.0144,0.0144,0.0144,0.0144,0.0144,0.0144,0.0144,0.0144,0.0144,0.0144,0.0144,0.0144,0.0144,0.0144,0.0144,0.0144,0.0144,0.0144,0.0144,0.0144,0.0144,0.0144,0.0144,0.0144,0.0144,0.0144,0.0144,0.0144,0.0144,0.0145
45124.8750000,0.0044,0.0044,0.0044,0.0044,0.0044,0.0044,0.0044,0.0052,0.0052,0.0052,0.0052,0.0052,0.0052,0.0057,0.0057,0.0057,0.0057,0.0058,0.0058,0.0058,0.0058,0.0058,0.0058,0.0058,0.0058,0.0058,0.0058,0.0058,0.0059,0.0059,0.0059,0.0059,0.0059,0.0059,0.0059,0.0059,0.0059,0.0059,0.0059,0.0063,0.0063,0.0063,0.0063,0.0064,0.0064,0.0064,0.0064,0.0068,0.0068,0.0068,0.0068,0.0068,0.0068,0.0069,0.0069,0.0069,0.0069,0.0069,0.0069,0.0069,0.0069,0.0069,0.0069,0.0069,0.0069,0.0069,0.0070,0.0071,0.0071,0.0072,0.0072,0.0072,0.0072,0.0072,0.0072,0.0072,0.0072,0.0073,0.0073,0.0073,0.0074,0.0074,0.0074,0.0075,0.0075,0.0075,0.0075,0.0075,0.0075,0.0075,0.0075,0.0076,0.0076,0.0076,0.0076,0.0076,0.0076,0.0076,0.0076,0.0076,0.0076,0.0076,0.0111,0.0111,0.0111,0.0111,0.0111,0.0115,0.0115,0.0115,0.0116,0.0116,0.0117,0.0117,0.0117,0.0117,0.0117,0.0117,0.0117,0.0117,0.0117,0.0117,0.0118,0.0118,0.0118,0.0118,0.0118,0.0119,0.0119,0.0119,0.0119,0.0119,0.0119,0.0119,0.0120,0.0120,0.0120,0.0120,0.0120,0.0120,0.0120,0.0120,0.0120,0.0120,0.0121,0.0121,0.0121,0.0121,0.0121,0.0121,0.0121,0.0121,0.0121,0.0121,0.0121,0.0121,0.0121,0.0121,0.0127,0.0127,0.0127,0.0129,0.0132,0.0132,0.0132,0.0132,0.0132,0.0133,0.0133,0.0133,0.0133,0.0143,0.0143,0.0143,0.0143,0.0143,0.0143,0.0143,0.0143,0.0143,0.0143,0.0143,0.0144,0.0144,0.0144,0.0144,0.0144,0.0144,0.0144,0.0144,0.0144,0.0144,0.0144,0.0144,0.0144,0.0144,0.0144,0.0144,0.0144,0.0144,0.0144,0.0144,0.0144,0.0144,0.0144,0.0144,0.0144,0.0144,0.0144,0.0144,0.0144,0.0144,0.0144,0.0144,0.0144,0.0144,0.0144,0.0144,0.0144,0.0144,0.0144,0.0144,0.0144,0.0144,0.0144,0.0144,0.0144,0.0144,0.0144,0.0144,0.0144,0.0144,0.0144,0.0144,0.0144,0.0144
45124.9166667,0.0044,0.0044,0.0044,0.0044,0.0044,0.0044,0.0044,0.0052,0.0052,0.0052,0.0052,0.0052,0.0052,0.0057,0.0057,0.0057,0.0057,0.0058,0.0058,0.0058,0.0058,0.0058,0.0058,0.0058,0.0058,0.0058,0.0058,0.0058,0.0059,0.0059,0.0059,0.0059,0.0059,0.0059,0.0059,0.0059,0.0059,0.0059,0.0059,0.0063,0.0063,0.0063,0.0063,0.0064,0.0064,0.0064,0.0064,0.0068,0.0068,0.0068,0.0068,0.0068,0.0068,0.0069,0.0069,0.0069,0.0069,0.0069,0.0069,0.0069,0.0069,0.0069,0.0069,0.0069,0.0069,0.0069,0.0070,0.0071,0.0071,0.0072,0.0072,0.0072,0.0072,0.0072,0.0072,0.0072,0.0072,0.0073,0.0073,0.0073,0.0074,0.0074,0.0074,0.0075,0.0075,0.0075,0.0075,0.0075,0.0075,0.0075,0.0075,0.0076,0.0076,0.0076,0.0076,0.0076,0.0076,0.0076,0.0076,0.0076,0.0076,0.0076,0.0111,0.0111,0.0111,0.0111,0.0111,0.0115,0.0115,0.0115,0.0116,0.0116,0.0117,0.0117,0.0117,0.0117,0.0117,0.0117,0.0117,0.0117,0.0117,0.0117,0.0118,0.0118,0.0118,0.0118,0.0118,0.0119,0.0119,0.0119,0.0119,0.0119,0.0119,0.0119,0.0120,0.0120,0.0120,0.0120,0.0120,0.0120,0.0120,0.0120,0.0120,0.0120,0.0121,0.0121,0.0121,0.0121,0.0121,0.0121,0.0121,0.0121,0.0121,0.0121,0.0121,0.0121,0.0121,0.0121,0.0127,0.0127,0.0127,0.0129,0.0132,0.0132,0.0132,0.0132,0.0132,0.0133,0.0133,0.0133,0.0133,0.0143,0.0143,0.0143,0.0143,0.0143,0.0143,0.0143,0.0143,0.0143,0.0143,0.0143,0.0144,0.0144,0.0144,0.0144,0.0144,0.0144,0.0144,0.0144,0.0144,0.0144,0.0144,0.0144,0.0144,0.0144,0.0144,0.0144,0.0144,0.0144,0.0144,0.0144,0.0144,0.0144,0.0144,0.0144,0.0144,0.0144,0.0144,0.0144,0.0144,0.0144,0.0144,0.0144,0.0144,0.0144,0.0144,0.0144,0.0144,0.0144,0.0144,0.0144,0.0144,0.0144,0.0144,0.0144,0.0144,0.0144,0.0144,0.0144,0.0144,0.0144,0.0144,0.0144,0.0144,0.0144
45124.9583333,0.0044,0.0044,0.0044,0.0044,0.0044,0.0044,0.0044,0.0052,0.0052,0.0052,0.0052,0.0052,0.0052,0.0057,0.0057,0.0057,0.0057,0.0058,0.0058,0.0058,0.0058,0.0058,0.0058,0.0058,0.0058,0.0058,0.0058,0.0058,0.0059,0.0059,0.0059,0.0059,0.0059,0.0059,0.0059,0.0059,0.0059,0.0059,0.0059,0.0063,0.0063,0.0063,0.0063,0.0064,0.0064,0.0064,0.0064,0.0068,0.0068,0.0068,0.0068,0.0068,0.0068,0.0069,0.0069,0.0069,0.0069,0.0069,0.0069,0.0069,0.0069,0.0069,0.0069,0.0069,0.0069,0.0069,0.0070,0.0071,0.0071,0.0072,0.0072,0.0072,0.0072,0.0072,0.0072,0.0072,0.0072,0.0073,0.0073,0.0073,0.0074,0.0074,0.0074,0.0075,0.0075,0.0075,0.0075,0.0075,0.0075,0.0075,0.0075,0.0076,0.0076,0.0076,0.0076,0.0076,0.0076,0.0076,0.0076,0.0076,0.0076,0.0076,0.0111,0.0111,0.0111,0.0111,0.0111,0.0115,0.0115,0.0115,0.0116,0.0116,0.0117,0.0117,0.0117,0.0117,0.0117,0.0117,0.0117,0.0117,0.0117,0.0117,0.0118,0.0118,0.0118,0.0118,0.0118,0.0119,0.0119,0.0119,0.0119,0.0119,0.0119,0.0119,0.0120,0.0120,0.0120,0.0120,0.0120,0.0120,0.0120,0.0120,0.0120,0.0120,0.0121,0.0121,0.0121,0.0121,0.0121,0.0121,0.0121,0.0121,0.0121,0.0121,0.0121,0.0121,0.0121,0.0121,0.0127,0.0127,0.0127,0.0129,0.0132,0.0132,0.0132,0.0132,0.0132,0.0133,0.0133,0.0133,0.0133,0.0143,0.0143,0.0143,0.0143,0.0143,0.0143,0.0143,0.0143,0.0143,0.0143,0.0143,0.0144,0.0144,0.0144,0.0144,0.0144,0.0144,0.0144,0.0144,0.0144,0.0144,0.0144,0.0144,0.0144,0.0144,0.0144,0.0144,0.0144,0.0144,0.0144,0.0144,0.0144,0.0144,0.0144,0.0144,0.0144,0.0144,0.0144,0.0144,0.0144,0.0144,0.0144,0.0144,0.0144,0.0144,0.0144,0.0144,0.0144,0.0144,0.0144,0.0144,0.0144,0.0144,0.0144,0.0144,0.0144,0.0144,0.0144,0.0144,0.0144,0.0144,0.0144,0.0144,0.0144,0.0144
45125.0000000,0.0042,0.0042,0.0043,0.0043,0.0043,0.0043,0.0043,0.0050,0.0051,0.0051,0.0051,0.0051,0.0051,0.0057,0.0057,0.0057,0.0057,0.0057,0.0057,0.0058,0.0058,0.0058,0.0058,0.0058,0.0058,0.0058,0.0058,0.0058,0.0059,0.0059,0.0059,0.0059,0.0059,0.0059,0.0059,0.0059,0.0059,0.0059,0.0059,0.0063,0.0063,0.0063,0.0063,0.0063,0.0063,0.0064,0.0064,0.0067,0.0067,0.0067,0.0068,0.0068,0.0068,0.0068,0.0069,0.0069,0.0069,0.0069,0.0069,0.0069,0.0069,0.0069,0.0069,0.0069,0.0069,0.0069,0.0070,0.0071,0.0071,0.0072,0.0072,0.0072,0.0072,0.0072,0.0072,0.0072,0.0072,0.0073,0.0073,0.0073,0.0074,0.0074,0.0074,0.0075,0.0075,0.0075,0.0075,0.0075,0.0075,0.0075,0.0075,0.0076,0.0076,0.0076,0.0076,0.0076,0.0076,0.0076,0.0076,0.0076,0.0076,0.0076,0.0109,0.0110,0.0110,0.0110,0.0110,0.0114,0.0115,0.0115,0.0115,0.0115,0.0117,0.0117,0.0117,0.0117,0.0117,0.0117,0.0117,0.0117,0.0117,0.0117,0.0118,0.0118,0.0118,0.0118,0.0118,0.0119,0.0119,0.0119,0.0119,0.0119,0.0119,0.0119,0.0120,0.0120,0.0120,0.0120,0.0120,0.0120,0.0120,0.0120,0.0120,0.0120,0.0121,0.0121,0.0121,0.0121,0.0121,0.0121,0.0121,0.0121,0.0121,0.0121,0.0121,0.0121,0.0121,0.0121,0.0127,0.0127,0.0127,0.0129,0.0132,0.0132,0.0132,0.0132,0.0132,0.0132,0.0132,0.0133,0.0133,0.0143,0.0143,0.0143,0.0143,0.0143,0.0143,0.0143,0.0143,0.0143,0.0143,0.0143,0.0143,0.0144,0.0144,0.0144,0.0144,0.0144,0.0144,0.0144,0.0144,0.0144,0.0144,0.0144,0.0144,0.0144,0.0144,0.0144,0.0144,0.0144,0.0144,0.0144,0.0144,0.0144,0.0144,0.0144,0.0144,0.0144,0.0144,0.0144,0.0144,0.0144,0.0144,0.0144,0.0144,0.0144,0.0144,0.0144,0.0144,0.0144,0.0144,0.0144,0.0144,0.0144,0.0144,0.0144,0.0144,0.0144,0.0144,0.0144,0.0144,0.0144,0.0144,0.0144,0.0144,0.0144
45125.0416667,0.0042,0.0042,0.0042,0.0042,0.0042,0.0042,0.0043,0.0050,0.0050,0.0050,0.0050,0.0050,0.0050,0.0055,0.0055,0.0055,0.0056,0.0056,0.0056,0.0056,0.0056,0.0057,0.0057,0.0057,0.0057,0.0057,0.0058,0.0058,0.0058,0.0058,0.0059,0.0059,0.0059,0.0059,0.0059,0.0059,0.0059,0.0059,0.0059,0.0063,0.0063,0.0063,0.0063,0.0063,0.0063,0.0063,0.0064,0.0067,0.0067,0.0067,0.0068,0.0068,0.0068,0.0068,0.0068,0.0068,0.0068,0.0068,0.0069,0.0069,0.0069,0.0069,0.0069,0.0069,0.0069,0.0069,0.0069,0.0071,0.0071,0.0071,0.0072,0.0072,0.0072,0.0072,0.0072,0.0072,0.0072,0.0073,0.0073,0.0073,0.0074,0.0074,0.0074,0.0075,0.0075,0.0075,0.0075,0.0075,0.0075,0.0075,0.0075,0.0076,0.0076,0.0076,0.0076,0.0076,0.0076,0.0076,0.0076,0.0076,0.0076,0.0076,0.0109,0.0109,0.0109,0.0109,0.0110,0.0114,0.0114,0.0114,0.0114,0.0114,0.0116,0.0116,0.0116,0.0116,0.0116,0.0116,0.0116,0.0117,0.0117,0.0117,0.0118,0.0118,0.0118,0.0118,0.0118,0.0119,0.0119,0.0119,0.0119,0.0119,0.0119,0.0119,0.0120,0.0120,0.0120,0.0120,0.0120,0.0120,0.0120,0.0120,0.0120,0.0120,0.0121,0.0121,0.0121,0.0121,0.0121,0.0121,0.0121,0.0121,0.0121,0.0121,0.0121,0.0121,0.0121,0.0121,0.0127,0.0127,0.0127,0.0129,0.0132,0.0132,0.0132,0.0132,0.0132,0.0132,0.0132,0.0132,0.0132,0.0142,0.0143,0.0143,0.0143,0.0143,0.0143,0.0143,0.0143,0.0143,0.0143,0.0143,0.0143,0.0143,0.0143,0.0143,0.0143,0.0143,0.0143,0.0144,0.0144,0.0144,0.0144,0.0144,0.0144,0.0144,0.0144,0.0144,0.0144,0.0144,0.0144,0.0144,0.0144,0.0144,0.0144,0.0144,0.0144,0.0144,0.0144,0.0144,0.0144,0.0144,0.0144,0.0144,0.0144,0.0144,0.0144,0.0144,0.0144,0.0144,0.0144,0.0144,0.0144,0.0144,0.0144,0.0144,0.0144,0.0144,0.0144,0.0144,0.0144,0.0144,0.0144,0.0144,0.0144,0.0144
45125.0833333,0.0042,0.0042,0.0042,0.0042,0.0042,0.0042,0.0043,0.0050,0.0050,0.0050,0.0050,0.0050,0.0050,0.0055,0.0055,0.0055,0.0055,0.0055,0.0056,0.0056,0.0056,0.0056,0.0056,0.0056,0.0056,0.0056,0.0056,0.0056,0.0057,0.0057,0.0057,0.0057,0.0058,0.0058,0.0058,0.0059,0.0059,0.0059,0.0059,0.0063,0.0063,0.0063,0.0063,0.0063,0.0063,0.0063,0.0063,0.0067,0.0067,0.0067,0.0068,0.0068,0.0068,0.0068,0.0068,0.0068,0.0068,0.0068,0.0069,0.0069,0.0069,0.0069,0.0069,0.0069,0.0069,0.0069,0.0069,0.0071,0.0071,0.0071,0.0071,0.0071,0.0072,0.0072,0.0072,0.0072,0.0072,0.0073,0.0073,0.0073,0.0073,0.0074,0.0074,0.0075,0.0075,0.0075,0.0075,0.0075,0.0075,0.0075,0.0075,0.0076,0.0076,0.0076,0.0076,0.0076,0.0076,0.0076,0.0076,0.0076,0.0076,0.0076,0.0109,0.0109,0.0109,0.0109,0.0109,0.0114,0.0114,0.0114,0.0114,0.0114,0.0115,0.0115,0.0115,0.0116,0.0116,0.0116,0.0116,0.0116,0.0116,0.0116,0.0117,0.0117,0.0117,0.0117,0.0117,0.0118,0.0118,0.0118,0.0118,0.0118,0.0118,0.0118,0.0119,0.0119,0.0119,0.0119,0.0120,0.0120,0.0120,0.0120,0.0120,0.0120,0.0120,0.0120,0.0121,0.0121,0.0121,0.0121,0.0121,0.0121,0.0121,0.0121,0.0121,0.0121,0.0121,0.0121,0.0127,0.0127,0.0127,0.0129,0.0132,0.0132,0.0132,0.0132,0.0132,0.0132,0.0132,0.0132,0.0132,0.0142,0.0142,0.0143,0.0143,0.0143,0.0143,0.0143,0.0143,0.0143,0.0143,0.0143,0.0143,0.0143,0.0143,0.0143,0.0143,0.0143,0.0143,0.0143,0.0143,0.0143,0.0143,0.0143,0.0143,0.0143,0.0143,0.0143,0.0143,0.0143,0.0143,0.0143,0.0144,0.0144,0.0144,0.0144,0.0144,0.0144,0.0144,0.0144,0.0144,0.0144,0.0144,0.0144,0.0144,0.0144,0.0144,0.0144,0.0144,0.0144,0.0144,0.0144,0.0144,0.0144,0.0144,0.0144,0.0144,0.0144,0.0144,0.0144,0.0144,0.0144,0.0144,0.0144,0.0144,0.0144
45125.1250000,0.0042,0.0042,0.0042,0.0042,0.0042,0.0042,0.0043,0.0050,0.0050,0.0050,0.0050,0.0050,0.0050,0.0055,0.0055,0.0055,0.0055,0.0055,0.0056,0.0056,0.0056,0.0056,0.0056,0.0056,0.0056,0.0056,0.0056,0.0056,0.0057,0.0057,0.0057,0.0057,0.0057,0.0057,0.0057,0.0057,0.0058,0.0058,0.0058,0.0062,0.0062,0.0062,0.0062,0.0062,0.0062,0.0063,0.0063,0.0067,0.0067,0.0067,0.0067,0.0068,0.0068,0.0068,0.0068,0.0068,0.0068,0.0068,0.0069,0.0069,0.0069,0.0069,0.0069,0.0069,0.0069,0.0069,0.0069,0.0071,0.0071,0.0071,0.0071,0.0071,0.0071,0.0072,0.0072,0.0072,0.0072,0.0073,0.0073,0.0073,0.0073,0.0074,0.0074,0.0075,0.0075,0.0075,0.0075,0.0075,0.0075,0.0075,0.0075,0.0076,0.0076,0.0076,0.0076,0.0076,0.0076,0.0076,0.0076,0.0076,0.0076,0.0076,0.0109,0.0109,0.0109,0.0109,0.0109,0.0114,0.0114,0.0114,0.0114,0.0114,0.0115,0.0115,0.0115,0.0116,0.0116,0.0116,0.0116,0.0116,0.0116,0.0116,0.0117,0.0117,0.0117,0.0117,0.0117,0.0117,0.0117,0.0117,0.0117,0.0118,0.0118,0.0118,0.0118,0.0118,0.0118,0.0119,0.0119,0.0119,0.0119,0.0119,0.0119,0.0120,0.0120,0.0120,0.0120,0.0120,0.0120,0.0120,0.0121,0.0121,0.0121,0.0121,0.0121,0.0121,0.0121,0.0121,0.0127,0.0127,0.0127,0.0129,0.0132,0.0132,0.0132,0.0132,0.0132,0.0132,0.0132,0.0132,0.0132,0.0142,0.0142,0.0143,0.0143,0.0143,0.0143,0.0143,0.0143,0.0143,0.0143,0.0143,0.0143,0.0143,0.0143,0.0143,0.0143,0.0143,0.0143,0.0143,0.0143,0.0143,0.0143,0.0143,0.0143,0.0143,0.0143,0.0143,0.0143,0.0143,0.0143,0.0143,0.0143,0.0143,0.0143,0.0143,0.0143,0.0143,0.0143,0.0143,0.0144,0.0144,0.0144,0.0144,0.0144,0.0144,0.0144,0.0144,0.0144,0.0144,0.0144,0.0144,0.0144,0.0144,0.0144,0.0144,0.0144,0.0144,0.0144,0.0144,0.0144,0.0144,0.0144,0.0144,0.0144,0.0144
45125.1666667,0.0042,0.0042,0.0042,0.0042,0.0042,0.0042,0.0043,0.0050,0.0050,0.0050,0.0050,0.0050,0.0050,0.0055,0.0055,0.0055,0.0055,0.0055,0.0056,0.0056,0.0056,0.0056,0.0056,0.0056,0.0056,0.0056,0.0056,0.0056,0.0057,0.0057,0.0057,0.0057,0.0057,0.0057,0.0057,0.0057,0.0057,0.0057,0.0057,0.0061,0.0061,0.0061,0.0061,0.0061,0.0061,0.0062,0.0062,0.0066,0.0066,0.0066,0.0066,0.0066,0.0067,0.0067,0.0067,0.0067,0.0067,0.0068,0.0068,0.0068,0.0068,0.0069,0.0069,0.0069,0.0069,0.0069,0.0069,0.0071,0.0071,0.0071,0.0071,0.0071,0.0071,0.0071,0.0071,0.0072,0.0072,0.0073,0.0073,0.0073,0.0073,0.0073,0.0073,0.0074,0.0074,0.0075,0.0075,0.0075,0.0075,0.0075,0.0075,0.0076,0.0076,0.0076,0.0076,0.0076,0.0076,0.0076,0.0076,0.0076,0.0076,0.0076,0.0109,0.0109,0.0109,0.0109,0.0109,0.0114,0.0114,0.0114,0.0114,0.0114,0.0115,0.0115,0.0115,0.0116,0.0116,0.0116,0.0116,0.0116,0.0116,0.0116,0.0117,0.0117,0.0117,0.0117,0.0117,0.0117,0.0117,0.0117,0.0117,0.0117,0.0117,0.0117,0.0118,0.0118,0.0118,0.0118,0.0119,0.0119,0.0119,0.0119,0.0119,0.0119,0.0119,0.0119,0.0119,0.0119,0.0120,0.0120,0.0120,0.0120,0.0120,0.0120,0.0120,0.0120,0.0121,0.0121,0.0126,0.0126,0.0126,0.0128,0.0131,0.0131,0.0132,0.0132,0.0132,0.0132,0.0132,0.0132,0.0132,0.0142,0.0142,0.0142,0.0143,0.0143,0.0143,0.0143,0.0143,0.0143,0.0143,0.0143,0.0143,0.0143,0.0143,0.0143,0.0143,0.0143,0.0143,0.0143,0.0143,0.0143,0.0143,0.0143,0.0143,0.0143,0.0143,0.0143,0.0143,0.0143,0.0143,0.0143,0.0143,0.0143,0.0143,0.0143,0.0143,0.0143,0.0143,0.0143,0.0143,0.0143,0.0143,0.0144,0.0144,0.0144,0.0144,0.0144,0.0144,0.0144,0.0144,0.0144,0.0144,0.0144,0.0144,0.0144,0.0144,0.0144,0.0144,0.0144,0.0144,0.0144,0.0144,0.0144,0.0144,0.0144
45125.2083333,0.0042,0.0042,0.0042,0.0042,0.0042,0.0042,0.0043,0.0050,0.0050,0.0050,0.0050,0.0050,0.0050,0.0055,0.0055,0.0055,0.0055,0.0055,0.0056,0.0056,0.0056,0.0056,0.0056,0.0056,0.0056,0.0056,0.0056,0.0056,0.0057,0.0057,0.0057,0.0057,0.0057,0.0057,0.0057,0.0057,0.0057,0.0057,0.0057,0.0061,0.0061,0.0061,0.0061,0.0061,0.0061,0.0061,0.0061,0.0065,0.0065,0.0065,0.0066,0.0066,0.0066,0.0066,0.0066,0.0066,0.0067,0.0067,0.0067,0.0067,0.0067,0.0067,0.0068,0.0068,0.0068,0.0068,0.0068,0.0070,0.0071,0.0071,0.0071,0.0071,0.0071,0.0071,0.0071,0.0071,0.0071,0.0073,0.0073,0.0073,0.0073,0.0073,0.0073,0.0074,0.0074,0.0075,0.0075,0.0075,0.0075,0.0075,0.0075,0.0076,0.0076,0.0076,0.0076,0.0076,0.0076,0.0076,0.0076,0.0076,0.0076,0.0076,0.0109,0.0109,0.0109,0.0109,0.0109,0.0114,0.0114,0.0114,0.0114,0.0114,0.0115,0.0115,0.0115,0.0116,0.0116,0.0116,0.0116,0.0116,0.0116,0.0116,0.0117,0.0117,0.0117,0.0117,0.0117,0.0117,0.0117,0.0117,0.0117,0.0117,0.0117,0.0117,0.0118,0.0118,0.0118,0.0118,0.0119,0.0119,0.0119,0.0119,0.0119,0.0119,0.0119,0.0119,0.0119,0.0119,0.0119,0.0119,0.0119,0.0119,0.0120,0.0120,0.0120,0.0120,0.0120,0.0120,0.0126,0.0126,0.0126,0.0128,0.0131,0.0131,0.0131,0.0131,0.0131,0.0131,0.0131,0.0131,0.0132,0.0142,0.0142,0.0142,0.0142,0.0142,0.0142,0.0142,0.0142,0.0142,0.0142,0.0142,0.0143,0.0143,0.0143,0.0143,0.0143,0.0143,0.0143,0.0143,0.0143,0.0143,0.0143,0.0143,0.0143,0.0143,0.0143,0.0143,0.0143,0.0143,0.0143,0.0143,0.0143,0.0143,0.0143,0.0143,0.0143,0.0143,0.0143,0.0143,0.0143,0.0143,0.0143,0.0144,0.0144,0.0144,0.0144,0.0144,0.0144,0.0144,0.0144,0.0144,0.0144,0.0144,0.0144,0.0144,0.0144,0.0144,0.0144,0.0144,0.0144,0.0144,0.0144,0.0144,0.0144,0.0144
45125.2500000,0.0042,0.0042,0.0042,0.0042,0.0042,0.0042,0.0043,0.0050,0.0050,0.0050,0.0050,0.0050,0.0050,0.0055,0.0055,0.0055,0.0055,0.0055,0.0056,0.0056,0.0056,0.0056,0.0056,0.0056,0.0056,0.0056,0.0056,0.0056,0.0057,0.0057,0.0057,0.0057,0.0057,0.0057,0.0057,0.0057,0.0057,0.0057,0.0057,0.0061,0.0061,0.0061,0.0061,0.0061,0.0061,0.0061,0.0061,0.0065,0.0065,0.0065,0.0066,0.0066,0.0066,0.0066,0.0066,0.0066,0.0066,0.0066,0.0067,0.0067,0.0067,0.0067,0.0067,0.0067,0.0067,0.0067,0.0067,0.0069,0.0070,0.0070,0.0070,0.0070,0.0070,0.0071,0.0071,0.0071,0.0071,0.0072,0.0072,0.0073,0.0073,0.0073,0.0073,0.0074,0.0074,0.0074,0.0074,0.0074,0.0074,0.0075,0.0075,0.0075,0.0075,0.0075,0.0075,0.0076,0.0076,0.0076,0.0076,0.0076,0.0076,0.0076,0.0109,0.0109,0.0109,0.0109,0.0109,0.0113,0.0113,0.0114,0.0114,0.0114,0.0115,0.0115,0.0115,0.0115,0.0116,0.0116,0.0116,0.0116,0.0116,0.0116,0.0117,0.0117,0.0117,0.0117,0.0117,0.0117,0.0117,0.0117,0.0117,0.0117,0.0117,0.0117,0.0118,0.0118,0.0118,0.0118,0.0119,0.0119,0.0119,0.0119,0.0119,0.0119,0.0119,0.0119,0.0119,0.0119,0.0119,0.0119,0.0119,0.0119,0.0119,0.0119,0.0120,0.0120,0.0120,0.0120,0.0126,0.0126,0.0126,0.0127,0.0130,0.0130,0.0131,0.0131,0.0131,0.0131,0.0131,0.0131,0.0131,0.0141,0.0141,0.0141,0.0142,0.0142,0.0142,0.0142,0.0142,0.0142,0.0142,0.0142,0.0142,0.0142,0.0142,0.0142,0.0142,0.0142,0.0142,0.0142,0.0143,0.0143,0.0143,0.0143,0.0143,0.0143,0.0143,0.0143,0.0143,0.0143,0.0143,0.0143,0.0143,0.0143,0.0143,0.0143,0.0143,0.0143,0.0143,0.0143,0.0143,0.0143,0.0143,0.0143,0.0143,0.0143,0.0143,0.0143,0.0143,0.0144,0.0144,0.0144,0.0144,0.0144,0.0144,0.0144,0.0144,0.0144,0.0144,0.0144,0.0144,0.0144,0.0144,0.0144,0.0144,0.0144
45125.2916667,0.0042,0.0042,0.0042,0.0042,0.0042,0.0042,0.0043,0.0050,0.0050,0.0050,0.0050,0.0050,0.0050,0.0055,0.0055,0.0055,0.0055,0.0055,0.0056,0.0056,0.0056,0.0056,0.0056,0.0056,0.0056,0.0056,0.0056,0.0056,0.0057,0.0057,0.0057,0.0057,0.0057,0.0057,0.0057,0.0057,0.0057,0.0057,0.0057,0.0061,0.0061,0.0061,0.0061,0.0061,0.0061,0.0061,0.0061,0.0065,0.0065,0.0065,0.0066,0.0066,0.0066,0.0066,0.0066,0.0066,0.0066,0.0066,0.0067,0.0067,0.0067,0.0067,0.0067,0.0067,0.0067,0.0067,0.0067,0.0069,0.0069,0.0069,0.0069,0.0070,0.0070,0.0070,0.0070,0.0070,0.0070,0.0072,0.0072,0.0072,0.0072,0.0072,0.0072,0.0073,0.0073,0.0074,0.0074,0.0074,0.0074,0.0074,0.0074,0.0075,0.0075,0.0075,0.0075,0.0075,0.0075,0.0075,0.0075,0.0075,0.0075,0.0075,0.0109,0.0109,0.0109,0.0109,0.0109,0.0113,0.0113,0.0114,0.0114,0.0114,0.0115,0.0115,0.0115,0.0115,0.0115,0.0115,0.0116,0.0116,0.0116,0.0116,0.0116,0.0117,0.0117,0.0117,0.0117,0.0117,0.0117,0.0117,0.0117,0.0117,0.0117,0.0117,0.0118,0.0118,0.0118,0.0118,0.0118,0.0119,0.0119,0.0119,0.0119,0.0119,0.0119,0.0119,0.0119,0.0119,0.0119,0.0119,0.0119,0.0119,0.0119,0.0119,0.0119,0.0119,0.0120,0.0120,0.0126,0.0126,0.0126,0.0127,0.0130,0.0130,0.0131,0.0131,0.0131,0.0131,0.0131,0.0131,0.0131,0.0141,0.0141,0.0141,0.0141,0.0141,0.0141,0.0141,0.0141,0.0141,0.0141,0.0141,0.0141,0.0142,0.0142,0.0142,0.0142,0.0142,0.0142,0.0142,0.0142,0.0142,0.0142,0.0142,0.0142,0.0142,0.0142,0.0142,0.0142,0.0142,0.0142,0.0142,0.0142,0.0142,0.0142,0.0142,0.0143,0.0143,0.0143,0.0143,0.0143,0.0143,0.0143,0.0143,0.0143,0.0143,0.0143,0.0143,0.0143,0.0143,0.0143,0.0143,0.0143,0.0143,0.0143,0.0143,0.0143,0.0143,0.0143,0.0143,0.0143,0.0144,0.0144,0.0144,0.0144,0.0144
45125.3333333,0.0042,0.0042,0.0042,0.0042,0.0042,0.0042,0.0043,0.0050,0.0050,0.0050,0.0050,0.0050,0.0050,0.0055,0.0055,0.0055,0.0055,0.0055,0.0056,0.0056,0.0056,0.0056,0.0056,0.0056,0.0056,0.0056,0.0056,0.0056,0.0057,0.0057,0.0057,0.0057,0.0057,0.0057,0.0057,0.0057,0.0057,0.0057,0.0057,0.0061,0.0061,0.0061,0.0061,0.0061,0.0061,0.0061,0.0061,0.0065,0.0065,0.0065,0.0066,0.0066,0.0066,0.0066,0.0066,0.0066,0.0066,0.0066,0.0067,0.0067,0.0067,0.0067,0.0067,0.0067,0.0067,0.0067,0.0067,0.0069,0.0069,0.0069,0.0069,0.0069,0.0069,0.0070,0.0070,0.0070,0.0070,0.0071,0.0071,0.0071,0.0071,0.0072,0.0072,0.0073,0.0073,0.0073,0.0073,0.0073,0.0073,0.0073,0.0073,0.0074,0.0074,0.0074,0.0074,0.0074,0.0074,0.0074,0.0074,0.0074,0.0075,0.0075,0.0108,0.0108,0.0108,0.0108,0.0108,0.0113,0.0113,0.0113,0.0113,0.0113,0.0115,0.0115,0.0115,0.0115,0.0115,0.0115,0.0115,0.0115,0.0115,0.0116,0.0116,0.0116,0.0116,0.0117,0.0117,0.0117,0.0117,0.0117,0.0117,0.0117,0.0117,0.0117,0.0118,0.0118,0.0118,0.0118,0.0118,0.0118,0.0118,0.0119,0.0119,0.0119,0.0119,0.0119,0.0119,0.0119,0.0119,0.0119,0.0119,0.0119,0.0119,0.0119,0.0119,0.0119,0.0120,0.0120,0.0125,0.0125,0.0125,0.0127,0.0130,0.0130,0.0130,0.0131,0.0131,0.0131,0.0131,0.0131,0.0131,0.0141,0.0141,0.0141,0.0141,0.0141,0.0141,0.0141,0.0141,0.0141,0.0141,0.0141,0.0141,0.0142,0.0142,0.0142,0.0142,0.0142,0.0142,0.0142,0.0142,0.0142,0.0142,0.0142,0.0142,0.0142,0.0142,0.0142,0.0142,0.0142,0.0142,0.0142,0.0142,0.0142,0.0142,0.0142,0.0142,0.0142,0.0142,0.0142,0.0142,0.0142,0.0142,0.0142,0.0142,0.0142,0.0142,0.0142,0.0142,0.0142,0.0142,0.0142,0.0143,0.0143,0.0143,0.0143,0.0143,0.0143,0.0143,0.0143,0.0143,0.0143,0.0143,0.0143,0.0143,0.0143
45125.3750000,0.0042,0.0042,0.0042,0.0042,0.0042,0.0042,0.0043,0.0050,0.0050,0.0050,0.0050,0.0050,0.0050,0.0055,0.0055,0.0055,0.0055,0.0055,0.0056,0.0056,0.0056,0.0056,0.0056,0.0056,0.0056,0.0056,0.0056,0.0056,0.0057,0.0057,0.0057,0.0057,0.0057,0.0057,0.0057,0.0057,0.0057,0.0057,0.0057,0.0061,0.0061,0.0061,0.0061,0.0061,0.0061,0.0061,0.0061,0.0065,0.0065,0.0065,0.0066,0.0066,0.0066,0.0066,0.0066,0.0066,0.0066,0.0066,0.0067,0.0067,0.0067,0.0067,0.0067,0.0067,0.0067,0.0067,0.0067,0.0069,0.0069,0.0069,0.0069,0.0069,0.0069,0.0069,0.0069,0.0069,0.0070,0.0071,0.0071,0.0071,0.0071,0.0071,0.0071,0.0072,0.0072,0.0073,0.0073,0.0073,0.0073,0.0073,0.0073,0.0074,0.0074,0.0074,0.0074,0.0074,0.0074,0.0074,0.0074,0.0074,0.0074,0.0074,0.0107,0.0107,0.0107,0.0108,0.0108,0.0112,0.0112,0.0112,0.0113,0.0113,0.0114,0.0114,0.0114,0.0114,0.0115,0.0115,0.0115,0.0115,0.0115,0.0115,0.0116,0.0116,0.0116,0.0116,0.0116,0.0117,0.0117,0.0117,0.0117,0.0117,0.0117,0.0117,0.0118,0.0118,0.0118,0.0118,0.0118,0.0118,0.0118,0.0118,0.0118,0.0119,0.0119,0.0119,0.0119,0.0119,0.0119,0.0119,0.0119,0.0119,0.0119,0.0119,0.0119,0.0119,0.0120,0.0120,0.0125,0.0125,0.0125,0.0127,0.0130,0.0130,0.0130,0.0130,0.0130,0.0131,0.0131,0.0131,0.0131,0.0141,0.0141,0.0141,0.0141,0.0141,0.0141,0.0141,0.0141,0.0141,0.0141,0.0141,0.0141,0.0142,0.0142,0.0142,0.0142,0.0142,0.0142,0.0142,0.0142,0.0142,0.0142,0.0142,0.0142,0.0142,0.0142,0.0142,0.0142,0.0142,0.0142,0.0142,0.0142,0.0142,0.0142,0.0142,0.0142,0.0142,0.0142,0.0142,0.0142,0.0142,0.0142,0.0142,0.0142,0.0142,0.0142,0.0142,0.0142,0.0142,0.0142,0.0142,0.0142,0.0142,0.0142,0.0142,0.0142,0.0142,0.0142,0.0142,0.0142,0.0142,0.0142,0.0142,0.0142,0.0143
45125.4166667,0.0042,0.0042,0.0042,0.0042,0.0042,0.0042,0.0043,0.0050,0.0050,0.0050,0.0050,0.0050,0.0050,0.0055,0.0055,0.0055,0.0055,0.0055,0.0056,0.0056,0.0056,0.0056,0.0056,0.0056,0.0056,0.0056,0.0056,0.0056,0.0057,0.0057,0.0057,0.0057,0.0057,0.0057,0.0057,0.0057,0.0057,0.0057,0.0057,0.0061,0.0061,0.0061,0.0061,0.0061,0.0061,0.0061,0.0061,0.0065,0.0065,0.0065,0.0066,0.0066,0.0066,0.0066,0.0066,0.0066,0.0066,0.0066,0.0067,0.0067,0.0067,0.0067,0.0067,0.0067,0.0067,0.0067,0.0067,0.0069,0.0069,0.0069,0.0069,0.0069,0.0069,0.0069,0.0069,0.0069,0.0069,0.0071,0.0071,0.0071,0.0071,0.0071,0.0071,0.0072,0.0072,0.0072,0.0073,0.0073,0.0073,0.0073,0.0073,0.0073,0.0073,0.0073,0.0073,0.0074,0.0074,0.0074,0.0074,0.0074,0.0074,0.0074,0.0107,0.0107,0.0107,0.0107,0.0107,0.0111,0.0112,0.0112,0.0112,0.0112,0.0113,0.0113,0.0113,0.0114,0.0114,0.0114,0.0114,0.0114,0.0114,0.0114,0.0115,0.0115,0.0115,0.0115,0.0116,0.0116,0.0116,0.0116,0.0116,0.0116,0.0116,0.0117,0.0117,0.0117,0.0117,0.0118,0.0118,0.0118,0.0118,0.0118,0.0118,0.0118,0.0118,0.0119,0.0119,0.0119,0.0119,0.0119,0.0119,0.0119,0.0119,0.0119,0.0119,0.0119,0.0119,0.0119,0.0125,0.0125,0.0125,0.0127,0.0130,0.0130,0.0130,0.0130,0.0130,0.0131,0.0131,0.0131,0.0131,0.0141,0.0141,0.0141,0.0141,0.0141,0.0141,0.0141,0.0141,0.0141,0.0141,0.0141,0.0141,0.0141,0.0142,0.0142,0.0142,0.0142,0.0142,0.0142,0.0142,0.0142,0.0142,0.0142,0.0142,0.0142,0.0142,0.0142,0.0142,0.0142,0.0142,0.0142,0.0142,0.0142,0.0142,0.0142,0.0142,0.0142,0.0142,0.0142,0.0142,0.0142,0.0142,0.0142,0.0142,0.0142,0.0142,0.0142,0.0142,0.0142,0.0142,0.0142,0.0142,0.0142,0.0142,0.0142,0.0142,0.0142,0.0142,0.0142,0.0142,0.0142,0.0142,0.0142,0.0142,0.0142
45125.4583333,0.0042,0.0042,0.0042,0.0042,0.0042,0.0042,0.0043,0.0050,0.0050,0.0050,0.0050,0.0050,0.0050,0.0055,0.0055,0.0055,0.0055,0.0055,0.0056,0.0056,0.0056,0.0056,0.0056,0.0056,0.0056,0.0056,0.0056,0.0056,0.0057,0.0057,0.0057,0.0057,0.0057,0.0057,0.0057,0.0057,0.0057,0.0057,0.0057,0.0061,0.0061,0.0061,0.0061,0.0061,0.0061,0.0061,0.0061,0.0065,0.0065,0.0065,0.0066,0.0066,0.0066,0.0066,0.0066,0.0066,0.0066,0.0066,0.0067,0.0067,0.0067,0.0067,0.0067,0.0067,0.0067,0.0067,0.0067,0.0069,0.0069,0.0069,0.0069,0.0069,0.0069,0.0069,0.0069,0.0069,0.0069,0.0071,0.0071,0.0071,0.0071,0.0071,0.0071,0.0072,0.0072,0.0072,0.0072,0.0073,0.0073,0.0073,0.0073,0.0073,0.0073,0.0073,0.0073,0.0074,0.0074,0.0074,0.0074,0.0074,0.0074,0.0074,0.0107,0.0107,0.0107,0.0107,0.0107,0.0111,0.0111,0.0112,0.0112,0.0112,0.0113,0.0113,0.0113,0.0113,0.0113,0.0113,0.0114,0.0114,0.0114,0.0114,0.0115,0.0115,0.0115,0.0115,0.0115,0.0115,0.0115,0.0116,0.0116,0.0116,0.0116,0.0116,0.0117,0.0117,0.0117,0.0117,0.0117,0.0117,0.0118,0.0118,0.0118,0.0118,0.0118,0.0118,0.0118,0.0118,0.0118,0.0119,0.0119,0.0119,0.0119,0.0119,0.0119,0.0119,0.0119,0.0119,0.0125,0.0125,0.0125,0.0127,0.0130,0.0130,0.0130,0.0130,0.0130,0.0130,0.0130,0.0131,0.0131,0.0141,0.0141,0.0141,0.0141,0.0141,0.0141,0.0141,0.0141,0.0141,0.0141,0.0141,0.0141,0.0141,0.0141,0.0141,0.0141,0.0141,0.0141,0.0141,0.0142,0.0142,0.0142,0.0142,0.0142,0.0142,0.0142,0.0142,0.0142,0.0142,0.0142,0.0142,0.0142,0.0142,0.0142,0.0142,0.0142,0.0142,0.0142,0.0142,0.0142,0.0142,0.0142,0.0142,0.0142,0.0142,0.0142,0.0142,0.0142,0.0142,0.0142,0.0142,0.0142,0.0142,0.0142,0.0142,0.0142,0.0142,0.0142,0.0142,0.0142,0.0142,0.0142,0.0142,0.0142,0.0142
45125.5000000,0.0042,0.0042,0.0042,0.0042,0.0042,0.0042,0.0043,0.0050,0.0050,0.0050,0.0050,0.0050,0.0050,0.0055,0.0055,0.0055,0.0055,0.0055,0.0056,0.0056,0.0056,0.0056,0.0056,0.0056,0.0056,0.0056,0.0056,0.0056,0.0057,0.0057,0.0057,0.0057,0.0057,0.0057,0.0057,0.0057,0.0057,0.0057,0.0057,0.0061,0.0061,0.0061,0.0061,0.0061,0.0061,0.0061,0.0061,0.0065,0.0065,0.0065,0.0066,0.0066,0.0066,0.0066,0.0066,0.0066,0.0066,0.0066,0.0067,0.0067,0.0067,0.0067,0.0067,0.0067,0.0067,0.0067,0.0067,0.0069,0.0069,0.0069,0.0069,0.0069,0.0069,0.0069,0.0069,0.0069,0.0069,0.0071,0.0071,0.0071,0.0071,0.0071,0.0071,0.0072,0.0072,0.0072,0.0072,0.0073,0.0073,0.0073,0.0073,0.0073,0.0073,0.0073,0.0073,0.0074,0.0074,0.0074,0.0074,0.0074,0.0074,0.0074,0.0107,0.0107,0.0107,0.0107,0.0107,0.0111,0.0111,0.0112,0.0112,0.0112,0.0113,0.0113,0.0113,0.0113,0.0113,0.0113,0.0113,0.0114,0.0114,0.0114,0.0114,0.0114,0.0114,0.0115,0.0115,0.0115,0.0115,0.0115,0.0115,0.0115,0.0115,0.0115,0.0116,0.0116,0.0116,0.0116,0.0117,0.0117,0.0117,0.0117,0.0117,0.0117,0.0117,0.0117,0.0117,0.0118,0.0118,0.0118,0.0118,0.0118,0.0118,0.0118,0.0118,0.0118,0.0119,0.0119,0.0125,0.0125,0.0125,0.0127,0.0129,0.0129,0.0130,0.0130,0.0130,0.0130,0.0130,0.0130,0.0130,0.0140,0.0140,0.0141,0.0141,0.0141,0.0141,0.0141,0.0141,0.0141,0.0141,0.0141,0.0141,0.0141,0.0141,0.0141,0.0141,0.0141,0.0141,0.0141,0.0141,0.0141,0.0141,0.0141,0.0141,0.0141,0.0142,0.0142,0.0142,0.0142,0.0142,0.0142,0.0142,0.0142,0.0142,0.0142,0.0142,0.0142,0.0142,0.0142,0.0142,0.0142,0.0142,0.0142,0.0142,0.0142,0.0142,0.0142,0.0142,0.0142,0.0142,0.0142,0.0142,0.0142,0.0142,0.0142,0.0142,0.0142,0.0142,0.0142,0.0142,0.0142,0.0142,0.0142,0.0142,0.0142
45125.5416667,0.0042,0.0042,0.0042,0.0042,0.0042,0.0042,0.0043,0.0050,0.0050,0.0050,0.0050,0.0050,0.0050,0.0055,0.0055,0.0055,0.0055,0.0055,0.0056,0.0056,0.0056,0.0056,0.0056,0.0056,0.0056,0.0056,0.0056,0.0056,0.0057,0.0057,0.0057,0.0057,0.0057,0.0057,0.0057,0.0057,0.0057,0.0057,0.0057,0.0061,0.0061,0.0061,0.0061,0.0061,0.0061,0.0061,0.0061,0.0065,0.0065,0.0065,0.0066,0.0066,0.0066,0.0066,0.0066,0.0066,0.0066,0.0066,0.0067,0.0067,0.0067,0.0067,0.0067,0.0067,0.0067,0.0067,0.0067,0.0069,0.0069,0.0069,0.0069,0.0069,0.0069,0.0069,0.0069,0.0069,0.0069,0.0071,0.0071,0.0071,0.0071,0.0071,0.0071,0.0072,0.0072,0.0072,0.0072,0.0073,0.0073,0.0073,0.0073,0.0073,0.0073,0.0073,0.0073,0.0074,0.0074,0.0074,0.0074,0.0074,0.0074,0.0074,0.0107,0.0107,0.0107,0.0107,0.0107,0.0111,0.0111,0.0111,0.0112,0.0112,0.0113,0.0113,0.0113,0.0113,0.0113,0.0113,0.0113,0.0114,0.0114,0.0114,0.0114,0.0114,0.0114,0.0114,0.0115,0.0115,0.0115,0.0115,0.0115,0.0115,0.0115,0.0115,0.0116,0.0116,0.0116,0.0116,0.0116,0.0116,0.0116,0.0117,0.0117,0.0117,0.0117,0.0117,0.0117,0.0117,0.0117,0.0117,0.0117,0.0117,0.0118,0.0118,0.0118,0.0118,0.0118,0.0118,0.0124,0.0124,0.0124,0.0126,0.0129,0.0129,0.0129,0.0129,0.0129,0.0129,0.0130,0.0130,0.0130,0.0140,0.0140,0.0140,0.0140,0.0140,0.0140,0.0141,0.0141,0.0141,0.0141,0.0141,0.0141,0.0141,0.0141,0.0141,0.0141,0.0141,0.0141,0.0141,0.0141,0.0141,0.0141,0.0141,0.0141,0.0141,0.0141,0.0141,0.0141,0.0141,0.0141,0.0141,0.0141,0.0141,0.0142,0.0142,0.0142,0.0142,0.0142,0.0142,0.0142,0.0142,0.0142,0.0142,0.0142,0.0142,0.0142,0.0142,0.0142,0.0142,0.0142,0.0142,0.0142,0.0142,0.0142,0.0142,0.0142,0.0142,0.0142,0.0142,0.0142,0.0142,0.0142,0.0142,0.0142,0.0142
45125.5833333,0.0042,0.0042,0.0042,0.0042,0.0042,0.0042,0.0043,0.0050,0.0050,0.0050,0.0050,0.0050,0.0050,0.0055,0.0055,0.0055,0.0055,0.0055,0.0056,0.0056,0.0056,0.0056,0.0056,0.0056,0.0056,0.0056,0.0056,0.0056,0.0057,0.0057,0.0057,0.0057,0.0057,0.0057,0.0057,0.0057,0.0057,0.0057,0.0057,0.0061,0.0061,0.0061,0.0061,0.0061,0.0061,0.0061,0.0061,0.0065,0.0065,0.0065,0.0066,0.0066,0.0066,0.0066,0.0066,0.0066,0.0066,0.0066,0.0067,0.0067,0.0067,0.0067,0.0067,0.0067,0.0067,0.0067,0.0067,0.0069,0.0069,0.0069,0.0069,0.0069,0.0069,0.0069,0.0069,0.0069,0.0069,0.0071,0.0071,0.0071,0.0071,0.0071,0.0071,0.0072,0.0072,0.0072,0.0072,0.0073,0.0073,0.0073,0.0073,0.0073,0.0073,0.0073,0.0073,0.0074,0.0074,0.0074,0.0074,0.0074,0.0074,0.0074,0.0107,0.0107,0.0107,0.0107,0.0107,0.0111,0.0111,0.0111,0.0112,0.0112,0.0113,0.0113,0.0113,0.0113,0.0113,0.0113,0.0113,0.0113,0.0114,0.0114,0.0114,0.0114,0.0114,0.0114,0.0114,0.0115,0.0115,0.0115,0.0115,0.0115,0.0115,0.0115,0.0116,0.0116,0.0116,0.0116,0.0116,0.0116,0.0116,0.0116,0.0116,0.0116,0.0117,0.0117,0.0117,0.0117,0.0117,0.0117,0.0117,0.0117,0.0117,0.0117,0.0117,0.0117,0.0118,0.0118,0.0123,0.0123,0.0123,0.0125,0.0128,0.0128,0.0129,0.0129,0.0129,0.0129,0.0129,0.0129,0.0129,0.0139,0.0139,0.0139,0.0140,0.0140,0.0140,0.0140,0.0140,0.0140,0.0140,0.0140,0.0140,0.0140,0.0140,0.0141,0.0141,0.0141,0.0141,0.0141,0.0141,0.0141,0.0141,0.0141,0.0141,0.0141,0.0141,0.0141,0.0141,0.0141,0.0141,0.0141,0.0141,0.0141,0.0141,0.0141,0.0141,0.0141,0.0141,0.0141,0.0141,0.0141,0.0141,0.0141,0.0142,0.0142,0.0142,0.0142,0.0142,0.0142,0.0142,0.0142,0.0142,0.0142,0.0142,0.0142,0.0142,0.0142,0.0142,0.0142,0.0142,0.0142,0.0142,0.0142,0.0142,0.0142
45125.6250000,0.0042,0.0042,0.0042,0.0042,0.0042,0.0042,0.0043,0.0050,0.0050,0.0050,0.0050,0.0050,0.0050,0.0055,0.0055,0.0055,0.0055,0.0055,0.0056,0.0056,0.0056,0.0056,0.0056,0.0056,0.0056,0.0056,0.0056,0.0056,0.0057,0.0057,0.0057,0.0057,0.0057,0.0057,0.0057,0.0057,0.0057,0.0057,0.0057,0.0061,0.0061,0.0061,0.0061,0.0061,0.0061,0.0061,0.0061,0.0065,0.0065,0.0065,0.0066,0.0066,0.0066,0.0066,0.0066,0.0066,0.0066,0.0066,0.0067,0.0067,0.0067,0.0067,0.0067,0.0067,0.0067,0.0067,0.0067,0.0069,0.0069,0.0069,0.0069,0.0069,0.0069,0.0069,0.0069,0.0069,0.0069,0.0071,0.0071,0.0071,0.0071,0.0071,0.0071,0.0072,0.0072,0.0072,0.0072,0.0073,0.0073,0.0073,0.0073,0.0073,0.0073,0.0073,0.0073,0.0074,0.0074,0.0074,0.0074,0.0074,0.0074,0.0074,0.0107,0.0107,0.0107,0.0107,0.0107,0.0111,0.0111,0.0111,0.0112,0.0112,0.0113,0.0113,0.0113,0.0113,0.0113,0.0113,0.0113,0.0113,0.0114,0.0114,0.0114,0.0114,0.0114,0.0114,0.0114,0.0115,0.0115,0.0115,0.0115,0.0115,0.0115,0.0115,0.0116,0.0116,0.0116,0.0116,0.0116,0.0116,0.0116,0.0116,0.0116,0.0116,0.0117,0.0117,0.0117,0.0117,0.0117,0.0117,0.0117,0.0117,0.0117,0.0117,0.0117,0.0117,0.0117,0.0117,0.0123,0.0123,0.0123,0.0125,0.0128,0.0128,0.0128,0.0128,0.0128,0.0128,0.0129,0.0129,0.0129,0.0139,0.0139,0.0139,0.0139,0.0139,0.0139,0.0139,0.0139,0.0139,0.0139,0.0139,0.0140,0.0140,0.0140,0.0140,0.0140,0.0140,0.0140,0.0140,0.0140,0.0140,0.0140,0.0140,0.0140,0.0140,0.0140,0.0140,0.0140,0.0140,0.0140,0.0141,0.0141,0.0141,0.0141,0.0141,0.0141,0.0141,0.0141,0.0141,0.0141,0.0141,0.0141,0.0141,0.0141,0.0141,0.0141,0.0141,0.0141,0.0141,0.0141,0.0141,0.0141,0.0141,0.0141,0.0141,0.0141,0.0142,0.0142,0.0142,0.0142,0.0142,0.0142,0.0142,0.0142,0.0142
45125.6666667,0.0042,0.0042,0.0042,0.0042,0.0042,0.0042,0.0043,0.0050,0.0050,0.0050,0.0050,0.0050,0.0050,0.0055,0.0055,0.0055,0.0055,0.0055,0.0056,0.0056,0.0056,0.0056,0.0056,0.0056,0.0056,0.0056,0.0056,0.0056,0.0057,0.0057,0.0057,0.0057,0.0057,0.0057,0.0057,0.0057,0.0057,0.0057,0.0057,0.0061,0.0061,0.0061,0.0061,0.0061,0.0061,0.0061,0.0061,0.0065,0.0065,0.0065,0.0066,0.0066,0.0066,0.0066,0.0066,0.0066,0.0066,0.0066,0.0067,0.0067,0.0067,0.0067,0.0067,0.0067,0.0067,0.0067,0.0067,0.0069,0.0069,0.0069,0.0069,0.0069,0.0069,0.0069,0.0069,0.0069,0.0069,0.0071,0.0071,0.0071,0.0071,0.0071,0.0071,0.0072,0.0072,0.0072,0.0072,0.0073,0.0073,0.0073,0.0073,0.0073,0.0073,0.0073,0.0073,0.0074,0.0074,0.0074,0.0074,0.0074,0.0074,0.0074,0.0107,0.0107,0.0107,0.0107,0.0107,0.0111,0.0111,0.0111,0.0112,0.0112,0.0113,0.0113,0.0113,0.0113,0.0113,0.0113,0.0113,0.0113,0.0114,0.0114,0.0114,0.0114,0.0114,0.0114,0.0114,0.0115,0.0115,0.0115,0.0115,0.0115,0.0115,0.0115,0.0116,0.0116,0.0116,0.0116,0.0116,0.0116,0.0116,0.0116,0.0116,0.0116,0.0117,0.0117,0.0117,0.0117,0.0117,0.0117,0.0117,0.0117,0.0117,0.0117,0.0117,0.0117,0.0117,0.0117,0.0123,0.0123,0.0123,0.0125,0.0128,0.0128,0.0128,0.0128,0.0128,0.0128,0.0128,0.0128,0.0129,0.0138,0.0139,0.0139,0.0139,0.0139,0.0139,0.0139,0.0139,0.0139,0.0139,0.0139,0.0139,0.0139,0.0139,0.0139,0.0139,0.0140,0.0140,0.0140,0.0140,0.0140,0.0140,0.0140,0.0140,0.0140,0.0140,0.0140,0.0140,0.0140,0.0140,0.0140,0.0140,0.0140,0.0140,0.0140,0.0140,0.0140,0.0140,0.0140,0.0140,0.0140,0.0140,0.0140,0.0140,0.0140,0.0141,0.0141,0.0141,0.0141,0.0141,0.0141,0.0141,0.0141,0.0141,0.0141,0.0141,0.0141,0.0141,0.0141,0.0141,0.0141,0.0141,0.0141,0.0141,0.0141
45125.7083333,0.0042,0.0042,0.0042,0.0042,0.0042,0.0042,0.0043,0.0050,0.0050,0.0050,0.0050,0.0050,0.0050,0.0055,0.0055,0.0055,0.0055,0.0055,0.0056,0.0056,0.0056,0.0056,0.0056,0.0056,0.0056,0.0056,0.0056,0.0056,0.0057,0.0057,0.0057,0.0057,0.0057,0.0057,0.0057,0.0057,0.0057,0.0057,0.0057,0.0061,0.0061,0.0061,0.0061,0.0061,0.0061,0.0061,0.0061,0.0065,0.0065,0.0065,0.0066,0.0066,0.0066,0.0066,0.0066,0.0066,0.0066,0.0066,0.0067,0.0067,0.0067,0.0067,0.0067,0.0067,0.0067,0.0067,0.0067,0.0069,0.0069,0.0069,0.0069,0.0069,0.0069,0.0069,0.0069,0.0069,0.0069,0.0071,0.0071,0.0071,0.0071,0.0071,0.0071,0.0072,0.0072,0.0072,0.0072,0.0073,0.0073,0.0073,0.0073,0.0073,0.0073,0.0073,0.0073,0.0074,0.0074,0.0074,0.0074,0.0074,0.0074,0.0074,0.0107,0.0107,0.0107,0.0107,0.0107,0.0111,0.0111,0.0111,0.0112,0.0112,0.0113,0.0113,0.0113,0.0113,0.0113,0.0113,0.0113,0.0113,0.0114,0.0114,0.0114,0.0114,0.0114,0.0114,0.0114,0.0115,0.0115,0.0115,0.0115,0.0115,0.0115,0.0115,0.0116,0.0116,0.0116,0.0116,0.0116,0.0116,0.0116,0.0116,0.0116,0.0116,0.0117,0.0117,0.0117,0.0117,0.0117,0.0117,0.0117,0.0117,0.0117,0.0117,0.0117,0.0117,0.0117,0.0117,0.0123,0.0123,0.0123,0.0125,0.0128,0.0128,0.0128,0.0128,0.0128,0.0128,0.0128,0.0128,0.0128,0.0138,0.0139,0.0139,0.0139,0.0139,0.0139,0.0139,0.0139,0.0139,0.0139,0.0139,0.0139,0.0139,0.0139,0.0139,0.0139,0.0139,0.0139,0.0139,0.0139,0.0139,0.0139,0.0139,0.0139,0.0139,0.0139,0.0139,0.0140,0.0140,0.0140,0.0140,0.0140,0.0140,0.0140,0.0140,0.0140,0.0140,0.0140,0.0140,0.0140,0.0140,0.0140,0.0140,0.0140,0.0140,0.0140,0.0140,0.0140,0.0140,0.0140,0.0140,0.0140,0.0140,0.0140,0.0140,0.0140,0.0140,0.0140,0.0140,0.0140,0.0141,0.0141,0.0141,0.0141,0.0141
45125.7500000,0.0042,0.0042,0.0042,0.0042,0.0042,0.0042,0.0043,0.0050,0.0050,0.0050,0.0050,0.0050,0.0050,0.0055,0.0055,0.0055,0.0055,0.0055,0.0056,0.0056,0.0056,0.0056,0.0056,0.0056,0.0056,0.0056,0.0056,0.0056,0.0057,0.0057,0.0057,0.0057,0.0057,0.0057,0.0057,0.0057,0.0057,0.0057,0.0057,0.0061,0.0061,0.0061,0.0061,0.0061,0.0061,0.0061,0.0061,0.0065,0.0065,0.0065,0.0066,0.0066,0.0066,0.0066,0.0066,0.0066,0.0066,0.0066,0.0067,0.0067,0.0067,0.0067,0.0067,0.0067,0.0067,0.0067,0.0067,0.0069,0.0069,0.0069,0.0069,0.0069,0.0069,0.0069,0.0069,0.0069,0.0069,0.0071,0.0071,0.0071,0.0071,0.0071,0.0071,0.0072,0.0072,0.0072,0.0072,0.0073,0.0073,0.0073,0.0073,0.0073,0.0073,0.0073,0.0073,0.0074,0.0074,0.0074,0.0074,0.0074,0.0074,0.0074,0.0107,0.0107,0.0107,0.0107,0.0107,0.0111,0.0111,0.0111,0.0112,0.0112,0.0113,0.0113,0.0113,0.0113,0.0113,0.0113,0.0113,0.0113,0.0114,0.0114,0.0114,0.0114,0.0114,0.0114,0.0114,0.0115,0.0115,0.0115,0.0115,0.0115,0.0115,0.0115,0.0116,0.0116,0.0116,0.0116,0.0116,0.0116,0.0116,0.0116,0.0116,0.0116,0.0117,0.0117,0.0117,0.0117,0.0117,0.0117,0.0117,0.0117,0.0117,0.0117,0.0117,0.0117,0.0117,0.0117,0.0123,0.0123,0.0123,0.0125,0.0128,0.0128,0.0128,0.0128,0.0128,0.0128,0.0128,0.0128,0.0128,0.0138,0.0139,0.0139,0.0139,0.0139,0.0139,0.0139,0.0139,0.0139,0.0139,0.0139,0.0139,0.0139,0.0139,0.0139,0.0139,0.0139,0.0139,0.0139,0.0139,0.0139,0.0139,0.0139,0.0139,0.0139,0.0139,0.0139,0.0139,0.0139,0.0139,0.0139,0.0139,0.0139,0.0139,0.0140,0.0140,0.0140,0.0140,0.0140,0.0140,0.0140,0.0140,0.0140,0.0140,0.0140,0.0140,0.0140,0.0140,0.0140,0.0140,0.0140,0.0140,0.0140,0.0140,0.0140,0.0140,0.0140,0.0140,0.0140,0.0140,0.0140,0.0140,0.0140,0.0140,0.0140
45125.7916667,0.0042,0.0042,0.0042,0.0042,0.0042,0.0042,0.0043,0.0050,0.0050,0.0050,0.0050,0.0050,0.0050,0.0055,0.0055,0.0055,0.0055,0.0055,0.0056,0.0056,0.0056,0.0056,0.0056,0.0056,0.0056,0.0056,0.0056,0.0056,0.0057,0.0057,0.0057,0.0057,0.0057,0.0057,0.0057,0.0057,0.0057,0.0057,0.0057,0.0061,0.0061,0.0061,0.0061,0.0061,0.0061,0.0061,0.0061,0.0065,0.0065,0.0065,0.0066,0.0066,0.0066,0.0066,0.0066,0.0066,0.0066,0.0066,0.0067,0.0067,0.0067,0.0067,0.0067,0.0067,0.0067,0.0067,0.0067,0.0069,0.0069,0.0069,0.0069,0.0069,0.0069,0.0069,0.0069,0.0069,0.0069,0.0071,0.0071,0.0071,0.0071,0.0071,0.0071,0.0072,0.0072,0.0072,0.0072,0.0073,0.0073,0.0073,0.0073,0.0073,0.0073,0.0073,0.0073,0.0074,0.0074,0.0074,0.0074,0.0074,0.0074,0.0074,0.0107,0.0107,0.0107,0.0107,0.0107,0.0111,0.0111,0.0111,0.0112,0.0112,0.0113,0.0113,0.0113,0.0113,0.0113,0.0113,0.0113,0.0113,0.0114,0.0114,0.0114,0.0114,0.0114,0.0114,0.0114,0.0115,0.0115,0.0115,0.0115,0.0115,0.0115,0.0115,0.0116,0.0116,0.0116,0.0116,0.0116,0.0116,0.0116,0.0116,0.0116,0.0116,0.0117,0.0117,0.0117,0.0117,0.0117,0.0117,0.0117,0.0117,0.0117,0.0117,0.0117,0.0117,0.0117,0.0117,0.0123,0.0123,0.0123,0.0125,0.0128,0.0128,0.0128,0.0128,0.0128,0.0128,0.0128,0.0128,0.0128,0.0138,0.0139,0.0139,0.0139,0.0139,0.0139,0.0139,0.0139,0.0139,0.0139,0.0139,0.0139,0.0139,0.0139,0.0139,0.0139,0.0139,0.0139,0.0139,0.0139,0.0139,0.0139,0.0139,0.0139,0.0139,0.0139,0.0139,0.0139,0.0139,0.0139,0.0139,0.0139,0.0139,0.0139,0.0139,0.0139,0.0139,0.0139,0.0140,0.0140,0.0140,0.0140,0.0140,0.0140,0.0140,0.0140,0.0140,0.0140,0.0140,0.0140,0.0140,0.0140,0.0140,0.0140,0.0140,0.0140,0.0140,0.0140,0.0140,0.0140,0.0140,0.0140,0.0140,0.0140,0.0140
45125.8333333,0.0042,0.0042,0.0042,0.0042,0.0042,0.0042,0.0043,0.0050,0.0050,0.0050,0.0050,0.0050,0.0050,0.0055,0.0055,0.0055,0.0055,0.0055,0.0056,0.0056,0.0056,0.0056,0.0056,0.0056,0.0056,0.0056,0.0056,0.0056,0.0057,0.0057,0.0057,0.0057,0.0057,0.0057,0.0057,0.0057,0.0057,0.0057,0.0057,0.0061,0.0061,0.0061,0.0061,0.0061,0.0061,0.0061,0.0061,0.0065,0.0065,0.0065,0.0066,0.0066,0.0066,0.0066,0.0066,0.0066,0.0066,0.0066,0.0067,0.0067,0.0067,0.0067,0.0067,0.0067,0.0067,0.0067,0.0067,0.0069,0.0069,0.0069,0.0069,0.0069,0.0069,0.0069,0.0069,0.0069,0.0069,0.0071,0.0071,0.0071,0.0071,0.0071,0.0071,0.0072,0.0072,0.0072,0.0072,0.0073,0.0073,0.0073,0.0073,0.0073,0.0073,0.0073,0.0073,0.0074,0.0074,0.0074,0.0074,0.0074,0.0074,0.0074,0.0107,0.0107,0.0107,0.0107,0.0107,0.0111,0.0111,0.0111,0.0112,0.0112,0.0113,0.0113,0.0113,0.0113,0.0113,0.0113,0.0113,0.0113,0.0114,0.0114,0.0114,0.0114,0.0114,0.0114,0.0114,0.0115,0.0115,0.0115,0.0115,0.0115,0.0115,0.0115,0.0116,0.0116,0.0116,0.0116,0.0116,0.0116,0.0116,0.0116,0.0116,0.0116,0.0117,0.0117,0.0117,0.0117,0.0117,0.0117,0.0117,0.0117,0.0117,0.0117,0.0117,0.0117,0.0117,0.0117,0.0123,0.0123,0.0123,0.0125,0.0128,0.0128,0.0128,0.0128,0.0128,0.0128,0.0128,0.0128,0.0128,0.0138,0.0139,0.0139,0.0139,0.0139,0.0139,0.0139,0.0139,0.0139,0.0139,0.0139,0.0139,0.0139,0.0139,0.0139,0.0139,0.0139,0.0139,0.0139,0.0139,0.0139,0.0139,0.0139,0.0139,0.0139,0.0139,0.0139,0.0139,0.0139,0.0139,0.0139,0.0139,0.0139,0.0139,0.0139,0.0139,0.0139,0.0139,0.0139,0.0140,0.0140,0.0140,0.0140,0.0140,0.0140,0.0140,0.0140,0.0140,0.0140,0.0140,0.0140,0.0140,0.0140,0.0140,0.0140,0.0140,0.0140,0.0140,0.0140,0.0140,0.0140,0.0140,0.0140,0.0140,0.0140
45125.8750000,0.0042,0.0042,0.0042,0.0042,0.0042,0.0042,0.0043,0.0050,0.0050,0.0050,0.0050,0.0050,0.0050,0.0055,0.0055,0.0055,0.0055,0.0055,0.0056,0.0056,0.0056,0.0056,0.0056,0.0056,0.0056,0.0056,0.0056,0.0056,0.0057,0.0057,0.0057,0.0057,0.0057,0.0057,0.0057,0.0057,0.0057,0.0057,0.0057,0.0061,0.0061,0.0061,0.0061,0.0061,0.0061,0.0061,0.0061,0.0065,0.0065,0.0065,0.0066,0.0066,0.0066,0.0066,0.0066,0.0066,0.0066,0.0066,0.0067,0.0067,0.0067,0.0067,0.0067,0.0067,0.0067,0.0067,0.0067,0.0069,0.0069,0.0069,0.0069,0.0069,0.0069,0.0069,0.0069,0.0069,0.0069,0.0071,0.0071,0.0071,0.0071,0.0071,0.0071,0.0072,0.0072,0.0072,0.0072,0.0073,0.0073,0.0073,0.0073,0.0073,0.0073,0.0073,0.0073,0.0074,0.0074,0.0074,0.0074,0.0074,0.0074,0.0074,0.0107,0.0107,0.0107,0.0107,0.0107,0.0111,0.0111,0.0111,0.0112,0.0112,0.0113,0.0113,0.0113,0.0113,0.0113,0.0113,0.0113,0.0113,0.0114,0.0114,0.0114,0.0114,0.0114,0.0114,0.0114,0.0115,0.0115,0.0115,0.0115,0.0115,0.0115,0.0115,0.0116,0.0116,0.0116,0.0116,0.0116,0.0116,0.0116,0.0116,0.0116,0.0116,0.0117,0.0117,0.0117,0.0117,0.0117,0.0117,0.0117,0.0117,0.0117,0.0117,0.0117,0.0117,0.0117,0.0117,0.0123,0.0123,0.0123,0.0125,0.0128,0.0128,0.0128,0.0128,0.0128,0.0128,0.0128,0.0128,0.0128,0.0138,0.0139,0.0139,0.0139,0.0139,0.0139,0.0139,0.0139,0.0139,0.0139,0.0139,0.0139,0.0139,0.0139,0.0139,0.0139,0.0139,0.0139,0.0139,0.0139,0.0139,0.0139,0.0139,0.0139,0.0139,0.0139,0.0139,0.0139,0.0139,0.0139,0.0139,0.0139,0.0139,0.0139,0.0139,0.0139,0.0139,0.0139,0.0139,0.0140,0.0140,0.0140,0.0140,0.0140,0.0140,0.0140,0.0140,0.0140,0.0140,0.0140,0.0140,0.0140,0.0140,0.0140,0.0140,0.0140,0.0140,0.0140,0.0140,0.0140,0.0140,0.0140,0.0140,0.0140,0.0140
45125.9166667,0.0042,0.0042,0.0042,0.0042,0.0042,0.0042,0.0043,0.0050,0.0050,0.0050,0.0050,0.0050,0.0050,0.0055,0.0055,0.0055,0.0055,0.0055,0.0056,0.0056,0.0056,0.0056,0.0056,0.0056,0.0056,0.0056,0.0056,0.0056,0.0057,0.0057,0.0057,0.0057,0.0057,0.0057,0.0057,0.0057,0.0057,0.0057,0.0057,0.0061,0.0061,0.0061,0.0061,0.0061,0.0061,0.0061,0.0061,0.0065,0.0065,0.0065,0.0066,0.0066,0.0066,0.0066,0.0066,0.0066,0.0066,0.0066,0.0067,0.0067,0.0067,0.0067,0.0067,0.0067,0.0067,0.0067,0.0067,0.0069,0.0069,0.0069,0.0069,0.0069,0.0069,0.0069,0.0069,0.0069,0.0069,0.0071,0.0071,0.0071,0.0071,0.0071,0.0071,0.0072,0.0072,0.0072,0.0072,0.0073,0.0073,0.0073,0.0073,0.0073,0.0073,0.0073,0.0073,0.0074,0.0074,0.0074,0.0074,0.0074,0.0074,0.0074,0.0107,0.0107,0.0107,0.0107,0.0107,0.0111,0.0111,0.0111,0.0112,0.0112,0.0113,0.0113,0.0113,0.0113,0.0113,0.0113,0.0113,0.0113,0.0114,0.0114,0.0114,0.0114,0.0114,0.0114,0.0114,0.0115,0.0115,0.0115,0.0115,0.0115,0.0115,0.0115,0.0116,0.0116,0.0116,0.0116,0.0116,0.0116,0.0116,0.0116,0.0116,0.0116,0.0117,0.0117,0.0117,0.0117,0.0117,0.0117,0.0117,0.0117,0.0117,0.0117,0.0117,0.0117,0.0117,0.0117,0.0123,0.0123,0.0123,0.0125,0.0128,0.0128,0.0128,0.0128,0.0128,0.0128,0.0128,0.0128,0.0128,0.0138,0.0139,0.0139,0.0139,0.0139,0.0139,0.0139,0.0139,0.0139,0.0139,0.0139,0.0139,0.0139,0.0139,0.0139,0.0139,0.0139,0.0139,0.0139,0.0139,0.0139,0.0139,0.0139,0.0139,0.0139,0.0139,0.0139,0.0139,0.0139,0.0139,0.0139,0.0139,0.0139,0.0139,0.0139,0.0139,0.0139,0.0139,0.0139,0.0140,0.0140,0.0140,0.0140,0.0140,0.0140,0.0140,0.0140,0.0140,0.0140,0.0140,0.0140,0.0140,0.0140,0.0140,0.0140,0.0140,0.0140,0.0140,0.0140,0.0140,0.0140,0.0140,0.0140,0.0140,0.0140
45125.9583333,0.0042,0.0042,0.0042,0.0042,0.0042,0.0042,0.0043,0.0050,0.0050,0.0050,0.0050,0.0050,0.0050,0.0055,0.0055,0.0055,0.0055,0.0055,0.0056,0.0056,0.0056,0.0056,0.0056,0.0056,0.0056,0.0056,0.0056,0.0056,0.0057,0.0057,0.0057,0.0057,0.0057,0.0057,0.0057,0.0057,0.0057,0.0057,0.0057,0.0061,0.0061,0.0061,0.0061,0.0061,0.0061,0.0061,0.0061,0.0065,0.0065,0.0065,0.0066,0.0066,0.0066,0.0066,0.0066,0.0066,0.0066,0.0066,0.0067,0.0067,0.0067,0.0067,0.0067,0.0067,0.0067,0.0067,0.0067,0.0069,0.0069,0.0069,0.0069,0.0069,0.0069,0.0069,0.0069,0.0069,0.0069,0.0071,0.0071,0.0071,0.0071,0.0071,0.0071,0.0072,0.0072,0.0072,0.0072,0.0073,0.0073,0.0073,0.0073,0.0073,0.0073,0.0073,0.0073,0.0074,0.0074,0.0074,0.0074,0.0074,0.0074,0.0074,0.0107,0.0107,0.0107,0.0107,0.0107,0.0111,0.0111,0.0111,0.0112,0.0112,0.0113,0.0113,0.0113,0.0113,0.0113,0.0113,0.0113,0.0113,0.0114,0.0114,0.0114,0.0114,0.0114,0.0114,0.0114,0.0115,0.0115,0.0115,0.0115,0.0115,0.0115,0.0115,0.0116,0.0116,0.0116,0.0116,0.0116,0.0116,0.0116,0.0116,0.0116,0.0116,0.0117,0.0117,0.0117,0.0117,0.0117,0.0117,0.0117,0.0117,0.0117,0.0117,0.0117,0.0117,0.0117,0.0117,0.0123,0.0123,0.0123,0.0125,0.0128,0.0128,0.0128,0.0128,0.0128,0.0128,0.0128,0.0128,0.0128,0.0138,0.0139,0.0139,0.0139,0.0139,0.0139,0.0139,0.0139,0.0139,0.0139,0.0139,0.0139,0.0139,0.0139,0.0139,0.0139,0.0139,0.0139,0.0139,0.0139,0.0139,0.0139,0.0139,0.0139,0.0139,0.0139,0.0139,0.0139,0.0139,0.0139,0.0139,0.0139,0.0139,0.0139,0.0139,0.0139,0.0139,0.0139,0.0139,0.0140,0.0140,0.0140,0.0140,0.0140,0.0140,0.0140,0.0140,0.0140,0.0140,0.0140,0.0140,0.0140,0.0140,0.0140,0.0140,0.0140,0.0140,0.0140,0.0140,0.0140,0.0140,0.0140,0.0140,0.0140,0.0140
45126.0000000,0.0042,0.0042,0.0042,0.0042,0.0042,0.0042,0.0042,0.0050,0.0050,0.0050,0.0050,0.0050,0.0050,0.0055,0.0055,0.0055,0.0055,0.0055,0.0055,0.0056,0.0056,0.0056,0.0056,0.0056,0.0056,0.0056,0.0056,0.0056,0.0057,0.0057,0.0057,0.0057,0.0057,0.0057,0.0057,0.0057,0.0057,0.0057,0.0057,0.0061,0.0061,0.0061,0.0061,0.0061,0.0061,0.0061,0.0061,0.0065,0.0065,0.0065,0.0066,0.0066,0.0066,0.0066,0.0066,0.0066,0.0066,0.0066,0.0067,0.0067,0.0067,0.0067,0.0067,0.0067,0.0067,0.0067,0.0067,0.0069,0.0069,0.0069,0.0069,0.0069,0.0069,0.0069,0.0069,0.0069,0.0069,0.0071,0.0071,0.0071,0.0071,0.0071,0.0071,0.0072,0.0072,0.0072,0.0072,0.0073,0.0073,0.0073,0.0073,0.0073,0.0073,0.0073,0.0073,0.0074,0.0074,0.0074,0.0074,0.0074,0.0074,0.0074,0.0107,0.0107,0.0107,0.0107,0.0107,0.0111,0.0111,0.0111,0.0112,0.0112,0.0113,0.0113,0.0113,0.0113,0.0113,0.0113,0.0113,0.0113,0.0114,0.0114,0.0114,0.0114,0.0114,0.0114,0.0114,0.0115,0.0115,0.0115,0.0115,0.0115,0.0115,0.0115,0.0116,0.0116,0.0116,0.0116,0.0116,0.0116,0.0116,0.0116,0.0116,0.0116,0.0117,0.0117,0.0117,0.0117,0.0117,0.0117,0.0117,0.0117,0.0117,0.0117,0.0117,0.0117,0.0117,0.0117,0.0123,0.0123,0.0123,0.0125,0.0128,0.0128,0.0128,0.0128,0.0128,0.0128,0.0128,0.0128,0.0128,0.0138,0.0138,0.0138,0.0139,0.0139,0.0139,0.0139,0.0139,0.0139,0.0139,0.0139,0.0139,0.0139,0.0139,0.0139,0.0139,0.0139,0.0139,0.0139,0.0139,0.0139,0.0139,0.0139,0.0139,0.0139,0.0139,0.0139,0.0139,0.0139,0.0139,0.0139,0.0139,0.0139,0.0139,0.0139,0.0139,0.0139,0.0139,0.0139,0.0140,0.0140,0.0140,0.0140,0.0140,0.0140,0.0140,0.0140,0.0140,0.0140,0.0140,0.0140,0.0140,0.0140,0.0140,0.0140,0.0140,0.0140,0.0140,0.0140,0.0140,0.0140,0.0140,0.0140,0.0140,0.0140
45126.0416667,0.0042,0.0042,0.0042,0.0042,0.0042,0.0042,0.0042,0.0049,0.0049,0.0049,0.0050,0.0050,0.0050,0.0055,0.0055,0.0055,0.0055,0.0055,0.0055,0.0055,0.0055,0.0055,0.0056,0.0056,0.0056,0.0056,0.0056,0.0056,0.0056,0.0057,0.0057,0.0057,0.0057,0.0057,0.0057,0.0057,0.0057,0.0057,0.0057,0.0061,0.0061,0.0061,0.0061,0.0061,0.0061,0.0061,0.0061,0.0065,0.0065,0.0065,0.0066,0.0066,0.0066,0.0066,0.0066,0.0066,0.0066,0.0066,0.0067,0.0067,0.0067,0.0067,0.0067,0.0067,0.0067,0.0067,0.0067,0.0069,0.0069,0.0069,0.0069,0.0069,0.0069,0.0069,0.0069,0.0069,0.0069,0.0071,0.0071,0.0071,0.0071,0.0071,0.0071,0.0072,0.0072,0.0072,0.0072,0.0073,0.0073,0.0073,0.0073,0.0073,0.0073,0.0073,0.0073,0.0073,0.0073,0.0074,0.0074,0.0074,0.0074,0.0074,0.0106,0.0107,0.0107,0.0107,0.0107,0.0111,0.0111,0.0111,0.0111,0.0111,0.0113,0.0113,0.0113,0.0113,0.0113,0.0113,0.0113,0.0113,0.0113,0.0113,0.0114,0.0114,0.0114,0.0114,0.0114,0.0115,0.0115,0.0115,0.0115,0.0115,0.0115,0.0115,0.0116,0.0116,0.0116,0.0116,0.0116,0.0116,0.0116,0.0116,0.0116,0.0116,0.0117,0.0117,0.0117,0.0117,0.0117,0.0117,0.0117,0.0117,0.0117,0.0117,0.0117,0.0117,0.0117,0.0117,0.0123,0.0123,0.0123,0.0125,0.0128,0.0128,0.0128,0.0128,0.0128,0.0128,0.0128,0.0128,0.0128,0.0138,0.0138,0.0138,0.0139,0.0139,0.0139,0.0139,0.0139,0.0139,0.0139,0.0139,0.0139,0.0139,0.0139,0.0139,0.0139,0.0139,0.0139,0.0139,0.0139,0.0139,0.0139,0.0139,0.0139,0.0139,0.0139,0.0139,0.0139,0.0139,0.0139,0.0139,0.0139,0.0139,0.0139,0.0139,0.0139,0.0139,0.0139,0.0139,0.0139,0.0140,0.0140,0.0140,0.0140,0.0140,0.0140,0.0140,0.0140,0.0140,0.0140,0.0140,0.0140,0.0140,0.0140,0.0140,0.0140,0.0140,0.0140,0.0140,0.0140,0.0140,0.0140,0.0140,0.0140,0.0140
45126.0833333,0.0042,0.0042,0.0042,0.0042,0.0042,0.0042,0.0042,0.0049,0.0049,0.0049,0.0050,0.0050,0.0050,0.0055,0.0055,0.0055,0.0055,0.0055,0.0055,0.0055,0.0055,0.0055,0.0055,0.0055,0.0055,0.0056,0.0056,0.0056,0.0056,0.0056,0.0056,0.0056,0.0057,0.0057,0.0057,0.0057,0.0057,0.0057,0.0057,0.0061,0.0061,0.0061,0.0061,0.0061,0.0061,0.0061,0.0061,0.0065,0.0065,0.0065,0.0066,0.0066,0.0066,0.0066,0.0066,0.0066,0.0066,0.0066,0.0067,0.0067,0.0067,0.0067,0.0067,0.0067,0.0067,0.0067,0.0067,0.0069,0.0069,0.0069,0.0069,0.0069,0.0069,0.0069,0.0069,0.0069,0.0069,0.0071,0.0071,0.0071,0.0071,0.0071,0.0071,0.0072,0.0072,0.0072,0.0072,0.0073,0.0073,0.0073,0.0073,0.0073,0.0073,0.0073,0.0073,0.0073,0.0073,0.0073,0.0073,0.0074,0.0074,0.0074,0.0106,0.0107,0.0107,0.0107,0.0107,0.0111,0.0111,0.0111,0.0111,0.0111,0.0112,0.0112,0.0113,0.0113,0.0113,0.0113,0.0113,0.0113,0.0113,0.0113,0.0114,0.0114,0.0114,0.0114,0.0114,0.0114,0.0115,0.0115,0.0115,0.0115,0.0115,0.0115,0.0116,0.0116,0.0116,0.0116,0.0116,0.0116,0.0116,0.0116,0.0116,0.0116,0.0117,0.0117,0.0117,0.0117,0.0117,0.0117,0.0117,0.0117,0.0117,0.0117,0.0117,0.0117,0.0117,0.0117,0.0123,0.0123,0.0123,0.0125,0.0128,0.0128,0.0128,0.0128,0.0128,0.0128,0.0128,0.0128,0.0128,0.0138,0.0138,0.0138,0.0139,0.0139,0.0139,0.0139,0.0139,0.0139,0.0139,0.0139,0.0139,0.0139,0.0139,0.0139,0.0139,0.0139,0.0139,0.0139,0.0139,0.0139,0.0139,0.0139,0.0139,0.0139,0.0139,0.0139,0.0139,0.0139,0.0139,0.0139,0.0139,0.0139,0.0139,0.0139,0.0139,0.0139,0.0139,0.0139,0.0139,0.0139,0.0139,0.0139,0.0139,0.0139,0.0140,0.0140,0.0140,0.0140,0.0140,0.0140,0.0140,0.0140,0.0140,0.0140,0.0140,0.0140,0.0140,0.0140,0.0140,0.0140,0.0140,0.0140,0.0140,0.0140
45126.1250000,0.0042,0.0042,0.0042,0.0042,0.0042,0.0042,0.0042,0.0049,0.0049,0.0049,0.0050,0.0050,0.0050,0.0055,0.0055,0.0055,0.0055,0.0055,0.0055,0.0055,0.0055,0.0055,0.0055,0.0055,0.0055,0.0055,0.0056,0.0056,0.0056,0.0056,0.0056,0.0056,0.0056,0.0056,0.0057,0.0057,0.0057,0.0057,0.0057,0.0061,0.0061,0.0061,0.0061,0.0061,0.0061,0.0061,0.0061,0.0065,0.0065,0.0065,0.0066,0.0066,0.0066,0.0066,0.0066,0.0066,0.0066,0.0066,0.0067,0.0067,0.0067,0.0067,0.0067,0.0067,0.0067,0.0067,0.0067,0.0069,0.0069,0.0069,0.0069,0.0069,0.0069,0.0069,0.0069,0.0069,0.0069,0.0071,0.0071,0.0071,0.0071,0.0071,0.0071,0.0072,0.0072,0.0072,0.0072,0.0072,0.0073,0.0073,0.0073,0.0073,0.0073,0.0073,0.0073,0.0073,0.0073,0.0073,0.0073,0.0073,0.0074,0.0074,0.0106,0.0107,0.0107,0.0107,0.0107,0.0111,0.0111,0.0111,0.0111,0.0111,0.0112,0.0112,0.0113,0.0113,0.0113,0.0113,0.0113,0.0113,0.0113,0.0113,0.0114,0.0114,0.0114,0.0114,0.0114,0.0114,0.0114,0.0115,0.0115,0.0115,0.0115,0.0115,0.0115,0.0115,0.0115,0.0115,0.0116,0.0116,0.0116,0.0116,0.0116,0.0116,0.0116,0.0116,0.0116,0.0117,0.0117,0.0117,0.0117,0.0117,0.0117,0.0117,0.0117,0.0117,0.0117,0.0117,0.0123,0.0123,0.0123,0.0125,0.0128,0.0128,0.0128,0.0128,0.0128,0.0128,0.0128,0.0128,0.0128,0.0138,0.0138,0.0138,0.0139,0.0139,0.0139,0.0139,0.0139,0.0139,0.0139,0.0139,0.0139,0.0139,0.0139,0.0139,0.0139,0.0139,0.0139,0.0139,0.0139,0.0139,0.0139,0.0139,0.0139,0.0139,0.0139,0.0139,0.0139,0.0139,0.0139,0.0139,0.0139,0.0139,0.0139,0.0139,0.0139,0.0139,0.0139,0.0139,0.0139,0.0139,0.0139,0.0139,0.0139,0.0139,0.0139,0.0139,0.0139,0.0139,0.0139,0.0139,0.0140,0.0140,0.0140,0.0140,0.0140,0.0140,0.0140,0.0140,0.0140,0.0140,0.0140,0.0140,0.0140,0.0140
45126.1666667,0.0042,0.0042,0.0042,0.0042,0.0042,0.0042,0.0042,0.0049,0.0049,0.0049,0.0050,0.0050,0.0050,0.0055,0.0055,0.0055,0.0055,0.0055,0.0055,0.0055,0.0055,0.0055,0.0055,0.0055,0.0055,0.0055,0.0056,0.0056,0.0056,0.0056,0.0056,0.0056,0.0056,0.0056,0.0056,0.0057,0.0057,0.0057,0.0057,0.0061,0.0061,0.0061,0.0061,0.0061,0.0061,0.0061,0.0061,0.0065,0.0065,0.0065,0.0065,0.0065,0.0066,0.0066,0.0066,0.0066,0.0066,0.0066,0.0067,0.0067,0.0067,0.0067,0.0067,0.0067,0.0067,0.0067,0.0067,0.0069,0.0069,0.0069,0.0069,0.0069,0.0069,0.0069,0.0069,0.0069,0.0069,0.0071,0.0071,0.0071,0.0071,0.0071,0.0071,0.0072,0.0072,0.0072,0.0072,0.0072,0.0072,0.0073,0.0073,0.0073,0.0073,0.0073,0.0073,0.0073,0.0073,0.0073,0.0073,0.0073,0.0073,0.0074,0.0106,0.0106,0.0107,0.0107,0.0107,0.0111,0.0111,0.0111,0.0111,0.0111,0.0112,0.0112,0.0113,0.0113,0.0113,0.0113,0.0113,0.0113,0.0113,0.0113,0.0114,0.0114,0.0114,0.0114,0.0114,0.0114,0.0114,0.0115,0.0115,0.0115,0.0115,0.0115,0.0115,0.0115,0.0115,0.0115,0.0116,0.0116,0.0116,0.0116,0.0116,0.0116,0.0116,0.0116,0.0116,0.0116,0.0117,0.0117,0.0117,0.0117,0.0117,0.0117,0.0117,0.0117,0.0117,0.0117,0.0123,0.0123,0.0123,0.0125,0.0128,0.0128,0.0128,0.0128,0.0128,0.0128,0.0128,0.0128,0.0128,0.0138,0.0138,0.0138,0.0139,0.0139,0.0139,0.0139,0.0139,0.0139,0.0139,0.0139,0.0139,0.0139,0.0139,0.0139,0.0139,0.0139,0.0139,0.0139,0.0139,0.0139,0.0139,0.0139,0.0139,0.0139,0.0139,0.0139,0.0139,0.0139,0.0139,0.0139,0.0139,0.0139,0.0139,0.0139,0.0139,0.0139,0.0139,0.0139,0.0139,0.0139,0.0139,0.0139,0.0139,0.0139,0.0139,0.0139,0.0139,0.0139,0.0139,0.0139,0.0139,0.0139,0.0140,0.0140,0.0140,0.0140,0.0140,0.0140,0.0140,0.0140,0.0140,0.0140,0.0140,0.0140
45126.2083333,0.0042,0.0042,0.0042,0.0042,0.0042,0.0042,0.0042,0.0049,0.0049,0.0049,0.0050,0.0050,0.0050,0.0055,0.0055,0.0055,0.0055,0.0055,0.0055,0.0055,0.0055,0.0055,0.0055,0.0055,0.0055,0.0055,0.0056,0.0056,0.0056,0.0056,0.0056,0.0056,0.0056,0.0056,0.0056,0.0057,0.0057,0.0057,0.0057,0.0061,0.0061,0.0061,0.0061,0.0061,0.0061,0.0061,0.0061,0.0064,0.0064,0.0064,0.0065,0.0065,0.0065,0.0066,0.0066,0.0066,0.0066,0.0066,0.0066,0.0066,0.0066,0.0066,0.0066,0.0066,0.0067,0.0067,0.0067,0.0069,0.0069,0.0069,0.0069,0.0069,0.0069,0.0069,0.0069,0.0069,0.0069,0.0071,0.0071,0.0071,0.0071,0.0071,0.0071,0.0072,0.0072,0.0072,0.0072,0.0072,0.0072,0.0072,0.0073,0.0073,0.0073,0.0073,0.0073,0.0073,0.0073,0.0073,0.0073,0.0073,0.0073,0.0073,0.0106,0.0106,0.0107,0.0107,0.0107,0.0111,0.0111,0.0111,0.0111,0.0111,0.0112,0.0112,0.0113,0.0113,0.0113,0.0113,0.0113,0.0113,0.0113,0.0113,0.0114,0.0114,0.0114,0.0114,0.0114,0.0114,0.0114,0.0115,0.0115,0.0115,0.0115,0.0115,0.0115,0.0115,0.0115,0.0115,0.0116,0.0116,0.0116,0.0116,0.0116,0.0116,0.0116,0.0116,0.0116,0.0116,0.0116,0.0116,0.0117,0.0117,0.0117,0.0117,0.0117,0.0117,0.0117,0.0117,0.0123,0.0123,0.0123,0.0125,0.0127,0.0127,0.0128,0.0128,0.0128,0.0128,0.0128,0.0128,0.0128,0.0138,0.0138,0.0138,0.0138,0.0138,0.0138,0.0138,0.0139,0.0139,0.0139,0.0139,0.0139,0.0139,0.0139,0.0139,0.0139,0.0139,0.0139,0.0139,0.0139,0.0139,0.0139,0.0139,0.0139,0.0139,0.0139,0.0139,0.0139,0.0139,0.0139,0.0139,0.0139,0.0139,0.0139,0.0139,0.0139,0.0139,0.0139,0.0139,0.0139,0.0139,0.0139,0.0139,0.0139,0.0139,0.0139,0.0139,0.0139,0.0139,0.0139,0.0139,0.0139,0.0139,0.0140,0.0140,0.0140,0.0140,0.0140,0.0140,0.0140,0.0140,0.0140,0.0140,0.0140,0.0140
45126.2500000,0.0042,0.0042,0.0042,0.0042,0.0042,0.0042,0.0042,0.0049,0.0049,0.0049,0.0050,0.0050,0.0050,0.0055,0.0055,0.0055,0.0055,0.0055,0.0055,0.0055,0.0055,0.0055,0.0055,0.0055,0.0055,0.0055,0.0056,0.0056,0.0056,0.0056,0.0056,0.0056,0.0056,0.0056,0.0056,0.0057,0.0057,0.0057,0.0057,0.0061,0.0061,0.0061,0.0061,0.0061,0.0061,0.0061,0.0061,0.0064,0.0064,0.0064,0.0065,0.0065,0.0065,0.0066,0.0066,0.0066,0.0066,0.0066,0.0066,0.0066,0.0066,0.0066,0.0066,0.0066,0.0066,0.0066,0.0067,0.0068,0.0069,0.0069,0.0069,0.0069,0.0069,0.0069,0.0069,0.0069,0.0069,0.0071,0.0071,0.0071,0.0071,0.0071,0.0071,0.0072,0.0072,0.0072,0.0072,0.0072,0.0072,0.0072,0.0072,0.0073,0.0073,0.0073,0.0073,0.0073,0.0073,0.0073,0.0073,0.0073,0.0073,0.0073,0.0106,0.0106,0.0106,0.0107,0.0107,0.0111,0.0111,0.0111,0.0111,0.0111,0.0112,0.0112,0.0113,0.0113,0.0113,0.0113,0.0113,0.0113,0.0113,0.0113,0.0114,0.0114,0.0114,0.0114,0.0114,0.0114,0.0114,0.0114,0.0115,0.0115,0.0115,0.0115,0.0115,0.0115,0.0115,0.0115,0.0116,0.0116,0.0116,0.0116,0.0116,0.0116,0.0116,0.0116,0.0116,0.0116,0.0116,0.0116,0.0117,0.0117,0.0117,0.0117,0.0117,0.0117,0.0117,0.0117,0.0123,0.0123,0.0123,0.0124,0.0127,0.0127,0.0128,0.0128,0.0128,0.0128,0.0128,0.0128,0.0128,0.0138,0.0138,0.0138,0.0138,0.0138,0.0138,0.0138,0.0138,0.0138,0.0138,0.0138,0.0138,0.0139,0.0139,0.0139,0.0139,0.0139,0.0139,0.0139,0.0139,0.0139,0.0139,0.0139,0.0139,0.0139,0.0139,0.0139,0.0139,0.0139,0.0139,0.0139,0.0139,0.0139,0.0139,0.0139,0.0139,0.0139,0.0139,0.0139,0.0139,0.0139,0.0139,0.0139,0.0139,0.0139,0.0139,0.0139,0.0139,0.0139,0.0139,0.0139,0.0139,0.0139,0.0139,0.0140,0.0140,0.0140,0.0140,0.0140,0.0140,0.0140,0.0140,0.0140,0.0140,0.0140
45126.2916667,0.0042,0.0042,0.0042,0.0042,0.0042,0.0042,0.0042,0.0049,0.0049,0.0049,0.0050,0.0050,0.0050,0.0055,0.0055,0.0055,0.0055,0.0055,0.0055,0.0055,0.0055,0.0055,0.0055,0.0055,0.0055,0.0055,0.0056,0.0056,0.0056,0.0056,0.0056,0.0056,0.0056,0.0056,0.0056,0.0057,0.0057,0.0057,0.0057,0.0061,0.0061,0.0061,0.0061,0.0061,0.0061,0.0061,0.0061,0.0064,0.0064,0.0064,0.0065,0.0065,0.0065,0.0066,0.0066,0.0066,0.0066,0.0066,0.0066,0.0066,0.0066,0.0066,0.0066,0.0066,0.0066,0.0066,0.0066,0.0068,0.0068,0.0068,0.0069,0.0069,0.0069,0.0069,0.0069,0.0069,0.0069,0.0070,0.0070,0.0071,0.0071,0.0071,0.0071,0.0072,0.0072,0.0072,0.0072,0.0072,0.0072,0.0072,0.0072,0.0073,0.0073,0.0073,0.0073,0.0073,0.0073,0.0073,0.0073,0.0073,0.0073,0.0073,0.0106,0.0106,0.0106,0.0106,0.0107,0.0111,0.0111,0.0111,0.0111,0.0111,0.0112,0.0112,0.0112,0.0113,0.0113,0.0113,0.0113,0.0113,0.0113,0.0113,0.0114,0.0114,0.0114,0.0114,0.0114,0.0114,0.0114,0.0114,0.0114,0.0115,0.0115,0.0115,0.0115,0.0115,0.0115,0.0115,0.0116,0.0116,0.0116,0.0116,0.0116,0.0116,0.0116,0.0116,0.0116,0.0116,0.0116,0.0116,0.0117,0.0117,0.0117,0.0117,0.0117,0.0117,0.0117,0.0117,0.0123,0.0123,0.0123,0.0124,0.0127,0.0127,0.0128,0.0128,0.0128,0.0128,0.0128,0.0128,0.0128,0.0138,0.0138,0.0138,0.0138,0.0138,0.0138,0.0138,0.0138,0.0138,0.0138,0.0138,0.0138,0.0139,0.0139,0.0139,0.0139,0.0139,0.0139,0.0139,0.0139,0.0139,0.0139,0.0139,0.0139,0.0139,0.0139,0.0139,0.0139,0.0139,0.0139,0.0139,0.0139,0.0139,0.0139,0.0139,0.0139,0.0139,0.0139,0.0139,0.0139,0.0139,0.0139,0.0139,0.0139,0.0139,0.0139,0.0139,0.0139,0.0139,0.0139,0.0139,0.0139,0.0139,0.0139,0.0139,0.0139,0.0139,0.0139,0.0140,0.0140,0.0140,0.0140,0.0140,0.0140,0.0140
45126.3333333,0.0042,0.0042,0.0042,0.0042,0.0042,0.0042,0.0042,0.0049,0.0049,0.0049,0.0050,0.0050,0.0050,0.0055,0.0055,0.0055,0.0055,0.0055,0.0055,0.0055,0.0055,0.0055,0.0055,0.0055,0.0055,0.0055,0.0056,0.0056,0.0056,0.0056,0.0056,0.0056,0.0056,0.0056,0.0056,0.0057,0.0057,0.0057,0.0057,0.0061,0.0061,0.0061,0.0061,0.0061,0.0061,0.0061,0.0061,0.0064,0.0064,0.0064,0.0065,0.0065,0.0065,0.0066,0.0066,0.0066,0.0066,0.0066,0.0066,0.0066,0.0066,0.0066,0.0066,0.0066,0.0066,0.0066,0.0066,0.0068,0.0068,0.0068,0.0068,0.0069,0.0069,0.0069,0.0069,0.0069,0.0069,0.0070,0.0070,0.0070,0.0070,0.0071,0.0071,0.0072,0.0072,0.0072,0.0072,0.0072,0.0072,0.0072,0.0072,0.0073,0.0073,0.0073,0.0073,0.0073,0.0073,0.0073,0.0073,0.0073,0.0073,0.0073,0.0106,0.0106,0.0106,0.0106,0.0106,0.0111,0.0111,0.0111,0.0111,0.0111,0.0112,0.0112,0.0112,0.0113,0.0113,0.0113,0.0113,0.0113,0.0113,0.0113,0.0114,0.0114,0.0114,0.0114,0.0114,0.0114,0.0114,0.0114,0.0114,0.0114,0.0115,0.0115,0.0115,0.0115,0.0115,0.0115,0.0116,0.0116,0.0116,0.0116,0.0116,0.0116,0.0116,0.0116,0.0116,0.0116,0.0116,0.0116,0.0117,0.0117,0.0117,0.0117,0.0117,0.0117,0.0117,0.0117,0.0123,0.0123,0.0123,0.0124,0.0127,0.0127,0.0128,0.0128,0.0128,0.0128,0.0128,0.0128,0.0128,0.0138,0.0138,0.0138,0.0138,0.0138,0.0138,0.0138,0.0138,0.0138,0.0138,0.0138,0.0138,0.0139,0.0139,0.0139,0.0139,0.0139,0.0139,0.0139,0.0139,0.0139,0.0139,0.0139,0.0139,0.0139,0.0139,0.0139,0.0139,0.0139,0.0139,0.0139,0.0139,0.0139,0.0139,0.0139,0.0139,0.0139,0.0139,0.0139,0.0139,0.0139,0.0139,0.0139,0.0139,0.0139,0.0139,0.0139,0.0139,0.0139,0.0139,0.0139,0.0139,0.0139,0.0139,0.0139,0.0139,0.0139,0.0139,0.0139,0.0139,0.0139,0.0139,0.0139,0.0139,0.0139
45126.3750000,0.0042,0.0042,0.0042,0.0042,0.0042,0.0042,0.0042,0.0049,0.0049,0.0049,0.0050,0.0050,0.0050,0.0055,0.0055,0.0055,0.0055,0.0055,0.0055,0.0055,0.0055,0.0055,0.0055,0.0055,0.0055,0.0055,0.0056,0.0056,0.0056,0.0056,0.0056,0.0056,0.0056,0.0056,0.0056,0.0057,0.0057,0.0057,0.0057,0.0061,0.0061,0.0061,0.0061,0.0061,0.0061,0.0061,0.0061,0.0064,0.0064,0.0064,0.0065,0.0065,0.0065,0.0066,0.0066,0.0066,0.0066,0.0066,0.0066,0.0066,0.0066,0.0066,0.0066,0.0066,0.0066,0.0066,0.0066,0.0068,0.0068,0.0068,0.0068,0.0068,0.0069,0.0069,0.0069,0.0069,0.0069,0.0070,0.0070,0.0070,0.0070,0.0071,0.0071,0.0072,0.0072,0.0072,0.0072,0.0072,0.0072,0.0072,0.0072,0.0073,0.0073,0.0073,0.0073,0.0073,0.0073,0.0073,0.0073,0.0073,0.0073,0.0073,0.0106,0.0106,0.0106,0.0106,0.0106,0.0110,0.0110,0.0111,0.0111,0.0111,0.0112,0.0112,0.0112,0.0112,0.0113,0.0113,0.0113,0.0113,0.0113,0.0113,0.0114,0.0114,0.0114,0.0114,0.0114,0.0114,0.0114,0.0114,0.0114,0.0114,0.0114,0.0114,0.0115,0.0115,0.0115,0.0115,0.0116,0.0116,0.0116,0.0116,0.0116,0.0116,0.0116,0.0116,0.0116,0.0116,0.0116,0.0116,0.0116,0.0116,0.0117,0.0117,0.0117,0.0117,0.0117,0.0117,0.0123,0.0123,0.0123,0.0124,0.0127,0.0127,0.0128,0.0128,0.0128,0.0128,0.0128,0.0128,0.0128,0.0138,0.0138,0.0138,0.0138,0.0138,0.0138,0.0138,0.0138,0.0138,0.0138,0.0138,0.0138,0.0139,0.0139,0.0139,0.0139,0.0139,0.0139,0.0139,0.0139,0.0139,0.0139,0.0139,0.0139,0.0139,0.0139,0.0139,0.0139,0.0139,0.0139,0.0139,0.0139,0.0139,0.0139,0.0139,0.0139,0.0139,0.0139,0.0139,0.0139,0.0139,0.0139,0.0139,0.0139,0.0139,0.0139,0.0139,0.0139,0.0139,0.0139,0.0139,0.0139,0.0139,0.0139,0.0139,0.0139,0.0139,0.0139,0.0139,0.0139,0.0139,0.0139,0.0139,0.0139,0.0139
45126.4166667,0.0042,0.0042,0.0042,0.0042,0.0042,0.0042,0.0042,0.0049,0.0049,0.0049,0.0050,0.0050,0.0050,0.0055,0.0055,0.0055,0.0055,0.0055,0.0055,0.0055,0.0055,0.0055,0.0055,0.0055,0.0055,0.0055,0.0056,0.0056,0.0056,0.0056,0.0056,0.0056,0.0056,0.0056,0.0056,0.0057,0.0057,0.0057,0.0057,0.0061,0.0061,0.0061,0.0061,0.0061,0.0061,0.0061,0.0061,0.0064,0.0064,0.0064,0.0065,0.0065,0.0065,0.0066,0.0066,0.0066,0.0066,0.0066,0.0066,0.0066,0.0066,0.0066,0.0066,0.0066,0.0066,0.0066,0.0066,0.0068,0.0068,0.0068,0.0068,0.0068,0.0069,0.0069,0.0069,0.0069,0.0069,0.0070,0.0070,0.0070,0.0070,0.0071,0.0071,0.0072,0.0072,0.0072,0.0072,0.0072,0.0072,0.0072,0.0072,0.0073,0.0073,0.0073,0.0073,0.0073,0.0073,0.0073,0.0073,0.0073,0.0073,0.0073,0.0106,0.0106,0.0106,0.0106,0.0106,0.0110,0.0110,0.0110,0.0111,0.0111,0.0112,0.0112,0.0112,0.0112,0.0112,0.0112,0.0113,0.0113,0.0113,0.0113,0.0113,0.0114,0.0114,0.0114,0.0114,0.0114,0.0114,0.0114,0.0114,0.0114,0.0114,0.0114,0.0115,0.0115,0.0115,0.0115,0.0116,0.0116,0.0116,0.0116,0.0116,0.0116,0.0116,0.0116,0.0116,0.0116,0.0116,0.0116,0.0116,0.0116,0.0116,0.0117,0.0117,0.0117,0.0117,0.0117,0.0123,0.0123,0.0123,0.0124,0.0127,0.0127,0.0128,0.0128,0.0128,0.0128,0.0128,0.0128,0.0128,0.0138,0.0138,0.0138,0.0138,0.0138,0.0138,0.0138,0.0138,0.0138,0.0138,0.0138,0.0138,0.0139,0.0139,0.0139,0.0139,0.0139,0.0139,0.0139,0.0139,0.0139,0.0139,0.0139,0.0139,0.0139,0.0139,0.0139,0.0139,0.0139,0.0139,0.0139,0.0139,0.0139,0.0139,0.0139,0.0139,0.0139,0.0139,0.0139,0.0139,0.0139,0.0139,0.0139,0.0139,0.0139,0.0139,0.0139,0.0139,0.0139,0.0139,0.0139,0.0139,0.0139,0.0139,0.0139,0.0139,0.0139,0.0139,0.0139,0.0139,0.0139,0.0139,0.0139,0.0139,0.0139
45126.4583333,0.0042,0.0042,0.0042,0.0042,0.0042,0.0042,0.0042,0.0049,0.0049,0.0049,0.0050,0.0050,0.0050,0.0055,0.0055,0.0055,0.0055,0.0055,0.0055,0.0055,0.0055,0.0055,0.0055,0.0055,0.0055,0.0055,0.0056,0.0056,0.0056,0.0056,0.0056,0.0056,0.0056,0.0056,0.0056,0.0057,0.0057,0.0057,0.0057,0.0061,0.0061,0.0061,0.0061,0.0061,0.0061,0.0061,0.0061,0.0064,0.0064,0.0064,0.0065,0.0065,0.0065,0.0066,0.0066,0.0066,0.0066,0.0066,0.0066,0.0066,0.0066,0.0066,0.0066,0.0066,0.0066,0.0066,0.0066,0.0068,0.0068,0.0068,0.0068,0.0068,0.0069,0.0069,0.0069,0.0069,0.0069,0.0070,0.0070,0.0070,0.0070,0.0071,0.0071,0.0072,0.0072,0.0072,0.0072,0.0072,0.0072,0.0072,0.0072,0.0073,0.0073,0.0073,0.0073,0.0073,0.0073,0.0073,0.0073,0.0073,0.0073,0.0073,0.0106,0.0106,0.0106,0.0106,0.0106,0.0110,0.0110,0.0110,0.0111,0.0111,0.0112,0.0112,0.0112,0.0112,0.0112,0.0112,0.0112,0.0112,0.0112,0.0113,0.0113,0.0113,0.0113,0.0113,0.0114,0.0114,0.0114,0.0114,0.0114,0.0114,0.0114,0.0114,0.0115,0.0115,0.0115,0.0115,0.0115,0.0115,0.0116,0.0116,0.0116,0.0116,0.0116,0.0116,0.0116,0.0116,0.0116,0.0116,0.0116,0.0116,0.0116,0.0116,0.0117,0.0117,0.0117,0.0117,0.0122,0.0122,0.0122,0.0124,0.0127,0.0127,0.0127,0.0128,0.0128,0.0128,0.0128,0.0128,0.0128,0.0138,0.0138,0.0138,0.0138,0.0138,0.0138,0.0138,0.0138,0.0138,0.0138,0.0138,0.0138,0.0138,0.0139,0.0139,0.0139,0.0139,0.0139,0.0139,0.0139,0.0139,0.0139,0.0139,0.0139,0.0139,0.0139,0.0139,0.0139,0.0139,0.0139,0.0139,0.0139,0.0139,0.0139,0.0139,0.0139,0.0139,0.0139,0.0139,0.0139,0.0139,0.0139,0.0139,0.0139,0.0139,0.0139,0.0139,0.0139,0.0139,0.0139,0.0139,0.0139,0.0139,0.0139,0.0139,0.0139,0.0139,0.0139,0.0139,0.0139,0.0139,0.0139,0.0139,0.0139,0.0139
45126.5000000,0.0042,0.0042,0.0042,0.0042,0.0042,0.0042,0.0042,0.0049,0.0049,0.0049,0.0050,0.0050,0.0050,0.0055,0.0055,0.0055,0.0055,0.0055,0.0055,0.0055,0.0055,0.0055,0.0055,0.0055,0.0055,0.0055,0.0056,0.0056,0.0056,0.0056,0.0056,0.0056,0.0056,0.0056,0.0056,0.0057,0.0057,0.0057,0.0057,0.0061,0.0061,0.0061,0.0061,0.0061,0.0061,0.0061,0.0061,0.0064,0.0064,0.0064,0.0065,0.0065,0.0065,0.0066,0.0066,0.0066,0.0066,0.0066,0.0066,0.0066,0.0066,0.0066,0.0066,0.0066,0.0066,0.0066,0.0066,0.0068,0.0068,0.0068,0.0068,0.0068,0.0069,0.0069,0.0069,0.0069,0.0069,0.0070,0.0070,0.0070,0.0070,0.0071,0.0071,0.0072,0.0072,0.0072,0.0072,0.0072,0.0072,0.0072,0.0072,0.0073,0.0073,0.0073,0.0073,0.0073,0.0073,0.0073,0.0073,0.0073,0.0073,0.0073,0.0106,0.0106,0.0106,0.0106,0.0106,0.0110,0.0110,0.0110,0.0111,0.0111,0.0112,0.0112,0.0112,0.0112,0.0112,0.0112,0.0112,0.0112,0.0112,0.0112,0.0113,0.0113,0.0113,0.0113,0.0113,0.0114,0.0114,0.0114,0.0114,0.0114,0.0114,0.0114,0.0115,0.0115,0.0115,0.0115,0.0115,0.0115,0.0115,0.0115,0.0115,0.0116,0.0116,0.0116,0.0116,0.0116,0.0116,0.0116,0.0116,0.0116,0.0116,0.0116,0.0116,0.0116,0.0117,0.0117,0.0122,0.0122,0.0122,0.0124,0.0127,0.0127,0.0127,0.0127,0.0127,0.0128,0.0128,0.0128,0.0128,0.0138,0.0138,0.0138,0.0138,0.0138,0.0138,0.0138,0.0138,0.0138,0.0138,0.0138,0.0138,0.0138,0.0138,0.0138,0.0139,0.0139,0.0139,0.0139,0.0139,0.0139,0.0139,0.0139,0.0139,0.0139,0.0139,0.0139,0.0139,0.0139,0.0139,0.0139,0.0139,0.0139,0.0139,0.0139,0.0139,0.0139,0.0139,0.0139,0.0139,0.0139,0.0139,0.0139,0.0139,0.0139,0.0139,0.0139,0.0139,0.0139,0.0139,0.0139,0.0139,0.0139,0.0139,0.0139,0.0139,0.0139,0.0139,0.0139,0.0139,0.0139,0.0139,0.0139,0.0139,0.0139
45126.5416667,0.0042,0.0042,0.0042,0.0042,0.0042,0.0042,0.0042,0.0049,0.0049,0.0049,0.0050,0.0050,0.0050,0.0055,0.0055,0.0055,0.0055,0.0055,0.0055,0.0055,0.0055,0.0055,0.0055,0.0055,0.0055,0.0055,0.0056,0.0056,0.0056,0.0056,0.0056,0.0056,0.0056,0.0056,0.0056,0.0057,0.0057,0.0057,0.0057,0.0061,0.0061,0.0061,0.0061,0.0061,0.0061,0.0061,0.0061,0.0064,0.0064,0.0064,0.0065,0.0065,0.0065,0.0066,0.0066,0.0066,0.0066,0.0066,0.0066,0.0066,0.0066,0.0066,0.0066,0.0066,0.0066,0.0066,0.0066,0.0068,0.0068,0.0068,0.0068,0.0068,0.0069,0.0069,0.0069,0.0069,0.0069,0.0070,0.0070,0.0070,0.0070,0.0071,0.0071,0.0072,0.0072,0.0072,0.0072,0.0072,0.0072,0.0072,0.0072,0.0073,0.0073,0.0073,0.0073,0.0073,0.0073,0.0073,0.0073,0.0073,0.0073,0.0073,0.0106,0.0106,0.0106,0.0106,0.0106,0.0110,0.0110,0.0110,0.0111,0.0111,0.0112,0.0112,0.0112,0.0112,0.0112,0.0112,0.0112,0.0112,0.0112,0.0112,0.0113,0.0113,0.0113,0.0113,0.0113,0.0114,0.0114,0.0114,0.0114,0.0114,0.0114,0.0114,0.0115,0.0115,0.0115,0.0115,0.0115,0.0115,0.0115,0.0115,0.0115,0.0115,0.0116,0.0116,0.0116,0.0116,0.0116,0.0116,0.0116,0.0116,0.0116,0.0116,0.0116,0.0116,0.0116,0.0116,0.0122,0.0122,0.0122,0.0124,0.0127,0.0127,0.0127,0.0127,0.0127,0.0127,0.0128,0.0128,0.0128,0.0138,0.0138,0.0138,0.0138,0.0138,0.0138,0.0138,0.0138,0.0138,0.0138,0.0138,0.0138,0.0138,0.0138,0.0138,0.0138,0.0138,0.0138,0.0138,0.0139,0.0139,0.0139,0.0139,0.0139,0.0139,0.0139,0.0139,0.0139,0.0139,0.0139,0.0139,0.0139,0.0139,0.0139,0.0139,0.0139,0.0139,0.0139,0.0139,0.0139,0.0139,0.0139,0.0139,0.0139,0.0139,0.0139,0.0139,0.0139,0.0139,0.0139,0.0139,0.0139,0.0139,0.0139,0.0139,0.0139,0.0139,0.0139,0.0139,0.0139,0.0139,0.0139,0.0139,0.0139,0.0139
45126.5833333,0.0042,0.0042,0.0042,0.0042,0.0042,0.0042,0.0042,0.0049,0.0049,0.0049,0.0050,0.0050,0.0050,0.0055,0.0055,0.0055,0.0055,0.0055,0.0055,0.0055,0.0055,0.0055,0.0055,0.0055,0.0055,0.0055,0.0056,0.0056,0.0056,0.0056,0.0056,0.0056,0.0056,0.0056,0.0056,0.0057,0.0057,0.0057,0.0057,0.0061,0.0061,0.0061,0.0061,0.0061,0.0061,0.0061,0.0061,0.0064,0.0064,0.0064,0.0065,0.0065,0.0065,0.0066,0.0066,0.0066,0.0066,0.0066,0.0066,0.0066,0.0066,0.0066,0.0066,0.0066,0.0066,0.0066,0.0066,0.0068,0.0068,0.0068,0.0068,0.0068,0.0069,0.0069,0.0069,0.0069,0.0069,0.0070,0.0070,0.0070,0.0070,0.0071,0.0071,0.0072,0.0072,0.0072,0.0072,0.0072,0.0072,0.0072,0.0072,0.0073,0.0073,0.0073,0.0073,0.0073,0.0073,0.0073,0.0073,0.0073,0.0073,0.0073,0.0106,0.0106,0.0106,0.0106,0.0106,0.0110,0.0110,0.0110,0.0111,0.0111,0.0112,0.0112,0.0112,0.0112,0.0112,0.0112,0.0112,0.0112,0.0112,0.0112,0.0113,0.0113,0.0113,0.0113,0.0113,0.0114,0.0114,0.0114,0.0114,0.0114,0.0114,0.0114,0.0115,0.0115,0.0115,0.0115,0.0115,0.0115,0.0115,0.0115,0.0115,0.0115,0.0115,0.0115,0.0116,0.0116,0.0116,0.0116,0.0116,0.0116,0.0116,0.0116,0.0116,0.0116,0.0116,0.0116,0.0122,0.0122,0.0122,0.0124,0.0127,0.0127,0.0127,0.0127,0.0127,0.0127,0.0127,0.0127,0.0127,0.0137,0.0137,0.0138,0.0138,0.0138,0.0138,0.0138,0.0138,0.0138,0.0138,0.0138,0.0138,0.0138,0.0138,0.0138,0.0138,0.0138,0.0138,0.0138,0.0138,0.0138,0.0138,0.0138,0.0138,0.0138,0.0139,0.0139,0.0139,0.0139,0.0139,0.0139,0.0139,0.0139,0.0139,0.0139,0.0139,0.0139,0.0139,0.0139,0.0139,0.0139,0.0139,0.0139,0.0139,0.0139,0.0139,0.0139,0.0139,0.0139,0.0139,0.0139,0.0139,0.0139,0.0139,0.0139,0.0139,0.0139,0.0139,0.0139,0.0139,0.0139,0.0139,0.0139,0.0139,0.0139
45126.6250000,0.0042,0.0042,0.0042,0.0042,0.0042,0.0042,0.0042,0.0049,0.0049,0.0049,0.0050,0.0050,0.0050,0.0055,0.0055,0.0055,0.0055,0.0055,0.0055,0.0055,0.0055,0.0055,0.0055,0.0055,0.0055,0.0055,0.0056,0.0056,0.0056,0.0056,0.0056,0.0056,0.0056,0.0056,0.0056,0.0057,0.0057,0.0057,0.0057,0.0061,0.0061,0.0061,0.0061,0.0061,0.0061,0.0061,0.0061,0.0064,0.0064,0.0064,0.0065,0.0065,0.0065,0.0066,0.0066,0.0066,0.0066,0.0066,0.0066,0.0066,0.0066,0.0066,0.0066,0.0066,0.0066,0.0066,0.0066,0.0068,0.0068,0.0068,0.0068,0.0068,0.0069,0.0069,0.0069,0.0069,0.0069,0.0070,0.0070,0.0070,0.0070,0.0071,0.0071,0.0072,0.0072,0.0072,0.0072,0.0072,0.0072,0.0072,0.0072,0.0073,0.0073,0.0073,0.0073,0.0073,0.0073,0.0073,0.0073,0.0073,0.0073,0.0073,0.0106,0.0106,0.0106,0.0106,0.0106,0.0110,0.0110,0.0110,0.0111,0.0111,0.0112,0.0112,0.0112,0.0112,0.0112,0.0112,0.0112,0.0112,0.0112,0.0112,0.0113,0.0113,0.0113,0.0113,0.0113,0.0114,0.0114,0.0114,0.0114,0.0114,0.0114,0.0114,0.0115,0.0115,0.0115,0.0115,0.0115,0.0115,0.0115,0.0115,0.0115,0.0115,0.0115,0.0115,0.0116,0.0116,0.0116,0.0116,0.0116,0.0116,0.0116,0.0116,0.0116,0.0116,0.0116,0.0116,0.0122,0.0122,0.0122,0.0124,0.0127,0.0127,0.0127,0.0127,0.0127,0.0127,0.0127,0.0127,0.0127,0.0137,0.0137,0.0137,0.0138,0.0138,0.0138,0.0138,0.0138,0.0138,0.0138,0.0138,0.0138,0.0138,0.0138,0.0138,0.0138,0.0138,0.0138,0.0138,0.0138,0.0138,0.0138,0.0138,0.0138,0.0138,0.0138,0.0138,0.0138,0.0138,0.0138,0.0138,0.0138,0.0138,0.0139,0.0139,0.0139,0.0139,0.0139,0.0139,0.0139,0.0139,0.0139,0.0139,0.0139,0.0139,0.0139,0.0139,0.0139,0.0139,0.0139,0.0139,0.0139,0.0139,0.0139,0.0139,0.0139,0.0139,0.0139,0.0139,0.0139,0.0139,0.0139,0.0139,0.0139,0.0139
45126.6666667,0.0042,0.0042,0.0042,0.0042,0.0042,0.0042,0.0042,0.0049,0.0049,0.0049,0.0050,0.0050,0.0050,0.0055,0.0055,0.0055,0.0055,0.0055,0.0055,0.0055,0.0055,0.0055,0.0055,0.0055,0.0055,0.0055,0.0056,0.0056,0.0056,0.0056,0.0056,0.0056,0.0056,0.0056,0.0056,0.0057,0.0057,0.0057,0.0057,0.0061,0.0061,0.0061,0.0061,0.0061,0.0061,0.0061,0.0061,0.0064,0.0064,0.0064,0.0065,0.0065,0.0065,0.0066,0.0066,0.0066,0.0066,0.0066,0.0066,0.0066,0.0066,0.0066,0.0066,0.0066,0.0066,0.0066,0.0066,0.0068,0.0068,0.0068,0.0068,0.0068,0.0069,0.0069,0.0069,0.0069,0.0069,0.0070,0.0070,0.0070,0.0070,0.0071,0.0071,0.0072,0.0072,0.0072,0.0072,0.0072,0.0072,0.0072,0.0072,0.0073,0.0073,0.0073,0.0073,0.0073,0.0073,0.0073,0.0073,0.0073,0.0073,0.0073,0.0106,0.0106,0.0106,0.0106,0.0106,0.0110,0.0110,0.0110,0.0111,0.0111,0.0112,0.0112,0.0112,0.0112,0.0112,0.0112,0.0112,0.0112,0.0112,0.0112,0.0113,0.0113,0.0113,0.0113,0.0113,0.0114,0.0114,0.0114,0.0114,0.0114,0.0114,0.0114,0.0115,0.0115,0.0115,0.0115,0.0115,0.0115,0.0115,0.0115,0.0115,0.0115,0.0115,0.0115,0.0116,0.0116,0.0116,0.0116,0.0116,0.0116,0.0116,0.0116,0.0116,0.0116,0.0116,0.0116,0.0122,0.0122,0.0122,0.0124,0.0127,0.0127,0.0127,0.0127,0.0127,0.0127,0.0127,0.0127,0.0127,0.0137,0.0137,0.0137,0.0137,0.0138,0.0138,0.0138,0.0138,0.0138,0.0138,0.0138,0.0138,0.0138,0.0138,0.0138,0.0138,0.0138,0.0138,0.0138,0.0138,0.0138,0.0138,0.0138,0.0138,0.0138,0.0138,0.0138,0.0138,0.0138,0.0138,0.0138,0.0138,0.0138,0.0138,0.0138,0.0138,0.0138,0.0138,0.0138,0.0138,0.0138,0.0139,0.0139,0.0139,0.0139,0.0139,0.0139,0.0139,0.0139,0.0139,0.0139,0.0139,0.0139,0.0139,0.0139,0.0139,0.0139,0.0139,0.0139,0.0139,0.0139,0.0139,0.0139,0.0139,0.0139
45126.7083333,0.0042,0.0042,0.0042,0.0042,0.0042,0.0042,0.0042,0.0049,0.0049,0.0049,0.0050,0.0050,0.0050,0.0055,0.0055,0.0055,0.0055,0.0055,0.0055,0.0055,0.0055,0.0055,0.0055,0.0055,0.0055,0.0055,0.0056,0.0056,0.0056,0.0056,0.0056,0.0056,0.0056,0.0056,0.0056,0.0057,0.0057,0.0057,0.0057,0.0061,0.0061,0.0061,0.0061,0.0061,0.0061,0.0061,0.0061,0.0064,0.0064,0.0064,0.0065,0.0065,0.0065,0.0066,0.0066,0.0066,0.0066,0.0066,0.0066,0.0066,0.0066,0.0066,0.0066,0.0066,0.0066,0.0066,0.0066,0.0068,0.0068,0.0068,0.0068,0.0068,0.0069,0.0069,0.0069,0.0069,0.0069,0.0070,0.0070,0.0070,0.0070,0.0071,0.0071,0.0072,0.0072,0.0072,0.0072,0.0072,0.0072,0.0072,0.0072,0.0073,0.0073,0.0073,0.0073,0.0073,0.0073,0.0073,0.0073,0.0073,0.0073,0.0073,0.0106,0.0106,0.0106,0.0106,0.0106,0.0110,0.0110,0.0110,0.0111,0.0111,0.0112,0.0112,0.0112,0.0112,0.0112,0.0112,0.0112,0.0112,0.0112,0.0112,0.0113,0.0113,0.0113,0.0113,0.0113,0.0114,0.0114,0.0114,0.0114,0.0114,0.0114,0.0114,0.0115,0.0115,0.0115,0.0115,0.0115,0.0115,0.0115,0.0115,0.0115,0.0115,0.0115,0.0115,0.0116,0.0116,0.0116,0.0116,0.0116,0.0116,0.0116,0.0116,0.0116,0.0116,0.0116,0.0116,0.0122,0.0122,0.0122,0.0124,0.0127,0.0127,0.0127,0.0127,0.0127,0.0127,0.0127,0.0127,0.0127,0.0137,0.0137,0.0137,0.0137,0.0137,0.0137,0.0138,0.0138,0.0138,0.0138,0.0138,0.0138,0.0138,0.0138,0.0138,0.0138,0.0138,0.0138,0.0138,0.0138,0.0138,0.0138,0.0138,0.0138,0.0138,0.0138,0.0138,0.0138,0.0138,0.0138,0.0138,0.0138,0.0138,0.0138,0.0138,0.0138,0.0138,0.0138,0.0138,0.0138,0.0138,0.0138,0.0138,0.0138,0.0138,0.0138,0.0138,0.0138,0.0138,0.0139,0.0139,0.0139,0.0139,0.0139,0.0139,0.0139,0.0139,0.0139,0.0139,0.0139,0.0139,0.0139,0.0139,0.0139,0.0139
45126.7500000,0.0042,0.0042,0.0042,0.0042,0.0042,0.0042,0.0042,0.0049,0.0049,0.0049,0.0050,0.0050,0.0050,0.0055,0.0055,0.0055,0.0055,0.0055,0.0055,0.0055,0.0055,0.0055,0.0055,0.0055,0.0055,0.0055,0.0056,0.0056,0.0056,0.0056,0.0056,0.0056,0.0056,0.0056,0.0056,0.0057,0.0057,0.0057,0.0057,0.0061,0.0061,0.0061,0.0061,0.0061,0.0061,0.0061,0.0061,0.0064,0.0064,0.0064,0.0065,0.0065,0.0065,0.0066,0.0066,0.0066,0.0066,0.0066,0.0066,0.0066,0.0066,0.0066,0.0066,0.0066,0.0066,0.0066,0.0066,0.0068,0.0068,0.0068,0.0068,0.0068,0.0069,0.0069,0.0069,0.0069,0.0069,0.0070,0.0070,0.0070,0.0070,0.0071,0.0071,0.0072,0.0072,0.0072,0.0072,0.0072,0.0072,0.0072,0.0072,0.0073,0.0073,0.0073,0.0073,0.0073,0.0073,0.0073,0.0073,0.0073,0.0073,0.0073,0.0106,0.0106,0.0106,0.0106,0.0106,0.0110,0.0110,0.0110,0.0111,0.0111,0.0112,0.0112,0.0112,0.0112,0.0112,0.0112,0.0112,0.0112,0.0112,0.0112,0.0113,0.0113,0.0113,0.0113,0.0113,0.0114,0.0114,0.0114,0.0114,0.0114,0.0114,0.0114,0.0115,0.0115,0.0115,0.0115,0.0115,0.0115,0.0115,0.0115,0.0115,0.0115,0.0115,0.0115,0.0116,0.0116,0.0116,0.0116,0.0116,0.0116,0.0116,0.0116,0.0116,0.0116,0.0116,0.0116,0.0122,0.0122,0.0122,0.0124,0.0127,0.0127,0.0127,0.0127,0.0127,0.0127,0.0127,0.0127,0.0127,0.0137,0.0137,0.0137,0.0137,0.0137,0.0137,0.0138,0.0138,0.0138,0.0138,0.0138,0.0138,0.0138,0.0138,0.0138,0.0138,0.0138,0.0138,0.0138,0.0138,0.0138,0.0138,0.0138,0.0138,0.0138,0.0138,0.0138,0.0138,0.0138,0.0138,0.0138,0.0138,0.0138,0.0138,0.0138,0.0138,0.0138,0.0138,0.0138,0.0138,0.0138,0.0138,0.0138,0.0138,0.0138,0.0138,0.0138,0.0138,0.0138,0.0138,0.0138,0.0138,0.0138,0.0138,0.0138,0.0139,0.0139,0.0139,0.0139,0.0139,0.0139,0.0139,0.0139,0.0139,0.0139
45126.7916667,0.0042,0.0042,0.0042,0.0042,0.0042,0.0042,0.0042,0.0049,0.0049,0.0049,0.0050,0.0050,0.0050,0.0055,0.0055,0.0055,0.0055,0.0055,0.0055,0.0055,0.0055,0.0055,0.0055,0.0055,0.0055,0.0055,0.0056,0.0056,0.0056,0.0056,0.0056,0.0056,0.0056,0.0056,0.0056,0.0057,0.0057,0.0057,0.0057,0.0061,0.0061,0.0061,0.0061,0.0061,0.0061,0.0061,0.0061,0.0064,0.0064,0.0064,0.0065,0.0065,0.0065,0.0066,0.0066,0.0066,0.0066,0.0066,0.0066,0.0066,0.0066,0.0066,0.0066,0.0066,0.0066,0.0066,0.0066,0.0068,0.0068,0.0068,0.0068,0.0068,0.0069,0.0069,0.0069,0.0069,0.0069,0.0070,0.0070,0.0070,0.0070,0.0071,0.0071,0.0072,0.0072,0.0072,0.0072,0.0072,0.0072,0.0072,0.0072,0.0073,0.0073,0.0073,0.0073,0.0073,0.0073,0.0073,0.0073,0.0073,0.0073,0.0073,0.0106,0.0106,0.0106,0.0106,0.0106,0.0110,0.0110,0.0110,0.0111,0.0111,0.0112,0.0112,0.0112,0.0112,0.0112,0.0112,0.0112,0.0112,0.0112,0.0112,0.0113,0.0113,0.0113,0.0113,0.0113,0.0114,0.0114,0.0114,0.0114,0.0114,0.0114,0.0114,0.0115,0.0115,0.0115,0.0115,0.0115,0.0115,0.0115,0.0115,0.0115,0.0115,0.0115,0.0115,0.0116,0.0116,0.0116,0.0116,0.0116,0.0116,0.0116,0.0116,0.0116,0.0116,0.0116,0.0116,0.0122,0.0122,0.0122,0.0124,0.0127,0.0127,0.0127,0.0127,0.0127,0.0127,0.0127,0.0127,0.0127,0.0137,0.0137,0.0137,0.0137,0.0137,0.0137,0.0137,0.0138,0.0138,0.0138,0.0138,0.0138,0.0138,0.0138,0.0138,0.0138,0.0138,0.0138,0.0138,0.0138,0.0138,0.0138,0.0138,0.0138,0.0138,0.0138,0.0138,0.0138,0.0138,0.0138,0.0138,0.0138,0.0138,0.0138,0.0138,0.0138,0.0138,0.0138,0.0138,0.0138,0.0138,0.0138,0.0138,0.0138,0.0138,0.0138,0.0138,0.0138,0.0138,0.0138,0.0138,0.0138,0.0138,0.0138,0.0138,0.0138,0.0138,0.0138,0.0139,0.0139,0.0139,0.0139,0.0139,0.0139,0.0139
45126.8333333,0.0042,0.0042,0.0042,0.0042,0.0042,0.0042,0.0042,0.0049,0.0049,0.0049,0.0050,0.0050,0.0050,0.0055,0.0055,0.0055,0.0055,0.0055,0.0055,0.0055,0.0055,0.0055,0.0055,0.0055,0.0055,0.0055,0.0056,0.0056,0.0056,0.0056,0.0056,0.0056,0.0056,0.0056,0.0056,0.0057,0.0057,0.0057,0.0057,0.0061,0.0061,0.0061,0.0061,0.0061,0.0061,0.0061,0.0061,0.0064,0.0064,0.0064,0.0065,0.0065,0.0065,0.0066,0.0066,0.0066,0.0066,0.0066,0.0066,0.0066,0.0066,0.0066,0.0066,0.0066,0.0066,0.0066,0.0066,0.0068,0.0068,0.0068,0.0068,0.0068,0.0069,0.0069,0.0069,0.0069,0.0069,0.0070,0.0070,0.0070,0.0070,0.0071,0.0071,0.0072,0.0072,0.0072,0.0072,0.0072,0.0072,0.0072,0.0072,0.0073,0.0073,0.0073,0.0073,0.0073,0.0073,0.0073,0.0073,0.0073,0.0073,0.0073,0.0106,0.0106,0.0106,0.0106,0.0106,0.0110,0.0110,0.0110,0.0111,0.0111,0.0112,0.0112,0.0112,0.0112,0.0112,0.0112,0.0112,0.0112,0.0112,0.0112,0.0113,0.0113,0.0113,0.0113,0.0113,0.0114,0.0114,0.0114,0.0114,0.0114,0.0114,0.0114,0.0115,0.0115,0.0115,0.0115,0.0115,0.0115,0.0115,0.0115,0.0115,0.0115,0.0115,0.0115,0.0116,0.0116,0.0116,0.0116,0.0116,0.0116,0.0116,0.0116,0.0116,0.0116,0.0116,0.0116,0.0122,0.0122,0.0122,0.0124,0.0127,0.0127,0.0127,0.0127,0.0127,0.0127,0.0127,0.0127,0.0127,0.0137,0.0137,0.0137,0.0137,0.0137,0.0137,0.0137,0.0137,0.0138,0.0138,0.0138,0.0138,0.0138,0.0138,0.0138,0.0138,0.0138,0.0138,0.0138,0.0138,0.0138,0.0138,0.0138,0.0138,0.0138,0.0138,0.0138,0.0138,0.0138,0.0138,0.0138,0.0138,0.0138,0.0138,0.0138,0.0138,0.0138,0.0138,0.0138,0.0138,0.0138,0.0138,0.0138,0.0138,0.0138,0.0138,0.0138,0.0138,0.0138,0.0138,0.0138,0.0138,0.0138,0.0138,0.0138,0.0138,0.0138,0.0138,0.0138,0.0139,0.0139,0.0139,0.0139,0.0139,0.0139
45126.8750000,0.0042,0.0042,0.0042,0.0042,0.0042,0.0042,0.0042,0.0049,0.0049,0.0049,0.0050,0.0050,0.0050,0.0055,0.0055,0.0055,0.0055,0.0055,0.0055,0.0055,0.0055,0.0055,0.0055,0.0055,0.0055,0.0055,0.0056,0.0056,0.0056,0.0056,0.0056,0.0056,0.0056,0.0056,0.0056,0.0057,0.0057,0.0057,0.0057,0.0061,0.0061,0.0061,0.0061,0.0061,0.0061,0.0061,0.0061,0.0064,0.0064,0.0064,0.0065,0.0065,0.0065,0.0066,0.0066,0.0066,0.0066,0.0066,0.0066,0.0066,0.0066,0.0066,0.0066,0.0066,0.0066,0.0066,0.0066,0.0068,0.0068,0.0068,0.0068,0.0068,0.0069,0.0069,0.0069,0.0069,0.0069,0.0070,0.0070,0.0070,0.0070,0.0071,0.0071,0.0072,0.0072,0.0072,0.0072,0.0072,0.0072,0.0072,0.0072,0.0073,0.0073,0.0073,0.0073,0.0073,0.0073,0.0073,0.0073,0.0073,0.0073,0.0073,0.0106,0.0106,0.0106,0.0106,0.0106,0.0110,0.0110,0.0110,0.0111,0.0111,0.0112,0.0112,0.0112,0.0112,0.0112,0.0112,0.0112,0.0112,0.0112,0.0112,0.0113,0.0113,0.0113,0.0113,0.0113,0.0114,0.0114,0.0114,0.0114,0.0114,0.0114,0.0114,0.0115,0.0115,0.0115,0.0115,0.0115,0.0115,0.0115,0.0115,0.0115,0.0115,0.0115,0.0115,0.0116,0.0116,0.0116,0.0116,0.0116,0.0116,0.0116,0.0116,0.0116,0.0116,0.0116,0.0116,0.0122,0.0122,0.0122,0.0124,0.0127,0.0127,0.0127,0.0127,0.0127,0.0127,0.0127,0.0127,0.0127,0.0137,0.0137,0.0137,0.0137,0.0137,0.0137,0.0137,0.0137,0.0138,0.0138,0.0138,0.0138,0.0138,0.0138,0.0138,0.0138,0.0138,0.0138,0.0138,0.0138,0.0138,0.0138,0.0138,0.0138,0.0138,0.0138,0.0138,0.0138,0.0138,0.0138,0.0138,0.0138,0.0138,0.0138,0.0138,0.0138,0.0138,0.0138,0.0138,0.0138,0.0138,0.0138,0.0138,0.0138,0.0138,0.0138,0.0138,0.0138,0.0138,0.0138,0.0138,0.0138,0.0138,0.0138,0.0138,0.0138,0.0138,0.0138,0.0138,0.0139,0.0139,0.0139,0.0139,0.0139,0.0139
45126.9166667,0.0042,0.0042,0.0042,0.0042,0.0042,0.0042,0.0042,0.0049,0.0049,0.0049,0.0050,0.0050,0.0050,0.0055,0.0055,0.0055,0.0055,0.0055,0.0055,0.0055,0.0055,0.0055,0.0055,0.0055,0.0055,0.0055,0.0056,0.0056,0.0056,0.0056,0.0056,0.0056,0.0056,0.0056,0.0056,0.0057,0.0057,0.0057,0.0057,0.0061,0.0061,0.0061,0.0061,0.0061,0.0061,0.0061,0.0061,0.0064,0.0064,0.0064,0.0065,0.0065,0.0065,0.0066,0.0066,0.0066,0.0066,0.0066,0.0066,0.0066,0.0066,0.0066,0.0066,0.0066,0.0066,0.0066,0.0066,0.0068,0.0068,0.0068,0.0068,0.0068,0.0069,0.0069,0.0069,0.0069,0.0069,0.0070,0.0070,0.0070,0.0070,0.0071,0.0071,0.0072,0.0072,0.0072,0.0072,0.0072,0.0072,0.0072,0.0072,0.0073,0.0073,0.0073,0.0073,0.0073,0.0073,0.0073,0.0073,0.0073,0.0073,0.0073,0.0106,0.0106,0.0106,0.0106,0.0106,0.0110,0.0110,0.0110,0.0111,0.0111,0.0112,0.0112,0.0112,0.0112,0.0112,0.0112,0.0112,0.0112,0.0112,0.0112,0.0113,0.0113,0.0113,0.0113,0.0113,0.0114,0.0114,0.0114,0.0114,0.0114,0.0114,0.0114,0.0115,0.0115,0.0115,0.0115,0.0115,0.0115,0.0115,0.0115,0.0115,0.0115,0.0115,0.0115,0.0116,0.0116,0.0116,0.0116,0.0116,0.0116,0.0116,0.0116,0.0116,0.0116,0.0116,0.0116,0.0122,0.0122,0.0122,0.0124,0.0127,0.0127,0.0127,0.0127,0.0127,0.0127,0.0127,0.0127,0.0127,0.0137,0.0137,0.0137,0.0137,0.0137,0.0137,0.0137,0.0137,0.0138,0.0138,0.0138,0.0138,0.0138,0.0138,0.0138,0.0138,0.0138,0.0138,0.0138,0.0138,0.0138,0.0138,0.0138,0.0138,0.0138,0.0138,0.0138,0.0138,0.0138,0.0138,0.0138,0.0138,0.0138,0.0138,0.0138,0.0138,0.0138,0.0138,0.0138,0.0138,0.0138,0.0138,0.0138,0.0138,0.0138,0.0138,0.0138,0.0138,0.0138,0.0138,0.0138,0.0138,0.0138,0.0138,0.0138,0.0138,0.0138,0.0138,0.0138,0.0138,0.0139,0.0139,0.0139,0.0139,0.0139
45126.9583333,0.0042,0.0042,0.0042,0.0042,0.0042,0.0042,0.0042,0.0049,0.0049,0.0049,0.0050,0.0050,0.0050,0.0055,0.0055,0.0055,0.0055,0.0055,0.0055,0.0055,0.0055,0.0055,0.0055,0.0055,0.0055,0.0055,0.0056,0.0056,0.0056,0.0056,0.0056,0.0056,0.0056,0.0056,0.0056,0.0057,0.0057,0.0057,0.0057,0.0061,0.0061,0.0061,0.0061,0.0061,0.0061,0.0061,0.0061,0.0064,0.0064,0.0064,0.0065,0.0065,0.0065,0.0066,0.0066,0.0066,0.0066,0.0066,0.0066,0.0066,0.0066,0.0066,0.0066,0.0066,0.0066,0.0066,0.0066,0.0068,0.0068,0.0068,0.0068,0.0068,0.0069,0.0069,0.0069,0.0069,0.0069,0.0070,0.0070,0.0070,0.0070,0.0071,0.0071,0.0072,0.0072,0.0072,0.0072,0.0072,0.0072,0.0072,0.0072,0.0073,0.0073,0.0073,0.0073,0.0073,0.0073,0.0073,0.0073,0.0073,0.0073,0.0073,0.0106,0.0106,0.0106,0.0106,0.0106,0.0110,0.0110,0.0110,0.0111,0.0111,0.0112,0.0112,0.0112,0.0112,0.0112,0.0112,0.0112,0.0112,0.0112,0.0112,0.0113,0.0113,0.0113,0.0113,0.0113,0.0114,0.0114,0.0114,0.0114,0.0114,0.0114,0.0114,0.0115,0.0115,0.0115,0.0115,0.0115,0.0115,0.0115,0.0115,0.0115,0.0115,0.0115,0.0115,0.0116,0.0116,0.0116,0.0116,0.0116,0.0116,0.0116,0.0116,0.0116,0.0116,0.0116,0.0116,0.0122,0.0122,0.0122,0.0124,0.0127,0.0127,0.0127,0.0127,0.0127,0.0127,0.0127,0.0127,0.0127,0.0137,0.0137,0.0137,0.0137,0.0137,0.0137,0.0137,0.0137,0.0138,0.0138,0.0138,0.0138,0.0138,0.0138,0.0138,0.0138,0.0138,0.0138,0.0138,0.0138,0.0138,0.0138,0.0138,0.0138,0.0138,0.0138,0.0138,0.0138,0.0138,0.0138,0.0138,0.0138,0.0138,0.0138,0.0138,0.0138,0.0138,0.0138,0.0138,0.0138,0.0138,0.0138,0.0138,0.0138,0.0138,0.0138,0.0138,0.0138,0.0138,0.0138,0.0138,0.0138,0.0138,0.0138,0.0138,0.0138,0.0138,0.0138,0.0138,0.0138,0.0139,0.0139,0.0139,0.0139,0.0139
45127.0000000,0.0041,0.0041,0.0041,0.0041,0.0041,0.0042,0.0042,0.0049,0.0049,0.0049,0.0049,0.0049,0.0049,0.0054,0.0054,0.0055,0.0055,0.0055,0.0055,0.0055,0.0055,0.0055,0.0055,0.0055,0.0055,0.0055,0.0056,0.0056,0.0056,0.0056,0.0056,0.0056,0.0056,0.0056,0.0056,0.0057,0.0057,0.0057,0.0057,0.0060,0.0060,0.0060,0.0061,0.0061,0.0061,0.0061,0.0061,0.0064,0.0064,0.0064,0.0065,0.0065,0.0065,0.0065,0.0066,0.0066,0.0066,0.0066,0.0066,0.0066,0.0066,0.0066,0.0066,0.0066,0.0066,0.0066,0.0066,0.0068,0.0068,0.0068,0.0068,0.0068,0.0069,0.0069,0.0069,0.0069,0.0069,0.0070,0.0070,0.0070,0.0070,0.0071,0.0071,0.0072,0.0072,0.0072,0.0072,0.0072,0.0072,0.0072,0.0072,0.0073,0.0073,0.0073,0.0073,0.0073,0.0073,0.0073,0.0073,0.0073,0.0073,0.0073,0.0105,0.0105,0.0105,0.0106,0.0106,0.0110,0.0110,0.0110,0.0110,0.0111,0.0112,0.0112,0.0112,0.0112,0.0112,0.0112,0.0112,0.0112,0.0112,0.0112,0.0113,0.0113,0.0113,0.0113,0.0113,0.0114,0.0114,0.0114,0.0114,0.0114,0.0114,0.0114,0.0115,0.0115,0.0115,0.0115,0.0115,0.0115,0.0115,0.0115,0.0115,0.0115,0.0115,0.0115,0.0116,0.0116,0.0116,0.0116,0.0116,0.0116,0.0116,0.0116,0.0116,0.0116,0.0116,0.0116,0.0122,0.0122,0.0122,0.0124,0.0127,0.0127,0.0127,0.0127,0.0127,0.0127,0.0127,0.0127,0.0127,0.0137,0.0137,0.0137,0.0137,0.0137,0.0137,0.0137,0.0137,0.0137,0.0137,0.0137,0.0138,0.0138,0.0138,0.0138,0.0138,0.0138,0.0138,0.0138,0.0138,0.0138,0.0138,0.0138,0.0138,0.0138,0.0138,0.0138,0.0138,0.0138,0.0138,0.0138,0.0138,0.0138,0.0138,0.0138,0.0138,0.0138,0.0138,0.0138,0.0138,0.0138,0.0138,0.0138,0.0138,0.0138,0.0138,0.0138,0.0138,0.0138,0.0138,0.0138,0.0138,0.0138,0.0138,0.0138,0.0138,0.0138,0.0138,0.0138,0.0138,0.0139,0.0139,0.0139,0.0139,0.0139
45127.0416667,0.0041,0.0041,0.0041,0.0041,0.0041,0.0041,0.0042,0.0049,0.0049,0.0049,0.0049,0.0049,0.0049,0.0054,0.0054,0.0054,0.0054,0.0054,0.0054,0.0054,0.0054,0.0055,0.0055,0.0055,0.0055,0.0055,0.0055,0.0055,0.0056,0.0056,0.0056,0.0056,0.0056,0.0056,0.0056,0.0057,0.0057,0.0057,0.0057,0.0060,0.0060,0.0060,0.0061,0.0061,0.0061,0.0061,0.0061,0.0064,0.0064,0.0064,0.0065,0.0065,0.0065,0.0065,0.0065,0.0065,0.0066,0.0066,0.0066,0.0066,0.0066,0.0066,0.0066,0.0066,0.0066,0.0066,0.0066,0.0068,0.0068,0.0068,0.0068,0.0068,0.0068,0.0069,0.0069,0.0069,0.0069,0.0070,0.0070,0.0070,0.0070,0.0071,0.0071,0.0072,0.0072,0.0072,0.0072,0.0072,0.0072,0.0072,0.0072,0.0073,0.0073,0.0073,0.0073,0.0073,0.0073,0.0073,0.0073,0.0073,0.0073,0.0073,0.0105,0.0105,0.0105,0.0105,0.0105,0.0110,0.0110,0.0110,0.0110,0.0110,0.0111,0.0111,0.0111,0.0112,0.0112,0.0112,0.0112,0.0112,0.0112,0.0112,0.0113,0.0113,0.0113,0.0113,0.0113,0.0114,0.0114,0.0114,0.0114,0.0114,0.0114,0.0114,0.0115,0.0115,0.0115,0.0115,0.0115,0.0115,0.0115,0.0115,0.0115,0.0115,0.0115,0.0115,0.0116,0.0116,0.0116,0.0116,0.0116,0.0116,0.0116,0.0116,0.0116,0.0116,0.0116,0.0116,0.0122,0.0122,0.0122,0.0124,0.0127,0.0127,0.0127,0.0127,0.0127,0.0127,0.0127,0.0127,0.0127,0.0137,0.0137,0.0137,0.0137,0.0137,0.0137,0.0137,0.0137,0.0137,0.0137,0.0137,0.0137,0.0138,0.0138,0.0138,0.0138,0.0138,0.0138,0.0138,0.0138,0.0138,0.0138,0.0138,0.0138,0.0138,0.0138,0.0138,0.0138,0.0138,0.0138,0.0138,0.0138,0.0138,0.0138,0.0138,0.0138,0.0138,0.0138,0.0138,0.0138,0.0138,0.0138,0.0138,0.0138,0.0138,0.0138,0.0138,0.0138,0.0138,0.0138,0.0138,0.0138,0.0138,0.0138,0.0138,0.0138,0.0138,0.0138,0.0138,0.0138,0.0139,0.0139,0.0139,0.0139,0.0139
45127.0833333,0.0041,0.0041,0.0041,0.0041,0.0041,0.0041,0.0042,0.0049,0.0049,0.0049,0.0049,0.0049,0.0049,0.0054,0.0054,0.0054,0.0054,0.0054,0.0054,0.0054,0.0054,0.0054,0.0055,0.0055,0.0055,0.0055,0.0055,0.0055,0.0055,0.0055,0.0056,0.0056,0.0056,0.0056,0.0056,0.0056,0.0056,0.0056,0.0057,0.0060,0.0060,0.0060,0.0061,0.0061,0.0061,0.0061,0.0061,0.0064,0.0064,0.0064,0.0065,0.0065,0.0065,0.0065,0.0065,0.0065,0.0065,0.0065,0.0066,0.0066,0.0066,0.0066,0.0066,0.0066,0.0066,0.0066,0.0066,0.0068,0.0068,0.0068,0.0068,0.0068,0.0068,0.0069,0.0069,0.0069,0.0069,0.0070,0.0070,0.0070,0.0070,0.0070,0.0071,0.0072,0.0072,0.0072,0.0072,0.0072,0.0072,0.0072,0.0072,0.0073,0.0073,0.0073,0.0073,0.0073,0.0073,0.0073,0.0073,0.0073,0.0073,0.0073,0.0105,0.0105,0.0105,0.0105,0.0105,0.0110,0.0110,0.0110,0.0110,0.0110,0.0111,0.0111,0.0111,0.0112,0.0112,0.0112,0.0112,0.0112,0.0112,0.0112,0.0113,0.0113,0.0113,0.0113,0.0113,0.0113,0.0113,0.0113,0.0114,0.0114,0.0114,0.0114,0.0114,0.0114,0.0114,0.0115,0.0115,0.0115,0.0115,0.0115,0.0115,0.0115,0.0115,0.0115,0.0116,0.0116,0.0116,0.0116,0.0116,0.0116,0.0116,0.0116,0.0116,0.0116,0.0116,0.0116,0.0122,0.0122,0.0122,0.0124,0.0127,0.0127,0.0127,0.0127,0.0127,0.0127,0.0127,0.0127,0.0127,0.0137,0.0137,0.0137,0.0137,0.0137,0.0137,0.0137,0.0137,0.0137,0.0137,0.0137,0.0137,0.0138,0.0138,0.0138,0.0138,0.0138,0.0138,0.0138,0.0138,0.0138,0.0138,0.0138,0.0138,0.0138,0.0138,0.0138,0.0138,0.0138,0.0138,0.0138,0.0138,0.0138,0.0138,0.0138,0.0138,0.0138,0.0138,0.0138,0.0138,0.0138,0.0138,0.0138,0.0138,0.0138,0.0138,0.0138,0.0138,0.0138,0.0138,0.0138,0.0138,0.0138,0.0138,0.0138,0.0138,0.0138,0.0138,0.0138,0.0138,0.0138,0.0139,0.0139,0.0139,0.0139
45127.1250000,0.0041,0.0041,0.0041,0.0041,0.0041,0.0041,0.0042,0.0049,0.0049,0.0049,0.0049,0.0049,0.0049,0.0054,0.0054,0.0054,0.0054,0.0054,0.0054,0.0054,0.0054,0.0054,0.0055,0.0055,0.0055,0.0055,0.0055,0.0055,0.0055,0.0055,0.0055,0.0055,0.0055,0.0056,0.0056,0.0056,0.0056,0.0056,0.0056,0.0060,0.0060,0.0060,0.0060,0.0060,0.0060,0.0060,0.0061,0.0064,0.0064,0.0064,0.0065,0.0065,0.0065,0.0065,0.0065,0.0065,0.0065,0.0065,0.0066,0.0066,0.0066,0.0066,0.0066,0.0066,0.0066,0.0066,0.0066,0.0068,0.0068,0.0068,0.0068,0.0068,0.0068,0.0069,0.0069,0.0069,0.0069,0.0070,0.0070,0.0070,0.0070,0.0070,0.0070,0.0071,0.0071,0.0072,0.0072,0.0072,0.0072,0.0072,0.0072,0.0073,0.0073,0.0073,0.0073,0.0073,0.0073,0.0073,0.0073,0.0073,0.0073,0.0073,0.0105,0.0105,0.0105,0.0105,0.0105,0.0110,0.0110,0.0110,0.0110,0.0110,0.0111,0.0111,0.0111,0.0112,0.0112,0.0112,0.0112,0.0112,0.0112,0.0112,0.0113,0.0113,0.0113,0.0113,0.0113,0.0113,0.0113,0.0113,0.0113,0.0113,0.0113,0.0113,0.0114,0.0114,0.0114,0.0114,0.0115,0.0115,0.0115,0.0115,0.0115,0.0115,0.0115,0.0115,0.0115,0.0116,0.0116,0.0116,0.0116,0.0116,0.0116,0.0116,0.0116,0.0116,0.0116,0.0116,0.0122,0.0122,0.0122,0.0124,0.0127,0.0127,0.0127,0.0127,0.0127,0.0127,0.0127,0.0127,0.0127,0.0137,0.0137,0.0137,0.0137,0.0137,0.0137,0.0137,0.0137,0.0137,0.0137,0.0137,0.0137,0.0138,0.0138,0.0138,0.0138,0.0138,0.0138,0.0138,0.0138,0.0138,0.0138,0.0138,0.0138,0.0138,0.0138,0.0138,0.0138,0.0138,0.0138,0.0138,0.0138,0.0138,0.0138,0.0138,0.0138,0.0138,0.0138,0.0138,0.0138,0.0138,0.0138,0.0138,0.0138,0.0138,0.0138,0.0138,0.0138,0.0138,0.0138,0.0138,0.0138,0.0138,0.0138,0.0138,0.0138,0.0138,0.0138,0.0138,0.0138,0.0138,0.0138,0.0138,0.0138,0.0138
45127.1666667,0.0041,0.0041,0.0041,0.0041,0.0041,0.0041,0.0042,0.0049,0.0049,0.0049,0.0049,0.0049,0.0049,0.0054,0.0054,0.0054,0.0054,0.0054,0.0054,0.0054,0.0054,0.0054,0.0055,0.0055,0.0055,0.0055,0.0055,0.0055,0.0055,0.0055,0.0055,0.0055,0.0055,0.0056,0.0056,0.0056,0.0056,0.0056,0.0056,0.0060,0.0060,0.0060,0.0060,0.0060,0.0060,0.0060,0.0060,0.0064,0.0064,0.0064,0.0064,0.0064,0.0065,0.0065,0.0065,0.0065,0.0065,0.0065,0.0066,0.0066,0.0066,0.0066,0.0066,0.0066,0.0066,0.0066,0.0066,0.0068,0.0068,0.0068,0.0068,0.0068,0.0068,0.0069,0.0069,0.0069,0.0069,0.0070,0.0070,0.0070,0.0070,0.0070,0.0070,0.0071,0.0071,0.0072,0.0072,0.0072,0.0072,0.0072,0.0072,0.0073,0.0073,0.0073,0.0073,0.0073,0.0073,0.0073,0.0073,0.0073,0.0073,0.0073,0.0105,0.0105,0.0105,0.0105,0.0105,0.0110,0.0110,0.0110,0.0110,0.0110,0.0111,0.0111,0.0111,0.0111,0.0112,0.0112,0.0112,0.0112,0.0112,0.0112,0.0113,0.0113,0.0113,0.0113,0.0113,0.0113,0.0113,0.0113,0.0113,0.0113,0.0113,0.0113,0.0114,0.0114,0.0114,0.0114,0.0115,0.0115,0.0115,0.0115,0.0115,0.0115,0.0115,0.0115,0.0115,0.0115,0.0115,0.0115,0.0115,0.0115,0.0116,0.0116,0.0116,0.0116,0.0116,0.0116,0.0122,0.0122,0.0122,0.0123,0.0126,0.0126,0.0127,0.0127,0.0127,0.0127,0.0127,0.0127,0.0127,0.0137,0.0137,0.0137,0.0137,0.0137,0.0137,0.0137,0.0137,0.0137,0.0137,0.0137,0.0137,0.0138,0.0138,0.0138,0.0138,0.0138,0.0138,0.0138,0.0138,0.0138,0.0138,0.0138,0.0138,0.0138,0.0138,0.0138,0.0138,0.0138,0.0138,0.0138,0.0138,0.0138,0.0138,0.0138,0.0138,0.0138,0.0138,0.0138,0.0138,0.0138,0.0138,0.0138,0.0138,0.0138,0.0138,0.0138,0.0138,0.0138,0.0138,0.0138,0.0138,0.0138,0.0138,0.0138,0.0138,0.0138,0.0138,0.0138,0.0138,0.0138,0.0138,0.0138,0.0138,0.0138
45127.2083333,0.0041,0.0041,0.0041,0.0041,0.0041,0.0041,0.0042,0.0049,0.0049,0.0049,0.0049,0.0049,0.0049,0.0054,0.0054,0.0054,0.0054,0.0054,0.0054,0.0054,0.0054,0.0054,0.0055,0.0055,0.0055,0.0055,0.0055,0.0055,0.0055,0.0055,0.0055,0.0055,0.0055,0.0056,0.0056,0.0056,0.0056,0.0056,0.0056,0.0060,0.0060,0.0060,0.0060,0.0060,0.0060,0.0060,0.0060,0.0064,0.0064,0.0064,0.0064,0.0064,0.0064,0.0065,0.0065,0.0065,0.0065,0.0065,0.0065,0.0065,0.0065,0.0066,0.0066,0.0066,0.0066,0.0066,0.0066,0.0068,0.0068,0.0068,0.0068,0.0068,0.0068,0.0068,0.0068,0.0069,0.0069,0.0070,0.0070,0.0070,0.0070,0.0070,0.0070,0.0071,0.0071,0.0072,0.0072,0.0072,0.0072,0.0072,0.0072,0.0073,0.0073,0.0073,0.0073,0.0073,0.0073,0.0073,0.0073,0.0073,0.0073,0.0073,0.0105,0.0105,0.0105,0.0105,0.0105,0.0110,0.0110,0.0110,0.0110,0.0110,0.0111,0.0111,0.0111,0.0111,0.0112,0.0112,0.0112,0.0112,0.0112,0.0112,0.0113,0.0113,0.0113,0.0113,0.0113,0.0113,0.0113,0.0113,0.0113,0.0113,0.0113,0.0113,0.0114,0.0114,0.0114,0.0114,0.0114,0.0115,0.0115,0.0115,0.0115,0.0115,0.0115,0.0115,0.0115,0.0115,0.0115,0.0115,0.0115,0.0115,0.0115,0.0115,0.0115,0.0115,0.0116,0.0116,0.0121,0.0121,0.0121,0.0123,0.0126,0.0126,0.0126,0.0126,0.0126,0.0127,0.0127,0.0127,0.0127,0.0137,0.0137,0.0137,0.0137,0.0137,0.0137,0.0137,0.0137,0.0137,0.0137,0.0137,0.0137,0.0138,0.0138,0.0138,0.0138,0.0138,0.0138,0.0138,0.0138,0.0138,0.0138,0.0138,0.0138,0.0138,0.0138,0.0138,0.0138,0.0138,0.0138,0.0138,0.0138,0.0138,0.0138,0.0138,0.0138,0.0138,0.0138,0.0138,0.0138,0.0138,0.0138,0.0138,0.0138,0.0138,0.0138,0.0138,0.0138,0.0138,0.0138,0.0138,0.0138,0.0138,0.0138,0.0138,0.0138,0.0138,0.0138,0.0138,0.0138,0.0138,0.0138,0.0138,0.0138,0.0138
45127.2500000,0.0041,0.0041,0.0041,0.0041,0.0041,0.0041,0.0042,0.0049,0.0049,0.0049,0.0049,0.0049,0.0049,0.0054,0.0054,0.0054,0.0054,0.0054,0.0054,0.0054,0.0054,0.0054,0.0055,0.0055,0.0055,0.0055,0.0055,0.0055,0.0055,0.0055,0.0055,0.0055,0.0055,0.0056,0.0056,0.0056,0.0056,0.0056,0.0056,0.0060,0.0060,0.0060,0.0060,0.0060,0.0060,0.0060,0.0060,0.0064,0.0064,0.0064,0.0064,0.0064,0.0064,0.0065,0.0065,0.0065,0.0065,0.0065,0.0065,0.0065,0.0065,0.0065,0.0065,0.0065,0.0065,0.0065,0.0066,0.0067,0.0068,0.0068,0.0068,0.0068,0.0068,0.0068,0.0068,0.0068,0.0068,0.0070,0.0070,0.0070,0.0070,0.0070,0.0070,0.0071,0.0071,0.0071,0.0072,0.0072,0.0072,0.0072,0.0072,0.0073,0.0073,0.0073,0.0073,0.0073,0.0073,0.0073,0.0073,0.0073,0.0073,0.0073,0.0105,0.0105,0.0105,0.0105,0.0105,0.0109,0.0109,0.0110,0.0110,0.0110,0.0111,0.0111,0.0111,0.0111,0.0112,0.0112,0.0112,0.0112,0.0112,0.0112,0.0113,0.0113,0.0113,0.0113,0.0113,0.0113,0.0113,0.0113,0.0113,0.0113,0.0113,0.0113,0.0114,0.0114,0.0114,0.0114,0.0114,0.0115,0.0115,0.0115,0.0115,0.0115,0.0115,0.0115,0.0115,0.0115,0.0115,0.0115,0.0115,0.0115,0.0115,0.0115,0.0115,0.0115,0.0116,0.0116,0.0121,0.0121,0.0121,0.0123,0.0126,0.0126,0.0126,0.0126,0.0126,0.0126,0.0126,0.0127,0.0127,0.0136,0.0136,0.0137,0.0137,0.0137,0.0137,0.0137,0.0137,0.0137,0.0137,0.0137,0.0137,0.0137,0.0137,0.0137,0.0137,0.0137,0.0137,0.0137,0.0137,0.0137,0.0138,0.0138,0.0138,0.0138,0.0138,0.0138,0.0138,0.0138,0.0138,0.0138,0.0138,0.0138,0.0138,0.0138,0.0138,0.0138,0.0138,0.0138,0.0138,0.0138,0.0138,0.0138,0.0138,0.0138,0.0138,0.0138,0.0138,0.0138,0.0138,0.0138,0.0138,0.0138,0.0138,0.0138,0.0138,0.0138,0.0138,0.0138,0.0138,0.0138,0.0138,0.0138,0.0138,0.0138
45127.2916667,0.0041,0.0041,0.0041,0.0041,0.0041,0.0041,0.0042,0.0049,0.0049,0.0049,0.0049,0.0049,0.0049,0.0054,0.0054,0.0054,0.0054,0.0054,0.0054,0.0054,0.0054,0.0054,0.0055,0.0055,0.0055,0.0055,0.0055,0.0055,0.0055,0.0055,0.0055,0.0055,0.0055,0.0056,0.0056,0.0056,0.0056,0.0056,0.0056,0.0060,0.0060,0.0060,0.0060,0.0060,0.0060,0.0060,0.0060,0.0064,0.0064,0.0064,0.0064,0.0064,0.0064,0.0065,0.0065,0.0065,0.0065,0.0065,0.0065,0.0065,0.0065,0.0065,0.0065,0.0065,0.0065,0.0065,0.0066,0.0067,0.0067,0.0068,0.0068,0.0068,0.0068,0.0068,0.0068,0.0068,0.0068,0.0069,0.0069,0.0070,0.0070,0.0070,0.0070,0.0071,0.0071,0.0071,0.0071,0.0071,0.0071,0.0071,0.0072,0.0072,0.0072,0.0072,0.0072,0.0072,0.0073,0.0073,0.0073,0.0073,0.0073,0.0073,0.0105,0.0105,0.0105,0.0105,0.0105,0.0109,0.0109,0.0110,0.0110,0.0110,0.0111,0.0111,0.0111,0.0111,0.0111,0.0112,0.0112,0.0112,0.0112,0.0112,0.0113,0.0113,0.0113,0.0113,0.0113,0.0113,0.0113,0.0113,0.0113,0.0113,0.0113,0.0113,0.0114,0.0114,0.0114,0.0114,0.0114,0.0114,0.0115,0.0115,0.0115,0.0115,0.0115,0.0115,0.0115,0.0115,0.0115,0.0115,0.0115,0.0115,0.0115,0.0115,0.0115,0.0115,0.0116,0.0116,0.0121,0.0121,0.0121,0.0123,0.0126,0.0126,0.0126,0.0126,0.0126,0.0126,0.0126,0.0127,0.0127,0.0136,0.0136,0.0136,0.0137,0.0137,0.0137,0.0137,0.0137,0.0137,0.0137,0.0137,0.0137,0.0137,0.0137,0.0137,0.0137,0.0137,0.0137,0.0137,0.0137,0.0137,0.0137,0.0137,0.0137,0.0137,0.0137,0.0137,0.0137,0.0137,0.0137,0.0137,0.0137,0.0138,0.0138,0.0138,0.0138,0.0138,0.0138,0.0138,0.0138,0.0138,0.0138,0.0138,0.0138,0.0138,0.0138,0.0138,0.0138,0.0138,0.0138,0.0138,0.0138,0.0138,0.0138,0.0138,0.0138,0.0138,0.0138,0.0138,0.0138,0.0138,0.0138,0.0138,0.0138,0.0138
45127.3333333,0.0041,0.0041,0.0041,0.0041,0.0041,0.0041,0.0042,0.0049,0.0049,0.0049,0.0049,0.0049,0.0049,0.0054,0.0054,0.0054,0.0054,0.0054,0.0054,0.0054,0.0054,0.0054,0.0055,0.0055,0.0055,0.0055,0.0055,0.0055,0.0055,0.0055,0.0055,0.0055,0.0055,0.0056,0.0056,0.0056,0.0056,0.0056,0.0056,0.0060,0.0060,0.0060,0.0060,0.0060,0.0060,0.0060,0.0060,0.0064,0.0064,0.0064,0.0064,0.0064,0.0064,0.0065,0.0065,0.0065,0.0065,0.0065,0.0065,0.0065,0.0065,0.0065,0.0065,0.0065,0.0065,0.0065,0.0066,0.0067,0.0067,0.0067,0.0068,0.0068,0.0068,0.0068,0.0068,0.0068,0.0068,0.0069,0.0069,0.0069,0.0070,0.0070,0.0070,0.0071,0.0071,0.0071,0.0071,0.0071,0.0071,0.0071,0.0071,0.0072,0.0072,0.0072,0.0072,0.0072,0.0072,0.0072,0.0072,0.0072,0.0072,0.0072,0.0105,0.0105,0.0105,0.0105,0.0105,0.0109,0.0109,0.0110,0.0110,0.0110,0.0111,0.0111,0.0111,0.0111,0.0111,0.0111,0.0112,0.0112,0.0112,0.0112,0.0112,0.0113,0.0113,0.0113,0.0113,0.0113,0.0113,0.0113,0.0113,0.0113,0.0113,0.0113,0.0114,0.0114,0.0114,0.0114,0.0114,0.0114,0.0115,0.0115,0.0115,0.0115,0.0115,0.0115,0.0115,0.0115,0.0115,0.0115,0.0115,0.0115,0.0115,0.0115,0.0115,0.0115,0.0116,0.0116,0.0121,0.0121,0.0121,0.0123,0.0126,0.0126,0.0126,0.0126,0.0126,0.0126,0.0126,0.0127,0.0127,0.0136,0.0136,0.0136,0.0137,0.0137,0.0137,0.0137,0.0137,0.0137,0.0137,0.0137,0.0137,0.0137,0.0137,0.0137,0.0137,0.0137,0.0137,0.0137,0.0137,0.0137,0.0137,0.0137,0.0137,0.0137,0.0137,0.0137,0.0137,0.0137,0.0137,0.0137,0.0137,0.0137,0.0137,0.0137,0.0137,0.0137,0.0137,0.0137,0.0137,0.0137,0.0138,0.0138,0.0138,0.0138,0.0138,0.0138,0.0138,0.0138,0.0138,0.0138,0.0138,0.0138,0.0138,0.0138,0.0138,0.0138,0.0138,0.0138,0.0138,0.0138,0.0138,0.0138,0.0138,0.0138
45127.3750000,0.0041,0.0041,0.0041,0.0041,0.0041,0.0041,0.0042,0.0049,0.0049,0.0049,0.0049,0.0049,0.0049,0.0054,0.0054,0.0054,0.0054,0.0054,0.0054,0.0054,0.0054,0.0054,0.0055,0.0055,0.0055,0.0055,0.0055,0.0055,0.0055,0.0055,0.0055,0.0055,0.0055,0.0056,0.0056,0.0056,0.0056,0.0056,0.0056,0.0060,0.0060,0.0060,0.0060,0.0060,0.0060,0.0060,0.0060,0.0064,0.0064,0.0064,0.0064,0.0064,0.0064,0.0065,0.0065,0.0065,0.0065,0.0065,0.0065,0.0065,0.0065,0.0065,0.0065,0.0065,0.0065,0.0065,0.0066,0.0067,0.0067,0.0067,0.0067,0.0068,0.0068,0.0068,0.0068,0.0068,0.0068,0.0069,0.0069,0.0069,0.0069,0.0070,0.0070,0.0071,0.0071,0.0071,0.0071,0.0071,0.0071,0.0071,0.0071,0.0072,0.0072,0.0072,0.0072,0.0072,0.0072,0.0072,0.0072,0.0072,0.0072,0.0072,0.0105,0.0105,0.0105,0.0105,0.0105,0.0109,0.0109,0.0109,0.0109,0.0110,0.0111,0.0111,0.0111,0.0111,0.0111,0.0111,0.0111,0.0111,0.0111,0.0112,0.0112,0.0112,0.0112,0.0112,0.0113,0.0113,0.0113,0.0113,0.0113,0.0113,0.0113,0.0113,0.0114,0.0114,0.0114,0.0114,0.0114,0.0114,0.0114,0.0115,0.0115,0.0115,0.0115,0.0115,0.0115,0.0115,0.0115,0.0115,0.0115,0.0115,0.0115,0.0115,0.0115,0.0115,0.0116,0.0116,0.0121,0.0121,0.0121,0.0123,0.0126,0.0126,0.0126,0.0126,0.0126,0.0126,0.0126,0.0127,0.0127,0.0136,0.0136,0.0136,0.0137,0.0137,0.0137,0.0137,0.0137,0.0137,0.0137,0.0137,0.0137,0.0137,0.0137,0.0137,0.0137,0.0137,0.0137,0.0137,0.0137,0.0137,0.0137,0.0137,0.0137,0.0137,0.0137,0.0137,0.0137,0.0137,0.0137,0.0137,0.0137,0.0137,0.0137,0.0137,0.0137,0.0137,0.0137,0.0137,0.0137,0.0137,0.0137,0.0137,0.0137,0.0137,0.0137,0.0137,0.0138,0.0138,0.0138,0.0138,0.0138,0.0138,0.0138,0.0138,0.0138,0.0138,0.0138,0.0138,0.0138,0.0138,0.0138,0.0138,0.0138,0.0138
45127.4166667,0.0041,0.0041,0.0041,0.0041,0.0041,0.0041,0.0042,0.0049,0.0049,0.0049,0.0049,0.0049,0.0049,0.0054,0.0054,0.0054,0.0054,0.0054,0.0054,0.0054,0.0054,0.0054,0.0055,0.0055,0.0055,0.0055,0.0055,0.0055,0.0055,0.0055,0.0055,0.0055,0.0055,0.0056,0.0056,0.0056,0.0056,0.0056,0.0056,0.0060,0.0060,0.0060,0.0060,0.0060,0.0060,0.0060,0.0060,0.0064,0.0064,0.0064,0.0064,0.0064,0.0064,0.0065,0.0065,0.0065,0.0065,0.0065,0.0065,0.0065,0.0065,0.0065,0.0065,0.0065,0.0065,0.0065,0.0066,0.0067,0.0067,0.0067,0.0067,0.0068,0.0068,0.0068,0.0068,0.0068,0.0068,0.0069,0.0069,0.0069,0.0069,0.0070,0.0070,0.0071,0.0071,0.0071,0.0071,0.0071,0.0071,0.0071,0.0071,0.0072,0.0072,0.0072,0.0072,0.0072,0.0072,0.0072,0.0072,0.0072,0.0072,0.0072,0.0104,0.0104,0.0104,0.0105,0.0105,0.0109,0.0109,0.0109,0.0109,0.0109,0.0110,0.0110,0.0111,0.0111,0.0111,0.0111,0.0111,0.0111,0.0111,0.0111,0.0112,0.0112,0.0112,0.0112,0.0112,0.0113,0.0113,0.0113,0.0113,0.0113,0.0113,0.0113,0.0114,0.0114,0.0114,0.0114,0.0114,0.0114,0.0114,0.0114,0.0114,0.0115,0.0115,0.0115,0.0115,0.0115,0.0115,0.0115,0.0115,0.0115,0.0115,0.0115,0.0115,0.0115,0.0115,0.0116,0.0121,0.0121,0.0121,0.0123,0.0126,0.0126,0.0126,0.0126,0.0126,0.0126,0.0126,0.0126,0.0126,0.0136,0.0136,0.0136,0.0137,0.0137,0.0137,0.0137,0.0137,0.0137,0.0137,0.0137,0.0137,0.0137,0.0137,0.0137,0.0137,0.0137,0.0137,0.0137,0.0137,0.0137,0.0137,0.0137,0.0137,0.0137,0.0137,0.0137,0.0137,0.0137,0.0137,0.0137,0.0137,0.0137,0.0137,0.0137,0.0137,0.0137,0.0137,0.0137,0.0137,0.0137,0.0137,0.0137,0.0137,0.0137,0.0137,0.0137,0.0137,0.0137,0.0138,0.0138,0.0138,0.0138,0.0138,0.0138,0.0138,0.0138,0.0138,0.0138,0.0138,0.0138,0.0138,0.0138,0.0138,0.0138
45127.4583333,0.0041,0.0041,0.0041,0.0041,0.0041,0.0041,0.0042,0.0049,0.0049,0.0049,0.0049,0.0049,0.0049,0.0054,0.0054,0.0054,0.0054,0.0054,0.0054,0.0054,0.0054,0.0054,0.0055,0.0055,0.0055,0.0055,0.0055,0.0055,0.0055,0.0055,0.0055,0.0055,0.0055,0.0056,0.0056,0.0056,0.0056,0.0056,0.0056,0.0060,0.0060,0.0060,0.0060,0.0060,0.0060,0.0060,0.0060,0.0064,0.0064,0.0064,0.0064,0.0064,0.0064,0.0065,0.0065,0.0065,0.0065,0.0065,0.0065,0.0065,0.0065,0.0065,0.0065,0.0065,0.0065,0.0065,0.0066,0.0067,0.0067,0.0067,0.0067,0.0068,0.0068,0.0068,0.0068,0.0068,0.0068,0.0069,0.0069,0.0069,0.0069,0.0070,0.0070,0.0071,0.0071,0.0071,0.0071,0.0071,0.0071,0.0071,0.0071,0.0072,0.0072,0.0072,0.0072,0.0072,0.0072,0.0072,0.0072,0.0072,0.0072,0.0072,0.0104,0.0104,0.0104,0.0104,0.0105,0.0109,0.0109,0.0109,0.0109,0.0109,0.0110,0.0110,0.0110,0.0111,0.0111,0.0111,0.0111,0.0111,0.0111,0.0111,0.0112,0.0112,0.0112,0.0112,0.0112,0.0112,0.0112,0.0113,0.0113,0.0113,0.0113,0.0113,0.0113,0.0113,0.0113,0.0114,0.0114,0.0114,0.0114,0.0114,0.0114,0.0114,0.0115,0.0115,0.0115,0.0115,0.0115,0.0115,0.0115,0.0115,0.0115,0.0115,0.0115,0.0115,0.0115,0.0115,0.0121,0.0121,0.0121,0.0123,0.0126,0.0126,0.0126,0.0126,0.0126,0.0126,0.0126,0.0126,0.0126,0.0136,0.0136,0.0136,0.0136,0.0137,0.0137,0.0137,0.0137,0.0137,0.0137,0.0137,0.0137,0.0137,0.0137,0.0137,0.0137,0.0137,0.0137,0.0137,0.0137,0.0137,0.0137,0.0137,0.0137,0.0137,0.0137,0.0137,0.0137,0.0137,0.0137,0.0137,0.0137,0.0137,0.0137,0.0137,0.0137,0.0137,0.0137,0.0137,0.0137,0.0137,0.0137,0.0137,0.0137,0.0137,0.0137,0.0137,0.0137,0.0137,0.0137,0.0137,0.0138,0.0138,0.0138,0.0138,0.0138,0.0138,0.0138,0.0138,0.0138,0.0138,0.0138,0.0138,0.0138,0.0138
45127.5000000,0.0041,0.0041,0.0041,0.0041,0.0041,0.0041,0.0042,0.0049,0.0049,0.0049,0.0049,0.0049,0.0049,0.0054,0.0054,0.0054,0.0054,0.0054,0.0054,0.0054,0.0054,0.0054,0.0055,0.0055,0.0055,0.0055,0.0055,0.0055,0.0055,0.0055,0.0055,0.0055,0.0055,0.0056,0.0056,0.0056,0.0056,0.0056,0.0056,0.0060,0.0060,0.0060,0.0060,0.0060,0.0060,0.0060,0.0060,0.0064,0.0064,0.0064,0.0064,0.0064,0.0064,0.0065,0.0065,0.0065,0.0065,0.0065,0.0065,0.0065,0.0065,0.0065,0.0065,0.0065,0.0065,0.0065,0.0066,0.0067,0.0067,0.0067,0.0067,0.0068,0.0068,0.0068,0.0068,0.0068,0.0068,0.0069,0.0069,0.0069,0.0069,0.0070,0.0070,0.0071,0.0071,0.0071,0.0071,0.0071,0.0071,0.0071,0.0071,0.0072,0.0072,0.0072,0.0072,0.0072,0.0072,0.0072,0.0072,0.0072,0.0072,0.0072,0.0104,0.0104,0.0104,0.0104,0.0104,0.0109,0.0109,0.0109,0.0109,0.0109,0.0110,0.0110,0.0110,0.0111,0.0111,0.0111,0.0111,0.0111,0.0111,0.0111,0.0112,0.0112,0.0112,0.0112,0.0112,0.0112,0.0112,0.0112,0.0112,0.0112,0.0112,0.0112,0.0113,0.0113,0.0113,0.0113,0.0114,0.0114,0.0114,0.0114,0.0114,0.0114,0.0114,0.0114,0.0114,0.0115,0.0115,0.0115,0.0115,0.0115,0.0115,0.0115,0.0115,0.0115,0.0115,0.0115,0.0121,0.0121,0.0121,0.0123,0.0126,0.0126,0.0126,0.0126,0.0126,0.0126,0.0126,0.0126,0.0126,0.0136,0.0136,0.0136,0.0136,0.0136,0.0136,0.0136,0.0137,0.0137,0.0137,0.0137,0.0137,0.0137,0.0137,0.0137,0.0137,0.0137,0.0137,0.0137,0.0137,0.0137,0.0137,0.0137,0.0137,0.0137,0.0137,0.0137,0.0137,0.0137,0.0137,0.0137,0.0137,0.0137,0.0137,0.0137,0.0137,0.0137,0.0137,0.0137,0.0137,0.0137,0.0137,0.0137,0.0137,0.0137,0.0137,0.0137,0.0137,0.0137,0.0137,0.0137,0.0137,0.0137,0.0138,0.0138,0.0138,0.0138,0.0138,0.0138,0.0138,0.0138,0.0138,0.0138,0.0138,0.0138
45127.5416667,0.0041,0.0041,0.0041,0.0041,0.0041,0.0041,0.0042,0.0049,0.0049,0.0049,0.0049,0.0049,0.0049,0.0054,0.0054,0.0054,0.0054,0.0054,0.0054,0.0054,0.0054,0.0054,0.0055,0.0055,0.0055,0.0055,0.0055,0.0055,0.0055,0.0055,0.0055,0.0055,0.0055,0.0056,0.0056,0.0056,0.0056,0.0056,0.0056,0.0060,0.0060,0.0060,0.0060,0.0060,0.0060,0.0060,0.0060,0.0064,0.0064,0.0064,0.0064,0.0064,0.0064,0.0065,0.0065,0.0065,0.0065,0.0065,0.0065,0.0065,0.0065,0.0065,0.0065,0.0065,0.0065,0.0065,0.0066,0.0067,0.0067,0.0067,0.0067,0.0068,0.0068,0.0068,0.0068,0.0068,0.0068,0.0069,0.0069,0.0069,0.0069,0.0070,0.0070,0.0071,0.0071,0.0071,0.0071,0.0071,0.0071,0.0071,0.0071,0.0072,0.0072,0.0072,0.0072,0.0072,0.0072,0.0072,0.0072,0.0072,0.0072,0.0072,0.0104,0.0104,0.0104,0.0104,0.0104,0.0109,0.0109,0.0109,0.0109,0.0109,0.0110,0.0110,0.0110,0.0111,0.0111,0.0111,0.0111,0.0111,0.0111,0.0111,0.0112,0.0112,0.0112,0.0112,0.0112,0.0112,0.0112,0.0112,0.0112,0.0112,0.0112,0.0112,0.0113,0.0113,0.0113,0.0113,0.0114,0.0114,0.0114,0.0114,0.0114,0.0114,0.0114,0.0114,0.0114,0.0114,0.0114,0.0114,0.0115,0.0115,0.0115,0.0115,0.0115,0.0115,0.0115,0.0115,0.0121,0.0121,0.0121,0.0123,0.0125,0.0125,0.0126,0.0126,0.0126,0.0126,0.0126,0.0126,0.0126,0.0136,0.0136,0.0136,0.0136,0.0136,0.0136,0.0136,0.0136,0.0136,0.0136,0.0136,0.0137,0.0137,0.0137,0.0137,0.0137,0.0137,0.0137,0.0137,0.0137,0.0137,0.0137,0.0137,0.0137,0.0137,0.0137,0.0137,0.0137,0.0137,0.0137,0.0137,0.0137,0.0137,0.0137,0.0137,0.0137,0.0137,0.0137,0.0137,0.0137,0.0137,0.0137,0.0137,0.0137,0.0137,0.0137,0.0137,0.0137,0.0137,0.0137,0.0137,0.0137,0.0137,0.0137,0.0137,0.0137,0.0138,0.0138,0.0138,0.0138,0.0138,0.0138,0.0138,0.0138,0.0138
45127.5833333,0.0041,0.0041,0.0041,0.0041,0.0041,0.0041,0.0042,0.0049,0.0049,0.0049,0.0049,0.0049,0.0049,0.0054,0.0054,0.0054,0.0054,0.0054,0.0054,0.0054,0.0054,0.0054,0.0055,0.0055,0.0055,0.0055,0.0055,0.0055,0.0055,0.0055,0.0055,0.0055,0.0055,0.0056,0.0056,0.0056,0.0056,0.0056,0.0056,0.0060,0.0060,0.0060,0.0060,0.0060,0.0060,0.0060,0.0060,0.0064,0.0064,0.0064,0.0064,0.0064,0.0064,0.0065,0.0065,0.0065,0.0065,0.0065,0.0065,0.0065,0.0065,0.0065,0.0065,0.0065,0.0065,0.0065,0.0066,0.0067,0.0067,0.0067,0.0067,0.0068,0.0068,0.0068,0.0068,0.0068,0.0068,0.0069,0.0069,0.0069,0.0069,0.0070,0.0070,0.0071,0.0071,0.0071,0.0071,0.0071,0.0071,0.0071,0.0071,0.0072,0.0072,0.0072,0.0072,0.0072,0.0072,0.0072,0.0072,0.0072,0.0072,0.0072,0.0104,0.0104,0.0104,0.0104,0.0104,0.0109,0.0109,0.0109,0.0109,0.0109,0.0110,0.0110,0.0110,0.0111,0.0111,0.0111,0.0111,0.0111,0.0111,0.0111,0.0112,0.0112,0.0112,0.0112,0.0112,0.0112,0.0112,0.0112,0.0112,0.0112,0.0112,0.0112,0.0113,0.0113,0.0113,0.0113,0.0114,0.0114,0.0114,0.0114,0.0114,0.0114,0.0114,0.0114,0.0114,0.0114,0.0114,0.0114,0.0114,0.0114,0.0114,0.0114,0.0115,0.0115,0.0115,0.0115,0.0120,0.0120,0.0120,0.0122,0.0125,0.0125,0.0125,0.0126,0.0126,0.0126,0.0126,0.0126,0.0126,0.0136,0.0136,0.0136,0.0136,0.0136,0.0136,0.0136,0.0136,0.0136,0.0136,0.0136,0.0136,0.0137,0.0137,0.0137,0.0137,0.0137,0.0137,0.0137,0.0137,0.0137,0.0137,0.0137,0.0137,0.0137,0.0137,0.0137,0.0137,0.0137,0.0137,0.0137,0.0137,0.0137,0.0137,0.0137,0.0137,0.0137,0.0137,0.0137,0.0137,0.0137,0.0137,0.0137,0.0137,0.0137,0.0137,0.0137,0.0137,0.0137,0.0137,0.0137,0.0137,0.0137,0.0137,0.0137,0.0137,0.0137,0.0137,0.0137,0.0138,0.0138,0.0138,0.0138,0.0138,0.0138
45127.6250000,0.0041,0.0041,0.0041,0.0041,0.0041,0.0041,0.0042,0.0049,0.0049,0.0049,0.0049,0.0049,0.0049,0.0054,0.0054,0.0054,0.0054,0.0054,0.0054,0.0054,0.0054,0.0054,0.0055,0.0055,0.0055,0.0055,0.0055,0.0055,0.0055,0.0055,0.0055,0.0055,0.0055,0.0056,0.0056,0.0056,0.0056,0.0056,0.0056,0.0060,0.0060,0.0060,0.0060,0.0060,0.0060,0.0060,0.0060,0.0064,0.0064,0.0064,0.0064,0.0064,0.0064,0.0065,0.0065,0.0065,0.0065,0.0065,0.0065,0.0065,0.0065,0.0065,0.0065,0.0065,0.0065,0.0065,0.0066,0.0067,0.0067,0.0067,0.0067,0.0068,0.0068,0.0068,0.0068,0.0068,0.0068,0.0069,0.0069,0.0069,0.0069,0.0070,0.0070,0.0071,0.0071,0.0071,0.0071,0.0071,0.0071,0.0071,0.0071,0.0072,0.0072,0.0072,0.0072,0.0072,0.0072,0.0072,0.0072,0.0072,0.0072,0.0072,0.0104,0.0104,0.0104,0.0104,0.0104,0.0109,0.0109,0.0109,0.0109,0.0109,0.0110,0.0110,0.0110,0.0111,0.0111,0.0111,0.0111,0.0111,0.0111,0.0111,0.0112,0.0112,0.0112,0.0112,0.0112,0.0112,0.0112,0.0112,0.0112,0.0112,0.0112,0.0112,0.0113,0.0113,0.0113,0.0113,0.0114,0.0114,0.0114,0.0114,0.0114,0.0114,0.0114,0.0114,0.0114,0.0114,0.0114,0.0114,0.0114,0.0114,0.0114,0.0114,0.0114,0.0114,0.0115,0.0115,0.0120,0.0120,0.0120,0.0122,0.0125,0.0125,0.0125,0.0125,0.0125,0.0126,0.0126,0.0126,0.0126,0.0135,0.0136,0.0136,0.0136,0.0136,0.0136,0.0136,0.0136,0.0136,0.0136,0.0136,0.0136,0.0136,0.0136,0.0136,0.0136,0.0136,0.0136,0.0137,0.0137,0.0137,0.0137,0.0137,0.0137,0.0137,0.0137,0.0137,0.0137,0.0137,0.0137,0.0137,0.0137,0.0137,0.0137,0.0137,0.0137,0.0137,0.0137,0.0137,0.0137,0.0137,0.0137,0.0137,0.0137,0.0137,0.0137,0.0137,0.0137,0.0137,0.0137,0.0137,0.0137,0.0137,0.0137,0.0137,0.0137,0.0137,0.0137,0.0137,0.0137,0.0137,0.0137,0.0137,0.0137,0.0138
45127.6666667,0.0041,0.0041,0.0041,0.0041,0.0041,0.0041,0.0042,0.0049,0.0049,0.0049,0.0049,0.0049,0.0049,0.0054,0.0054,0.0054,0.0054,0.0054,0.0054,0.0054,0.0054,0.0054,0.0055,0.0055,0.0055,0.0055,0.0055,0.0055,0.0055,0.0055,0.0055,0.0055,0.0055,0.0056,0.0056,0.0056,0.0056,0.0056,0.0056,0.0060,0.0060,0.0060,0.0060,0.0060,0.0060,0.0060,0.0060,0.0064,0.0064,0.0064,0.0064,0.0064,0.0064,0.0065,0.0065,0.0065,0.0065,0.0065,0.0065,0.0065,0.0065,0.0065,0.0065,0.0065,0.0065,0.0065,0.0066,0.0067,0.0067,0.0067,0.0067,0.0068,0.0068,0.0068,0.0068,0.0068,0.0068,0.0069,0.0069,0.0069,0.0069,0.0070,0.0070,0.0071,0.0071,0.0071,0.0071,0.0071,0.0071,0.0071,0.0071,0.0072,0.0072,0.0072,0.0072,0.0072,0.0072,0.0072,0.0072,0.0072,0.0072,0.0072,0.0104,0.0104,0.0104,0.0104,0.0104,0.0109,0.0109,0.0109,0.0109,0.0109,0.0110,0.0110,0.0110,0.0111,0.0111,0.0111,0.0111,0.0111,0.0111,0.0111,0.0112,0.0112,0.0112,0.0112,0.0112,0.0112,0.0112,0.0112,0.0112,0.0112,0.0112,0.0112,0.0113,0.0113,0.0113,0.0113,0.0114,0.0114,0.0114,0.0114,0.0114,0.0114,0.0114,0.0114,0.0114,0.0114,0.0114,0.0114,0.0114,0.0114,0.0114,0.0114,0.0114,0.0114,0.0115,0.0115,0.0120,0.0120,0.0120,0.0122,0.0125,0.0125,0.0125,0.0125,0.0125,0.0125,0.0126,0.0126,0.0126,0.0135,0.0135,0.0136,0.0136,0.0136,0.0136,0.0136,0.0136,0.0136,0.0136,0.0136,0.0136,0.0136,0.0136,0.0136,0.0136,0.0136,0.0136,0.0136,0.0136,0.0136,0.0136,0.0136,0.0136,0.0136,0.0136,0.0136,0.0136,0.0137,0.0137,0.0137,0.0137,0.0137,0.0137,0.0137,0.0137,0.0137,0.0137,0.0137,0.0137,0.0137,0.0137,0.0137,0.0137,0.0137,0.0137,0.0137,0.0137,0.0137,0.0137,0.0137,0.0137,0.0137,0.0137,0.0137,0.0137,0.0137,0.0137,0.0137,0.0137,0.0137,0.0137,0.0137,0.0137,0.0137
45127.7083333,0.0041,0.0041,0.0041,0.0041,0.0041,0.0041,0.0042,0.0049,0.0049,0.0049,0.0049,0.0049,0.0049,0.0054,0.0054,0.0054,0.0054,0.0054,0.0054,0.0054,0.0054,0.0054,0.0055,0.0055,0.0055,0.0055,0.0055,0.0055,0.0055,0.0055,0.0055,0.0055,0.0055,0.0056,0.0056,0.0056,0.0056,0.0056,0.0056,0.0060,0.0060,0.0060,0.0060,0.0060,0.0060,0.0060,0.0060,0.0064,0.0064,0.0064,0.0064,0.0064,0.0064,0.0065,0.0065,0.0065,0.0065,0.0065,0.0065,0.0065,0.0065,0.0065,0.0065,0.0065,0.0065,0.0065,0.0066,0.0067,0.0067,0.0067,0.0067,0.0068,0.0068,0.0068,0.0068,0.0068,0.0068,0.0069,0.0069,0.0069,0.0069,0.0070,0.0070,0.0071,0.0071,0.0071,0.0071,0.0071,0.0071,0.0071,0.0071,0.0072,0.0072,0.0072,0.0072,0.0072,0.0072,0.0072,0.0072,0.0072,0.0072,0.0072,0.0104,0.0104,0.0104,0.0104,0.0104,0.0109,0.0109,0.0109,0.0109,0.0109,0.0110,0.0110,0.0110,0.0111,0.0111,0.0111,0.0111,0.0111,0.0111,0.0111,0.0112,0.0112,0.0112,0.0112,0.0112,0.0112,0.0112,0.0112,0.0112,0.0112,0.0112,0.0112,0.0113,0.0113,0.0113,0.0113,0.0114,0.0114,0.0114,0.0114,0.0114,0.0114,0.0114,0.0114,0.0114,0.0114,0.0114,0.0114,0.0114,0.0114,0.0114,0.0114,0.0114,0.0114,0.0115,0.0115,0.0120,0.0120,0.0120,0.0122,0.0125,0.0125,0.0125,0.0125,0.0125,0.0125,0.0125,0.0126,0.0126,0.0135,0.0135,0.0135,0.0136,0.0136,0.0136,0.0136,0.0136,0.0136,0.0136,0.0136,0.0136,0.0136,0.0136,0.0136,0.0136,0.0136,0.0136,0.0136,0.0136,0.0136,0.0136,0.0136,0.0136,0.0136,0.0136,0.0136,0.0136,0.0136,0.0136,0.0136,0.0136,0.0136,0.0136,0.0136,0.0136,0.0136,0.0137,0.0137,0.0137,0.0137,0.0137,0.0137,0.0137,0.0137,0.0137,0.0137,0.0137,0.0137,0.0137,0.0137,0.0137,0.0137,0.0137,0.0137,0.0137,0.0137,0.0137,0.0137,0.0137,0.0137,0.0137,0.0137,0.0137,0.0137
45127.7500000,0.0041,0.0041,0.0041,0.0041,0.0041,0.0041,0.0042,0.0049,0.0049,0.0049,0.0049,0.0049,0.0049,0.0054,0.0054,0.0054,0.0054,0.0054,0.0054,0.0054,0.0054,0.0054,0.0055,0.0055,0.0055,0.0055,0.0055,0.0055,0.0055,0.0055,0.0055,0.0055,0.0055,0.0056,0.0056,0.0056,0.0056,0.0056,0.0056,0.0060,0.0060,0.0060,0.0060,0.0060,0.0060,0.0060,0.0060,0.0064,0.0064,0.0064,0.0064,0.0064,0.0064,0.0065,0.0065,0.0065,0.0065,0.0065,0.0065,0.0065,0.0065,0.0065,0.0065,0.0065,0.0065,0.0065,0.0066,0.0067,0.0067,0.0067,0.0067,0.0068,0.0068,0.0068,0.0068,0.0068,0.0068,0.0069,0.0069,0.0069,0.0069,0.0070,0.0070,0.0071,0.0071,0.0071,0.0071,0.0071,0.0071,0.0071,0.0071,0.0072,0.0072,0.0072,0.0072,0.0072,0.0072,0.0072,0.0072,0.0072,0.0072,0.0072,0.0104,0.0104,0.0104,0.0104,0.0104,0.0109,0.0109,0.0109,0.0109,0.0109,0.0110,0.0110,0.0110,0.0111,0.0111,0.0111,0.0111,0.0111,0.0111,0.0111,0.0112,0.0112,0.0112,0.0112,0.0112,0.0112,0.0112,0.0112,0.0112,0.0112,0.0112,0.0112,0.0113,0.0113,0.0113,0.0113,0.0114,0.0114,0.0114,0.0114,0.0114,0.0114,0.0114,0.0114,0.0114,0.0114,0.0114,0.0114,0.0114,0.0114,0.0114,0.0114,0.0114,0.0114,0.0115,0.0115,0.0120,0.0120,0.0120,0.0122,0.0125,0.0125,0.0125,0.0125,0.0125,0.0125,0.0125,0.0126,0.0126,0.0135,0.0135,0.0135,0.0136,0.0136,0.0136,0.0136,0.0136,0.0136,0.0136,0.0136,0.0136,0.0136,0.0136,0.0136,0.0136,0.0136,0.0136,0.0136,0.0136,0.0136,0.0136,0.0136,0.0136,0.0136,0.0136,0.0136,0.0136,0.0136,0.0136,0.0136,0.0136,0.0136,0.0136,0.0136,0.0136,0.0136,0.0136,0.0136,0.0136,0.0136,0.0136,0.0137,0.0137,0.0137,0.0137,0.0137,0.0137,0.0137,0.0137,0.0137,0.0137,0.0137,0.0137,0.0137,0.0137,0.0137,0.0137,0.0137,0.0137,0.0137,0.0137,0.0137,0.0137,0.0137
45127.7916667,0.0041,0.0041,0.0041,0.0041,0.0041,0.0041,0.0042,0.0049,0.0049,0.0049,0.0049,0.0049,0.0049,0.0054,0.0054,0.0054,0.0054,0.0054,0.0054,0.0054,0.0054,0.0054,0.0055,0.0055,0.0055,0.0055,0.0055,0.0055,0.0055,0.0055,0.0055,0.0055,0.0055,0.0056,0.0056,0.0056,0.0056,0.0056,0.0056,0.0060,0.0060,0.0060,0.0060,0.0060,0.0060,0.0060,0.0060,0.0064,0.0064,0.0064,0.0064,0.0064,0.0064,0.0065,0.0065,0.0065,0.0065,0.0065,0.0065,0.0065,0.0065,0.0065,0.0065,0.0065,0.0065,0.0065,0.0066,0.0067,0.0067,0.0067,0.0067,0.0068,0.0068,0.0068,0.0068,0.0068,0.0068,0.0069,0.0069,0.0069,0.0069,0.0070,0.0070,0.0071,0.0071,0.0071,0.0071,0.0071,0.0071,0.0071,0.0071,0.0072,0.0072,0.0072,0.0072,0.0072,0.0072,0.0072,0.0072,0.0072,0.0072,0.0072,0.0104,0.0104,0.0104,0.0104,0.0104,0.0109,0.0109,0.0109,0.0109,0.0109,0.0110,0.0110,0.0110,0.0111,0.0111,0.0111,0.0111,0.0111,0.0111,0.0111,0.0112,0.0112,0.0112,0.0112,0.0112,0.0112,0.0112,0.0112,0.0112,0.0112,0.0112,0.0112,0.0113,0.0113,0.0113,0.0113,0.0114,0.0114,0.0114,0.0114,0.0114,0.0114,0.0114,0.0114,0.0114,0.0114,0.0114,0.0114,0.0114,0.0114,0.0114,0.0114,0.0114,0.0114,0.0115,0.0115,0.0120,0.0120,0.0120,0.0122,0.0125,0.0125,0.0125,0.0125,0.0125,0.0125,0.0125,0.0126,0.0126,0.0135,0.0135,0.0135,0.0136,0.0136,0.0136,0.0136,0.0136,0.0136,0.0136,0.0136,0.0136,0.0136,0.0136,0.0136,0.0136,0.0136,0.0136,0.0136,0.0136,0.0136,0.0136,0.0136,0.0136,0.0136,0.0136,0.0136,0.0136,0.0136,0.0136,0.0136,0.0136,0.0136,0.0136,0.0136,0.0136,0.0136,0.0136,0.0136,0.0136,0.0136,0.0136,0.0136,0.0136,0.0136,0.0137,0.0137,0.0137,0.0137,0.0137,0.0137,0.0137,0.0137,0.0137,0.0137,0.0137,0.0137,0.0137,0.0137,0.0137,0.0137,0.0137,0.0137,0.0137,0.0137
45127.8333333,0.0041,0.0041,0.0041,0.0041,0.0041,0.0041,0.0042,0.0049,0.0049,0.0049,0.0049,0.0049,0.0049,0.0054,0.0054,0.0054,0.0054,0.0054,0.0054,0.0054,0.0054,0.0054,0.0055,0.0055,0.0055,0.0055,0.0055,0.0055,0.0055,0.0055,0.0055,0.0055,0.0055,0.0056,0.0056,0.0056,0.0056,0.0056,0.0056,0.0060,0.0060,0.0060,0.0060,0.0060,0.0060,0.0060,0.0060,0.0064,0.0064,0.0064,0.0064,0.0064,0.0064,0.0065,0.0065,0.0065,0.0065,0.0065,0.0065,0.0065,0.0065,0.0065,0.0065,0.0065,0.0065,0.0065,0.0066,0.0067,0.0067,0.0067,0.0067,0.0068,0.0068,0.0068,0.0068,0.0068,0.0068,0.0069,0.0069,0.0069,0.0069,0.0070,0.0070,0.0071,0.0071,0.0071,0.0071,0.0071,0.0071,0.0071,0.0071,0.0072,0.0072,0.0072,0.0072,0.0072,0.0072,0.0072,0.0072,0.0072,0.0072,0.0072,0.0104,0.0104,0.0104,0.0104,0.0104,0.0109,0.0109,0.0109,0.0109,0.0109,0.0110,0.0110,0.0110,0.0111,0.0111,0.0111,0.0111,0.0111,0.0111,0.0111,0.0112,0.0112,0.0112,0.0112,0.0112,0.0112,0.0112,0.0112,0.0112,0.0112,0.0112,0.0112,0.0113,0.0113,0.0113,0.0113,0.0114,0.0114,0.0114,0.0114,0.0114,0.0114,0.0114,0.0114,0.0114,0.0114,0.0114,0.0114,0.0114,0.0114,0.0114,0.0114,0.0114,0.0114,0.0115,0.0115,0.0120,0.0120,0.0120,0.0122,0.0125,0.0125,0.0125,0.0125,0.0125,0.0125,0.0125,0.0126,0.0126,0.0135,0.0135,0.0135,0.0136,0.0136,0.0136,0.0136,0.0136,0.0136,0.0136,0.0136,0.0136,0.0136,0.0136,0.0136,0.0136,0.0136,0.0136,0.0136,0.0136,0.0136,0.0136,0.0136,0.0136,0.0136,0.0136,0.0136,0.0136,0.0136,0.0136,0.0136,0.0136,0.0136,0.0136,0.0136,0.0136,0.0136,0.0136,0.0136,0.0136,0.0136,0.0136,0.0136,0.0136,0.0136,0.0136,0.0137,0.0137,0.0137,0.0137,0.0137,0.0137,0.0137,0.0137,0.0137,0.0137,0.0137,0.0137,0.0137,0.0137,0.0137,0.0137,0.0137,0.0137,0.0137
45127.8750000,0.0041,0.0041,0.0041,0.0041,0.0041,0.0041,0.0042,0.0049,0.0049,0.0049,0.0049,0.0049,0.0049,0.0054,0.0054,0.0054,0.0054,0.0054,0.0054,0.0054,0.0054,0.0054,0.0055,0.0055,0.0055,0.0055,0.0055,0.0055,0.0055,0.0055,0.0055,0.0055,0.0055,0.0056,0.0056,0.0056,0.0056,0.0056,0.0056,0.0060,0.0060,0.0060,0.0060,0.0060,0.0060,0.0060,0.0060,0.0064,0.0064,0.0064,0.0064,0.0064,0.0064,0.0065,0.0065,0.0065,0.0065,0.0065,0.0065,0.0065,0.0065,0.0065,0.0065,0.0065,0.0065,0.0065,0.0066,0.0067,0.0067,0.0067,0.0067,0.0068,0.0068,0.0068,0.0068,0.0068,0.0068,0.0069,0.0069,0.0069,0.0069,0.0070,0.0070,0.0071,0.0071,0.0071,0.0071,0.0071,0.0071,0.0071,0.0071,0.0072,0.0072,0.0072,0.0072,0.0072,0.0072,0.0072,0.0072,0.0072,0.0072,0.0072,0.0104,0.0104,0.0104,0.0104,0.0104,0.0109,0.0109,0.0109,0.0109,0.0109,0.0110,0.0110,0.0110,0.0111,0.0111,0.0111,0.0111,0.0111,0.0111,0.0111,0.0112,0.0112,0.0112,0.0112,0.0112,0.0112,0.0112,0.0112,0.0112,0.0112,0.0112,0.0112,0.0113,0.0113,0.0113,0.0113,0.0114,0.0114,0.0114,0.0114,0.0114,0.0114,0.0114,0.0114,0.0114,0.0114,0.0114,0.0114,0.0114,0.0114,0.0114,0.0114,0.0114,0.0114,0.0115,0.0115,0.0120,0.0120,0.0120,0.0122,0.0125,0.0125,0.0125,0.0125,0.0125,0.0125,0.0125,0.0126,0.0126,0.0135,0.0135,0.0135,0.0136,0.0136,0.0136,0.0136,0.0136,0.0136,0.0136,0.0136,0.0136,0.0136,0.0136,0.0136,0.0136,0.0136,0.0136,0.0136,0.0136,0.0136,0.0136,0.0136,0.0136,0.0136,0.0136,0.0136,0.0136,0.0136,0.0136,0.0136,0.0136,0.0136,0.0136,0.0136,0.0136,0.0136,0.0136,0.0136,0.0136,0.0136,0.0136,0.0136,0.0136,0.0136,0.0136,0.0137,0.0137,0.0137,0.0137,0.0137,0.0137,0.0137,0.0137,0.0137,0.0137,0.0137,0.0137,0.0137,0.0137,0.0137,0.0137,0.0137,0.0137,0.0137
45127.9166667,0.0041,0.0041,0.0041,0.0041,0.0041,0.0041,0.0042,0.0049,0.0049,0.0049,0.0049,0.0049,0.0049,0.0054,0.0054,0.0054,0.0054,0.0054,0.0054,0.0054,0.0054,0.0054,0.0055,0.0055,0.0055,0.0055,0.0055,0.0055,0.0055,0.0055,0.0055,0.0055,0.0055,0.0056,0.0056,0.0056,0.0056,0.0056,0.0056,0.0060,0.0060,0.0060,0.0060,0.0060,0.0060,0.0060,0.0060,0.0064,0.0064,0.0064,0.0064,0.0064,0.0064,0.0065,0.0065,0.0065,0.0065,0.0065,0.0065,0.0065,0.0065,0.0065,0.0065,0.0065,0.0065,0.0065,0.0066,0.0067,0.0067,0.0067,0.0067,0.0068,0.0068,0.0068,0.0068,0.0068,0.0068,0.0069,0.0069,0.0069,0.0069,0.0070,0.0070,0.0071,0.0071,0.0071,0.0071,0.0071,0.0071,0.0071,0.0071,0.0072,0.0072,0.0072,0.0072,0.0072,0.0072,0.0072,0.0072,0.0072,0.0072,0.0072,0.0104,0.0104,0.0104,0.0104,0.0104,0.0109,0.0109,0.0109,0.0109,0.0109,0.0110,0.0110,0.0110,0.0111,0.0111,0.0111,0.0111,0.0111,0.0111,0.0111,0.0112,0.0112,0.0112,0.0112,0.0112,0.0112,0.0112,0.0112,0.0112,0.0112,0.0112,0.0112,0.0113,0.0113,0.0113,0.0113,0.0114,0.0114,0.0114,0.0114,0.0114,0.0114,0.0114,0.0114,0.0114,0.0114,0.0114,0.0114,0.0114,0.0114,0.0114,0.0114,0.0114,0.0114,0.0115,0.0115,0.0120,0.0120,0.0120,0.0122,0.0125,0.0125,0.0125,0.0125,0.0125,0.0125,0.0125,0.0126,0.0126,0.0135,0.0135,0.0135,0.0136,0.0136,0.0136,0.0136,0.0136,0.0136,0.0136,0.0136,0.0136,0.0136,0.0136,0.0136,0.0136,0.0136,0.0136,0.0136,0.0136,0.0136,0.0136,0.0136,0.0136,0.0136,0.0136,0.0136,0.0136,0.0136,0.0136,0.0136,0.0136,0.0136,0.0136,0.0136,0.0136,0.0136,0.0136,0.0136,0.0136,0.0136,0.0136,0.0136,0.0136,0.0136,0.0136,0.0137,0.0137,0.0137,0.0137,0.0137,0.0137,0.0137,0.0137,0.0137,0.0137,0.0137,0.0137,0.0137,0.0137,0.0137,0.0137,0.0137,0.0137,0.0137
45127.9583333,0.0041,0.0041,0.0041,0.0041,0.0041,0.0041,0.0042,0.0049,0.0049,0.0049,0.0049,0.0049,0.0049,0.0054,0.0054,0.0054,0.0054,0.0054,0.0054,0.0054,0.0054,0.0054,0.0055,0.0055,0.0055,0.0055,0.0055,0.0055,0.0055,0.0055,0.0055,0.0055,0.0055,0.0056,0.0056,0.0056,0.0056,0.0056,0.0056,0.0060,0.0060,0.0060,0.0060,0.0060,0.0060,0.0060,0.0060,0.0064,0.0064,0.0064,0.0064,0.0064,0.0064,0.0065,0.0065,0.0065,0.0065,0.0065,0.0065,0.0065,0.0065,0.0065,0.0065,0.0065,0.0065,0.0065,0.0066,0.0067,0.0067,0.0067,0.0067,0.0068,0.0068,0.0068,0.0068,0.0068,0.0068,0.0069,0.0069,0.0069,0.0069,0.0070,0.0070,0.0071,0.0071,0.0071,0.0071,0.0071,0.0071,0.0071,0.0071,0.0072,0.0072,0.0072,0.0072,0.0072,0.0072,0.0072,0.0072,0.0072,0.0072,0.0072,0.0104,0.0104,0.0104,0.0104,0.0104,0.0109,0.0109,0.0109,0.0109,0.0109,0.0110,0.0110,0.0110,0.0111,0.0111,0.0111,0.0111,0.0111,0.0111,0.0111,0.0112,0.0112,0.0112,0.0112,0.0112,0.0112,0.0112,0.0112,0.0112,0.0112,0.0112,0.0112,0.0113,0.0113,0.0113,0.0113,0.0114,0.0114,0.0114,0.0114,0.0114,0.0114,0.0114,0.0114,0.0114,0.0114,0.0114,0.0114,0.0114,0.0114,0.0114,0.0114,0.0114,0.0114,0.0115,0.0115,0.0120,0.0120,0.0120,0.0122,0.0125,0.0125,0.0125,0.0125,0.0125,0.0125,0.0125,0.0126,0.0126,0.0135,0.0135,0.0135,0.0136,0.0136,0.0136,0.0136,0.0136,0.0136,0.0136,0.0136,0.0136,0.0136,0.0136,0.0136,0.0136,0.0136,0.0136,0.0136,0.0136,0.0136,0.0136,0.0136,0.0136,0.0136,0.0136,0.0136,0.0136,0.0136,0.0136,0.0136,0.0136,0.0136,0.0136,0.0136,0.0136,0.0136,0.0136,0.0136,0.0136,0.0136,0.0136,0.0136,0.0136,0.0136,0.0136,0.0137,0.0137,0.0137,0.0137,0.0137,0.0137,0.0137,0.0137,0.0137,0.0137,0.0137,0.0137,0.0137,0.0137,0.0137,0.0137,0.0137,0.0137,0.0137
45128.0000000,0.0041,0.0041,0.0041,0.0041,0.0041,0.0041,0.0042,0.0049,0.0049,0.0049,0.0049,0.0049,0.0049,0.0054,0.0054,0.0054,0.0054,0.0054,0.0054,0.0054,0.0054,0.0054,0.0055,0.0055,0.0055,0.0055,0.0055,0.0055,0.0055,0.0055,0.0055,0.0055,0.0055,0.0056,0.0056,0.0056,0.0056,0.0056,0.0056,0.0060,0.0060,0.0060,0.0060,0.0060,0.0060,0.0060,0.0060,0.0064,0.0064,0.0064,0.0064,0.0064,0.0064,0.0065,0.0065,0.0065,0.0065,0.0065,0.0065,0.0065,0.0065,0.0065,0.0065,0.0065,0.0065,0.0065,0.0066,0.0067,0.0067,0.0067,0.0067,0.0068,0.0068,0.0068,0.0068,0.0068,0.0068,0.0069,0.0069,0.0069,0.0069,0.0070,0.0070,0.0071,0.0071,0.0071,0.0071,0.0071,0.0071,0.0071,0.0071,0.0072,0.0072,0.0072,0.0072,0.0072,0.0072,0.0072,0.0072,0.0072,0.0072,0.0072,0.0104,0.0104,0.0104,0.0104,0.0104,0.0109,0.0109,0.0109,0.0109,0.0109,0.0110,0.0110,0.0110,0.0111,0.0111,0.0111,0.0111,0.0111,0.0111,0.0111,0.0112,0.0112,0.0112,0.0112,0.0112,0.0112,0.0112,0.0112,0.0112,0.0112,0.0112,0.0112,0.0113,0.0113,0.0113,0.0113,0.0114,0.0114,0.0114,0.0114,0.0114,0.0114,0.0114,0.0114,0.0114,0.0114,0.0114,0.0114,0.0114,0.0114,0.0114,0.0114,0.0114,0.0114,0.0115,0.0115,0.0120,0.0120,0.0120,0.0122,0.0125,0.0125,0.0125,0.0125,0.0125,0.0125,0.0125,0.0126,0.0126,0.0135,0.0135,0.0135,0.0136,0.0136,0.0136,0.0136,0.0136,0.0136,0.0136,0.0136,0.0136,0.0136,0.0136,0.0136,0.0136,0.0136,0.0136,0.0136,0.0136,0.0136,0.0136,0.0136,0.0136,0.0136,0.0136,0.0136,0.0136,0.0136,0.0136,0.0136,0.0136,0.0136,0.0136,0.0136,0.0136,0.0136,0.0136,0.0136,0.0136,0.0136,0.0136,0.0136,0.0136,0.0136,0.0136,0.0137,0.0137,0.0137,0.0137,0.0137,0.0137,0.0137,0.0137,0.0137,0.0137,0.0137,0.0137,0.0137,0.0137,0.0137,0.0137,0.0137,0.0137,0.0137
45128.0416667,0.0041,0.0041,0.0041,0.0041,0.0041,0.0041,0.0042,0.0049,0.0049,0.0049,0.0049,0.0049,0.0049,0.0054,0.0054,0.0054,0.0054,0.0054,0.0054,0.0054,0.0054,0.0054,0.0055,0.0055,0.0055,0.0055,0.0055,0.0055,0.0055,0.0055,0.0055,0.0055,0.0055,0.0056,0.0056,0.0056,0.0056,0.0056,0.0056,0.0060,0.0060,0.0060,0.0060,0.0060,0.0060,0.0060,0.0060,0.0064,0.0064,0.0064,0.0064,0.0064,0.0064,0.0065,0.0065,0.0065,0.0065,0.0065,0.0065,0.0065,0.0065,0.0065,0.0065,0.0065,0.0065,0.0065,0.0066,0.0067,0.0067,0.0067,0.0067,0.0068,0.0068,0.0068,0.0068,0.0068,0.0068,0.0069,0.0069,0.0069,0.0069,0.0070,0.0070,0.0071,0.0071,0.0071,0.0071,0.0071,0.0071,0.0071,0.0071,0.0072,0.0072,0.0072,0.0072,0.0072,0.0072,0.0072,0.0072,0.0072,0.0072,0.0072,0.0104,0.0104,0.0104,0.0104,0.0104,0.0109,0.0109,0.0109,0.0109,0.0109,0.0110,0.0110,0.0110,0.0111,0.0111,0.0111,0.0111,0.0111,0.0111,0.0111,0.0112,0.0112,0.0112,0.0112,0.0112,0.0112,0.0112,0.0112,0.0112,0.0112,0.0112,0.0112,0.0113,0.0113,0.0113,0.0113,0.0114,0.0114,0.0114,0.0114,0.0114,0.0114,0.0114,0.0114,0.0114,0.0114,0.0114,0.0114,0.0114,0.0114,0.0114,0.0114,0.0114,0.0114,0.0115,0.0115,0.0120,0.0120,0.0120,0.0122,0.0125,0.0125,0.0125,0.0125,0.0125,0.0125,0.0125,0.0126,0.0126,0.0135,0.0135,0.0135,0.0136,0.0136,0.0136,0.0136,0.0136,0.0136,0.0136,0.0136,0.0136,0.0136,0.0136,0.0136,0.0136,0.0136,0.0136,0.0136,0.0136,0.0136,0.0136,0.0136,0.0136,0.0136,0.0136,0.0136,0.0136,0.0136,0.0136,0.0136,0.0136,0.0136,0.0136,0.0136,0.0136,0.0136,0.0136,0.0136,0.0136,0.0136,0.0136,0.0136,0.0136,0.0136,0.0136,0.0137,0.0137,0.0137,0.0137,0.0137,0.0137,0.0137,0.0137,0.0137,0.0137,0.0137,0.0137,0.0137,0.0137,0.0137,0.0137,0.0137,0.0137,0.0137
45128.0833333,0.0041,0.0041,0.0041,0.0041,0.0041,0.0041,0.0042,0.0049,0.0049,0.0049,0.0049,0.0049,0.0049,0.0054,0.0054,0.0054,0.0054,0.0054,0.0054,0.0054,0.0054,0.0054,0.0055,0.0055,0.0055,0.0055,0.0055,0.0055,0.0055,0.0055,0.0055,0.0055,0.0055,0.0056,0.0056,0.0056,0.0056,0.0056,0.0056,0.0060,0.0060,0.0060,0.0060,0.0060,0.0060,0.0060,0.0060,0.0064,0.0064,0.0064,0.0064,0.0064,0.0064,0.0065,0.0065,0.0065,0.0065,0.0065,0.0065,0.0065,0.0065,0.0065,0.0065,0.0065,0.0065,0.0065,0.0066,0.0067,0.0067,0.0067,0.0067,0.0068,0.0068,0.0068,0.0068,0.0068,0.0068,0.0069,0.0069,0.0069,0.0069,0.0070,0.0070,0.0071,0.0071,0.0071,0.0071,0.0071,0.0071,0.0071,0.0071,0.0072,0.0072,0.0072,0.0072,0.0072,0.0072,0.0072,0.0072,0.0072,0.0072,0.0072,0.0104,0.0104,0.0104,0.0104,0.0104,0.0109,0.0109,0.0109,0.0109,0.0109,0.0110,0.0110,0.0110,0.0111,0.0111,0.0111,0.0111,0.0111,0.0111,0.0111,0.0112,0.0112,0.0112,0.0112,0.0112,0.0112,0.0112,0.0112,0.0112,0.0112,0.0112,0.0112,0.0113,0.0113,0.0113,0.0113,0.0114,0.0114,0.0114,0.0114,0.0114,0.0114,0.0114,0.0114,0.0114,0.0114,0.0114,0.0114,0.0114,0.0114,0.0114,0.0114,0.0114,0.0114,0.0115,0.0115,0.0120,0.0120,0.0120,0.0122,0.0125,0.0125,0.0125,0.0125,0.0125,0.0125,0.0125,0.0126,0.0126,0.0135,0.0135,0.0135,0.0136,0.0136,0.0136,0.0136,0.0136,0.0136,0.0136,0.0136,0.0136,0.0136,0.0136,0.0136,0.0136,0.0136,0.0136,0.0136,0.0136,0.0136,0.0136,0.0136,0.0136,0.0136,0.0136,0.0136,0.0136,0.0136,0.0136,0.0136,0.0136,0.0136,0.0136,0.0136,0.0136,0.0136,0.0136,0.0136,0.0136,0.0136,0.0136,0.0136,0.0136,0.0136,0.0136,0.0136,0.0137,0.0137,0.0137,0.0137,0.0137,0.0137,0.0137,0.0137,0.0137,0.0137,0.0137,0.0137,0.0137,0.0137,0.0137,0.0137,0.0137,0.0137
45128.1250000,0.0041,0.0041,0.0041,0.0041,0.0041,0.0041,0.0042,0.0049,0.0049,0.0049,0.0049,0.0049,0.0049,0.0054,0.0054,0.0054,0.0054,0.0054,0.0054,0.0054,0.0054,0.0054,0.0055,0.0055,0.0055,0.0055,0.0055,0.0055,0.0055,0.0055,0.0055,0.0055,0.0055,0.0056,0.0056,0.0056,0.0056,0.0056,0.0056,0.0060,0.0060,0.0060,0.0060,0.0060,0.0060,0.0060,0.0060,0.0064,0.0064,0.0064,0.0064,0.0064,0.0064,0.0065,0.0065,0.0065,0.0065,0.0065,0.0065,0.0065,0.0065,0.0065,0.0065,0.0065,0.0065,0.0065,0.0066,0.0067,0.0067,0.0067,0.0067,0.0068,0.0068,0.0068,0.0068,0.0068,0.0068,0.0069,0.0069,0.0069,0.0069,0.0070,0.0070,0.0071,0.0071,0.0071,0.0071,0.0071,0.0071,0.0071,0.0071,0.0072,0.0072,0.0072,0.0072,0.0072,0.0072,0.0072,0.0072,0.0072,0.0072,0.0072,0.0104,0.0104,0.0104,0.0104,0.0104,0.0109,0.0109,0.0109,0.0109,0.0109,0.0110,0.0110,0.0110,0.0111,0.0111,0.0111,0.0111,0.0111,0.0111,0.0111,0.0112,0.0112,0.0112,0.0112,0.0112,0.0112,0.0112,0.0112,0.0112,0.0112,0.0112,0.0112,0.0113,0.0113,0.0113,0.0113,0.0114,0.0114,0.0114,0.0114,0.0114,0.0114,0.0114,0.0114,0.0114,0.0114,0.0114,0.0114,0.0114,0.0114,0.0114,0.0114,0.0114,0.0114,0.0115,0.0115,0.0120,0.0120,0.0120,0.0122,0.0125,0.0125,0.0125,0.0125,0.0125,0.0125,0.0125,0.0126,0.0126,0.0135,0.0135,0.0135,0.0136,0.0136,0.0136,0.0136,0.0136,0.0136,0.0136,0.0136,0.0136,0.0136,0.0136,0.0136,0.0136,0.0136,0.0136,0.0136,0.0136,0.0136,0.0136,0.0136,0.0136,0.0136,0.0136,0.0136,0.0136,0.0136,0.0136,0.0136,0.0136,0.0136,0.0136,0.0136,0.0136,0.0136,0.0136,0.0136,0.0136,0.0136,0.0136,0.0136,0.0136,0.0136,0.0136,0.0136,0.0137,0.0137,0.0137,0.0137,0.0137,0.0137,0.0137,0.0137,0.0137,0.0137,0.0137,0.0137,0.0137,0.0137,0.0137,0.0137,0.0137,0.0137
45128.1666667,0.0041,0.0041,0.0041,0.0041,0.0041,0.0041,0.0042,0.0049,0.0049,0.0049,0.0049,0.0049,0.0049,0.0054,0.0054,0.0054,0.0054,0.0054,0.0054,0.0054,0.0054,0.0054,0.0055,0.0055,0.0055,0.0055,0.0055,0.0055,0.0055,0.0055,0.0055,0.0055,0.0055,0.0056,0.0056,0.0056,0.0056,0.0056,0.0056,0.0060,0.0060,0.0060,0.0060,0.0060,0.0060,0.0060,0.0060,0.0063,0.0063,0.0064,0.0064,0.0064,0.0064,0.0065,0.0065,0.0065,0.0065,0.0065,0.0065,0.0065,0.0065,0.0065,0.0065,0.0065,0.0065,0.0065,0.0066,0.0067,0.0067,0.0067,0.0067,0.0068,0.0068,0.0068,0.0068,0.0068,0.0068,0.0069,0.0069,0.0069,0.0069,0.0070,0.0070,0.0071,0.0071,0.0071,0.0071,0.0071,0.0071,0.0071,0.0071,0.0072,0.0072,0.0072,0.0072,0.0072,0.0072,0.0072,0.0072,0.0072,0.0072,0.0072,0.0104,0.0104,0.0104,0.0104,0.0104,0.0109,0.0109,0.0109,0.0109,0.0109,0.0110,0.0110,0.0110,0.0111,0.0111,0.0111,0.0111,0.0111,0.0111,0.0111,0.0112,0.0112,0.0112,0.0112,0.0112,0.0112,0.0112,0.0112,0.0112,0.0112,0.0112,0.0112,0.0113,0.0113,0.0113,0.0113,0.0114,0.0114,0.0114,0.0114,0.0114,0.0114,0.0114,0.0114,0.0114,0.0114,0.0114,0.0114,0.0114,0.0114,0.0114,0.0114,0.0114,0.0114,0.0115,0.0115,0.0120,0.0120,0.0120,0.0122,0.0125,0.0125,0.0125,0.0125,0.0125,0.0125,0.0125,0.0126,0.0126,0.0135,0.0135,0.0135,0.0136,0.0136,0.0136,0.0136,0.0136,0.0136,0.0136,0.0136,0.0136,0.0136,0.0136,0.0136,0.0136,0.0136,0.0136,0.0136,0.0136,0.0136,0.0136,0.0136,0.0136,0.0136,0.0136,0.0136,0.0136,0.0136,0.0136,0.0136,0.0136,0.0136,0.0136,0.0136,0.0136,0.0136,0.0136,0.0136,0.0136,0.0136,0.0136,0.0136,0.0136,0.0136,0.0136,0.0136,0.0137,0.0137,0.0137,0.0137,0.0137,0.0137,0.0137,0.0137,0.0137,0.0137,0.0137,0.0137,0.0137,0.0137,0.0137,0.0137,0.0137,0.0137
45128.2083333,0.0041,0.0041,0.0041,0.0041,0.0041,0.0041,0.0042,0.0049,0.0049,0.0049,0.0049,0.0049,0.0049,0.0054,0.0054,0.0054,0.0054,0.0054,0.0054,0.0054,0.0054,0.0054,0.0055,0.0055,0.0055,0.0055,0.0055,0.0055,0.0055,0.0055,0.0055,0.0055,0.0055,0.0056,0.0056,0.0056,0.0056,0.0056,0.0056,0.0060,0.0060,0.0060,0.0060,0.0060,0.0060,0.0060,0.0060,0.0063,0.0063,0.0064,0.0064,0.0064,0.0064,0.0065,0.0065,0.0065,0.0065,0.0065,0.0065,0.0065,0.0065,0.0065,0.0065,0.0065,0.0065,0.0065,0.0065,0.0067,0.0067,0.0067,0.0067,0.0068,0.0068,0.0068,0.0068,0.0068,0.0068,0.0069,0.0069,0.0069,0.0069,0.0070,0.0070,0.0071,0.0071,0.0071,0.0071,0.0071,0.0071,0.0071,0.0071,0.0072,0.0072,0.0072,0.0072,0.0072,0.0072,0.0072,0.0072,0.0072,0.0072,0.0072,0.0104,0.0104,0.0104,0.0104,0.0104,0.0109,0.0109,0.0109,0.0109,0.0109,0.0110,0.0110,0.0110,0.0111,0.0111,0.0111,0.0111,0.0111,0.0111,0.0111,0.0112,0.0112,0.0112,0.0112,0.0112,0.0112,0.0112,0.0112,0.0112,0.0112,0.0112,0.0112,0.0113,0.0113,0.0113,0.0113,0.0114,0.0114,0.0114,0.0114,0.0114,0.0114,0.0114,0.0114,0.0114,0.0114,0.0114,0.0114,0.0114,0.0114,0.0114,0.0114,0.0114,0.0114,0.0115,0.0115,0.0120,0.0120,0.0120,0.0122,0.0125,0.0125,0.0125,0.0125,0.0125,0.0125,0.0125,0.0126,0.0126,0.0135,0.0135,0.0135,0.0136,0.0136,0.0136,0.0136,0.0136,0.0136,0.0136,0.0136,0.0136,0.0136,0.0136,0.0136,0.0136,0.0136,0.0136,0.0136,0.0136,0.0136,0.0136,0.0136,0.0136,0.0136,0.0136,0.0136,0.0136,0.0136,0.0136,0.0136,0.0136,0.0136,0.0136,0.0136,0.0136,0.0136,0.0136,0.0136,0.0136,0.0136,0.0136,0.0136,0.0136,0.0136,0.0136,0.0136,0.0137,0.0137,0.0137,0.0137,0.0137,0.0137,0.0137,0.0137,0.0137,0.0137,0.0137,0.0137,0.0137,0.0137,0.0137,0.0137,0.0137,0.0137
45128.2500000,0.0041,0.0041,0.0041,0.0041,0.0041,0.0041,0.0042,0.0049,0.0049,0.0049,0.0049,0.0049,0.0049,0.0054,0.0054,0.0054,0.0054,0.0054,0.0054,0.0054,0.0054,0.0054,0.0055,0.0055,0.0055,0.0055,0.0055,0.0055,0.0055,0.0055,0.0055,0.0055,0.0055,0.0056,0.0056,0.0056,0.0056,0.0056,0.0056,0.0060,0.0060,0.0060,0.0060,0.0060,0.0060,0.0060,0.0060,0.0063,0.0063,0.0064,0.0064,0.0064,0.0064,0.0065,0.0065,0.0065,0.0065,0.0065,0.0065,0.0065,0.0065,0.0065,0.0065,0.0065,0.0065,0.0065,0.0065,0.0067,0.0067,0.0067,0.0067,0.0067,0.0068,0.0068,0.0068,0.0068,0.0068,0.0069,0.0069,0.0069,0.0069,0.0070,0.0070,0.0071,0.0071,0.0071,0.0071,0.0071,0.0071,0.0071,0.0071,0.0072,0.0072,0.0072,0.0072,0.0072,0.0072,0.0072,0.0072,0.0072,0.0072,0.0072,0.0104,0.0104,0.0104,0.0104,0.0104,0.0109,0.0109,0.0109,0.0109,0.0109,0.0110,0.0110,0.0110,0.0111,0.0111,0.0111,0.0111,0.0111,0.0111,0.0111,0.0112,0.0112,0.0112,0.0112,0.0112,0.0112,0.0112,0.0112,0.0112,0.0112,0.0112,0.0112,0.0113,0.0113,0.0113,0.0113,0.0114,0.0114,0.0114,0.0114,0.0114,0.0114,0.0114,0.0114,0.0114,0.0114,0.0114,0.0114,0.0114,0.0114,0.0114,0.0114,0.0114,0.0114,0.0115,0.0115,0.0120,0.0120,0.0120,0.0122,0.0125,0.0125,0.0125,0.0125,0.0125,0.0125,0.0125,0.0126,0.0126,0.0135,0.0135,0.0135,0.0136,0.0136,0.0136,0.0136,0.0136,0.0136,0.0136,0.0136,0.0136,0.0136,0.0136,0.0136,0.0136,0.0136,0.0136,0.0136,0.0136,0.0136,0.0136,0.0136,0.0136,0.0136,0.0136,0.0136,0.0136,0.0136,0.0136,0.0136,0.0136,0.0136,0.0136,0.0136,0.0136,0.0136,0.0136,0.0136,0.0136,0.0136,0.0136,0.0136,0.0136,0.0136,0.0136,0.0136,0.0137,0.0137,0.0137,0.0137,0.0137,0.0137,0.0137,0.0137,0.0137,0.0137,0.0137,0.0137,0.0137,0.0137,0.0137,0.0137,0.0137,0.0137
45128.2916667,0.0041,0.0041,0.0041,0.0041,0.0041,0.0041,0.0042,0.0049,0.0049,0.0049,0.0049,0.0049,0.0049,0.0054,0.0054,0.0054,0.0054,0.0054,0.0054,0.0054,0.0054,0.0054,0.0055,0.0055,0.0055,0.0055,0.0055,0.0055,0.0055,0.0055,0.0055,0.0055,0.0055,0.0056,0.0056,0.0056,0.0056,0.0056,0.0056,0.0060,0.0060,0.0060,0.0060,0.0060,0.0060,0.0060,0.0060,0.0063,0.0063,0.0064,0.0064,0.0064,0.0064,0.0065,0.0065,0.0065,0.0065,0.0065,0.0065,0.0065,0.0065,0.0065,0.0065,0.0065,0.0065,0.0065,0.0065,0.0067,0.0067,0.0067,0.0067,0.0067,0.0068,0.0068,0.0068,0.0068,0.0068,0.0069,0.0069,0.0069,0.0069,0.0070,0.0070,0.0071,0.0071,0.0071,0.0071,0.0071,0.0071,0.0071,0.0071,0.0072,0.0072,0.0072,0.0072,0.0072,0.0072,0.0072,0.0072,0.0072,0.0072,0.0072,0.0104,0.0104,0.0104,0.0104,0.0104,0.0109,0.0109,0.0109,0.0109,0.0109,0.0110,0.0110,0.0110,0.0111,0.0111,0.0111,0.0111,0.0111,0.0111,0.0111,0.0112,0.0112,0.0112,0.0112,0.0112,0.0112,0.0112,0.0112,0.0112,0.0112,0.0112,0.0112,0.0113,0.0113,0.0113,0.0113,0.0114,0.0114,0.0114,0.0114,0.0114,0.0114,0.0114,0.0114,0.0114,0.0114,0.0114,0.0114,0.0114,0.0114,0.0114,0.0114,0.0114,0.0114,0.0115,0.0115,0.0120,0.0120,0.0120,0.0122,0.0125,0.0125,0.0125,0.0125,0.0125,0.0125,0.0125,0.0126,0.0126,0.0135,0.0135,0.0135,0.0136,0.0136,0.0136,0.0136,0.0136,0.0136,0.0136,0.0136,0.0136,0.0136,0.0136,0.0136,0.0136,0.0136,0.0136,0.0136,0.0136,0.0136,0.0136,0.0136,0.0136,0.0136,0.0136,0.0136,0.0136,0.0136,0.0136,0.0136,0.0136,0.0136,0.0136,0.0136,0.0136,0.0136,0.0136,0.0136,0.0136,0.0136,0.0136,0.0136,0.0136,0.0136,0.0136,0.0136,0.0137,0.0137,0.0137,0.0137,0.0137,0.0137,0.0137,0.0137,0.0137,0.0137,0.0137,0.0137,0.0137,0.0137,0.0137,0.0137,0.0137,0.0137
45128.3333333,0.0041,0.0041,0.0041,0.0041,0.0041,0.0041,0.0042,0.0049,0.0049,0.0049,0.0049,0.0049,0.0049,0.0054,0.0054,0.0054,0.0054,0.0054,0.0054,0.0054,0.0054,0.0054,0.0055,0.0055,0.0055,0.0055,0.0055,0.0055,0.0055,0.0055,0.0055,0.0055,0.0055,0.0056,0.0056,0.0056,0.0056,0.0056,0.0056,0.0060,0.0060,0.0060,0.0060,0.0060,0.0060,0.0060,0.0060,0.0063,0.0063,0.0064,0.0064,0.0064,0.0064,0.0065,0.0065,0.0065,0.0065,0.0065,0.0065,0.0065,0.0065,0.0065,0.0065,0.0065,0.0065,0.0065,0.0065,0.0067,0.0067,0.0067,0.0067,0.0067,0.0068,0.0068,0.0068,0.0068,0.0068,0.0069,0.0069,0.0069,0.0069,0.0070,0.0070,0.0071,0.0071,0.0071,0.0071,0.0071,0.0071,0.0071,0.0071,0.0072,0.0072,0.0072,0.0072,0.0072,0.0072,0.0072,0.0072,0.0072,0.0072,0.0072,0.0104,0.0104,0.0104,0.0104,0.0104,0.0109,0.0109,0.0109,0.0109,0.0109,0.0110,0.0110,0.0110,0.0111,0.0111,0.0111,0.0111,0.0111,0.0111,0.0111,0.0112,0.0112,0.0112,0.0112,0.0112,0.0112,0.0112,0.0112,0.0112,0.0112,0.0112,0.0112,0.0113,0.0113,0.0113,0.0113,0.0114,0.0114,0.0114,0.0114,0.0114,0.0114,0.0114,0.0114,0.0114,0.0114,0.0114,0.0114,0.0114,0.0114,0.0114,0.0114,0.0114,0.0114,0.0115,0.0115,0.0120,0.0120,0.0120,0.0122,0.0125,0.0125,0.0125,0.0125,0.0125,0.0125,0.0125,0.0126,0.0126,0.0135,0.0135,0.0135,0.0136,0.0136,0.0136,0.0136,0.0136,0.0136,0.0136,0.0136,0.0136,0.0136,0.0136,0.0136,0.0136,0.0136,0.0136,0.0136,0.0136,0.0136,0.0136,0.0136,0.0136,0.0136,0.0136,0.0136,0.0136,0.0136,0.0136,0.0136,0.0136,0.0136,0.0136,0.0136,0.0136,0.0136,0.0136,0.0136,0.0136,0.0136,0.0136,0.0136,0.0136,0.0136,0.0136,0.0136,0.0136,0.0137,0.0137,0.0137,0.0137,0.0137,0.0137,0.0137,0.0137,0.0137,0.0137,0.0137,0.0137,0.0137,0.0137,0.0137,0.0137,0.0137
45128.3750000,0.0041,0.0041,0.0041,0.0041,0.0041,0.0041,0.0042,0.0049,0.0049,0.0049,0.0049,0.0049,0.0049,0.0054,0.0054,0.0054,0.0054,0.0054,0.0054,0.0054,0.0054,0.0054,0.0055,0.0055,0.0055,0.0055,0.0055,0.0055,0.0055,0.0055,0.0055,0.0055,0.0055,0.0056,0.0056,0.0056,0.0056,0.0056,0.0056,0.0060,0.0060,0.0060,0.0060,0.0060,0.0060,0.0060,0.0060,0.0063,0.0063,0.0064,0.0064,0.0064,0.0064,0.0065,0.0065,0.0065,0.0065,0.0065,0.0065,0.0065,0.0065,0.0065,0.0065,0.0065,0.0065,0.0065,0.0065,0.0067,0.0067,0.0067,0.0067,0.0067,0.0068,0.0068,0.0068,0.0068,0.0068,0.0069,0.0069,0.0069,0.0069,0.0070,0.0070,0.0071,0.0071,0.0071,0.0071,0.0071,0.0071,0.0071,0.0071,0.0072,0.0072,0.0072,0.0072,0.0072,0.0072,0.0072,0.0072,0.0072,0.0072,0.0072,0.0104,0.0104,0.0104,0.0104,0.0104,0.0109,0.0109,0.0109,0.0109,0.0109,0.0110,0.0110,0.0110,0.0111,0.0111,0.0111,0.0111,0.0111,0.0111,0.0111,0.0112,0.0112,0.0112,0.0112,0.0112,0.0112,0.0112,0.0112,0.0112,0.0112,0.0112,0.0112,0.0113,0.0113,0.0113,0.0113,0.0114,0.0114,0.0114,0.0114,0.0114,0.0114,0.0114,0.0114,0.0114,0.0114,0.0114,0.0114,0.0114,0.0114,0.0114,0.0114,0.0114,0.0114,0.0115,0.0115,0.0120,0.0120,0.0120,0.0122,0.0125,0.0125,0.0125,0.0125,0.0125,0.0125,0.0125,0.0126,0.0126,0.0135,0.0135,0.0135,0.0136,0.0136,0.0136,0.0136,0.0136,0.0136,0.0136,0.0136,0.0136,0.0136,0.0136,0.0136,0.0136,0.0136,0.0136,0.0136,0.0136,0.0136,0.0136,0.0136,0.0136,0.0136,0.0136,0.0136,0.0136,0.0136,0.0136,0.0136,0.0136,0.0136,0.0136,0.0136,0.0136,0.0136,0.0136,0.0136,0.0136,0.0136,0.0136,0.0136,0.0136,0.0136,0.0136,0.0136,0.0136,0.0137,0.0137,0.0137,0.0137,0.0137,0.0137,0.0137,0.0137,0.0137,0.0137,0.0137,0.0137,0.0137,0.0137,0.0137,0.0137,0.0137
45128.4166667,0.0041,0.0041,0.0041,0.0041,0.0041,0.0041,0.0042,0.0049,0.0049,0.0049,0.0049,0.0049,0.0049,0.0054,0.0054,0.0054,0.0054,0.0054,0.0054,0.0054,0.0054,0.0054,0.0055,0.0055,0.0055,0.0055,0.0055,0.0055,0.0055,0.0055,0.0055,0.0055,0.0055,0.0056,0.0056,0.0056,0.0056,0.0056,0.0056,0.0060,0.0060,0.0060,0.0060,0.0060,0.0060,0.0060,0.0060,0.0063,0.0063,0.0064,0.0064,0.0064,0.0064,0.0065,0.0065,0.0065,0.0065,0.0065,0.0065,0.0065,0.0065,0.0065,0.0065,0.0065,0.0065,0.0065,0.0065,0.0067,0.0067,0.0067,0.0067,0.0067,0.0068,0.0068,0.0068,0.0068,0.0068,0.0069,0.0069,0.0069,0.0069,0.0070,0.0070,0.0071,0.0071,0.0071,0.0071,0.0071,0.0071,0.0071,0.0071,0.0072,0.0072,0.0072,0.0072,0.0072,0.0072,0.0072,0.0072,0.0072,0.0072,0.0072,0.0104,0.0104,0.0104,0.0104,0.0104,0.0109,0.0109,0.0109,0.0109,0.0109,0.0110,0.0110,0.0110,0.0111,0.0111,0.0111,0.0111,0.0111,0.0111,0.0111,0.0112,0.0112,0.0112,0.0112,0.0112,0.0112,0.0112,0.0112,0.0112,0.0112,0.0112,0.0112,0.0113,0.0113,0.0113,0.0113,0.0114,0.0114,0.0114,0.0114,0.0114,0.0114,0.0114,0.0114,0.0114,0.0114,0.0114,0.0114,0.0114,0.0114,0.0114,0.0114,0.0114,0.0114,0.0115,0.0115,0.0120,0.0120,0.0120,0.0122,0.0125,0.0125,0.0125,0.0125,0.0125,0.0125,0.0125,0.0126,0.0126,0.0135,0.0135,0.0135,0.0136,0.0136,0.0136,0.0136,0.0136,0.0136,0.0136,0.0136,0.0136,0.0136,0.0136,0.0136,0.0136,0.0136,0.0136,0.0136,0.0136,0.0136,0.0136,0.0136,0.0136,0.0136,0.0136,0.0136,0.0136,0.0136,0.0136,0.0136,0.0136,0.0136,0.0136,0.0136,0.0136,0.0136,0.0136,0.0136,0.0136,0.0136,0.0136,0.0136,0.0136,0.0136,0.0136,0.0136,0.0136,0.0137,0.0137,0.0137,0.0137,0.0137,0.0137,0.0137,0.0137,0.0137,0.0137,0.0137,0.0137,0.0137,0.0137,0.0137,0.0137,0.0137
45128.4583333,0.0041,0.0041,0.0041,0.0041,0.0041,0.0041,0.0042,0.0049,0.0049,0.0049,0.0049,0.0049,0.0049,0.0054,0.0054,0.0054,0.0054,0.0054,0.0054,0.0054,0.0054,0.0054,0.0055,0.0055,0.0055,0.0055,0.0055,0.0055,0.0055,0.0055,0.0055,0.0055,0.0055,0.0056,0.0056,0.0056,0.0056,0.0056,0.0056,0.0060,0.0060,0.0060,0.0060,0.0060,0.0060,0.0060,0.0060,0.0063,0.0063,0.0064,0.0064,0.0064,0.0064,0.0065,0.0065,0.0065,0.0065,0.0065,0.0065,0.0065,0.0065,0.0065,0.0065,0.0065,0.0065,0.0065,0.0065,0.0067,0.0067,0.0067,0.0067,0.0067,0.0068,0.0068,0.0068,0.0068,0.0068,0.0069,0.0069,0.0069,0.0069,0.0070,0.0070,0.0071,0.0071,0.0071,0.0071,0.0071,0.0071,0.0071,0.0071,0.0072,0.0072,0.0072,0.0072,0.0072,0.0072,0.0072,0.0072,0.0072,0.0072,0.0072,0.0104,0.0104,0.0104,0.0104,0.0104,0.0109,0.0109,0.0109,0.0109,0.0109,0.0110,0.0110,0.0110,0.0110,0.0111,0.0111,0.0111,0.0111,0.0111,0.0111,0.0112,0.0112,0.0112,0.0112,0.0112,0.0112,0.0112,0.0112,0.0112,0.0112,0.0112,0.0112,0.0113,0.0113,0.0113,0.0113,0.0113,0.0114,0.0114,0.0114,0.0114,0.0114,0.0114,0.0114,0.0114,0.0114,0.0114,0.0114,0.0114,0.0114,0.0114,0.0114,0.0114,0.0114,0.0115,0.0115,0.0120,0.0120,0.0120,0.0122,0.0125,0.0125,0.0125,0.0125,0.0125,0.0125,0.0125,0.0126,0.0126,0.0135,0.0135,0.0135,0.0136,0.0136,0.0136,0.0136,0.0136,0.0136,0.0136,0.0136,0.0136,0.0136,0.0136,0.0136,0.0136,0.0136,0.0136,0.0136,0.0136,0.0136,0.0136,0.0136,0.0136,0.0136,0.0136,0.0136,0.0136,0.0136,0.0136,0.0136,0.0136,0.0136,0.0136,0.0136,0.0136,0.0136,0.0136,0.0136,0.0136,0.0136,0.0136,0.0136,0.0136,0.0136,0.0136,0.0136,0.0136,0.0137,0.0137,0.0137,0.0137,0.0137,0.0137,0.0137,0.0137,0.0137,0.0137,0.0137,0.0137,0.0137,0.0137,0.0137,0.0137,0.0137
45128.5000000,0.0041,0.0041,0.0041,0.0041,0.0041,0.0041,0.0042,0.0049,0.0049,0.0049,0.0049,0.0049,0.0049,0.0054,0.0054,0.0054,0.0054,0.0054,0.0054,0.0054,0.0054,0.0054,0.0055,0.0055,0.0055,0.0055,0.0055,0.0055,0.0055,0.0055,0.0055,0.0055,0.0055,0.0056,0.0056,0.0056,0.0056,0.0056,0.0056,0.0060,0.0060,0.0060,0.0060,0.0060,0.0060,0.0060,0.0060,0.0063,0.0063,0.0064,0.0064,0.0064,0.0064,0.0065,0.0065,0.0065,0.0065,0.0065,0.0065,0.0065,0.0065,0.0065,0.0065,0.0065,0.0065,0.0065,0.0065,0.0067,0.0067,0.0067,0.0067,0.0067,0.0068,0.0068,0.0068,0.0068,0.0068,0.0069,0.0069,0.0069,0.0069,0.0070,0.0070,0.0071,0.0071,0.0071,0.0071,0.0071,0.0071,0.0071,0.0071,0.0072,0.0072,0.0072,0.0072,0.0072,0.0072,0.0072,0.0072,0.0072,0.0072,0.0072,0.0104,0.0104,0.0104,0.0104,0.0104,0.0109,0.0109,0.0109,0.0109,0.0109,0.0110,0.0110,0.0110,0.0110,0.0111,0.0111,0.0111,0.0111,0.0111,0.0111,0.0112,0.0112,0.0112,0.0112,0.0112,0.0112,0.0112,0.0112,0.0112,0.0112,0.0112,0.0112,0.0113,0.0113,0.0113,0.0113,0.0113,0.0114,0.0114,0.0114,0.0114,0.0114,0.0114,0.0114,0.0114,0.0114,0.0114,0.0114,0.0114,0.0114,0.0114,0.0114,0.0114,0.0114,0.0115,0.0115,0.0120,0.0120,0.0120,0.0122,0.0125,0.0125,0.0125,0.0125,0.0125,0.0125,0.0125,0.0126,0.0126,0.0135,0.0135,0.0135,0.0136,0.0136,0.0136,0.0136,0.0136,0.0136,0.0136,0.0136,0.0136,0.0136,0.0136,0.0136,0.0136,0.0136,0.0136,0.0136,0.0136,0.0136,0.0136,0.0136,0.0136,0.0136,0.0136,0.0136,0.0136,0.0136,0.0136,0.0136,0.0136,0.0136,0.0136,0.0136,0.0136,0.0136,0.0136,0.0136,0.0136,0.0136,0.0136,0.0136,0.0136,0.0136,0.0136,0.0136,0.0136,0.0137,0.0137,0.0137,0.0137,0.0137,0.0137,0.0137,0.0137,0.0137,0.0137,0.0137,0.0137,0.0137,0.0137,0.0137,0.0137,0.0137
45128.5416667,0.0041,0.0041,0.0041,0.0041,0.0041,0.0041,0.0042,0.0049,0.0049,0.0049,0.0049,0.0049,0.0049,0.0054,0.0054,0.0054,0.0054,0.0054,0.0054,0.0054,0.0054,0.0054,0.0055,0.0055,0.0055,0.0055,0.0055,0.0055,0.0055,0.0055,0.0055,0.0055,0.0055,0.0056,0.0056,0.0056,0.0056,0.0056,0.0056,0.0060,0.0060,0.0060,0.0060,0.0060,0.0060,0.0060,0.0060,0.0063,0.0063,0.0064,0.0064,0.0064,0.0064,0.0065,0.0065,0.0065,0.0065,0.0065,0.0065,0.0065,0.0065,0.0065,0.0065,0.0065,0.0065,0.0065,0.0065,0.0067,0.0067,0.0067,0.0067,0.0067,0.0068,0.0068,0.0068,0.0068,0.0068,0.0069,0.0069,0.0069,0.0069,0.0070,0.0070,0.0071,0.0071,0.0071,0.0071,0.0071,0.0071,0.0071,0.0071,0.0072,0.0072,0.0072,0.0072,0.0072,0.0072,0.0072,0.0072,0.0072,0.0072,0.0072,0.0104,0.0104,0.0104,0.0104,0.0104,0.0109,0.0109,0.0109,0.0109,0.0109,0.0110,0.0110,0.0110,0.0110,0.0111,0.0111,0.0111,0.0111,0.0111,0.0111,0.0112,0.0112,0.0112,0.0112,0.0112,0.0112,0.0112,0.0112,0.0112,0.0112,0.0112,0.0112,0.0113,0.0113,0.0113,0.0113,0.0113,0.0114,0.0114,0.0114,0.0114,0.0114,0.0114,0.0114,0.0114,0.0114,0.0114,0.0114,0.0114,0.0114,0.0114,0.0114,0.0114,0.0114,0.0115,0.0115,0.0120,0.0120,0.0120,0.0122,0.0125,0.0125,0.0125,0.0125,0.0125,0.0125,0.0125,0.0126,0.0126,0.0135,0.0135,0.0135,0.0136,0.0136,0.0136,0.0136,0.0136,0.0136,0.0136,0.0136,0.0136,0.0136,0.0136,0.0136,0.0136,0.0136,0.0136,0.0136,0.0136,0.0136,0.0136,0.0136,0.0136,0.0136,0.0136,0.0136,0.0136,0.0136,0.0136,0.0136,0.0136,0.0136,0.0136,0.0136,0.0136,0.0136,0.0136,0.0136,0.0136,0.0136,0.0136,0.0136,0.0136,0.0136,0.0136,0.0136,0.0136,0.0137,0.0137,0.0137,0.0137,0.0137,0.0137,0.0137,0.0137,0.0137,0.0137,0.0137,0.0137,0.0137,0.0137,0.0137,0.0137,0.0137
45128.5833333,0.0041,0.0041,0.0041,0.0041,0.0041,0.0041,0.0042,0.0049,0.0049,0.0049,0.0049,0.0049,0.0049,0.0054,0.0054,0.0054,0.0054,0.0054,0.0054,0.0054,0.0054,0.0054,0.0055,0.0055,0.0055,0.0055,0.0055,0.0055,0.0055,0.0055,0.0055,0.0055,0.0055,0.0056,0.0056,0.0056,0.0056,0.0056,0.0056,0.0060,0.0060,0.0060,0.0060,0.0060,0.0060,0.0060,0.0060,0.0063,0.0063,0.0064,0.0064,0.0064,0.0064,0.0065,0.0065,0.0065,0.0065,0.0065,0.0065,0.0065,0.0065,0.0065,0.0065,0.0065,0.0065,0.0065,0.0065,0.0067,0.0067,0.0067,0.0067,0.0067,0.0068,0.0068,0.0068,0.0068,0.0068,0.0069,0.0069,0.0069,0.0069,0.0070,0.0070,0.0071,0.0071,0.0071,0.0071,0.0071,0.0071,0.0071,0.0071,0.0072,0.0072,0.0072,0.0072,0.0072,0.0072,0.0072,0.0072,0.0072,0.0072,0.0072,0.0104,0.0104,0.0104,0.0104,0.0104,0.0109,0.0109,0.0109,0.0109,0.0109,0.0110,0.0110,0.0110,0.0110,0.0111,0.0111,0.0111,0.0111,0.0111,0.0111,0.0112,0.0112,0.0112,0.0112,0.0112,0.0112,0.0112,0.0112,0.0112,0.0112,0.0112,0.0112,0.0113,0.0113,0.0113,0.0113,0.0113,0.0114,0.0114,0.0114,0.0114,0.0114,0.0114,0.0114,0.0114,0.0114,0.0114,0.0114,0.0114,0.0114,0.0114,0.0114,0.0114,0.0114,0.0115,0.0115,0.0120,0.0120,0.0120,0.0122,0.0125,0.0125,0.0125,0.0125,0.0125,0.0125,0.0125,0.0126,0.0126,0.0135,0.0135,0.0135,0.0136,0.0136,0.0136,0.0136,0.0136,0.0136,0.0136,0.0136,0.0136,0.0136,0.0136,0.0136,0.0136,0.0136,0.0136,0.0136,0.0136,0.0136,0.0136,0.0136,0.0136,0.0136,0.0136,0.0136,0.0136,0.0136,0.0136,0.0136,0.0136,0.0136,0.0136,0.0136,0.0136,0.0136,0.0136,0.0136,0.0136,0.0136,0.0136,0.0136,0.0136,0.0136,0.0136,0.0136,0.0136,0.0136,0.0137,0.0137,0.0137,0.0137,0.0137,0.0137,0.0137,0.0137,0.0137,0.0137,0.0137,0.0137,0.0137,0.0137,0.0137,0.0137
45128.6250000,0.0041,0.0041,0.0041,0.0041,0.0041,0.0041,0.0042,0.0049,0.0049,0.0049,0.0049,0.0049,0.0049,0.0054,0.0054,0.0054,0.0054,0.0054,0.0054,0.0054,0.0054,0.0054,0.0055,0.0055,0.0055,0.0055,0.0055,0.0055,0.0055,0.0055,0.0055,0.0055,0.0055,0.0056,0.0056,0.0056,0.0056,0.0056,0.0056,0.0060,0.0060,0.0060,0.0060,0.0060,0.0060,0.0060,0.0060,0.0063,0.0063,0.0064,0.0064,0.0064,0.0064,0.0065,0.0065,0.0065,0.0065,0.0065,0.0065,0.0065,0.0065,0.0065,0.0065,0.0065,0.0065,0.0065,0.0065,0.0067,0.0067,0.0067,0.0067,0.0067,0.0068,0.0068,0.0068,0.0068,0.0068,0.0069,0.0069,0.0069,0.0069,0.0070,0.0070,0.0071,0.0071,0.0071,0.0071,0.0071,0.0071,0.0071,0.0071,0.0072,0.0072,0.0072,0.0072,0.0072,0.0072,0.0072,0.0072,0.0072,0.0072,0.0072,0.0104,0.0104,0.0104,0.0104,0.0104,0.0109,0.0109,0.0109,0.0109,0.0109,0.0110,0.0110,0.0110,0.0110,0.0111,0.0111,0.0111,0.0111,0.0111,0.0111,0.0112,0.0112,0.0112,0.0112,0.0112,0.0112,0.0112,0.0112,0.0112,0.0112,0.0112,0.0112,0.0113,0.0113,0.0113,0.0113,0.0113,0.0114,0.0114,0.0114,0.0114,0.0114,0.0114,0.0114,0.0114,0.0114,0.0114,0.0114,0.0114,0.0114,0.0114,0.0114,0.0114,0.0114,0.0115,0.0115,0.0120,0.0120,0.0120,0.0122,0.0125,0.0125,0.0125,0.0125,0.0125,0.0125,0.0125,0.0126,0.0126,0.0135,0.0135,0.0135,0.0136,0.0136,0.0136,0.0136,0.0136,0.0136,0.0136,0.0136,0.0136,0.0136,0.0136,0.0136,0.0136,0.0136,0.0136,0.0136,0.0136,0.0136,0.0136,0.0136,0.0136,0.0136,0.0136,0.0136,0.0136,0.0136,0.0136,0.0136,0.0136,0.0136,0.0136,0.0136,0.0136,0.0136,0.0136,0.0136,0.0136,0.0136,0.0136,0.0136,0.0136,0.0136,0.0136,0.0136,0.0136,0.0136,0.0137,0.0137,0.0137,0.0137,0.0137,0.0137,0.0137,0.0137,0.0137,0.0137,0.0137,0.0137,0.0137,0.0137,0.0137,0.0137
45128.6666667,0.0041,0.0041,0.0041,0.0041,0.0041,0.0041,0.0042,0.0049,0.0049,0.0049,0.0049,0.0049,0.0049,0.0054,0.0054,0.0054,0.0054,0.0054,0.0054,0.0054,0.0054,0.0054,0.0055,0.0055,0.0055,0.0055,0.0055,0.0055,0.0055,0.0055,0.0055,0.0055,0.0055,0.0056,0.0056,0.0056,0.0056,0.0056,0.0056,0.0060,0.0060,0.0060,0.0060,0.0060,0.0060,0.0060,0.0060,0.0063,0.0063,0.0064,0.0064,0.0064,0.0064,0.0065,0.0065,0.0065,0.0065,0.0065,0.0065,0.0065,0.0065,0.0065,0.0065,0.0065,0.0065,0.0065,0.0065,0.0067,0.0067,0.0067,0.0067,0.0067,0.0068,0.0068,0.0068,0.0068,0.0068,0.0069,0.0069,0.0069,0.0069,0.0070,0.0070,0.0071,0.0071,0.0071,0.0071,0.0071,0.0071,0.0071,0.0071,0.0072,0.0072,0.0072,0.0072,0.0072,0.0072,0.0072,0.0072,0.0072,0.0072,0.0072,0.0104,0.0104,0.0104,0.0104,0.0104,0.0109,0.0109,0.0109,0.0109,0.0109,0.0110,0.0110,0.0110,0.0110,0.0111,0.0111,0.0111,0.0111,0.0111,0.0111,0.0112,0.0112,0.0112,0.0112,0.0112,0.0112,0.0112,0.0112,0.0112,0.0112,0.0112,0.0112,0.0113,0.0113,0.0113,0.0113,0.0113,0.0114,0.0114,0.0114,0.0114,0.0114,0.0114,0.0114,0.0114,0.0114,0.0114,0.0114,0.0114,0.0114,0.0114,0.0114,0.0114,0.0114,0.0115,0.0115,0.0120,0.0120,0.0120,0.0122,0.0125,0.0125,0.0125,0.0125,0.0125,0.0125,0.0125,0.0126,0.0126,0.0135,0.0135,0.0135,0.0136,0.0136,0.0136,0.0136,0.0136,0.0136,0.0136,0.0136,0.0136,0.0136,0.0136,0.0136,0.0136,0.0136,0.0136,0.0136,0.0136,0.0136,0.0136,0.0136,0.0136,0.0136,0.0136,0.0136,0.0136,0.0136,0.0136,0.0136,0.0136,0.0136,0.0136,0.0136,0.0136,0.0136,0.0136,0.0136,0.0136,0.0136,0.0136,0.0136,0.0136,0.0136,0.0136,0.0136,0.0136,0.0136,0.0137,0.0137,0.0137,0.0137,0.0137,0.0137,0.0137,0.0137,0.0137,0.0137,0.0137,0.0137,0.0137,0.0137,0.0137,0.0137
45128.7083333,0.0041,0.0041,0.0041,0.0041,0.0041,0.0041,0.0042,0.0049,0.0049,0.0049,0.0049,0.0049,0.0049,0.0054,0.0054,0.0054,0.0054,0.0054,0.0054,0.0054,0.0054,0.0054,0.0055,0.0055,0.0055,0.0055,0.0055,0.0055,0.0055,0.0055,0.0055,0.0055,0.0055,0.0056,0.0056,0.0056,0.0056,0.0056,0.0056,0.0060,0.0060,0.0060,0.0060,0.0060,0.0060,0.0060,0.0060,0.0063,0.0063,0.0064,0.0064,0.0064,0.0064,0.0065,0.0065,0.0065,0.0065,0.0065,0.0065,0.0065,0.0065,0.0065,0.0065,0.0065,0.0065,0.0065,0.0065,0.0067,0.0067,0.0067,0.0067,0.0067,0.0068,0.0068,0.0068,0.0068,0.0068,0.0069,0.0069,0.0069,0.0069,0.0070,0.0070,0.0071,0.0071,0.0071,0.0071,0.0071,0.0071,0.0071,0.0071,0.0072,0.0072,0.0072,0.0072,0.0072,0.0072,0.0072,0.0072,0.0072,0.0072,0.0072,0.0104,0.0104,0.0104,0.0104,0.0104,0.0109,0.0109,0.0109,0.0109,0.0109,0.0110,0.0110,0.0110,0.0110,0.0111,0.0111,0.0111,0.0111,0.0111,0.0111,0.0112,0.0112,0.0112,0.0112,0.0112,0.0112,0.0112,0.0112,0.0112,0.0112,0.0112,0.0112,0.0113,0.0113,0.0113,0.0113,0.0113,0.0114,0.0114,0.0114,0.0114,0.0114,0.0114,0.0114,0.0114,0.0114,0.0114,0.0114,0.0114,0.0114,0.0114,0.0114,0.0114,0.0114,0.0115,0.0115,0.0120,0.0120,0.0120,0.0122,0.0125,0.0125,0.0125,0.0125,0.0125,0.0125,0.0125,0.0126,0.0126,0.0135,0.0135,0.0135,0.0136,0.0136,0.0136,0.0136,0.0136,0.0136,0.0136,0.0136,0.0136,0.0136,0.0136,0.0136,0.0136,0.0136,0.0136,0.0136,0.0136,0.0136,0.0136,0.0136,0.0136,0.0136,0.0136,0.0136,0.0136,0.0136,0.0136,0.0136,0.0136,0.0136,0.0136,0.0136,0.0136,0.0136,0.0136,0.0136,0.0136,0.0136,0.0136,0.0136,0.0136,0.0136,0.0136,0.0136,0.0136,0.0136,0.0136,0.0137,0.0137,0.0137,0.0137,0.0137,0.0137,0.0137,0.0137,0.0137,0.0137,0.0137,0.0137,0.0137,0.0137,0.0137
45128.7500000,0.0041,0.0041,0.0041,0.0041,0.0041,0.0041,0.0042,0.0049,0.0049,0.0049,0.0049,0.0049,0.0049,0.0054,0.0054,0.0054,0.0054,0.0054,0.0054,0.0054,0.0054,0.0054,0.0055,0.0055,0.0055,0.0055,0.0055,0.0055,0.0055,0.0055,0.0055,0.0055,0.0055,0.0056,0.0056,0.0056,0.0056,0.0056,0.0056,0.0060,0.0060,0.0060,0.0060,0.0060,0.0060,0.0060,0.0060,0.0063,0.0063,0.0064,0.0064,0.0064,0.0064,0.0065,0.0065,0.0065,0.0065,0.0065,0.0065,0.0065,0.0065,0.0065,0.0065,0.0065,0.0065,0.0065,0.0065,0.0067,0.0067,0.0067,0.0067,0.0067,0.0068,0.0068,0.0068,0.0068,0.0068,0.0069,0.0069,0.0069,0.0069,0.0070,0.0070,0.0071,0.0071,0.0071,0.0071,0.0071,0.0071,0.0071,0.0071,0.0072,0.0072,0.0072,0.0072,0.0072,0.0072,0.0072,0.0072,0.0072,0.0072,0.0072,0.0104,0.0104,0.0104,0.0104,0.0104,0.0109,0.0109,0.0109,0.0109,0.0109,0.0110,0.0110,0.0110,0.0110,0.0111,0.0111,0.0111,0.0111,0.0111,0.0111,0.0112,0.0112,0.0112,0.0112,0.0112,0.0112,0.0112,0.0112,0.0112,0.0112,0.0112,0.0112,0.0113,0.0113,0.0113,0.0113,0.0113,0.0114,0.0114,0.0114,0.0114,0.0114,0.0114,0.0114,0.0114,0.0114,0.0114,0.0114,0.0114,0.0114,0.0114,0.0114,0.0114,0.0114,0.0115,0.0115,0.0120,0.0120,0.0120,0.0122,0.0125,0.0125,0.0125,0.0125,0.0125,0.0125,0.0125,0.0126,0.0126,0.0135,0.0135,0.0135,0.0136,0.0136,0.0136,0.0136,0.0136,0.0136,0.0136,0.0136,0.0136,0.0136,0.0136,0.0136,0.0136,0.0136,0.0136,0.0136,0.0136,0.0136,0.0136,0.0136,0.0136,0.0136,0.0136,0.0136,0.0136,0.0136,0.0136,0.0136,0.0136,0.0136,0.0136,0.0136,0.0136,0.0136,0.0136,0.0136,0.0136,0.0136,0.0136,0.0136,0.0136,0.0136,0.0136,0.0136,0.0136,0.0136,0.0136,0.0137,0.0137,0.0137,0.0137,0.0137,0.0137,0.0137,0.0137,0.0137,0.0137,0.0137,0.0137,0.0137,0.0137,0.0137
45128.7916667,0.0041,0.0041,0.0041,0.0041,0.0041,0.0041,0.0042,0.0049,0.0049,0.0049,0.0049,0.0049,0.0049,0.0054,0.0054,0.0054,0.0054,0.0054,0.0054,0.0054,0.0054,0.0054,0.0055,0.0055,0.0055,0.0055,0.0055,0.0055,0.0055,0.0055,0.0055,0.0055,0.0055,0.0056,0.0056,0.0056,0.0056,0.0056,0.0056,0.0060,0.0060,0.0060,0.0060,0.0060,0.0060,0.0060,0.0060,0.0063,0.0063,0.0064,0.0064,0.0064,0.0064,0.0065,0.0065,0.0065,0.0065,0.0065,0.0065,0.0065,0.0065,0.0065,0.0065,0.0065,0.0065,0.0065,0.0065,0.0067,0.0067,0.0067,0.0067,0.0067,0.0068,0.0068,0.0068,0.0068,0.0068,0.0069,0.0069,0.0069,0.0069,0.0070,0.0070,0.0071,0.0071,0.0071,0.0071,0.0071,0.0071,0.0071,0.0071,0.0072,0.0072,0.0072,0.0072,0.0072,0.0072,0.0072,0.0072,0.0072,0.0072,0.0072,0.0104,0.0104,0.0104,0.0104,0.0104,0.0109,0.0109,0.0109,0.0109,0.0109,0.0110,0.0110,0.0110,0.0110,0.0111,0.0111,0.0111,0.0111,0.0111,0.0111,0.0112,0.0112,0.0112,0.0112,0.0112,0.0112,0.0112,0.0112,0.0112,0.0112,0.0112,0.0112,0.0113,0.0113,0.0113,0.0113,0.0113,0.0114,0.0114,0.0114,0.0114,0.0114,0.0114,0.0114,0.0114,0.0114,0.0114,0.0114,0.0114,0.0114,0.0114,0.0114,0.0114,0.0114,0.0115,0.0115,0.0120,0.0120,0.0120,0.0122,0.0125,0.0125,0.0125,0.0125,0.0125,0.0125,0.0125,0.0126,0.0126,0.0135,0.0135,0.0135,0.0136,0.0136,0.0136,0.0136,0.0136,0.0136,0.0136,0.0136,0.0136,0.0136,0.0136,0.0136,0.0136,0.0136,0.0136,0.0136,0.0136,0.0136,0.0136,0.0136,0.0136,0.0136,0.0136,0.0136,0.0136,0.0136,0.0136,0.0136,0.0136,0.0136,0.0136,0.0136,0.0136,0.0136,0.0136,0.0136,0.0136,0.0136,0.0136,0.0136,0.0136,0.0136,0.0136,0.0136,0.0136,0.0136,0.0136,0.0137,0.0137,0.0137,0.0137,0.0137,0.0137,0.0137,0.0137,0.0137,0.0137,0.0137,0.0137,0.0137,0.0137,0.0137
45128.8333333,0.0041,0.0041,0.0041,0.0041,0.0041,0.0041,0.0042,0.0049,0.0049,0.0049,0.0049,0.0049,0.0049,0.0054,0.0054,0.0054,0.0054,0.0054,0.0054,0.0054,0.0054,0.0054,0.0055,0.0055,0.0055,0.0055,0.0055,0.0055,0.0055,0.0055,0.0055,0.0055,0.0055,0.0056,0.0056,0.0056,0.0056,0.0056,0.0056,0.0060,0.0060,0.0060,0.0060,0.0060,0.0060,0.0060,0.0060,0.0063,0.0063,0.0064,0.0064,0.0064,0.0064,0.0065,0.0065,0.0065,0.0065,0.0065,0.0065,0.0065,0.0065,0.0065,0.0065,0.0065,0.0065,0.0065,0.0065,0.0067,0.0067,0.0067,0.0067,0.0067,0.0068,0.0068,0.0068,0.0068,0.0068,0.0069,0.0069,0.0069,0.0069,0.0070,0.0070,0.0071,0.0071,0.0071,0.0071,0.0071,0.0071,0.0071,0.0071,0.0072,0.0072,0.0072,0.0072,0.0072,0.0072,0.0072,0.0072,0.0072,0.0072,0.0072,0.0104,0.0104,0.0104,0.0104,0.0104,0.0109,0.0109,0.0109,0.0109,0.0109,0.0110,0.0110,0.0110,0.0110,0.0111,0.0111,0.0111,0.0111,0.0111,0.0111,0.0112,0.0112,0.0112,0.0112,0.0112,0.0112,0.0112,0.0112,0.0112,0.0112,0.0112,0.0112,0.0113,0.0113,0.0113,0.0113,0.0113,0.0114,0.0114,0.0114,0.0114,0.0114,0.0114,0.0114,0.0114,0.0114,0.0114,0.0114,0.0114,0.0114,0.0114,0.0114,0.0114,0.0114,0.0115,0.0115,0.0120,0.0120,0.0120,0.0122,0.0125,0.0125,0.0125,0.0125,0.0125,0.0125,0.0125,0.0126,0.0126,0.0135,0.0135,0.0135,0.0136,0.0136,0.0136,0.0136,0.0136,0.0136,0.0136,0.0136,0.0136,0.0136,0.0136,0.0136,0.0136,0.0136,0.0136,0.0136,0.0136,0.0136,0.0136,0.0136,0.0136,0.0136,0.0136,0.0136,0.0136,0.0136,0.0136,0.0136,0.0136,0.0136,0.0136,0.0136,0.0136,0.0136,0.0136,0.0136,0.0136,0.0136,0.0136,0.0136,0.0136,0.0136,0.0136,0.0136,0.0136,0.0136,0.0136,0.0137,0.0137,0.0137,0.0137,0.0137,0.0137,0.0137,0.0137,0.0137,0.0137,0.0137,0.0137,0.0137,0.0137,0.0137
45128.8750000,0.0041,0.0041,0.0041,0.0041,0.0041,0.0041,0.0042,0.0049,0.0049,0.0049,0.0049,0.0049,0.0049,0.0054,0.0054,0.0054,0.0054,0.0054,0.0054,0.0054,0.0054,0.0054,0.0055,0.0055,0.0055,0.0055,0.0055,0.0055,0.0055,0.0055,0.0055,0.0055,0.0055,0.0056,0.0056,0.0056,0.0056,0.0056,0.0056,0.0060,0.0060,0.0060,0.0060,0.0060,0.0060,0.0060,0.0060,0.0063,0.0063,0.0064,0.0064,0.0064,0.0064,0.0065,0.0065,0.0065,0.0065,0.0065,0.0065,0.0065,0.0065,0.0065,0.0065,0.0065,0.0065,0.0065,0.0065,0.0067,0.0067,0.0067,0.0067,0.0067,0.0068,0.0068,0.0068,0.0068,0.0068,0.0069,0.0069,0.0069,0.0069,0.0070,0.0070,0.0071,0.0071,0.0071,0.0071,0.0071,0.0071,0.0071,0.0071,0.0072,0.0072,0.0072,0.0072,0.0072,0.0072,0.0072,0.0072,0.0072,0.0072,0.0072,0.0104,0.0104,0.0104,0.0104,0.0104,0.0109,0.0109,0.0109,0.0109,0.0109,0.0110,0.0110,0.0110,0.0110,0.0111,0.0111,0.0111,0.0111,0.0111,0.0111,0.0112,0.0112,0.0112,0.0112,0.0112,0.0112,0.0112,0.0112,0.0112,0.0112,0.0112,0.0112,0.0113,0.0113,0.0113,0.0113,0.0113,0.0114,0.0114,0.0114,0.0114,0.0114,0.0114,0.0114,0.0114,0.0114,0.0114,0.0114,0.0114,0.0114,0.0114,0.0114,0.0114,0.0114,0.0115,0.0115,0.0120,0.0120,0.0120,0.0122,0.0125,0.0125,0.0125,0.0125,0.0125,0.0125,0.0125,0.0126,0.0126,0.0135,0.0135,0.0135,0.0136,0.0136,0.0136,0.0136,0.0136,0.0136,0.0136,0.0136,0.0136,0.0136,0.0136,0.0136,0.0136,0.0136,0.0136,0.0136,0.0136,0.0136,0.0136,0.0136,0.0136,0.0136,0.0136,0.0136,0.0136,0.0136,0.0136,0.0136,0.0136,0.0136,0.0136,0.0136,0.0136,0.0136,0.0136,0.0136,0.0136,0.0136,0.0136,0.0136,0.0136,0.0136,0.0136,0.0136,0.0136,0.0136,0.0136,0.0137,0.0137,0.0137,0.0137,0.0137,0.0137,0.0137,0.0137,0.0137,0.0137,0.0137,0.0137,0.0137,0.0137,0.0137
45128.9166667,0.0041,0.0041,0.0041,0.0041,0.0041,0.0041,0.0042,0.0049,0.0049,0.0049,0.0049,0.0049,0.0049,0.0054,0.0054,0.0054,0.0054,0.0054,0.0054,0.0054,0.0054,0.0054,0.0055,0.0055,0.0055,0.0055,0.0055,0.0055,0.0055,0.0055,0.0055,0.0055,0.0055,0.0056,0.0056,0.0056,0.0056,0.0056,0.0056,0.0060,0.0060,0.0060,0.0060,0.0060,0.0060,0.0060,0.0060,0.0063,0.0063,0.0064,0.0064,0.0064,0.0064,0.0065,0.0065,0.0065,0.0065,0.0065,0.0065,0.0065,0.0065,0.0065,0.0065,0.0065,0.0065,0.0065,0.0065,0.0067,0.0067,0.0067,0.0067,0.0067,0.0068,0.0068,0.0068,0.0068,0.0068,0.0069,0.0069,0.0069,0.0069,0.0070,0.0070,0.0071,0.0071,0.0071,0.0071,0.0071,0.0071,0.0071,0.0071,0.0072,0.0072,0.0072,0.0072,0.0072,0.0072,0.0072,0.0072,0.0072,0.0072,0.0072,0.0104,0.0104,0.0104,0.0104,0.0104,0.0109,0.0109,0.0109,0.0109,0.0109,0.0110,0.0110,0.0110,0.0110,0.0111,0.0111,0.0111,0.0111,0.0111,0.0111,0.0112,0.0112,0.0112,0.0112,0.0112,0.0112,0.0112,0.0112,0.0112,0.0112,0.0112,0.0112,0.0113,0.0113,0.0113,0.0113,0.0113,0.0114,0.0114,0.0114,0.0114,0.0114,0.0114,0.0114,0.0114,0.0114,0.0114,0.0114,0.0114,0.0114,0.0114,0.0114,0.0114,0.0114,0.0115,0.0115,0.0120,0.0120,0.0120,0.0122,0.0125,0.0125,0.0125,0.0125,0.0125,0.0125,0.0125,0.0126,0.0126,0.0135,0.0135,0.0135,0.0136,0.0136,0.0136,0.0136,0.0136,0.0136,0.0136,0.0136,0.0136,0.0136,0.0136,0.0136,0.0136,0.0136,0.0136,0.0136,0.0136,0.0136,0.0136,0.0136,0.0136,0.0136,0.0136,0.0136,0.0136,0.0136,0.0136,0.0136,0.0136,0.0136,0.0136,0.0136,0.0136,0.0136,0.0136,0.0136,0.0136,0.0136,0.0136,0.0136,0.0136,0.0136,0.0136,0.0136,0.0136,0.0136,0.0136,0.0137,0.0137,0.0137,0.0137,0.0137,0.0137,0.0137,0.0137,0.0137,0.0137,0.0137,0.0137,0.0137,0.0137,0.0137
45128.9583333,0.0041,0.0041,0.0041,0.0041,0.0041,0.0041,0.0042,0.0049,0.0049,0.0049,0.0049,0.0049,0.0049,0.0054,0.0054,0.0054,0.0054,0.0054,0.0054,0.0054,0.0054,0.0054,0.0055,0.0055,0.0055,0.0055,0.0055,0.0055,0.0055,0.0055,0.0055,0.0055,0.0055,0.0056,0.0056,0.0056,0.0056,0.0056,0.0056,0.0060,0.0060,0.0060,0.0060,0.0060,0.0060,0.0060,0.0060,0.0063,0.0063,0.0064,0.0064,0.0064,0.0064,0.0065,0.0065,0.0065,0.0065,0.0065,0.0065,0.0065,0.0065,0.0065,0.0065,0.0065,0.0065,0.0065,0.0065,0.0067,0.0067,0.0067,0.0067,0.0067,0.0068,0.0068,0.0068,0.0068,0.0068,0.0069,0.0069,0.0069,0.0069,0.0070,0.0070,0.0071,0.0071,0.0071,0.0071,0.0071,0.0071,0.0071,0.0071,0.0072,0.0072,0.0072,0.0072,0.0072,0.0072,0.0072,0.0072,0.0072,0.0072,0.0072,0.0104,0.0104,0.0104,0.0104,0.0104,0.0109,0.0109,0.0109,0.0109,0.0109,0.0110,0.0110,0.0110,0.0110,0.0111,0.0111,0.0111,0.0111,0.0111,0.0111,0.0112,0.0112,0.0112,0.0112,0.0112,0.0112,0.0112,0.0112,0.0112,0.0112,0.0112,0.0112,0.0113,0.0113,0.0113,0.0113,0.0113,0.0114,0.0114,0.0114,0.0114,0.0114,0.0114,0.0114,0.0114,0.0114,0.0114,0.0114,0.0114,0.0114,0.0114,0.0114,0.0114,0.0114,0.0115,0.0115,0.0120,0.0120,0.0120,0.0122,0.0125,0.0125,0.0125,0.0125,0.0125,0.0125,0.0125,0.0126,0.0126,0.0135,0.0135,0.0135,0.0136,0.0136,0.0136,0.0136,0.0136,0.0136,0.0136,0.0136,0.0136,0.0136,0.0136,0.0136,0.0136,0.0136,0.0136,0.0136,0.0136,0.0136,0.0136,0.0136,0.0136,0.0136,0.0136,0.0136,0.0136,0.0136,0.0136,0.0136,0.0136,0.0136,0.0136,0.0136,0.0136,0.0136,0.0136,0.0136,0.0136,0.0136,0.0136,0.0136,0.0136,0.0136,0.0136,0.0136,0.0136,0.0136,0.0136,0.0137,0.0137,0.0137,0.0137,0.0137,0.0137,0.0137,0.0137,0.0137,0.0137,0.0137,0.0137,0.0137,0.0137,0.0137
45129.0000000,0.0040,0.0040,0.0040,0.0041,0.0041,0.0041,0.0041,0.0048,0.0048,0.0048,0.0048,0.0048,0.0048,0.0053,0.0054,0.0054,0.0054,0.0054,0.0054,0.0054,0.0054,0.0054,0.0055,0.0055,0.0055,0.0055,0.0055,0.0055,0.0055,0.0055,0.0055,0.0055,0.0055,0.0056,0.0056,0.0056,0.0056,0.0056,0.0056,0.0060,0.0060,0.0060,0.0060,0.0060,0.0060,0.0060,0.0060,0.0063,0.0063,0.0063,0.0064,0.0064,0.0064,0.0064,0.0065,0.0065,0.0065,0.0065,0.0065,0.0065,0.0065,0.0065,0.0065,0.0065,0.0065,0.0065,0.0065,0.0067,0.0067,0.0067,0.0067,0.0067,0.0068,0.0068,0.0068,0.0068,0.0068,0.0069,0.0069,0.0069,0.0069,0.0070,0.0070,0.0071,0.0071,0.0071,0.0071,0.0071,0.0071,0.0071,0.0071,0.0072,0.0072,0.0072,0.0072,0.0072,0.0072,0.0072,0.0072,0.0072,0.0072,0.0072,0.0104,0.0104,0.0104,0.0104,0.0104,0.0108,0.0108,0.0109,0.0109,0.0109,0.0110,0.0110,0.0110,0.0110,0.0111,0.0111,0.0111,0.0111,0.0111,0.0111,0.0112,0.0112,0.0112,0.0112,0.0112,0.0112,0.0112,0.0112,0.0112,0.0112,0.0112,0.0112,0.0113,0.0113,0.0113,0.0113,0.0113,0.0114,0.0114,0.0114,0.0114,0.0114,0.0114,0.0114,0.0114,0.0114,0.0114,0.0114,0.0114,0.0114,0.0114,0.0114,0.0114,0.0114,0.0115,0.0115,0.0120,0.0120,0.0120,0.0122,0.0125,0.0125,0.0125,0.0125,0.0125,0.0125,0.0125,0.0125,0.0126,0.0135,0.0135,0.0135,0.0135,0.0135,0.0136,0.0136,0.0136,0.0136,0.0136,0.0136,0.0136,0.0136,0.0136,0.0136,0.0136,0.0136,0.0136,0.0136,0.0136,0.0136,0.0136,0.0136,0.0136,0.0136,0.0136,0.0136,0.0136,0.0136,0.0136,0.0136,0.0136,0.0136,0.0136,0.0136,0.0136,0.0136,0.0136,0.0136,0.0136,0.0136,0.0136,0.0136,0.0136,0.0136,0.0136,0.0136,0.0136,0.0136,0.0136,0.0137,0.0137,0.0137,0.0137,0.0137,0.0137,0.0137,0.0137,0.0137,0.0137,0.0137,0.0137,0.0137,0.0137,0.0137
45129.0416667,0.0040,0.0040,0.0040,0.0040,0.0040,0.0040,0.0041,0.0048,0.0048,0.0048,0.0048,0.0048,0.0048,0.0053,0.0053,0.0053,0.0053,0.0053,0.0053,0.0053,0.0053,0.0054,0.0054,0.0054,0.0054,0.0054,0.0054,0.0054,0.0055,0.0055,0.0055,0.0055,0.0055,0.0056,0.0056,0.0056,0.0056,0.0056,0.0056,0.0060,0.0060,0.0060,0.0060,0.0060,0.0060,0.0060,0.0060,0.0063,0.0063,0.0063,0.0064,0.0064,0.0064,0.0064,0.0064,0.0064,0.0065,0.0065,0.0065,0.0065,0.0065,0.0065,0.0065,0.0065,0.0065,0.0065,0.0065,0.0067,0.0067,0.0067,0.0067,0.0067,0.0067,0.0068,0.0068,0.0068,0.0068,0.0069,0.0069,0.0069,0.0069,0.0069,0.0070,0.0070,0.0070,0.0071,0.0071,0.0071,0.0071,0.0071,0.0071,0.0072,0.0072,0.0072,0.0072,0.0072,0.0072,0.0072,0.0072,0.0072,0.0072,0.0072,0.0104,0.0104,0.0104,0.0104,0.0104,0.0108,0.0108,0.0108,0.0108,0.0108,0.0109,0.0110,0.0110,0.0110,0.0110,0.0110,0.0110,0.0110,0.0110,0.0110,0.0111,0.0111,0.0111,0.0112,0.0112,0.0112,0.0112,0.0112,0.0112,0.0112,0.0112,0.0112,0.0113,0.0113,0.0113,0.0113,0.0113,0.0114,0.0114,0.0114,0.0114,0.0114,0.0114,0.0114,0.0114,0.0114,0.0114,0.0114,0.0114,0.0114,0.0114,0.0114,0.0114,0.0114,0.0115,0.0115,0.0120,0.0120,0.0120,0.0122,0.0125,0.0125,0.0125,0.0125,0.0125,0.0125,0.0125,0.0125,0.0125,0.0135,0.0135,0.0135,0.0135,0.0135,0.0135,0.0135,0.0135,0.0135,0.0135,0.0135,0.0135,0.0136,0.0136,0.0136,0.0136,0.0136,0.0136,0.0136,0.0136,0.0136,0.0136,0.0136,0.0136,0.0136,0.0136,0.0136,0.0136,0.0136,0.0136,0.0136,0.0136,0.0136,0.0136,0.0136,0.0136,0.0136,0.0136,0.0136,0.0136,0.0136,0.0136,0.0136,0.0136,0.0136,0.0136,0.0136,0.0136,0.0136,0.0136,0.0136,0.0137,0.0137,0.0137,0.0137,0.0137,0.0137,0.0137,0.0137,0.0137,0.0137,0.0137,0.0137,0.0137,0.0137
45129.0833333,0.0040,0.0040,0.0040,0.0040,0.0040,0.0040,0.0041,0.0048,0.0048,0.0048,0.0048,0.0048,0.0048,0.0053,0.0053,0.0053,0.0053,0.0053,0.0053,0.0053,0.0053,0.0053,0.0053,0.0053,0.0054,0.0054,0.0054,0.0054,0.0054,0.0054,0.0054,0.0055,0.0055,0.0055,0.0055,0.0055,0.0055,0.0056,0.0056,0.0059,0.0059,0.0059,0.0060,0.0060,0.0060,0.0060,0.0060,0.0063,0.0063,0.0063,0.0064,0.0064,0.0064,0.0064,0.0064,0.0064,0.0064,0.0064,0.0065,0.0065,0.0065,0.0065,0.0065,0.0065,0.0065,0.0065,0.0065,0.0067,0.0067,0.0067,0.0067,0.0067,0.0067,0.0068,0.0068,0.0068,0.0068,0.0069,0.0069,0.0069,0.0069,0.0069,0.0069,0.0070,0.0070,0.0071,0.0071,0.0071,0.0071,0.0071,0.0071,0.0072,0.0072,0.0072,0.0072,0.0072,0.0072,0.0072,0.0072,0.0072,0.0072,0.0072,0.0104,0.0104,0.0104,0.0104,0.0104,0.0108,0.0108,0.0108,0.0108,0.0108,0.0109,0.0109,0.0109,0.0110,0.0110,0.0110,0.0110,0.0110,0.0110,0.0110,0.0111,0.0111,0.0111,0.0111,0.0111,0.0112,0.0112,0.0112,0.0112,0.0112,0.0112,0.0112,0.0113,0.0113,0.0113,0.0113,0.0113,0.0113,0.0113,0.0114,0.0114,0.0114,0.0114,0.0114,0.0114,0.0114,0.0114,0.0114,0.0114,0.0114,0.0114,0.0114,0.0114,0.0114,0.0115,0.0115,0.0120,0.0120,0.0120,0.0122,0.0125,0.0125,0.0125,0.0125,0.0125,0.0125,0.0125,0.0125,0.0125,0.0135,0.0135,0.0135,0.0135,0.0135,0.0135,0.0135,0.0135,0.0135,0.0135,0.0135,0.0135,0.0136,0.0136,0.0136,0.0136,0.0136,0.0136,0.0136,0.0136,0.0136,0.0136,0.0136,0.0136,0.0136,0.0136,0.0136,0.0136,0.0136,0.0136,0.0136,0.0136,0.0136,0.0136,0.0136,0.0136,0.0136,0.0136,0.0136,0.0136,0.0136,0.0136,0.0136,0.0136,0.0136,0.0136,0.0136,0.0136,0.0136,0.0136,0.0136,0.0136,0.0136,0.0136,0.0136,0.0137,0.0137,0.0137,0.0137,0.0137,0.0137,0.0137,0.0137,0.0137,0.0137
45129.1250000,0.0040,0.0040,0.0040,0.0040,0.0040,0.0040,0.0041,0.0048,0.0048,0.0048,0.0048,0.0048,0.0048,0.0053,0.0053,0.0053,0.0053,0.0053,0.0053,0.0053,0.0053,0.0053,0.0053,0.0053,0.0053,0.0053,0.0054,0.0054,0.0054,0.0054,0.0054,0.0054,0.0054,0.0054,0.0055,0.0055,0.0055,0.0055,0.0055,0.0059,0.0059,0.0059,0.0059,0.0059,0.0059,0.0059,0.0060,0.0063,0.0063,0.0063,0.0064,0.0064,0.0064,0.0064,0.0064,0.0064,0.0064,0.0064,0.0065,0.0065,0.0065,0.0065,0.0065,0.0065,0.0065,0.0065,0.0065,0.0067,0.0067,0.0067,0.0067,0.0067,0.0067,0.0068,0.0068,0.0068,0.0068,0.0069,0.0069,0.0069,0.0069,0.0069,0.0069,0.0070,0.0070,0.0071,0.0071,0.0071,0.0071,0.0071,0.0071,0.0072,0.0072,0.0072,0.0072,0.0072,0.0072,0.0072,0.0072,0.0072,0.0072,0.0072,0.0104,0.0104,0.0104,0.0104,0.0104,0.0108,0.0108,0.0108,0.0108,0.0108,0.0109,0.0109,0.0109,0.0110,0.0110,0.0110,0.0110,0.0110,0.0110,0.0110,0.0111,0.0111,0.0111,0.0111,0.0111,0.0111,0.0111,0.0111,0.0111,0.0112,0.0112,0.0112,0.0112,0.0112,0.0112,0.0112,0.0113,0.0113,0.0113,0.0113,0.0113,0.0113,0.0113,0.0114,0.0114,0.0114,0.0114,0.0114,0.0114,0.0114,0.0114,0.0114,0.0114,0.0114,0.0115,0.0115,0.0120,0.0120,0.0120,0.0122,0.0125,0.0125,0.0125,0.0125,0.0125,0.0125,0.0125,0.0125,0.0125,0.0135,0.0135,0.0135,0.0135,0.0135,0.0135,0.0135,0.0135,0.0135,0.0135,0.0135,0.0135,0.0136,0.0136,0.0136,0.0136,0.0136,0.0136,0.0136,0.0136,0.0136,0.0136,0.0136,0.0136,0.0136,0.0136,0.0136,0.0136,0.0136,0.0136,0.0136,0.0136,0.0136,0.0136,0.0136,0.0136,0.0136,0.0136,0.0136,0.0136,0.0136,0.0136,0.0136,0.0136,0.0136,0.0136,0.0136,0.0136,0.0136,0.0136,0.0136,0.0136,0.0136,0.0136,0.0136,0.0136,0.0136,0.0136,0.0136,0.0136,0.0136,0.0136,0.0136,0.0136,0.0136
45129.1666667,0.0040,0.0040,0.0040,0.0040,0.0040,0.0040,0.0041,0.0048,0.0048,0.0048,0.0048,0.0048,0.0048,0.0053,0.0053,0.0053,0.0053,0.0053,0.0053,0.0053,0.0053,0.0053,0.0053,0.0053,0.0053,0.0053,0.0054,0.0054,0.0054,0.0054,0.0054,0.0054,0.0054,0.0054,0.0054,0.0055,0.0055,0.0055,0.0055,0.0058,0.0058,0.0058,0.0059,0.0059,0.0059,0.0059,0.0059,0.0062,0.0063,0.0063,0.0063,0.0063,0.0064,0.0064,0.0064,0.0064,0.0064,0.0064,0.0065,0.0065,0.0065,0.0065,0.0065,0.0065,0.0065,0.0065,0.0065,0.0067,0.0067,0.0067,0.0067,0.0067,0.0067,0.0067,0.0067,0.0068,0.0068,0.0069,0.0069,0.0069,0.0069,0.0069,0.0069,0.0070,0.0070,0.0071,0.0071,0.0071,0.0071,0.0071,0.0071,0.0072,0.0072,0.0072,0.0072,0.0072,0.0072,0.0072,0.0072,0.0072,0.0072,0.0072,0.0103,0.0103,0.0104,0.0104,0.0104,0.0108,0.0108,0.0108,0.0108,0.0108,0.0109,0.0109,0.0109,0.0110,0.0110,0.0110,0.0110,0.0110,0.0110,0.0110,0.0111,0.0111,0.0111,0.0111,0.0111,0.0111,0.0111,0.0111,0.0111,0.0111,0.0111,0.0111,0.0112,0.0112,0.0112,0.0112,0.0113,0.0113,0.0113,0.0113,0.0113,0.0113,0.0113,0.0113,0.0113,0.0113,0.0113,0.0114,0.0114,0.0114,0.0114,0.0114,0.0114,0.0114,0.0114,0.0114,0.0120,0.0120,0.0120,0.0122,0.0125,0.0125,0.0125,0.0125,0.0125,0.0125,0.0125,0.0125,0.0125,0.0135,0.0135,0.0135,0.0135,0.0135,0.0135,0.0135,0.0135,0.0135,0.0135,0.0135,0.0135,0.0136,0.0136,0.0136,0.0136,0.0136,0.0136,0.0136,0.0136,0.0136,0.0136,0.0136,0.0136,0.0136,0.0136,0.0136,0.0136,0.0136,0.0136,0.0136,0.0136,0.0136,0.0136,0.0136,0.0136,0.0136,0.0136,0.0136,0.0136,0.0136,0.0136,0.0136,0.0136,0.0136,0.0136,0.0136,0.0136,0.0136,0.0136,0.0136,0.0136,0.0136,0.0136,0.0136,0.0136,0.0136,0.0136,0.0136,0.0136,0.0136,0.0136,0.0136,0.0136,0.0136
45129.2083333,0.0040,0.0040,0.0040,0.0040,0.0040,0.0040,0.0041,0.0048,0.0048,0.0048,0.0048,0.0048,0.0048,0.0053,0.0053,0.0053,0.0053,0.0053,0.0053,0.0053,0.0053,0.0053,0.0053,0.0053,0.0053,0.0053,0.0054,0.0054,0.0054,0.0054,0.0054,0.0054,0.0054,0.0054,0.0054,0.0055,0.0055,0.0055,0.0055,0.0058,0.0058,0.0058,0.0058,0.0059,0.0059,0.0059,0.0059,0.0062,0.0062,0.0062,0.0063,0.0063,0.0063,0.0063,0.0063,0.0063,0.0063,0.0064,0.0064,0.0064,0.0064,0.0064,0.0064,0.0064,0.0065,0.0065,0.0065,0.0067,0.0067,0.0067,0.0067,0.0067,0.0067,0.0067,0.0067,0.0068,0.0068,0.0069,0.0069,0.0069,0.0069,0.0069,0.0069,0.0070,0.0070,0.0071,0.0071,0.0071,0.0071,0.0071,0.0071,0.0071,0.0072,0.0072,0.0072,0.0072,0.0072,0.0072,0.0072,0.0072,0.0072,0.0072,0.0103,0.0103,0.0103,0.0104,0.0104,0.0108,0.0108,0.0108,0.0108,0.0108,0.0109,0.0109,0.0109,0.0110,0.0110,0.0110,0.0110,0.0110,0.0110,0.0110,0.0111,0.0111,0.0111,0.0111,0.0111,0.0111,0.0111,0.0111,0.0111,0.0111,0.0111,0.0111,0.0112,0.0112,0.0112,0.0112,0.0113,0.0113,0.0113,0.0113,0.0113,0.0113,0.0113,0.0113,0.0113,0.0113,0.0113,0.0113,0.0113,0.0113,0.0114,0.0114,0.0114,0.0114,0.0114,0.0114,0.0119,0.0119,0.0119,0.0121,0.0124,0.0124,0.0124,0.0124,0.0125,0.0125,0.0125,0.0125,0.0125,0.0135,0.0135,0.0135,0.0135,0.0135,0.0135,0.0135,0.0135,0.0135,0.0135,0.0135,0.0135,0.0136,0.0136,0.0136,0.0136,0.0136,0.0136,0.0136,0.0136,0.0136,0.0136,0.0136,0.0136,0.0136,0.0136,0.0136,0.0136,0.0136,0.0136,0.0136,0.0136,0.0136,0.0136,0.0136,0.0136,0.0136,0.0136,0.0136,0.0136,0.0136,0.0136,0.0136,0.0136,0.0136,0.0136,0.0136,0.0136,0.0136,0.0136,0.0136,0.0136,0.0136,0.0136,0.0136,0.0136,0.0136,0.0136,0.0136,0.0136,0.0136,0.0136,0.0136,0.0136,0.0136
45129.2500000,0.0040,0.0040,0.0040,0.0040,0.0040,0.0040,0.0041,0.0048,0.0048,0.0048,0.0048,0.0048,0.0048,0.0053,0.0053,0.0053,0.0053,0.0053,0.0053,0.0053,0.0053,0.0053,0.0053,0.0053,0.0053,0.0053,0.0054,0.0054,0.0054,0.0054,0.0054,0.0054,0.0054,0.0054,0.0054,0.0055,0.0055,0.0055,0.0055,0.0058,0.0058,0.0058,0.0058,0.0058,0.0059,0.0059,0.0059,0.0062,0.0062,0.0062,0.0063,0.0063,0.0063,0.0063,0.0063,0.0063,0.0063,0.0063,0.0064,0.0064,0.0064,0.0064,0.0064,0.0064,0.0064,0.0064,0.0064,0.0066,0.0066,0.0067,0.0067,0.0067,0.0067,0.0067,0.0067,0.0067,0.0067,0.0069,0.0069,0.0069,0.0069,0.0069,0.0069,0.0070,0.0070,0.0070,0.0070,0.0071,0.0071,0.0071,0.0071,0.0071,0.0071,0.0071,0.0071,0.0072,0.0072,0.0072,0.0072,0.0072,0.0072,0.0072,0.0103,0.0103,0.0103,0.0103,0.0104,0.0108,0.0108,0.0108,0.0108,0.0108,0.0109,0.0109,0.0109,0.0110,0.0110,0.0110,0.0110,0.0110,0.0110,0.0110,0.0111,0.0111,0.0111,0.0111,0.0111,0.0111,0.0111,0.0111,0.0111,0.0111,0.0111,0.0111,0.0112,0.0112,0.0112,0.0112,0.0113,0.0113,0.0113,0.0113,0.0113,0.0113,0.0113,0.0113,0.0113,0.0113,0.0113,0.0113,0.0113,0.0113,0.0113,0.0114,0.0114,0.0114,0.0114,0.0114,0.0119,0.0119,0.0119,0.0121,0.0124,0.0124,0.0124,0.0124,0.0124,0.0124,0.0125,0.0125,0.0125,0.0134,0.0134,0.0134,0.0135,0.0135,0.0135,0.0135,0.0135,0.0135,0.0135,0.0135,0.0135,0.0135,0.0135,0.0135,0.0135,0.0135,0.0135,0.0135,0.0135,0.0135,0.0135,0.0135,0.0136,0.0136,0.0136,0.0136,0.0136,0.0136,0.0136,0.0136,0.0136,0.0136,0.0136,0.0136,0.0136,0.0136,0.0136,0.0136,0.0136,0.0136,0.0136,0.0136,0.0136,0.0136,0.0136,0.0136,0.0136,0.0136,0.0136,0.0136,0.0136,0.0136,0.0136,0.0136,0.0136,0.0136,0.0136,0.0136,0.0136,0.0136,0.0136,0.0136,0.0136,0.0136
45129.2916667,0.0040,0.0040,0.0040,0.0040,0.0040,0.0040,0.0041,0.0048,0.0048,0.0048,0.0048,0.0048,0.0048,0.0053,0.0053,0.0053,0.0053,0.0053,0.0053,0.0053,0.0053,0.0053,0.0053,0.0053,0.0053,0.0053,0.0054,0.0054,0.0054,0.0054,0.0054,0.0054,0.0054,0.0054,0.0054,0.0055,0.0055,0.0055,0.0055,0.0058,0.0058,0.0058,0.0058,0.0058,0.0059,0.0059,0.0059,0.0062,0.0062,0.0062,0.0063,0.0063,0.0063,0.0063,0.0063,0.0063,0.0063,0.0063,0.0064,0.0064,0.0064,0.0064,0.0064,0.0064,0.0064,0.0064,0.0064,0.0066,0.0066,0.0066,0.0066,0.0066,0.0066,0.0067,0.0067,0.0067,0.0067,0.0068,0.0068,0.0069,0.0069,0.0069,0.0069,0.0070,0.0070,0.0070,0.0070,0.0070,0.0070,0.0070,0.0070,0.0071,0.0071,0.0071,0.0071,0.0071,0.0071,0.0071,0.0071,0.0071,0.0071,0.0072,0.0103,0.0103,0.0103,0.0103,0.0103,0.0108,0.0108,0.0108,0.0108,0.0108,0.0109,0.0109,0.0109,0.0109,0.0110,0.0110,0.0110,0.0110,0.0110,0.0110,0.0111,0.0111,0.0111,0.0111,0.0111,0.0111,0.0111,0.0111,0.0111,0.0111,0.0111,0.0111,0.0112,0.0112,0.0112,0.0112,0.0113,0.0113,0.0113,0.0113,0.0113,0.0113,0.0113,0.0113,0.0113,0.0113,0.0113,0.0113,0.0113,0.0113,0.0113,0.0113,0.0114,0.0114,0.0114,0.0114,0.0119,0.0119,0.0119,0.0121,0.0124,0.0124,0.0124,0.0124,0.0124,0.0124,0.0124,0.0125,0.0125,0.0134,0.0134,0.0134,0.0134,0.0134,0.0134,0.0134,0.0134,0.0134,0.0135,0.0135,0.0135,0.0135,0.0135,0.0135,0.0135,0.0135,0.0135,0.0135,0.0135,0.0135,0.0135,0.0135,0.0135,0.0135,0.0135,0.0135,0.0135,0.0135,0.0135,0.0135,0.0135,0.0135,0.0135,0.0135,0.0135,0.0136,0.0136,0.0136,0.0136,0.0136,0.0136,0.0136,0.0136,0.0136,0.0136,0.0136,0.0136,0.0136,0.0136,0.0136,0.0136,0.0136,0.0136,0.0136,0.0136,0.0136,0.0136,0.0136,0.0136,0.0136,0.0136,0.0136,0.0136,0.0136
45129.3333333,0.0040,0.0040,0.0040,0.0040,0.0040,0.0040,0.0041,0.0048,0.0048,0.0048,0.0048,0.0048,0.0048,0.0053,0.0053,0.0053,0.0053,0.0053,0.0053,0.0053,0.0053,0.0053,0.0053,0.0053,0.0053,0.0053,0.0054,0.0054,0.0054,0.0054,0.0054,0.0054,0.0054,0.0054,0.0054,0.0055,0.0055,0.0055,0.0055,0.0058,0.0058,0.0058,0.0058,0.0058,0.0059,0.0059,0.0059,0.0062,0.0062,0.0062,0.0063,0.0063,0.0063,0.0063,0.0063,0.0063,0.0063,0.0063,0.0064,0.0064,0.0064,0.0064,0.0064,0.0064,0.0064,0.0064,0.0064,0.0066,0.0066,0.0066,0.0066,0.0066,0.0066,0.0066,0.0066,0.0067,0.0067,0.0068,0.0068,0.0068,0.0068,0.0068,0.0068,0.0069,0.0069,0.0070,0.0070,0.0070,0.0070,0.0070,0.0070,0.0071,0.0071,0.0071,0.0071,0.0071,0.0071,0.0071,0.0071,0.0071,0.0071,0.0071,0.0103,0.0103,0.0103,0.0103,0.0103,0.0107,0.0107,0.0108,0.0108,0.0108,0.0109,0.0109,0.0109,0.0109,0.0109,0.0110,0.0110,0.0110,0.0110,0.0110,0.0111,0.0111,0.0111,0.0111,0.0111,0.0111,0.0111,0.0111,0.0111,0.0111,0.0111,0.0111,0.0112,0.0112,0.0112,0.0112,0.0113,0.0113,0.0113,0.0113,0.0113,0.0113,0.0113,0.0113,0.0113,0.0113,0.0113,0.0113,0.0113,0.0113,0.0113,0.0113,0.0113,0.0113,0.0114,0.0114,0.0119,0.0119,0.0119,0.0121,0.0124,0.0124,0.0124,0.0124,0.0124,0.0124,0.0124,0.0125,0.0125,0.0134,0.0134,0.0134,0.0134,0.0134,0.0134,0.0134,0.0134,0.0134,0.0134,0.0134,0.0135,0.0135,0.0135,0.0135,0.0135,0.0135,0.0135,0.0135,0.0135,0.0135,0.0135,0.0135,0.0135,0.0135,0.0135,0.0135,0.0135,0.0135,0.0135,0.0135,0.0135,0.0135,0.0135,0.0135,0.0135,0.0135,0.0135,0.0135,0.0135,0.0135,0.0135,0.0135,0.0135,0.0135,0.0135,0.0135,0.0135,0.0136,0.0136,0.0136,0.0136,0.0136,0.0136,0.0136,0.0136,0.0136,0.0136,0.0136,0.0136,0.0136,0.0136,0.0136,0.0136,0.0136
45129.3750000,0.0040,0.0040,0.0040,0.0040,0.0040,0.0040,0.0041,0.0048,0.0048,0.0048,0.0048,0.0048,0.0048,0.0053,0.0053,0.0053,0.0053,0.0053,0.0053,0.0053,0.0053,0.0053,0.0053,0.0053,0.0053,0.0053,0.0054,0.0054,0.0054,0.0054,0.0054,0.0054,0.0054,0.0054,0.0054,0.0055,0.0055,0.0055,0.0055,0.0058,0.0058,0.0058,0.0058,0.0058,0.0059,0.0059,0.0059,0.0062,0.0062,0.0062,0.0063,0.0063,0.0063,0.0063,0.0063,0.0063,0.0063,0.0063,0.0064,0.0064,0.0064,0.0064,0.0064,0.0064,0.0064,0.0064,0.0064,0.0066,0.0066,0.0066,0.0066,0.0066,0.0066,0.0066,0.0066,0.0066,0.0066,0.0068,0.0068,0.0068,0.0068,0.0068,0.0068,0.0069,0.0069,0.0069,0.0069,0.0070,0.0070,0.0070,0.0070,0.0070,0.0070,0.0070,0.0071,0.0071,0.0071,0.0071,0.0071,0.0071,0.0071,0.0071,0.0102,0.0103,0.0103,0.0103,0.0103,0.0107,0.0107,0.0107,0.0107,0.0107,0.0109,0.0109,0.0109,0.0109,0.0109,0.0109,0.0109,0.0109,0.0110,0.0110,0.0110,0.0110,0.0110,0.0111,0.0111,0.0111,0.0111,0.0111,0.0111,0.0111,0.0111,0.0111,0.0112,0.0112,0.0112,0.0112,0.0112,0.0113,0.0113,0.0113,0.0113,0.0113,0.0113,0.0113,0.0113,0.0113,0.0113,0.0113,0.0113,0.0113,0.0113,0.0113,0.0113,0.0113,0.0114,0.0114,0.0119,0.0119,0.0119,0.0121,0.0124,0.0124,0.0124,0.0124,0.0124,0.0124,0.0124,0.0124,0.0125,0.0134,0.0134,0.0134,0.0134,0.0134,0.0134,0.0134,0.0134,0.0134,0.0134,0.0134,0.0135,0.0135,0.0135,0.0135,0.0135,0.0135,0.0135,0.0135,0.0135,0.0135,0.0135,0.0135,0.0135,0.0135,0.0135,0.0135,0.0135,0.0135,0.0135,0.0135,0.0135,0.0135,0.0135,0.0135,0.0135,0.0135,0.0135,0.0135,0.0135,0.0135,0.0135,0.0135,0.0135,0.0135,0.0135,0.0135,0.0135,0.0135,0.0135,0.0135,0.0135,0.0135,0.0135,0.0135,0.0135,0.0135,0.0135,0.0136,0.0136,0.0136,0.0136,0.0136,0.0136,0.0136
45129.4166667,0.0040,0.0040,0.0040,0.0040,0.0040,0.0040,0.0041,0.0048,0.0048,0.0048,0.0048,0.0048,0.0048,0.0053,0.0053,0.0053,0.0053,0.0053,0.0053,0.0053,0.0053,0.0053,0.0053,0.0053,0.0053,0.0053,0.0054,0.0054,0.0054,0.0054,0.0054,0.0054,0.0054,0.0054,0.0054,0.0055,0.0055,0.0055,0.0055,0.0058,0.0058,0.0058,0.0058,0.0058,0.0059,0.0059,0.0059,0.0062,0.0062,0.0062,0.0063,0.0063,0.0063,0.0063,0.0063,0.0063,0.0063,0.0063,0.0064,0.0064,0.0064,0.0064,0.0064,0.0064,0.0064,0.0064,0.0064,0.0066,0.0066,0.0066,0.0066,0.0066,0.0066,0.0066,0.0066,0.0066,0.0066,0.0068,0.0068,0.0068,0.0068,0.0068,0.0068,0.0069,0.0069,0.0069,0.0069,0.0069,0.0069,0.0070,0.0070,0.0070,0.0070,0.0070,0.0070,0.0070,0.0070,0.0070,0.0070,0.0071,0.0071,0.0071,0.0102,0.0102,0.0102,0.0102,0.0102,0.0107,0.0107,0.0107,0.0107,0.0107,0.0108,0.0108,0.0108,0.0109,0.0109,0.0109,0.0109,0.0109,0.0109,0.0109,0.0110,0.0110,0.0110,0.0110,0.0110,0.0111,0.0111,0.0111,0.0111,0.0111,0.0111,0.0111,0.0112,0.0112,0.0112,0.0112,0.0112,0.0112,0.0112,0.0113,0.0113,0.0113,0.0113,0.0113,0.0113,0.0113,0.0113,0.0113,0.0113,0.0113,0.0113,0.0113,0.0113,0.0113,0.0114,0.0114,0.0119,0.0119,0.0119,0.0121,0.0124,0.0124,0.0124,0.0124,0.0124,0.0124,0.0124,0.0124,0.0124,0.0134,0.0134,0.0134,0.0134,0.0134,0.0134,0.0134,0.0134,0.0134,0.0134,0.0134,0.0134,0.0135,0.0135,0.0135,0.0135,0.0135,0.0135,0.0135,0.0135,0.0135,0.0135,0.0135,0.0135,0.0135,0.0135,0.0135,0.0135,0.0135,0.0135,0.0135,0.0135,0.0135,0.0135,0.0135,0.0135,0.0135,0.0135,0.0135,0.0135,0.0135,0.0135,0.0135,0.0135,0.0135,0.0135,0.0135,0.0135,0.0135,0.0135,0.0135,0.0135,0.0135,0.0135,0.0135,0.0135,0.0135,0.0135,0.0135,0.0135,0.0135,0.0135,0.0135,0.0135,0.0136
45129.4583333,0.0040,0.0040,0.0040,0.0040,0.0040,0.0040,0.0041,0.0048,0.0048,0.0048,0.0048,0.0048,0.0048,0.0053,0.0053,0.0053,0.0053,0.0053,0.0053,0.0053,0.0053,0.0053,0.0053,0.0053,0.0053,0.0053,0.0054,0.0054,0.0054,0.0054,0.0054,0.0054,0.0054,0.0054,0.0054,0.0055,0.0055,0.0055,0.0055,0.0058,0.0058,0.0058,0.0058,0.0058,0.0059,0.0059,0.0059,0.0062,0.0062,0.0062,0.0063,0.0063,0.0063,0.0063,0.0063,0.0063,0.0063,0.0063,0.0064,0.0064,0.0064,0.0064,0.0064,0.0064,0.0064,0.0064,0.0064,0.0066,0.0066,0.0066,0.0066,0.0066,0.0066,0.0066,0.0066,0.0066,0.0066,0.0068,0.0068,0.0068,0.0068,0.0068,0.0068,0.0069,0.0069,0.0069,0.0069,0.0069,0.0069,0.0070,0.0070,0.0070,0.0070,0.0070,0.0070,0.0070,0.0070,0.0070,0.0070,0.0070,0.0070,0.0070,0.0102,0.0102,0.0102,0.0102,0.0102,0.0106,0.0106,0.0107,0.0107,0.0107,0.0108,0.0108,0.0108,0.0108,0.0109,0.0109,0.0109,0.0109,0.0109,0.0109,0.0110,0.0110,0.0110,0.0110,0.0110,0.0110,0.0110,0.0110,0.0111,0.0111,0.0111,0.0111,0.0111,0.0111,0.0111,0.0112,0.0112,0.0112,0.0112,0.0112,0.0112,0.0112,0.0113,0.0113,0.0113,0.0113,0.0113,0.0113,0.0113,0.0113,0.0113,0.0113,0.0113,0.0113,0.0114,0.0114,0.0119,0.0119,0.0119,0.0121,0.0124,0.0124,0.0124,0.0124,0.0124,0.0124,0.0124,0.0124,0.0124,0.0134,0.0134,0.0134,0.0134,0.0134,0.0134,0.0134,0.0134,0.0134,0.0134,0.0134,0.0134,0.0135,0.0135,0.0135,0.0135,0.0135,0.0135,0.0135,0.0135,0.0135,0.0135,0.0135,0.0135,0.0135,0.0135,0.0135,0.0135,0.0135,0.0135,0.0135,0.0135,0.0135,0.0135,0.0135,0.0135,0.0135,0.0135,0.0135,0.0135,0.0135,0.0135,0.0135,0.0135,0.0135,0.0135,0.0135,0.0135,0.0135,0.0135,0.0135,0.0135,0.0135,0.0135,0.0135,0.0135,0.0135,0.0135,0.0135,0.0135,0.0135,0.0135,0.0135,0.0135,0.0135
45129.5000000,0.0040,0.0040,0.0040,0.0040,0.0040,0.0040,0.0041,0.0048,0.0048,0.0048,0.0048,0.0048,0.0048,0.0053,0.0053,0.0053,0.0053,0.0053,0.0053,0.0053,0.0053,0.0053,0.0053,0.0053,0.0053,0.0053,0.0054,0.0054,0.0054,0.0054,0.0054,0.0054,0.0054,0.0054,0.0054,0.0055,0.0055,0.0055,0.0055,0.0058,0.0058,0.0058,0.0058,0.0058,0.0059,0.0059,0.0059,0.0062,0.0062,0.0062,0.0063,0.0063,0.0063,0.0063,0.0063,0.0063,0.0063,0.0063,0.0064,0.0064,0.0064,0.0064,0.0064,0.0064,0.0064,0.0064,0.0064,0.0066,0.0066,0.0066,0.0066,0.0066,0.0066,0.0066,0.0066,0.0066,0.0066,0.0068,0.0068,0.0068,0.0068,0.0068,0.0068,0.0069,0.0069,0.0069,0.0069,0.0069,0.0069,0.0070,0.0070,0.0070,0.0070,0.0070,0.0070,0.0070,0.0070,0.0070,0.0070,0.0070,0.0070,0.0070,0.0102,0.0102,0.0102,0.0102,0.0102,0.0106,0.0106,0.0107,0.0107,0.0107,0.0108,0.0108,0.0108,0.0108,0.0108,0.0108,0.0109,0.0109,0.0109,0.0109,0.0109,0.0110,0.0110,0.0110,0.0110,0.0110,0.0110,0.0110,0.0110,0.0110,0.0110,0.0110,0.0111,0.0111,0.0111,0.0111,0.0112,0.0112,0.0112,0.0112,0.0112,0.0112,0.0112,0.0112,0.0112,0.0113,0.0113,0.0113,0.0113,0.0113,0.0113,0.0113,0.0113,0.0113,0.0113,0.0113,0.0119,0.0119,0.0119,0.0121,0.0124,0.0124,0.0124,0.0124,0.0124,0.0124,0.0124,0.0124,0.0124,0.0134,0.0134,0.0134,0.0134,0.0134,0.0134,0.0134,0.0134,0.0134,0.0134,0.0134,0.0134,0.0135,0.0135,0.0135,0.0135,0.0135,0.0135,0.0135,0.0135,0.0135,0.0135,0.0135,0.0135,0.0135,0.0135,0.0135,0.0135,0.0135,0.0135,0.0135,0.0135,0.0135,0.0135,0.0135,0.0135,0.0135,0.0135,0.0135,0.0135,0.0135,0.0135,0.0135,0.0135,0.0135,0.0135,0.0135,0.0135,0.0135,0.0135,0.0135,0.0135,0.0135,0.0135,0.0135,0.0135,0.0135,0.0135,0.0135,0.0135,0.0135,0.0135,0.0135,0.0135,0.0135
45129.5416667,0.0040,0.0040,0.0040,0.0040,0.0040,0.0040,0.0041,0.0048,0.0048,0.0048,0.0048,0.0048,0.0048,0.0053,0.0053,0.0053,0.0053,0.0053,0.0053,0.0053,0.0053,0.0053,0.0053,0.0053,0.0053,0.0053,0.0054,0.0054,0.0054,0.0054,0.0054,0.0054,0.0054,0.0054,0.0054,0.0055,0.0055,0.0055,0.0055,0.0058,0.0058,0.0058,0.0058,0.0058,0.0059,0.0059,0.0059,0.0062,0.0062,0.0062,0.0063,0.0063,0.0063,0.0063,0.0063,0.0063,0.0063,0.0063,0.0064,0.0064,0.0064,0.0064,0.0064,0.0064,0.0064,0.0064,0.0064,0.0066,0.0066,0.0066,0.0066,0.0066,0.0066,0.0066,0.0066,0.0066,0.0066,0.0068,0.0068,0.0068,0.0068,0.0068,0.0068,0.0069,0.0069,0.0069,0.0069,0.0069,0.0069,0.0069,0.0070,0.0070,0.0070,0.0070,0.0070,0.0070,0.0070,0.0070,0.0070,0.0070,0.0070,0.0070,0.0102,0.0102,0.0102,0.0102,0.0102,0.0106,0.0106,0.0107,0.0107,0.0107,0.0108,0.0108,0.0108,0.0108,0.0108,0.0108,0.0109,0.0109,0.0109,0.0109,0.0109,0.0110,0.0110,0.0110,0.0110,0.0110,0.0110,0.0110,0.0110,0.0110,0.0110,0.0110,0.0111,0.0111,0.0111,0.0111,0.0111,0.0111,0.0112,0.0112,0.0112,0.0112,0.0112,0.0112,0.0112,0.0112,0.0112,0.0112,0.0112,0.0112,0.0113,0.0113,0.0113,0.0113,0.0113,0.0113,0.0118,0.0119,0.0119,0.0120,0.0123,0.0123,0.0124,0.0124,0.0124,0.0124,0.0124,0.0124,0.0124,0.0134,0.0134,0.0134,0.0134,0.0134,0.0134,0.0134,0.0134,0.0134,0.0134,0.0134,0.0134,0.0135,0.0135,0.0135,0.0135,0.0135,0.0135,0.0135,0.0135,0.0135,0.0135,0.0135,0.0135,0.0135,0.0135,0.0135,0.0135,0.0135,0.0135,0.0135,0.0135,0.0135,0.0135,0.0135,0.0135,0.0135,0.0135,0.0135,0.0135,0.0135,0.0135,0.0135,0.0135,0.0135,0.0135,0.0135,0.0135,0.0135,0.0135,0.0135,0.0135,0.0135,0.0135,0.0135,0.0135,0.0135,0.0135,0.0135,0.0135,0.0135,0.0135,0.0135,0.0135,0.0135
45129.5833333,0.0040,0.0040,0.0040,0.0040,0.0040,0.0040,0.0041,0.0048,0.0048,0.0048,0.0048,0.0048,0.0048,0.0053,0.0053,0.0053,0.0053,0.0053,0.0053,0.0053,0.0053,0.0053,0.0053,0.0053,0.0053,0.0053,0.0054,0.0054,0.0054,0.0054,0.0054,0.0054,0.0054,0.0054,0.0054,0.0055,0.0055,0.0055,0.0055,0.0058,0.0058,0.0058,0.0058,0.0058,0.0059,0.0059,0.0059,0.0062,0.0062,0.0062,0.0063,0.0063,0.0063,0.0063,0.0063,0.0063,0.0063,0.0063,0.0064,0.0064,0.0064,0.0064,0.0064,0.0064,0.0064,0.0064,0.0064,0.0066,0.0066,0.0066,0.0066,0.0066,0.0066,0.0066,0.0066,0.0066,0.0066,0.0068,0.0068,0.0068,0.0068,0.0068,0.0068,0.0069,0.0069,0.0069,0.0069,0.0069,0.0069,0.0069,0.0070,0.0070,0.0070,0.0070,0.0070,0.0070,0.0070,0.0070,0.0070,0.0070,0.0070,0.0070,0.0102,0.0102,0.0102,0.0102,0.0102,0.0106,0.0106,0.0107,0.0107,0.0107,0.0108,0.0108,0.0108,0.0108,0.0108,0.0108,0.0109,0.0109,0.0109,0.0109,0.0109,0.0109,0.0110,0.0110,0.0110,0.0110,0.0110,0.0110,0.0110,0.0110,0.0110,0.0110,0.0111,0.0111,0.0111,0.0111,0.0111,0.0111,0.0111,0.0111,0.0112,0.0112,0.0112,0.0112,0.0112,0.0112,0.0112,0.0112,0.0112,0.0112,0.0112,0.0112,0.0112,0.0112,0.0113,0.0113,0.0118,0.0118,0.0118,0.0120,0.0123,0.0123,0.0123,0.0123,0.0123,0.0123,0.0124,0.0124,0.0124,0.0133,0.0133,0.0133,0.0134,0.0134,0.0134,0.0134,0.0134,0.0134,0.0134,0.0134,0.0134,0.0134,0.0134,0.0134,0.0134,0.0134,0.0134,0.0134,0.0134,0.0134,0.0134,0.0135,0.0135,0.0135,0.0135,0.0135,0.0135,0.0135,0.0135,0.0135,0.0135,0.0135,0.0135,0.0135,0.0135,0.0135,0.0135,0.0135,0.0135,0.0135,0.0135,0.0135,0.0135,0.0135,0.0135,0.0135,0.0135,0.0135,0.0135,0.0135,0.0135,0.0135,0.0135,0.0135,0.0135,0.0135,0.0135,0.0135,0.0135,0.0135,0.0135,0.0135,0.0135,0.0135
45129.6250000,0.0040,0.0040,0.0040,0.0040,0.0040,0.0040,0.0041,0.0048,0.0048,0.0048,0.0048,0.0048,0.0048,0.0053,0.0053,0.0053,0.0053,0.0053,0.0053,0.0053,0.0053,0.0053,0.0053,0.0053,0.0053,0.0053,0.0054,0.0054,0.0054,0.0054,0.0054,0.0054,0.0054,0.0054,0.0054,0.0055,0.0055,0.0055,0.0055,0.0058,0.0058,0.0058,0.0058,0.0058,0.0059,0.0059,0.0059,0.0062,0.0062,0.0062,0.0063,0.0063,0.0063,0.0063,0.0063,0.0063,0.0063,0.0063,0.0064,0.0064,0.0064,0.0064,0.0064,0.0064,0.0064,0.0064,0.0064,0.0066,0.0066,0.0066,0.0066,0.0066,0.0066,0.0066,0.0066,0.0066,0.0066,0.0068,0.0068,0.0068,0.0068,0.0068,0.0068,0.0069,0.0069,0.0069,0.0069,0.0069,0.0069,0.0069,0.0070,0.0070,0.0070,0.0070,0.0070,0.0070,0.0070,0.0070,0.0070,0.0070,0.0070,0.0070,0.0102,0.0102,0.0102,0.0102,0.0102,0.0106,0.0106,0.0107,0.0107,0.0107,0.0108,0.0108,0.0108,0.0108,0.0108,0.0108,0.0109,0.0109,0.0109,0.0109,0.0109,0.0109,0.0110,0.0110,0.0110,0.0110,0.0110,0.0110,0.0110,0.0110,0.0110,0.0110,0.0111,0.0111,0.0111,0.0111,0.0111,0.0111,0.0111,0.0111,0.0111,0.0112,0.0112,0.0112,0.0112,0.0112,0.0112,0.0112,0.0112,0.0112,0.0112,0.0112,0.0112,0.0112,0.0112,0.0112,0.0118,0.0118,0.0118,0.0120,0.0123,0.0123,0.0123,0.0123,0.0123,0.0123,0.0123,0.0123,0.0123,0.0133,0.0133,0.0133,0.0133,0.0133,0.0133,0.0133,0.0133,0.0133,0.0134,0.0134,0.0134,0.0134,0.0134,0.0134,0.0134,0.0134,0.0134,0.0134,0.0134,0.0134,0.0134,0.0134,0.0134,0.0134,0.0134,0.0134,0.0134,0.0134,0.0134,0.0134,0.0134,0.0134,0.0135,0.0135,0.0135,0.0135,0.0135,0.0135,0.0135,0.0135,0.0135,0.0135,0.0135,0.0135,0.0135,0.0135,0.0135,0.0135,0.0135,0.0135,0.0135,0.0135,0.0135,0.0135,0.0135,0.0135,0.0135,0.0135,0.0135,0.0135,0.0135,0.0135,0.0135,0.0135
45129.6666667,0.0040,0.0040,0.0040,0.0040,0.0040,0.0040,0.0041,0.0048,0.0048,0.0048,0.0048,0.0048,0.0048,0.0053,0.0053,0.0053,0.0053,0.0053,0.0053,0.0053,0.0053,0.0053,0.0053,0.0053,0.0053,0.0053,0.0054,0.0054,0.0054,0.0054,0.0054,0.0054,0.0054,0.0054,0.0054,0.0055,0.0055,0.0055,0.0055,0.0058,0.0058,0.0058,0.0058,0.0058,0.0059,0.0059,0.0059,0.0062,0.0062,0.0062,0.0063,0.0063,0.0063,0.0063,0.0063,0.0063,0.0063,0.0063,0.0064,0.0064,0.0064,0.0064,0.0064,0.0064,0.0064,0.0064,0.0064,0.0066,0.0066,0.0066,0.0066,0.0066,0.0066,0.0066,0.0066,0.0066,0.0066,0.0068,0.0068,0.0068,0.0068,0.0068,0.0068,0.0069,0.0069,0.0069,0.0069,0.0069,0.0069,0.0069,0.0070,0.0070,0.0070,0.0070,0.0070,0.0070,0.0070,0.0070,0.0070,0.0070,0.0070,0.0070,0.0102,0.0102,0.0102,0.0102,0.0102,0.0106,0.0106,0.0107,0.0107,0.0107,0.0108,0.0108,0.0108,0.0108,0.0108,0.0108,0.0109,0.0109,0.0109,0.0109,0.0109,0.0109,0.0110,0.0110,0.0110,0.0110,0.0110,0.0110,0.0110,0.0110,0.0110,0.0110,0.0111,0.0111,0.0111,0.0111,0.0111,0.0111,0.0111,0.0111,0.0111,0.0112,0.0112,0.0112,0.0112,0.0112,0.0112,0.0112,0.0112,0.0112,0.0112,0.0112,0.0112,0.0112,0.0112,0.0112,0.0118,0.0118,0.0118,0.0120,0.0123,0.0123,0.0123,0.0123,0.0123,0.0123,0.0123,0.0123,0.0123,0.0133,0.0133,0.0133,0.0133,0.0133,0.0133,0.0133,0.0133,0.0133,0.0133,0.0133,0.0133,0.0134,0.0134,0.0134,0.0134,0.0134,0.0134,0.0134,0.0134,0.0134,0.0134,0.0134,0.0134,0.0134,0.0134,0.0134,0.0134,0.0134,0.0134,0.0134,0.0134,0.0134,0.0134,0.0134,0.0134,0.0134,0.0134,0.0134,0.0134,0.0134,0.0134,0.0134,0.0134,0.0134,0.0134,0.0135,0.0135,0.0135,0.0135,0.0135,0.0135,0.0135,0.0135,0.0135,0.0135,0.0135,0.0135,0.0135,0.0135,0.0135,0.0135,0.0135,0.0135,0.0135
45129.7083333,0.0040,0.0040,0.0040,0.0040,0.0040,0.0040,0.0041,0.0048,0.0048,0.0048,0.0048,0.0048,0.0048,0.0053,0.0053,0.0053,0.0053,0.0053,0.0053,0.0053,0.0053,0.0053,0.0053,0.0053,0.0053,0.0053,0.0054,0.0054,0.0054,0.0054,0.0054,0.0054,0.0054,0.0054,0.0054,0.0055,0.0055,0.0055,0.0055,0.0058,0.0058,0.0058,0.0058,0.0058,0.0059,0.0059,0.0059,0.0062,0.0062,0.0062,0.0063,0.0063,0.0063,0.0063,0.0063,0.0063,0.0063,0.0063,0.0064,0.0064,0.0064,0.0064,0.0064,0.0064,0.0064,0.0064,0.0064,0.0066,0.0066,0.0066,0.0066,0.0066,0.0066,0.0066,0.0066,0.0066,0.0066,0.0068,0.0068,0.0068,0.0068,0.0068,0.0068,0.0069,0.0069,0.0069,0.0069,0.0069,0.0069,0.0069,0.0070,0.0070,0.0070,0.0070,0.0070,0.0070,0.0070,0.0070,0.0070,0.0070,0.0070,0.0070,0.0102,0.0102,0.0102,0.0102,0.0102,0.0106,0.0106,0.0107,0.0107,0.0107,0.0108,0.0108,0.0108,0.0108,0.0108,0.0108,0.0109,0.0109,0.0109,0.0109,0.0109,0.0109,0.0110,0.0110,0.0110,0.0110,0.0110,0.0110,0.0110,0.0110,0.0110,0.0110,0.0111,0.0111,0.0111,0.0111,0.0111,0.0111,0.0111,0.0111,0.0111,0.0112,0.0112,0.0112,0.0112,0.0112,0.0112,0.0112,0.0112,0.0112,0.0112,0.0112,0.0112,0.0112,0.0112,0.0112,0.0118,0.0118,0.0118,0.0120,0.0123,0.0123,0.0123,0.0123,0.0123,0.0123,0.0123,0.0123,0.0123,0.0133,0.0133,0.0133,0.0133,0.0133,0.0133,0.0133,0.0133,0.0133,0.0133,0.0133,0.0133,0.0134,0.0134,0.0134,0.0134,0.0134,0.0134,0.0134,0.0134,0.0134,0.0134,0.0134,0.0134,0.0134,0.0134,0.0134,0.0134,0.0134,0.0134,0.0134,0.0134,0.0134,0.0134,0.0134,0.0134,0.0134,0.0134,0.0134,0.0134,0.0134,0.0134,0.0134,0.0134,0.0134,0.0134,0.0134,0.0134,0.0134,0.0134,0.0134,0.0134,0.0134,0.0134,0.0134,0.0134,0.0134,0.0134,0.0135,0.0135,0.0135,0.0135,0.0135,0.0135,0.0135
45129.7500000,0.0040,0.0040,0.0040,0.0040,0.0040,0.0040,0.0041,0.0048,0.0048,0.0048,0.0048,0.0048,0.0048,0.0053,0.0053,0.0053,0.0053,0.0053,0.0053,0.0053,0.0053,0.0053,0.0053,0.0053,0.0053,0.0053,0.0054,0.0054,0.0054,0.0054,0.0054,0.0054,0.0054,0.0054,0.0054,0.0055,0.0055,0.0055,0.0055,0.0058,0.0058,0.0058,0.0058,0.0058,0.0059,0.0059,0.0059,0.0062,0.0062,0.0062,0.0063,0.0063,0.0063,0.0063,0.0063,0.0063,0.0063,0.0063,0.0064,0.0064,0.0064,0.0064,0.0064,0.0064,0.0064,0.0064,0.0064,0.0066,0.0066,0.0066,0.0066,0.0066,0.0066,0.0066,0.0066,0.0066,0.0066,0.0068,0.0068,0.0068,0.0068,0.0068,0.0068,0.0069,0.0069,0.0069,0.0069,0.0069,0.0069,0.0069,0.0070,0.0070,0.0070,0.0070,0.0070,0.0070,0.0070,0.0070,0.0070,0.0070,0.0070,0.0070,0.0102,0.0102,0.0102,0.0102,0.0102,0.0106,0.0106,0.0107,0.0107,0.0107,0.0108,0.0108,0.0108,0.0108,0.0108,0.0108,0.0109,0.0109,0.0109,0.0109,0.0109,0.0109,0.0110,0.0110,0.0110,0.0110,0.0110,0.0110,0.0110,0.0110,0.0110,0.0110,0.0111,0.0111,0.0111,0.0111,0.0111,0.0111,0.0111,0.0111,0.0111,0.0112,0.0112,0.0112,0.0112,0.0112,0.0112,0.0112,0.0112,0.0112,0.0112,0.0112,0.0112,0.0112,0.0112,0.0112,0.0118,0.0118,0.0118,0.0120,0.0123,0.0123,0.0123,0.0123,0.0123,0.0123,0.0123,0.0123,0.0123,0.0133,0.0133,0.0133,0.0133,0.0133,0.0133,0.0133,0.0133,0.0133,0.0133,0.0133,0.0133,0.0133,0.0133,0.0133,0.0134,0.0134,0.0134,0.0134,0.0134,0.0134,0.0134,0.0134,0.0134,0.0134,0.0134,0.0134,0.0134,0.0134,0.0134,0.0134,0.0134,0.0134,0.0134,0.0134,0.0134,0.0134,0.0134,0.0134,0.0134,0.0134,0.0134,0.0134,0.0134,0.0134,0.0134,0.0134,0.0134,0.0134,0.0134,0.0134,0.0134,0.0134,0.0134,0.0134,0.0134,0.0134,0.0134,0.0134,0.0134,0.0134,0.0134,0.0134,0.0134,0.0134
45129.7916667,0.0040,0.0040,0.0040,0.0040,0.0040,0.0040,0.0041,0.0048,0.0048,0.0048,0.0048,0.0048,0.0048,0.0053,0.0053,0.0053,0.0053,0.0053,0.0053,0.0053,0.0053,0.0053,0.0053,0.0053,0.0053,0.0053,0.0054,0.0054,0.0054,0.0054,0.0054,0.0054,0.0054,0.0054,0.0054,0.0055,0.0055,0.0055,0.0055,0.0058,0.0058,0.0058,0.0058,0.0058,0.0059,0.0059,0.0059,0.0062,0.0062,0.0062,0.0063,0.0063,0.0063,0.0063,0.0063,0.0063,0.0063,0.0063,0.0064,0.0064,0.0064,0.0064,0.0064,0.0064,0.0064,0.0064,0.0064,0.0066,0.0066,0.0066,0.0066,0.0066,0.0066,0.0066,0.0066,0.0066,0.0066,0.0068,0.0068,0.0068,0.0068,0.0068,0.0068,0.0069,0.0069,0.0069,0.0069,0.0069,0.0069,0.0069,0.0070,0.0070,0.0070,0.0070,0.0070,0.0070,0.0070,0.0070,0.0070,0.0070,0.0070,0.0070,0.0102,0.0102,0.0102,0.0102,0.0102,0.0106,0.0106,0.0107,0.0107,0.0107,0.0108,0.0108,0.0108,0.0108,0.0108,0.0108,0.0109,0.0109,0.0109,0.0109,0.0109,0.0109,0.0110,0.0110,0.0110,0.0110,0.0110,0.0110,0.0110,0.0110,0.0110,0.0110,0.0111,0.0111,0.0111,0.0111,0.0111,0.0111,0.0111,0.0111,0.0111,0.0112,0.0112,0.0112,0.0112,0.0112,0.0112,0.0112,0.0112,0.0112,0.0112,0.0112,0.0112,0.0112,0.0112,0.0112,0.0118,0.0118,0.0118,0.0120,0.0123,0.0123,0.0123,0.0123,0.0123,0.0123,0.0123,0.0123,0.0123,0.0133,0.0133,0.0133,0.0133,0.0133,0.0133,0.0133,0.0133,0.0133,0.0133,0.0133,0.0133,0.0133,0.0133,0.0133,0.0133,0.0133,0.0134,0.0134,0.0134,0.0134,0.0134,0.0134,0.0134,0.0134,0.0134,0.0134,0.0134,0.0134,0.0134,0.0134,0.0134,0.0134,0.0134,0.0134,0.0134,0.0134,0.0134,0.0134,0.0134,0.0134,0.0134,0.0134,0.0134,0.0134,0.0134,0.0134,0.0134,0.0134,0.0134,0.0134,0.0134,0.0134,0.0134,0.0134,0.0134,0.0134,0.0134,0.0134,0.0134,0.0134,0.0134,0.0134,0.0134,0.0134
45129.8333333,0.0040,0.0040,0.0040,0.0040,0.0040,0.0040,0.0041,0.0048,0.0048,0.0048,0.0048,0.0048,0.0048,0.0053,0.0053,0.0053,0.0053,0.0053,0.0053,0.0053,0.0053,0.0053,0.0053,0.0053,0.0053,0.0053,0.0054,0.0054,0.0054,0.0054,0.0054,0.0054,0.0054,0.0054,0.0054,0.0055,0.0055,0.0055,0.0055,0.0058,0.0058,0.0058,0.0058,0.0058,0.0059,0.0059,0.0059,0.0062,0.0062,0.0062,0.0063,0.0063,0.0063,0.0063,0.0063,0.0063,0.0063,0.0063,0.0064,0.0064,0.0064,0.0064,0.0064,0.0064,0.0064,0.0064,0.0064,0.0066,0.0066,0.0066,0.0066,0.0066,0.0066,0.0066,0.0066,0.0066,0.0066,0.0068,0.0068,0.0068,0.0068,0.0068,0.0068,0.0069,0.0069,0.0069,0.0069,0.0069,0.0069,0.0069,0.0070,0.0070,0.0070,0.0070,0.0070,0.0070,0.0070,0.0070,0.0070,0.0070,0.0070,0.0070,0.0102,0.0102,0.0102,0.0102,0.0102,0.0106,0.0106,0.0107,0.0107,0.0107,0.0108,0.0108,0.0108,0.0108,0.0108,0.0108,0.0109,0.0109,0.0109,0.0109,0.0109,0.0109,0.0110,0.0110,0.0110,0.0110,0.0110,0.0110,0.0110,0.0110,0.0110,0.0110,0.0111,0.0111,0.0111,0.0111,0.0111,0.0111,0.0111,0.0111,0.0111,0.0112,0.0112,0.0112,0.0112,0.0112,0.0112,0.0112,0.0112,0.0112,0.0112,0.0112,0.0112,0.0112,0.0112,0.0112,0.0118,0.0118,0.0118,0.0120,0.0123,0.0123,0.0123,0.0123,0.0123,0.0123,0.0123,0.0123,0.0123,0.0133,0.0133,0.0133,0.0133,0.0133,0.0133,0.0133,0.0133,0.0133,0.0133,0.0133,0.0133,0.0133,0.0133,0.0133,0.0133,0.0133,0.0134,0.0134,0.0134,0.0134,0.0134,0.0134,0.0134,0.0134,0.0134,0.0134,0.0134,0.0134,0.0134,0.0134,0.0134,0.0134,0.0134,0.0134,0.0134,0.0134,0.0134,0.0134,0.0134,0.0134,0.0134,0.0134,0.0134,0.0134,0.0134,0.0134,0.0134,0.0134,0.0134,0.0134,0.0134,0.0134,0.0134,0.0134,0.0134,0.0134,0.0134,0.0134,0.0134,0.0134,0.0134,0.0134,0.0134,0.0134
45129.8750000,0.0040,0.0040,0.0040,0.0040,0.0040,0.0040,0.0041,0.0048,0.0048,0.0048,0.0048,0.0048,0.0048,0.0053,0.0053,0.0053,0.0053,0.0053,0.0053,0.0053,0.0053,0.0053,0.0053,0.0053,0.0053,0.0053,0.0054,0.0054,0.0054,0.0054,0.0054,0.0054,0.0054,0.0054,0.0054,0.0055,0.0055,0.0055,0.0055,0.0058,0.0058,0.0058,0.0058,0.0058,0.0059,0.0059,0.0059,0.0062,0.0062,0.0062,0.0063,0.0063,0.0063,0.0063,0.0063,0.0063,0.0063,0.0063,0.0064,0.0064,0.0064,0.0064,0.0064,0.0064,0.0064,0.0064,0.0064,0.0066,0.0066,0.0066,0.0066,0.0066,0.0066,0.0066,0.0066,0.0066,0.0066,0.0068,0.0068,0.0068,0.0068,0.0068,0.0068,0.0069,0.0069,0.0069,0.0069,0.0069,0.0069,0.0069,0.0070,0.0070,0.0070,0.0070,0.0070,0.0070,0.0070,0.0070,0.0070,0.0070,0.0070,0.0070,0.0102,0.0102,0.0102,0.0102,0.0102,0.0106,0.0106,0.0107,0.0107,0.0107,0.0108,0.0108,0.0108,0.0108,0.0108,0.0108,0.0109,0.0109,0.0109,0.0109,0.0109,0.0109,0.0110,0.0110,0.0110,0.0110,0.0110,0.0110,0.0110,0.0110,0.0110,0.0110,0.0111,0.0111,0.0111,0.0111,0.0111,0.0111,0.0111,0.0111,0.0111,0.0112,0.0112,0.0112,0.0112,0.0112,0.0112,0.0112,0.0112,0.0112,0.0112,0.0112,0.0112,0.0112,0.0112,0.0112,0.0118,0.0118,0.0118,0.0120,0.0123,0.0123,0.0123,0.0123,0.0123,0.0123,0.0123,0.0123,0.0123,0.0133,0.0133,0.0133,0.0133,0.0133,0.0133,0.0133,0.0133,0.0133,0.0133,0.0133,0.0133,0.0133,0.0133,0.0133,0.0133,0.0133,0.0134,0.0134,0.0134,0.0134,0.0134,0.0134,0.0134,0.0134,0.0134,0.0134,0.0134,0.0134,0.0134,0.0134,0.0134,0.0134,0.0134,0.0134,0.0134,0.0134,0.0134,0.0134,0.0134,0.0134,0.0134,0.0134,0.0134,0.0134,0.0134,0.0134,0.0134,0.0134,0.0134,0.0134,0.0134,0.0134,0.0134,0.0134,0.0134,0.0134,0.0134,0.0134,0.0134,0.0134,0.0134,0.0134,0.0134,0.0134
45129.9166667,0.0040,0.0040,0.0040,0.0040,0.0040,0.0040,0.0041,0.0048,0.0048,0.0048,0.0048,0.0048,0.0048,0.0053,0.0053,0.0053,0.0053,0.0053,0.0053,0.0053,0.0053,0.0053,0.0053,0.0053,0.0053,0.0053,0.0054,0.0054,0.0054,0.0054,0.0054,0.0054,0.0054,0.0054,0.0054,0.0055,0.0055,0.0055,0.0055,0.0058,0.0058,0.0058,0.0058,0.0058,0.0059,0.0059,0.0059,0.0062,0.0062,0.0062,0.0063,0.0063,0.0063,0.0063,0.0063,0.0063,0.0063,0.0063,0.0064,0.0064,0.0064,0.0064,0.0064,0.0064,0.0064,0.0064,0.0064,0.0066,0.0066,0.0066,0.0066,0.0066,0.0066,0.0066,0.0066,0.0066,0.0066,0.0068,0.0068,0.0068,0.0068,0.0068,0.0068,0.0069,0.0069,0.0069,0.0069,0.0069,0.0069,0.0069,0.0070,0.0070,0.0070,0.0070,0.0070,0.0070,0.0070,0.0070,0.0070,0.0070,0.0070,0.0070,0.0102,0.0102,0.0102,0.0102,0.0102,0.0106,0.0106,0.0107,0.0107,0.0107,0.0108,0.0108,0.0108,0.0108,0.0108,0.0108,0.0109,0.0109,0.0109,0.0109,0.0109,0.0109,0.0110,0.0110,0.0110,0.0110,0.0110,0.0110,0.0110,0.0110,0.0110,0.0110,0.0111,0.0111,0.0111,0.0111,0.0111,0.0111,0.0111,0.0111,0.0111,0.0112,0.0112,0.0112,0.0112,0.0112,0.0112,0.0112,0.0112,0.0112,0.0112,0.0112,0.0112,0.0112,0.0112,0.0112,0.0118,0.0118,0.0118,0.0120,0.0123,0.0123,0.0123,0.0123,0.0123,0.0123,0.0123,0.0123,0.0123,0.0133,0.0133,0.0133,0.0133,0.0133,0.0133,0.0133,0.0133,0.0133,0.0133,0.0133,0.0133,0.0133,0.0133,0.0133,0.0133,0.0133,0.0134,0.0134,0.0134,0.0134,0.0134,0.0134,0.0134,0.0134,0.0134,0.0134,0.0134,0.0134,0.0134,0.0134,0.0134,0.0134,0.0134,0.0134,0.0134,0.0134,0.0134,0.0134,0.0134,0.0134,0.0134,0.0134,0.0134,0.0134,0.0134,0.0134,0.0134,0.0134,0.0134,0.0134,0.0134,0.0134,0.0134,0.0134,0.0134,0.0134,0.0134,0.0134,0.0134,0.0134,0.0134,0.0134,0.0134,0.0134
45129.9583333,0.0040,0.0040,0.0040,0.0040,0.0040,0.0040,0.0041,0.0048,0.0048,0.0048,0.0048,0.0048,0.0048,0.0053,0.0053,0.0053,0.0053,0.0053,0.0053,0.0053,0.0053,0.0053,0.0053,0.0053,0.0053,0.0053,0.0054,0.0054,0.0054,0.0054,0.0054,0.0054,0.0054,0.0054,0.0054,0.0055,0.0055,0.0055,0.0055,0.0058,0.0058,0.0058,0.0058,0.0058,0.0059,0.0059,0.0059,0.0062,0.0062,0.0062,0.0063,0.0063,0.0063,0.0063,0.0063,0.0063,0.0063,0.0063,0.0064,0.0064,0.0064,0.0064,0.0064,0.0064,0.0064,0.0064,0.0064,0.0066,0.0066,0.0066,0.0066,0.0066,0.0066,0.0066,0.0066,0.0066,0.0066,0.0068,0.0068,0.0068,0.0068,0.0068,0.0068,0.0069,0.0069,0.0069,0.0069,0.0069,0.0069,0.0069,0.0070,0.0070,0.0070,0.0070,0.0070,0.0070,0.0070,0.0070,0.0070,0.0070,0.0070,0.0070,0.0102,0.0102,0.0102,0.0102,0.0102,0.0106,0.0106,0.0107,0.0107,0.0107,0.0108,0.0108,0.0108,0.0108,0.0108,0.0108,0.0109,0.0109,0.0109,0.0109,0.0109,0.0109,0.0110,0.0110,0.0110,0.0110,0.0110,0.0110,0.0110,0.0110,0.0110,0.0110,0.0111,0.0111,0.0111,0.0111,0.0111,0.0111,0.0111,0.0111,0.0111,0.0112,0.0112,0.0112,0.0112,0.0112,0.0112,0.0112,0.0112,0.0112,0.0112,0.0112,0.0112,0.0112,0.0112,0.0112,0.0118,0.0118,0.0118,0.0120,0.0123,0.0123,0.0123,0.0123,0.0123,0.0123,0.0123,0.0123,0.0123,0.0133,0.0133,0.0133,0.0133,0.0133,0.0133,0.0133,0.0133,0.0133,0.0133,0.0133,0.0133,0.0133,0.0133,0.0133,0.0133,0.0133,0.0134,0.0134,0.0134,0.0134,0.0134,0.0134,0.0134,0.0134,0.0134,0.0134,0.0134,0.0134,0.0134,0.0134,0.0134,0.0134,0.0134,0.0134,0.0134,0.0134,0.0134,0.0134,0.0134,0.0134,0.0134,0.0134,0.0134,0.0134,0.0134,0.0134,0.0134,0.0134,0.0134,0.0134,0.0134,0.0134,0.0134,0.0134,0.0134,0.0134,0.0134,0.0134,0.0134,0.0134,0.0134,0.0134,0.0134,0.0134
45130.0000000,0.0041,0.0041,0.0041,0.0041,0.0041,0.0041,0.0041,0.0048,0.0048,0.0048,0.0048,0.0048,0.0048,0.0053,0.0053,0.0053,0.0053,0.0053,0.0053,0.0053,0.0053,0.0053,0.0053,0.0053,0.0053,0.0053,0.0054,0.0054,0.0054,0.0054,0.0054,0.0054,0.0054,0.0054,0.0054,0.0055,0.0055,0.0055,0.0055,0.0058,0.0058,0.0058,0.0058,0.0059,0.0059,0.0059,0.0059,0.0062,0.0062,0.0062,0.0063,0.0063,0.0063,0.0063,0.0063,0.0063,0.0063,0.0063,0.0064,0.0064,0.0064,0.0064,0.0064,0.0064,0.0064,0.0064,0.0064,0.0066,0.0066,0.0066,0.0066,0.0066,0.0066,0.0066,0.0066,0.0066,0.0066,0.0068,0.0068,0.0068,0.0068,0.0068,0.0068,0.0069,0.0069,0.0069,0.0069,0.0069,0.0069,0.0070,0.0070,0.0070,0.0070,0.0070,0.0070,0.0070,0.0070,0.0070,0.0070,0.0070,0.0070,0.0070,0.0103,0.0103,0.0103,0.0103,0.0103,0.0107,0.0107,0.0107,0.0107,0.0107,0.0108,0.0108,0.0108,0.0108,0.0108,0.0108,0.0109,0.0109,0.0109,0.0109,0.0109,0.0109,0.0110,0.0110,0.0110,0.0110,0.0110,0.0110,0.0110,0.0110,0.0110,0.0110,0.0111,0.0111,0.0111,0.0111,0.0111,0.0111,0.0111,0.0111,0.0111,0.0112,0.0112,0.0112,0.0112,0.0112,0.0112,0.0112,0.0112,0.0112,0.0112,0.0112,0.0112,0.0112,0.0112,0.0112,0.0118,0.0118,0.0118,0.0120,0.0123,0.0123,0.0123,0.0123,0.0123,0.0123,0.0123,0.0123,0.0123,0.0133,0.0133,0.0133,0.0133,0.0133,0.0133,0.0133,0.0133,0.0133,0.0133,0.0133,0.0133,0.0133,0.0133,0.0133,0.0133,0.0134,0.0134,0.0134,0.0134,0.0134,0.0134,0.0134,0.0134,0.0134,0.0134,0.0134,0.0134,0.0134,0.0134,0.0134,0.0134,0.0134,0.0134,0.0134,0.0134,0.0134,0.0134,0.0134,0.0134,0.0134,0.0134,0.0134,0.0134,0.0134,0.0134,0.0134,0.0134,0.0134,0.0134,0.0134,0.0134,0.0134,0.0134,0.0134,0.0134,0.0134,0.0134,0.0134,0.0134,0.0134,0.0134,0.0134,0.0134,0.0134
45130.0416667,0.0041,0.0041,0.0041,0.0041,0.0041,0.0041,0.0041,0.0048,0.0048,0.0048,0.0048,0.0048,0.0048,0.0053,0.0053,0.0053,0.0053,0.0053,0.0053,0.0053,0.0053,0.0054,0.0054,0.0054,0.0054,0.0054,0.0054,0.0054,0.0054,0.0054,0.0054,0.0054,0.0054,0.0054,0.0054,0.0055,0.0055,0.0055,0.0055,0.0058,0.0058,0.0058,0.0059,0.0059,0.0059,0.0059,0.0059,0.0062,0.0062,0.0062,0.0063,0.0063,0.0063,0.0063,0.0063,0.0063,0.0063,0.0063,0.0064,0.0064,0.0064,0.0064,0.0064,0.0064,0.0064,0.0064,0.0064,0.0066,0.0066,0.0066,0.0066,0.0066,0.0066,0.0066,0.0066,0.0066,0.0066,0.0068,0.0068,0.0068,0.0068,0.0068,0.0068,0.0069,0.0069,0.0069,0.0069,0.0069,0.0069,0.0070,0.0070,0.0070,0.0070,0.0070,0.0070,0.0070,0.0070,0.0070,0.0070,0.0070,0.0070,0.0070,0.0103,0.0103,0.0103,0.0103,0.0103,0.0107,0.0107,0.0107,0.0107,0.0107,0.0108,0.0108,0.0108,0.0109,0.0109,0.0109,0.0109,0.0109,0.0109,0.0109,0.0110,0.0110,0.0110,0.0110,0.0110,0.0110,0.0110,0.0110,0.0110,0.0110,0.0110,0.0110,0.0111,0.0111,0.0111,0.0111,0.0111,0.0111,0.0111,0.0111,0.0111,0.0112,0.0112,0.0112,0.0112,0.0112,0.0112,0.0112,0.0112,0.0112,0.0112,0.0112,0.0112,0.0112,0.0112,0.0112,0.0118,0.0118,0.0118,0.0120,0.0123,0.0123,0.0123,0.0123,0.0123,0.0123,0.0123,0.0123,0.0123,0.0133,0.0133,0.0133,0.0133,0.0133,0.0133,0.0133,0.0133,0.0133,0.0133,0.0133,0.0133,0.0134,0.0134,0.0134,0.0134,0.0134,0.0134,0.0134,0.0134,0.0134,0.0134,0.0134,0.0134,0.0134,0.0134,0.0134,0.0134,0.0134,0.0134,0.0134,0.0134,0.0134,0.0134,0.0134,0.0134,0.0134,0.0134,0.0134,0.0134,0.0134,0.0134,0.0134,0.0134,0.0134,0.0134,0.0134,0.0134,0.0134,0.0134,0.0134,0.0134,0.0134,0.0134,0.0134,0.0134,0.0134,0.0134,0.0134,0.0134,0.0134,0.0134,0.0134,0.0134,0.0134
45130.0833333,0.0041,0.0041,0.0041,0.0041,0.0041,0.0041,0.0041,0.0048,0.0048,0.0048,0.0048,0.0048,0.0048,0.0053,0.0053,0.0053,0.0053,0.0054,0.0054,0.0054,0.0054,0.0054,0.0054,0.0054,0.0054,0.0054,0.0054,0.0054,0.0055,0.0055,0.0055,0.0055,0.0055,0.0055,0.0055,0.0055,0.0055,0.0055,0.0055,0.0058,0.0058,0.0058,0.0059,0.0059,0.0059,0.0059,0.0059,0.0062,0.0062,0.0062,0.0063,0.0063,0.0063,0.0063,0.0063,0.0063,0.0063,0.0063,0.0064,0.0064,0.0064,0.0064,0.0064,0.0064,0.0064,0.0064,0.0064,0.0066,0.0066,0.0066,0.0066,0.0066,0.0066,0.0066,0.0066,0.0066,0.0066,0.0068,0.0068,0.0068,0.0068,0.0068,0.0068,0.0069,0.0069,0.0069,0.0069,0.0069,0.0069,0.0070,0.0070,0.0070,0.0070,0.0070,0.0070,0.0070,0.0070,0.0070,0.0070,0.0070,0.0070,0.0070,0.0103,0.0103,0.0103,0.0103,0.0103,0.0107,0.0107,0.0107,0.0107,0.0107,0.0108,0.0108,0.0109,0.0109,0.0109,0.0109,0.0109,0.0109,0.0109,0.0109,0.0110,0.0110,0.0110,0.0110,0.0110,0.0110,0.0110,0.0110,0.0110,0.0110,0.0110,0.0110,0.0111,0.0111,0.0111,0.0111,0.0111,0.0111,0.0111,0.0111,0.0111,0.0112,0.0112,0.0112,0.0112,0.0112,0.0112,0.0112,0.0112,0.0112,0.0112,0.0112,0.0112,0.0112,0.0112,0.0112,0.0118,0.0118,0.0118,0.0120,0.0123,0.0123,0.0123,0.0123,0.0123,0.0123,0.0123,0.0123,0.0123,0.0133,0.0133,0.0133,0.0133,0.0133,0.0133,0.0133,0.0133,0.0133,0.0133,0.0133,0.0133,0.0134,0.0134,0.0134,0.0134,0.0134,0.0134,0.0134,0.0134,0.0134,0.0134,0.0134,0.0134,0.0134,0.0134,0.0134,0.0134,0.0134,0.0134,0.0134,0.0134,0.0134,0.0134,0.0134,0.0134,0.0134,0.0134,0.0134,0.0134,0.0134,0.0134,0.0134,0.0134,0.0134,0.0134,0.0134,0.0134,0.0134,0.0134,0.0134,0.0134,0.0134,0.0134,0.0134,0.0134,0.0134,0.0134,0.0134,0.0134,0.0134,0.0134,0.0134,0.0134,0.0134
45130.1250000,0.0041,0.0041,0.0041,0.0041,0.0041,0.0041,0.0041,0.0048,0.0048,0.0048,0.0048,0.0048,0.0048,0.0053,0.0053,0.0053,0.0053,0.0054,0.0054,0.0054,0.0054,0.0054,0.0054,0.0054,0.0054,0.0054,0.0054,0.0054,0.0055,0.0055,0.0055,0.0055,0.0055,0.0055,0.0055,0.0055,0.0055,0.0055,0.0055,0.0059,0.0059,0.0059,0.0059,0.0059,0.0059,0.0059,0.0059,0.0062,0.0062,0.0062,0.0063,0.0063,0.0063,0.0063,0.0063,0.0063,0.0063,0.0063,0.0064,0.0064,0.0064,0.0064,0.0064,0.0064,0.0064,0.0064,0.0064,0.0066,0.0066,0.0066,0.0066,0.0066,0.0066,0.0066,0.0066,0.0066,0.0066,0.0068,0.0068,0.0068,0.0068,0.0068,0.0068,0.0069,0.0069,0.0069,0.0069,0.0070,0.0070,0.0070,0.0070,0.0070,0.0070,0.0070,0.0070,0.0070,0.0070,0.0070,0.0070,0.0070,0.0070,0.0071,0.0103,0.0103,0.0103,0.0103,0.0103,0.0107,0.0107,0.0107,0.0107,0.0107,0.0108,0.0108,0.0109,0.0109,0.0109,0.0109,0.0109,0.0109,0.0109,0.0109,0.0110,0.0110,0.0110,0.0110,0.0110,0.0110,0.0110,0.0110,0.0111,0.0111,0.0111,0.0111,0.0111,0.0111,0.0111,0.0111,0.0112,0.0112,0.0112,0.0112,0.0112,0.0112,0.0112,0.0112,0.0112,0.0112,0.0112,0.0112,0.0112,0.0112,0.0112,0.0112,0.0112,0.0112,0.0112,0.0112,0.0118,0.0118,0.0118,0.0120,0.0123,0.0123,0.0123,0.0123,0.0123,0.0123,0.0123,0.0123,0.0123,0.0133,0.0133,0.0133,0.0133,0.0133,0.0133,0.0133,0.0133,0.0133,0.0133,0.0133,0.0133,0.0134,0.0134,0.0134,0.0134,0.0134,0.0134,0.0134,0.0134,0.0134,0.0134,0.0134,0.0134,0.0134,0.0134,0.0134,0.0134,0.0134,0.0134,0.0134,0.0134,0.0134,0.0134,0.0134,0.0134,0.0134,0.0134,0.0134,0.0134,0.0134,0.0134,0.0134,0.0134,0.0134,0.0134,0.0134,0.0134,0.0134,0.0134,0.0134,0.0134,0.0134,0.0134,0.0134,0.0134,0.0134,0.0134,0.0134,0.0134,0.0134,0.0134,0.0134,0.0134,0.0134
45130.1666667,0.0041,0.0041,0.0041,0.0041,0.0041,0.0041,0.0041,0.0048,0.0048,0.0048,0.0048,0.0048,0.0048,0.0053,0.0053,0.0053,0.0053,0.0054,0.0054,0.0054,0.0054,0.0054,0.0054,0.0054,0.0054,0.0054,0.0054,0.0054,0.0055,0.0055,0.0055,0.0055,0.0055,0.0055,0.0055,0.0055,0.0055,0.0055,0.0055,0.0059,0.0059,0.0059,0.0059,0.0059,0.0059,0.0059,0.0059,0.0063,0.0063,0.0063,0.0063,0.0063,0.0063,0.0064,0.0064,0.0064,0.0064,0.0064,0.0064,0.0064,0.0064,0.0064,0.0064,0.0064,0.0064,0.0064,0.0064,0.0066,0.0066,0.0066,0.0066,0.0066,0.0066,0.0066,0.0066,0.0066,0.0066,0.0068,0.0068,0.0068,0.0068,0.0068,0.0068,0.0069,0.0069,0.0069,0.0069,0.0070,0.0070,0.0070,0.0070,0.0070,0.0070,0.0070,0.0070,0.0070,0.0070,0.0070,0.0070,0.0071,0.0071,0.0071,0.0103,0.0103,0.0103,0.0103,0.0103,0.0107,0.0107,0.0107,0.0107,0.0107,0.0108,0.0108,0.0109,0.0109,0.0109,0.0109,0.0109,0.0109,0.0109,0.0109,0.0110,0.0110,0.0110,0.0110,0.0110,0.0110,0.0110,0.0111,0.0111,0.0111,0.0111,0.0111,0.0111,0.0111,0.0111,0.0111,0.0112,0.0112,0.0112,0.0112,0.0112,0.0112,0.0112,0.0112,0.0112,0.0112,0.0112,0.0112,0.0112,0.0112,0.0112,0.0112,0.0112,0.0112,0.0113,0.0113,0.0118,0.0118,0.0118,0.0120,0.0123,0.0123,0.0123,0.0123,0.0123,0.0123,0.0123,0.0123,0.0123,0.0133,0.0133,0.0133,0.0133,0.0133,0.0133,0.0133,0.0133,0.0133,0.0133,0.0133,0.0133,0.0134,0.0134,0.0134,0.0134,0.0134,0.0134,0.0134,0.0134,0.0134,0.0134,0.0134,0.0134,0.0134,0.0134,0.0134,0.0134,0.0134,0.0134,0.0134,0.0134,0.0134,0.0134,0.0134,0.0134,0.0134,0.0134,0.0134,0.0134,0.0134,0.0134,0.0134,0.0134,0.0134,0.0134,0.0134,0.0134,0.0134,0.0134,0.0134,0.0134,0.0134,0.0134,0.0134,0.0134,0.0134,0.0134,0.0134,0.0134,0.0134,0.0134,0.0134,0.0134,0.0134
45130.2083333,0.0041,0.0041,0.0041,0.0041,0.0041,0.0041,0.0041,0.0048,0.0048,0.0048,0.0048,0.0048,0.0048,0.0053,0.0053,0.0053,0.0053,0.0054,0.0054,0.0054,0.0054,0.0054,0.0054,0.0054,0.0054,0.0054,0.0054,0.0054,0.0055,0.0055,0.0055,0.0055,0.0055,0.0055,0.0055,0.0055,0.0055,0.0055,0.0055,0.0059,0.0059,0.0059,0.0059,0.0059,0.0059,0.0059,0.0059,0.0063,0.0063,0.0063,0.0063,0.0064,0.0064,0.0064,0.0064,0.0064,0.0064,0.0064,0.0064,0.0064,0.0064,0.0064,0.0064,0.0064,0.0064,0.0064,0.0065,0.0066,0.0066,0.0066,0.0066,0.0066,0.0066,0.0066,0.0066,0.0067,0.0067,0.0068,0.0068,0.0068,0.0068,0.0068,0.0068,0.0069,0.0069,0.0069,0.0070,0.0070,0.0070,0.0070,0.0070,0.0070,0.0070,0.0070,0.0070,0.0071,0.0071,0.0071,0.0071,0.0071,0.0071,0.0071,0.0103,0.0103,0.0103,0.0103,0.0103,0.0107,0.0107,0.0107,0.0107,0.0107,0.0109,0.0109,0.0109,0.0109,0.0109,0.0109,0.0109,0.0109,0.0109,0.0109,0.0110,0.0110,0.0110,0.0110,0.0110,0.0110,0.0110,0.0111,0.0111,0.0111,0.0111,0.0111,0.0111,0.0111,0.0111,0.0111,0.0112,0.0112,0.0112,0.0112,0.0112,0.0112,0.0112,0.0112,0.0112,0.0112,0.0112,0.0112,0.0113,0.0113,0.0113,0.0113,0.0113,0.0113,0.0113,0.0113,0.0118,0.0118,0.0118,0.0120,0.0123,0.0123,0.0123,0.0123,0.0123,0.0123,0.0123,0.0124,0.0124,0.0133,0.0133,0.0133,0.0133,0.0133,0.0133,0.0133,0.0133,0.0133,0.0133,0.0133,0.0133,0.0134,0.0134,0.0134,0.0134,0.0134,0.0134,0.0134,0.0134,0.0134,0.0134,0.0134,0.0134,0.0134,0.0134,0.0134,0.0134,0.0134,0.0134,0.0134,0.0134,0.0134,0.0134,0.0134,0.0134,0.0134,0.0134,0.0134,0.0134,0.0134,0.0134,0.0134,0.0134,0.0134,0.0134,0.0134,0.0134,0.0134,0.0134,0.0134,0.0134,0.0134,0.0134,0.0134,0.0134,0.0134,0.0134,0.0134,0.0134,0.0134,0.0134,0.0134,0.0134,0.0134
45130.2500000,0.0041,0.0041,0.0041,0.0041,0.0041,0.0041,0.0041,0.0048,0.0048,0.0048,0.0048,0.0048,0.0048,0.0053,0.0053,0.0053,0.0053,0.0054,0.0054,0.0054,0.0054,0.0054,0.0054,0.0054,0.0054,0.0054,0.0054,0.0054,0.0055,0.0055,0.0055,0.0055,0.0055,0.0055,0.0055,0.0055,0.0055,0.0055,0.0055,0.0059,0.0059,0.0059,0.0059,0.0059,0.0059,0.0059,0.0059,0.0063,0.0063,0.0063,0.0064,0.0064,0.0064,0.0064,0.0064,0.0064,0.0064,0.0064,0.0065,0.0065,0.0065,0.0065,0.0065,0.0065,0.0065,0.0065,0.0065,0.0067,0.0066,0.0066,0.0066,0.0066,0.0066,0.0067,0.0067,0.0067,0.0067,0.0068,0.0068,0.0068,0.0068,0.0068,0.0068,0.0069,0.0069,0.0070,0.0070,0.0070,0.0070,0.0070,0.0070,0.0070,0.0070,0.0070,0.0070,0.0071,0.0071,0.0071,0.0071,0.0071,0.0071,0.0071,0.0103,0.0103,0.0103,0.0103,0.0103,0.0107,0.0107,0.0107,0.0107,0.0107,0.0109,0.0109,0.0109,0.0109,0.0109,0.0109,0.0109,0.0109,0.0109,0.0109,0.0110,0.0110,0.0110,0.0110,0.0110,0.0110,0.0110,0.0111,0.0111,0.0111,0.0111,0.0111,0.0111,0.0111,0.0111,0.0111,0.0112,0.0112,0.0112,0.0112,0.0112,0.0112,0.0112,0.0112,0.0112,0.0112,0.0112,0.0112,0.0113,0.0113,0.0113,0.0113,0.0113,0.0113,0.0113,0.0113,0.0118,0.0118,0.0118,0.0120,0.0123,0.0123,0.0123,0.0123,0.0123,0.0124,0.0124,0.0124,0.0124,0.0133,0.0133,0.0133,0.0134,0.0134,0.0134,0.0134,0.0134,0.0134,0.0134,0.0134,0.0134,0.0134,0.0134,0.0134,0.0134,0.0134,0.0134,0.0134,0.0134,0.0134,0.0134,0.0134,0.0134,0.0134,0.0134,0.0134,0.0134,0.0134,0.0134,0.0134,0.0134,0.0134,0.0134,0.0134,0.0134,0.0134,0.0134,0.0134,0.0134,0.0134,0.0134,0.0134,0.0134,0.0134,0.0134,0.0134,0.0134,0.0134,0.0134,0.0134,0.0134,0.0134,0.0134,0.0134,0.0134,0.0134,0.0134,0.0134,0.0134,0.0134,0.0134,0.0134,0.0134,0.0134
45130.2916667,0.0041,0.0041,0.0041,0.0041,0.0041,0.0041,0.0041,0.0048,0.0048,0.0048,0.0048,0.0048,0.0048,0.0053,0.0053,0.0053,0.0053,0.0054,0.0054,0.0054,0.0054,0.0054,0.0054,0.0054,0.0054,0.0054,0.0054,0.0054,0.0055,0.0055,0.0055,0.0055,0.0055,0.0055,0.0055,0.0055,0.0055,0.0055,0.0055,0.0059,0.0059,0.0059,0.0059,0.0059,0.0059,0.0059,0.0059,0.0063,0.0063,0.0063,0.0064,0.0064,0.0064,0.0064,0.0064,0.0064,0.0064,0.0064,0.0065,0.0065,0.0065,0.0065,0.0065,0.0065,0.0065,0.0065,0.0065,0.0067,0.0067,0.0067,0.0067,0.0067,0.0067,0.0067,0.0067,0.0067,0.0067,0.0068,0.0068,0.0068,0.0068,0.0069,0.0069,0.0070,0.0070,0.0070,0.0070,0.0070,0.0070,0.0070,0.0070,0.0071,0.0071,0.0071,0.0071,0.0071,0.0071,0.0071,0.0071,0.0071,0.0071,0.0071,0.0103,0.0103,0.0103,0.0103,0.0103,0.0107,0.0107,0.0107,0.0107,0.0107,0.0109,0.0109,0.0109,0.0109,0.0109,0.0109,0.0109,0.0109,0.0109,0.0109,0.0110,0.0110,0.0110,0.0110,0.0110,0.0110,0.0110,0.0111,0.0111,0.0111,0.0111,0.0111,0.0111,0.0111,0.0111,0.0111,0.0112,0.0112,0.0112,0.0112,0.0112,0.0112,0.0112,0.0112,0.0112,0.0112,0.0112,0.0113,0.0113,0.0113,0.0113,0.0113,0.0113,0.0113,0.0113,0.0113,0.0118,0.0118,0.0118,0.0120,0.0123,0.0123,0.0123,0.0123,0.0124,0.0124,0.0124,0.0124,0.0124,0.0133,0.0133,0.0133,0.0134,0.0134,0.0134,0.0134,0.0134,0.0134,0.0134,0.0134,0.0134,0.0134,0.0134,0.0134,0.0134,0.0134,0.0134,0.0134,0.0134,0.0134,0.0134,0.0134,0.0134,0.0134,0.0134,0.0134,0.0134,0.0134,0.0134,0.0134,0.0134,0.0134,0.0134,0.0134,0.0134,0.0134,0.0134,0.0134,0.0134,0.0134,0.0134,0.0134,0.0134,0.0134,0.0134,0.0134,0.0134,0.0134,0.0134,0.0134,0.0134,0.0134,0.0134,0.0134,0.0134,0.0134,0.0134,0.0134,0.0134,0.0134,0.0134,0.0134,0.0134,0.0134
45130.3333333,0.0041,0.0041,0.0041,0.0041,0.0041,0.0041,0.0041,0.0048,0.0048,0.0048,0.0048,0.0048,0.0048,0.0053,0.0053,0.0053,0.0053,0.0054,0.0054,0.0054,0.0054,0.0054,0.0054,0.0054,0.0054,0.0054,0.0054,0.0054,0.0055,0.0055,0.0055,0.0055,0.0055,0.0055,0.0055,0.0055,0.0055,0.0055,0.0055,0.0059,0.0059,0.0059,0.0059,0.0059,0.0059,0.0059,0.0059,0.0063,0.0063,0.0063,0.0064,0.0064,0.0064,0.0064,0.0064,0.0064,0.0064,0.0064,0.0065,0.0065,0.0065,0.0065,0.0065,0.0065,0.0065,0.0065,0.0065,0.0067,0.0067,0.0067,0.0067,0.0067,0.0067,0.0067,0.0067,0.0067,0.0067,0.0068,0.0068,0.0069,0.0069,0.0069,0.0069,0.0070,0.0070,0.0070,0.0070,0.0070,0.0070,0.0070,0.0070,0.0071,0.0071,0.0071,0.0071,0.0071,0.0071,0.0071,0.0071,0.0071,0.0071,0.0071,0.0103,0.0103,0.0103,0.0103,0.0103,0.0107,0.0107,0.0107,0.0107,0.0107,0.0109,0.0109,0.0109,0.0109,0.0109,0.0109,0.0109,0.0109,0.0109,0.0109,0.0110,0.0110,0.0110,0.0110,0.0110,0.0110,0.0111,0.0111,0.0111,0.0111,0.0111,0.0111,0.0111,0.0111,0.0111,0.0111,0.0112,0.0112,0.0112,0.0112,0.0112,0.0112,0.0112,0.0112,0.0112,0.0112,0.0113,0.0113,0.0113,0.0113,0.0113,0.0113,0.0113,0.0113,0.0113,0.0113,0.0118,0.0118,0.0118,0.0120,0.0123,0.0123,0.0123,0.0123,0.0124,0.0124,0.0124,0.0124,0.0124,0.0133,0.0133,0.0134,0.0134,0.0134,0.0134,0.0134,0.0134,0.0134,0.0134,0.0134,0.0134,0.0134,0.0134,0.0134,0.0134,0.0134,0.0134,0.0134,0.0134,0.0134,0.0134,0.0134,0.0134,0.0134,0.0134,0.0134,0.0134,0.0134,0.0134,0.0134,0.0134,0.0134,0.0134,0.0134,0.0134,0.0134,0.0134,0.0134,0.0134,0.0134,0.0134,0.0134,0.0134,0.0134,0.0134,0.0134,0.0134,0.0134,0.0134,0.0134,0.0134,0.0134,0.0134,0.0134,0.0134,0.0135,0.0135,0.0135,0.0135,0.0135,0.0135,0.0135,0.0135,0.0135
45130.3750000,0.0041,0.0041,0.0041,0.0041,0.0041,0.0041,0.0041,0.0048,0.0048,0.0048,0.0048,0.0048,0.0048,0.0053,0.0053,0.0053,0.0053,0.0054,0.0054,0.0054,0.0054,0.0054,0.0054,0.0054,0.0054,0.0054,0.0054,0.0054,0.0055,0.0055,0.0055,0.0055,0.0055,0.0055,0.0055,0.0055,0.0055,0.0055,0.0055,0.0059,0.0059,0.0059,0.0059,0.0059,0.0059,0.0059,0.0059,0.0063,0.0063,0.0063,0.0064,0.0064,0.0064,0.0064,0.0064,0.0064,0.0064,0.0064,0.0065,0.0065,0.0065,0.0065,0.0065,0.0065,0.0065,0.0065,0.0065,0.0067,0.0067,0.0067,0.0067,0.0067,0.0067,0.0067,0.0067,0.0067,0.0067,0.0068,0.0068,0.0069,0.0069,0.0069,0.0069,0.0070,0.0070,0.0070,0.0070,0.0070,0.0070,0.0070,0.0070,0.0071,0.0071,0.0071,0.0071,0.0071,0.0071,0.0071,0.0071,0.0071,0.0071,0.0071,0.0103,0.0103,0.0103,0.0103,0.0103,0.0107,0.0107,0.0108,0.0108,0.0108,0.0109,0.0109,0.0109,0.0109,0.0109,0.0109,0.0109,0.0109,0.0109,0.0109,0.0110,0.0110,0.0110,0.0110,0.0110,0.0111,0.0111,0.0111,0.0111,0.0111,0.0111,0.0111,0.0111,0.0111,0.0111,0.0112,0.0112,0.0112,0.0112,0.0112,0.0112,0.0112,0.0112,0.0112,0.0112,0.0113,0.0113,0.0113,0.0113,0.0113,0.0113,0.0113,0.0113,0.0113,0.0113,0.0113,0.0119,0.0119,0.0119,0.0120,0.0123,0.0123,0.0123,0.0124,0.0124,0.0124,0.0124,0.0124,0.0124,0.0133,0.0134,0.0134,0.0134,0.0134,0.0134,0.0134,0.0134,0.0134,0.0134,0.0134,0.0134,0.0134,0.0134,0.0134,0.0134,0.0134,0.0134,0.0134,0.0134,0.0134,0.0134,0.0134,0.0134,0.0134,0.0134,0.0134,0.0134,0.0134,0.0134,0.0134,0.0134,0.0134,0.0134,0.0134,0.0134,0.0134,0.0134,0.0134,0.0134,0.0134,0.0134,0.0135,0.0135,0.0135,0.0135,0.0135,0.0135,0.0135,0.0135,0.0135,0.0135,0.0135,0.0135,0.0135,0.0135,0.0135,0.0135,0.0135,0.0135,0.0135,0.0135,0.0135,0.0135,0.0135
45130.4166667,0.0041,0.0041,0.0041,0.0041,0.0041,0.0041,0.0041,0.0048,0.0048,0.0048,0.0048,0.0048,0.0048,0.0053,0.0053,0.0053,0.0053,0.0054,0.0054,0.0054,0.0054,0.0054,0.0054,0.0054,0.0054,0.0054,0.0054,0.0054,0.0055,0.0055,0.0055,0.0055,0.0055,0.0055,0.0055,0.0055,0.0055,0.0055,0.0055,0.0059,0.0059,0.0059,0.0059,0.0059,0.0059,0.0059,0.0059,0.0063,0.0063,0.0063,0.0064,0.0064,0.0064,0.0064,0.0064,0.0064,0.0064,0.0064,0.0065,0.0065,0.0065,0.0065,0.0065,0.0065,0.0065,0.0065,0.0065,0.0067,0.0067,0.0067,0.0067,0.0067,0.0067,0.0067,0.0067,0.0067,0.0067,0.0068,0.0068,0.0069,0.0069,0.0069,0.0069,0.0070,0.0070,0.0070,0.0070,0.0070,0.0070,0.0070,0.0070,0.0071,0.0071,0.0071,0.0071,0.0071,0.0071,0.0071,0.0071,0.0071,0.0071,0.0071,0.0103,0.0103,0.0103,0.0103,0.0103,0.0108,0.0108,0.0108,0.0108,0.0108,0.0109,0.0109,0.0109,0.0109,0.0109,0.0109,0.0110,0.0110,0.0110,0.0110,0.0110,0.0110,0.0110,0.0110,0.0110,0.0111,0.0111,0.0111,0.0111,0.0111,0.0111,0.0111,0.0111,0.0111,0.0111,0.0112,0.0112,0.0112,0.0112,0.0112,0.0112,0.0112,0.0112,0.0112,0.0112,0.0113,0.0113,0.0113,0.0113,0.0113,0.0113,0.0113,0.0113,0.0113,0.0113,0.0113,0.0119,0.0119,0.0119,0.0120,0.0123,0.0123,0.0123,0.0124,0.0124,0.0124,0.0124,0.0124,0.0124,0.0133,0.0134,0.0134,0.0134,0.0134,0.0134,0.0134,0.0134,0.0134,0.0134,0.0134,0.0134,0.0134,0.0134,0.0134,0.0134,0.0134,0.0134,0.0134,0.0134,0.0134,0.0134,0.0134,0.0134,0.0134,0.0134,0.0134,0.0134,0.0134,0.0134,0.0134,0.0134,0.0134,0.0134,0.0134,0.0134,0.0134,0.0134,0.0134,0.0134,0.0135,0.0135,0.0135,0.0135,0.0135,0.0135,0.0135,0.0135,0.0135,0.0135,0.0135,0.0135,0.0135,0.0135,0.0135,0.0135,0.0135,0.0135,0.0135,0.0135,0.0135,0.0135,0.0135,0.0135,0.0135
45130.4583333,0.0041,0.0041,0.0041,0.0041,0.0041,0.0041,0.0041,0.0048,0.0048,0.0048,0.0048,0.0048,0.0048,0.0053,0.0053,0.0053,0.0053,0.0054,0.0054,0.0054,0.0054,0.0054,0.0054,0.0054,0.0054,0.0054,0.0054,0.0054,0.0055,0.0055,0.0055,0.0055,0.0055,0.0055,0.0055,0.0055,0.0055,0.0055,0.0055,0.0059,0.0059,0.0059,0.0059,0.0059,0.0059,0.0059,0.0059,0.0063,0.0063,0.0063,0.0064,0.0064,0.0064,0.0064,0.0064,0.0064,0.0064,0.0064,0.0065,0.0065,0.0065,0.0065,0.0065,0.0065,0.0065,0.0065,0.0065,0.0067,0.0067,0.0067,0.0067,0.0067,0.0067,0.0067,0.0067,0.0067,0.0067,0.0068,0.0068,0.0069,0.0069,0.0069,0.0069,0.0070,0.0070,0.0070,0.0070,0.0070,0.0070,0.0070,0.0070,0.0071,0.0071,0.0071,0.0071,0.0071,0.0071,0.0071,0.0071,0.0071,0.0071,0.0071,0.0103,0.0103,0.0103,0.0103,0.0104,0.0108,0.0108,0.0108,0.0108,0.0108,0.0109,0.0109,0.0109,0.0109,0.0110,0.0110,0.0110,0.0110,0.0110,0.0110,0.0111,0.0111,0.0111,0.0111,0.0111,0.0111,0.0111,0.0111,0.0111,0.0111,0.0111,0.0111,0.0112,0.0112,0.0112,0.0112,0.0112,0.0112,0.0112,0.0112,0.0112,0.0112,0.0112,0.0112,0.0112,0.0113,0.0113,0.0113,0.0113,0.0113,0.0113,0.0113,0.0113,0.0113,0.0113,0.0113,0.0119,0.0119,0.0119,0.0120,0.0123,0.0123,0.0124,0.0124,0.0124,0.0124,0.0124,0.0124,0.0124,0.0133,0.0134,0.0134,0.0134,0.0134,0.0134,0.0134,0.0134,0.0134,0.0134,0.0134,0.0134,0.0134,0.0134,0.0134,0.0134,0.0134,0.0134,0.0134,0.0134,0.0134,0.0134,0.0134,0.0134,0.0134,0.0134,0.0134,0.0134,0.0134,0.0134,0.0134,0.0134,0.0134,0.0134,0.0134,0.0134,0.0134,0.0134,0.0134,0.0135,0.0135,0.0135,0.0135,0.0135,0.0135,0.0135,0.0135,0.0135,0.0135,0.0135,0.0135,0.0135,0.0135,0.0135,0.0135,0.0135,0.0135,0.0135,0.0135,0.0135,0.0135,0.0135,0.0135,0.0135,0.0135
45130.5000000,0.0041,0.0041,0.0041,0.0041,0.0041,0.0041,0.0041,0.0048,0.0048,0.0048,0.0048,0.0048,0.0048,0.0053,0.0053,0.0053,0.0053,0.0054,0.0054,0.0054,0.0054,0.0054,0.0054,0.0054,0.0054,0.0054,0.0054,0.0054,0.0055,0.0055,0.0055,0.0055,0.0055,0.0055,0.0055,0.0055,0.0055,0.0055,0.0055,0.0059,0.0059,0.0059,0.0059,0.0059,0.0059,0.0059,0.0059,0.0063,0.0063,0.0063,0.0064,0.0064,0.0064,0.0064,0.0064,0.0064,0.0064,0.0064,0.0065,0.0065,0.0065,0.0065,0.0065,0.0065,0.0065,0.0065,0.0065,0.0067,0.0067,0.0067,0.0067,0.0067,0.0067,0.0067,0.0067,0.0067,0.0067,0.0068,0.0068,0.0069,0.0069,0.0069,0.0069,0.0070,0.0070,0.0070,0.0070,0.0070,0.0070,0.0070,0.0070,0.0071,0.0071,0.0071,0.0071,0.0071,0.0071,0.0071,0.0071,0.0071,0.0071,0.0071,0.0103,0.0103,0.0103,0.0103,0.0104,0.0108,0.0108,0.0108,0.0108,0.0108,0.0109,0.0109,0.0109,0.0110,0.0110,0.0110,0.0110,0.0110,0.0110,0.0110,0.0111,0.0111,0.0111,0.0111,0.0111,0.0111,0.0111,0.0111,0.0111,0.0111,0.0111,0.0111,0.0112,0.0112,0.0112,0.0112,0.0112,0.0112,0.0112,0.0112,0.0112,0.0112,0.0113,0.0113,0.0113,0.0113,0.0113,0.0113,0.0113,0.0113,0.0113,0.0113,0.0113,0.0113,0.0113,0.0113,0.0119,0.0119,0.0119,0.0121,0.0123,0.0123,0.0124,0.0124,0.0124,0.0124,0.0124,0.0124,0.0124,0.0134,0.0134,0.0134,0.0134,0.0134,0.0134,0.0134,0.0134,0.0134,0.0134,0.0134,0.0134,0.0134,0.0134,0.0134,0.0134,0.0134,0.0134,0.0134,0.0134,0.0134,0.0134,0.0134,0.0134,0.0134,0.0134,0.0134,0.0134,0.0134,0.0134,0.0134,0.0134,0.0134,0.0134,0.0134,0.0134,0.0135,0.0135,0.0135,0.0135,0.0135,0.0135,0.0135,0.0135,0.0135,0.0135,0.0135,0.0135,0.0135,0.0135,0.0135,0.0135,0.0135,0.0135,0.0135,0.0135,0.0135,0.0135,0.0135,0.0135,0.0135,0.0135,0.0135,0.0135,0.0135
45130.5416667,0.0041,0.0041,0.0041,0.0041,0.0041,0.0041,0.0041,0.0048,0.0048,0.0048,0.0048,0.0048,0.0048,0.0053,0.0053,0.0053,0.0053,0.0054,0.0054,0.0054,0.0054,0.0054,0.0054,0.0054,0.0054,0.0054,0.0054,0.0054,0.0055,0.0055,0.0055,0.0055,0.0055,0.0055,0.0055,0.0055,0.0055,0.0055,0.0055,0.0059,0.0059,0.0059,0.0059,0.0059,0.0059,0.0059,0.0059,0.0063,0.0063,0.0063,0.0064,0.0064,0.0064,0.0064,0.0064,0.0064,0.0064,0.0064,0.0065,0.0065,0.0065,0.0065,0.0065,0.0065,0.0065,0.0065,0.0065,0.0067,0.0067,0.0067,0.0067,0.0067,0.0067,0.0067,0.0067,0.0067,0.0067,0.0068,0.0068,0.0069,0.0069,0.0069,0.0069,0.0070,0.0070,0.0070,0.0070,0.0070,0.0070,0.0070,0.0070,0.0071,0.0071,0.0071,0.0071,0.0071,0.0071,0.0071,0.0071,0.0071,0.0071,0.0071,0.0103,0.0103,0.0103,0.0104,0.0104,0.0108,0.0108,0.0108,0.0108,0.0108,0.0109,0.0109,0.0109,0.0110,0.0110,0.0110,0.0110,0.0110,0.0110,0.0110,0.0111,0.0111,0.0111,0.0111,0.0111,0.0111,0.0111,0.0111,0.0111,0.0111,0.0111,0.0111,0.0112,0.0112,0.0112,0.0112,0.0112,0.0112,0.0113,0.0113,0.0113,0.0113,0.0113,0.0113,0.0113,0.0113,0.0113,0.0113,0.0113,0.0113,0.0113,0.0113,0.0113,0.0113,0.0113,0.0113,0.0119,0.0119,0.0119,0.0121,0.0124,0.0124,0.0124,0.0124,0.0124,0.0124,0.0124,0.0124,0.0124,0.0134,0.0134,0.0134,0.0134,0.0134,0.0134,0.0134,0.0134,0.0134,0.0134,0.0134,0.0134,0.0134,0.0134,0.0134,0.0134,0.0134,0.0134,0.0134,0.0134,0.0134,0.0134,0.0134,0.0134,0.0134,0.0134,0.0134,0.0134,0.0134,0.0134,0.0134,0.0134,0.0134,0.0135,0.0135,0.0135,0.0135,0.0135,0.0135,0.0135,0.0135,0.0135,0.0135,0.0135,0.0135,0.0135,0.0135,0.0135,0.0135,0.0135,0.0135,0.0135,0.0135,0.0135,0.0135,0.0135,0.0135,0.0135,0.0135,0.0135,0.0135,0.0135,0.0135,0.0135,0.0135
45130.5833333,0.0041,0.0041,0.0041,0.0041,0.0041,0.0041,0.0041,0.0048,0.0048,0.0048,0.0048,0.0048,0.0048,0.0053,0.0053,0.0053,0.0053,0.0054,0.0054,0.0054,0.0054,0.0054,0.0054,0.0054,0.0054,0.0054,0.0054,0.0054,0.0055,0.0055,0.0055,0.0055,0.0055,0.0055,0.0055,0.0055,0.0055,0.0055,0.0055,0.0059,0.0059,0.0059,0.0059,0.0059,0.0059,0.0059,0.0059,0.0063,0.0063,0.0063,0.0064,0.0064,0.0064,0.0064,0.0064,0.0064,0.0064,0.0064,0.0065,0.0065,0.0065,0.0065,0.0065,0.0065,0.0065,0.0065,0.0065,0.0067,0.0067,0.0067,0.0067,0.0067,0.0067,0.0067,0.0067,0.0067,0.0067,0.0068,0.0068,0.0069,0.0069,0.0069,0.0069,0.0070,0.0070,0.0070,0.0070,0.0070,0.0070,0.0070,0.0070,0.0071,0.0071,0.0071,0.0071,0.0071,0.0071,0.0071,0.0071,0.0071,0.0071,0.0071,0.0103,0.0103,0.0103,0.0104,0.0104,0.0108,0.0108,0.0108,0.0108,0.0108,0.0109,0.0109,0.0109,0.0110,0.0110,0.0110,0.0110,0.0110,0.0110,0.0110,0.0111,0.0111,0.0111,0.0111,0.0111,0.0111,0.0111,0.0111,0.0111,0.0111,0.0111,0.0111,0.0112,0.0112,0.0112,0.0112,0.0113,0.0113,0.0113,0.0113,0.0113,0.0113,0.0113,0.0113,0.0113,0.0113,0.0113,0.0113,0.0113,0.0113,0.0113,0.0113,0.0113,0.0113,0.0114,0.0114,0.0119,0.0119,0.0119,0.0121,0.0124,0.0124,0.0124,0.0124,0.0124,0.0124,0.0124,0.0124,0.0124,0.0134,0.0134,0.0134,0.0134,0.0134,0.0134,0.0134,0.0134,0.0134,0.0134,0.0134,0.0134,0.0134,0.0134,0.0134,0.0134,0.0134,0.0134,0.0134,0.0134,0.0134,0.0134,0.0134,0.0134,0.0135,0.0135,0.0135,0.0135,0.0135,0.0135,0.0135,0.0135,0.0135,0.0135,0.0135,0.0135,0.0135,0.0135,0.0135,0.0135,0.0135,0.0135,0.0135,0.0135,0.0135,0.0135,0.0135,0.0135,0.0135,0.0135,0.0135,0.0135,0.0135,0.0135,0.0135,0.0135,0.0135,0.0135,0.0135,0.0135,0.0135,0.0135,0.0135,0.0135,0.0135
45130.6250000,0.0041,0.0041,0.0041,0.0041,0.0041,0.0041,0.0041,0.0048,0.0048,0.0048,0.0048,0.0048,0.0048,0.0053,0.0053,0.0053,0.0053,0.0054,0.0054,0.0054,0.0054,0.0054,0.0054,0.0054,0.0054,0.0054,0.0054,0.0054,0.0055,0.0055,0.0055,0.0055,0.0055,0.0055,0.0055,0.0055,0.0055,0.0055,0.0055,0.0059,0.0059,0.0059,0.0059,0.0059,0.0059,0.0059,0.0059,0.0063,0.0063,0.0063,0.0064,0.0064,0.0064,0.0064,0.0064,0.0064,0.0064,0.0064,0.0065,0.0065,0.0065,0.0065,0.0065,0.0065,0.0065,0.0065,0.0065,0.0067,0.0067,0.0067,0.0067,0.0067,0.0067,0.0067,0.0067,0.0067,0.0067,0.0068,0.0068,0.0069,0.0069,0.0069,0.0069,0.0070,0.0070,0.0070,0.0070,0.0070,0.0070,0.0070,0.0070,0.0071,0.0071,0.0071,0.0071,0.0071,0.0071,0.0071,0.0071,0.0071,0.0071,0.0071,0.0103,0.0103,0.0103,0.0104,0.0104,0.0108,0.0108,0.0108,0.0108,0.0108,0.0109,0.0109,0.0109,0.0110,0.0110,0.0110,0.0110,0.0110,0.0110,0.0110,0.0111,0.0111,0.0111,0.0111,0.0111,0.0111,0.0111,0.0111,0.0111,0.0111,0.0111,0.0111,0.0112,0.0112,0.0112,0.0112,0.0113,0.0113,0.0113,0.0113,0.0113,0.0113,0.0113,0.0113,0.0113,0.0113,0.0113,0.0113,0.0113,0.0113,0.0113,0.0113,0.0113,0.0113,0.0114,0.0114,0.0119,0.0119,0.0119,0.0121,0.0124,0.0124,0.0124,0.0124,0.0124,0.0124,0.0124,0.0124,0.0124,0.0134,0.0134,0.0134,0.0134,0.0134,0.0134,0.0134,0.0134,0.0134,0.0134,0.0134,0.0134,0.0135,0.0135,0.0135,0.0135,0.0135,0.0135,0.0135,0.0135,0.0135,0.0135,0.0135,0.0135,0.0135,0.0135,0.0135,0.0135,0.0135,0.0135,0.0135,0.0135,0.0135,0.0135,0.0135,0.0135,0.0135,0.0135,0.0135,0.0135,0.0135,0.0135,0.0135,0.0135,0.0135,0.0135,0.0135,0.0135,0.0135,0.0135,0.0135,0.0135,0.0135,0.0135,0.0135,0.0135,0.0135,0.0135,0.0135,0.0135,0.0135,0.0135,0.0135,0.0135,0.0135
45130.6666667,0.0041,0.0041,0.0041,0.0041,0.0041,0.0041,0.0041,0.0048,0.0048,0.0048,0.0048,0.0048,0.0048,0.0053,0.0053,0.0053,0.0053,0.0054,0.0054,0.0054,0.0054,0.0054,0.0054,0.0054,0.0054,0.0054,0.0054,0.0054,0.0055,0.0055,0.0055,0.0055,0.0055,0.0055,0.0055,0.0055,0.0055,0.0055,0.0055,0.0059,0.0059,0.0059,0.0059,0.0059,0.0059,0.0059,0.0059,0.0063,0.0063,0.0063,0.0064,0.0064,0.0064,0.0064,0.0064,0.0064,0.0064,0.0064,0.0065,0.0065,0.0065,0.0065,0.0065,0.0065,0.0065,0.0065,0.0065,0.0067,0.0067,0.0067,0.0067,0.0067,0.0067,0.0067,0.0067,0.0067,0.0067,0.0068,0.0068,0.0069,0.0069,0.0069,0.0069,0.0070,0.0070,0.0070,0.0070,0.0070,0.0070,0.0070,0.0070,0.0071,0.0071,0.0071,0.0071,0.0071,0.0071,0.0071,0.0071,0.0071,0.0071,0.0071,0.0103,0.0103,0.0103,0.0104,0.0104,0.0108,0.0108,0.0108,0.0108,0.0108,0.0109,0.0109,0.0109,0.0110,0.0110,0.0110,0.0110,0.0110,0.0110,0.0110,0.0111,0.0111,0.0111,0.0111,0.0111,0.0111,0.0111,0.0111,0.0111,0.0111,0.0111,0.0111,0.0112,0.0112,0.0112,0.0112,0.0113,0.0113,0.0113,0.0113,0.0113,0.0113,0.0113,0.0113,0.0113,0.0113,0.0113,0.0113,0.0113,0.0113,0.0113,0.0113,0.0113,0.0113,0.0114,0.0114,0.0119,0.0119,0.0119,0.0121,0.0124,0.0124,0.0124,0.0124,0.0124,0.0124,0.0124,0.0124,0.0125,0.0134,0.0134,0.0134,0.0134,0.0134,0.0134,0.0134,0.0134,0.0134,0.0134,0.0134,0.0135,0.0135,0.0135,0.0135,0.0135,0.0135,0.0135,0.0135,0.0135,0.0135,0.0135,0.0135,0.0135,0.0135,0.0135,0.0135,0.0135,0.0135,0.0135,0.0135,0.0135,0.0135,0.0135,0.0135,0.0135,0.0135,0.0135,0.0135,0.0135,0.0135,0.0135,0.0135,0.0135,0.0135,0.0135,0.0135,0.0135,0.0135,0.0135,0.0135,0.0135,0.0135,0.0135,0.0135,0.0135,0.0135,0.0135,0.0135,0.0135,0.0135,0.0135,0.0135,0.0135,0.0135
45130.7083333,0.0041,0.0041,0.0041,0.0041,0.0041,0.0041,0.0041,0.0048,0.0048,0.0048,0.0048,0.0048,0.0048,0.0053,0.0053,0.0053,0.0053,0.0054,0.0054,0.0054,0.0054,0.0054,0.0054,0.0054,0.0054,0.0054,0.0054,0.0054,0.0055,0.0055,0.0055,0.0055,0.0055,0.0055,0.0055,0.0055,0.0055,0.0055,0.0055,0.0059,0.0059,0.0059,0.0059,0.0059,0.0059,0.0059,0.0059,0.0063,0.0063,0.0063,0.0064,0.0064,0.0064,0.0064,0.0064,0.0064,0.0064,0.0064,0.0065,0.0065,0.0065,0.0065,0.0065,0.0065,0.0065,0.0065,0.0065,0.0067,0.0067,0.0067,0.0067,0.0067,0.0067,0.0067,0.0067,0.0067,0.0067,0.0068,0.0068,0.0069,0.0069,0.0069,0.0069,0.0070,0.0070,0.0070,0.0070,0.0070,0.0070,0.0070,0.0070,0.0071,0.0071,0.0071,0.0071,0.0071,0.0071,0.0071,0.0071,0.0071,0.0071,0.0071,0.0103,0.0103,0.0103,0.0104,0.0104,0.0108,0.0108,0.0108,0.0108,0.0108,0.0109,0.0109,0.0109,0.0110,0.0110,0.0110,0.0110,0.0110,0.0110,0.0110,0.0111,0.0111,0.0111,0.0111,0.0111,0.0111,0.0111,0.0111,0.0111,0.0111,0.0111,0.0111,0.0112,0.0112,0.0112,0.0112,0.0113,0.0113,0.0113,0.0113,0.0113,0.0113,0.0113,0.0113,0.0113,0.0113,0.0113,0.0113,0.0113,0.0113,0.0113,0.0113,0.0113,0.0113,0.0114,0.0114,0.0119,0.0119,0.0119,0.0121,0.0124,0.0124,0.0124,0.0124,0.0124,0.0124,0.0124,0.0125,0.0125,0.0134,0.0134,0.0134,0.0134,0.0134,0.0134,0.0134,0.0134,0.0134,0.0135,0.0135,0.0135,0.0135,0.0135,0.0135,0.0135,0.0135,0.0135,0.0135,0.0135,0.0135,0.0135,0.0135,0.0135,0.0135,0.0135,0.0135,0.0135,0.0135,0.0135,0.0135,0.0135,0.0135,0.0135,0.0135,0.0135,0.0135,0.0135,0.0135,0.0135,0.0135,0.0135,0.0135,0.0135,0.0135,0.0135,0.0135,0.0135,0.0135,0.0135,0.0135,0.0135,0.0135,0.0135,0.0135,0.0135,0.0135,0.0135,0.0135,0.0135,0.0135,0.0135,0.0135,0.0135,0.0135
45130.7500000,0.0041,0.0041,0.0041,0.0041,0.0041,0.0041,0.0041,0.0048,0.0048,0.0048,0.0048,0.0048,0.0048,0.0053,0.0053,0.0053,0.0053,0.0054,0.0054,0.0054,0.0054,0.0054,0.0054,0.0054,0.0054,0.0054,0.0054,0.0054,0.0055,0.0055,0.0055,0.0055,0.0055,0.0055,0.0055,0.0055,0.0055,0.0055,0.0055,0.0059,0.0059,0.0059,0.0059,0.0059,0.0059,0.0059,0.0059,0.0063,0.0063,0.0063,0.0064,0.0064,0.0064,0.0064,0.0064,0.0064,0.0064,0.0064,0.0065,0.0065,0.0065,0.0065,0.0065,0.0065,0.0065,0.0065,0.0065,0.0067,0.0067,0.0067,0.0067,0.0067,0.0067,0.0067,0.0067,0.0067,0.0067,0.0068,0.0068,0.0069,0.0069,0.0069,0.0069,0.0070,0.0070,0.0070,0.0070,0.0070,0.0070,0.0070,0.0070,0.0071,0.0071,0.0071,0.0071,0.0071,0.0071,0.0071,0.0071,0.0071,0.0071,0.0071,0.0103,0.0103,0.0103,0.0104,0.0104,0.0108,0.0108,0.0108,0.0108,0.0108,0.0109,0.0109,0.0109,0.0110,0.0110,0.0110,0.0110,0.0110,0.0110,0.0110,0.0111,0.0111,0.0111,0.0111,0.0111,0.0111,0.0111,0.0111,0.0111,0.0111,0.0111,0.0111,0.0112,0.0112,0.0112,0.0112,0.0113,0.0113,0.0113,0.0113,0.0113,0.0113,0.0113,0.0113,0.0113,0.0113,0.0113,0.0113,0.0113,0.0113,0.0113,0.0113,0.0113,0.0113,0.0114,0.0114,0.0119,0.0119,0.0119,0.0121,0.0124,0.0124,0.0124,0.0124,0.0124,0.0124,0.0124,0.0125,0.0125,0.0134,0.0134,0.0134,0.0134,0.0134,0.0134,0.0135,0.0135,0.0135,0.0135,0.0135,0.0135,0.0135,0.0135,0.0135,0.0135,0.0135,0.0135,0.0135,0.0135,0.0135,0.0135,0.0135,0.0135,0.0135,0.0135,0.0135,0.0135,0.0135,0.0135,0.0135,0.0135,0.0135,0.0135,0.0135,0.0135,0.0135,0.0135,0.0135,0.0135,0.0135,0.0135,0.0135,0.0135,0.0135,0.0135,0.0135,0.0135,0.0135,0.0135,0.0135,0.0135,0.0135,0.0135,0.0135,0.0135,0.0135,0.0135,0.0135,0.0135,0.0135,0.0135,0.0135,0.0135,0.0135
45130.7916667,0.0041,0.0041,0.0041,0.0041,0.0041,0.0041,0.0041,0.0048,0.0048,0.0048,0.0048,0.0048,0.0048,0.0053,0.0053,0.0053,0.0053,0.0054,0.0054,0.0054,0.0054,0.0054,0.0054,0.0054,0.0054,0.0054,0.0054,0.0054,0.0055,0.0055,0.0055,0.0055,0.0055,0.0055,0.0055,0.0055,0.0055,0.0055,0.0055,0.0059,0.0059,0.0059,0.0059,0.0059,0.0059,0.0059,0.0059,0.0063,0.0063,0.0063,0.0064,0.0064,0.0064,0.0064,0.0064,0.0064,0.0064,0.0064,0.0065,0.0065,0.0065,0.0065,0.0065,0.0065,0.0065,0.0065,0.0065,0.0067,0.0067,0.0067,0.0067,0.0067,0.0067,0.0067,0.0067,0.0067,0.0067,0.0068,0.0068,0.0069,0.0069,0.0069,0.0069,0.0070,0.0070,0.0070,0.0070,0.0070,0.0070,0.0070,0.0070,0.0071,0.0071,0.0071,0.0071,0.0071,0.0071,0.0071,0.0071,0.0071,0.0071,0.0071,0.0103,0.0103,0.0103,0.0104,0.0104,0.0108,0.0108,0.0108,0.0108,0.0108,0.0109,0.0109,0.0109,0.0110,0.0110,0.0110,0.0110,0.0110,0.0110,0.0110,0.0111,0.0111,0.0111,0.0111,0.0111,0.0111,0.0111,0.0111,0.0111,0.0111,0.0111,0.0111,0.0112,0.0112,0.0112,0.0112,0.0113,0.0113,0.0113,0.0113,0.0113,0.0113,0.0113,0.0113,0.0113,0.0113,0.0113,0.0113,0.0113,0.0113,0.0113,0.0113,0.0113,0.0113,0.0114,0.0114,0.0119,0.0119,0.0119,0.0121,0.0124,0.0124,0.0124,0.0124,0.0124,0.0124,0.0124,0.0125,0.0125,0.0134,0.0134,0.0134,0.0134,0.0134,0.0134,0.0135,0.0135,0.0135,0.0135,0.0135,0.0135,0.0135,0.0135,0.0135,0.0135,0.0135,0.0135,0.0135,0.0135,0.0135,0.0135,0.0135,0.0135,0.0135,0.0135,0.0135,0.0135,0.0135,0.0135,0.0135,0.0135,0.0135,0.0135,0.0135,0.0135,0.0135,0.0135,0.0135,0.0135,0.0135,0.0135,0.0135,0.0135,0.0135,0.0135,0.0135,0.0135,0.0135,0.0135,0.0135,0.0135,0.0135,0.0135,0.0135,0.0135,0.0135,0.0135,0.0135,0.0135,0.0135,0.0136,0.0136,0.0136,0.0136
45130.8333333,0.0041,0.0041,0.0041,0.0041,0.0041,0.0041,0.0041,0.0048,0.0048,0.0048,0.0048,0.0048,0.0048,0.0053,0.0053,0.0053,0.0053,0.0054,0.0054,0.0054,0.0054,0.0054,0.0054,0.0054,0.0054,0.0054,0.0054,0.0054,0.0055,0.0055,0.0055,0.0055,0.0055,0.0055,0.0055,0.0055,0.0055,0.0055,0.0055,0.0059,0.0059,0.0059,0.0059,0.0059,0.0059,0.0059,0.0059,0.0063,0.0063,0.0063,0.0064,0.0064,0.0064,0.0064,0.0064,0.0064,0.0064,0.0064,0.0065,0.0065,0.0065,0.0065,0.0065,0.0065,0.0065,0.0065,0.0065,0.0067,0.0067,0.0067,0.0067,0.0067,0.0067,0.0067,0.0067,0.0067,0.0067,0.0068,0.0068,0.0069,0.0069,0.0069,0.0069,0.0070,0.0070,0.0070,0.0070,0.0070,0.0070,0.0070,0.0070,0.0071,0.0071,0.0071,0.0071,0.0071,0.0071,0.0071,0.0071,0.0071,0.0071,0.0071,0.0103,0.0103,0.0103,0.0104,0.0104,0.0108,0.0108,0.0108,0.0108,0.0108,0.0109,0.0109,0.0109,0.0110,0.0110,0.0110,0.0110,0.0110,0.0110,0.0110,0.0111,0.0111,0.0111,0.0111,0.0111,0.0111,0.0111,0.0111,0.0111,0.0111,0.0111,0.0111,0.0112,0.0112,0.0112,0.0112,0.0113,0.0113,0.0113,0.0113,0.0113,0.0113,0.0113,0.0113,0.0113,0.0113,0.0113,0.0113,0.0113,0.0113,0.0113,0.0113,0.0113,0.0113,0.0114,0.0114,0.0119,0.0119,0.0119,0.0121,0.0124,0.0124,0.0124,0.0124,0.0124,0.0124,0.0124,0.0125,0.0125,0.0134,0.0134,0.0134,0.0134,0.0134,0.0134,0.0135,0.0135,0.0135,0.0135,0.0135,0.0135,0.0135,0.0135,0.0135,0.0135,0.0135,0.0135,0.0135,0.0135,0.0135,0.0135,0.0135,0.0135,0.0135,0.0135,0.0135,0.0135,0.0135,0.0135,0.0135,0.0135,0.0135,0.0135,0.0135,0.0135,0.0135,0.0135,0.0135,0.0135,0.0135,0.0135,0.0135,0.0135,0.0135,0.0135,0.0135,0.0135,0.0135,0.0135,0.0135,0.0135,0.0135,0.0135,0.0135,0.0135,0.0135,0.0135,0.0135,0.0136,0.0136,0.0136,0.0136,0.0136,0.0136
45130.8750000,0.0041,0.0041,0.0041,0.0041,0.0041,0.0041,0.0041,0.0048,0.0048,0.0048,0.0048,0.0048,0.0048,0.0053,0.0053,0.0053,0.0053,0.0054,0.0054,0.0054,0.0054,0.0054,0.0054,0.0054,0.0054,0.0054,0.0054,0.0054,0.0055,0.0055,0.0055,0.0055,0.0055,0.0055,0.0055,0.0055,0.0055,0.0055,0.0055,0.0059,0.0059,0.0059,0.0059,0.0059,0.0059,0.0059,0.0059,0.0063,0.0063,0.0063,0.0064,0.0064,0.0064,0.0064,0.0064,0.0064,0.0064,0.0064,0.0065,0.0065,0.0065,0.0065,0.0065,0.0065,0.0065,0.0065,0.0065,0.0067,0.0067,0.0067,0.0067,0.0067,0.0067,0.0067,0.0067,0.0067,0.0067,0.0068,0.0068,0.0069,0.0069,0.0069,0.0069,0.0070,0.0070,0.0070,0.0070,0.0070,0.0070,0.0070,0.0070,0.0071,0.0071,0.0071,0.0071,0.0071,0.0071,0.0071,0.0071,0.0071,0.0071,0.0071,0.0103,0.0103,0.0103,0.0104,0.0104,0.0108,0.0108,0.0108,0.0108,0.0108,0.0109,0.0109,0.0109,0.0110,0.0110,0.0110,0.0110,0.0110,0.0110,0.0110,0.0111,0.0111,0.0111,0.0111,0.0111,0.0111,0.0111,0.0111,0.0111,0.0111,0.0111,0.0111,0.0112,0.0112,0.0112,0.0112,0.0113,0.0113,0.0113,0.0113,0.0113,0.0113,0.0113,0.0113,0.0113,0.0113,0.0113,0.0113,0.0113,0.0113,0.0113,0.0113,0.0113,0.0113,0.0114,0.0114,0.0119,0.0119,0.0119,0.0121,0.0124,0.0124,0.0124,0.0124,0.0124,0.0124,0.0124,0.0125,0.0125,0.0134,0.0134,0.0134,0.0134,0.0134,0.0134,0.0135,0.0135,0.0135,0.0135,0.0135,0.0135,0.0135,0.0135,0.0135,0.0135,0.0135,0.0135,0.0135,0.0135,0.0135,0.0135,0.0135,0.0135,0.0135,0.0135,0.0135,0.0135,0.0135,0.0135,0.0135,0.0135,0.0135,0.0135,0.0135,0.0135,0.0135,0.0135,0.0135,0.0135,0.0135,0.0135,0.0135,0.0135,0.0135,0.0135,0.0135,0.0135,0.0135,0.0135,0.0135,0.0135,0.0135,0.0135,0.0135,0.0135,0.0135,0.0135,0.0136,0.0136,0.0136,0.0136,0.0136,0.0136,0.0136
45130.9166667,0.0041,0.0041,0.0041,0.0041,0.0041,0.0041,0.0041,0.0048,0.0048,0.0048,0.0048,0.0048,0.0048,0.0053,0.0053,0.0053,0.0053,0.0054,0.0054,0.0054,0.0054,0.0054,0.0054,0.0054,0.0054,0.0054,0.0054,0.0054,0.0055,0.0055,0.0055,0.0055,0.0055,0.0055,0.0055,0.0055,0.0055,0.0055,0.0055,0.0059,0.0059,0.0059,0.0059,0.0059,0.0059,0.0059,0.0059,0.0063,0.0063,0.0063,0.0064,0.0064,0.0064,0.0064,0.0064,0.0064,0.0064,0.0064,0.0065,0.0065,0.0065,0.0065,0.0065,0.0065,0.0065,0.0065,0.0065,0.0067,0.0067,0.0067,0.0067,0.0067,0.0067,0.0067,0.0067,0.0067,0.0067,0.0068,0.0068,0.0069,0.0069,0.0069,0.0069,0.0070,0.0070,0.0070,0.0070,0.0070,0.0070,0.0070,0.0070,0.0071,0.0071,0.0071,0.0071,0.0071,0.0071,0.0071,0.0071,0.0071,0.0071,0.0071,0.0103,0.0103,0.0103,0.0104,0.0104,0.0108,0.0108,0.0108,0.0108,0.0108,0.0109,0.0109,0.0109,0.0110,0.0110,0.0110,0.0110,0.0110,0.0110,0.0110,0.0111,0.0111,0.0111,0.0111,0.0111,0.0111,0.0111,0.0111,0.0111,0.0111,0.0111,0.0111,0.0112,0.0112,0.0112,0.0112,0.0113,0.0113,0.0113,0.0113,0.0113,0.0113,0.0113,0.0113,0.0113,0.0113,0.0113,0.0113,0.0113,0.0113,0.0113,0.0113,0.0113,0.0113,0.0114,0.0114,0.0119,0.0119,0.0119,0.0121,0.0124,0.0124,0.0124,0.0124,0.0124,0.0124,0.0124,0.0125,0.0125,0.0134,0.0134,0.0134,0.0134,0.0134,0.0134,0.0135,0.0135,0.0135,0.0135,0.0135,0.0135,0.0135,0.0135,0.0135,0.0135,0.0135,0.0135,0.0135,0.0135,0.0135,0.0135,0.0135,0.0135,0.0135,0.0135,0.0135,0.0135,0.0135,0.0135,0.0135,0.0135,0.0135,0.0135,0.0135,0.0135,0.0135,0.0135,0.0135,0.0135,0.0135,0.0135,0.0135,0.0135,0.0135,0.0135,0.0135,0.0135,0.0135,0.0135,0.0135,0.0135,0.0135,0.0135,0.0135,0.0135,0.0135,0.0135,0.0136,0.0136,0.0136,0.0136,0.0136,0.0136,0.0136
45130.9583333,0.0041,0.0041,0.0041,0.0041,0.0041,0.0041,0.0041,0.0048,0.0048,0.0048,0.0048,0.0048,0.0048,0.0053,0.0053,0.0053,0.0053,0.0054,0.0054,0.0054,0.0054,0.0054,0.0054,0.0054,0.0054,0.0054,0.0054,0.0054,0.0055,0.0055,0.0055,0.0055,0.0055,0.0055,0.0055,0.0055,0.0055,0.0055,0.0055,0.0059,0.0059,0.0059,0.0059,0.0059,0.0059,0.0059,0.0059,0.0063,0.0063,0.0063,0.0064,0.0064,0.0064,0.0064,0.0064,0.0064,0.0064,0.0064,0.0065,0.0065,0.0065,0.0065,0.0065,0.0065,0.0065,0.0065,0.0065,0.0067,0.0067,0.0067,0.0067,0.0067,0.0067,0.0067,0.0067,0.0067,0.0067,0.0068,0.0068,0.0069,0.0069,0.0069,0.0069,0.0070,0.0070,0.0070,0.0070,0.0070,0.0070,0.0070,0.0070,0.0071,0.0071,0.0071,0.0071,0.0071,0.0071,0.0071,0.0071,0.0071,0.0071,0.0071,0.0103,0.0103,0.0103,0.0104,0.0104,0.0108,0.0108,0.0108,0.0108,0.0108,0.0109,0.0109,0.0109,0.0110,0.0110,0.0110,0.0110,0.0110,0.0110,0.0110,0.0111,0.0111,0.0111,0.0111,0.0111,0.0111,0.0111,0.0111,0.0111,0.0111,0.0111,0.0111,0.0112,0.0112,0.0112,0.0112,0.0113,0.0113,0.0113,0.0113,0.0113,0.0113,0.0113,0.0113,0.0113,0.0113,0.0113,0.0113,0.0113,0.0113,0.0113,0.0113,0.0113,0.0113,0.0114,0.0114,0.0119,0.0119,0.0119,0.0121,0.0124,0.0124,0.0124,0.0124,0.0124,0.0124,0.0124,0.0125,0.0125,0.0134,0.0134,0.0134,0.0134,0.0134,0.0134,0.0135,0.0135,0.0135,0.0135,0.0135,0.0135,0.0135,0.0135,0.0135,0.0135,0.0135,0.0135,0.0135,0.0135,0.0135,0.0135,0.0135,0.0135,0.0135,0.0135,0.0135,0.0135,0.0135,0.0135,0.0135,0.0135,0.0135,0.0135,0.0135,0.0135,0.0135,0.0135,0.0135,0.0135,0.0135,0.0135,0.0135,0.0135,0.0135,0.0135,0.0135,0.0135,0.0135,0.0135,0.0135,0.0135,0.0135,0.0135,0.0135,0.0135,0.0135,0.0135,0.0136,0.0136,0.0136,0.0136,0.0136,0.0136,0.0136
45131.0000000,0.0041,0.0041,0.0041,0.0041,0.0041,0.0041,0.0041,0.0048,0.0048,0.0048,0.0048,0.0048,0.0048,0.0053,0.0053,0.0053,0.0053,0.0054,0.0054,0.0054,0.0054,0.0054,0.0054,0.0054,0.0054,0.0054,0.0054,0.0054,0.0055,0.0055,0.0055,0.0055,0.0055,0.0055,0.0055,0.0055,0.0055,0.0055,0.0055,0.0059,0.0059,0.0059,0.0059,0.0059,0.0059,0.0059,0.0059,0.0063,0.0063,0.0063,0.0064,0.0064,0.0064,0.0064,0.0064,0.0064,0.0064,0.0064,0.0065,0.0065,0.0065,0.0065,0.0065,0.0065,0.0065,0.0065,0.0065,0.0067,0.0067,0.0067,0.0067,0.0067,0.0067,0.0067,0.0067,0.0067,0.0067,0.0068,0.0068,0.0069,0.0069,0.0069,0.0069,0.0070,0.0070,0.0070,0.0070,0.0070,0.0070,0.0070,0.0070,0.0071,0.0071,0.0071,0.0071,0.0071,0.0071,0.0071,0.0071,0.0071,0.0071,0.0071,0.0103,0.0103,0.0103,0.0103,0.0103,0.0108,0.0108,0.0108,0.0108,0.0108,0.0109,0.0109,0.0109,0.0110,0.0110,0.0110,0.0110,0.0110,0.0110,0.0110,0.0111,0.0111,0.0111,0.0111,0.0111,0.0111,0.0111,0.0111,0.0111,0.0111,0.0111,0.0111,0.0112,0.0112,0.0112,0.0112,0.0113,0.0113,0.0113,0.0113,0.0113,0.0113,0.0113,0.0113,0.0113,0.0113,0.0113,0.0113,0.0113,0.0113,0.0113,0.0113,0.0113,0.0113,0.0114,0.0114,0.0119,0.0119,0.0119,0.0121,0.0124,0.0124,0.0124,0.0124,0.0124,0.0124,0.0124,0.0125,0.0125,0.0134,0.0134,0.0134,0.0134,0.0134,0.0134,0.0135,0.0135,0.0135,0.0135,0.0135,0.0135,0.0135,0.0135,0.0135,0.0135,0.0135,0.0135,0.0135,0.0135,0.0135,0.0135,0.0135,0.0135,0.0135,0.0135,0.0135,0.0135,0.0135,0.0135,0.0135,0.0135,0.0135,0.0135,0.0135,0.0135,0.0135,0.0135,0.0135,0.0135,0.0135,0.0135,0.0135,0.0135,0.0135,0.0135,0.0135,0.0135,0.0135,0.0135,0.0135,0.0135,0.0135,0.0135,0.0135,0.0135,0.0135,0.0135,0.0136,0.0136,0.0136,0.0136,0.0136,0.0136,0.0136
45131.0416667,0.0041,0.0041,0.0041,0.0041,0.0041,0.0041,0.0041,0.0048,0.0048,0.0048,0.0048,0.0048,0.0048,0.0053,0.0053,0.0053,0.0053,0.0053,0.0053,0.0054,0.0054,0.0054,0.0054,0.0054,0.0054,0.0054,0.0054,0.0054,0.0055,0.0055,0.0055,0.0055,0.0055,0.0055,0.0055,0.0055,0.0055,0.0055,0.0055,0.0059,0.0059,0.0059,0.0059,0.0059,0.0059,0.0059,0.0059,0.0063,0.0063,0.0063,0.0063,0.0064,0.0064,0.0064,0.0064,0.0064,0.0064,0.0064,0.0065,0.0065,0.0065,0.0065,0.0065,0.0065,0.0065,0.0065,0.0065,0.0067,0.0067,0.0067,0.0067,0.0067,0.0067,0.0067,0.0067,0.0067,0.0067,0.0068,0.0068,0.0069,0.0069,0.0069,0.0069,0.0070,0.0070,0.0070,0.0070,0.0070,0.0070,0.0070,0.0070,0.0071,0.0071,0.0071,0.0071,0.0071,0.0071,0.0071,0.0071,0.0071,0.0071,0.0071,0.0103,0.0103,0.0103,0.0103,0.0103,0.0108,0.0108,0.0108,0.0108,0.0108,0.0109,0.0109,0.0109,0.0109,0.0110,0.0110,0.0110,0.0110,0.0110,0.0110,0.0111,0.0111,0.0111,0.0111,0.0111,0.0111,0.0111,0.0111,0.0111,0.0111,0.0111,0.0111,0.0112,0.0112,0.0112,0.0112,0.0113,0.0113,0.0113,0.0113,0.0113,0.0113,0.0113,0.0113,0.0113,0.0113,0.0113,0.0113,0.0113,0.0113,0.0113,0.0113,0.0113,0.0113,0.0114,0.0114,0.0119,0.0119,0.0119,0.0121,0.0124,0.0124,0.0124,0.0124,0.0124,0.0124,0.0124,0.0124,0.0125,0.0134,0.0134,0.0134,0.0134,0.0134,0.0134,0.0134,0.0134,0.0134,0.0135,0.0135,0.0135,0.0135,0.0135,0.0135,0.0135,0.0135,0.0135,0.0135,0.0135,0.0135,0.0135,0.0135,0.0135,0.0135,0.0135,0.0135,0.0135,0.0135,0.0135,0.0135,0.0135,0.0135,0.0135,0.0135,0.0135,0.0135,0.0135,0.0135,0.0135,0.0135,0.0135,0.0135,0.0135,0.0135,0.0135,0.0135,0.0135,0.0135,0.0135,0.0135,0.0135,0.0135,0.0135,0.0135,0.0135,0.0135,0.0135,0.0136,0.0136,0.0136,0.0136,0.0136,0.0136,0.0136
45131.0833333,0.0041,0.0041,0.0041,0.0041,0.0041,0.0041,0.0041,0.0048,0.0048,0.0048,0.0048,0.0048,0.0048,0.0053,0.0053,0.0053,0.0053,0.0053,0.0053,0.0053,0.0053,0.0054,0.0054,0.0054,0.0054,0.0054,0.0054,0.0054,0.0055,0.0055,0.0055,0.0055,0.0055,0.0055,0.0055,0.0055,0.0055,0.0055,0.0055,0.0059,0.0059,0.0059,0.0059,0.0059,0.0059,0.0059,0.0059,0.0063,0.0063,0.0063,0.0063,0.0064,0.0064,0.0064,0.0064,0.0064,0.0064,0.0064,0.0065,0.0065,0.0065,0.0065,0.0065,0.0065,0.0065,0.0065,0.0065,0.0067,0.0067,0.0067,0.0067,0.0067,0.0067,0.0067,0.0067,0.0067,0.0067,0.0068,0.0068,0.0069,0.0069,0.0069,0.0069,0.0070,0.0070,0.0070,0.0070,0.0070,0.0070,0.0070,0.0070,0.0071,0.0071,0.0071,0.0071,0.0071,0.0071,0.0071,0.0071,0.0071,0.0071,0.0071,0.0103,0.0103,0.0103,0.0103,0.0103,0.0108,0.0108,0.0108,0.0108,0.0108,0.0109,0.0109,0.0109,0.0109,0.0110,0.0110,0.0110,0.0110,0.0110,0.0110,0.0111,0.0111,0.0111,0.0111,0.0111,0.0111,0.0111,0.0111,0.0111,0.0111,0.0111,0.0111,0.0112,0.0112,0.0112,0.0112,0.0113,0.0113,0.0113,0.0113,0.0113,0.0113,0.0113,0.0113,0.0113,0.0113,0.0113,0.0113,0.0113,0.0113,0.0113,0.0113,0.0113,0.0113,0.0114,0.0114,0.0119,0.0119,0.0119,0.0121,0.0124,0.0124,0.0124,0.0124,0.0124,0.0124,0.0124,0.0124,0.0125,0.0134,0.0134,0.0134,0.0134,0.0134,0.0134,0.0134,0.0134,0.0134,0.0134,0.0134,0.0135,0.0135,0.0135,0.0135,0.0135,0.0135,0.0135,0.0135,0.0135,0.0135,0.0135,0.0135,0.0135,0.0135,0.0135,0.0135,0.0135,0.0135,0.0135,0.0135,0.0135,0.0135,0.0135,0.0135,0.0135,0.0135,0.0135,0.0135,0.0135,0.0135,0.0135,0.0135,0.0135,0.0135,0.0135,0.0135,0.0135,0.0135,0.0135,0.0135,0.0135,0.0135,0.0135,0.0135,0.0135,0.0135,0.0135,0.0135,0.0136,0.0136,0.0136,0.0136,0.0136,0.0136
45131.1250000,0.0041,0.0041,0.0041,0.0041,0.0041,0.0041,0.0041,0.0048,0.0048,0.0048,0.0048,0.0048,0.0048,0.0053,0.0053,0.0053,0.0053,0.0053,0.0053,0.0053,0.0053,0.0054,0.0054,0.0054,0.0054,0.0054,0.0054,0.0054,0.0055,0.0055,0.0055,0.0055,0.0055,0.0055,0.0055,0.0055,0.0055,0.0055,0.0055,0.0059,0.0059,0.0059,0.0059,0.0059,0.0059,0.0059,0.0059,0.0063,0.0063,0.0063,0.0063,0.0064,0.0064,0.0064,0.0064,0.0064,0.0064,0.0064,0.0065,0.0065,0.0065,0.0065,0.0065,0.0065,0.0065,0.0065,0.0065,0.0067,0.0067,0.0067,0.0067,0.0067,0.0067,0.0067,0.0067,0.0067,0.0067,0.0068,0.0068,0.0069,0.0069,0.0069,0.0069,0.0070,0.0070,0.0070,0.0070,0.0070,0.0070,0.0070,0.0070,0.0071,0.0071,0.0071,0.0071,0.0071,0.0071,0.0071,0.0071,0.0071,0.0071,0.0071,0.0103,0.0103,0.0103,0.0103,0.0103,0.0108,0.0108,0.0108,0.0108,0.0108,0.0109,0.0109,0.0109,0.0109,0.0110,0.0110,0.0110,0.0110,0.0110,0.0110,0.0111,0.0111,0.0111,0.0111,0.0111,0.0111,0.0111,0.0111,0.0111,0.0111,0.0111,0.0111,0.0112,0.0112,0.0112,0.0112,0.0112,0.0113,0.0113,0.0113,0.0113,0.0113,0.0113,0.0113,0.0113,0.0113,0.0113,0.0113,0.0113,0.0113,0.0113,0.0113,0.0113,0.0113,0.0114,0.0114,0.0119,0.0119,0.0119,0.0121,0.0124,0.0124,0.0124,0.0124,0.0124,0.0124,0.0124,0.0124,0.0125,0.0134,0.0134,0.0134,0.0134,0.0134,0.0134,0.0134,0.0134,0.0134,0.0134,0.0134,0.0135,0.0135,0.0135,0.0135,0.0135,0.0135,0.0135,0.0135,0.0135,0.0135,0.0135,0.0135,0.0135,0.0135,0.0135,0.0135,0.0135,0.0135,0.0135,0.0135,0.0135,0.0135,0.0135,0.0135,0.0135,0.0135,0.0135,0.0135,0.0135,0.0135,0.0135,0.0135,0.0135,0.0135,0.0135,0.0135,0.0135,0.0135,0.0135,0.0135,0.0135,0.0135,0.0135,0.0135,0.0135,0.0135,0.0135,0.0135,0.0135,0.0136,0.0136,0.0136,0.0136,0.0136
45131.1666667,0.0041,0.0041,0.0041,0.0041,0.0041,0.0041,0.0041,0.0048,0.0048,0.0048,0.0048,0.0048,0.0048,0.0053,0.0053,0.0053,0.0053,0.0053,0.0053,0.0053,0.0053,0.0054,0.0054,0.0054,0.0054,0.0054,0.0054,0.0054,0.0055,0.0055,0.0055,0.0055,0.0055,0.0055,0.0055,0.0055,0.0055,0.0055,0.0055,0.0059,0.0059,0.0059,0.0059,0.0059,0.0059,0.0059,0.0059,0.0063,0.0063,0.0063,0.0063,0.0063,0.0064,0.0064,0.0064,0.0064,0.0064,0.0064,0.0065,0.0065,0.0065,0.0065,0.0065,0.0065,0.0065,0.0065,0.0065,0.0067,0.0067,0.0067,0.0067,0.0067,0.0067,0.0067,0.0067,0.0067,0.0067,0.0068,0.0068,0.0069,0.0069,0.0069,0.0069,0.0070,0.0070,0.0070,0.0070,0.0070,0.0070,0.0070,0.0070,0.0071,0.0071,0.0071,0.0071,0.0071,0.0071,0.0071,0.0071,0.0071,0.0071,0.0071,0.0103,0.0103,0.0103,0.0103,0.0103,0.0108,0.0108,0.0108,0.0108,0.0108,0.0109,0.0109,0.0109,0.0109,0.0110,0.0110,0.0110,0.0110,0.0110,0.0110,0.0111,0.0111,0.0111,0.0111,0.0111,0.0111,0.0111,0.0111,0.0111,0.0111,0.0111,0.0111,0.0112,0.0112,0.0112,0.0112,0.0112,0.0112,0.0113,0.0113,0.0113,0.0113,0.0113,0.0113,0.0113,0.0113,0.0113,0.0113,0.0113,0.0113,0.0113,0.0113,0.0113,0.0113,0.0114,0.0114,0.0119,0.0119,0.0119,0.0121,0.0124,0.0124,0.0124,0.0124,0.0124,0.0124,0.0124,0.0124,0.0125,0.0134,0.0134,0.0134,0.0134,0.0134,0.0134,0.0134,0.0134,0.0134,0.0134,0.0134,0.0135,0.0135,0.0135,0.0135,0.0135,0.0135,0.0135,0.0135,0.0135,0.0135,0.0135,0.0135,0.0135,0.0135,0.0135,0.0135,0.0135,0.0135,0.0135,0.0135,0.0135,0.0135,0.0135,0.0135,0.0135,0.0135,0.0135,0.0135,0.0135,0.0135,0.0135,0.0135,0.0135,0.0135,0.0135,0.0135,0.0135,0.0135,0.0135,0.0135,0.0135,0.0135,0.0135,0.0135,0.0135,0.0135,0.0135,0.0135,0.0135,0.0135,0.0135,0.0136,0.0136,0.0136
45131.2083333,0.0041,0.0041,0.0041,0.0041,0.0041,0.0041,0.0041,0.0048,0.0048,0.0048,0.0048,0.0048,0.0048,0.0053,0.0053,0.0053,0.0053,0.0053,0.0053,0.0053,0.0053,0.0054,0.0054,0.0054,0.0054,0.0054,0.0054,0.0054,0.0055,0.0055,0.0055,0.0055,0.0055,0.0055,0.0055,0.0055,0.0055,0.0055,0.0055,0.0059,0.0059,0.0059,0.0059,0.0059,0.0059,0.0059,0.0059,0.0063,0.0063,0.0063,0.0063,0.0063,0.0064,0.0064,0.0064,0.0064,0.0064,0.0064,0.0064,0.0064,0.0064,0.0065,0.0065,0.0065,0.0065,0.0065,0.0065,0.0067,0.0067,0.0067,0.0067,0.0067,0.0067,0.0067,0.0067,0.0067,0.0067,0.0068,0.0068,0.0069,0.0069,0.0069,0.0069,0.0070,0.0070,0.0070,0.0070,0.0070,0.0070,0.0070,0.0070,0.0071,0.0071,0.0071,0.0071,0.0071,0.0071,0.0071,0.0071,0.0071,0.0071,0.0071,0.0103,0.0103,0.0103,0.0103,0.0103,0.0108,0.0108,0.0108,0.0108,0.0108,0.0109,0.0109,0.0109,0.0109,0.0110,0.0110,0.0110,0.0110,0.0110,0.0110,0.0111,0.0111,0.0111,0.0111,0.0111,0.0111,0.0111,0.0111,0.0111,0.0111,0.0111,0.0111,0.0112,0.0112,0.0112,0.0112,0.0112,0.0112,0.0113,0.0113,0.0113,0.0113,0.0113,0.0113,0.0113,0.0113,0.0113,0.0113,0.0113,0.0113,0.0113,0.0113,0.0113,0.0113,0.0114,0.0114,0.0119,0.0119,0.0119,0.0121,0.0124,0.0124,0.0124,0.0124,0.0124,0.0124,0.0124,0.0124,0.0124,0.0134,0.0134,0.0134,0.0134,0.0134,0.0134,0.0134,0.0134,0.0134,0.0134,0.0134,0.0135,0.0135,0.0135,0.0135,0.0135,0.0135,0.0135,0.0135,0.0135,0.0135,0.0135,0.0135,0.0135,0.0135,0.0135,0.0135,0.0135,0.0135,0.0135,0.0135,0.0135,0.0135,0.0135,0.0135,0.0135,0.0135,0.0135,0.0135,0.0135,0.0135,0.0135,0.0135,0.0135,0.0135,0.0135,0.0135,0.0135,0.0135,0.0135,0.0135,0.0135,0.0135,0.0135,0.0135,0.0135,0.0135,0.0135,0.0135,0.0135,0.0135,0.0135,0.0136,0.0136,0.0136
45131.2500000,0.0041,0.0041,0.0041,0.0041,0.0041,0.0041,0.0041,0.0048,0.0048,0.0048,0.0048,0.0048,0.0048,0.0053,0.0053,0.0053,0.0053,0.0053,0.0053,0.0053,0.0053,0.0054,0.0054,0.0054,0.0054,0.0054,0.0054,0.0054,0.0055,0.0055,0.0055,0.0055,0.0055,0.0055,0.0055,0.0055,0.0055,0.0055,0.0055,0.0059,0.0059,0.0059,0.0059,0.0059,0.0059,0.0059,0.0059,0.0063,0.0063,0.0063,0.0063,0.0063,0.0064,0.0064,0.0064,0.0064,0.0064,0.0064,0.0064,0.0064,0.0064,0.0065,0.0065,0.0065,0.0065,0.0065,0.0065,0.0067,0.0067,0.0067,0.0067,0.0067,0.0067,0.0067,0.0067,0.0067,0.0067,0.0068,0.0068,0.0069,0.0069,0.0069,0.0069,0.0070,0.0070,0.0070,0.0070,0.0070,0.0070,0.0070,0.0070,0.0071,0.0071,0.0071,0.0071,0.0071,0.0071,0.0071,0.0071,0.0071,0.0071,0.0071,0.0103,0.0103,0.0103,0.0103,0.0103,0.0108,0.0108,0.0108,0.0108,0.0108,0.0109,0.0109,0.0109,0.0109,0.0110,0.0110,0.0110,0.0110,0.0110,0.0110,0.0111,0.0111,0.0111,0.0111,0.0111,0.0111,0.0111,0.0111,0.0111,0.0111,0.0111,0.0111,0.0112,0.0112,0.0112,0.0112,0.0112,0.0112,0.0113,0.0113,0.0113,0.0113,0.0113,0.0113,0.0113,0.0113,0.0113,0.0113,0.0113,0.0113,0.0113,0.0113,0.0113,0.0113,0.0114,0.0114,0.0119,0.0119,0.0119,0.0121,0.0124,0.0124,0.0124,0.0124,0.0124,0.0124,0.0124,0.0124,0.0124,0.0134,0.0134,0.0134,0.0134,0.0134,0.0134,0.0134,0.0134,0.0134,0.0134,0.0134,0.0135,0.0135,0.0135,0.0135,0.0135,0.0135,0.0135,0.0135,0.0135,0.0135,0.0135,0.0135,0.0135,0.0135,0.0135,0.0135,0.0135,0.0135,0.0135,0.0135,0.0135,0.0135,0.0135,0.0135,0.0135,0.0135,0.0135,0.0135,0.0135,0.0135,0.0135,0.0135,0.0135,0.0135,0.0135,0.0135,0.0135,0.0135,0.0135,0.0135,0.0135,0.0135,0.0135,0.0135,0.0135,0.0135,0.0135,0.0135,0.0135,0.0135,0.0135,0.0136,0.0136,0.0136
45131.2916667,0.0041,0.0041,0.0041,0.0041,0.0041,0.0041,0.0041,0.0048,0.0048,0.0048,0.0048,0.0048,0.0048,0.0053,0.0053,0.0053,0.0053,0.0053,0.0053,0.0053,0.0053,0.0054,0.0054,0.0054,0.0054,0.0054,0.0054,0.0054,0.0055,0.0055,0.0055,0.0055,0.0055,0.0055,0.0055,0.0055,0.0055,0.0055,0.0055,0.0059,0.0059,0.0059,0.0059,0.0059,0.0059,0.0059,0.0059,0.0063,0.0063,0.0063,0.0063,0.0063,0.0064,0.0064,0.0064,0.0064,0.0064,0.0064,0.0064,0.0064,0.0064,0.0065,0.0065,0.0065,0.0065,0.0065,0.0065,0.0067,0.0067,0.0067,0.0067,0.0067,0.0067,0.0067,0.0067,0.0067,0.0067,0.0068,0.0068,0.0069,0.0069,0.0069,0.0069,0.0070,0.0070,0.0070,0.0070,0.0070,0.0070,0.0070,0.0070,0.0071,0.0071,0.0071,0.0071,0.0071,0.0071,0.0071,0.0071,0.0071,0.0071,0.0071,0.0103,0.0103,0.0103,0.0103,0.0103,0.0108,0.0108,0.0108,0.0108,0.0108,0.0109,0.0109,0.0109,0.0109,0.0110,0.0110,0.0110,0.0110,0.0110,0.0110,0.0111,0.0111,0.0111,0.0111,0.0111,0.0111,0.0111,0.0111,0.0111,0.0111,0.0111,0.0111,0.0112,0.0112,0.0112,0.0112,0.0112,0.0112,0.0113,0.0113,0.0113,0.0113,0.0113,0.0113,0.0113,0.0113,0.0113,0.0113,0.0113,0.0113,0.0113,0.0113,0.0113,0.0113,0.0114,0.0114,0.0119,0.0119,0.0119,0.0121,0.0124,0.0124,0.0124,0.0124,0.0124,0.0124,0.0124,0.0124,0.0124,0.0134,0.0134,0.0134,0.0134,0.0134,0.0134,0.0134,0.0134,0.0134,0.0134,0.0134,0.0134,0.0135,0.0135,0.0135,0.0135,0.0135,0.0135,0.0135,0.0135,0.0135,0.0135,0.0135,0.0135,0.0135,0.0135,0.0135,0.0135,0.0135,0.0135,0.0135,0.0135,0.0135,0.0135,0.0135,0.0135,0.0135,0.0135,0.0135,0.0135,0.0135,0.0135,0.0135,0.0135,0.0135,0.0135,0.0135,0.0135,0.0135,0.0135,0.0135,0.0135,0.0135,0.0135,0.0135,0.0135,0.0135,0.0135,0.0135,0.0135,0.0135,0.0135,0.0136,0.0136,0.0136
45131.3333333,0.0041,0.0041,0.0041,0.0041,0.0041,0.0041,0.0041,0.0048,0.0048,0.0048,0.0048,0.0048,0.0048,0.0053,0.0053,0.0053,0.0053,0.0053,0.0053,0.0053,0.0053,0.0054,0.0054,0.0054,0.0054,0.0054,0.0054,0.0054,0.0055,0.0055,0.0055,0.0055,0.0055,0.0055,0.0055,0.0055,0.0055,0.0055,0.0055,0.0059,0.0059,0.0059,0.0059,0.0059,0.0059,0.0059,0.0059,0.0063,0.0063,0.0063,0.0063,0.0063,0.0064,0.0064,0.0064,0.0064,0.0064,0.0064,0.0064,0.0064,0.0064,0.0065,0.0065,0.0065,0.0065,0.0065,0.0065,0.0067,0.0067,0.0067,0.0067,0.0067,0.0067,0.0067,0.0067,0.0067,0.0067,0.0068,0.0068,0.0069,0.0069,0.0069,0.0069,0.0070,0.0070,0.0070,0.0070,0.0070,0.0070,0.0070,0.0070,0.0071,0.0071,0.0071,0.0071,0.0071,0.0071,0.0071,0.0071,0.0071,0.0071,0.0071,0.0103,0.0103,0.0103,0.0103,0.0103,0.0107,0.0108,0.0108,0.0108,0.0108,0.0109,0.0109,0.0109,0.0109,0.0110,0.0110,0.0110,0.0110,0.0110,0.0110,0.0111,0.0111,0.0111,0.0111,0.0111,0.0111,0.0111,0.0111,0.0111,0.0111,0.0111,0.0111,0.0112,0.0112,0.0112,0.0112,0.0112,0.0112,0.0113,0.0113,0.0113,0.0113,0.0113,0.0113,0.0113,0.0113,0.0113,0.0113,0.0113,0.0113,0.0113,0.0113,0.0113,0.0113,0.0114,0.0114,0.0119,0.0119,0.0119,0.0121,0.0124,0.0124,0.0124,0.0124,0.0124,0.0124,0.0124,0.0124,0.0124,0.0134,0.0134,0.0134,0.0134,0.0134,0.0134,0.0134,0.0134,0.0134,0.0134,0.0134,0.0134,0.0135,0.0135,0.0135,0.0135,0.0135,0.0135,0.0135,0.0135,0.0135,0.0135,0.0135,0.0135,0.0135,0.0135,0.0135,0.0135,0.0135,0.0135,0.0135,0.0135,0.0135,0.0135,0.0135,0.0135,0.0135,0.0135,0.0135,0.0135,0.0135,0.0135,0.0135,0.0135,0.0135,0.0135,0.0135,0.0135,0.0135,0.0135,0.0135,0.0135,0.0135,0.0135,0.0135,0.0135,0.0135,0.0135,0.0135,0.0135,0.0135,0.0135,0.0135,0.0135,0.0135
45131.3750000,0.0041,0.0041,0.0041,0.0041,0.0041,0.0041,0.0041,0.0048,0.0048,0.0048,0.0048,0.0048,0.0048,0.0053,0.0053,0.0053,0.0053,0.0053,0.0053,0.0053,0.0053,0.0054,0.0054,0.0054,0.0054,0.0054,0.0054,0.0054,0.0055,0.0055,0.0055,0.0055,0.0055,0.0055,0.0055,0.0055,0.0055,0.0055,0.0055,0.0059,0.0059,0.0059,0.0059,0.0059,0.0059,0.0059,0.0059,0.0063,0.0063,0.0063,0.0063,0.0063,0.0064,0.0064,0.0064,0.0064,0.0064,0.0064,0.0064,0.0064,0.0064,0.0065,0.0065,0.0065,0.0065,0.0065,0.0065,0.0067,0.0067,0.0067,0.0067,0.0067,0.0067,0.0067,0.0067,0.0067,0.0067,0.0068,0.0068,0.0069,0.0069,0.0069,0.0069,0.0070,0.0070,0.0070,0.0070,0.0070,0.0070,0.0070,0.0070,0.0071,0.0071,0.0071,0.0071,0.0071,0.0071,0.0071,0.0071,0.0071,0.0071,0.0071,0.0103,0.0103,0.0103,0.0103,0.0103,0.0107,0.0107,0.0108,0.0108,0.0108,0.0109,0.0109,0.0109,0.0109,0.0109,0.0110,0.0110,0.0110,0.0110,0.0110,0.0111,0.0111,0.0111,0.0111,0.0111,0.0111,0.0111,0.0111,0.0111,0.0111,0.0111,0.0111,0.0112,0.0112,0.0112,0.0112,0.0112,0.0112,0.0113,0.0113,0.0113,0.0113,0.0113,0.0113,0.0113,0.0113,0.0113,0.0113,0.0113,0.0113,0.0113,0.0113,0.0113,0.0113,0.0114,0.0114,0.0119,0.0119,0.0119,0.0121,0.0124,0.0124,0.0124,0.0124,0.0124,0.0124,0.0124,0.0124,0.0124,0.0134,0.0134,0.0134,0.0134,0.0134,0.0134,0.0134,0.0134,0.0134,0.0134,0.0134,0.0134,0.0135,0.0135,0.0135,0.0135,0.0135,0.0135,0.0135,0.0135,0.0135,0.0135,0.0135,0.0135,0.0135,0.0135,0.0135,0.0135,0.0135,0.0135,0.0135,0.0135,0.0135,0.0135,0.0135,0.0135,0.0135,0.0135,0.0135,0.0135,0.0135,0.0135,0.0135,0.0135,0.0135,0.0135,0.0135,0.0135,0.0135,0.0135,0.0135,0.0135,0.0135,0.0135,0.0135,0.0135,0.0135,0.0135,0.0135,0.0135,0.0135,0.0135,0.0135,0.0135,0.0135
45131.4166667,0.0041,0.0041,0.0041,0.0041,0.0041,0.0041,0.0041,0.0048,0.0048,0.0048,0.0048,0.0048,0.0048,0.0053,0.0053,0.0053,0.0053,0.0053,0.0053,0.0053,0.0053,0.0054,0.0054,0.0054,0.0054,0.0054,0.0054,0.0054,0.0055,0.0055,0.0055,0.0055,0.0055,0.0055,0.0055,0.0055,0.0055,0.0055,0.0055,0.0059,0.0059,0.0059,0.0059,0.0059,0.0059,0.0059,0.0059,0.0063,0.0063,0.0063,0.0063,0.0063,0.0064,0.0064,0.0064,0.0064,0.0064,0.0064,0.0064,0.0064,0.0064,0.0065,0.0065,0.0065,0.0065,0.0065,0.0065,0.0067,0.0067,0.0067,0.0067,0.0067,0.0067,0.0067,0.0067,0.0067,0.0067,0.0068,0.0068,0.0069,0.0069,0.0069,0.0069,0.0070,0.0070,0.0070,0.0070,0.0070,0.0070,0.0070,0.0070,0.0071,0.0071,0.0071,0.0071,0.0071,0.0071,0.0071,0.0071,0.0071,0.0071,0.0071,0.0103,0.0103,0.0103,0.0103,0.0103,0.0107,0.0107,0.0108,0.0108,0.0108,0.0109,0.0109,0.0109,0.0109,0.0109,0.0109,0.0110,0.0110,0.0110,0.0110,0.0110,0.0111,0.0111,0.0111,0.0111,0.0111,0.0111,0.0111,0.0111,0.0111,0.0111,0.0111,0.0112,0.0112,0.0112,0.0112,0.0112,0.0112,0.0112,0.0113,0.0113,0.0113,0.0113,0.0113,0.0113,0.0113,0.0113,0.0113,0.0113,0.0113,0.0113,0.0113,0.0113,0.0113,0.0114,0.0114,0.0119,0.0119,0.0119,0.0121,0.0124,0.0124,0.0124,0.0124,0.0124,0.0124,0.0124,0.0124,0.0124,0.0134,0.0134,0.0134,0.0134,0.0134,0.0134,0.0134,0.0134,0.0134,0.0134,0.0134,0.0134,0.0135,0.0135,0.0135,0.0135,0.0135,0.0135,0.0135,0.0135,0.0135,0.0135,0.0135,0.0135,0.0135,0.0135,0.0135,0.0135,0.0135,0.0135,0.0135,0.0135,0.0135,0.0135,0.0135,0.0135,0.0135,0.0135,0.0135,0.0135,0.0135,0.0135,0.0135,0.0135,0.0135,0.0135,0.0135,0.0135,0.0135,0.0135,0.0135,0.0135,0.0135,0.0135,0.0135,0.0135,0.0135,0.0135,0.0135,0.0135,0.0135,0.0135,0.0135,0.0135,0.0135
45131.4583333,0.0041,0.0041,0.0041,0.0041,0.0041,0.0041,0.0041,0.0048,0.0048,0.0048,0.0048,0.0048,0.0048,0.0053,0.0053,0.0053,0.0053,0.0053,0.0053,0.0053,0.0053,0.0054,0.0054,0.0054,0.0054,0.0054,0.0054,0.0054,0.0055,0.0055,0.0055,0.0055,0.0055,0.0055,0.0055,0.0055,0.0055,0.0055,0.0055,0.0059,0.0059,0.0059,0.0059,0.0059,0.0059,0.0059,0.0059,0.0063,0.0063,0.0063,0.0063,0.0063,0.0064,0.0064,0.0064,0.0064,0.0064,0.0064,0.0064,0.0064,0.0064,0.0065,0.0065,0.0065,0.0065,0.0065,0.0065,0.0067,0.0067,0.0067,0.0067,0.0067,0.0067,0.0067,0.0067,0.0067,0.0067,0.0068,0.0068,0.0069,0.0069,0.0069,0.0069,0.0070,0.0070,0.0070,0.0070,0.0070,0.0070,0.0070,0.0070,0.0071,0.0071,0.0071,0.0071,0.0071,0.0071,0.0071,0.0071,0.0071,0.0071,0.0071,0.0103,0.0103,0.0103,0.0103,0.0103,0.0107,0.0107,0.0108,0.0108,0.0108,0.0109,0.0109,0.0109,0.0109,0.0109,0.0109,0.0110,0.0110,0.0110,0.0110,0.0110,0.0110,0.0111,0.0111,0.0111,0.0111,0.0111,0.0111,0.0111,0.0111,0.0111,0.0111,0.0112,0.0112,0.0112,0.0112,0.0112,0.0112,0.0112,0.0113,0.0113,0.0113,0.0113,0.0113,0.0113,0.0113,0.0113,0.0113,0.0113,0.0113,0.0113,0.0113,0.0113,0.0113,0.0114,0.0114,0.0119,0.0119,0.0119,0.0121,0.0124,0.0124,0.0124,0.0124,0.0124,0.0124,0.0124,0.0124,0.0124,0.0134,0.0134,0.0134,0.0134,0.0134,0.0134,0.0134,0.0134,0.0134,0.0134,0.0134,0.0134,0.0135,0.0135,0.0135,0.0135,0.0135,0.0135,0.0135,0.0135,0.0135,0.0135,0.0135,0.0135,0.0135,0.0135,0.0135,0.0135,0.0135,0.0135,0.0135,0.0135,0.0135,0.0135,0.0135,0.0135,0.0135,0.0135,0.0135,0.0135,0.0135,0.0135,0.0135,0.0135,0.0135,0.0135,0.0135,0.0135,0.0135,0.0135,0.0135,0.0135,0.0135,0.0135,0.0135,0.0135,0.0135,0.0135,0.0135,0.0135,0.0135,0.0135,0.0135,0.0135,0.0135
45131.5000000,0.0041,0.0041,0.0041,0.0041,0.0041,0.0041,0.0041,0.0048,0.0048,0.0048,0.0048,0.0048,0.0048,0.0053,0.0053,0.0053,0.0053,0.0053,0.0053,0.0053,0.0053,0.0054,0.0054,0.0054,0.0054,0.0054,0.0054,0.0054,0.0055,0.0055,0.0055,0.0055,0.0055,0.0055,0.0055,0.0055,0.0055,0.0055,0.0055,0.0059,0.0059,0.0059,0.0059,0.0059,0.0059,0.0059,0.0059,0.0063,0.0063,0.0063,0.0063,0.0063,0.0064,0.0064,0.0064,0.0064,0.0064,0.0064,0.0064,0.0064,0.0064,0.0065,0.0065,0.0065,0.0065,0.0065,0.0065,0.0067,0.0067,0.0067,0.0067,0.0067,0.0067,0.0067,0.0067,0.0067,0.0067,0.0068,0.0068,0.0069,0.0069,0.0069,0.0069,0.0070,0.0070,0.0070,0.0070,0.0070,0.0070,0.0070,0.0070,0.0071,0.0071,0.0071,0.0071,0.0071,0.0071,0.0071,0.0071,0.0071,0.0071,0.0071,0.0103,0.0103,0.0103,0.0103,0.0103,0.0107,0.0107,0.0108,0.0108,0.0108,0.0109,0.0109,0.0109,0.0109,0.0109,0.0109,0.0110,0.0110,0.0110,0.0110,0.0110,0.0110,0.0111,0.0111,0.0111,0.0111,0.0111,0.0111,0.0111,0.0111,0.0111,0.0111,0.0112,0.0112,0.0112,0.0112,0.0112,0.0112,0.0112,0.0112,0.0112,0.0113,0.0113,0.0113,0.0113,0.0113,0.0113,0.0113,0.0113,0.0113,0.0113,0.0113,0.0113,0.0113,0.0113,0.0114,0.0119,0.0119,0.0119,0.0121,0.0124,0.0124,0.0124,0.0124,0.0124,0.0124,0.0124,0.0124,0.0124,0.0134,0.0134,0.0134,0.0134,0.0134,0.0134,0.0134,0.0134,0.0134,0.0134,0.0134,0.0134,0.0135,0.0135,0.0135,0.0135,0.0135,0.0135,0.0135,0.0135,0.0135,0.0135,0.0135,0.0135,0.0135,0.0135,0.0135,0.0135,0.0135,0.0135,0.0135,0.0135,0.0135,0.0135,0.0135,0.0135,0.0135,0.0135,0.0135,0.0135,0.0135,0.0135,0.0135,0.0135,0.0135,0.0135,0.0135,0.0135,0.0135,0.0135,0.0135,0.0135,0.0135,0.0135,0.0135,0.0135,0.0135,0.0135,0.0135,0.0135,0.0135,0.0135,0.0135,0.0135,0.0135
45131.5416667,0.0041,0.0041,0.0041,0.0041,0.0041,0.0041,0.0041,0.0048,0.0048,0.0048,0.0048,0.0048,0.0048,0.0053,0.0053,0.0053,0.0053,0.0053,0.0053,0.0053,0.0053,0.0054,0.0054,0.0054,0.0054,0.0054,0.0054,0.0054,0.0055,0.0055,0.0055,0.0055,0.0055,0.0055,0.0055,0.0055,0.0055,0.0055,0.0055,0.0059,0.0059,0.0059,0.0059,0.0059,0.0059,0.0059,0.0059,0.0063,0.0063,0.0063,0.0063,0.0063,0.0064,0.0064,0.0064,0.0064,0.0064,0.0064,0.0064,0.0064,0.0064,0.0065,0.0065,0.0065,0.0065,0.0065,0.0065,0.0067,0.0067,0.0067,0.0067,0.0067,0.0067,0.0067,0.0067,0.0067,0.0067,0.0068,0.0068,0.0069,0.0069,0.0069,0.0069,0.0070,0.0070,0.0070,0.0070,0.0070,0.0070,0.0070,0.0070,0.0071,0.0071,0.0071,0.0071,0.0071,0.0071,0.0071,0.0071,0.0071,0.0071,0.0071,0.0103,0.0103,0.0103,0.0103,0.0103,0.0107,0.0107,0.0108,0.0108,0.0108,0.0109,0.0109,0.0109,0.0109,0.0109,0.0109,0.0110,0.0110,0.0110,0.0110,0.0110,0.0110,0.0111,0.0111,0.0111,0.0111,0.0111,0.0111,0.0111,0.0111,0.0111,0.0111,0.0112,0.0112,0.0112,0.0112,0.0112,0.0112,0.0112,0.0112,0.0112,0.0113,0.0113,0.0113,0.0113,0.0113,0.0113,0.0113,0.0113,0.0113,0.0113,0.0113,0.0113,0.0113,0.0113,0.0113,0.0119,0.0119,0.0119,0.0121,0.0124,0.0124,0.0124,0.0124,0.0124,0.0124,0.0124,0.0124,0.0124,0.0134,0.0134,0.0134,0.0134,0.0134,0.0134,0.0134,0.0134,0.0134,0.0134,0.0134,0.0134,0.0135,0.0135,0.0135,0.0135,0.0135,0.0135,0.0135,0.0135,0.0135,0.0135,0.0135,0.0135,0.0135,0.0135,0.0135,0.0135,0.0135,0.0135,0.0135,0.0135,0.0135,0.0135,0.0135,0.0135,0.0135,0.0135,0.0135,0.0135,0.0135,0.0135,0.0135,0.0135,0.0135,0.0135,0.0135,0.0135,0.0135,0.0135,0.0135,0.0135,0.0135,0.0135,0.0135,0.0135,0.0135,0.0135,0.0135,0.0135,0.0135,0.0135,0.0135,0.0135,0.0135
45131.5833333,0.0041,0.0041,0.0041,0.0041,0.0041,0.0041,0.0041,0.0048,0.0048,0.0048,0.0048,0.0048,0.0048,0.0053,0.0053,0.0053,0.0053,0.0053,0.0053,0.0053,0.0053,0.0054,0.0054,0.0054,0.0054,0.0054,0.0054,0.0054,0.0055,0.0055,0.0055,0.0055,0.0055,0.0055,0.0055,0.0055,0.0055,0.0055,0.0055,0.0059,0.0059,0.0059,0.0059,0.0059,0.0059,0.0059,0.0059,0.0063,0.0063,0.0063,0.0063,0.0063,0.0064,0.0064,0.0064,0.0064,0.0064,0.0064,0.0064,0.0064,0.0064,0.0065,0.0065,0.0065,0.0065,0.0065,0.0065,0.0067,0.0067,0.0067,0.0067,0.0067,0.0067,0.0067,0.0067,0.0067,0.0067,0.0068,0.0068,0.0069,0.0069,0.0069,0.0069,0.0070,0.0070,0.0070,0.0070,0.0070,0.0070,0.0070,0.0070,0.0071,0.0071,0.0071,0.0071,0.0071,0.0071,0.0071,0.0071,0.0071,0.0071,0.0071,0.0103,0.0103,0.0103,0.0103,0.0103,0.0107,0.0107,0.0108,0.0108,0.0108,0.0109,0.0109,0.0109,0.0109,0.0109,0.0109,0.0110,0.0110,0.0110,0.0110,0.0110,0.0110,0.0111,0.0111,0.0111,0.0111,0.0111,0.0111,0.0111,0.0111,0.0111,0.0111,0.0112,0.0112,0.0112,0.0112,0.0112,0.0112,0.0112,0.0112,0.0112,0.0112,0.0113,0.0113,0.0113,0.0113,0.0113,0.0113,0.0113,0.0113,0.0113,0.0113,0.0113,0.0113,0.0113,0.0113,0.0119,0.0119,0.0119,0.0121,0.0124,0.0124,0.0124,0.0124,0.0124,0.0124,0.0124,0.0124,0.0124,0.0134,0.0134,0.0134,0.0134,0.0134,0.0134,0.0134,0.0134,0.0134,0.0134,0.0134,0.0134,0.0135,0.0135,0.0135,0.0135,0.0135,0.0135,0.0135,0.0135,0.0135,0.0135,0.0135,0.0135,0.0135,0.0135,0.0135,0.0135,0.0135,0.0135,0.0135,0.0135,0.0135,0.0135,0.0135,0.0135,0.0135,0.0135,0.0135,0.0135,0.0135,0.0135,0.0135,0.0135,0.0135,0.0135,0.0135,0.0135,0.0135,0.0135,0.0135,0.0135,0.0135,0.0135,0.0135,0.0135,0.0135,0.0135,0.0135,0.0135,0.0135,0.0135,0.0135,0.0135,0.0135
45131.6250000,0.0041,0.0041,0.0041,0.0041,0.0041,0.0041,0.0041,0.0048,0.0048,0.0048,0.0048,0.0048,0.0048,0.0053,0.0053,0.0053,0.0053,0.0053,0.0053,0.0053,0.0053,0.0054,0.0054,0.0054,0.0054,0.0054,0.0054,0.0054,0.0055,0.0055,0.0055,0.0055,0.0055,0.0055,0.0055,0.0055,0.0055,0.0055,0.0055,0.0059,0.0059,0.0059,0.0059,0.0059,0.0059,0.0059,0.0059,0.0063,0.0063,0.0063,0.0063,0.0063,0.0064,0.0064,0.0064,0.0064,0.0064,0.0064,0.0064,0.0064,0.0064,0.0065,0.0065,0.0065,0.0065,0.0065,0.0065,0.0067,0.0067,0.0067,0.0067,0.0067,0.0067,0.0067,0.0067,0.0067,0.0067,0.0068,0.0068,0.0069,0.0069,0.0069,0.0069,0.0070,0.0070,0.0070,0.0070,0.0070,0.0070,0.0070,0.0070,0.0071,0.0071,0.0071,0.0071,0.0071,0.0071,0.0071,0.0071,0.0071,0.0071,0.0071,0.0103,0.0103,0.0103,0.0103,0.0103,0.0107,0.0107,0.0108,0.0108,0.0108,0.0109,0.0109,0.0109,0.0109,0.0109,0.0109,0.0110,0.0110,0.0110,0.0110,0.0110,0.0110,0.0111,0.0111,0.0111,0.0111,0.0111,0.0111,0.0111,0.0111,0.0111,0.0111,0.0112,0.0112,0.0112,0.0112,0.0112,0.0112,0.0112,0.0112,0.0112,0.0112,0.0113,0.0113,0.0113,0.0113,0.0113,0.0113,0.0113,0.0113,0.0113,0.0113,0.0113,0.0113,0.0113,0.0113,0.0119,0.0119,0.0119,0.0121,0.0124,0.0124,0.0124,0.0124,0.0124,0.0124,0.0124,0.0124,0.0124,0.0134,0.0134,0.0134,0.0134,0.0134,0.0134,0.0134,0.0134,0.0134,0.0134,0.0134,0.0134,0.0135,0.0135,0.0135,0.0135,0.0135,0.0135,0.0135,0.0135,0.0135,0.0135,0.0135,0.0135,0.0135,0.0135,0.0135,0.0135,0.0135,0.0135,0.0135,0.0135,0.0135,0.0135,0.0135,0.0135,0.0135,0.0135,0.0135,0.0135,0.0135,0.0135,0.0135,0.0135,0.0135,0.0135,0.0135,0.0135,0.0135,0.0135,0.0135,0.0135,0.0135,0.0135,0.0135,0.0135,0.0135,0.0135,0.0135,0.0135,0.0135,0.0135,0.0135,0.0135,0.0135
45131.6666667,0.0041,0.0041,0.0041,0.0041,0.0041,0.0041,0.0041,0.0048,0.0048,0.0048,0.0048,0.0048,0.0048,0.0053,0.0053,0.0053,0.0053,0.0053,0.0053,0.0053,0.0053,0.0054,0.0054,0.0054,0.0054,0.0054,0.0054,0.0054,0.0055,0.0055,0.0055,0.0055,0.0055,0.0055,0.0055,0.0055,0.0055,0.0055,0.0055,0.0059,0.0059,0.0059,0.0059,0.0059,0.0059,0.0059,0.0059,0.0063,0.0063,0.0063,0.0063,0.0063,0.0064,0.0064,0.0064,0.0064,0.0064,0.0064,0.0064,0.0064,0.0064,0.0065,0.0065,0.0065,0.0065,0.0065,0.0065,0.0067,0.0067,0.0067,0.0067,0.0067,0.0067,0.0067,0.0067,0.0067,0.0067,0.0068,0.0068,0.0069,0.0069,0.0069,0.0069,0.0070,0.0070,0.0070,0.0070,0.0070,0.0070,0.0070,0.0070,0.0071,0.0071,0.0071,0.0071,0.0071,0.0071,0.0071,0.0071,0.0071,0.0071,0.0071,0.0103,0.0103,0.0103,0.0103,0.0103,0.0107,0.0107,0.0108,0.0108,0.0108,0.0109,0.0109,0.0109,0.0109,0.0109,0.0109,0.0110,0.0110,0.0110,0.0110,0.0110,0.0110,0.0111,0.0111,0.0111,0.0111,0.0111,0.0111,0.0111,0.0111,0.0111,0.0111,0.0112,0.0112,0.0112,0.0112,0.0112,0.0112,0.0112,0.0112,0.0112,0.0112,0.0113,0.0113,0.0113,0.0113,0.0113,0.0113,0.0113,0.0113,0.0113,0.0113,0.0113,0.0113,0.0113,0.0113,0.0119,0.0119,0.0119,0.0121,0.0124,0.0124,0.0124,0.0124,0.0124,0.0124,0.0124,0.0124,0.0124,0.0134,0.0134,0.0134,0.0134,0.0134,0.0134,0.0134,0.0134,0.0134,0.0134,0.0134,0.0134,0.0135,0.0135,0.0135,0.0135,0.0135,0.0135,0.0135,0.0135,0.0135,0.0135,0.0135,0.0135,0.0135,0.0135,0.0135,0.0135,0.0135,0.0135,0.0135,0.0135,0.0135,0.0135,0.0135,0.0135,0.0135,0.0135,0.0135,0.0135,0.0135,0.0135,0.0135,0.0135,0.0135,0.0135,0.0135,0.0135,0.0135,0.0135,0.0135,0.0135,0.0135,0.0135,0.0135,0.0135,0.0135,0.0135,0.0135,0.0135,0.0135,0.0135,0.0135,0.0135,0.0135
45131.7083333,0.0041,0.0041,0.0041,0.0041,0.0041,0.0041,0.0041,0.0048,0.0048,0.0048,0.0048,0.0048,0.0048,0.0053,0.0053,0.0053,0.0053,0.0053,0.0053,0.0053,0.0053,0.0054,0.0054,0.0054,0.0054,0.0054,0.0054,0.0054,0.0055,0.0055,0.0055,0.0055,0.0055,0.0055,0.0055,0.0055,0.0055,0.0055,0.0055,0.0059,0.0059,0.0059,0.0059,0.0059,0.0059,0.0059,0.0059,0.0063,0.0063,0.0063,0.0063,0.0063,0.0064,0.0064,0.0064,0.0064,0.0064,0.0064,0.0064,0.0064,0.0064,0.0065,0.0065,0.0065,0.0065,0.0065,0.0065,0.0067,0.0067,0.0067,0.0067,0.0067,0.0067,0.0067,0.0067,0.0067,0.0067,0.0068,0.0068,0.0069,0.0069,0.0069,0.0069,0.0070,0.0070,0.0070,0.0070,0.0070,0.0070,0.0070,0.0070,0.0071,0.0071,0.0071,0.0071,0.0071,0.0071,0.0071,0.0071,0.0071,0.0071,0.0071,0.0103,0.0103,0.0103,0.0103,0.0103,0.0107,0.0107,0.0108,0.0108,0.0108,0.0109,0.0109,0.0109,0.0109,0.0109,0.0109,0.0110,0.0110,0.0110,0.0110,0.0110,0.0110,0.0111,0.0111,0.0111,0.0111,0.0111,0.0111,0.0111,0.0111,0.0111,0.0111,0.0112,0.0112,0.0112,0.0112,0.0112,0.0112,0.0112,0.0112,0.0112,0.0112,0.0113,0.0113,0.0113,0.0113,0.0113,0.0113,0.0113,0.0113,0.0113,0.0113,0.0113,0.0113,0.0113,0.0113,0.0119,0.0119,0.0119,0.0121,0.0124,0.0124,0.0124,0.0124,0.0124,0.0124,0.0124,0.0124,0.0124,0.0134,0.0134,0.0134,0.0134,0.0134,0.0134,0.0134,0.0134,0.0134,0.0134,0.0134,0.0134,0.0135,0.0135,0.0135,0.0135,0.0135,0.0135,0.0135,0.0135,0.0135,0.0135,0.0135,0.0135,0.0135,0.0135,0.0135,0.0135,0.0135,0.0135,0.0135,0.0135,0.0135,0.0135,0.0135,0.0135,0.0135,0.0135,0.0135,0.0135,0.0135,0.0135,0.0135,0.0135,0.0135,0.0135,0.0135,0.0135,0.0135,0.0135,0.0135,0.0135,0.0135,0.0135,0.0135,0.0135,0.0135,0.0135,0.0135,0.0135,0.0135,0.0135,0.0135,0.0135,0.0135
45131.7500000,0.0041,0.0041,0.0041,0.0041,0.0041,0.0041,0.0041,0.0048,0.0048,0.0048,0.0048,0.0048,0.0048,0.0053,0.0053,0.0053,0.0053,0.0053,0.0053,0.0053,0.0053,0.0054,0.0054,0.0054,0.0054,0.0054,0.0054,0.0054,0.0055,0.0055,0.0055,0.0055,0.0055,0.0055,0.0055,0.0055,0.0055,0.0055,0.0055,0.0059,0.0059,0.0059,0.0059,0.0059,0.0059,0.0059,0.0059,0.0063,0.0063,0.0063,0.0063,0.0063,0.0064,0.0064,0.0064,0.0064,0.0064,0.0064,0.0064,0.0064,0.0064,0.0065,0.0065,0.0065,0.0065,0.0065,0.0065,0.0067,0.0067,0.0067,0.0067,0.0067,0.0067,0.0067,0.0067,0.0067,0.0067,0.0068,0.0068,0.0069,0.0069,0.0069,0.0069,0.0070,0.0070,0.0070,0.0070,0.0070,0.0070,0.0070,0.0070,0.0071,0.0071,0.0071,0.0071,0.0071,0.0071,0.0071,0.0071,0.0071,0.0071,0.0071,0.0103,0.0103,0.0103,0.0103,0.0103,0.0107,0.0107,0.0108,0.0108,0.0108,0.0109,0.0109,0.0109,0.0109,0.0109,0.0109,0.0110,0.0110,0.0110,0.0110,0.0110,0.0110,0.0111,0.0111,0.0111,0.0111,0.0111,0.0111,0.0111,0.0111,0.0111,0.0111,0.0112,0.0112,0.0112,0.0112,0.0112,0.0112,0.0112,0.0112,0.0112,0.0112,0.0113,0.0113,0.0113,0.0113,0.0113,0.0113,0.0113,0.0113,0.0113,0.0113,0.0113,0.0113,0.0113,0.0113,0.0119,0.0119,0.0119,0.0121,0.0124,0.0124,0.0124,0.0124,0.0124,0.0124,0.0124,0.0124,0.0124,0.0134,0.0134,0.0134,0.0134,0.0134,0.0134,0.0134,0.0134,0.0134,0.0134,0.0134,0.0134,0.0135,0.0135,0.0135,0.0135,0.0135,0.0135,0.0135,0.0135,0.0135,0.0135,0.0135,0.0135,0.0135,0.0135,0.0135,0.0135,0.0135,0.0135,0.0135,0.0135,0.0135,0.0135,0.0135,0.0135,0.0135,0.0135,0.0135,0.0135,0.0135,0.0135,0.0135,0.0135,0.0135,0.0135,0.0135,0.0135,0.0135,0.0135,0.0135,0.0135,0.0135,0.0135,0.0135,0.0135,0.0135,0.0135,0.0135,0.0135,0.0135,0.0135,0.0135,0.0135,0.0135
45131.7916667,0.0041,0.0041,0.0041,0.0041,0.0041,0.0041,0.0041,0.0048,0.0048,0.0048,0.0048,0.0048,0.0048,0.0053,0.0053,0.0053,0.0053,0.0053,0.0053,0.0053,0.0053,0.0054,0.0054,0.0054,0.0054,0.0054,0.0054,0.0054,0.0055,0.0055,0.0055,0.0055,0.0055,0.0055,0.0055,0.0055,0.0055,0.0055,0.0055,0.0059,0.0059,0.0059,0.0059,0.0059,0.0059,0.0059,0.0059,0.0063,0.0063,0.0063,0.0063,0.0063,0.0064,0.0064,0.0064,0.0064,0.0064,0.0064,0.0064,0.0064,0.0064,0.0065,0.0065,0.0065,0.0065,0.0065,0.0065,0.0067,0.0067,0.0067,0.0067,0.0067,0.0067,0.0067,0.0067,0.0067,0.0067,0.0068,0.0068,0.0069,0.0069,0.0069,0.0069,0.0070,0.0070,0.0070,0.0070,0.0070,0.0070,0.0070,0.0070,0.0071,0.0071,0.0071,0.0071,0.0071,0.0071,0.0071,0.0071,0.0071,0.0071,0.0071,0.0103,0.0103,0.0103,0.0103,0.0103,0.0107,0.0107,0.0108,0.0108,0.0108,0.0109,0.0109,0.0109,0.0109,0.0109,0.0109,0.0110,0.0110,0.0110,0.0110,0.0110,0.0110,0.0111,0.0111,0.0111,0.0111,0.0111,0.0111,0.0111,0.0111,0.0111,0.0111,0.0112,0.0112,0.0112,0.0112,0.0112,0.0112,0.0112,0.0112,0.0112,0.0112,0.0113,0.0113,0.0113,0.0113,0.0113,0.0113,0.0113,0.0113,0.0113,0.0113,0.0113,0.0113,0.0113,0.0113,0.0119,0.0119,0.0119,0.0121,0.0124,0.0124,0.0124,0.0124,0.0124,0.0124,0.0124,0.0124,0.0124,0.0134,0.0134,0.0134,0.0134,0.0134,0.0134,0.0134,0.0134,0.0134,0.0134,0.0134,0.0134,0.0135,0.0135,0.0135,0.0135,0.0135,0.0135,0.0135,0.0135,0.0135,0.0135,0.0135,0.0135,0.0135,0.0135,0.0135,0.0135,0.0135,0.0135,0.0135,0.0135,0.0135,0.0135,0.0135,0.0135,0.0135,0.0135,0.0135,0.0135,0.0135,0.0135,0.0135,0.0135,0.0135,0.0135,0.0135,0.0135,0.0135,0.0135,0.0135,0.0135,0.0135,0.0135,0.0135,0.0135,0.0135,0.0135,0.0135,0.0135,0.0135,0.0135,0.0135,0.0135,0.0135
45131.8333333,0.0041,0.0041,0.0041,0.0041,0.0041,0.0041,0.0041,0.0048,0.0048,0.0048,0.0048,0.0048,0.0048,0.0053,0.0053,0.0053,0.0053,0.0053,0.0053,0.0053,0.0053,0.0054,0.0054,0.0054,0.0054,0.0054,0.0054,0.0054,0.0055,0.0055,0.0055,0.0055,0.0055,0.0055,0.0055,0.0055,0.0055,0.0055,0.0055,0.0059,0.0059,0.0059,0.0059,0.0059,0.0059,0.0059,0.0059,0.0063,0.0063,0.0063,0.0063,0.0063,0.0064,0.0064,0.0064,0.0064,0.0064,0.0064,0.0064,0.0064,0.0064,0.0065,0.0065,0.0065,0.0065,0.0065,0.0065,0.0067,0.0067,0.0067,0.0067,0.0067,0.0067,0.0067,0.0067,0.0067,0.0067,0.0068,0.0068,0.0069,0.0069,0.0069,0.0069,0.0070,0.0070,0.0070,0.0070,0.0070,0.0070,0.0070,0.0070,0.0071,0.0071,0.0071,0.0071,0.0071,0.0071,0.0071,0.0071,0.0071,0.0071,0.0071,0.0103,0.0103,0.0103,0.0103,0.0103,0.0107,0.0107,0.0108,0.0108,0.0108,0.0109,0.0109,0.0109,0.0109,0.0109,0.0109,0.0110,0.0110,0.0110,0.0110,0.0110,0.0110,0.0111,0.0111,0.0111,0.0111,0.0111,0.0111,0.0111,0.0111,0.0111,0.0111,0.0112,0.0112,0.0112,0.0112,0.0112,0.0112,0.0112,0.0112,0.0112,0.0112,0.0113,0.0113,0.0113,0.0113,0.0113,0.0113,0.0113,0.0113,0.0113,0.0113,0.0113,0.0113,0.0113,0.0113,0.0119,0.0119,0.0119,0.0121,0.0124,0.0124,0.0124,0.0124,0.0124,0.0124,0.0124,0.0124,0.0124,0.0134,0.0134,0.0134,0.0134,0.0134,0.0134,0.0134,0.0134,0.0134,0.0134,0.0134,0.0134,0.0135,0.0135,0.0135,0.0135,0.0135,0.0135,0.0135,0.0135,0.0135,0.0135,0.0135,0.0135,0.0135,0.0135,0.0135,0.0135,0.0135,0.0135,0.0135,0.0135,0.0135,0.0135,0.0135,0.0135,0.0135,0.0135,0.0135,0.0135,0.0135,0.0135,0.0135,0.0135,0.0135,0.0135,0.0135,0.0135,0.0135,0.0135,0.0135,0.0135,0.0135,0.0135,0.0135,0.0135,0.0135,0.0135,0.0135,0.0135,0.0135,0.0135,0.0135,0.0135,0.0135
45131.8750000,0.0041,0.0041,0.0041,0.0041,0.0041,0.0041,0.0041,0.0048,0.0048,0.0048,0.0048,0.0048,0.0048,0.0053,0.0053,0.0053,0.0053,0.0053,0.0053,0.0053,0.0053,0.0054,0.0054,0.0054,0.0054,0.0054,0.0054,0.0054,0.0055,0.0055,0.0055,0.0055,0.0055,0.0055,0.0055,0.0055,0.0055,0.0055,0.0055,0.0059,0.0059,0.0059,0.0059,0.0059,0.0059,0.0059,0.0059,0.0063,0.0063,0.0063,0.0063,0.0063,0.0064,0.0064,0.0064,0.0064,0.0064,0.0064,0.0064,0.0064,0.0064,0.0065,0.0065,0.0065,0.0065,0.0065,0.0065,0.0067,0.0067,0.0067,0.0067,0.0067,0.0067,0.0067,0.0067,0.0067,0.0067,0.0068,0.0068,0.0069,0.0069,0.0069,0.0069,0.0070,0.0070,0.0070,0.0070,0.0070,0.0070,0.0070,0.0070,0.0071,0.0071,0.0071,0.0071,0.0071,0.0071,0.0071,0.0071,0.0071,0.0071,0.0071,0.0103,0.0103,0.0103,0.0103,0.0103,0.0107,0.0107,0.0108,0.0108,0.0108,0.0109,0.0109,0.0109,0.0109,0.0109,0.0109,0.0110,0.0110,0.0110,0.0110,0.0110,0.0110,0.0111,0.0111,0.0111,0.0111,0.0111,0.0111,0.0111,0.0111,0.0111,0.0111,0.0112,0.0112,0.0112,0.0112,0.0112,0.0112,0.0112,0.0112,0.0112,0.0112,0.0113,0.0113,0.0113,0.0113,0.0113,0.0113,0.0113,0.0113,0.0113,0.0113,0.0113,0.0113,0.0113,0.0113,0.0119,0.0119,0.0119,0.0121,0.0124,0.0124,0.0124,0.0124,0.0124,0.0124,0.0124,0.0124,0.0124,0.0134,0.0134,0.0134,0.0134,0.0134,0.0134,0.0134,0.0134,0.0134,0.0134,0.0134,0.0134,0.0135,0.0135,0.0135,0.0135,0.0135,0.0135,0.0135,0.0135,0.0135,0.0135,0.0135,0.0135,0.0135,0.0135,0.0135,0.0135,0.0135,0.0135,0.0135,0.0135,0.0135,0.0135,0.0135,0.0135,0.0135,0.0135,0.0135,0.0135,0.0135,0.0135,0.0135,0.0135,0.0135,0.0135,0.0135,0.0135,0.0135,0.0135,0.0135,0.0135,0.0135,0.0135,0.0135,0.0135,0.0135,0.0135,0.0135,0.0135,0.0135,0.0135,0.0135,0.0135,0.0135
45131.9166667,0.0041,0.0041,0.0041,0.0041,0.0041,0.0041,0.0041,0.0048,0.0048,0.0048,0.0048,0.0048,0.0048,0.0053,0.0053,0.0053,0.0053,0.0053,0.0053,0.0053,0.0053,0.0054,0.0054,0.0054,0.0054,0.0054,0.0054,0.0054,0.0055,0.0055,0.0055,0.0055,0.0055,0.0055,0.0055,0.0055,0.0055,0.0055,0.0055,0.0059,0.0059,0.0059,0.0059,0.0059,0.0059,0.0059,0.0059,0.0063,0.0063,0.0063,0.0063,0.0063,0.0064,0.0064,0.0064,0.0064,0.0064,0.0064,0.0064,0.0064,0.0064,0.0065,0.0065,0.0065,0.0065,0.0065,0.0065,0.0067,0.0067,0.0067,0.0067,0.0067,0.0067,0.0067,0.0067,0.0067,0.0067,0.0068,0.0068,0.0069,0.0069,0.0069,0.0069,0.0070,0.0070,0.0070,0.0070,0.0070,0.0070,0.0070,0.0070,0.0071,0.0071,0.0071,0.0071,0.0071,0.0071,0.0071,0.0071,0.0071,0.0071,0.0071,0.0103,0.0103,0.0103,0.0103,0.0103,0.0107,0.0107,0.0108,0.0108,0.0108,0.0109,0.0109,0.0109,0.0109,0.0109,0.0109,0.0110,0.0110,0.0110,0.0110,0.0110,0.0110,0.0111,0.0111,0.0111,0.0111,0.0111,0.0111,0.0111,0.0111,0.0111,0.0111,0.0112,0.0112,0.0112,0.0112,0.0112,0.0112,0.0112,0.0112,0.0112,0.0112,0.0113,0.0113,0.0113,0.0113,0.0113,0.0113,0.0113,0.0113,0.0113,0.0113,0.0113,0.0113,0.0113,0.0113,0.0119,0.0119,0.0119,0.0121,0.0124,0.0124,0.0124,0.0124,0.0124,0.0124,0.0124,0.0124,0.0124,0.0134,0.0134,0.0134,0.0134,0.0134,0.0134,0.0134,0.0134,0.0134,0.0134,0.0134,0.0134,0.0135,0.0135,0.0135,0.0135,0.0135,0.0135,0.0135,0.0135,0.0135,0.0135,0.0135,0.0135,0.0135,0.0135,0.0135,0.0135,0.0135,0.0135,0.0135,0.0135,0.0135,0.0135,0.0135,0.0135,0.0135,0.0135,0.0135,0.0135,0.0135,0.0135,0.0135,0.0135,0.0135,0.0135,0.0135,0.0135,0.0135,0.0135,0.0135,0.0135,0.0135,0.0135,0.0135,0.0135,0.0135,0.0135,0.0135,0.0135,0.0135,0.0135,0.0135,0.0135,0.0135
45131.9583333,0.0041,0.0041,0.0041,0.0041,0.0041,0.0041,0.0041,0.0048,0.0048,0.0048,0.0048,0.0048,0.0048,0.0053,0.0053,0.0053,0.0053,0.0053,0.0053,0.0053,0.0053,0.0054,0.0054,0.0054,0.0054,0.0054,0.0054,0.0054,0.0055,0.0055,0.0055,0.0055,0.0055,0.0055,0.0055,0.0055,0.0055,0.0055,0.0055,0.0059,0.0059,0.0059,0.0059,0.0059,0.0059,0.0059,0.0059,0.0063,0.0063,0.0063,0.0063,0.0063,0.0064,0.0064,0.0064,0.0064,0.0064,0.0064,0.0064,0.0064,0.0064,0.0065,0.0065,0.0065,0.0065,0.0065,0.0065,0.0067,0.0067,0.0067,0.0067,0.0067,0.0067,0.0067,0.0067,0.0067,0.0067,0.0068,0.0068,0.0069,0.0069,0.0069,0.0069,0.0070,0.0070,0.0070,0.0070,0.0070,0.0070,0.0070,0.0070,0.0071,0.0071,0.0071,0.0071,0.0071,0.0071,0.0071,0.0071,0.0071,0.0071,0.0071,0.0103,0.0103,0.0103,0.0103,0.0103,0.0107,0.0107,0.0108,0.0108,0.0108,0.0109,0.0109,0.0109,0.0109,0.0109,0.0109,0.0110,0.0110,0.0110,0.0110,0.0110,0.0110,0.0111,0.0111,0.0111,0.0111,0.0111,0.0111,0.0111,0.0111,0.0111,0.0111,0.0112,0.0112,0.0112,0.0112,0.0112,0.0112,0.0112,0.0112,0.0112,0.0112,0.0113,0.0113,0.0113,0.0113,0.0113,0.0113,0.0113,0.0113,0.0113,0.0113,0.0113,0.0113,0.0113,0.0113,0.0119,0.0119,0.0119,0.0121,0.0124,0.0124,0.0124,0.0124,0.0124,0.0124,0.0124,0.0124,0.0124,0.0134,0.0134,0.0134,0.0134,0.0134,0.0134,0.0134,0.0134,0.0134,0.0134,0.0134,0.0134,0.0135,0.0135,0.0135,0.0135,0.0135,0.0135,0.0135,0.0135,0.0135,0.0135,0.0135,0.0135,0.0135,0.0135,0.0135,0.0135,0.0135,0.0135,0.0135,0.0135,0.0135,0.0135,0.0135,0.0135,0.0135,0.0135,0.0135,0.0135,0.0135,0.0135,0.0135,0.0135,0.0135,0.0135,0.0135,0.0135,0.0135,0.0135,0.0135,0.0135,0.0135,0.0135,0.0135,0.0135,0.0135,0.0135,0.0135,0.0135,0.0135,0.0135,0.0135,0.0135,0.0135
45132.0000000,0.0040,0.0040,0.0040,0.0040,0.0040,0.0040,0.0040,0.0047,0.0047,0.0047,0.0048,0.0048,0.0048,0.0053,0.0053,0.0053,0.0053,0.0053,0.0053,0.0053,0.0053,0.0054,0.0054,0.0054,0.0054,0.0054,0.0054,0.0054,0.0054,0.0055,0.0055,0.0055,0.0055,0.0055,0.0055,0.0055,0.0055,0.0055,0.0055,0.0059,0.0059,0.0059,0.0059,0.0059,0.0059,0.0059,0.0059,0.0063,0.0063,0.0063,0.0063,0.0063,0.0064,0.0064,0.0064,0.0064,0.0064,0.0064,0.0064,0.0064,0.0064,0.0065,0.0065,0.0065,0.0065,0.0065,0.0065,0.0066,0.0067,0.0067,0.0067,0.0067,0.0067,0.0067,0.0067,0.0067,0.0067,0.0068,0.0068,0.0069,0.0069,0.0069,0.0069,0.0070,0.0070,0.0070,0.0070,0.0070,0.0070,0.0070,0.0070,0.0071,0.0071,0.0071,0.0071,0.0071,0.0071,0.0071,0.0071,0.0071,0.0071,0.0071,0.0102,0.0102,0.0102,0.0103,0.0103,0.0107,0.0107,0.0107,0.0108,0.0108,0.0109,0.0109,0.0109,0.0109,0.0109,0.0109,0.0110,0.0110,0.0110,0.0110,0.0110,0.0110,0.0110,0.0111,0.0111,0.0111,0.0111,0.0111,0.0111,0.0111,0.0111,0.0111,0.0112,0.0112,0.0112,0.0112,0.0112,0.0112,0.0112,0.0112,0.0112,0.0112,0.0113,0.0113,0.0113,0.0113,0.0113,0.0113,0.0113,0.0113,0.0113,0.0113,0.0113,0.0113,0.0113,0.0113,0.0119,0.0119,0.0119,0.0121,0.0123,0.0123,0.0124,0.0124,0.0124,0.0124,0.0124,0.0124,0.0124,0.0134,0.0134,0.0134,0.0134,0.0134,0.0134,0.0134,0.0134,0.0134,0.0134,0.0134,0.0134,0.0135,0.0135,0.0135,0.0135,0.0135,0.0135,0.0135,0.0135,0.0135,0.0135,0.0135,0.0135,0.0135,0.0135,0.0135,0.0135,0.0135,0.0135,0.0135,0.0135,0.0135,0.0135,0.0135,0.0135,0.0135,0.0135,0.0135,0.0135,0.0135,0.0135,0.0135,0.0135,0.0135,0.0135,0.0135,0.0135,0.0135,0.0135,0.0135,0.0135,0.0135,0.0135,0.0135,0.0135,0.0135,0.0135,0.0135,0.0135,0.0135,0.0135,0.0135,0.0135,0.0135
45132.0416667,0.0040,0.0040,0.0040,0.0040,0.0040,0.0040,0.0040,0.0047,0.0047,0.0047,0.0047,0.0047,0.0047,0.0052,0.0052,0.0052,0.0052,0.0052,0.0052,0.0053,0.0053,0.0053,0.0053,0.0053,0.0053,0.0054,0.0054,0.0054,0.0054,0.0054,0.0054,0.0055,0.0055,0.0055,0.0055,0.0055,0.0055,0.0055,0.0055,0.0059,0.0059,0.0059,0.0059,0.0059,0.0059,0.0059,0.0059,0.0063,0.0063,0.0063,0.0063,0.0063,0.0063,0.0064,0.0064,0.0064,0.0064,0.0064,0.0064,0.0064,0.0064,0.0064,0.0064,0.0065,0.0065,0.0065,0.0065,0.0066,0.0066,0.0067,0.0067,0.0067,0.0067,0.0067,0.0067,0.0067,0.0067,0.0068,0.0068,0.0069,0.0069,0.0069,0.0069,0.0070,0.0070,0.0070,0.0070,0.0070,0.0070,0.0070,0.0070,0.0071,0.0071,0.0071,0.0071,0.0071,0.0071,0.0071,0.0071,0.0071,0.0071,0.0071,0.0102,0.0102,0.0102,0.0102,0.0102,0.0106,0.0106,0.0107,0.0107,0.0107,0.0108,0.0108,0.0108,0.0108,0.0109,0.0109,0.0109,0.0109,0.0109,0.0109,0.0110,0.0110,0.0110,0.0110,0.0110,0.0111,0.0111,0.0111,0.0111,0.0111,0.0111,0.0111,0.0112,0.0112,0.0112,0.0112,0.0112,0.0112,0.0112,0.0112,0.0112,0.0112,0.0113,0.0113,0.0113,0.0113,0.0113,0.0113,0.0113,0.0113,0.0113,0.0113,0.0113,0.0113,0.0113,0.0113,0.0119,0.0119,0.0119,0.0121,0.0123,0.0123,0.0124,0.0124,0.0124,0.0124,0.0124,0.0124,0.0124,0.0133,0.0134,0.0134,0.0134,0.0134,0.0134,0.0134,0.0134,0.0134,0.0134,0.0134,0.0134,0.0134,0.0134,0.0134,0.0134,0.0134,0.0134,0.0134,0.0134,0.0134,0.0134,0.0135,0.0135,0.0135,0.0135,0.0135,0.0135,0.0135,0.0135,0.0135,0.0135,0.0135,0.0135,0.0135,0.0135,0.0135,0.0135,0.0135,0.0135,0.0135,0.0135,0.0135,0.0135,0.0135,0.0135,0.0135,0.0135,0.0135,0.0135,0.0135,0.0135,0.0135,0.0135,0.0135,0.0135,0.0135,0.0135,0.0135,0.0135,0.0135,0.0135,0.0135,0.0135,0.0135
45132.0833333,0.0040,0.0040,0.0040,0.0040,0.0040,0.0040,0.0040,0.0047,0.0047,0.0047,0.0047,0.0047,0.0047,0.0052,0.0052,0.0052,0.0052,0.0052,0.0052,0.0052,0.0052,0.0052,0.0052,0.0053,0.0053,0.0053,0.0053,0.0053,0.0053,0.0053,0.0054,0.0054,0.0054,0.0054,0.0054,0.0055,0.0055,0.0055,0.0055,0.0059,0.0059,0.0059,0.0059,0.0059,0.0059,0.0059,0.0059,0.0063,0.0063,0.0063,0.0063,0.0063,0.0063,0.0064,0.0064,0.0064,0.0064,0.0064,0.0064,0.0064,0.0064,0.0064,0.0064,0.0064,0.0064,0.0064,0.0065,0.0066,0.0066,0.0067,0.0067,0.0067,0.0067,0.0067,0.0067,0.0067,0.0067,0.0068,0.0068,0.0068,0.0069,0.0069,0.0069,0.0070,0.0070,0.0070,0.0070,0.0070,0.0070,0.0070,0.0070,0.0071,0.0071,0.0071,0.0071,0.0071,0.0071,0.0071,0.0071,0.0071,0.0071,0.0071,0.0102,0.0102,0.0102,0.0102,0.0102,0.0106,0.0106,0.0107,0.0107,0.0107,0.0108,0.0108,0.0108,0.0108,0.0108,0.0108,0.0109,0.0109,0.0109,0.0109,0.0109,0.0110,0.0110,0.0110,0.0110,0.0110,0.0110,0.0110,0.0110,0.0111,0.0111,0.0111,0.0111,0.0111,0.0112,0.0112,0.0112,0.0112,0.0112,0.0112,0.0112,0.0112,0.0113,0.0113,0.0113,0.0113,0.0113,0.0113,0.0113,0.0113,0.0113,0.0113,0.0113,0.0113,0.0113,0.0113,0.0119,0.0119,0.0119,0.0121,0.0123,0.0123,0.0124,0.0124,0.0124,0.0124,0.0124,0.0124,0.0124,0.0133,0.0133,0.0133,0.0134,0.0134,0.0134,0.0134,0.0134,0.0134,0.0134,0.0134,0.0134,0.0134,0.0134,0.0134,0.0134,0.0134,0.0134,0.0134,0.0134,0.0134,0.0134,0.0134,0.0134,0.0134,0.0134,0.0134,0.0134,0.0134,0.0134,0.0134,0.0134,0.0135,0.0135,0.0135,0.0135,0.0135,0.0135,0.0135,0.0135,0.0135,0.0135,0.0135,0.0135,0.0135,0.0135,0.0135,0.0135,0.0135,0.0135,0.0135,0.0135,0.0135,0.0135,0.0135,0.0135,0.0135,0.0135,0.0135,0.0135,0.0135,0.0135,0.0135,0.0135,0.0135
45132.1250000,0.0040,0.0040,0.0040,0.0040,0.0040,0.0040,0.0040,0.0047,0.0047,0.0047,0.0047,0.0047,0.0047,0.0052,0.0052,0.0052,0.0052,0.0052,0.0052,0.0052,0.0052,0.0052,0.0052,0.0052,0.0052,0.0052,0.0053,0.0053,0.0053,0.0053,0.0053,0.0053,0.0053,0.0054,0.0054,0.0054,0.0054,0.0054,0.0054,0.0058,0.0058,0.0058,0.0058,0.0058,0.0058,0.0059,0.0059,0.0062,0.0062,0.0062,0.0063,0.0063,0.0063,0.0064,0.0064,0.0064,0.0064,0.0064,0.0064,0.0064,0.0064,0.0064,0.0064,0.0064,0.0064,0.0064,0.0065,0.0066,0.0066,0.0066,0.0066,0.0067,0.0067,0.0067,0.0067,0.0067,0.0067,0.0068,0.0068,0.0068,0.0069,0.0069,0.0069,0.0070,0.0070,0.0070,0.0070,0.0070,0.0070,0.0070,0.0070,0.0071,0.0071,0.0071,0.0071,0.0071,0.0071,0.0071,0.0071,0.0071,0.0071,0.0071,0.0102,0.0102,0.0102,0.0102,0.0102,0.0106,0.0106,0.0107,0.0107,0.0107,0.0108,0.0108,0.0108,0.0108,0.0108,0.0108,0.0108,0.0109,0.0109,0.0109,0.0109,0.0109,0.0109,0.0109,0.0110,0.0110,0.0110,0.0110,0.0110,0.0110,0.0110,0.0110,0.0111,0.0111,0.0111,0.0111,0.0112,0.0112,0.0112,0.0112,0.0112,0.0112,0.0112,0.0112,0.0112,0.0113,0.0113,0.0113,0.0113,0.0113,0.0113,0.0113,0.0113,0.0113,0.0113,0.0113,0.0119,0.0119,0.0119,0.0121,0.0123,0.0123,0.0124,0.0124,0.0124,0.0124,0.0124,0.0124,0.0124,0.0133,0.0133,0.0133,0.0134,0.0134,0.0134,0.0134,0.0134,0.0134,0.0134,0.0134,0.0134,0.0134,0.0134,0.0134,0.0134,0.0134,0.0134,0.0134,0.0134,0.0134,0.0134,0.0134,0.0134,0.0134,0.0134,0.0134,0.0134,0.0134,0.0134,0.0134,0.0134,0.0134,0.0134,0.0134,0.0134,0.0134,0.0134,0.0134,0.0134,0.0135,0.0135,0.0135,0.0135,0.0135,0.0135,0.0135,0.0135,0.0135,0.0135,0.0135,0.0135,0.0135,0.0135,0.0135,0.0135,0.0135,0.0135,0.0135,0.0135,0.0135,0.0135,0.0135,0.0135,0.0135
45132.1666667,0.0040,0.0040,0.0040,0.0040,0.0040,0.0040,0.0040,0.0047,0.0047,0.0047,0.0047,0.0047,0.0047,0.0052,0.0052,0.0052,0.0052,0.0052,0.0052,0.0052,0.0052,0.0052,0.0052,0.0052,0.0052,0.0052,0.0053,0.0053,0.0053,0.0053,0.0053,0.0053,0.0053,0.0053,0.0053,0.0054,0.0054,0.0054,0.0054,0.0057,0.0057,0.0057,0.0058,0.0058,0.0058,0.0058,0.0058,0.0061,0.0062,0.0062,0.0062,0.0062,0.0063,0.0063,0.0063,0.0063,0.0063,0.0063,0.0064,0.0064,0.0064,0.0064,0.0064,0.0064,0.0064,0.0064,0.0064,0.0066,0.0066,0.0066,0.0066,0.0066,0.0067,0.0067,0.0067,0.0067,0.0067,0.0068,0.0068,0.0068,0.0068,0.0069,0.0069,0.0070,0.0070,0.0070,0.0070,0.0070,0.0070,0.0070,0.0070,0.0071,0.0071,0.0071,0.0071,0.0071,0.0071,0.0071,0.0071,0.0071,0.0071,0.0071,0.0102,0.0102,0.0102,0.0102,0.0102,0.0106,0.0106,0.0106,0.0107,0.0107,0.0108,0.0108,0.0108,0.0108,0.0108,0.0108,0.0108,0.0109,0.0109,0.0109,0.0109,0.0109,0.0109,0.0109,0.0110,0.0110,0.0110,0.0110,0.0110,0.0110,0.0110,0.0110,0.0111,0.0111,0.0111,0.0111,0.0111,0.0111,0.0111,0.0111,0.0111,0.0112,0.0112,0.0112,0.0112,0.0112,0.0112,0.0112,0.0112,0.0112,0.0112,0.0113,0.0113,0.0113,0.0113,0.0113,0.0118,0.0118,0.0118,0.0120,0.0123,0.0123,0.0123,0.0123,0.0124,0.0124,0.0124,0.0124,0.0124,0.0133,0.0133,0.0133,0.0134,0.0134,0.0134,0.0134,0.0134,0.0134,0.0134,0.0134,0.0134,0.0134,0.0134,0.0134,0.0134,0.0134,0.0134,0.0134,0.0134,0.0134,0.0134,0.0134,0.0134,0.0134,0.0134,0.0134,0.0134,0.0134,0.0134,0.0134,0.0134,0.0134,0.0134,0.0134,0.0134,0.0134,0.0134,0.0134,0.0134,0.0134,0.0134,0.0135,0.0135,0.0135,0.0135,0.0135,0.0135,0.0135,0.0135,0.0135,0.0135,0.0135,0.0135,0.0135,0.0135,0.0135,0.0135,0.0135,0.0135,0.0135,0.0135,0.0135,0.0135,0.0135
45132.2083333,0.0040,0.0040,0.0040,0.0040,0.0040,0.0040,0.0040,0.0047,0.0047,0.0047,0.0047,0.0047,0.0047,0.0052,0.0052,0.0052,0.0052,0.0052,0.0052,0.0052,0.0052,0.0052,0.0052,0.0052,0.0052,0.0052,0.0053,0.0053,0.0053,0.0053,0.0053,0.0053,0.0053,0.0053,0.0053,0.0054,0.0054,0.0054,0.0054,0.0057,0.0057,0.0057,0.0057,0.0057,0.0058,0.0058,0.0058,0.0061,0.0061,0.0061,0.0062,0.0062,0.0062,0.0062,0.0062,0.0062,0.0062,0.0063,0.0063,0.0063,0.0063,0.0063,0.0063,0.0063,0.0064,0.0064,0.0064,0.0066,0.0066,0.0066,0.0066,0.0066,0.0066,0.0067,0.0067,0.0067,0.0067,0.0068,0.0068,0.0068,0.0068,0.0069,0.0069,0.0069,0.0069,0.0070,0.0070,0.0070,0.0070,0.0070,0.0070,0.0071,0.0071,0.0071,0.0071,0.0071,0.0071,0.0071,0.0071,0.0071,0.0071,0.0071,0.0102,0.0102,0.0102,0.0102,0.0102,0.0106,0.0106,0.0106,0.0107,0.0107,0.0108,0.0108,0.0108,0.0108,0.0108,0.0108,0.0108,0.0108,0.0109,0.0109,0.0109,0.0109,0.0109,0.0109,0.0109,0.0110,0.0110,0.0110,0.0110,0.0110,0.0110,0.0110,0.0111,0.0111,0.0111,0.0111,0.0111,0.0111,0.0111,0.0111,0.0111,0.0111,0.0112,0.0112,0.0112,0.0112,0.0112,0.0112,0.0112,0.0112,0.0112,0.0112,0.0112,0.0112,0.0112,0.0112,0.0118,0.0118,0.0118,0.0120,0.0123,0.0123,0.0123,0.0123,0.0123,0.0123,0.0123,0.0123,0.0124,0.0133,0.0133,0.0133,0.0133,0.0133,0.0133,0.0134,0.0134,0.0134,0.0134,0.0134,0.0134,0.0134,0.0134,0.0134,0.0134,0.0134,0.0134,0.0134,0.0134,0.0134,0.0134,0.0134,0.0134,0.0134,0.0134,0.0134,0.0134,0.0134,0.0134,0.0134,0.0134,0.0134,0.0134,0.0134,0.0134,0.0134,0.0134,0.0134,0.0134,0.0134,0.0134,0.0135,0.0135,0.0135,0.0135,0.0135,0.0135,0.0135,0.0135,0.0135,0.0135,0.0135,0.0135,0.0135,0.0135,0.0135,0.0135,0.0135,0.0135,0.0135,0.0135,0.0135,0.0135,0.0135
45132.2500000,0.0040,0.0040,0.0040,0.0040,0.0040,0.0040,0.0040,0.0047,0.0047,0.0047,0.0047,0.0047,0.0047,0.0052,0.0052,0.0052,0.0052,0.0052,0.0052,0.0052,0.0052,0.0052,0.0052,0.0052,0.0052,0.0052,0.0053,0.0053,0.0053,0.0053,0.0053,0.0053,0.0053,0.0053,0.0053,0.0054,0.0054,0.0054,0.0054,0.0057,0.0057,0.0057,0.0057,0.0057,0.0058,0.0058,0.0058,0.0061,0.0061,0.0061,0.0062,0.0062,0.0062,0.0062,0.0062,0.0062,0.0062,0.0062,0.0063,0.0063,0.0063,0.0063,0.0063,0.0063,0.0063,0.0063,0.0063,0.0065,0.0065,0.0066,0.0066,0.0066,0.0066,0.0066,0.0066,0.0066,0.0066,0.0068,0.0068,0.0068,0.0068,0.0068,0.0068,0.0069,0.0069,0.0070,0.0070,0.0070,0.0070,0.0070,0.0070,0.0071,0.0071,0.0071,0.0071,0.0071,0.0071,0.0071,0.0071,0.0071,0.0071,0.0071,0.0102,0.0102,0.0102,0.0102,0.0102,0.0106,0.0106,0.0106,0.0107,0.0107,0.0108,0.0108,0.0108,0.0108,0.0108,0.0108,0.0108,0.0108,0.0108,0.0108,0.0109,0.0109,0.0109,0.0109,0.0109,0.0110,0.0110,0.0110,0.0110,0.0110,0.0110,0.0110,0.0111,0.0111,0.0111,0.0111,0.0111,0.0111,0.0111,0.0111,0.0111,0.0111,0.0112,0.0112,0.0112,0.0112,0.0112,0.0112,0.0112,0.0112,0.0112,0.0112,0.0112,0.0112,0.0112,0.0112,0.0118,0.0118,0.0118,0.0120,0.0122,0.0122,0.0123,0.0123,0.0123,0.0123,0.0123,0.0123,0.0123,0.0132,0.0133,0.0133,0.0133,0.0133,0.0133,0.0133,0.0133,0.0133,0.0133,0.0133,0.0133,0.0134,0.0134,0.0134,0.0134,0.0134,0.0134,0.0134,0.0134,0.0134,0.0134,0.0134,0.0134,0.0134,0.0134,0.0134,0.0134,0.0134,0.0134,0.0134,0.0134,0.0134,0.0134,0.0134,0.0134,0.0134,0.0134,0.0134,0.0134,0.0134,0.0134,0.0134,0.0134,0.0134,0.0134,0.0135,0.0135,0.0135,0.0135,0.0135,0.0135,0.0135,0.0135,0.0135,0.0135,0.0135,0.0135,0.0135,0.0135,0.0135,0.0135,0.0135,0.0135,0.0135
45132.2916667,0.0040,0.0040,0.0040,0.0040,0.0040,0.0040,0.0040,0.0047,0.0047,0.0047,0.0047,0.0047,0.0047,0.0052,0.0052,0.0052,0.0052,0.0052,0.0052,0.0052,0.0052,0.0052,0.0052,0.0052,0.0052,0.0052,0.0053,0.0053,0.0053,0.0053,0.0053,0.0053,0.0053,0.0053,0.0053,0.0054,0.0054,0.0054,0.0054,0.0057,0.0057,0.0057,0.0057,0.0057,0.0058,0.0058,0.0058,0.0061,0.0061,0.0061,0.0062,0.0062,0.0062,0.0062,0.0062,0.0062,0.0062,0.0062,0.0063,0.0063,0.0063,0.0063,0.0063,0.0063,0.0063,0.0063,0.0063,0.0065,0.0065,0.0065,0.0065,0.0065,0.0065,0.0066,0.0066,0.0066,0.0066,0.0067,0.0067,0.0068,0.0068,0.0068,0.0068,0.0069,0.0069,0.0069,0.0069,0.0069,0.0069,0.0069,0.0069,0.0070,0.0070,0.0070,0.0070,0.0070,0.0071,0.0071,0.0071,0.0071,0.0071,0.0071,0.0102,0.0102,0.0102,0.0102,0.0102,0.0106,0.0106,0.0106,0.0106,0.0106,0.0108,0.0108,0.0108,0.0108,0.0108,0.0108,0.0108,0.0108,0.0108,0.0108,0.0109,0.0109,0.0109,0.0109,0.0109,0.0110,0.0110,0.0110,0.0110,0.0110,0.0110,0.0110,0.0111,0.0111,0.0111,0.0111,0.0111,0.0111,0.0111,0.0111,0.0111,0.0111,0.0112,0.0112,0.0112,0.0112,0.0112,0.0112,0.0112,0.0112,0.0112,0.0112,0.0112,0.0112,0.0112,0.0112,0.0118,0.0118,0.0118,0.0119,0.0122,0.0122,0.0123,0.0123,0.0123,0.0123,0.0123,0.0123,0.0123,0.0132,0.0132,0.0132,0.0133,0.0133,0.0133,0.0133,0.0133,0.0133,0.0133,0.0133,0.0133,0.0133,0.0133,0.0133,0.0133,0.0133,0.0133,0.0133,0.0133,0.0133,0.0133,0.0133,0.0133,0.0133,0.0134,0.0134,0.0134,0.0134,0.0134,0.0134,0.0134,0.0134,0.0134,0.0134,0.0134,0.0134,0.0134,0.0134,0.0134,0.0134,0.0134,0.0134,0.0134,0.0134,0.0134,0.0134,0.0134,0.0134,0.0134,0.0134,0.0134,0.0134,0.0134,0.0134,0.0134,0.0135,0.0135,0.0135,0.0135,0.0135,0.0135,0.0135,0.0135,0.0135
45132.3333333,0.0040,0.0040,0.0040,0.0040,0.0040,0.0040,0.0040,0.0047,0.0047,0.0047,0.0047,0.0047,0.0047,0.0052,0.0052,0.0052,0.0052,0.0052,0.0052,0.0052,0.0052,0.0052,0.0052,0.0052,0.0052,0.0052,0.0053,0.0053,0.0053,0.0053,0.0053,0.0053,0.0053,0.0053,0.0053,0.0054,0.0054,0.0054,0.0054,0.0057,0.0057,0.0057,0.0057,0.0057,0.0058,0.0058,0.0058,0.0061,0.0061,0.0061,0.0062,0.0062,0.0062,0.0062,0.0062,0.0062,0.0062,0.0062,0.0063,0.0063,0.0063,0.0063,0.0063,0.0063,0.0063,0.0063,0.0063,0.0065,0.0065,0.0065,0.0065,0.0065,0.0065,0.0065,0.0065,0.0065,0.0066,0.0067,0.0067,0.0067,0.0067,0.0067,0.0067,0.0068,0.0068,0.0069,0.0069,0.0069,0.0069,0.0069,0.0069,0.0070,0.0070,0.0070,0.0070,0.0070,0.0070,0.0070,0.0070,0.0070,0.0070,0.0070,0.0101,0.0101,0.0102,0.0102,0.0102,0.0106,0.0106,0.0106,0.0106,0.0106,0.0108,0.0108,0.0108,0.0108,0.0108,0.0108,0.0108,0.0108,0.0108,0.0108,0.0109,0.0109,0.0109,0.0109,0.0109,0.0110,0.0110,0.0110,0.0110,0.0110,0.0110,0.0110,0.0111,0.0111,0.0111,0.0111,0.0111,0.0111,0.0111,0.0111,0.0111,0.0111,0.0111,0.0111,0.0112,0.0112,0.0112,0.0112,0.0112,0.0112,0.0112,0.0112,0.0112,0.0112,0.0112,0.0112,0.0118,0.0118,0.0118,0.0119,0.0122,0.0122,0.0123,0.0123,0.0123,0.0123,0.0123,0.0123,0.0123,0.0132,0.0132,0.0132,0.0133,0.0133,0.0133,0.0133,0.0133,0.0133,0.0133,0.0133,0.0133,0.0133,0.0133,0.0133,0.0133,0.0133,0.0133,0.0133,0.0133,0.0133,0.0133,0.0133,0.0133,0.0133,0.0133,0.0133,0.0133,0.0133,0.0133,0.0133,0.0133,0.0133,0.0133,0.0133,0.0133,0.0134,0.0134,0.0134,0.0134,0.0134,0.0134,0.0134,0.0134,0.0134,0.0134,0.0134,0.0134,0.0134,0.0134,0.0134,0.0134,0.0134,0.0134,0.0134,0.0134,0.0134,0.0134,0.0134,0.0134,0.0134,0.0134,0.0134,0.0134,0.0134
45132.3750000,0.0040,0.0040,0.0040,0.0040,0.0040,0.0040,0.0040,0.0047,0.0047,0.0047,0.0047,0.0047,0.0047,0.0052,0.0052,0.0052,0.0052,0.0052,0.0052,0.0052,0.0052,0.0052,0.0052,0.0052,0.0052,0.0052,0.0053,0.0053,0.0053,0.0053,0.0053,0.0053,0.0053,0.0053,0.0053,0.0054,0.0054,0.0054,0.0054,0.0057,0.0057,0.0057,0.0057,0.0057,0.0058,0.0058,0.0058,0.0061,0.0061,0.0061,0.0062,0.0062,0.0062,0.0062,0.0062,0.0062,0.0062,0.0062,0.0063,0.0063,0.0063,0.0063,0.0063,0.0063,0.0063,0.0063,0.0063,0.0065,0.0065,0.0065,0.0065,0.0065,0.0065,0.0065,0.0065,0.0065,0.0065,0.0067,0.0067,0.0067,0.0067,0.0067,0.0067,0.0068,0.0068,0.0068,0.0068,0.0068,0.0068,0.0068,0.0069,0.0069,0.0069,0.0069,0.0069,0.0070,0.0070,0.0070,0.0070,0.0070,0.0070,0.0070,0.0101,0.0101,0.0101,0.0101,0.0101,0.0105,0.0105,0.0106,0.0106,0.0106,0.0107,0.0107,0.0107,0.0107,0.0108,0.0108,0.0108,0.0108,0.0108,0.0108,0.0109,0.0109,0.0109,0.0109,0.0109,0.0109,0.0110,0.0110,0.0110,0.0110,0.0110,0.0110,0.0110,0.0110,0.0110,0.0111,0.0111,0.0111,0.0111,0.0111,0.0111,0.0111,0.0111,0.0111,0.0111,0.0112,0.0112,0.0112,0.0112,0.0112,0.0112,0.0112,0.0112,0.0112,0.0112,0.0112,0.0118,0.0118,0.0118,0.0119,0.0122,0.0122,0.0123,0.0123,0.0123,0.0123,0.0123,0.0123,0.0123,0.0132,0.0132,0.0132,0.0133,0.0133,0.0133,0.0133,0.0133,0.0133,0.0133,0.0133,0.0133,0.0133,0.0133,0.0133,0.0133,0.0133,0.0133,0.0133,0.0133,0.0133,0.0133,0.0133,0.0133,0.0133,0.0133,0.0133,0.0133,0.0133,0.0133,0.0133,0.0133,0.0133,0.0133,0.0133,0.0133,0.0133,0.0133,0.0133,0.0133,0.0133,0.0133,0.0133,0.0133,0.0134,0.0134,0.0134,0.0134,0.0134,0.0134,0.0134,0.0134,0.0134,0.0134,0.0134,0.0134,0.0134,0.0134,0.0134,0.0134,0.0134,0.0134,0.0134,0.0134,0.0134
45132.4166667,0.0040,0.0040,0.0040,0.0040,0.0040,0.0040,0.0040,0.0047,0.0047,0.0047,0.0047,0.0047,0.0047,0.0052,0.0052,0.0052,0.0052,0.0052,0.0052,0.0052,0.0052,0.0052,0.0052,0.0052,0.0052,0.0052,0.0053,0.0053,0.0053,0.0053,0.0053,0.0053,0.0053,0.0053,0.0053,0.0054,0.0054,0.0054,0.0054,0.0057,0.0057,0.0057,0.0057,0.0057,0.0058,0.0058,0.0058,0.0061,0.0061,0.0061,0.0062,0.0062,0.0062,0.0062,0.0062,0.0062,0.0062,0.0062,0.0063,0.0063,0.0063,0.0063,0.0063,0.0063,0.0063,0.0063,0.0063,0.0065,0.0065,0.0065,0.0065,0.0065,0.0065,0.0065,0.0065,0.0065,0.0065,0.0067,0.0067,0.0067,0.0067,0.0067,0.0067,0.0068,0.0068,0.0068,0.0068,0.0068,0.0068,0.0068,0.0068,0.0069,0.0069,0.0069,0.0069,0.0069,0.0069,0.0069,0.0069,0.0069,0.0069,0.0069,0.0101,0.0101,0.0101,0.0101,0.0101,0.0105,0.0105,0.0105,0.0105,0.0105,0.0107,0.0107,0.0107,0.0107,0.0107,0.0107,0.0107,0.0107,0.0107,0.0107,0.0108,0.0108,0.0108,0.0109,0.0109,0.0109,0.0109,0.0109,0.0109,0.0109,0.0109,0.0109,0.0110,0.0110,0.0110,0.0110,0.0111,0.0111,0.0111,0.0111,0.0111,0.0111,0.0111,0.0111,0.0111,0.0112,0.0112,0.0112,0.0112,0.0112,0.0112,0.0112,0.0112,0.0112,0.0112,0.0112,0.0118,0.0118,0.0118,0.0119,0.0122,0.0122,0.0122,0.0123,0.0123,0.0123,0.0123,0.0123,0.0123,0.0132,0.0132,0.0132,0.0133,0.0133,0.0133,0.0133,0.0133,0.0133,0.0133,0.0133,0.0133,0.0133,0.0133,0.0133,0.0133,0.0133,0.0133,0.0133,0.0133,0.0133,0.0133,0.0133,0.0133,0.0133,0.0133,0.0133,0.0133,0.0133,0.0133,0.0133,0.0133,0.0133,0.0133,0.0133,0.0133,0.0133,0.0133,0.0133,0.0133,0.0133,0.0133,0.0133,0.0133,0.0133,0.0133,0.0133,0.0134,0.0134,0.0134,0.0134,0.0134,0.0134,0.0134,0.0134,0.0134,0.0134,0.0134,0.0134,0.0134,0.0134,0.0134,0.0134,0.0134,0.0134
45132.4583333,0.0040,0.0040,0.0040,0.0040,0.0040,0.0040,0.0040,0.0047,0.0047,0.0047,0.0047,0.0047,0.0047,0.0052,0.0052,0.0052,0.0052,0.0052,0.0052,0.0052,0.0052,0.0052,0.0052,0.0052,0.0052,0.0052,0.0053,0.0053,0.0053,0.0053,0.0053,0.0053,0.0053,0.0053,0.0053,0.0054,0.0054,0.0054,0.0054,0.0057,0.0057,0.0057,0.0057,0.0057,0.0058,0.0058,0.0058,0.0061,0.0061,0.0061,0.0062,0.0062,0.0062,0.0062,0.0062,0.0062,0.0062,0.0062,0.0063,0.0063,0.0063,0.0063,0.0063,0.0063,0.0063,0.0063,0.0063,0.0065,0.0065,0.0065,0.0065,0.0065,0.0065,0.0065,0.0065,0.0065,0.0065,0.0067,0.0067,0.0067,0.0067,0.0067,0.0067,0.0068,0.0068,0.0068,0.0068,0.0068,0.0068,0.0068,0.0068,0.0069,0.0069,0.0069,0.0069,0.0069,0.0069,0.0069,0.0069,0.0069,0.0069,0.0069,0.0100,0.0101,0.0101,0.0101,0.0101,0.0105,0.0105,0.0105,0.0105,0.0105,0.0106,0.0106,0.0106,0.0107,0.0107,0.0107,0.0107,0.0107,0.0107,0.0107,0.0108,0.0108,0.0108,0.0108,0.0108,0.0109,0.0109,0.0109,0.0109,0.0109,0.0109,0.0109,0.0110,0.0110,0.0110,0.0110,0.0110,0.0111,0.0111,0.0111,0.0111,0.0111,0.0111,0.0111,0.0111,0.0111,0.0111,0.0111,0.0112,0.0112,0.0112,0.0112,0.0112,0.0112,0.0112,0.0112,0.0117,0.0117,0.0117,0.0119,0.0122,0.0122,0.0122,0.0122,0.0122,0.0123,0.0123,0.0123,0.0123,0.0132,0.0132,0.0132,0.0132,0.0132,0.0132,0.0133,0.0133,0.0133,0.0133,0.0133,0.0133,0.0133,0.0133,0.0133,0.0133,0.0133,0.0133,0.0133,0.0133,0.0133,0.0133,0.0133,0.0133,0.0133,0.0133,0.0133,0.0133,0.0133,0.0133,0.0133,0.0133,0.0133,0.0133,0.0133,0.0133,0.0133,0.0133,0.0133,0.0133,0.0133,0.0133,0.0133,0.0133,0.0133,0.0133,0.0133,0.0133,0.0133,0.0134,0.0134,0.0134,0.0134,0.0134,0.0134,0.0134,0.0134,0.0134,0.0134,0.0134,0.0134,0.0134,0.0134,0.0134,0.0134
45132.5000000,0.0040,0.0040,0.0040,0.0040,0.0040,0.0040,0.0040,0.0047,0.0047,0.0047,0.0047,0.0047,0.0047,0.0052,0.0052,0.0052,0.0052,0.0052,0.0052,0.0052,0.0052,0.0052,0.0052,0.0052,0.0052,0.0052,0.0053,0.0053,0.0053,0.0053,0.0053,0.0053,0.0053,0.0053,0.0053,0.0054,0.0054,0.0054,0.0054,0.0057,0.0057,0.0057,0.0057,0.0057,0.0058,0.0058,0.0058,0.0061,0.0061,0.0061,0.0062,0.0062,0.0062,0.0062,0.0062,0.0062,0.0062,0.0062,0.0063,0.0063,0.0063,0.0063,0.0063,0.0063,0.0063,0.0063,0.0063,0.0065,0.0065,0.0065,0.0065,0.0065,0.0065,0.0065,0.0065,0.0065,0.0065,0.0067,0.0067,0.0067,0.0067,0.0067,0.0067,0.0068,0.0068,0.0068,0.0068,0.0068,0.0068,0.0068,0.0068,0.0069,0.0069,0.0069,0.0069,0.0069,0.0069,0.0069,0.0069,0.0069,0.0069,0.0069,0.0100,0.0100,0.0101,0.0101,0.0101,0.0105,0.0105,0.0105,0.0105,0.0105,0.0106,0.0106,0.0106,0.0107,0.0107,0.0107,0.0107,0.0107,0.0107,0.0107,0.0108,0.0108,0.0108,0.0108,0.0108,0.0108,0.0108,0.0108,0.0108,0.0109,0.0109,0.0109,0.0109,0.0109,0.0109,0.0110,0.0110,0.0110,0.0110,0.0110,0.0110,0.0110,0.0111,0.0111,0.0111,0.0111,0.0111,0.0111,0.0111,0.0111,0.0111,0.0111,0.0111,0.0111,0.0112,0.0112,0.0117,0.0117,0.0117,0.0119,0.0122,0.0122,0.0122,0.0122,0.0122,0.0122,0.0123,0.0123,0.0123,0.0132,0.0132,0.0132,0.0132,0.0132,0.0132,0.0132,0.0132,0.0132,0.0132,0.0132,0.0133,0.0133,0.0133,0.0133,0.0133,0.0133,0.0133,0.0133,0.0133,0.0133,0.0133,0.0133,0.0133,0.0133,0.0133,0.0133,0.0133,0.0133,0.0133,0.0133,0.0133,0.0133,0.0133,0.0133,0.0133,0.0133,0.0133,0.0133,0.0133,0.0133,0.0133,0.0133,0.0133,0.0133,0.0133,0.0133,0.0133,0.0133,0.0133,0.0133,0.0133,0.0133,0.0134,0.0134,0.0134,0.0134,0.0134,0.0134,0.0134,0.0134,0.0134,0.0134,0.0134,0.0134
45132.5416667,0.0040,0.0040,0.0040,0.0040,0.0040,0.0040,0.0040,0.0047,0.0047,0.0047,0.0047,0.0047,0.0047,0.0052,0.0052,0.0052,0.0052,0.0052,0.0052,0.0052,0.0052,0.0052,0.0052,0.0052,0.0052,0.0052,0.0053,0.0053,0.0053,0.0053,0.0053,0.0053,0.0053,0.0053,0.0053,0.0054,0.0054,0.0054,0.0054,0.0057,0.0057,0.0057,0.0057,0.0057,0.0058,0.0058,0.0058,0.0061,0.0061,0.0061,0.0062,0.0062,0.0062,0.0062,0.0062,0.0062,0.0062,0.0062,0.0063,0.0063,0.0063,0.0063,0.0063,0.0063,0.0063,0.0063,0.0063,0.0065,0.0065,0.0065,0.0065,0.0065,0.0065,0.0065,0.0065,0.0065,0.0065,0.0067,0.0067,0.0067,0.0067,0.0067,0.0067,0.0068,0.0068,0.0068,0.0068,0.0068,0.0068,0.0068,0.0068,0.0069,0.0069,0.0069,0.0069,0.0069,0.0069,0.0069,0.0069,0.0069,0.0069,0.0069,0.0100,0.0100,0.0101,0.0101,0.0101,0.0105,0.0105,0.0105,0.0105,0.0105,0.0106,0.0106,0.0106,0.0107,0.0107,0.0107,0.0107,0.0107,0.0107,0.0107,0.0108,0.0108,0.0108,0.0108,0.0108,0.0108,0.0108,0.0108,0.0108,0.0108,0.0108,0.0108,0.0109,0.0109,0.0109,0.0109,0.0110,0.0110,0.0110,0.0110,0.0110,0.0110,0.0110,0.0110,0.0110,0.0111,0.0111,0.0111,0.0111,0.0111,0.0111,0.0111,0.0111,0.0111,0.0111,0.0111,0.0117,0.0117,0.0117,0.0119,0.0121,0.0122,0.0122,0.0122,0.0122,0.0122,0.0122,0.0122,0.0122,0.0132,0.0132,0.0132,0.0132,0.0132,0.0132,0.0132,0.0132,0.0132,0.0132,0.0132,0.0132,0.0133,0.0133,0.0133,0.0133,0.0133,0.0133,0.0133,0.0133,0.0133,0.0133,0.0133,0.0133,0.0133,0.0133,0.0133,0.0133,0.0133,0.0133,0.0133,0.0133,0.0133,0.0133,0.0133,0.0133,0.0133,0.0133,0.0133,0.0133,0.0133,0.0133,0.0133,0.0133,0.0133,0.0133,0.0133,0.0133,0.0133,0.0133,0.0133,0.0133,0.0133,0.0133,0.0133,0.0133,0.0133,0.0134,0.0134,0.0134,0.0134,0.0134,0.0134,0.0134,0.0134
45132.5833333,0.0040,0.0040,0.0040,0.0040,0.0040,0.0040,0.0040,0.0047,0.0047,0.0047,0.0047,0.0047,0.0047,0.0052,0.0052,0.0052,0.0052,0.0052,0.0052,0.0052,0.0052,0.0052,0.0052,0.0052,0.0052,0.0052,0.0053,0.0053,0.0053,0.0053,0.0053,0.0053,0.0053,0.0053,0.0053,0.0054,0.0054,0.0054,0.0054,0.0057,0.0057,0.0057,0.0057,0.0057,0.0058,0.0058,0.0058,0.0061,0.0061,0.0061,0.0062,0.0062,0.0062,0.0062,0.0062,0.0062,0.0062,0.0062,0.0063,0.0063,0.0063,0.0063,0.0063,0.0063,0.0063,0.0063,0.0063,0.0065,0.0065,0.0065,0.0065,0.0065,0.0065,0.0065,0.0065,0.0065,0.0065,0.0067,0.0067,0.0067,0.0067,0.0067,0.0067,0.0068,0.0068,0.0068,0.0068,0.0068,0.0068,0.0068,0.0068,0.0069,0.0069,0.0069,0.0069,0.0069,0.0069,0.0069,0.0069,0.0069,0.0069,0.0069,0.0100,0.0100,0.0101,0.0101,0.0101,0.0105,0.0105,0.0105,0.0105,0.0105,0.0106,0.0106,0.0106,0.0107,0.0107,0.0107,0.0107,0.0107,0.0107,0.0107,0.0108,0.0108,0.0108,0.0108,0.0108,0.0108,0.0108,0.0108,0.0108,0.0108,0.0108,0.0108,0.0109,0.0109,0.0109,0.0109,0.0110,0.0110,0.0110,0.0110,0.0110,0.0110,0.0110,0.0110,0.0110,0.0110,0.0110,0.0110,0.0110,0.0110,0.0111,0.0111,0.0111,0.0111,0.0111,0.0111,0.0116,0.0116,0.0116,0.0118,0.0121,0.0121,0.0121,0.0121,0.0121,0.0122,0.0122,0.0122,0.0122,0.0131,0.0131,0.0132,0.0132,0.0132,0.0132,0.0132,0.0132,0.0132,0.0132,0.0132,0.0132,0.0132,0.0132,0.0132,0.0132,0.0133,0.0133,0.0133,0.0133,0.0133,0.0133,0.0133,0.0133,0.0133,0.0133,0.0133,0.0133,0.0133,0.0133,0.0133,0.0133,0.0133,0.0133,0.0133,0.0133,0.0133,0.0133,0.0133,0.0133,0.0133,0.0133,0.0133,0.0133,0.0133,0.0133,0.0133,0.0133,0.0133,0.0133,0.0133,0.0133,0.0133,0.0133,0.0133,0.0133,0.0133,0.0133,0.0133,0.0133,0.0133,0.0133,0.0134,0.0134,0.0134
45132.6250000,0.0040,0.0040,0.0040,0.0040,0.0040,0.0040,0.0040,0.0047,0.0047,0.0047,0.0047,0.0047,0.0047,0.0052,0.0052,0.0052,0.0052,0.0052,0.0052,0.0052,0.0052,0.0052,0.0052,0.0052,0.0052,0.0052,0.0053,0.0053,0.0053,0.0053,0.0053,0.0053,0.0053,0.0053,0.0053,0.0054,0.0054,0.0054,0.0054,0.0057,0.0057,0.0057,0.0057,0.0057,0.0058,0.0058,0.0058,0.0061,0.0061,0.0061,0.0062,0.0062,0.0062,0.0062,0.0062,0.0062,0.0062,0.0062,0.0063,0.0063,0.0063,0.0063,0.0063,0.0063,0.0063,0.0063,0.0063,0.0065,0.0065,0.0065,0.0065,0.0065,0.0065,0.0065,0.0065,0.0065,0.0065,0.0067,0.0067,0.0067,0.0067,0.0067,0.0067,0.0068,0.0068,0.0068,0.0068,0.0068,0.0068,0.0068,0.0068,0.0069,0.0069,0.0069,0.0069,0.0069,0.0069,0.0069,0.0069,0.0069,0.0069,0.0069,0.0100,0.0100,0.0101,0.0101,0.0101,0.0105,0.0105,0.0105,0.0105,0.0105,0.0106,0.0106,0.0106,0.0106,0.0107,0.0107,0.0107,0.0107,0.0107,0.0107,0.0108,0.0108,0.0108,0.0108,0.0108,0.0108,0.0108,0.0108,0.0108,0.0108,0.0108,0.0108,0.0109,0.0109,0.0109,0.0109,0.0109,0.0110,0.0110,0.0110,0.0110,0.0110,0.0110,0.0110,0.0110,0.0110,0.0110,0.0110,0.0110,0.0110,0.0110,0.0110,0.0110,0.0110,0.0111,0.0111,0.0116,0.0116,0.0116,0.0118,0.0121,0.0121,0.0121,0.0121,0.0121,0.0121,0.0121,0.0121,0.0122,0.0131,0.0131,0.0131,0.0131,0.0131,0.0131,0.0131,0.0132,0.0132,0.0132,0.0132,0.0132,0.0132,0.0132,0.0132,0.0132,0.0132,0.0132,0.0132,0.0132,0.0132,0.0132,0.0132,0.0132,0.0132,0.0132,0.0132,0.0132,0.0132,0.0133,0.0133,0.0133,0.0133,0.0133,0.0133,0.0133,0.0133,0.0133,0.0133,0.0133,0.0133,0.0133,0.0133,0.0133,0.0133,0.0133,0.0133,0.0133,0.0133,0.0133,0.0133,0.0133,0.0133,0.0133,0.0133,0.0133,0.0133,0.0133,0.0133,0.0133,0.0133,0.0133,0.0133,0.0133,0.0133
45132.6666667,0.0040,0.0040,0.0040,0.0040,0.0040,0.0040,0.0040,0.0047,0.0047,0.0047,0.0047,0.0047,0.0047,0.0052,0.0052,0.0052,0.0052,0.0052,0.0052,0.0052,0.0052,0.0052,0.0052,0.0052,0.0052,0.0052,0.0053,0.0053,0.0053,0.0053,0.0053,0.0053,0.0053,0.0053,0.0053,0.0054,0.0054,0.0054,0.0054,0.0057,0.0057,0.0057,0.0057,0.0057,0.0058,0.0058,0.0058,0.0061,0.0061,0.0061,0.0062,0.0062,0.0062,0.0062,0.0062,0.0062,0.0062,0.0062,0.0063,0.0063,0.0063,0.0063,0.0063,0.0063,0.0063,0.0063,0.0063,0.0065,0.0065,0.0065,0.0065,0.0065,0.0065,0.0065,0.0065,0.0065,0.0065,0.0067,0.0067,0.0067,0.0067,0.0067,0.0067,0.0068,0.0068,0.0068,0.0068,0.0068,0.0068,0.0068,0.0068,0.0069,0.0069,0.0069,0.0069,0.0069,0.0069,0.0069,0.0069,0.0069,0.0069,0.0069,0.0100,0.0100,0.0101,0.0101,0.0101,0.0105,0.0105,0.0105,0.0105,0.0105,0.0106,0.0106,0.0106,0.0106,0.0107,0.0107,0.0107,0.0107,0.0107,0.0107,0.0108,0.0108,0.0108,0.0108,0.0108,0.0108,0.0108,0.0108,0.0108,0.0108,0.0108,0.0108,0.0109,0.0109,0.0109,0.0109,0.0109,0.0110,0.0110,0.0110,0.0110,0.0110,0.0110,0.0110,0.0110,0.0110,0.0110,0.0110,0.0110,0.0110,0.0110,0.0110,0.0110,0.0110,0.0111,0.0111,0.0116,0.0116,0.0116,0.0118,0.0121,0.0121,0.0121,0.0121,0.0121,0.0121,0.0121,0.0121,0.0121,0.0131,0.0131,0.0131,0.0131,0.0131,0.0131,0.0131,0.0131,0.0131,0.0131,0.0131,0.0131,0.0132,0.0132,0.0132,0.0132,0.0132,0.0132,0.0132,0.0132,0.0132,0.0132,0.0132,0.0132,0.0132,0.0132,0.0132,0.0132,0.0132,0.0132,0.0132,0.0132,0.0132,0.0132,0.0132,0.0132,0.0132,0.0132,0.0132,0.0132,0.0132,0.0132,0.0132,0.0133,0.0133,0.0133,0.0133,0.0133,0.0133,0.0133,0.0133,0.0133,0.0133,0.0133,0.0133,0.0133,0.0133,0.0133,0.0133,0.0133,0.0133,0.0133,0.0133,0.0133,0.0133
45132.7083333,0.0040,0.0040,0.0040,0.0040,0.0040,0.0040,0.0040,0.0047,0.0047,0.0047,0.0047,0.0047,0.0047,0.0052,0.0052,0.0052,0.0052,0.0052,0.0052,0.0052,0.0052,0.0052,0.0052,0.0052,0.0052,0.0052,0.0053,0.0053,0.0053,0.0053,0.0053,0.0053,0.0053,0.0053,0.0053,0.0054,0.0054,0.0054,0.0054,0.0057,0.0057,0.0057,0.0057,0.0057,0.0058,0.0058,0.0058,0.0061,0.0061,0.0061,0.0062,0.0062,0.0062,0.0062,0.0062,0.0062,0.0062,0.0062,0.0063,0.0063,0.0063,0.0063,0.0063,0.0063,0.0063,0.0063,0.0063,0.0065,0.0065,0.0065,0.0065,0.0065,0.0065,0.0065,0.0065,0.0065,0.0065,0.0067,0.0067,0.0067,0.0067,0.0067,0.0067,0.0068,0.0068,0.0068,0.0068,0.0068,0.0068,0.0068,0.0068,0.0069,0.0069,0.0069,0.0069,0.0069,0.0069,0.0069,0.0069,0.0069,0.0069,0.0069,0.0100,0.0100,0.0101,0.0101,0.0101,0.0105,0.0105,0.0105,0.0105,0.0105,0.0106,0.0106,0.0106,0.0106,0.0107,0.0107,0.0107,0.0107,0.0107,0.0107,0.0108,0.0108,0.0108,0.0108,0.0108,0.0108,0.0108,0.0108,0.0108,0.0108,0.0108,0.0108,0.0109,0.0109,0.0109,0.0109,0.0109,0.0110,0.0110,0.0110,0.0110,0.0110,0.0110,0.0110,0.0110,0.0110,0.0110,0.0110,0.0110,0.0110,0.0110,0.0110,0.0110,0.0110,0.0111,0.0111,0.0116,0.0116,0.0116,0.0118,0.0121,0.0121,0.0121,0.0121,0.0121,0.0121,0.0121,0.0121,0.0121,0.0131,0.0131,0.0131,0.0131,0.0131,0.0131,0.0131,0.0131,0.0131,0.0131,0.0131,0.0131,0.0131,0.0131,0.0131,0.0131,0.0131,0.0132,0.0132,0.0132,0.0132,0.0132,0.0132,0.0132,0.0132,0.0132,0.0132,0.0132,0.0132,0.0132,0.0132,0.0132,0.0132,0.0132,0.0132,0.0132,0.0132,0.0132,0.0132,0.0132,0.0132,0.0132,0.0132,0.0132,0.0132,0.0132,0.0132,0.0132,0.0132,0.0132,0.0132,0.0132,0.0132,0.0132,0.0132,0.0132,0.0133,0.0133,0.0133,0.0133,0.0133,0.0133,0.0133,0.0133,0.0133
45132.7500000,0.0040,0.0040,0.0040,0.0040,0.0040,0.0040,0.0040,0.0047,0.0047,0.0047,0.0047,0.0047,0.0047,0.0052,0.0052,0.0052,0.0052,0.0052,0.0052,0.0052,0.0052,0.0052,0.0052,0.0052,0.0052,0.0052,0.0053,0.0053,0.0053,0.0053,0.0053,0.0053,0.0053,0.0053,0.0053,0.0054,0.0054,0.0054,0.0054,0.0057,0.0057,0.0057,0.0057,0.0057,0.0058,0.0058,0.0058,0.0061,0.0061,0.0061,0.0062,0.0062,0.0062,0.0062,0.0062,0.0062,0.0062,0.0062,0.0063,0.0063,0.0063,0.0063,0.0063,0.0063,0.0063,0.0063,0.0063,0.0065,0.0065,0.0065,0.0065,0.0065,0.0065,0.0065,0.0065,0.0065,0.0065,0.0067,0.0067,0.0067,0.0067,0.0067,0.0067,0.0068,0.0068,0.0068,0.0068,0.0068,0.0068,0.0068,0.0068,0.0069,0.0069,0.0069,0.0069,0.0069,0.0069,0.0069,0.0069,0.0069,0.0069,0.0069,0.0100,0.0100,0.0101,0.0101,0.0101,0.0105,0.0105,0.0105,0.0105,0.0105,0.0106,0.0106,0.0106,0.0106,0.0107,0.0107,0.0107,0.0107,0.0107,0.0107,0.0108,0.0108,0.0108,0.0108,0.0108,0.0108,0.0108,0.0108,0.0108,0.0108,0.0108,0.0108,0.0109,0.0109,0.0109,0.0109,0.0109,0.0110,0.0110,0.0110,0.0110,0.0110,0.0110,0.0110,0.0110,0.0110,0.0110,0.0110,0.0110,0.0110,0.0110,0.0110,0.0110,0.0110,0.0111,0.0111,0.0116,0.0116,0.0116,0.0118,0.0121,0.0121,0.0121,0.0121,0.0121,0.0121,0.0121,0.0121,0.0121,0.0131,0.0131,0.0131,0.0131,0.0131,0.0131,0.0131,0.0131,0.0131,0.0131,0.0131,0.0131,0.0131,0.0131,0.0131,0.0131,0.0131,0.0131,0.0131,0.0131,0.0131,0.0131,0.0131,0.0132,0.0132,0.0132,0.0132,0.0132,0.0132,0.0132,0.0132,0.0132,0.0132,0.0132,0.0132,0.0132,0.0132,0.0132,0.0132,0.0132,0.0132,0.0132,0.0132,0.0132,0.0132,0.0132,0.0132,0.0132,0.0132,0.0132,0.0132,0.0132,0.0132,0.0132,0.0132,0.0132,0.0132,0.0132,0.0132,0.0132,0.0132,0.0132,0.0132,0.0132,0.0132
45132.7916667,0.0040,0.0040,0.0040,0.0040,0.0040,0.0040,0.0040,0.0047,0.0047,0.0047,0.0047,0.0047,0.0047,0.0052,0.0052,0.0052,0.0052,0.0052,0.0052,0.0052,0.0052,0.0052,0.0052,0.0052,0.0052,0.0052,0.0053,0.0053,0.0053,0.0053,0.0053,0.0053,0.0053,0.0053,0.0053,0.0054,0.0054,0.0054,0.0054,0.0057,0.0057,0.0057,0.0057,0.0057,0.0058,0.0058,0.0058,0.0061,0.0061,0.0061,0.0062,0.0062,0.0062,0.0062,0.0062,0.0062,0.0062,0.0062,0.0063,0.0063,0.0063,0.0063,0.0063,0.0063,0.0063,0.0063,0.0063,0.0065,0.0065,0.0065,0.0065,0.0065,0.0065,0.0065,0.0065,0.0065,0.0065,0.0067,0.0067,0.0067,0.0067,0.0067,0.0067,0.0068,0.0068,0.0068,0.0068,0.0068,0.0068,0.0068,0.0068,0.0069,0.0069,0.0069,0.0069,0.0069,0.0069,0.0069,0.0069,0.0069,0.0069,0.0069,0.0100,0.0100,0.0101,0.0101,0.0101,0.0105,0.0105,0.0105,0.0105,0.0105,0.0106,0.0106,0.0106,0.0106,0.0107,0.0107,0.0107,0.0107,0.0107,0.0107,0.0108,0.0108,0.0108,0.0108,0.0108,0.0108,0.0108,0.0108,0.0108,0.0108,0.0108,0.0108,0.0109,0.0109,0.0109,0.0109,0.0109,0.0110,0.0110,0.0110,0.0110,0.0110,0.0110,0.0110,0.0110,0.0110,0.0110,0.0110,0.0110,0.0110,0.0110,0.0110,0.0110,0.0110,0.0111,0.0111,0.0116,0.0116,0.0116,0.0118,0.0121,0.0121,0.0121,0.0121,0.0121,0.0121,0.0121,0.0121,0.0121,0.0131,0.0131,0.0131,0.0131,0.0131,0.0131,0.0131,0.0131,0.0131,0.0131,0.0131,0.0131,0.0131,0.0131,0.0131,0.0131,0.0131,0.0131,0.0131,0.0131,0.0131,0.0131,0.0131,0.0131,0.0131,0.0132,0.0132,0.0132,0.0132,0.0132,0.0132,0.0132,0.0132,0.0132,0.0132,0.0132,0.0132,0.0132,0.0132,0.0132,0.0132,0.0132,0.0132,0.0132,0.0132,0.0132,0.0132,0.0132,0.0132,0.0132,0.0132,0.0132,0.0132,0.0132,0.0132,0.0132,0.0132,0.0132,0.0132,0.0132,0.0132,0.0132,0.0132,0.0132,0.0132
45132.8333333,0.0040,0.0040,0.0040,0.0040,0.0040,0.0040,0.0040,0.0047,0.0047,0.0047,0.0047,0.0047,0.0047,0.0052,0.0052,0.0052,0.0052,0.0052,0.0052,0.0052,0.0052,0.0052,0.0052,0.0052,0.0052,0.0052,0.0053,0.0053,0.0053,0.0053,0.0053,0.0053,0.0053,0.0053,0.0053,0.0054,0.0054,0.0054,0.0054,0.0057,0.0057,0.0057,0.0057,0.0057,0.0058,0.0058,0.0058,0.0061,0.0061,0.0061,0.0062,0.0062,0.0062,0.0062,0.0062,0.0062,0.0062,0.0062,0.0063,0.0063,0.0063,0.0063,0.0063,0.0063,0.0063,0.0063,0.0063,0.0065,0.0065,0.0065,0.0065,0.0065,0.0065,0.0065,0.0065,0.0065,0.0065,0.0067,0.0067,0.0067,0.0067,0.0067,0.0067,0.0068,0.0068,0.0068,0.0068,0.0068,0.0068,0.0068,0.0068,0.0069,0.0069,0.0069,0.0069,0.0069,0.0069,0.0069,0.0069,0.0069,0.0069,0.0069,0.0100,0.0100,0.0101,0.0101,0.0101,0.0105,0.0105,0.0105,0.0105,0.0105,0.0106,0.0106,0.0106,0.0106,0.0107,0.0107,0.0107,0.0107,0.0107,0.0107,0.0108,0.0108,0.0108,0.0108,0.0108,0.0108,0.0108,0.0108,0.0108,0.0108,0.0108,0.0108,0.0109,0.0109,0.0109,0.0109,0.0109,0.0110,0.0110,0.0110,0.0110,0.0110,0.0110,0.0110,0.0110,0.0110,0.0110,0.0110,0.0110,0.0110,0.0110,0.0110,0.0110,0.0110,0.0111,0.0111,0.0116,0.0116,0.0116,0.0118,0.0121,0.0121,0.0121,0.0121,0.0121,0.0121,0.0121,0.0121,0.0121,0.0131,0.0131,0.0131,0.0131,0.0131,0.0131,0.0131,0.0131,0.0131,0.0131,0.0131,0.0131,0.0131,0.0131,0.0131,0.0131,0.0131,0.0131,0.0131,0.0131,0.0131,0.0131,0.0131,0.0131,0.0131,0.0131,0.0132,0.0132,0.0132,0.0132,0.0132,0.0132,0.0132,0.0132,0.0132,0.0132,0.0132,0.0132,0.0132,0.0132,0.0132,0.0132,0.0132,0.0132,0.0132,0.0132,0.0132,0.0132,0.0132,0.0132,0.0132,0.0132,0.0132,0.0132,0.0132,0.0132,0.0132,0.0132,0.0132,0.0132,0.0132,0.0132,0.0132,0.0132,0.0132
45132.8750000,0.0040,0.0040,0.0040,0.0040,0.0040,0.0040,0.0040,0.0047,0.0047,0.0047,0.0047,0.0047,0.0047,0.0052,0.0052,0.0052,0.0052,0.0052,0.0052,0.0052,0.0052,0.0052,0.0052,0.0052,0.0052,0.0052,0.0053,0.0053,0.0053,0.0053,0.0053,0.0053,0.0053,0.0053,0.0053,0.0054,0.0054,0.0054,0.0054,0.0057,0.0057,0.0057,0.0057,0.0057,0.0058,0.0058,0.0058,0.0061,0.0061,0.0061,0.0062,0.0062,0.0062,0.0062,0.0062,0.0062,0.0062,0.0062,0.0063,0.0063,0.0063,0.0063,0.0063,0.0063,0.0063,0.0063,0.0063,0.0065,0.0065,0.0065,0.0065,0.0065,0.0065,0.0065,0.0065,0.0065,0.0065,0.0067,0.0067,0.0067,0.0067,0.0067,0.0067,0.0068,0.0068,0.0068,0.0068,0.0068,0.0068,0.0068,0.0068,0.0069,0.0069,0.0069,0.0069,0.0069,0.0069,0.0069,0.0069,0.0069,0.0069,0.0069,0.0100,0.0100,0.0101,0.0101,0.0101,0.0105,0.0105,0.0105,0.0105,0.0105,0.0106,0.0106,0.0106,0.0106,0.0107,0.0107,0.0107,0.0107,0.0107,0.0107,0.0108,0.0108,0.0108,0.0108,0.0108,0.0108,0.0108,0.0108,0.0108,0.0108,0.0108,0.0108,0.0109,0.0109,0.0109,0.0109,0.0109,0.0110,0.0110,0.0110,0.0110,0.0110,0.0110,0.0110,0.0110,0.0110,0.0110,0.0110,0.0110,0.0110,0.0110,0.0110,0.0110,0.0110,0.0111,0.0111,0.0116,0.0116,0.0116,0.0118,0.0121,0.0121,0.0121,0.0121,0.0121,0.0121,0.0121,0.0121,0.0121,0.0131,0.0131,0.0131,0.0131,0.0131,0.0131,0.0131,0.0131,0.0131,0.0131,0.0131,0.0131,0.0131,0.0131,0.0131,0.0131,0.0131,0.0131,0.0131,0.0131,0.0131,0.0131,0.0131,0.0131,0.0131,0.0131,0.0132,0.0132,0.0132,0.0132,0.0132,0.0132,0.0132,0.0132,0.0132,0.0132,0.0132,0.0132,0.0132,0.0132,0.0132,0.0132,0.0132,0.0132,0.0132,0.0132,0.0132,0.0132,0.0132,0.0132,0.0132,0.0132,0.0132,0.0132,0.0132,0.0132,0.0132,0.0132,0.0132,0.0132,0.0132,0.0132,0.0132,0.0132,0.0132
45132.9166667,0.0040,0.0040,0.0040,0.0040,0.0040,0.0040,0.0040,0.0047,0.0047,0.0047,0.0047,0.0047,0.0047,0.0052,0.0052,0.0052,0.0052,0.0052,0.0052,0.0052,0.0052,0.0052,0.0052,0.0052,0.0052,0.0052,0.0053,0.0053,0.0053,0.0053,0.0053,0.0053,0.0053,0.0053,0.0053,0.0054,0.0054,0.0054,0.0054,0.0057,0.0057,0.0057,0.0057,0.0057,0.0058,0.0058,0.0058,0.0061,0.0061,0.0061,0.0062,0.0062,0.0062,0.0062,0.0062,0.0062,0.0062,0.0062,0.0063,0.0063,0.0063,0.0063,0.0063,0.0063,0.0063,0.0063,0.0063,0.0065,0.0065,0.0065,0.0065,0.0065,0.0065,0.0065,0.0065,0.0065,0.0065,0.0067,0.0067,0.0067,0.0067,0.0067,0.0067,0.0068,0.0068,0.0068,0.0068,0.0068,0.0068,0.0068,0.0068,0.0069,0.0069,0.0069,0.0069,0.0069,0.0069,0.0069,0.0069,0.0069,0.0069,0.0069,0.0100,0.0100,0.0101,0.0101,0.0101,0.0105,0.0105,0.0105,0.0105,0.0105,0.0106,0.0106,0.0106,0.0106,0.0107,0.0107,0.0107,0.0107,0.0107,0.0107,0.0108,0.0108,0.0108,0.0108,0.0108,0.0108,0.0108,0.0108,0.0108,0.0108,0.0108,0.0108,0.0109,0.0109,0.0109,0.0109,0.0109,0.0110,0.0110,0.0110,0.0110,0.0110,0.0110,0.0110,0.0110,0.0110,0.0110,0.0110,0.0110,0.0110,0.0110,0.0110,0.0110,0.0110,0.0111,0.0111,0.0116,0.0116,0.0116,0.0118,0.0121,0.0121,0.0121,0.0121,0.0121,0.0121,0.0121,0.0121,0.0121,0.0131,0.0131,0.0131,0.0131,0.0131,0.0131,0.0131,0.0131,0.0131,0.0131,0.0131,0.0131,0.0131,0.0131,0.0131,0.0131,0.0131,0.0131,0.0131,0.0131,0.0131,0.0131,0.0131,0.0131,0.0131,0.0131,0.0132,0.0132,0.0132,0.0132,0.0132,0.0132,0.0132,0.0132,0.0132,0.0132,0.0132,0.0132,0.0132,0.0132,0.0132,0.0132,0.0132,0.0132,0.0132,0.0132,0.0132,0.0132,0.0132,0.0132,0.0132,0.0132,0.0132,0.0132,0.0132,0.0132,0.0132,0.0132,0.0132,0.0132,0.0132,0.0132,0.0132,0.0132,0.0132
45132.9583333,0.0040,0.0040,0.0040,0.0040,0.0040,0.0040,0.0040,0.0047,0.0047,0.0047,0.0047,0.0047,0.0047,0.0052,0.0052,0.0052,0.0052,0.0052,0.0052,0.0052,0.0052,0.0052,0.0052,0.0052,0.0052,0.0052,0.0053,0.0053,0.0053,0.0053,0.0053,0.0053,0.0053,0.0053,0.0053,0.0054,0.0054,0.0054,0.0054,0.0057,0.0057,0.0057,0.0057,0.0057,0.0058,0.0058,0.0058,0.0061,0.0061,0.0061,0.0062,0.0062,0.0062,0.0062,0.0062,0.0062,0.0062,0.0062,0.0063,0.0063,0.0063,0.0063,0.0063,0.0063,0.0063,0.0063,0.0063,0.0065,0.0065,0.0065,0.0065,0.0065,0.0065,0.0065,0.0065,0.0065,0.0065,0.0067,0.0067,0.0067,0.0067,0.0067,0.0067,0.0068,0.0068,0.0068,0.0068,0.0068,0.0068,0.0068,0.0068,0.0069,0.0069,0.0069,0.0069,0.0069,0.0069,0.0069,0.0069,0.0069,0.0069,0.0069,0.0100,0.0100,0.0101,0.0101,0.0101,0.0105,0.0105,0.0105,0.0105,0.0105,0.0106,0.0106,0.0106,0.0106,0.0107,0.0107,0.0107,0.0107,0.0107,0.0107,0.0108,0.0108,0.0108,0.0108,0.0108,0.0108,0.0108,0.0108,0.0108,0.0108,0.0108,0.0108,0.0109,0.0109,0.0109,0.0109,0.0109,0.0110,0.0110,0.0110,0.0110,0.0110,0.0110,0.0110,0.0110,0.0110,0.0110,0.0110,0.0110,0.0110,0.0110,0.0110,0.0110,0.0110,0.0111,0.0111,0.0116,0.0116,0.0116,0.0118,0.0121,0.0121,0.0121,0.0121,0.0121,0.0121,0.0121,0.0121,0.0121,0.0131,0.0131,0.0131,0.0131,0.0131,0.0131,0.0131,0.0131,0.0131,0.0131,0.0131,0.0131,0.0131,0.0131,0.0131,0.0131,0.0131,0.0131,0.0131,0.0131,0.0131,0.0131,0.0131,0.0131,0.0131,0.0131,0.0132,0.0132,0.0132,0.0132,0.0132,0.0132,0.0132,0.0132,0.0132,0.0132,0.0132,0.0132,0.0132,0.0132,0.0132,0.0132,0.0132,0.0132,0.0132,0.0132,0.0132,0.0132,0.0132,0.0132,0.0132,0.0132,0.0132,0.0132,0.0132,0.0132,0.0132,0.0132,0.0132,0.0132,0.0132,0.0132,0.0132,0.0132,0.0132
45133.0000000,0.0040,0.0040,0.0040,0.0040,0.0040,0.0040,0.0040,0.0047,0.0047,0.0047,0.0047,0.0047,0.0047,0.0052,0.0052,0.0052,0.0052,0.0052,0.0052,0.0052,0.0052,0.0052,0.0052,0.0052,0.0052,0.0053,0.0053,0.0053,0.0053,0.0053,0.0053,0.0053,0.0053,0.0053,0.0053,0.0054,0.0054,0.0054,0.0054,0.0057,0.0057,0.0057,0.0057,0.0058,0.0058,0.0058,0.0058,0.0061,0.0061,0.0061,0.0062,0.0062,0.0062,0.0062,0.0062,0.0062,0.0062,0.0062,0.0063,0.0063,0.0063,0.0063,0.0063,0.0063,0.0063,0.0063,0.0063,0.0065,0.0065,0.0065,0.0065,0.0065,0.0065,0.0065,0.0065,0.0065,0.0065,0.0067,0.0067,0.0067,0.0067,0.0067,0.0067,0.0068,0.0068,0.0068,0.0068,0.0068,0.0068,0.0068,0.0068,0.0069,0.0069,0.0069,0.0069,0.0069,0.0069,0.0069,0.0069,0.0069,0.0069,0.0069,0.0101,0.0101,0.0101,0.0101,0.0101,0.0105,0.0105,0.0105,0.0105,0.0105,0.0106,0.0106,0.0106,0.0107,0.0107,0.0107,0.0107,0.0107,0.0107,0.0107,0.0108,0.0108,0.0108,0.0108,0.0108,0.0108,0.0108,0.0108,0.0108,0.0108,0.0108,0.0108,0.0109,0.0109,0.0109,0.0109,0.0109,0.0110,0.0110,0.0110,0.0110,0.0110,0.0110,0.0110,0.0110,0.0110,0.0110,0.0110,0.0110,0.0110,0.0110,0.0110,0.0110,0.0110,0.0111,0.0111,0.0116,0.0116,0.0116,0.0118,0.0121,0.0121,0.0121,0.0121,0.0121,0.0121,0.0121,0.0121,0.0121,0.0131,0.0131,0.0131,0.0131,0.0131,0.0131,0.0131,0.0131,0.0131,0.0131,0.0131,0.0131,0.0131,0.0131,0.0131,0.0131,0.0131,0.0131,0.0131,0.0131,0.0131,0.0131,0.0131,0.0131,0.0131,0.0131,0.0132,0.0132,0.0132,0.0132,0.0132,0.0132,0.0132,0.0132,0.0132,0.0132,0.0132,0.0132,0.0132,0.0132,0.0132,0.0132,0.0132,0.0132,0.0132,0.0132,0.0132,0.0132,0.0132,0.0132,0.0132,0.0132,0.0132,0.0132,0.0132,0.0132,0.0132,0.0132,0.0132,0.0132,0.0132,0.0132,0.0132,0.0132,0.0132
45133.0416667,0.0040,0.0040,0.0040,0.0040,0.0040,0.0040,0.0041,0.0047,0.0047,0.0047,0.0048,0.0048,0.0048,0.0052,0.0053,0.0053,0.0052,0.0053,0.0053,0.0052,0.0052,0.0053,0.0053,0.0053,0.0053,0.0053,0.0053,0.0053,0.0053,0.0053,0.0053,0.0053,0.0053,0.0053,0.0053,0.0054,0.0054,0.0054,0.0054,0.0057,0.0057,0.0057,0.0057,0.0058,0.0058,0.0058,0.0058,0.0061,0.0061,0.0061,0.0062,0.0062,0.0062,0.0062,0.0062,0.0062,0.0062,0.0062,0.0063,0.0063,0.0063,0.0063,0.0063,0.0063,0.0063,0.0063,0.0063,0.0065,0.0065,0.0065,0.0065,0.0065,0.0065,0.0065,0.0065,0.0065,0.0065,0.0067,0.0067,0.0067,0.0067,0.0067,0.0067,0.0068,0.0068,0.0068,0.0068,0.0068,0.0068,0.0068,0.0068,0.0069,0.0069,0.0069,0.0069,0.0069,0.0069,0.0069,0.0069,0.0069,0.0069,0.0069,0.0101,0.0101,0.0101,0.0101,0.0101,0.0105,0.0105,0.0105,0.0106,0.0106,0.0107,0.0107,0.0107,0.0107,0.0107,0.0107,0.0107,0.0107,0.0107,0.0107,0.0108,0.0108,0.0108,0.0108,0.0108,0.0108,0.0108,0.0108,0.0108,0.0108,0.0108,0.0108,0.0109,0.0109,0.0109,0.0109,0.0109,0.0110,0.0110,0.0110,0.0110,0.0110,0.0110,0.0110,0.0110,0.0110,0.0110,0.0110,0.0110,0.0110,0.0110,0.0110,0.0110,0.0110,0.0111,0.0111,0.0116,0.0116,0.0116,0.0118,0.0121,0.0121,0.0121,0.0121,0.0121,0.0121,0.0121,0.0121,0.0121,0.0131,0.0131,0.0131,0.0131,0.0131,0.0131,0.0131,0.0131,0.0131,0.0131,0.0131,0.0131,0.0131,0.0131,0.0132,0.0132,0.0132,0.0132,0.0132,0.0132,0.0132,0.0132,0.0132,0.0132,0.0132,0.0132,0.0132,0.0132,0.0132,0.0132,0.0132,0.0132,0.0132,0.0132,0.0132,0.0132,0.0132,0.0132,0.0132,0.0132,0.0132,0.0132,0.0132,0.0132,0.0132,0.0132,0.0132,0.0132,0.0132,0.0132,0.0132,0.0132,0.0132,0.0132,0.0132,0.0132,0.0132,0.0132,0.0132,0.0132,0.0132,0.0132,0.0132,0.0132,0.0132
45133.0833333,0.0040,0.0040,0.0040,0.0040,0.0040,0.0040,0.0041,0.0047,0.0047,0.0047,0.0048,0.0048,0.0048,0.0052,0.0053,0.0053,0.0053,0.0053,0.0053,0.0053,0.0053,0.0053,0.0053,0.0053,0.0053,0.0053,0.0053,0.0053,0.0054,0.0054,0.0054,0.0054,0.0054,0.0054,0.0054,0.0054,0.0054,0.0054,0.0054,0.0057,0.0057,0.0057,0.0058,0.0058,0.0058,0.0058,0.0058,0.0061,0.0061,0.0061,0.0062,0.0062,0.0062,0.0062,0.0062,0.0062,0.0062,0.0062,0.0063,0.0063,0.0063,0.0063,0.0063,0.0063,0.0063,0.0063,0.0063,0.0065,0.0065,0.0065,0.0065,0.0065,0.0065,0.0065,0.0065,0.0065,0.0065,0.0067,0.0067,0.0067,0.0067,0.0067,0.0067,0.0068,0.0068,0.0068,0.0068,0.0068,0.0068,0.0068,0.0068,0.0069,0.0069,0.0069,0.0069,0.0069,0.0069,0.0069,0.0069,0.0069,0.0069,0.0069,0.0101,0.0101,0.0101,0.0101,0.0101,0.0105,0.0105,0.0105,0.0106,0.0106,0.0107,0.0107,0.0107,0.0107,0.0107,0.0107,0.0107,0.0107,0.0107,0.0107,0.0108,0.0108,0.0108,0.0108,0.0108,0.0108,0.0108,0.0109,0.0109,0.0109,0.0109,0.0109,0.0109,0.0109,0.0109,0.0109,0.0110,0.0110,0.0110,0.0110,0.0110,0.0110,0.0110,0.0110,0.0110,0.0110,0.0110,0.0110,0.0110,0.0110,0.0110,0.0110,0.0110,0.0110,0.0111,0.0111,0.0116,0.0116,0.0116,0.0118,0.0121,0.0121,0.0121,0.0121,0.0121,0.0121,0.0121,0.0121,0.0121,0.0131,0.0131,0.0131,0.0131,0.0131,0.0131,0.0131,0.0131,0.0131,0.0131,0.0131,0.0131,0.0132,0.0132,0.0132,0.0132,0.0132,0.0132,0.0132,0.0132,0.0132,0.0132,0.0132,0.0132,0.0132,0.0132,0.0132,0.0132,0.0132,0.0132,0.0132,0.0132,0.0132,0.0132,0.0132,0.0132,0.0132,0.0132,0.0132,0.0132,0.0132,0.0132,0.0132,0.0132,0.0132,0.0132,0.0132,0.0132,0.0132,0.0132,0.0132,0.0132,0.0132,0.0132,0.0132,0.0132,0.0132,0.0132,0.0132,0.0132,0.0132,0.0132,0.0132,0.0132,0.0132
45133.1250000,0.0040,0.0040,0.0040,0.0040,0.0040,0.0040,0.0041,0.0047,0.0047,0.0047,0.0048,0.0048,0.0048,0.0052,0.0053,0.0053,0.0053,0.0053,0.0053,0.0053,0.0053,0.0053,0.0053,0.0053,0.0053,0.0053,0.0053,0.0053,0.0054,0.0054,0.0054,0.0054,0.0054,0.0054,0.0054,0.0054,0.0054,0.0054,0.0054,0.0058,0.0058,0.0058,0.0058,0.0058,0.0058,0.0058,0.0058,0.0061,0.0061,0.0061,0.0062,0.0062,0.0062,0.0062,0.0062,0.0062,0.0062,0.0062,0.0063,0.0063,0.0063,0.0063,0.0063,0.0063,0.0063,0.0063,0.0063,0.0065,0.0065,0.0065,0.0065,0.0065,0.0065,0.0065,0.0065,0.0065,0.0065,0.0067,0.0067,0.0067,0.0067,0.0067,0.0067,0.0068,0.0068,0.0068,0.0068,0.0068,0.0068,0.0068,0.0068,0.0069,0.0069,0.0069,0.0069,0.0069,0.0069,0.0069,0.0069,0.0069,0.0069,0.0069,0.0101,0.0101,0.0101,0.0101,0.0101,0.0105,0.0105,0.0105,0.0106,0.0106,0.0107,0.0107,0.0107,0.0107,0.0107,0.0107,0.0107,0.0107,0.0107,0.0107,0.0108,0.0108,0.0108,0.0108,0.0108,0.0109,0.0109,0.0109,0.0109,0.0109,0.0109,0.0109,0.0109,0.0109,0.0109,0.0110,0.0110,0.0110,0.0110,0.0110,0.0110,0.0110,0.0110,0.0110,0.0110,0.0110,0.0110,0.0110,0.0110,0.0110,0.0110,0.0110,0.0110,0.0110,0.0111,0.0111,0.0116,0.0116,0.0116,0.0118,0.0121,0.0121,0.0121,0.0121,0.0121,0.0121,0.0121,0.0121,0.0121,0.0131,0.0131,0.0131,0.0131,0.0131,0.0131,0.0131,0.0131,0.0131,0.0131,0.0131,0.0131,0.0132,0.0132,0.0132,0.0132,0.0132,0.0132,0.0132,0.0132,0.0132,0.0132,0.0132,0.0132,0.0132,0.0132,0.0132,0.0132,0.0132,0.0132,0.0132,0.0132,0.0132,0.0132,0.0132,0.0132,0.0132,0.0132,0.0132,0.0132,0.0132,0.0132,0.0132,0.0132,0.0132,0.0132,0.0132,0.0132,0.0132,0.0132,0.0132,0.0132,0.0132,0.0132,0.0132,0.0132,0.0132,0.0132,0.0132,0.0132,0.0132,0.0132,0.0132,0.0132,0.0132
45133.1666667,0.0040,0.0040,0.0040,0.0040,0.0040,0.0040,0.0041,0.0047,0.0047,0.0047,0.0048,0.0048,0.0048,0.0052,0.0053,0.0053,0.0053,0.0053,0.0053,0.0053,0.0053,0.0053,0.0053,0.0053,0.0053,0.0053,0.0053,0.0053,0.0054,0.0054,0.0054,0.0054,0.0054,0.0054,0.0054,0.0054,0.0054,0.0054,0.0054,0.0058,0.0058,0.0058,0.0058,0.0058,0.0058,0.0058,0.0058,0.0062,0.0062,0.0062,0.0062,0.0062,0.0062,0.0063,0.0063,0.0063,0.0063,0.0063,0.0063,0.0063,0.0063,0.0063,0.0063,0.0063,0.0063,0.0063,0.0063,0.0065,0.0065,0.0065,0.0065,0.0065,0.0065,0.0065,0.0065,0.0065,0.0065,0.0067,0.0067,0.0067,0.0067,0.0067,0.0067,0.0068,0.0068,0.0068,0.0068,0.0068,0.0068,0.0068,0.0068,0.0069,0.0069,0.0069,0.0069,0.0069,0.0069,0.0069,0.0069,0.0069,0.0069,0.0069,0.0101,0.0101,0.0101,0.0101,0.0101,0.0105,0.0105,0.0105,0.0106,0.0106,0.0107,0.0107,0.0107,0.0107,0.0107,0.0107,0.0107,0.0107,0.0107,0.0107,0.0108,0.0108,0.0108,0.0108,0.0108,0.0109,0.0109,0.0109,0.0109,0.0109,0.0109,0.0109,0.0110,0.0110,0.0110,0.0110,0.0110,0.0110,0.0110,0.0110,0.0110,0.0110,0.0110,0.0110,0.0110,0.0111,0.0111,0.0111,0.0111,0.0111,0.0111,0.0111,0.0111,0.0111,0.0111,0.0111,0.0116,0.0116,0.0116,0.0118,0.0121,0.0121,0.0121,0.0121,0.0121,0.0121,0.0121,0.0121,0.0121,0.0131,0.0131,0.0131,0.0131,0.0131,0.0131,0.0131,0.0131,0.0131,0.0131,0.0131,0.0131,0.0132,0.0132,0.0132,0.0132,0.0132,0.0132,0.0132,0.0132,0.0132,0.0132,0.0132,0.0132,0.0132,0.0132,0.0132,0.0132,0.0132,0.0132,0.0132,0.0132,0.0132,0.0132,0.0132,0.0132,0.0132,0.0132,0.0132,0.0132,0.0132,0.0132,0.0132,0.0132,0.0132,0.0132,0.0132,0.0132,0.0132,0.0132,0.0132,0.0132,0.0132,0.0132,0.0132,0.0132,0.0132,0.0132,0.0132,0.0132,0.0132,0.0132,0.0132,0.0132,0.0132
45133.2083333,0.0040,0.0040,0.0040,0.0040,0.0040,0.0040,0.0041,0.0047,0.0047,0.0047,0.0048,0.0048,0.0048,0.0052,0.0053,0.0053,0.0053,0.0053,0.0053,0.0053,0.0053,0.0053,0.0053,0.0053,0.0053,0.0053,0.0053,0.0053,0.0054,0.0054,0.0054,0.0054,0.0054,0.0054,0.0054,0.0054,0.0054,0.0054,0.0054,0.0058,0.0058,0.0058,0.0058,0.0058,0.0058,0.0058,0.0058,0.0062,0.0062,0.0062,0.0063,0.0063,0.0063,0.0063,0.0063,0.0063,0.0063,0.0063,0.0063,0.0063,0.0063,0.0063,0.0063,0.0063,0.0063,0.0063,0.0064,0.0065,0.0065,0.0065,0.0065,0.0065,0.0065,0.0065,0.0065,0.0065,0.0065,0.0067,0.0067,0.0067,0.0067,0.0067,0.0067,0.0068,0.0068,0.0068,0.0068,0.0068,0.0068,0.0068,0.0069,0.0069,0.0069,0.0069,0.0069,0.0069,0.0069,0.0069,0.0069,0.0069,0.0069,0.0069,0.0101,0.0101,0.0101,0.0101,0.0101,0.0105,0.0105,0.0105,0.0106,0.0106,0.0107,0.0107,0.0107,0.0107,0.0107,0.0107,0.0107,0.0107,0.0107,0.0107,0.0108,0.0108,0.0108,0.0108,0.0108,0.0109,0.0109,0.0109,0.0109,0.0109,0.0109,0.0109,0.0110,0.0110,0.0110,0.0110,0.0110,0.0110,0.0110,0.0110,0.0110,0.0110,0.0110,0.0110,0.0110,0.0111,0.0111,0.0111,0.0111,0.0111,0.0111,0.0111,0.0111,0.0111,0.0111,0.0111,0.0117,0.0117,0.0117,0.0118,0.0121,0.0121,0.0121,0.0121,0.0122,0.0122,0.0122,0.0122,0.0122,0.0131,0.0131,0.0131,0.0131,0.0131,0.0131,0.0131,0.0131,0.0131,0.0131,0.0131,0.0131,0.0132,0.0132,0.0132,0.0132,0.0132,0.0132,0.0132,0.0132,0.0132,0.0132,0.0132,0.0132,0.0132,0.0132,0.0132,0.0132,0.0132,0.0132,0.0132,0.0132,0.0132,0.0132,0.0132,0.0132,0.0132,0.0132,0.0132,0.0132,0.0132,0.0132,0.0132,0.0132,0.0132,0.0132,0.0132,0.0132,0.0132,0.0132,0.0132,0.0132,0.0132,0.0132,0.0132,0.0132,0.0132,0.0132,0.0132,0.0132,0.0132,0.0132,0.0132,0.0132,0.0132
45133.2500000,0.0040,0.0040,0.0040,0.0040,0.0040,0.0040,0.0041,0.0047,0.0047,0.0047,0.0048,0.0048,0.0048,0.0052,0.0053,0.0053,0.0053,0.0053,0.0053,0.0053,0.0053,0.0053,0.0053,0.0053,0.0053,0.0053,0.0053,0.0053,0.0054,0.0054,0.0054,0.0054,0.0054,0.0054,0.0054,0.0054,0.0054,0.0054,0.0054,0.0058,0.0058,0.0058,0.0058,0.0058,0.0058,0.0058,0.0058,0.0062,0.0062,0.0062,0.0063,0.0063,0.0063,0.0063,0.0063,0.0063,0.0063,0.0063,0.0064,0.0064,0.0064,0.0064,0.0064,0.0064,0.0064,0.0064,0.0064,0.0066,0.0065,0.0065,0.0065,0.0065,0.0065,0.0065,0.0065,0.0066,0.0066,0.0067,0.0067,0.0067,0.0067,0.0067,0.0067,0.0068,0.0068,0.0068,0.0068,0.0069,0.0069,0.0069,0.0069,0.0069,0.0069,0.0069,0.0069,0.0069,0.0069,0.0069,0.0069,0.0069,0.0069,0.0069,0.0101,0.0101,0.0101,0.0101,0.0101,0.0105,0.0105,0.0105,0.0106,0.0106,0.0107,0.0107,0.0107,0.0107,0.0107,0.0107,0.0107,0.0107,0.0107,0.0107,0.0108,0.0108,0.0108,0.0108,0.0108,0.0109,0.0109,0.0109,0.0109,0.0109,0.0109,0.0109,0.0110,0.0110,0.0110,0.0110,0.0110,0.0110,0.0110,0.0110,0.0110,0.0110,0.0110,0.0110,0.0110,0.0111,0.0111,0.0111,0.0111,0.0111,0.0111,0.0111,0.0111,0.0111,0.0111,0.0111,0.0117,0.0117,0.0117,0.0118,0.0121,0.0121,0.0122,0.0122,0.0122,0.0122,0.0122,0.0122,0.0122,0.0131,0.0131,0.0131,0.0132,0.0132,0.0132,0.0132,0.0132,0.0132,0.0132,0.0132,0.0132,0.0132,0.0132,0.0132,0.0132,0.0132,0.0132,0.0132,0.0132,0.0132,0.0132,0.0132,0.0132,0.0132,0.0132,0.0132,0.0132,0.0132,0.0132,0.0132,0.0132,0.0132,0.0132,0.0132,0.0132,0.0132,0.0132,0.0132,0.0132,0.0132,0.0132,0.0132,0.0132,0.0132,0.0132,0.0132,0.0132,0.0132,0.0132,0.0132,0.0132,0.0132,0.0132,0.0132,0.0132,0.0132,0.0132,0.0132,0.0132,0.0132,0.0132,0.0132,0.0132,0.0132
45133.2916667,0.0040,0.0040,0.0040,0.0040,0.0040,0.0040,0.0041,0.0047,0.0047,0.0047,0.0048,0.0048,0.0048,0.0052,0.0053,0.0053,0.0053,0.0053,0.0053,0.0053,0.0053,0.0053,0.0053,0.0053,0.0053,0.0053,0.0053,0.0053,0.0054,0.0054,0.0054,0.0054,0.0054,0.0054,0.0054,0.0054,0.0054,0.0054,0.0054,0.0058,0.0058,0.0058,0.0058,0.0058,0.0058,0.0058,0.0058,0.0062,0.0062,0.0062,0.0063,0.0063,0.0063,0.0063,0.0063,0.0063,0.0063,0.0063,0.0064,0.0064,0.0064,0.0064,0.0064,0.0064,0.0064,0.0064,0.0064,0.0066,0.0066,0.0066,0.0066,0.0066,0.0066,0.0066,0.0066,0.0066,0.0066,0.0067,0.0067,0.0067,0.0067,0.0068,0.0068,0.0068,0.0068,0.0069,0.0069,0.0069,0.0069,0.0069,0.0069,0.0070,0.0070,0.0070,0.0069,0.0070,0.0070,0.0070,0.0070,0.0070,0.0070,0.0070,0.0101,0.0101,0.0101,0.0101,0.0101,0.0105,0.0105,0.0106,0.0106,0.0106,0.0107,0.0107,0.0107,0.0107,0.0107,0.0107,0.0107,0.0107,0.0108,0.0108,0.0108,0.0108,0.0108,0.0108,0.0108,0.0109,0.0109,0.0109,0.0109,0.0109,0.0109,0.0109,0.0110,0.0110,0.0110,0.0110,0.0110,0.0110,0.0110,0.0110,0.0110,0.0110,0.0110,0.0110,0.0111,0.0111,0.0111,0.0111,0.0111,0.0111,0.0111,0.0111,0.0111,0.0111,0.0111,0.0111,0.0117,0.0117,0.0117,0.0118,0.0121,0.0121,0.0122,0.0122,0.0122,0.0122,0.0122,0.0122,0.0122,0.0131,0.0132,0.0132,0.0132,0.0132,0.0132,0.0132,0.0132,0.0132,0.0132,0.0132,0.0132,0.0132,0.0132,0.0132,0.0132,0.0132,0.0132,0.0132,0.0132,0.0132,0.0132,0.0132,0.0132,0.0132,0.0132,0.0132,0.0132,0.0132,0.0132,0.0132,0.0132,0.0132,0.0132,0.0132,0.0132,0.0132,0.0132,0.0132,0.0132,0.0132,0.0132,0.0132,0.0132,0.0132,0.0132,0.0132,0.0132,0.0132,0.0132,0.0132,0.0132,0.0132,0.0132,0.0132,0.0132,0.0132,0.0132,0.0132,0.0132,0.0132,0.0132,0.0132,0.0132,0.0132
45133.3333333,0.0040,0.0040,0.0040,0.0040,0.0040,0.0040,0.0041,0.0047,0.0047,0.0047,0.0048,0.0048,0.0048,0.0052,0.0053,0.0053,0.0053,0.0053,0.0053,0.0053,0.0053,0.0053,0.0053,0.0053,0.0053,0.0053,0.0053,0.0053,0.0054,0.0054,0.0054,0.0054,0.0054,0.0054,0.0054,0.0054,0.0054,0.0054,0.0054,0.0058,0.0058,0.0058,0.0058,0.0058,0.0058,0.0058,0.0058,0.0062,0.0062,0.0062,0.0063,0.0063,0.0063,0.0063,0.0063,0.0063,0.0063,0.0063,0.0064,0.0064,0.0064,0.0064,0.0064,0.0064,0.0064,0.0064,0.0064,0.0066,0.0066,0.0066,0.0066,0.0066,0.0066,0.0066,0.0066,0.0066,0.0066,0.0067,0.0067,0.0068,0.0068,0.0068,0.0068,0.0069,0.0069,0.0069,0.0069,0.0069,0.0069,0.0069,0.0069,0.0070,0.0070,0.0070,0.0070,0.0070,0.0070,0.0070,0.0070,0.0070,0.0070,0.0070,0.0101,0.0101,0.0101,0.0101,0.0101,0.0106,0.0105,0.0106,0.0106,0.0106,0.0107,0.0107,0.0107,0.0107,0.0107,0.0107,0.0108,0.0108,0.0108,0.0108,0.0108,0.0108,0.0108,0.0108,0.0108,0.0109,0.0109,0.0109,0.0109,0.0109,0.0109,0.0109,0.0110,0.0110,0.0110,0.0110,0.0110,0.0110,0.0110,0.0110,0.0110,0.0110,0.0110,0.0110,0.0111,0.0111,0.0111,0.0111,0.0111,0.0111,0.0111,0.0111,0.0111,0.0111,0.0111,0.0111,0.0117,0.0117,0.0117,0.0118,0.0121,0.0121,0.0122,0.0122,0.0122,0.0122,0.0122,0.0122,0.0122,0.0131,0.0132,0.0132,0.0132,0.0132,0.0132,0.0132,0.0132,0.0132,0.0132,0.0132,0.0132,0.0132,0.0132,0.0132,0.0132,0.0132,0.0132,0.0132,0.0132,0.0132,0.0132,0.0132,0.0132,0.0132,0.0132,0.0132,0.0132,0.0132,0.0132,0.0132,0.0132,0.0132,0.0132,0.0132,0.0132,0.0132,0.0132,0.0132,0.0132,0.0132,0.0132,0.0132,0.0132,0.0132,0.0132,0.0132,0.0132,0.0132,0.0132,0.0132,0.0132,0.0132,0.0132,0.0132,0.0132,0.0132,0.0132,0.0132,0.0132,0.0132,0.0132,0.0132,0.0132,0.0132
45133.3750000,0.0040,0.0040,0.0040,0.0040,0.0040,0.0040,0.0041,0.0047,0.0047,0.0047,0.0048,0.0048,0.0048,0.0052,0.0053,0.0053,0.0053,0.0053,0.0053,0.0053,0.0053,0.0053,0.0053,0.0053,0.0053,0.0053,0.0053,0.0053,0.0054,0.0054,0.0054,0.0054,0.0054,0.0054,0.0054,0.0054,0.0054,0.0054,0.0054,0.0058,0.0058,0.0058,0.0058,0.0058,0.0058,0.0058,0.0058,0.0062,0.0062,0.0062,0.0063,0.0063,0.0063,0.0063,0.0063,0.0063,0.0063,0.0063,0.0064,0.0064,0.0064,0.0064,0.0064,0.0064,0.0064,0.0064,0.0064,0.0066,0.0066,0.0066,0.0066,0.0066,0.0066,0.0066,0.0066,0.0066,0.0066,0.0067,0.0067,0.0068,0.0068,0.0068,0.0068,0.0069,0.0069,0.0069,0.0069,0.0069,0.0069,0.0069,0.0069,0.0070,0.0070,0.0070,0.0070,0.0070,0.0070,0.0070,0.0070,0.0070,0.0070,0.0070,0.0102,0.0102,0.0102,0.0102,0.0102,0.0106,0.0106,0.0106,0.0106,0.0106,0.0107,0.0107,0.0107,0.0107,0.0108,0.0108,0.0108,0.0108,0.0108,0.0108,0.0108,0.0109,0.0109,0.0109,0.0109,0.0109,0.0109,0.0109,0.0109,0.0109,0.0109,0.0109,0.0110,0.0110,0.0110,0.0110,0.0110,0.0110,0.0110,0.0110,0.0110,0.0110,0.0111,0.0111,0.0111,0.0111,0.0111,0.0111,0.0111,0.0111,0.0111,0.0111,0.0111,0.0111,0.0111,0.0111,0.0117,0.0117,0.0117,0.0119,0.0121,0.0121,0.0122,0.0122,0.0122,0.0122,0.0122,0.0122,0.0122,0.0131,0.0132,0.0132,0.0132,0.0132,0.0132,0.0132,0.0132,0.0132,0.0132,0.0132,0.0132,0.0132,0.0132,0.0132,0.0132,0.0132,0.0132,0.0132,0.0132,0.0132,0.0132,0.0132,0.0132,0.0132,0.0132,0.0132,0.0132,0.0132,0.0132,0.0132,0.0132,0.0132,0.0132,0.0132,0.0132,0.0132,0.0132,0.0132,0.0132,0.0133,0.0133,0.0133,0.0133,0.0133,0.0133,0.0133,0.0133,0.0133,0.0133,0.0133,0.0133,0.0133,0.0133,0.0133,0.0133,0.0133,0.0133,0.0133,0.0133,0.0133,0.0133,0.0133,0.0133,0.0133
45133.4166667,0.0040,0.0040,0.0040,0.0040,0.0040,0.0040,0.0041,0.0047,0.0047,0.0047,0.0048,0.0048,0.0048,0.0052,0.0053,0.0053,0.0053,0.0053,0.0053,0.0053,0.0053,0.0053,0.0053,0.0053,0.0053,0.0053,0.0053,0.0053,0.0054,0.0054,0.0054,0.0054,0.0054,0.0054,0.0054,0.0054,0.0054,0.0054,0.0054,0.0058,0.0058,0.0058,0.0058,0.0058,0.0058,0.0058,0.0058,0.0062,0.0062,0.0062,0.0063,0.0063,0.0063,0.0063,0.0063,0.0063,0.0063,0.0063,0.0064,0.0064,0.0064,0.0064,0.0064,0.0064,0.0064,0.0064,0.0064,0.0066,0.0066,0.0066,0.0066,0.0066,0.0066,0.0066,0.0066,0.0066,0.0066,0.0067,0.0067,0.0068,0.0068,0.0068,0.0068,0.0069,0.0069,0.0069,0.0069,0.0069,0.0069,0.0069,0.0069,0.0070,0.0070,0.0070,0.0070,0.0070,0.0070,0.0070,0.0070,0.0070,0.0070,0.0070,0.0102,0.0102,0.0102,0.0102,0.0102,0.0106,0.0106,0.0106,0.0106,0.0106,0.0107,0.0107,0.0108,0.0108,0.0108,0.0108,0.0108,0.0108,0.0108,0.0108,0.0109,0.0109,0.0109,0.0109,0.0109,0.0109,0.0109,0.0109,0.0109,0.0109,0.0109,0.0109,0.0110,0.0110,0.0110,0.0110,0.0110,0.0110,0.0110,0.0110,0.0110,0.0110,0.0111,0.0111,0.0111,0.0111,0.0111,0.0111,0.0111,0.0111,0.0111,0.0111,0.0111,0.0111,0.0111,0.0111,0.0117,0.0117,0.0117,0.0119,0.0121,0.0121,0.0122,0.0122,0.0122,0.0122,0.0122,0.0122,0.0122,0.0131,0.0132,0.0132,0.0132,0.0132,0.0132,0.0132,0.0132,0.0132,0.0132,0.0132,0.0132,0.0132,0.0132,0.0132,0.0132,0.0132,0.0132,0.0132,0.0132,0.0132,0.0132,0.0132,0.0132,0.0132,0.0132,0.0132,0.0132,0.0132,0.0132,0.0132,0.0132,0.0132,0.0132,0.0132,0.0132,0.0132,0.0132,0.0133,0.0133,0.0133,0.0133,0.0133,0.0133,0.0133,0.0133,0.0133,0.0133,0.0133,0.0133,0.0133,0.0133,0.0133,0.0133,0.0133,0.0133,0.0133,0.0133,0.0133,0.0133,0.0133,0.0133,0.0133,0.0133,0.0133
45133.4583333,0.0040,0.0040,0.0040,0.0040,0.0040,0.0040,0.0041,0.0047,0.0047,0.0047,0.0048,0.0048,0.0048,0.0052,0.0053,0.0053,0.0053,0.0053,0.0053,0.0053,0.0053,0.0053,0.0053,0.0053,0.0053,0.0053,0.0053,0.0053,0.0054,0.0054,0.0054,0.0054,0.0054,0.0054,0.0054,0.0054,0.0054,0.0054,0.0054,0.0058,0.0058,0.0058,0.0058,0.0058,0.0058,0.0058,0.0058,0.0062,0.0062,0.0062,0.0063,0.0063,0.0063,0.0063,0.0063,0.0063,0.0063,0.0063,0.0064,0.0064,0.0064,0.0064,0.0064,0.0064,0.0064,0.0064,0.0064,0.0066,0.0066,0.0066,0.0066,0.0066,0.0066,0.0066,0.0066,0.0066,0.0066,0.0067,0.0068,0.0068,0.0068,0.0068,0.0068,0.0069,0.0069,0.0069,0.0069,0.0069,0.0069,0.0069,0.0069,0.0070,0.0070,0.0070,0.0070,0.0070,0.0070,0.0070,0.0070,0.0070,0.0070,0.0070,0.0102,0.0102,0.0102,0.0102,0.0102,0.0106,0.0106,0.0106,0.0106,0.0106,0.0108,0.0108,0.0108,0.0108,0.0108,0.0108,0.0108,0.0108,0.0108,0.0108,0.0109,0.0109,0.0109,0.0109,0.0109,0.0109,0.0109,0.0109,0.0109,0.0109,0.0109,0.0109,0.0110,0.0110,0.0110,0.0110,0.0110,0.0110,0.0111,0.0111,0.0111,0.0111,0.0111,0.0111,0.0111,0.0111,0.0111,0.0111,0.0111,0.0111,0.0111,0.0111,0.0111,0.0111,0.0111,0.0111,0.0117,0.0117,0.0117,0.0119,0.0121,0.0121,0.0122,0.0122,0.0122,0.0122,0.0122,0.0122,0.0122,0.0132,0.0132,0.0132,0.0132,0.0132,0.0132,0.0132,0.0132,0.0132,0.0132,0.0132,0.0132,0.0132,0.0132,0.0132,0.0132,0.0132,0.0132,0.0132,0.0132,0.0132,0.0132,0.0132,0.0132,0.0132,0.0132,0.0132,0.0132,0.0132,0.0132,0.0132,0.0132,0.0132,0.0132,0.0132,0.0132,0.0133,0.0133,0.0133,0.0133,0.0133,0.0133,0.0133,0.0133,0.0133,0.0133,0.0133,0.0133,0.0133,0.0133,0.0133,0.0133,0.0133,0.0133,0.0133,0.0133,0.0133,0.0133,0.0133,0.0133,0.0133,0.0133,0.0133,0.0133,0.0133
45133.5000000,0.0040,0.0040,0.0040,0.0040,0.0040,0.0040,0.0041,0.0047,0.0047,0.0047,0.0048,0.0048,0.0048,0.0052,0.0053,0.0053,0.0053,0.0053,0.0053,0.0053,0.0053,0.0053,0.0053,0.0053,0.0053,0.0053,0.0053,0.0053,0.0054,0.0054,0.0054,0.0054,0.0054,0.0054,0.0054,0.0054,0.0054,0.0054,0.0054,0.0058,0.0058,0.0058,0.0058,0.0058,0.0058,0.0058,0.0058,0.0062,0.0062,0.0062,0.0063,0.0063,0.0063,0.0063,0.0063,0.0063,0.0063,0.0063,0.0064,0.0064,0.0064,0.0064,0.0064,0.0064,0.0064,0.0064,0.0064,0.0066,0.0066,0.0066,0.0066,0.0066,0.0066,0.0066,0.0066,0.0066,0.0066,0.0067,0.0068,0.0068,0.0068,0.0068,0.0068,0.0069,0.0069,0.0069,0.0069,0.0069,0.0069,0.0069,0.0069,0.0070,0.0070,0.0070,0.0070,0.0070,0.0070,0.0070,0.0070,0.0070,0.0070,0.0070,0.0102,0.0102,0.0102,0.0102,0.0102,0.0106,0.0106,0.0106,0.0107,0.0107,0.0108,0.0108,0.0108,0.0108,0.0108,0.0108,0.0108,0.0108,0.0108,0.0108,0.0109,0.0109,0.0109,0.0109,0.0109,0.0110,0.0110,0.0110,0.0110,0.0110,0.0110,0.0110,0.0110,0.0110,0.0110,0.0110,0.0111,0.0111,0.0111,0.0111,0.0111,0.0111,0.0111,0.0111,0.0111,0.0111,0.0111,0.0111,0.0111,0.0111,0.0111,0.0111,0.0111,0.0111,0.0111,0.0111,0.0117,0.0117,0.0117,0.0119,0.0122,0.0122,0.0122,0.0122,0.0122,0.0122,0.0122,0.0122,0.0122,0.0132,0.0132,0.0132,0.0132,0.0132,0.0132,0.0132,0.0132,0.0132,0.0132,0.0132,0.0132,0.0132,0.0132,0.0132,0.0132,0.0132,0.0132,0.0132,0.0132,0.0132,0.0132,0.0132,0.0132,0.0132,0.0132,0.0132,0.0132,0.0132,0.0132,0.0132,0.0132,0.0132,0.0133,0.0133,0.0133,0.0133,0.0133,0.0133,0.0133,0.0133,0.0133,0.0133,0.0133,0.0133,0.0133,0.0133,0.0133,0.0133,0.0133,0.0133,0.0133,0.0133,0.0133,0.0133,0.0133,0.0133,0.0133,0.0133,0.0133,0.0133,0.0133,0.0133,0.0133,0.0133
45133.5416667,0.0040,0.0040,0.0040,0.0040,0.0040,0.0040,0.0041,0.0047,0.0047,0.0047,0.0048,0.0048,0.0048,0.0052,0.0053,0.0053,0.0053,0.0053,0.0053,0.0053,0.0053,0.0053,0.0053,0.0053,0.0053,0.0053,0.0053,0.0053,0.0054,0.0054,0.0054,0.0054,0.0054,0.0054,0.0054,0.0054,0.0054,0.0054,0.0054,0.0058,0.0058,0.0058,0.0058,0.0058,0.0058,0.0058,0.0058,0.0062,0.0062,0.0062,0.0063,0.0063,0.0063,0.0063,0.0063,0.0063,0.0063,0.0063,0.0064,0.0064,0.0064,0.0064,0.0064,0.0064,0.0064,0.0064,0.0064,0.0066,0.0066,0.0066,0.0066,0.0066,0.0066,0.0066,0.0066,0.0066,0.0066,0.0067,0.0068,0.0068,0.0068,0.0068,0.0068,0.0069,0.0069,0.0069,0.0069,0.0069,0.0069,0.0069,0.0069,0.0070,0.0070,0.0070,0.0070,0.0070,0.0070,0.0070,0.0070,0.0070,0.0070,0.0070,0.0102,0.0102,0.0102,0.0102,0.0102,0.0106,0.0106,0.0106,0.0107,0.0107,0.0108,0.0108,0.0108,0.0108,0.0108,0.0108,0.0108,0.0108,0.0108,0.0108,0.0109,0.0109,0.0109,0.0109,0.0109,0.0110,0.0110,0.0110,0.0110,0.0110,0.0110,0.0110,0.0110,0.0110,0.0110,0.0111,0.0111,0.0111,0.0111,0.0111,0.0111,0.0111,0.0111,0.0111,0.0111,0.0111,0.0111,0.0112,0.0112,0.0112,0.0112,0.0112,0.0112,0.0112,0.0112,0.0112,0.0117,0.0117,0.0117,0.0119,0.0122,0.0122,0.0122,0.0122,0.0122,0.0122,0.0122,0.0122,0.0122,0.0132,0.0132,0.0132,0.0132,0.0132,0.0132,0.0132,0.0132,0.0132,0.0132,0.0132,0.0132,0.0132,0.0132,0.0132,0.0132,0.0132,0.0132,0.0132,0.0132,0.0132,0.0132,0.0132,0.0132,0.0132,0.0132,0.0132,0.0132,0.0132,0.0133,0.0133,0.0133,0.0133,0.0133,0.0133,0.0133,0.0133,0.0133,0.0133,0.0133,0.0133,0.0133,0.0133,0.0133,0.0133,0.0133,0.0133,0.0133,0.0133,0.0133,0.0133,0.0133,0.0133,0.0133,0.0133,0.0133,0.0133,0.0133,0.0133,0.0133,0.0133,0.0133,0.0133,0.0133,0.0133
45133.5833333,0.0040,0.0040,0.0040,0.0040,0.0040,0.0040,0.0041,0.0047,0.0047,0.0047,0.0048,0.0048,0.0048,0.0052,0.0053,0.0053,0.0053,0.0053,0.0053,0.0053,0.0053,0.0053,0.0053,0.0053,0.0053,0.0053,0.0053,0.0053,0.0054,0.0054,0.0054,0.0054,0.0054,0.0054,0.0054,0.0054,0.0054,0.0054,0.0054,0.0058,0.0058,0.0058,0.0058,0.0058,0.0058,0.0058,0.0058,0.0062,0.0062,0.0062,0.0063,0.0063,0.0063,0.0063,0.0063,0.0063,0.0063,0.0063,0.0064,0.0064,0.0064,0.0064,0.0064,0.0064,0.0064,0.0064,0.0064,0.0066,0.0066,0.0066,0.0066,0.0066,0.0066,0.0066,0.0066,0.0066,0.0066,0.0067,0.0068,0.0068,0.0068,0.0068,0.0068,0.0069,0.0069,0.0069,0.0069,0.0069,0.0069,0.0069,0.0069,0.0070,0.0070,0.0070,0.0070,0.0070,0.0070,0.0070,0.0070,0.0070,0.0070,0.0070,0.0102,0.0102,0.0102,0.0102,0.0102,0.0106,0.0106,0.0106,0.0107,0.0107,0.0108,0.0108,0.0108,0.0108,0.0108,0.0108,0.0108,0.0108,0.0108,0.0108,0.0109,0.0109,0.0109,0.0109,0.0109,0.0110,0.0110,0.0110,0.0110,0.0110,0.0110,0.0110,0.0110,0.0110,0.0111,0.0111,0.0111,0.0111,0.0111,0.0111,0.0111,0.0111,0.0111,0.0111,0.0111,0.0112,0.0112,0.0112,0.0112,0.0112,0.0112,0.0112,0.0112,0.0112,0.0112,0.0112,0.0117,0.0117,0.0117,0.0119,0.0122,0.0122,0.0122,0.0122,0.0122,0.0123,0.0122,0.0123,0.0123,0.0132,0.0132,0.0132,0.0132,0.0132,0.0132,0.0132,0.0132,0.0132,0.0132,0.0132,0.0132,0.0132,0.0133,0.0133,0.0133,0.0133,0.0133,0.0133,0.0133,0.0133,0.0133,0.0133,0.0133,0.0133,0.0133,0.0133,0.0133,0.0133,0.0133,0.0133,0.0133,0.0133,0.0133,0.0133,0.0133,0.0133,0.0133,0.0133,0.0133,0.0133,0.0133,0.0133,0.0133,0.0133,0.0133,0.0133,0.0133,0.0133,0.0133,0.0133,0.0133,0.0133,0.0133,0.0133,0.0133,0.0133,0.0133,0.0133,0.0133,0.0133,0.0133,0.0133,0.0133,0.0133
45133.6250000,0.0040,0.0040,0.0040,0.0040,0.0040,0.0040,0.0041,0.0047,0.0047,0.0047,0.0048,0.0048,0.0048,0.0052,0.0053,0.0053,0.0053,0.0053,0.0053,0.0053,0.0053,0.0053,0.0053,0.0053,0.0053,0.0053,0.0053,0.0053,0.0054,0.0054,0.0054,0.0054,0.0054,0.0054,0.0054,0.0054,0.0054,0.0054,0.0054,0.0058,0.0058,0.0058,0.0058,0.0058,0.0058,0.0058,0.0058,0.0062,0.0062,0.0062,0.0063,0.0063,0.0063,0.0063,0.0063,0.0063,0.0063,0.0063,0.0064,0.0064,0.0064,0.0064,0.0064,0.0064,0.0064,0.0064,0.0064,0.0066,0.0066,0.0066,0.0066,0.0066,0.0066,0.0066,0.0066,0.0066,0.0066,0.0067,0.0068,0.0068,0.0068,0.0068,0.0068,0.0069,0.0069,0.0069,0.0069,0.0069,0.0069,0.0069,0.0069,0.0070,0.0070,0.0070,0.0070,0.0070,0.0070,0.0070,0.0070,0.0070,0.0070,0.0070,0.0102,0.0102,0.0102,0.0102,0.0102,0.0106,0.0106,0.0106,0.0107,0.0107,0.0108,0.0108,0.0108,0.0108,0.0108,0.0108,0.0108,0.0108,0.0108,0.0108,0.0109,0.0109,0.0109,0.0109,0.0109,0.0110,0.0110,0.0110,0.0110,0.0110,0.0110,0.0110,0.0110,0.0111,0.0111,0.0111,0.0111,0.0111,0.0111,0.0111,0.0111,0.0111,0.0111,0.0111,0.0111,0.0112,0.0112,0.0112,0.0112,0.0112,0.0112,0.0112,0.0112,0.0112,0.0112,0.0112,0.0118,0.0118,0.0118,0.0119,0.0122,0.0122,0.0122,0.0123,0.0123,0.0123,0.0123,0.0123,0.0123,0.0132,0.0132,0.0132,0.0132,0.0132,0.0132,0.0132,0.0132,0.0132,0.0132,0.0132,0.0132,0.0133,0.0133,0.0133,0.0133,0.0133,0.0133,0.0133,0.0133,0.0133,0.0133,0.0133,0.0133,0.0133,0.0133,0.0133,0.0133,0.0133,0.0133,0.0133,0.0133,0.0133,0.0133,0.0133,0.0133,0.0133,0.0133,0.0133,0.0133,0.0133,0.0133,0.0133,0.0133,0.0133,0.0133,0.0133,0.0133,0.0133,0.0133,0.0133,0.0133,0.0133,0.0133,0.0133,0.0133,0.0133,0.0133,0.0133,0.0133,0.0133,0.0133,0.0133,0.0133,0.0133
45133.6666667,0.0040,0.0040,0.0040,0.0040,0.0040,0.0040,0.0041,0.0047,0.0047,0.0047,0.0048,0.0048,0.0048,0.0052,0.0053,0.0053,0.0053,0.0053,0.0053,0.0053,0.0053,0.0053,0.0053,0.0053,0.0053,0.0053,0.0053,0.0053,0.0054,0.0054,0.0054,0.0054,0.0054,0.0054,0.0054,0.0054,0.0054,0.0054,0.0054,0.0058,0.0058,0.0058,0.0058,0.0058,0.0058,0.0058,0.0058,0.0062,0.0062,0.0062,0.0063,0.0063,0.0063,0.0063,0.0063,0.0063,0.0063,0.0063,0.0064,0.0064,0.0064,0.0064,0.0064,0.0064,0.0064,0.0064,0.0064,0.0066,0.0066,0.0066,0.0066,0.0066,0.0066,0.0066,0.0066,0.0066,0.0066,0.0067,0.0068,0.0068,0.0068,0.0068,0.0068,0.0069,0.0069,0.0069,0.0069,0.0069,0.0069,0.0069,0.0069,0.0070,0.0070,0.0070,0.0070,0.0070,0.0070,0.0070,0.0070,0.0070,0.0070,0.0070,0.0102,0.0102,0.0102,0.0102,0.0102,0.0106,0.0106,0.0106,0.0107,0.0107,0.0108,0.0108,0.0108,0.0108,0.0108,0.0108,0.0108,0.0108,0.0108,0.0108,0.0109,0.0109,0.0109,0.0109,0.0109,0.0110,0.0110,0.0110,0.0110,0.0110,0.0110,0.0110,0.0110,0.0111,0.0111,0.0111,0.0111,0.0111,0.0111,0.0111,0.0111,0.0111,0.0111,0.0111,0.0111,0.0112,0.0112,0.0112,0.0112,0.0112,0.0112,0.0112,0.0112,0.0112,0.0112,0.0112,0.0118,0.0118,0.0118,0.0119,0.0122,0.0122,0.0123,0.0123,0.0123,0.0123,0.0123,0.0123,0.0123,0.0132,0.0132,0.0132,0.0133,0.0133,0.0133,0.0133,0.0133,0.0133,0.0133,0.0133,0.0133,0.0133,0.0133,0.0133,0.0133,0.0133,0.0133,0.0133,0.0133,0.0133,0.0133,0.0133,0.0133,0.0133,0.0133,0.0133,0.0133,0.0133,0.0133,0.0133,0.0133,0.0133,0.0133,0.0133,0.0133,0.0133,0.0133,0.0133,0.0133,0.0133,0.0133,0.0133,0.0133,0.0133,0.0133,0.0133,0.0133,0.0133,0.0133,0.0133,0.0133,0.0133,0.0133,0.0133,0.0133,0.0133,0.0133,0.0133,0.0133,0.0133,0.0133,0.0133,0.0133,0.0133
45133.7083333,0.0040,0.0040,0.0040,0.0040,0.0040,0.0040,0.0041,0.0047,0.0047,0.0047,0.0048,0.0048,0.0048,0.0052,0.0053,0.0053,0.0053,0.0053,0.0053,0.0053,0.0053,0.0053,0.0053,0.0053,0.0053,0.0053,0.0053,0.0053,0.0054,0.0054,0.0054,0.0054,0.0054,0.0054,0.0054,0.0054,0.0054,0.0054,0.0054,0.0058,0.0058,0.0058,0.0058,0.0058,0.0058,0.0058,0.0058,0.0062,0.0062,0.0062,0.0063,0.0063,0.0063,0.0063,0.0063,0.0063,0.0063,0.0063,0.0064,0.0064,0.0064,0.0064,0.0064,0.0064,0.0064,0.0064,0.0064,0.0066,0.0066,0.0066,0.0066,0.0066,0.0066,0.0066,0.0066,0.0066,0.0066,0.0067,0.0068,0.0068,0.0068,0.0068,0.0068,0.0069,0.0069,0.0069,0.0069,0.0069,0.0069,0.0069,0.0069,0.0070,0.0070,0.0070,0.0070,0.0070,0.0070,0.0070,0.0070,0.0070,0.0070,0.0070,0.0102,0.0102,0.0102,0.0102,0.0102,0.0106,0.0106,0.0106,0.0107,0.0107,0.0108,0.0108,0.0108,0.0108,0.0108,0.0108,0.0108,0.0108,0.0108,0.0108,0.0109,0.0109,0.0109,0.0109,0.0109,0.0110,0.0110,0.0110,0.0110,0.0110,0.0110,0.0110,0.0110,0.0111,0.0111,0.0111,0.0111,0.0111,0.0111,0.0111,0.0111,0.0111,0.0111,0.0111,0.0111,0.0112,0.0112,0.0112,0.0112,0.0112,0.0112,0.0112,0.0112,0.0112,0.0112,0.0112,0.0118,0.0118,0.0118,0.0119,0.0122,0.0122,0.0123,0.0123,0.0123,0.0123,0.0123,0.0123,0.0123,0.0132,0.0132,0.0132,0.0133,0.0133,0.0133,0.0133,0.0133,0.0133,0.0133,0.0133,0.0133,0.0133,0.0133,0.0133,0.0133,0.0133,0.0133,0.0133,0.0133,0.0133,0.0133,0.0133,0.0133,0.0133,0.0133,0.0133,0.0133,0.0133,0.0133,0.0133,0.0133,0.0133,0.0133,0.0133,0.0133,0.0133,0.0133,0.0133,0.0133,0.0133,0.0133,0.0133,0.0133,0.0133,0.0133,0.0133,0.0133,0.0133,0.0133,0.0133,0.0133,0.0133,0.0133,0.0133,0.0133,0.0133,0.0133,0.0133,0.0133,0.0133,0.0133,0.0133,0.0133,0.0133
45133.7500000,0.0040,0.0040,0.0040,0.0040,0.0040,0.0040,0.0041,0.0047,0.0047,0.0047,0.0048,0.0048,0.0048,0.0052,0.0053,0.0053,0.0053,0.0053,0.0053,0.0053,0.0053,0.0053,0.0053,0.0053,0.0053,0.0053,0.0053,0.0053,0.0054,0.0054,0.0054,0.0054,0.0054,0.0054,0.0054,0.0054,0.0054,0.0054,0.0054,0.0058,0.0058,0.0058,0.0058,0.0058,0.0058,0.0058,0.0058,0.0062,0.0062,0.0062,0.0063,0.0063,0.0063,0.0063,0.0063,0.0063,0.0063,0.0063,0.0064,0.0064,0.0064,0.0064,0.0064,0.0064,0.0064,0.0064,0.0064,0.0066,0.0066,0.0066,0.0066,0.0066,0.0066,0.0066,0.0066,0.0066,0.0066,0.0067,0.0068,0.0068,0.0068,0.0068,0.0068,0.0069,0.0069,0.0069,0.0069,0.0069,0.0069,0.0069,0.0069,0.0070,0.0070,0.0070,0.0070,0.0070,0.0070,0.0070,0.0070,0.0070,0.0070,0.0070,0.0102,0.0102,0.0102,0.0102,0.0102,0.0106,0.0106,0.0106,0.0107,0.0107,0.0108,0.0108,0.0108,0.0108,0.0108,0.0108,0.0108,0.0108,0.0108,0.0108,0.0109,0.0109,0.0109,0.0109,0.0109,0.0110,0.0110,0.0110,0.0110,0.0110,0.0110,0.0110,0.0110,0.0111,0.0111,0.0111,0.0111,0.0111,0.0111,0.0111,0.0111,0.0111,0.0111,0.0111,0.0111,0.0112,0.0112,0.0112,0.0112,0.0112,0.0112,0.0112,0.0112,0.0112,0.0112,0.0112,0.0118,0.0118,0.0118,0.0119,0.0122,0.0122,0.0123,0.0123,0.0123,0.0123,0.0123,0.0123,0.0123,0.0132,0.0132,0.0132,0.0133,0.0133,0.0133,0.0133,0.0133,0.0133,0.0133,0.0133,0.0133,0.0133,0.0133,0.0133,0.0133,0.0133,0.0133,0.0133,0.0133,0.0133,0.0133,0.0133,0.0133,0.0133,0.0133,0.0133,0.0133,0.0133,0.0133,0.0133,0.0133,0.0133,0.0133,0.0133,0.0133,0.0133,0.0133,0.0133,0.0133,0.0133,0.0133,0.0133,0.0133,0.0133,0.0133,0.0133,0.0133,0.0133,0.0133,0.0133,0.0134,0.0134,0.0134,0.0134,0.0134,0.0134,0.0134,0.0134,0.0134,0.0134,0.0134,0.0134,0.0134,0.0134
45133.7916667,0.0040,0.0040,0.0040,0.0040,0.0040,0.0040,0.0041,0.0047,0.0047,0.0047,0.0048,0.0048,0.0048,0.0052,0.0053,0.0053,0.0053,0.0053,0.0053,0.0053,0.0053,0.0053,0.0053,0.0053,0.0053,0.0053,0.0053,0.0053,0.0054,0.0054,0.0054,0.0054,0.0054,0.0054,0.0054,0.0054,0.0054,0.0054,0.0054,0.0058,0.0058,0.0058,0.0058,0.0058,0.0058,0.0058,0.0058,0.0062,0.0062,0.0062,0.0063,0.0063,0.0063,0.0063,0.0063,0.0063,0.0063,0.0063,0.0064,0.0064,0.0064,0.0064,0.0064,0.0064,0.0064,0.0064,0.0064,0.0066,0.0066,0.0066,0.0066,0.0066,0.0066,0.0066,0.0066,0.0066,0.0066,0.0067,0.0068,0.0068,0.0068,0.0068,0.0068,0.0069,0.0069,0.0069,0.0069,0.0069,0.0069,0.0069,0.0069,0.0070,0.0070,0.0070,0.0070,0.0070,0.0070,0.0070,0.0070,0.0070,0.0070,0.0070,0.0102,0.0102,0.0102,0.0102,0.0102,0.0106,0.0106,0.0106,0.0107,0.0107,0.0108,0.0108,0.0108,0.0108,0.0108,0.0108,0.0108,0.0108,0.0108,0.0108,0.0109,0.0109,0.0109,0.0109,0.0109,0.0110,0.0110,0.0110,0.0110,0.0110,0.0110,0.0110,0.0110,0.0111,0.0111,0.0111,0.0111,0.0111,0.0111,0.0111,0.0111,0.0111,0.0111,0.0111,0.0111,0.0112,0.0112,0.0112,0.0112,0.0112,0.0112,0.0112,0.0112,0.0112,0.0112,0.0112,0.0118,0.0118,0.0118,0.0119,0.0122,0.0122,0.0123,0.0123,0.0123,0.0123,0.0123,0.0123,0.0123,0.0132,0.0132,0.0132,0.0133,0.0133,0.0133,0.0133,0.0133,0.0133,0.0133,0.0133,0.0133,0.0133,0.0133,0.0133,0.0133,0.0133,0.0133,0.0133,0.0133,0.0133,0.0133,0.0133,0.0133,0.0133,0.0133,0.0133,0.0133,0.0133,0.0133,0.0133,0.0133,0.0133,0.0133,0.0133,0.0133,0.0133,0.0133,0.0133,0.0133,0.0133,0.0133,0.0133,0.0133,0.0133,0.0134,0.0134,0.0134,0.0134,0.0134,0.0134,0.0134,0.0134,0.0134,0.0134,0.0134,0.0134,0.0134,0.0134,0.0134,0.0134,0.0134,0.0134,0.0134,0.0134
45133.8333333,0.0040,0.0040,0.0040,0.0040,0.0040,0.0040,0.0041,0.0047,0.0047,0.0047,0.0048,0.0048,0.0048,0.0052,0.0053,0.0053,0.0053,0.0053,0.0053,0.0053,0.0053,0.0053,0.0053,0.0053,0.0053,0.0053,0.0053,0.0053,0.0054,0.0054,0.0054,0.0054,0.0054,0.0054,0.0054,0.0054,0.0054,0.0054,0.0054,0.0058,0.0058,0.0058,0.0058,0.0058,0.0058,0.0058,0.0058,0.0062,0.0062,0.0062,0.0063,0.0063,0.0063,0.0063,0.0063,0.0063,0.0063,0.0063,0.0064,0.0064,0.0064,0.0064,0.0064,0.0064,0.0064,0.0064,0.0064,0.0066,0.0066,0.0066,0.0066,0.0066,0.0066,0.0066,0.0066,0.0066,0.0066,0.0067,0.0068,0.0068,0.0068,0.0068,0.0068,0.0069,0.0069,0.0069,0.0069,0.0069,0.0069,0.0069,0.0069,0.0070,0.0070,0.0070,0.0070,0.0070,0.0070,0.0070,0.0070,0.0070,0.0070,0.0070,0.0102,0.0102,0.0102,0.0102,0.0102,0.0106,0.0106,0.0106,0.0107,0.0107,0.0108,0.0108,0.0108,0.0108,0.0108,0.0108,0.0108,0.0108,0.0108,0.0108,0.0109,0.0109,0.0109,0.0109,0.0109,0.0110,0.0110,0.0110,0.0110,0.0110,0.0110,0.0110,0.0110,0.0111,0.0111,0.0111,0.0111,0.0111,0.0111,0.0111,0.0111,0.0111,0.0111,0.0111,0.0111,0.0112,0.0112,0.0112,0.0112,0.0112,0.0112,0.0112,0.0112,0.0112,0.0112,0.0112,0.0118,0.0118,0.0118,0.0119,0.0122,0.0122,0.0123,0.0123,0.0123,0.0123,0.0123,0.0123,0.0123,0.0132,0.0132,0.0132,0.0133,0.0133,0.0133,0.0133,0.0133,0.0133,0.0133,0.0133,0.0133,0.0133,0.0133,0.0133,0.0133,0.0133,0.0133,0.0133,0.0133,0.0133,0.0133,0.0133,0.0133,0.0133,0.0133,0.0133,0.0133,0.0133,0.0133,0.0133,0.0133,0.0133,0.0133,0.0133,0.0133,0.0133,0.0133,0.0133,0.0133,0.0133,0.0133,0.0133,0.0133,0.0134,0.0134,0.0134,0.0134,0.0134,0.0134,0.0134,0.0134,0.0134,0.0134,0.0134,0.0134,0.0134,0.0134,0.0134,0.0134,0.0134,0.0134,0.0134,0.0134,0.0134
45133.8750000,0.0040,0.0040,0.0040,0.0040,0.0040,0.0040,0.0041,0.0047,0.0047,0.0047,0.0048,0.0048,0.0048,0.0052,0.0053,0.0053,0.0053,0.0053,0.0053,0.0053,0.0053,0.0053,0.0053,0.0053,0.0053,0.0053,0.0053,0.0053,0.0054,0.0054,0.0054,0.0054,0.0054,0.0054,0.0054,0.0054,0.0054,0.0054,0.0054,0.0058,0.0058,0.0058,0.0058,0.0058,0.0058,0.0058,0.0058,0.0062,0.0062,0.0062,0.0063,0.0063,0.0063,0.0063,0.0063,0.0063,0.0063,0.0063,0.0064,0.0064,0.0064,0.0064,0.0064,0.0064,0.0064,0.0064,0.0064,0.0066,0.0066,0.0066,0.0066,0.0066,0.0066,0.0066,0.0066,0.0066,0.0066,0.0067,0.0068,0.0068,0.0068,0.0068,0.0068,0.0069,0.0069,0.0069,0.0069,0.0069,0.0069,0.0069,0.0069,0.0070,0.0070,0.0070,0.0070,0.0070,0.0070,0.0070,0.0070,0.0070,0.0070,0.0070,0.0102,0.0102,0.0102,0.0102,0.0102,0.0106,0.0106,0.0106,0.0107,0.0107,0.0108,0.0108,0.0108,0.0108,0.0108,0.0108,0.0108,0.0108,0.0108,0.0108,0.0109,0.0109,0.0109,0.0109,0.0109,0.0110,0.0110,0.0110,0.0110,0.0110,0.0110,0.0110,0.0110,0.0111,0.0111,0.0111,0.0111,0.0111,0.0111,0.0111,0.0111,0.0111,0.0111,0.0111,0.0111,0.0112,0.0112,0.0112,0.0112,0.0112,0.0112,0.0112,0.0112,0.0112,0.0112,0.0112,0.0118,0.0118,0.0118,0.0119,0.0122,0.0122,0.0123,0.0123,0.0123,0.0123,0.0123,0.0123,0.0123,0.0132,0.0132,0.0132,0.0133,0.0133,0.0133,0.0133,0.0133,0.0133,0.0133,0.0133,0.0133,0.0133,0.0133,0.0133,0.0133,0.0133,0.0133,0.0133,0.0133,0.0133,0.0133,0.0133,0.0133,0.0133,0.0133,0.0133,0.0133,0.0133,0.0133,0.0133,0.0133,0.0133,0.0133,0.0133,0.0133,0.0133,0.0133,0.0133,0.0133,0.0133,0.0133,0.0133,0.0134,0.0134,0.0134,0.0134,0.0134,0.0134,0.0134,0.0134,0.0134,0.0134,0.0134,0.0134,0.0134,0.0134,0.0134,0.0134,0.0134,0.0134,0.0134,0.0134,0.0134,0.0134
45133.9166667,0.0040,0.0040,0.0040,0.0040,0.0040,0.0040,0.0041,0.0047,0.0047,0.0047,0.0048,0.0048,0.0048,0.0052,0.0053,0.0053,0.0053,0.0053,0.0053,0.0053,0.0053,0.0053,0.0053,0.0053,0.0053,0.0053,0.0053,0.0053,0.0054,0.0054,0.0054,0.0054,0.0054,0.0054,0.0054,0.0054,0.0054,0.0054,0.0054,0.0058,0.0058,0.0058,0.0058,0.0058,0.0058,0.0058,0.0058,0.0062,0.0062,0.0062,0.0063,0.0063,0.0063,0.0063,0.0063,0.0063,0.0063,0.0063,0.0064,0.0064,0.0064,0.0064,0.0064,0.0064,0.0064,0.0064,0.0064,0.0066,0.0066,0.0066,0.0066,0.0066,0.0066,0.0066,0.0066,0.0066,0.0066,0.0067,0.0068,0.0068,0.0068,0.0068,0.0068,0.0069,0.0069,0.0069,0.0069,0.0069,0.0069,0.0069,0.0069,0.0070,0.0070,0.0070,0.0070,0.0070,0.0070,0.0070,0.0070,0.0070,0.0070,0.0070,0.0102,0.0102,0.0102,0.0102,0.0102,0.0106,0.0106,0.0106,0.0107,0.0107,0.0108,0.0108,0.0108,0.0108,0.0108,0.0108,0.0108,0.0108,0.0108,0.0108,0.0109,0.0109,0.0109,0.0109,0.0109,0.0110,0.0110,0.0110,0.0110,0.0110,0.0110,0.0110,0.0110,0.0111,0.0111,0.0111,0.0111,0.0111,0.0111,0.0111,0.0111,0.0111,0.0111,0.0111,0.0111,0.0112,0.0112,0.0112,0.0112,0.0112,0.0112,0.0112,0.0112,0.0112,0.0112,0.0112,0.0118,0.0118,0.0118,0.0119,0.0122,0.0122,0.0123,0.0123,0.0123,0.0123,0.0123,0.0123,0.0123,0.0132,0.0132,0.0132,0.0133,0.0133,0.0133,0.0133,0.0133,0.0133,0.0133,0.0133,0.0133,0.0133,0.0133,0.0133,0.0133,0.0133,0.0133,0.0133,0.0133,0.0133,0.0133,0.0133,0.0133,0.0133,0.0133,0.0133,0.0133,0.0133,0.0133,0.0133,0.0133,0.0133,0.0133,0.0133,0.0133,0.0133,0.0133,0.0133,0.0133,0.0133,0.0133,0.0133,0.0134,0.0134,0.0134,0.0134,0.0134,0.0134,0.0134,0.0134,0.0134,0.0134,0.0134,0.0134,0.0134,0.0134,0.0134,0.0134,0.0134,0.0134,0.0134,0.0134,0.0134,0.0134
45133.9583333,0.0040,0.0040,0.0040,0.0040,0.0040,0.0040,0.0041,0.0047,0.0047,0.0047,0.0048,0.0048,0.0048,0.0052,0.0053,0.0053,0.0053,0.0053,0.0053,0.0053,0.0053,0.0053,0.0053,0.0053,0.0053,0.0053,0.0053,0.0053,0.0054,0.0054,0.0054,0.0054,0.0054,0.0054,0.0054,0.0054,0.0054,0.0054,0.0054,0.0058,0.0058,0.0058,0.0058,0.0058,0.0058,0.0058,0.0058,0.0062,0.0062,0.0062,0.0063,0.0063,0.0063,0.0063,0.0063,0.0063,0.0063,0.0063,0.0064,0.0064,0.0064,0.0064,0.0064,0.0064,0.0064,0.0064,0.0064,0.0066,0.0066,0.0066,0.0066,0.0066,0.0066,0.0066,0.0066,0.0066,0.0066,0.0067,0.0068,0.0068,0.0068,0.0068,0.0068,0.0069,0.0069,0.0069,0.0069,0.0069,0.0069,0.0069,0.0069,0.0070,0.0070,0.0070,0.0070,0.0070,0.0070,0.0070,0.0070,0.0070,0.0070,0.0070,0.0102,0.0102,0.0102,0.0102,0.0102,0.0106,0.0106,0.0106,0.0107,0.0107,0.0108,0.0108,0.0108,0.0108,0.0108,0.0108,0.0108,0.0108,0.0108,0.0108,0.0109,0.0109,0.0109,0.0109,0.0109,0.0110,0.0110,0.0110,0.0110,0.0110,0.0110,0.0110,0.0110,0.0111,0.0111,0.0111,0.0111,0.0111,0.0111,0.0111,0.0111,0.0111,0.0111,0.0111,0.0111,0.0112,0.0112,0.0112,0.0112,0.0112,0.0112,0.0112,0.0112,0.0112,0.0112,0.0112,0.0118,0.0118,0.0118,0.0119,0.0122,0.0122,0.0123,0.0123,0.0123,0.0123,0.0123,0.0123,0.0123,0.0132,0.0132,0.0132,0.0133,0.0133,0.0133,0.0133,0.0133,0.0133,0.0133,0.0133,0.0133,0.0133,0.0133,0.0133,0.0133,0.0133,0.0133,0.0133,0.0133,0.0133,0.0133,0.0133,0.0133,0.0133,0.0133,0.0133,0.0133,0.0133,0.0133,0.0133,0.0133,0.0133,0.0133,0.0133,0.0133,0.0133,0.0133,0.0133,0.0133,0.0133,0.0133,0.0133,0.0134,0.0134,0.0134,0.0134,0.0134,0.0134,0.0134,0.0134,0.0134,0.0134,0.0134,0.0134,0.0134,0.0134,0.0134,0.0134,0.0134,0.0134,0.0134,0.0134,0.0134,0.0134
45134.0000000,0.0052,0.0051,0.0051,0.0050,0.0050,0.0050,0.0049,0.0057,0.0056,0.0055,0.0054,0.0053,0.0052,0.0058,0.0057,0.0056,0.0055,0.0054,0.0054,0.0053,0.0053,0.0053,0.0053,0.0053,0.0053,0.0053,0.0053,0.0053,0.0054,0.0054,0.0054,0.0054,0.0054,0.0054,0.0054,0.0054,0.0054,0.0054,0.0054,0.0059,0.0059,0.0059,0.0059,0.0059,0.0059,0.0059,0.0059,0.0063,0.0063,0.0063,0.0063,0.0063,0.0063,0.0064,0.0064,0.0063,0.0063,0.0063,0.0064,0.0064,0.0064,0.0064,0.0064,0.0064,0.0064,0.0064,0.0064,0.0066,0.0066,0.0066,0.0066,0.0066,0.0066,0.0066,0.0066,0.0066,0.0066,0.0068,0.0068,0.0068,0.0068,0.0068,0.0068,0.0069,0.0069,0.0069,0.0069,0.0070,0.0070,0.0070,0.0070,0.0070,0.0070,0.0070,0.0070,0.0070,0.0070,0.0070,0.0070,0.0070,0.0070,0.0070,0.0111,0.0110,0.0109,0.0109,0.0108,0.0113,0.0112,0.0110,0.0109,0.0108,0.0109,0.0109,0.0109,0.0109,0.0109,0.0109,0.0109,0.0109,0.0108,0.0108,0.0109,0.0109,0.0109,0.0109,0.0109,0.0110,0.0110,0.0110,0.0110,0.0110,0.0110,0.0110,0.0110,0.0111,0.0111,0.0111,0.0111,0.0111,0.0111,0.0111,0.0111,0.0111,0.0111,0.0111,0.0111,0.0112,0.0112,0.0112,0.0112,0.0112,0.0112,0.0112,0.0112,0.0112,0.0112,0.0112,0.0119,0.0119,0.0119,0.0121,0.0124,0.0124,0.0124,0.0124,0.0124,0.0124,0.0124,0.0124,0.0123,0.0135,0.0135,0.0134,0.0134,0.0134,0.0134,0.0134,0.0133,0.0133,0.0133,0.0133,0.0133,0.0133,0.0133,0.0133,0.0133,0.0133,0.0133,0.0133,0.0133,0.0133,0.0133,0.0133,0.0133,0.0133,0.0133,0.0133,0.0133,0.0133,0.0133,0.0133,0.0133,0.0133,0.0133,0.0133,0.0133,0.0133,0.0133,0.0133,0.0133,0.0133,0.0133,0.0133,0.0134,0.0134,0.0134,0.0134,0.0134,0.0134,0.0134,0.0134,0.0134,0.0134,0.0134,0.0134,0.0134,0.0134,0.0134,0.0134,0.0134,0.0134,0.0134,0.0134,0.0134,0.0134
45134.0416667,0.0052,0.0052,0.0052,0.0052,0.0052,0.0052,0.0052,0.0061,0.0061,0.0061,0.0061,0.0061,0.0061,0.0067,0.0067,0.0067,0.0066,0.0065,0.0065,0.0063,0.0062,0.0062,0.0061,0.0060,0.0060,0.0058,0.0058,0.0057,0.0056,0.0056,0.0055,0.0055,0.0055,0.0055,0.0054,0.0055,0.0055,0.0055,0.0055,0.0059,0.0059,0.0059,0.0059,0.0059,0.0059,0.0059,0.0060,0.0064,0.0064,0.0064,0.0065,0.0064,0.0065,0.0065,0.0065,0.0065,0.0065,0.0065,0.0065,0.0065,0.0065,0.0065,0.0065,0.0065,0.0065,0.0064,0.0064,0.0066,0.0066,0.0066,0.0066,0.0066,0.0066,0.0066,0.0066,0.0066,0.0066,0.0068,0.0068,0.0068,0.0068,0.0068,0.0068,0.0069,0.0069,0.0070,0.0070,0.0070,0.0070,0.0070,0.0070,0.0070,0.0070,0.0070,0.0070,0.0071,0.0071,0.0071,0.0071,0.0071,0.0071,0.0071,0.0111,0.0111,0.0111,0.0111,0.0111,0.0117,0.0117,0.0117,0.0116,0.0116,0.0117,0.0117,0.0116,0.0116,0.0116,0.0116,0.0115,0.0115,0.0114,0.0113,0.0114,0.0113,0.0112,0.0111,0.0111,0.0111,0.0110,0.0110,0.0110,0.0110,0.0110,0.0110,0.0111,0.0111,0.0111,0.0111,0.0111,0.0111,0.0111,0.0111,0.0111,0.0111,0.0111,0.0111,0.0111,0.0112,0.0112,0.0112,0.0112,0.0112,0.0112,0.0112,0.0112,0.0112,0.0112,0.0112,0.0119,0.0119,0.0119,0.0122,0.0124,0.0124,0.0125,0.0125,0.0125,0.0125,0.0125,0.0125,0.0125,0.0137,0.0137,0.0137,0.0137,0.0137,0.0137,0.0136,0.0136,0.0136,0.0136,0.0136,0.0136,0.0136,0.0136,0.0136,0.0136,0.0136,0.0136,0.0136,0.0136,0.0135,0.0135,0.0135,0.0135,0.0135,0.0135,0.0135,0.0135,0.0134,0.0134,0.0134,0.0134,0.0134,0.0134,0.0134,0.0134,0.0134,0.0134,0.0134,0.0134,0.0134,0.0134,0.0134,0.0134,0.0134,0.0134,0.0134,0.0134,0.0134,0.0134,0.0134,0.0134,0.0134,0.0134,0.0134,0.0134,0.0134,0.0134,0.0134,0.0134,0.0134,0.0134,0.0134,0.0134,0.0134
45134.0833333,0.0052,0.0052,0.0052,0.0052,0.0052,0.0052,0.0052,0.0061,0.0061,0.0061,0.0061,0.0061,0.0061,0.0068,0.0068,0.0068,0.0068,0.0068,0.0068,0.0068,0.0068,0.0068,0.0068,0.0068,0.0068,0.0068,0.0068,0.0068,0.0067,0.0067,0.0065,0.0064,0.0063,0.0061,0.0060,0.0059,0.0058,0.0057,0.0057,0.0061,0.0061,0.0060,0.0060,0.0060,0.0060,0.0060,0.0060,0.0064,0.0064,0.0064,0.0065,0.0065,0.0065,0.0065,0.0065,0.0065,0.0065,0.0065,0.0066,0.0066,0.0066,0.0066,0.0066,0.0066,0.0066,0.0066,0.0066,0.0068,0.0067,0.0067,0.0067,0.0067,0.0067,0.0067,0.0067,0.0067,0.0067,0.0068,0.0068,0.0068,0.0068,0.0068,0.0068,0.0070,0.0070,0.0070,0.0070,0.0070,0.0070,0.0070,0.0070,0.0071,0.0071,0.0071,0.0071,0.0071,0.0071,0.0071,0.0071,0.0071,0.0071,0.0071,0.0112,0.0112,0.0112,0.0112,0.0112,0.0117,0.0117,0.0117,0.0117,0.0117,0.0118,0.0118,0.0118,0.0119,0.0119,0.0119,0.0119,0.0119,0.0119,0.0119,0.0119,0.0119,0.0119,0.0118,0.0118,0.0117,0.0117,0.0117,0.0116,0.0115,0.0115,0.0114,0.0114,0.0114,0.0113,0.0113,0.0113,0.0112,0.0112,0.0112,0.0112,0.0112,0.0112,0.0112,0.0112,0.0112,0.0112,0.0112,0.0112,0.0112,0.0112,0.0112,0.0112,0.0112,0.0112,0.0112,0.0119,0.0119,0.0119,0.0122,0.0124,0.0124,0.0125,0.0125,0.0125,0.0125,0.0125,0.0125,0.0125,0.0137,0.0137,0.0137,0.0137,0.0137,0.0137,0.0138,0.0137,0.0137,0.0137,0.0137,0.0138,0.0138,0.0138,0.0138,0.0138,0.0138,0.0138,0.0138,0.0138,0.0138,0.0138,0.0138,0.0137,0.0137,0.0137,0.0137,0.0137,0.0137,0.0137,0.0137,0.0137,0.0137,0.0137,0.0137,0.0137,0.0136,0.0136,0.0136,0.0136,0.0136,0.0136,0.0136,0.0136,0.0136,0.0135,0.0135,0.0135,0.0135,0.0135,0.0135,0.0135,0.0135,0.0135,0.0135,0.0134,0.0134,0.0134,0.0134,0.0134,0.0134,0.0134,0.0134,0.0134,0.0134
45134.1250000,0.0052,0.0052,0.0052,0.0052,0.0052,0.0052,0.0052,0.0061,0.0061,0.0061,0.0061,0.0061,0.0061,0.0068,0.0068,0.0068,0.0068,0.0068,0.0068,0.0068,0.0068,0.0068,0.0068,0.0068,0.0068,0.0068,0.0069,0.0069,0.0069,0.0069,0.0069,0.0069,0.0069,0.0069,0.0069,0.0068,0.0068,0.0067,0.0067,0.0071,0.0070,0.0070,0.0069,0.0069,0.0068,0.0065,0.0064,0.0068,0.0067,0.0067,0.0067,0.0067,0.0066,0.0066,0.0066,0.0066,0.0066,0.0066,0.0066,0.0066,0.0066,0.0066,0.0066,0.0066,0.0066,0.0066,0.0066,0.0068,0.0068,0.0068,0.0068,0.0068,0.0068,0.0068,0.0068,0.0068,0.0068,0.0069,0.0069,0.0069,0.0069,0.0069,0.0069,0.0070,0.0070,0.0070,0.0070,0.0070,0.0070,0.0070,0.0070,0.0071,0.0071,0.0071,0.0071,0.0071,0.0071,0.0071,0.0071,0.0071,0.0071,0.0071,0.0112,0.0112,0.0112,0.0112,0.0112,0.0117,0.0117,0.0117,0.0117,0.0117,0.0119,0.0119,0.0119,0.0119,0.0119,0.0119,0.0119,0.0119,0.0119,0.0119,0.0120,0.0120,0.0120,0.0120,0.0120,0.0120,0.0120,0.0120,0.0120,0.0120,0.0120,0.0120,0.0120,0.0120,0.0120,0.0119,0.0119,0.0119,0.0118,0.0118,0.0117,0.0117,0.0116,0.0116,0.0115,0.0115,0.0115,0.0115,0.0114,0.0114,0.0113,0.0113,0.0113,0.0113,0.0113,0.0113,0.0120,0.0120,0.0119,0.0122,0.0125,0.0125,0.0125,0.0125,0.0125,0.0125,0.0125,0.0125,0.0125,0.0137,0.0137,0.0137,0.0138,0.0138,0.0138,0.0138,0.0138,0.0138,0.0138,0.0138,0.0138,0.0138,0.0138,0.0138,0.0138,0.0138,0.0138,0.0138,0.0138,0.0138,0.0138,0.0138,0.0138,0.0138,0.0138,0.0138,0.0138,0.0138,0.0138,0.0138,0.0138,0.0138,0.0138,0.0138,0.0138,0.0138,0.0138,0.0138,0.0138,0.0138,0.0138,0.0138,0.0138,0.0138,0.0138,0.0138,0.0138,0.0138,0.0138,0.0138,0.0137,0.0137,0.0137,0.0137,0.0137,0.0137,0.0137,0.0137,0.0137,0.0137,0.0137,0.0136,0.0136,0.0136
45134.1666667,0.0052,0.0052,0.0052,0.0052,0.0052,0.0052,0.0052,0.0061,0.0061,0.0061,0.0061,0.0061,0.0061,0.0068,0.0068,0.0068,0.0068,0.0068,0.0068,0.0068,0.0068,0.0068,0.0068,0.0068,0.0068,0.0068,0.0069,0.0069,0.0069,0.0069,0.0069,0.0069,0.0069,0.0069,0.0069,0.0069,0.0070,0.0070,0.0070,0.0074,0.0074,0.0074,0.0074,0.0074,0.0074,0.0073,0.0073,0.0077,0.0076,0.0076,0.0076,0.0076,0.0075,0.0075,0.0074,0.0073,0.0072,0.0071,0.0071,0.0070,0.0070,0.0069,0.0069,0.0068,0.0068,0.0068,0.0067,0.0069,0.0069,0.0068,0.0068,0.0068,0.0068,0.0068,0.0068,0.0068,0.0068,0.0070,0.0070,0.0070,0.0070,0.0070,0.0070,0.0071,0.0071,0.0071,0.0071,0.0071,0.0071,0.0071,0.0071,0.0072,0.0072,0.0072,0.0072,0.0072,0.0072,0.0072,0.0072,0.0072,0.0072,0.0072,0.0112,0.0112,0.0112,0.0112,0.0112,0.0118,0.0118,0.0118,0.0118,0.0118,0.0119,0.0119,0.0119,0.0119,0.0119,0.0119,0.0119,0.0119,0.0119,0.0119,0.0120,0.0120,0.0120,0.0120,0.0120,0.0120,0.0120,0.0121,0.0121,0.0121,0.0121,0.0121,0.0121,0.0121,0.0121,0.0121,0.0122,0.0121,0.0121,0.0121,0.0121,0.0121,0.0121,0.0121,0.0121,0.0121,0.0121,0.0121,0.0120,0.0120,0.0119,0.0118,0.0118,0.0117,0.0117,0.0117,0.0124,0.0123,0.0123,0.0125,0.0128,0.0127,0.0128,0.0127,0.0127,0.0127,0.0127,0.0126,0.0126,0.0138,0.0138,0.0138,0.0138,0.0138,0.0138,0.0138,0.0138,0.0138,0.0138,0.0138,0.0138,0.0138,0.0138,0.0138,0.0138,0.0138,0.0138,0.0138,0.0138,0.0138,0.0138,0.0138,0.0138,0.0138,0.0138,0.0138,0.0138,0.0138,0.0138,0.0138,0.0138,0.0138,0.0138,0.0138,0.0138,0.0138,0.0138,0.0138,0.0138,0.0138,0.0138,0.0138,0.0138,0.0138,0.0138,0.0138,0.0138,0.0138,0.0138,0.0138,0.0138,0.0138,0.0138,0.0138,0.0138,0.0138,0.0138,0.0138,0.0138,0.0138,0.0138,0.0138,0.0138,0.0138
45134.2083333,0.0052,0.0052,0.0052,0.0052,0.0052,0.0052,0.0052,0.0061,0.0061,0.0061,0.0061,0.0061,0.0061,0.0068,0.0068,0.0068,0.0068,0.0068,0.0068,0.0068,0.0068,0.0068,0.0068,0.0068,0.0068,0.0068,0.0069,0.0069,0.0069,0.0069,0.0069,0.0069,0.0069,0.0069,0.0069,0.0069,0.0070,0.0070,0.0070,0.0074,0.0074,0.0074,0.0074,0.0075,0.0075,0.0075,0.0075,0.0079,0.0079,0.0079,0.0080,0.0080,0.0080,0.0080,0.0080,0.0080,0.0079,0.0079,0.0079,0.0079,0.0079,0.0078,0.0078,0.0077,0.0077,0.0076,0.0075,0.0076,0.0072,0.0071,0.0070,0.0070,0.0070,0.0069,0.0069,0.0069,0.0069,0.0070,0.0070,0.0070,0.0071,0.0071,0.0071,0.0072,0.0072,0.0072,0.0072,0.0072,0.0072,0.0072,0.0072,0.0073,0.0073,0.0073,0.0073,0.0073,0.0073,0.0073,0.0073,0.0073,0.0073,0.0073,0.0113,0.0113,0.0113,0.0113,0.0113,0.0118,0.0118,0.0118,0.0118,0.0118,0.0119,0.0119,0.0120,0.0120,0.0120,0.0120,0.0120,0.0120,0.0120,0.0120,0.0120,0.0121,0.0121,0.0120,0.0120,0.0121,0.0121,0.0121,0.0121,0.0121,0.0121,0.0121,0.0121,0.0121,0.0121,0.0121,0.0122,0.0122,0.0122,0.0122,0.0122,0.0122,0.0122,0.0122,0.0122,0.0122,0.0122,0.0122,0.0122,0.0122,0.0122,0.0122,0.0122,0.0122,0.0122,0.0122,0.0129,0.0128,0.0128,0.0130,0.0133,0.0133,0.0133,0.0133,0.0133,0.0133,0.0132,0.0131,0.0131,0.0142,0.0142,0.0141,0.0141,0.0140,0.0140,0.0140,0.0140,0.0139,0.0139,0.0139,0.0139,0.0139,0.0139,0.0139,0.0139,0.0139,0.0139,0.0139,0.0139,0.0139,0.0139,0.0139,0.0139,0.0138,0.0138,0.0138,0.0138,0.0138,0.0138,0.0138,0.0138,0.0138,0.0138,0.0138,0.0138,0.0138,0.0138,0.0138,0.0138,0.0138,0.0138,0.0138,0.0138,0.0138,0.0138,0.0138,0.0138,0.0138,0.0138,0.0138,0.0138,0.0138,0.0138,0.0139,0.0139,0.0139,0.0139,0.0139,0.0139,0.0139,0.0139,0.0139,0.0139,0.0139
45134.2500000,0.0052,0.0052,0.0052,0.0052,0.0052,0.0052,0.0052,0.0061,0.0061,0.0061,0.0061,0.0061,0.0061,0.0068,0.0068,0.0068,0.0068,0.0068,0.0068,0.0068,0.0068,0.0068,0.0068,0.0068,0.0068,0.0068,0.0069,0.0069,0.0069,0.0069,0.0069,0.0069,0.0069,0.0069,0.0069,0.0069,0.0070,0.0070,0.0070,0.0074,0.0074,0.0074,0.0074,0.0075,0.0075,0.0075,0.0075,0.0079,0.0079,0.0079,0.0080,0.0080,0.0080,0.0080,0.0080,0.0080,0.0080,0.0080,0.0081,0.0081,0.0081,0.0081,0.0081,0.0081,0.0081,0.0081,0.0081,0.0082,0.0079,0.0078,0.0077,0.0076,0.0075,0.0074,0.0074,0.0073,0.0073,0.0074,0.0073,0.0073,0.0073,0.0073,0.0073,0.0074,0.0074,0.0074,0.0074,0.0074,0.0074,0.0073,0.0073,0.0074,0.0074,0.0074,0.0073,0.0073,0.0073,0.0073,0.0073,0.0073,0.0073,0.0073,0.0114,0.0114,0.0114,0.0114,0.0114,0.0119,0.0119,0.0119,0.0119,0.0119,0.0120,0.0120,0.0120,0.0121,0.0121,0.0121,0.0121,0.0121,0.0121,0.0121,0.0121,0.0121,0.0121,0.0121,0.0121,0.0121,0.0121,0.0121,0.0121,0.0121,0.0121,0.0121,0.0122,0.0122,0.0122,0.0122,0.0122,0.0122,0.0122,0.0122,0.0122,0.0122,0.0122,0.0122,0.0122,0.0123,0.0123,0.0123,0.0123,0.0123,0.0123,0.0123,0.0123,0.0123,0.0123,0.0123,0.0130,0.0130,0.0130,0.0132,0.0135,0.0135,0.0135,0.0135,0.0135,0.0135,0.0135,0.0135,0.0135,0.0147,0.0147,0.0146,0.0146,0.0145,0.0145,0.0145,0.0145,0.0144,0.0144,0.0144,0.0144,0.0144,0.0144,0.0144,0.0144,0.0143,0.0143,0.0143,0.0143,0.0142,0.0142,0.0142,0.0142,0.0142,0.0141,0.0141,0.0141,0.0141,0.0141,0.0141,0.0140,0.0140,0.0140,0.0140,0.0140,0.0140,0.0140,0.0139,0.0139,0.0139,0.0139,0.0139,0.0139,0.0139,0.0139,0.0139,0.0139,0.0139,0.0139,0.0139,0.0139,0.0139,0.0139,0.0139,0.0139,0.0139,0.0139,0.0139,0.0139,0.0139,0.0139,0.0139,0.0139,0.0139
45134.2916667,0.0052,0.0052,0.0052,0.0052,0.0052,0.0052,0.0052,0.0061,0.0061,0.0061,0.0061,0.0061,0.0061,0.0068,0.0068,0.0068,0.0068,0.0068,0.0068,0.0068,0.0068,0.0068,0.0068,0.0068,0.0068,0.0068,0.0069,0.0069,0.0069,0.0069,0.0069,0.0069,0.0069,0.0069,0.0069,0.0069,0.0070,0.0070,0.0070,0.0074,0.0074,0.0074,0.0074,0.0075,0.0075,0.0075,0.0075,0.0079,0.0079,0.0079,0.0080,0.0080,0.0080,0.0080,0.0080,0.0080,0.0080,0.0080,0.0081,0.0081,0.0081,0.0081,0.0081,0.0081,0.0081,0.0081,0.0081,0.0083,0.0083,0.0082,0.0082,0.0081,0.0081,0.0080,0.0080,0.0080,0.0079,0.0080,0.0080,0.0080,0.0080,0.0080,0.0080,0.0081,0.0080,0.0080,0.0080,0.0080,0.0079,0.0079,0.0079,0.0079,0.0079,0.0078,0.0078,0.0077,0.0077,0.0077,0.0076,0.0076,0.0076,0.0076,0.0116,0.0116,0.0116,0.0116,0.0115,0.0120,0.0120,0.0120,0.0120,0.0120,0.0121,0.0121,0.0121,0.0121,0.0121,0.0121,0.0121,0.0121,0.0121,0.0121,0.0122,0.0122,0.0122,0.0122,0.0122,0.0122,0.0122,0.0122,0.0122,0.0122,0.0122,0.0122,0.0123,0.0122,0.0122,0.0122,0.0123,0.0123,0.0123,0.0123,0.0123,0.0123,0.0123,0.0123,0.0123,0.0123,0.0123,0.0123,0.0123,0.0123,0.0123,0.0123,0.0123,0.0123,0.0123,0.0123,0.0130,0.0130,0.0130,0.0132,0.0135,0.0135,0.0136,0.0136,0.0136,0.0136,0.0136,0.0136,0.0136,0.0148,0.0148,0.0148,0.0148,0.0148,0.0148,0.0148,0.0148,0.0148,0.0148,0.0148,0.0148,0.0148,0.0148,0.0148,0.0148,0.0148,0.0147,0.0147,0.0147,0.0147,0.0147,0.0147,0.0147,0.0147,0.0146,0.0146,0.0146,0.0146,0.0146,0.0146,0.0145,0.0145,0.0145,0.0145,0.0145,0.0144,0.0144,0.0144,0.0144,0.0144,0.0143,0.0143,0.0143,0.0143,0.0143,0.0142,0.0142,0.0142,0.0142,0.0142,0.0141,0.0141,0.0141,0.0141,0.0141,0.0141,0.0140,0.0140,0.0140,0.0140,0.0140,0.0140,0.0140,0.0140
45134.3333333,0.0052,0.0052,0.0052,0.0052,0.0052,0.0052,0.0052,0.0061,0.0061,0.0061,0.0061,0.0061,0.0061,0.0068,0.0068,0.0068,0.0068,0.0068,0.0068,0.0068,0.0068,0.0068,0.0068,0.0068,0.0068,0.0068,0.0069,0.0069,0.0069,0.0069,0.0069,0.0069,0.0069,0.0069,0.0069,0.0069,0.0070,0.0070,0.0070,0.0074,0.0074,0.0074,0.0074,0.0075,0.0075,0.0075,0.0075,0.0079,0.0079,0.0079,0.0080,0.0080,0.0080,0.0080,0.0080,0.0080,0.0080,0.0080,0.0081,0.0081,0.0081,0.0081,0.0081,0.0081,0.0081,0.0081,0.0081,0.0083,0.0083,0.0083,0.0083,0.0083,0.0083,0.0083,0.0083,0.0083,0.0083,0.0084,0.0084,0.0084,0.0084,0.0084,0.0084,0.0085,0.0085,0.0085,0.0085,0.0085,0.0085,0.0085,0.0085,0.0085,0.0085,0.0084,0.0084,0.0084,0.0083,0.0083,0.0083,0.0083,0.0083,0.0082,0.0123,0.0122,0.0122,0.0121,0.0121,0.0126,0.0125,0.0124,0.0124,0.0123,0.0124,0.0124,0.0123,0.0123,0.0123,0.0123,0.0123,0.0123,0.0123,0.0123,0.0123,0.0123,0.0123,0.0123,0.0123,0.0123,0.0123,0.0123,0.0123,0.0123,0.0123,0.0123,0.0123,0.0123,0.0123,0.0123,0.0124,0.0124,0.0124,0.0124,0.0123,0.0123,0.0124,0.0123,0.0123,0.0124,0.0124,0.0124,0.0124,0.0124,0.0123,0.0123,0.0123,0.0123,0.0124,0.0124,0.0131,0.0131,0.0131,0.0133,0.0136,0.0136,0.0136,0.0136,0.0136,0.0136,0.0136,0.0136,0.0136,0.0148,0.0148,0.0148,0.0148,0.0148,0.0148,0.0148,0.0148,0.0148,0.0148,0.0148,0.0148,0.0149,0.0149,0.0149,0.0149,0.0149,0.0149,0.0149,0.0149,0.0149,0.0149,0.0149,0.0149,0.0149,0.0149,0.0149,0.0149,0.0148,0.0148,0.0148,0.0148,0.0148,0.0148,0.0148,0.0148,0.0148,0.0148,0.0148,0.0148,0.0148,0.0148,0.0148,0.0147,0.0147,0.0147,0.0147,0.0147,0.0147,0.0147,0.0147,0.0146,0.0146,0.0146,0.0146,0.0146,0.0145,0.0145,0.0145,0.0145,0.0145,0.0144,0.0144,0.0144,0.0144
45134.3750000,0.0052,0.0052,0.0052,0.0052,0.0052,0.0052,0.0052,0.0061,0.0061,0.0061,0.0061,0.0061,0.0061,0.0068,0.0068,0.0068,0.0068,0.0068,0.0068,0.0068,0.0068,0.0068,0.0068,0.0068,0.0068,0.0068,0.0069,0.0069,0.0069,0.0069,0.0069,0.0069,0.0069,0.0069,0.0069,0.0069,0.0070,0.0070,0.0070,0.0074,0.0074,0.0074,0.0074,0.0075,0.0075,0.0075,0.0075,0.0079,0.0079,0.0079,0.0080,0.0080,0.0080,0.0080,0.0080,0.0080,0.0080,0.0080,0.0081,0.0081,0.0081,0.0081,0.0081,0.0081,0.0081,0.0081,0.0081,0.0083,0.0083,0.0083,0.0084,0.0084,0.0084,0.0084,0.0084,0.0084,0.0084,0.0085,0.0085,0.0085,0.0085,0.0085,0.0085,0.0087,0.0087,0.0087,0.0087,0.0087,0.0087,0.0087,0.0087,0.0087,0.0087,0.0087,0.0087,0.0087,0.0087,0.0087,0.0087,0.0087,0.0087,0.0087,0.0127,0.0127,0.0127,0.0127,0.0127,0.0132,0.0131,0.0130,0.0130,0.0129,0.0130,0.0130,0.0129,0.0129,0.0129,0.0129,0.0129,0.0128,0.0128,0.0127,0.0128,0.0127,0.0127,0.0126,0.0125,0.0125,0.0125,0.0125,0.0125,0.0124,0.0124,0.0124,0.0125,0.0124,0.0124,0.0124,0.0124,0.0124,0.0124,0.0124,0.0124,0.0124,0.0124,0.0124,0.0124,0.0124,0.0124,0.0124,0.0124,0.0124,0.0124,0.0124,0.0124,0.0124,0.0124,0.0124,0.0131,0.0131,0.0131,0.0134,0.0136,0.0136,0.0137,0.0137,0.0137,0.0137,0.0137,0.0137,0.0137,0.0149,0.0149,0.0149,0.0149,0.0149,0.0149,0.0149,0.0149,0.0149,0.0149,0.0149,0.0149,0.0149,0.0149,0.0149,0.0149,0.0149,0.0149,0.0149,0.0149,0.0149,0.0149,0.0149,0.0149,0.0149,0.0149,0.0149,0.0149,0.0149,0.0149,0.0149,0.0149,0.0149,0.0149,0.0149,0.0149,0.0149,0.0149,0.0149,0.0149,0.0149,0.0149,0.0149,0.0149,0.0149,0.0149,0.0149,0.0149,0.0149,0.0149,0.0149,0.0149,0.0149,0.0149,0.0149,0.0149,0.0149,0.0149,0.0148,0.0148,0.0148,0.0148,0.0148,0.0148,0.0148
45134.4166667,0.0052,0.0052,0.0052,0.0052,0.0052,0.0052,0.0052,0.0061,0.0061,0.0061,0.0061,0.0061,0.0061,0.0068,0.0068,0.0068,0.0068,0.0068,0.0068,0.0068,0.0068,0.0068,0.0068,0.0068,0.0068,0.0068,0.0069,0.0069,0.0069,0.0069,0.0069,0.0069,0.0069,0.0069,0.0069,0.0069,0.0070,0.0070,0.0070,0.0074,0.0074,0.0074,0.0074,0.0075,0.0075,0.0075,0.0075,0.0079,0.0079,0.0079,0.0080,0.0080,0.0080,0.0080,0.0080,0.0080,0.0080,0.0080,0.0081,0.0081,0.0081,0.0081,0.0081,0.0081,0.0081,0.0081,0.0081,0.0083,0.0083,0.0084,0.0084,0.0084,0.0084,0.0084,0.0084,0.0084,0.0084,0.0085,0.0085,0.0085,0.0086,0.0086,0.0086,0.0087,0.0087,0.0087,0.0087,0.0087,0.0087,0.0087,0.0087,0.0088,0.0088,0.0088,0.0088,0.0088,0.0088,0.0088,0.0088,0.0088,0.0088,0.0088,0.0129,0.0129,0.0129,0.0129,0.0129,0.0134,0.0134,0.0134,0.0134,0.0133,0.0134,0.0134,0.0134,0.0134,0.0134,0.0134,0.0134,0.0134,0.0134,0.0133,0.0134,0.0133,0.0133,0.0132,0.0131,0.0131,0.0131,0.0130,0.0130,0.0129,0.0129,0.0129,0.0129,0.0128,0.0128,0.0127,0.0127,0.0127,0.0127,0.0126,0.0126,0.0126,0.0126,0.0126,0.0126,0.0126,0.0126,0.0126,0.0126,0.0125,0.0125,0.0125,0.0125,0.0125,0.0125,0.0125,0.0132,0.0132,0.0132,0.0134,0.0137,0.0137,0.0137,0.0137,0.0137,0.0137,0.0137,0.0137,0.0137,0.0149,0.0149,0.0149,0.0149,0.0149,0.0149,0.0149,0.0149,0.0149,0.0149,0.0149,0.0149,0.0150,0.0150,0.0150,0.0150,0.0150,0.0150,0.0150,0.0150,0.0150,0.0149,0.0149,0.0149,0.0149,0.0149,0.0149,0.0149,0.0149,0.0149,0.0149,0.0149,0.0149,0.0149,0.0149,0.0149,0.0149,0.0149,0.0149,0.0149,0.0149,0.0149,0.0149,0.0149,0.0149,0.0149,0.0149,0.0149,0.0149,0.0149,0.0149,0.0149,0.0149,0.0149,0.0149,0.0149,0.0149,0.0149,0.0149,0.0149,0.0149,0.0149,0.0149,0.0149,0.0149
45134.4583333,0.0052,0.0052,0.0052,0.0052,0.0052,0.0052,0.0052,0.0061,0.0061,0.0061,0.0061,0.0061,0.0061,0.0068,0.0068,0.0068,0.0068,0.0068,0.0068,0.0068,0.0068,0.0068,0.0068,0.0068,0.0068,0.0068,0.0069,0.0069,0.0069,0.0069,0.0069,0.0069,0.0069,0.0069,0.0069,0.0069,0.0070,0.0070,0.0070,0.0074,0.0074,0.0074,0.0074,0.0075,0.0075,0.0075,0.0075,0.0079,0.0079,0.0079,0.0080,0.0080,0.0080,0.0080,0.0080,0.0080,0.0080,0.0080,0.0081,0.0081,0.0081,0.0081,0.0081,0.0081,0.0081,0.0081,0.0081,0.0083,0.0083,0.0084,0.0084,0.0084,0.0084,0.0084,0.0084,0.0084,0.0084,0.0085,0.0085,0.0086,0.0086,0.0086,0.0086,0.0087,0.0087,0.0087,0.0087,0.0087,0.0087,0.0087,0.0087,0.0088,0.0088,0.0088,0.0088,0.0088,0.0088,0.0088,0.0088,0.0088,0.0088,0.0088,0.0129,0.0129,0.0129,0.0129,0.0129,0.0134,0.0134,0.0135,0.0135,0.0135,0.0136,0.0136,0.0136,0.0136,0.0136,0.0136,0.0136,0.0136,0.0136,0.0136,0.0137,0.0137,0.0136,0.0136,0.0136,0.0136,0.0136,0.0136,0.0135,0.0135,0.0135,0.0134,0.0135,0.0134,0.0134,0.0133,0.0133,0.0133,0.0132,0.0132,0.0131,0.0131,0.0131,0.0130,0.0130,0.0130,0.0130,0.0129,0.0129,0.0128,0.0128,0.0127,0.0127,0.0127,0.0127,0.0127,0.0134,0.0134,0.0134,0.0136,0.0138,0.0138,0.0139,0.0139,0.0139,0.0139,0.0138,0.0138,0.0138,0.0150,0.0150,0.0150,0.0150,0.0150,0.0150,0.0150,0.0150,0.0150,0.0150,0.0150,0.0150,0.0150,0.0150,0.0150,0.0150,0.0150,0.0150,0.0150,0.0150,0.0150,0.0150,0.0150,0.0150,0.0150,0.0150,0.0150,0.0150,0.0150,0.0150,0.0150,0.0150,0.0150,0.0150,0.0150,0.0150,0.0150,0.0150,0.0150,0.0150,0.0150,0.0150,0.0150,0.0150,0.0150,0.0150,0.0150,0.0150,0.0150,0.0150,0.0150,0.0150,0.0150,0.0150,0.0150,0.0150,0.0150,0.0150,0.0150,0.0150,0.0150,0.0150,0.0150,0.0150,0.0150
45134.5000000,0.0052,0.0052,0.0052,0.0052,0.0052,0.0052,0.0052,0.0061,0.0061,0.0061,0.0061,0.0061,0.0061,0.0068,0.0068,0.0068,0.0068,0.0068,0.0068,0.0068,0.0068,0.0068,0.0068,0.0068,0.0068,0.0068,0.0069,0.0069,0.0069,0.0069,0.0069,0.0069,0.0069,0.0069,0.0069,0.0069,0.0070,0.0070,0.0070,0.0074,0.0074,0.0074,0.0074,0.0075,0.0075,0.0075,0.0075,0.0079,0.0079,0.0079,0.0080,0.0080,0.0080,0.0080,0.0080,0.0080,0.0080,0.0080,0.0081,0.0081,0.0081,0.0081,0.0081,0.0081,0.0081,0.0081,0.0081,0.0083,0.0083,0.0084,0.0084,0.0084,0.0084,0.0084,0.0084,0.0084,0.0084,0.0085,0.0085,0.0086,0.0086,0.0086,0.0086,0.0087,0.0087,0.0087,0.0087,0.0087,0.0087,0.0087,0.0087,0.0088,0.0088,0.0088,0.0088,0.0088,0.0088,0.0088,0.0088,0.0088,0.0088,0.0088,0.0129,0.0129,0.0129,0.0129,0.0129,0.0135,0.0135,0.0135,0.0135,0.0135,0.0136,0.0136,0.0136,0.0136,0.0136,0.0136,0.0137,0.0137,0.0137,0.0137,0.0137,0.0137,0.0137,0.0137,0.0137,0.0138,0.0138,0.0138,0.0138,0.0138,0.0137,0.0137,0.0138,0.0138,0.0138,0.0137,0.0138,0.0137,0.0137,0.0137,0.0137,0.0136,0.0136,0.0136,0.0136,0.0136,0.0135,0.0135,0.0135,0.0134,0.0133,0.0132,0.0132,0.0132,0.0132,0.0132,0.0139,0.0138,0.0138,0.0140,0.0142,0.0142,0.0142,0.0142,0.0142,0.0142,0.0141,0.0141,0.0141,0.0152,0.0152,0.0152,0.0152,0.0152,0.0151,0.0151,0.0151,0.0151,0.0151,0.0151,0.0151,0.0151,0.0151,0.0151,0.0151,0.0151,0.0151,0.0151,0.0151,0.0151,0.0151,0.0151,0.0151,0.0151,0.0151,0.0151,0.0151,0.0151,0.0151,0.0151,0.0151,0.0151,0.0151,0.0151,0.0151,0.0151,0.0151,0.0151,0.0151,0.0151,0.0151,0.0151,0.0151,0.0151,0.0151,0.0150,0.0150,0.0150,0.0150,0.0150,0.0150,0.0150,0.0150,0.0150,0.0150,0.0150,0.0150,0.0150,0.0150,0.0150,0.0150,0.0150,0.0150,0.0150
45134.5416667,0.0052,0.0052,0.0052,0.0052,0.0052,0.0052,0.0052,0.0061,0.0061,0.0061,0.0061,0.0061,0.0061,0.0068,0.0068,0.0068,0.0068,0.0068,0.0068,0.0068,0.0068,0.0068,0.0068,0.0068,0.0068,0.0068,0.0069,0.0069,0.0069,0.0069,0.0069,0.0069,0.0069,0.0069,0.0069,0.0069,0.0070,0.0070,0.0070,0.0074,0.0074,0.0074,0.0074,0.0075,0.0075,0.0075,0.0075,0.0079,0.0079,0.0079,0.0080,0.0080,0.0080,0.0080,0.0080,0.0080,0.0080,0.0080,0.0081,0.0081,0.0081,0.0081,0.0081,0.0081,0.0081,0.0081,0.0081,0.0083,0.0083,0.0084,0.0084,0.0084,0.0084,0.0084,0.0084,0.0084,0.0084,0.0085,0.0085,0.0086,0.0086,0.0086,0.0086,0.0087,0.0087,0.0087,0.0087,0.0087,0.0087,0.0087,0.0087,0.0088,0.0088,0.0088,0.0088,0.0088,0.0088,0.0088,0.0088,0.0088,0.0088,0.0088,0.0129,0.0129,0.0129,0.0129,0.0129,0.0135,0.0135,0.0135,0.0135,0.0135,0.0136,0.0136,0.0136,0.0136,0.0137,0.0137,0.0137,0.0137,0.0137,0.0137,0.0138,0.0138,0.0138,0.0138,0.0138,0.0138,0.0138,0.0138,0.0138,0.0138,0.0138,0.0138,0.0139,0.0139,0.0139,0.0139,0.0139,0.0139,0.0139,0.0139,0.0139,0.0139,0.0139,0.0139,0.0139,0.0139,0.0139,0.0139,0.0139,0.0138,0.0138,0.0137,0.0137,0.0137,0.0137,0.0137,0.0144,0.0144,0.0143,0.0146,0.0148,0.0148,0.0148,0.0148,0.0148,0.0148,0.0147,0.0146,0.0146,0.0157,0.0157,0.0156,0.0155,0.0155,0.0155,0.0155,0.0154,0.0154,0.0154,0.0154,0.0154,0.0154,0.0154,0.0154,0.0154,0.0153,0.0153,0.0153,0.0153,0.0153,0.0153,0.0153,0.0153,0.0153,0.0152,0.0152,0.0152,0.0152,0.0152,0.0152,0.0152,0.0152,0.0152,0.0152,0.0152,0.0152,0.0152,0.0152,0.0152,0.0152,0.0152,0.0151,0.0151,0.0151,0.0151,0.0151,0.0151,0.0151,0.0151,0.0151,0.0151,0.0151,0.0151,0.0151,0.0151,0.0151,0.0151,0.0151,0.0151,0.0151,0.0151,0.0151,0.0151,0.0151
45134.5833333,0.0052,0.0052,0.0052,0.0052,0.0052,0.0052,0.0052,0.0061,0.0061,0.0061,0.0061,0.0061,0.0061,0.0068,0.0068,0.0068,0.0068,0.0068,0.0068,0.0068,0.0068,0.0068,0.0068,0.0068,0.0068,0.0068,0.0069,0.0069,0.0069,0.0069,0.0069,0.0069,0.0069,0.0069,0.0069,0.0069,0.0070,0.0070,0.0070,0.0074,0.0074,0.0074,0.0074,0.0075,0.0075,0.0075,0.0075,0.0079,0.0079,0.0079,0.0080,0.0080,0.0080,0.0080,0.0080,0.0080,0.0080,0.0080,0.0081,0.0081,0.0081,0.0081,0.0081,0.0081,0.0081,0.0081,0.0081,0.0083,0.0083,0.0084,0.0084,0.0084,0.0084,0.0084,0.0084,0.0084,0.0084,0.0085,0.0085,0.0086,0.0086,0.0086,0.0086,0.0087,0.0087,0.0087,0.0087,0.0087,0.0087,0.0087,0.0087,0.0088,0.0088,0.0088,0.0088,0.0088,0.0088,0.0088,0.0088,0.0088,0.0088,0.0088,0.0129,0.0129,0.0129,0.0129,0.0129,0.0135,0.0135,0.0135,0.0135,0.0135,0.0136,0.0136,0.0136,0.0136,0.0137,0.0137,0.0137,0.0137,0.0137,0.0137,0.0138,0.0138,0.0138,0.0138,0.0138,0.0138,0.0138,0.0138,0.0138,0.0138,0.0138,0.0138,0.0139,0.0139,0.0139,0.0139,0.0139,0.0139,0.0139,0.0139,0.0139,0.0140,0.0140,0.0140,0.0140,0.0140,0.0140,0.0140,0.0140,0.0140,0.0140,0.0140,0.0140,0.0140,0.0140,0.0140,0.0147,0.0147,0.0147,0.0149,0.0151,0.0151,0.0152,0.0152,0.0152,0.0152,0.0151,0.0151,0.0151,0.0162,0.0162,0.0162,0.0161,0.0161,0.0160,0.0160,0.0160,0.0160,0.0159,0.0159,0.0159,0.0159,0.0159,0.0159,0.0159,0.0158,0.0158,0.0158,0.0158,0.0158,0.0157,0.0157,0.0157,0.0157,0.0157,0.0156,0.0156,0.0156,0.0156,0.0156,0.0155,0.0155,0.0155,0.0155,0.0155,0.0154,0.0154,0.0154,0.0154,0.0154,0.0154,0.0154,0.0153,0.0153,0.0153,0.0153,0.0153,0.0153,0.0153,0.0153,0.0153,0.0153,0.0153,0.0152,0.0152,0.0152,0.0152,0.0152,0.0152,0.0152,0.0152,0.0152,0.0152,0.0152
45134.6250000,0.0052,0.0052,0.0052,0.0052,0.0052,0.0052,0.0052,0.0061,0.0061,0.0061,0.0061,0.0061,0.0061,0.0068,0.0068,0.0068,0.0068,0.0068,0.0068,0.0068,0.0068,0.0068,0.0068,0.0068,0.0068,0.0068,0.0069,0.0069,0.0069,0.0069,0.0069,0.0069,0.0069,0.0069,0.0069,0.0069,0.0070,0.0070,0.0070,0.0074,0.0074,0.0074,0.0074,0.0075,0.0075,0.0075,0.0075,0.0079,0.0079,0.0079,0.0080,0.0080,0.0080,0.0080,0.0080,0.0080,0.0080,0.0080,0.0081,0.0081,0.0081,0.0081,0.0081,0.0081,0.0081,0.0081,0.0081,0.0083,0.0083,0.0084,0.0084,0.0084,0.0084,0.0084,0.0084,0.0084,0.0084,0.0085,0.0085,0.0086,0.0086,0.0086,0.0086,0.0087,0.0087,0.0087,0.0087,0.0087,0.0087,0.0087,0.0087,0.0088,0.0088,0.0088,0.0088,0.0088,0.0088,0.0088,0.0088,0.0088,0.0088,0.0088,0.0129,0.0129,0.0129,0.0129,0.0129,0.0135,0.0135,0.0135,0.0135,0.0135,0.0136,0.0136,0.0136,0.0136,0.0137,0.0137,0.0137,0.0137,0.0137,0.0137,0.0138,0.0138,0.0138,0.0138,0.0138,0.0138,0.0138,0.0138,0.0138,0.0138,0.0138,0.0138,0.0139,0.0139,0.0139,0.0139,0.0139,0.0139,0.0140,0.0140,0.0140,0.0140,0.0140,0.0140,0.0140,0.0140,0.0140,0.0140,0.0140,0.0140,0.0140,0.0140,0.0140,0.0140,0.0140,0.0140,0.0147,0.0147,0.0147,0.0150,0.0153,0.0153,0.0153,0.0153,0.0153,0.0153,0.0153,0.0153,0.0153,0.0165,0.0165,0.0165,0.0164,0.0164,0.0164,0.0164,0.0164,0.0164,0.0164,0.0164,0.0164,0.0164,0.0164,0.0164,0.0164,0.0163,0.0163,0.0163,0.0163,0.0163,0.0163,0.0163,0.0162,0.0162,0.0162,0.0162,0.0162,0.0161,0.0161,0.0161,0.0161,0.0161,0.0160,0.0160,0.0160,0.0160,0.0160,0.0159,0.0159,0.0159,0.0159,0.0158,0.0158,0.0158,0.0158,0.0158,0.0157,0.0157,0.0157,0.0157,0.0157,0.0156,0.0156,0.0156,0.0156,0.0156,0.0155,0.0155,0.0155,0.0155,0.0155,0.0155,0.0154,0.0154
45134.6666667,0.0052,0.0052,0.0052,0.0052,0.0052,0.0052,0.0052,0.0061,0.0061,0.0061,0.0061,0.0061,0.0061,0.0068,0.0068,0.0068,0.0068,0.0068,0.0068,0.0068,0.0068,0.0068,0.0068,0.0068,0.0068,0.0068,0.0069,0.0069,0.0069,0.0069,0.0069,0.0069,0.0069,0.0069,0.0069,0.0069,0.0070,0.0070,0.0070,0.0074,0.0074,0.0074,0.0074,0.0075,0.0075,0.0075,0.0075,0.0079,0.0079,0.0079,0.0080,0.0080,0.0080,0.0080,0.0080,0.0080,0.0080,0.0080,0.0081,0.0081,0.0081,0.0081,0.0081,0.0081,0.0081,0.0081,0.0081,0.0083,0.0083,0.0084,0.0084,0.0084,0.0084,0.0084,0.0084,0.0084,0.0084,0.0085,0.0085,0.0086,0.0086,0.0086,0.0086,0.0087,0.0087,0.0087,0.0087,0.0087,0.0087,0.0087,0.0087,0.0088,0.0088,0.0088,0.0088,0.0088,0.0088,0.0088,0.0088,0.0088,0.0088,0.0088,0.0129,0.0129,0.0129,0.0129,0.0129,0.0135,0.0135,0.0135,0.0135,0.0135,0.0136,0.0136,0.0136,0.0136,0.0137,0.0137,0.0137,0.0137,0.0137,0.0137,0.0138,0.0138,0.0138,0.0138,0.0138,0.0138,0.0138,0.0138,0.0138,0.0138,0.0138,0.0138,0.0139,0.0139,0.0139,0.0139,0.0139,0.0139,0.0140,0.0140,0.0140,0.0140,0.0140,0.0140,0.0140,0.0140,0.0140,0.0140,0.0140,0.0140,0.0140,0.0140,0.0140,0.0140,0.0141,0.0141,0.0148,0.0148,0.0148,0.0150,0.0153,0.0153,0.0153,0.0153,0.0153,0.0153,0.0153,0.0153,0.0153,0.0165,0.0166,0.0166,0.0166,0.0166,0.0166,0.0166,0.0166,0.0166,0.0165,0.0165,0.0166,0.0166,0.0166,0.0166,0.0166,0.0166,0.0166,0.0166,0.0166,0.0166,0.0165,0.0165,0.0165,0.0165,0.0165,0.0165,0.0165,0.0165,0.0165,0.0165,0.0165,0.0165,0.0165,0.0164,0.0164,0.0164,0.0164,0.0164,0.0164,0.0164,0.0164,0.0164,0.0163,0.0163,0.0163,0.0163,0.0163,0.0163,0.0162,0.0162,0.0162,0.0162,0.0162,0.0161,0.0161,0.0161,0.0161,0.0161,0.0160,0.0160,0.0160,0.0160,0.0160,0.0159
45134.7083333,0.0052,0.0052,0.0052,0.0052,0.0052,0.0052,0.0052,0.0061,0.0061,0.0061,0.0061,0.0061,0.0061,0.0068,0.0068,0.0068,0.0068,0.0068,0.0068,0.0068,0.0068,0.0068,0.0068,0.0068,0.0068,0.0068,0.0069,0.0069,0.0069,0.0069,0.0069,0.0069,0.0069,0.0069,0.0069,0.0069,0.0070,0.0070,0.0070,0.0074,0.0074,0.0074,0.0074,0.0075,0.0075,0.0075,0.0075,0.0079,0.0079,0.0079,0.0080,0.0080,0.0080,0.0080,0.0080,0.0080,0.0080,0.0080,0.0081,0.0081,0.0081,0.0081,0.0081,0.0081,0.0081,0.0081,0.0081,0.0083,0.0083,0.0084,0.0084,0.0084,0.0084,0.0084,0.0084,0.0084,0.0084,0.0085,0.0085,0.0086,0.0086,0.0086,0.0086,0.0087,0.0087,0.0087,0.0087,0.0087,0.0087,0.0087,0.0087,0.0088,0.0088,0.0088,0.0088,0.0088,0.0088,0.0088,0.0088,0.0088,0.0088,0.0088,0.0129,0.0129,0.0129,0.0129,0.0129,0.0135,0.0135,0.0135,0.0135,0.0135,0.0136,0.0136,0.0136,0.0136,0.0137,0.0137,0.0137,0.0137,0.0137,0.0137,0.0138,0.0138,0.0138,0.0138,0.0138,0.0138,0.0138,0.0138,0.0138,0.0138,0.0138,0.0138,0.0139,0.0139,0.0139,0.0139,0.0139,0.0139,0.0140,0.0140,0.0140,0.0140,0.0140,0.0140,0.0140,0.0140,0.0140,0.0140,0.0140,0.0140,0.0140,0.0140,0.0140,0.0140,0.0141,0.0141,0.0148,0.0148,0.0148,0.0150,0.0153,0.0153,0.0153,0.0153,0.0153,0.0153,0.0153,0.0153,0.0153,0.0166,0.0166,0.0166,0.0166,0.0166,0.0166,0.0166,0.0166,0.0166,0.0166,0.0166,0.0166,0.0166,0.0166,0.0166,0.0166,0.0166,0.0166,0.0166,0.0166,0.0166,0.0166,0.0166,0.0166,0.0166,0.0166,0.0166,0.0166,0.0166,0.0166,0.0166,0.0166,0.0166,0.0166,0.0166,0.0166,0.0166,0.0166,0.0166,0.0166,0.0166,0.0166,0.0166,0.0166,0.0166,0.0166,0.0166,0.0166,0.0166,0.0166,0.0166,0.0165,0.0165,0.0165,0.0165,0.0165,0.0165,0.0165,0.0165,0.0165,0.0165,0.0165,0.0164,0.0164,0.0164
45134.7500000,0.0052,0.0052,0.0052,0.0052,0.0052,0.0052,0.0052,0.0061,0.0061,0.0061,0.0061,0.0061,0.0061,0.0068,0.0068,0.0068,0.0068,0.0068,0.0068,0.0068,0.0068,0.0068,0.0068,0.0068,0.0068,0.0068,0.0069,0.0069,0.0069,0.0069,0.0069,0.0069,0.0069,0.0069,0.0069,0.0069,0.0070,0.0070,0.0070,0.0074,0.0074,0.0074,0.0074,0.0075,0.0075,0.0075,0.0075,0.0079,0.0079,0.0079,0.0080,0.0080,0.0080,0.0080,0.0080,0.0080,0.0080,0.0080,0.0081,0.0081,0.0081,0.0081,0.0081,0.0081,0.0081,0.0081,0.0081,0.0083,0.0083,0.0084,0.0084,0.0084,0.0084,0.0084,0.0084,0.0084,0.0084,0.0085,0.0085,0.0086,0.0086,0.0086,0.0086,0.0087,0.0087,0.0087,0.0087,0.0087,0.0087,0.0087,0.0087,0.0088,0.0088,0.0088,0.0088,0.0088,0.0088,0.0088,0.0088,0.0088,0.0088,0.0088,0.0129,0.0129,0.0129,0.0129,0.0129,0.0135,0.0135,0.0135,0.0135,0.0135,0.0136,0.0136,0.0136,0.0136,0.0137,0.0137,0.0137,0.0137,0.0137,0.0137,0.0138,0.0138,0.0138,0.0138,0.0138,0.0138,0.0138,0.0138,0.0138,0.0138,0.0138,0.0138,0.0139,0.0139,0.0139,0.0139,0.0139,0.0139,0.0140,0.0140,0.0140,0.0140,0.0140,0.0140,0.0140,0.0140,0.0140,0.0140,0.0140,0.0140,0.0140,0.0140,0.0140,0.0140,0.0141,0.0141,0.0148,0.0148,0.0148,0.0150,0.0153,0.0153,0.0153,0.0153,0.0153,0.0153,0.0153,0.0153,0.0153,0.0166,0.0166,0.0166,0.0166,0.0166,0.0166,0.0166,0.0166,0.0166,0.0166,0.0166,0.0166,0.0166,0.0166,0.0166,0.0166,0.0166,0.0166,0.0166,0.0166,0.0166,0.0166,0.0166,0.0166,0.0167,0.0167,0.0167,0.0167,0.0167,0.0167,0.0167,0.0167,0.0167,0.0167,0.0167,0.0167,0.0167,0.0167,0.0167,0.0167,0.0167,0.0167,0.0167,0.0167,0.0167,0.0167,0.0167,0.0167,0.0167,0.0167,0.0167,0.0167,0.0167,0.0167,0.0167,0.0167,0.0167,0.0167,0.0166,0.0166,0.0166,0.0166,0.0166,0.0166,0.0166
45134.7916667,0.0052,0.0052,0.0052,0.0052,0.0052,0.0052,0.0052,0.0061,0.0061,0.0061,0.0061,0.0061,0.0061,0.0068,0.0068,0.0068,0.0068,0.0068,0.0068,0.0068,0.0068,0.0068,0.0068,0.0068,0.0068,0.0068,0.0069,0.0069,0.0069,0.0069,0.0069,0.0069,0.0069,0.0069,0.0069,0.0069,0.0070,0.0070,0.0070,0.0074,0.0074,0.0074,0.0074,0.0075,0.0075,0.0075,0.0075,0.0079,0.0079,0.0079,0.0080,0.0080,0.0080,0.0080,0.0080,0.0080,0.0080,0.0080,0.0081,0.0081,0.0081,0.0081,0.0081,0.0081,0.0081,0.0081,0.0081,0.0083,0.0083,0.0084,0.0084,0.0084,0.0084,0.0084,0.0084,0.0084,0.0084,0.0085,0.0085,0.0086,0.0086,0.0086,0.0086,0.0087,0.0087,0.0087,0.0087,0.0087,0.0087,0.0087,0.0087,0.0088,0.0088,0.0088,0.0088,0.0088,0.0088,0.0088,0.0088,0.0088,0.0088,0.0088,0.0129,0.0129,0.0129,0.0129,0.0129,0.0135,0.0135,0.0135,0.0135,0.0135,0.0136,0.0136,0.0136,0.0136,0.0137,0.0137,0.0137,0.0137,0.0137,0.0137,0.0138,0.0138,0.0138,0.0138,0.0138,0.0138,0.0138,0.0138,0.0138,0.0138,0.0138,0.0138,0.0139,0.0139,0.0139,0.0139,0.0139,0.0139,0.0140,0.0140,0.0140,0.0140,0.0140,0.0140,0.0140,0.0140,0.0140,0.0140,0.0140,0.0140,0.0140,0.0140,0.0140,0.0140,0.0141,0.0141,0.0148,0.0148,0.0148,0.0150,0.0153,0.0153,0.0153,0.0153,0.0153,0.0153,0.0153,0.0153,0.0153,0.0166,0.0166,0.0166,0.0166,0.0166,0.0166,0.0166,0.0166,0.0166,0.0166,0.0166,0.0166,0.0166,0.0166,0.0166,0.0166,0.0166,0.0166,0.0166,0.0166,0.0166,0.0167,0.0167,0.0167,0.0167,0.0167,0.0167,0.0167,0.0167,0.0167,0.0167,0.0167,0.0167,0.0167,0.0167,0.0167,0.0167,0.0167,0.0167,0.0167,0.0167,0.0167,0.0167,0.0167,0.0167,0.0167,0.0167,0.0167,0.0167,0.0167,0.0167,0.0167,0.0167,0.0167,0.0167,0.0167,0.0167,0.0167,0.0167,0.0167,0.0167,0.0167,0.0167,0.0167,0.0167
45134.8333333,0.0052,0.0052,0.0052,0.0052,0.0052,0.0052,0.0052,0.0061,0.0061,0.0061,0.0061,0.0061,0.0061,0.0068,0.0068,0.0068,0.0068,0.0068,0.0068,0.0068,0.0068,0.0068,0.0068,0.0068,0.0068,0.0068,0.0069,0.0069,0.0069,0.0069,0.0069,0.0069,0.0069,0.0069,0.0069,0.0069,0.0070,0.0070,0.0070,0.0074,0.0074,0.0074,0.0074,0.0075,0.0075,0.0075,0.0075,0.0079,0.0079,0.0079,0.0080,0.0080,0.0080,0.0080,0.0080,0.0080,0.0080,0.0080,0.0081,0.0081,0.0081,0.0081,0.0081,0.0081,0.0081,0.0081,0.0081,0.0083,0.0083,0.0084,0.0084,0.0084,0.0084,0.0084,0.0084,0.0084,0.0084,0.0085,0.0085,0.0086,0.0086,0.0086,0.0086,0.0087,0.0087,0.0087,0.0087,0.0087,0.0087,0.0087,0.0087,0.0088,0.0088,0.0088,0.0088,0.0088,0.0088,0.0088,0.0088,0.0088,0.0088,0.0088,0.0129,0.0129,0.0129,0.0129,0.0129,0.0135,0.0135,0.0135,0.0135,0.0135,0.0136,0.0136,0.0136,0.0136,0.0137,0.0137,0.0137,0.0137,0.0137,0.0137,0.0138,0.0138,0.0138,0.0138,0.0138,0.0138,0.0138,0.0138,0.0138,0.0138,0.0138,0.0138,0.0139,0.0139,0.0139,0.0139,0.0139,0.0139,0.0140,0.0140,0.0140,0.0140,0.0140,0.0140,0.0140,0.0140,0.0140,0.0140,0.0140,0.0140,0.0140,0.0140,0.0140,0.0140,0.0141,0.0141,0.0148,0.0148,0.0148,0.0150,0.0153,0.0153,0.0153,0.0153,0.0153,0.0153,0.0153,0.0153,0.0153,0.0166,0.0166,0.0166,0.0166,0.0166,0.0166,0.0166,0.0166,0.0166,0.0166,0.0166,0.0166,0.0166,0.0166,0.0166,0.0166,0.0166,0.0166,0.0166,0.0166,0.0167,0.0167,0.0167,0.0167,0.0167,0.0167,0.0167,0.0167,0.0167,0.0167,0.0167,0.0167,0.0167,0.0167,0.0167,0.0167,0.0167,0.0167,0.0167,0.0167,0.0167,0.0167,0.0167,0.0167,0.0167,0.0167,0.0167,0.0167,0.0167,0.0167,0.0167,0.0167,0.0167,0.0167,0.0167,0.0167,0.0167,0.0167,0.0167,0.0167,0.0167,0.0167,0.0167,0.0167,0.0167
45134.8750000,0.0052,0.0052,0.0052,0.0052,0.0052,0.0052,0.0052,0.0061,0.0061,0.0061,0.0061,0.0061,0.0061,0.0068,0.0068,0.0068,0.0068,0.0068,0.0068,0.0068,0.0068,0.0068,0.0068,0.0068,0.0068,0.0068,0.0069,0.0069,0.0069,0.0069,0.0069,0.0069,0.0069,0.0069,0.0069,0.0069,0.0070,0.0070,0.0070,0.0074,0.0074,0.0074,0.0074,0.0075,0.0075,0.0075,0.0075,0.0079,0.0079,0.0079,0.0080,0.0080,0.0080,0.0080,0.0080,0.0080,0.0080,0.0080,0.0081,0.0081,0.0081,0.0081,0.0081,0.0081,0.0081,0.0081,0.0081,0.0083,0.0083,0.0084,0.0084,0.0084,0.0084,0.0084,0.0084,0.0084,0.0084,0.0085,0.0085,0.0086,0.0086,0.0086,0.0086,0.0087,0.0087,0.0087,0.0087,0.0087,0.0087,0.0087,0.0087,0.0088,0.0088,0.0088,0.0088,0.0088,0.0088,0.0088,0.0088,0.0088,0.0088,0.0088,0.0129,0.0129,0.0129,0.0129,0.0129,0.0135,0.0135,0.0135,0.0135,0.0135,0.0136,0.0136,0.0136,0.0136,0.0137,0.0137,0.0137,0.0137,0.0137,0.0137,0.0138,0.0138,0.0138,0.0138,0.0138,0.0138,0.0138,0.0138,0.0138,0.0138,0.0138,0.0138,0.0139,0.0139,0.0139,0.0139,0.0139,0.0139,0.0140,0.0140,0.0140,0.0140,0.0140,0.0140,0.0140,0.0140,0.0140,0.0140,0.0140,0.0140,0.0140,0.0140,0.0140,0.0140,0.0141,0.0141,0.0148,0.0148,0.0148,0.0150,0.0153,0.0153,0.0153,0.0153,0.0153,0.0153,0.0153,0.0153,0.0153,0.0166,0.0166,0.0166,0.0166,0.0166,0.0166,0.0166,0.0166,0.0166,0.0166,0.0166,0.0166,0.0166,0.0166,0.0166,0.0166,0.0166,0.0166,0.0166,0.0166,0.0167,0.0167,0.0167,0.0167,0.0167,0.0167,0.0167,0.0167,0.0167,0.0167,0.0167,0.0167,0.0167,0.0167,0.0167,0.0167,0.0167,0.0167,0.0167,0.0167,0.0167,0.0167,0.0167,0.0167,0.0167,0.0167,0.0167,0.0167,0.0167,0.0167,0.0167,0.0167,0.0167,0.0167,0.0167,0.0167,0.0167,0.0167,0.0167,0.0167,0.0167,0.0167,0.0167,0.0167,0.0167
45134.9166667,0.0052,0.0052,0.0052,0.0052,0.0052,0.0052,0.0052,0.0061,0.0061,0.0061,0.0061,0.0061,0.0061,0.0068,0.0068,0.0068,0.0068,0.0068,0.0068,0.0068,0.0068,0.0068,0.0068,0.0068,0.0068,0.0068,0.0069,0.0069,0.0069,0.0069,0.0069,0.0069,0.0069,0.0069,0.0069,0.0069,0.0070,0.0070,0.0070,0.0074,0.0074,0.0074,0.0074,0.0075,0.0075,0.0075,0.0075,0.0079,0.0079,0.0079,0.0080,0.0080,0.0080,0.0080,0.0080,0.0080,0.0080,0.0080,0.0081,0.0081,0.0081,0.0081,0.0081,0.0081,0.0081,0.0081,0.0081,0.0083,0.0083,0.0084,0.0084,0.0084,0.0084,0.0084,0.0084,0.0084,0.0084,0.0085,0.0085,0.0086,0.0086,0.0086,0.0086,0.0087,0.0087,0.0087,0.0087,0.0087,0.0087,0.0087,0.0087,0.0088,0.0088,0.0088,0.0088,0.0088,0.0088,0.0088,0.0088,0.0088,0.0088,0.0088,0.0129,0.0129,0.0129,0.0129,0.0129,0.0135,0.0135,0.0135,0.0135,0.0135,0.0136,0.0136,0.0136,0.0136,0.0137,0.0137,0.0137,0.0137,0.0137,0.0137,0.0138,0.0138,0.0138,0.0138,0.0138,0.0138,0.0138,0.0138,0.0138,0.0138,0.0138,0.0138,0.0139,0.0139,0.0139,0.0139,0.0139,0.0139,0.0140,0.0140,0.0140,0.0140,0.0140,0.0140,0.0140,0.0140,0.0140,0.0140,0.0140,0.0140,0.0140,0.0140,0.0140,0.0140,0.0141,0.0141,0.0148,0.0148,0.0148,0.0150,0.0153,0.0153,0.0153,0.0153,0.0153,0.0153,0.0153,0.0153,0.0153,0.0166,0.0166,0.0166,0.0166,0.0166,0.0166,0.0166,0.0166,0.0166,0.0166,0.0166,0.0166,0.0166,0.0166,0.0166,0.0166,0.0166,0.0166,0.0166,0.0166,0.0167,0.0167,0.0167,0.0167,0.0167,0.0167,0.0167,0.0167,0.0167,0.0167,0.0167,0.0167,0.0167,0.0167,0.0167,0.0167,0.0167,0.0167,0.0167,0.0167,0.0167,0.0167,0.0167,0.0167,0.0167,0.0167,0.0167,0.0167,0.0167,0.0167,0.0167,0.0167,0.0167,0.0167,0.0167,0.0167,0.0167,0.0167,0.0167,0.0167,0.0167,0.0167,0.0167,0.0167,0.0167
45134.9583333,0.0052,0.0052,0.0052,0.0052,0.0052,0.0052,0.0052,0.0061,0.0061,0.0061,0.0061,0.0061,0.0061,0.0068,0.0068,0.0068,0.0068,0.0068,0.0068,0.0068,0.0068,0.0068,0.0068,0.0068,0.0068,0.0068,0.0069,0.0069,0.0069,0.0069,0.0069,0.0069,0.0069,0.0069,0.0069,0.0069,0.0070,0.0070,0.0070,0.0074,0.0074,0.0074,0.0074,0.0075,0.0075,0.0075,0.0075,0.0079,0.0079,0.0079,0.0080,0.0080,0.0080,0.0080,0.0080,0.0080,0.0080,0.0080,0.0081,0.0081,0.0081,0.0081,0.0081,0.0081,0.0081,0.0081,0.0081,0.0083,0.0083,0.0084,0.0084,0.0084,0.0084,0.0084,0.0084,0.0084,0.0084,0.0085,0.0085,0.0086,0.0086,0.0086,0.0086,0.0087,0.0087,0.0087,0.0087,0.0087,0.0087,0.0087,0.0087,0.0088,0.0088,0.0088,0.0088,0.0088,0.0088,0.0088,0.0088,0.0088,0.0088,0.0088,0.0129,0.0129,0.0129,0.0129,0.0129,0.0135,0.0135,0.0135,0.0135,0.0135,0.0136,0.0136,0.0136,0.0136,0.0137,0.0137,0.0137,0.0137,0.0137,0.0137,0.0138,0.0138,0.0138,0.0138,0.0138,0.0138,0.0138,0.0138,0.0138,0.0138,0.0138,0.0138,0.0139,0.0139,0.0139,0.0139,0.0139,0.0139,0.0140,0.0140,0.0140,0.0140,0.0140,0.0140,0.0140,0.0140,0.0140,0.0140,0.0140,0.0140,0.0140,0.0140,0.0140,0.0140,0.0141,0.0141,0.0148,0.0148,0.0148,0.0150,0.0153,0.0153,0.0153,0.0153,0.0153,0.0153,0.0153,0.0153,0.0153,0.0166,0.0166,0.0166,0.0166,0.0166,0.0166,0.0166,0.0166,0.0166,0.0166,0.0166,0.0166,0.0166,0.0166,0.0166,0.0166,0.0166,0.0166,0.0166,0.0166,0.0167,0.0167,0.0167,0.0167,0.0167,0.0167,0.0167,0.0167,0.0167,0.0167,0.0167,0.0167,0.0167,0.0167,0.0167,0.0167,0.0167,0.0167,0.0167,0.0167,0.0167,0.0167,0.0167,0.0167,0.0167,0.0167,0.0167,0.0167,0.0167,0.0167,0.0167,0.0167,0.0167,0.0167,0.0167,0.0167,0.0167,0.0167,0.0167,0.0167,0.0167,0.0167,0.0167,0.0167,0.0167
45135.0000000,0.0043,0.0043,0.0044,0.0044,0.0045,0.0045,0.0046,0.0054,0.0055,0.0055,0.0056,0.0056,0.0057,0.0063,0.0064,0.0065,0.0066,0.0066,0.0067,0.0067,0.0067,0.0068,0.0068,0.0068,0.0068,0.0068,0.0068,0.0068,0.0069,0.0069,0.0069,0.0069,0.0069,0.0069,0.0069,0.0069,0.0070,0.0070,0.0070,0.0074,0.0074,0.0074,0.0074,0.0074,0.0074,0.0074,0.0074,0.0078,0.0078,0.0078,0.0079,0.0079,0.0080,0.0080,0.0080,0.0080,0.0080,0.0080,0.0081,0.0081,0.0081,0.0081,0.0081,0.0081,0.0081,0.0081,0.0081,0.0083,0.0083,0.0083,0.0084,0.0084,0.0084,0.0084,0.0084,0.0084,0.0084,0.0085,0.0085,0.0085,0.0086,0.0086,0.0086,0.0087,0.0087,0.0087,0.0087,0.0087,0.0087,0.0087,0.0087,0.0088,0.0088,0.0088,0.0088,0.0088,0.0088,0.0088,0.0088,0.0088,0.0088,0.0088,0.0122,0.0123,0.0123,0.0124,0.0124,0.0129,0.0130,0.0132,0.0133,0.0133,0.0135,0.0135,0.0135,0.0136,0.0136,0.0136,0.0136,0.0137,0.0137,0.0137,0.0138,0.0138,0.0138,0.0138,0.0138,0.0138,0.0138,0.0138,0.0138,0.0138,0.0138,0.0138,0.0139,0.0139,0.0139,0.0139,0.0139,0.0139,0.0140,0.0140,0.0140,0.0140,0.0140,0.0140,0.0140,0.0140,0.0140,0.0140,0.0140,0.0140,0.0140,0.0140,0.0140,0.0140,0.0141,0.0141,0.0146,0.0147,0.0147,0.0149,0.0151,0.0152,0.0152,0.0152,0.0152,0.0152,0.0153,0.0153,0.0153,0.0163,0.0164,0.0164,0.0165,0.0165,0.0165,0.0165,0.0165,0.0165,0.0165,0.0166,0.0166,0.0166,0.0166,0.0166,0.0166,0.0166,0.0166,0.0166,0.0166,0.0166,0.0166,0.0166,0.0167,0.0167,0.0167,0.0167,0.0167,0.0167,0.0167,0.0167,0.0167,0.0167,0.0167,0.0167,0.0167,0.0167,0.0167,0.0167,0.0167,0.0167,0.0167,0.0167,0.0167,0.0167,0.0167,0.0167,0.0167,0.0167,0.0167,0.0167,0.0167,0.0167,0.0167,0.0167,0.0167,0.0167,0.0167,0.0167,0.0167,0.0167,0.0167,0.0167,0.0167,0.0167
45135.0416667,0.0043,0.0043,0.0043,0.0043,0.0043,0.0043,0.0043,0.0050,0.0050,0.0050,0.0050,0.0051,0.0051,0.0056,0.0056,0.0056,0.0057,0.0058,0.0059,0.0060,0.0060,0.0061,0.0062,0.0062,0.0063,0.0064,0.0064,0.0065,0.0066,0.0067,0.0068,0.0068,0.0068,0.0069,0.0069,0.0069,0.0069,0.0069,0.0070,0.0073,0.0074,0.0074,0.0074,0.0074,0.0074,0.0074,0.0074,0.0078,0.0078,0.0078,0.0078,0.0078,0.0079,0.0079,0.0079,0.0079,0.0079,0.0079,0.0080,0.0080,0.0080,0.0080,0.0080,0.0080,0.0080,0.0080,0.0081,0.0083,0.0083,0.0083,0.0083,0.0083,0.0083,0.0084,0.0084,0.0084,0.0084,0.0085,0.0085,0.0085,0.0085,0.0086,0.0086,0.0087,0.0087,0.0087,0.0087,0.0087,0.0087,0.0087,0.0087,0.0088,0.0088,0.0088,0.0088,0.0088,0.0088,0.0088,0.0088,0.0088,0.0088,0.0088,0.0122,0.0122,0.0122,0.0122,0.0122,0.0126,0.0126,0.0127,0.0127,0.0127,0.0129,0.0129,0.0129,0.0130,0.0130,0.0130,0.0131,0.0131,0.0132,0.0132,0.0133,0.0134,0.0135,0.0135,0.0136,0.0137,0.0137,0.0137,0.0138,0.0138,0.0138,0.0138,0.0139,0.0139,0.0139,0.0139,0.0139,0.0139,0.0140,0.0140,0.0140,0.0140,0.0140,0.0140,0.0140,0.0140,0.0140,0.0140,0.0140,0.0140,0.0140,0.0140,0.0140,0.0140,0.0141,0.0141,0.0146,0.0146,0.0146,0.0148,0.0151,0.0151,0.0151,0.0151,0.0152,0.0152,0.0152,0.0152,0.0152,0.0162,0.0162,0.0162,0.0163,0.0163,0.0163,0.0163,0.0163,0.0163,0.0163,0.0163,0.0163,0.0164,0.0164,0.0164,0.0164,0.0164,0.0164,0.0164,0.0164,0.0164,0.0165,0.0165,0.0165,0.0165,0.0165,0.0165,0.0165,0.0165,0.0166,0.0166,0.0166,0.0166,0.0166,0.0166,0.0166,0.0166,0.0166,0.0166,0.0166,0.0166,0.0166,0.0167,0.0167,0.0167,0.0167,0.0167,0.0167,0.0167,0.0167,0.0167,0.0167,0.0167,0.0167,0.0167,0.0167,0.0167,0.0167,0.0167,0.0167,0.0167,0.0167,0.0167,0.0167,0.0167
45135.0833333,0.0043,0.0043,0.0043,0.0043,0.0043,0.0043,0.0043,0.0050,0.0050,0.0050,0.0050,0.0050,0.0050,0.0056,0.0056,0.0056,0.0056,0.0056,0.0056,0.0056,0.0056,0.0056,0.0057,0.0057,0.0057,0.0057,0.0057,0.0058,0.0059,0.0059,0.0060,0.0061,0.0062,0.0063,0.0064,0.0065,0.0066,0.0066,0.0067,0.0071,0.0072,0.0072,0.0072,0.0072,0.0073,0.0073,0.0073,0.0077,0.0077,0.0077,0.0078,0.0078,0.0078,0.0079,0.0079,0.0079,0.0079,0.0079,0.0079,0.0079,0.0079,0.0079,0.0079,0.0079,0.0080,0.0080,0.0080,0.0082,0.0082,0.0083,0.0083,0.0083,0.0083,0.0083,0.0083,0.0083,0.0083,0.0085,0.0085,0.0085,0.0085,0.0085,0.0085,0.0086,0.0086,0.0087,0.0087,0.0087,0.0087,0.0087,0.0087,0.0088,0.0088,0.0088,0.0088,0.0088,0.0088,0.0088,0.0088,0.0088,0.0088,0.0088,0.0122,0.0122,0.0122,0.0122,0.0122,0.0126,0.0126,0.0126,0.0126,0.0127,0.0128,0.0128,0.0128,0.0128,0.0128,0.0128,0.0128,0.0128,0.0129,0.0129,0.0129,0.0130,0.0130,0.0130,0.0131,0.0131,0.0132,0.0132,0.0133,0.0133,0.0133,0.0134,0.0135,0.0135,0.0136,0.0137,0.0137,0.0138,0.0138,0.0138,0.0139,0.0139,0.0139,0.0139,0.0139,0.0140,0.0140,0.0140,0.0140,0.0140,0.0140,0.0140,0.0140,0.0140,0.0141,0.0141,0.0146,0.0146,0.0146,0.0148,0.0151,0.0151,0.0151,0.0151,0.0152,0.0152,0.0152,0.0152,0.0152,0.0162,0.0162,0.0162,0.0162,0.0162,0.0162,0.0162,0.0162,0.0162,0.0162,0.0162,0.0162,0.0163,0.0163,0.0163,0.0163,0.0163,0.0163,0.0163,0.0163,0.0163,0.0163,0.0163,0.0163,0.0163,0.0163,0.0163,0.0163,0.0163,0.0163,0.0163,0.0164,0.0164,0.0164,0.0164,0.0164,0.0164,0.0164,0.0164,0.0164,0.0164,0.0164,0.0165,0.0165,0.0165,0.0165,0.0165,0.0165,0.0165,0.0165,0.0165,0.0165,0.0166,0.0166,0.0166,0.0166,0.0166,0.0166,0.0166,0.0166,0.0166,0.0166,0.0167,0.0167,0.0167
45135.1250000,0.0043,0.0043,0.0043,0.0043,0.0043,0.0043,0.0043,0.0050,0.0050,0.0050,0.0050,0.0050,0.0050,0.0056,0.0056,0.0056,0.0056,0.0056,0.0056,0.0056,0.0056,0.0056,0.0056,0.0056,0.0056,0.0056,0.0057,0.0057,0.0057,0.0057,0.0057,0.0057,0.0058,0.0058,0.0058,0.0059,0.0059,0.0060,0.0060,0.0065,0.0065,0.0066,0.0066,0.0066,0.0067,0.0069,0.0069,0.0074,0.0074,0.0074,0.0075,0.0076,0.0076,0.0077,0.0077,0.0077,0.0078,0.0078,0.0079,0.0079,0.0079,0.0079,0.0079,0.0079,0.0079,0.0079,0.0079,0.0081,0.0082,0.0082,0.0082,0.0082,0.0082,0.0082,0.0082,0.0083,0.0083,0.0084,0.0084,0.0084,0.0084,0.0085,0.0085,0.0086,0.0086,0.0086,0.0086,0.0086,0.0086,0.0086,0.0086,0.0087,0.0087,0.0087,0.0087,0.0087,0.0087,0.0087,0.0088,0.0088,0.0088,0.0088,0.0121,0.0121,0.0121,0.0121,0.0121,0.0126,0.0126,0.0126,0.0126,0.0126,0.0128,0.0128,0.0128,0.0128,0.0128,0.0128,0.0128,0.0128,0.0128,0.0128,0.0129,0.0129,0.0129,0.0129,0.0129,0.0130,0.0130,0.0130,0.0130,0.0130,0.0130,0.0130,0.0131,0.0131,0.0131,0.0132,0.0132,0.0133,0.0133,0.0134,0.0134,0.0134,0.0135,0.0135,0.0136,0.0136,0.0136,0.0137,0.0137,0.0138,0.0138,0.0139,0.0139,0.0139,0.0140,0.0140,0.0146,0.0146,0.0146,0.0148,0.0151,0.0151,0.0151,0.0151,0.0151,0.0151,0.0152,0.0152,0.0152,0.0162,0.0162,0.0162,0.0162,0.0162,0.0162,0.0162,0.0162,0.0162,0.0162,0.0162,0.0162,0.0163,0.0163,0.0163,0.0163,0.0163,0.0163,0.0163,0.0163,0.0163,0.0163,0.0163,0.0163,0.0163,0.0163,0.0163,0.0163,0.0163,0.0163,0.0163,0.0163,0.0163,0.0163,0.0163,0.0163,0.0163,0.0163,0.0163,0.0163,0.0163,0.0163,0.0163,0.0163,0.0163,0.0163,0.0163,0.0163,0.0163,0.0163,0.0164,0.0164,0.0164,0.0164,0.0164,0.0164,0.0164,0.0164,0.0164,0.0164,0.0164,0.0164,0.0164,0.0164,0.0165
45135.1666667,0.0043,0.0043,0.0043,0.0043,0.0043,0.0043,0.0043,0.0050,0.0050,0.0050,0.0050,0.0050,0.0050,0.0056,0.0056,0.0056,0.0056,0.0056,0.0056,0.0056,0.0056,0.0056,0.0056,0.0056,0.0056,0.0056,0.0057,0.0057,0.0057,0.0057,0.0057,0.0057,0.0057,0.0057,0.0057,0.0058,0.0058,0.0058,0.0058,0.0062,0.0062,0.0062,0.0062,0.0062,0.0062,0.0063,0.0064,0.0068,0.0068,0.0068,0.0069,0.0070,0.0071,0.0071,0.0071,0.0072,0.0073,0.0073,0.0074,0.0075,0.0075,0.0076,0.0076,0.0076,0.0077,0.0077,0.0078,0.0080,0.0081,0.0081,0.0081,0.0082,0.0082,0.0082,0.0082,0.0082,0.0082,0.0083,0.0083,0.0084,0.0084,0.0084,0.0084,0.0085,0.0085,0.0085,0.0085,0.0085,0.0086,0.0086,0.0086,0.0086,0.0087,0.0087,0.0087,0.0087,0.0087,0.0087,0.0087,0.0087,0.0087,0.0087,0.0121,0.0121,0.0121,0.0121,0.0121,0.0125,0.0125,0.0126,0.0126,0.0126,0.0127,0.0127,0.0127,0.0128,0.0128,0.0128,0.0128,0.0128,0.0128,0.0128,0.0129,0.0129,0.0129,0.0129,0.0129,0.0129,0.0130,0.0130,0.0130,0.0130,0.0130,0.0130,0.0130,0.0130,0.0131,0.0131,0.0131,0.0131,0.0131,0.0131,0.0131,0.0132,0.0132,0.0132,0.0132,0.0132,0.0133,0.0133,0.0133,0.0133,0.0134,0.0134,0.0135,0.0135,0.0135,0.0135,0.0141,0.0142,0.0142,0.0144,0.0147,0.0147,0.0148,0.0148,0.0148,0.0149,0.0149,0.0150,0.0150,0.0160,0.0161,0.0161,0.0162,0.0162,0.0162,0.0162,0.0162,0.0162,0.0162,0.0162,0.0162,0.0162,0.0162,0.0162,0.0162,0.0163,0.0163,0.0163,0.0163,0.0163,0.0163,0.0163,0.0163,0.0163,0.0163,0.0163,0.0163,0.0163,0.0163,0.0163,0.0163,0.0163,0.0163,0.0163,0.0163,0.0163,0.0163,0.0163,0.0163,0.0163,0.0163,0.0163,0.0163,0.0163,0.0163,0.0163,0.0163,0.0163,0.0163,0.0163,0.0163,0.0163,0.0163,0.0163,0.0163,0.0163,0.0163,0.0163,0.0163,0.0163,0.0163,0.0163,0.0163,0.0163
45135.2083333,0.0043,0.0043,0.0043,0.0043,0.0043,0.0043,0.0043,0.0050,0.0050,0.0050,0.0050,0.0050,0.0050,0.0056,0.0056,0.0056,0.0056,0.0056,0.0056,0.0056,0.0056,0.0056,0.0056,0.0056,0.0056,0.0056,0.0057,0.0057,0.0057,0.0057,0.0057,0.0057,0.0057,0.0057,0.0057,0.0058,0.0058,0.0058,0.0058,0.0062,0.0062,0.0062,0.0062,0.0062,0.0062,0.0062,0.0062,0.0066,0.0066,0.0066,0.0067,0.0067,0.0067,0.0067,0.0068,0.0068,0.0068,0.0068,0.0069,0.0069,0.0070,0.0070,0.0070,0.0071,0.0071,0.0071,0.0072,0.0075,0.0078,0.0079,0.0079,0.0080,0.0080,0.0081,0.0081,0.0081,0.0081,0.0083,0.0083,0.0083,0.0083,0.0083,0.0083,0.0084,0.0084,0.0085,0.0085,0.0085,0.0085,0.0085,0.0085,0.0086,0.0086,0.0086,0.0086,0.0086,0.0086,0.0086,0.0086,0.0086,0.0086,0.0086,0.0120,0.0120,0.0120,0.0120,0.0120,0.0125,0.0125,0.0125,0.0125,0.0125,0.0127,0.0127,0.0127,0.0127,0.0127,0.0127,0.0127,0.0127,0.0128,0.0128,0.0128,0.0129,0.0129,0.0129,0.0129,0.0129,0.0129,0.0129,0.0129,0.0129,0.0130,0.0130,0.0130,0.0130,0.0130,0.0130,0.0131,0.0131,0.0131,0.0131,0.0131,0.0131,0.0131,0.0131,0.0131,0.0132,0.0132,0.0132,0.0132,0.0132,0.0132,0.0132,0.0132,0.0132,0.0133,0.0133,0.0138,0.0139,0.0139,0.0141,0.0144,0.0144,0.0144,0.0144,0.0144,0.0145,0.0145,0.0146,0.0146,0.0156,0.0157,0.0158,0.0158,0.0159,0.0159,0.0159,0.0159,0.0159,0.0160,0.0160,0.0160,0.0160,0.0160,0.0161,0.0161,0.0161,0.0161,0.0161,0.0161,0.0161,0.0162,0.0162,0.0162,0.0162,0.0162,0.0162,0.0162,0.0162,0.0162,0.0162,0.0162,0.0162,0.0162,0.0163,0.0163,0.0163,0.0163,0.0163,0.0163,0.0163,0.0163,0.0163,0.0163,0.0163,0.0163,0.0163,0.0163,0.0163,0.0163,0.0163,0.0163,0.0163,0.0163,0.0163,0.0163,0.0163,0.0163,0.0163,0.0163,0.0163,0.0163,0.0163,0.0163,0.0163
45135.2500000,0.0043,0.0043,0.0043,0.0043,0.0043,0.0043,0.0043,0.0050,0.0050,0.0050,0.0050,0.0050,0.0050,0.0056,0.0056,0.0056,0.0056,0.0056,0.0056,0.0056,0.0056,0.0056,0.0056,0.0056,0.0056,0.0056,0.0057,0.0057,0.0057,0.0057,0.0057,0.0057,0.0057,0.0057,0.0057,0.0058,0.0058,0.0058,0.0058,0.0062,0.0062,0.0062,0.0062,0.0062,0.0062,0.0062,0.0062,0.0066,0.0066,0.0066,0.0066,0.0066,0.0066,0.0067,0.0067,0.0067,0.0067,0.0067,0.0067,0.0067,0.0068,0.0068,0.0068,0.0068,0.0068,0.0068,0.0069,0.0071,0.0073,0.0074,0.0075,0.0075,0.0076,0.0077,0.0077,0.0078,0.0078,0.0080,0.0080,0.0080,0.0080,0.0081,0.0081,0.0082,0.0082,0.0082,0.0083,0.0083,0.0083,0.0083,0.0083,0.0084,0.0085,0.0085,0.0085,0.0085,0.0085,0.0085,0.0085,0.0085,0.0086,0.0086,0.0119,0.0119,0.0119,0.0120,0.0120,0.0124,0.0124,0.0124,0.0125,0.0125,0.0126,0.0126,0.0126,0.0126,0.0126,0.0127,0.0127,0.0127,0.0127,0.0127,0.0128,0.0128,0.0128,0.0128,0.0128,0.0129,0.0129,0.0129,0.0129,0.0129,0.0129,0.0129,0.0130,0.0130,0.0130,0.0130,0.0130,0.0131,0.0131,0.0131,0.0131,0.0131,0.0131,0.0131,0.0131,0.0131,0.0131,0.0131,0.0132,0.0132,0.0132,0.0132,0.0132,0.0132,0.0132,0.0132,0.0138,0.0138,0.0138,0.0140,0.0143,0.0143,0.0143,0.0143,0.0143,0.0143,0.0143,0.0144,0.0144,0.0154,0.0154,0.0154,0.0155,0.0155,0.0155,0.0155,0.0156,0.0156,0.0156,0.0156,0.0156,0.0156,0.0157,0.0157,0.0157,0.0157,0.0157,0.0157,0.0158,0.0158,0.0158,0.0158,0.0158,0.0158,0.0159,0.0159,0.0159,0.0159,0.0159,0.0159,0.0160,0.0160,0.0160,0.0160,0.0160,0.0160,0.0161,0.0161,0.0161,0.0161,0.0161,0.0161,0.0161,0.0162,0.0162,0.0162,0.0162,0.0162,0.0162,0.0162,0.0162,0.0162,0.0162,0.0163,0.0163,0.0163,0.0163,0.0163,0.0163,0.0163,0.0163,0.0163,0.0163,0.0163
45135.2916667,0.0043,0.0043,0.0043,0.0043,0.0043,0.0043,0.0043,0.0050,0.0050,0.0050,0.0050,0.0050,0.0050,0.0056,0.0056,0.0056,0.0056,0.0056,0.0056,0.0056,0.0056,0.0056,0.0056,0.0056,0.0056,0.0056,0.0057,0.0057,0.0057,0.0057,0.0057,0.0057,0.0057,0.0057,0.0057,0.0058,0.0058,0.0058,0.0058,0.0062,0.0062,0.0062,0.0062,0.0062,0.0062,0.0062,0.0062,0.0066,0.0066,0.0066,0.0066,0.0066,0.0066,0.0067,0.0067,0.0067,0.0067,0.0067,0.0067,0.0067,0.0067,0.0067,0.0067,0.0067,0.0067,0.0068,0.0068,0.0070,0.0070,0.0071,0.0071,0.0072,0.0072,0.0073,0.0073,0.0073,0.0074,0.0075,0.0076,0.0076,0.0076,0.0076,0.0077,0.0078,0.0078,0.0078,0.0079,0.0079,0.0079,0.0079,0.0080,0.0081,0.0081,0.0081,0.0082,0.0082,0.0082,0.0082,0.0082,0.0083,0.0083,0.0083,0.0117,0.0117,0.0117,0.0118,0.0118,0.0122,0.0123,0.0123,0.0124,0.0124,0.0125,0.0125,0.0125,0.0126,0.0126,0.0126,0.0126,0.0126,0.0126,0.0126,0.0127,0.0127,0.0127,0.0127,0.0128,0.0128,0.0128,0.0128,0.0128,0.0128,0.0128,0.0128,0.0129,0.0129,0.0129,0.0129,0.0130,0.0130,0.0130,0.0130,0.0130,0.0130,0.0131,0.0131,0.0131,0.0131,0.0131,0.0131,0.0131,0.0131,0.0131,0.0131,0.0131,0.0132,0.0132,0.0132,0.0138,0.0138,0.0138,0.0140,0.0142,0.0142,0.0143,0.0143,0.0143,0.0143,0.0143,0.0143,0.0143,0.0153,0.0153,0.0154,0.0154,0.0154,0.0154,0.0154,0.0154,0.0154,0.0154,0.0154,0.0154,0.0154,0.0154,0.0155,0.0155,0.0155,0.0155,0.0155,0.0155,0.0155,0.0155,0.0155,0.0155,0.0155,0.0155,0.0155,0.0156,0.0156,0.0156,0.0156,0.0156,0.0156,0.0156,0.0156,0.0157,0.0157,0.0157,0.0157,0.0157,0.0157,0.0157,0.0158,0.0158,0.0158,0.0158,0.0158,0.0158,0.0159,0.0159,0.0159,0.0159,0.0159,0.0160,0.0160,0.0160,0.0160,0.0160,0.0160,0.0160,0.0161,0.0161,0.0161,0.0161,0.0161
45135.3333333,0.0043,0.0043,0.0043,0.0043,0.0043,0.0043,0.0043,0.0050,0.0050,0.0050,0.0050,0.0050,0.0050,0.0056,0.0056,0.0056,0.0056,0.0056,0.0056,0.0056,0.0056,0.0056,0.0056,0.0056,0.0056,0.0056,0.0057,0.0057,0.0057,0.0057,0.0057,0.0057,0.0057,0.0057,0.0057,0.0058,0.0058,0.0058,0.0058,0.0062,0.0062,0.0062,0.0062,0.0062,0.0062,0.0062,0.0062,0.0066,0.0066,0.0066,0.0066,0.0066,0.0066,0.0067,0.0067,0.0067,0.0067,0.0067,0.0067,0.0067,0.0067,0.0067,0.0067,0.0067,0.0067,0.0067,0.0068,0.0069,0.0070,0.0070,0.0070,0.0070,0.0070,0.0071,0.0071,0.0071,0.0071,0.0073,0.0073,0.0073,0.0073,0.0073,0.0073,0.0075,0.0075,0.0075,0.0075,0.0075,0.0075,0.0076,0.0076,0.0077,0.0077,0.0077,0.0078,0.0078,0.0078,0.0078,0.0078,0.0078,0.0079,0.0079,0.0113,0.0113,0.0113,0.0114,0.0114,0.0119,0.0119,0.0120,0.0121,0.0121,0.0123,0.0123,0.0123,0.0123,0.0124,0.0124,0.0124,0.0124,0.0125,0.0125,0.0126,0.0126,0.0126,0.0126,0.0127,0.0127,0.0127,0.0127,0.0128,0.0128,0.0128,0.0128,0.0128,0.0129,0.0129,0.0129,0.0129,0.0129,0.0129,0.0130,0.0130,0.0130,0.0130,0.0130,0.0130,0.0130,0.0130,0.0130,0.0131,0.0131,0.0131,0.0131,0.0131,0.0131,0.0131,0.0131,0.0137,0.0137,0.0137,0.0139,0.0142,0.0142,0.0142,0.0142,0.0142,0.0143,0.0143,0.0143,0.0143,0.0153,0.0153,0.0153,0.0153,0.0153,0.0153,0.0154,0.0154,0.0154,0.0154,0.0154,0.0154,0.0154,0.0154,0.0154,0.0154,0.0154,0.0154,0.0154,0.0154,0.0154,0.0154,0.0154,0.0154,0.0154,0.0154,0.0154,0.0154,0.0154,0.0154,0.0155,0.0155,0.0155,0.0155,0.0155,0.0155,0.0155,0.0155,0.0155,0.0155,0.0155,0.0155,0.0155,0.0155,0.0155,0.0155,0.0155,0.0156,0.0156,0.0156,0.0156,0.0156,0.0156,0.0156,0.0156,0.0156,0.0157,0.0157,0.0157,0.0157,0.0157,0.0157,0.0157,0.0157,0.0158
45135.3750000,0.0043,0.0043,0.0043,0.0043,0.0043,0.0043,0.0043,0.0050,0.0050,0.0050,0.0050,0.0050,0.0050,0.0056,0.0056,0.0056,0.0056,0.0056,0.0056,0.0056,0.0056,0.0056,0.0056,0.0056,0.0056,0.0056,0.0057,0.0057,0.0057,0.0057,0.0057,0.0057,0.0057,0.0057,0.0057,0.0058,0.0058,0.0058,0.0058,0.0062,0.0062,0.0062,0.0062,0.0062,0.0062,0.0062,0.0062,0.0066,0.0066,0.0066,0.0066,0.0066,0.0066,0.0067,0.0067,0.0067,0.0067,0.0067,0.0067,0.0067,0.0067,0.0067,0.0067,0.0067,0.0067,0.0067,0.0068,0.0069,0.0070,0.0070,0.0070,0.0070,0.0070,0.0070,0.0070,0.0070,0.0070,0.0072,0.0072,0.0072,0.0072,0.0072,0.0072,0.0073,0.0073,0.0073,0.0074,0.0074,0.0074,0.0074,0.0074,0.0075,0.0075,0.0075,0.0075,0.0075,0.0075,0.0075,0.0075,0.0076,0.0076,0.0076,0.0110,0.0110,0.0110,0.0110,0.0110,0.0115,0.0115,0.0116,0.0117,0.0117,0.0119,0.0119,0.0119,0.0120,0.0120,0.0120,0.0120,0.0121,0.0121,0.0121,0.0123,0.0123,0.0123,0.0124,0.0124,0.0125,0.0125,0.0125,0.0126,0.0126,0.0126,0.0126,0.0127,0.0127,0.0128,0.0128,0.0128,0.0128,0.0129,0.0129,0.0129,0.0129,0.0129,0.0129,0.0129,0.0130,0.0130,0.0130,0.0130,0.0130,0.0130,0.0130,0.0130,0.0130,0.0131,0.0131,0.0136,0.0137,0.0137,0.0139,0.0141,0.0141,0.0142,0.0142,0.0142,0.0142,0.0142,0.0142,0.0142,0.0152,0.0153,0.0153,0.0153,0.0153,0.0153,0.0153,0.0153,0.0153,0.0153,0.0153,0.0153,0.0154,0.0154,0.0154,0.0154,0.0154,0.0154,0.0154,0.0154,0.0154,0.0154,0.0154,0.0154,0.0154,0.0154,0.0154,0.0154,0.0154,0.0154,0.0154,0.0154,0.0154,0.0154,0.0154,0.0154,0.0154,0.0154,0.0154,0.0154,0.0154,0.0154,0.0154,0.0154,0.0154,0.0155,0.0155,0.0155,0.0155,0.0155,0.0155,0.0155,0.0155,0.0155,0.0155,0.0155,0.0155,0.0155,0.0155,0.0155,0.0155,0.0155,0.0155,0.0155,0.0155
45135.4166667,0.0043,0.0043,0.0043,0.0043,0.0043,0.0043,0.0043,0.0050,0.0050,0.0050,0.0050,0.0050,0.0050,0.0056,0.0056,0.0056,0.0056,0.0056,0.0056,0.0056,0.0056,0.0056,0.0056,0.0056,0.0056,0.0056,0.0057,0.0057,0.0057,0.0057,0.0057,0.0057,0.0057,0.0057,0.0057,0.0058,0.0058,0.0058,0.0058,0.0062,0.0062,0.0062,0.0062,0.0062,0.0062,0.0062,0.0062,0.0066,0.0066,0.0066,0.0066,0.0066,0.0066,0.0067,0.0067,0.0067,0.0067,0.0067,0.0067,0.0067,0.0067,0.0067,0.0067,0.0067,0.0067,0.0067,0.0068,0.0069,0.0069,0.0070,0.0070,0.0070,0.0070,0.0070,0.0070,0.0070,0.0070,0.0071,0.0071,0.0072,0.0072,0.0072,0.0072,0.0073,0.0073,0.0073,0.0073,0.0073,0.0073,0.0073,0.0073,0.0074,0.0074,0.0074,0.0074,0.0074,0.0074,0.0074,0.0074,0.0074,0.0074,0.0075,0.0108,0.0108,0.0108,0.0108,0.0109,0.0113,0.0113,0.0114,0.0114,0.0114,0.0116,0.0116,0.0116,0.0116,0.0117,0.0117,0.0117,0.0117,0.0118,0.0118,0.0119,0.0119,0.0119,0.0120,0.0121,0.0121,0.0122,0.0122,0.0122,0.0123,0.0123,0.0123,0.0124,0.0124,0.0125,0.0125,0.0126,0.0126,0.0127,0.0127,0.0127,0.0127,0.0128,0.0128,0.0128,0.0128,0.0128,0.0129,0.0129,0.0129,0.0129,0.0129,0.0130,0.0130,0.0130,0.0130,0.0136,0.0136,0.0136,0.0138,0.0141,0.0141,0.0141,0.0141,0.0141,0.0141,0.0141,0.0142,0.0142,0.0152,0.0152,0.0152,0.0152,0.0152,0.0153,0.0153,0.0153,0.0153,0.0153,0.0153,0.0153,0.0153,0.0153,0.0153,0.0153,0.0153,0.0153,0.0153,0.0153,0.0153,0.0153,0.0153,0.0154,0.0154,0.0154,0.0154,0.0154,0.0154,0.0154,0.0154,0.0154,0.0154,0.0154,0.0154,0.0154,0.0154,0.0154,0.0154,0.0154,0.0154,0.0154,0.0154,0.0154,0.0154,0.0154,0.0154,0.0154,0.0154,0.0154,0.0154,0.0154,0.0154,0.0154,0.0154,0.0154,0.0154,0.0155,0.0155,0.0155,0.0155,0.0155,0.0155,0.0155,0.0155
45135.4583333,0.0043,0.0043,0.0043,0.0043,0.0043,0.0043,0.0043,0.0050,0.0050,0.0050,0.0050,0.0050,0.0050,0.0056,0.0056,0.0056,0.0056,0.0056,0.0056,0.0056,0.0056,0.0056,0.0056,0.0056,0.0056,0.0056,0.0057,0.0057,0.0057,0.0057,0.0057,0.0057,0.0057,0.0057,0.0057,0.0058,0.0058,0.0058,0.0058,0.0062,0.0062,0.0062,0.0062,0.0062,0.0062,0.0062,0.0062,0.0066,0.0066,0.0066,0.0066,0.0066,0.0066,0.0067,0.0067,0.0067,0.0067,0.0067,0.0067,0.0067,0.0067,0.0067,0.0067,0.0067,0.0067,0.0067,0.0068,0.0069,0.0069,0.0070,0.0070,0.0070,0.0070,0.0070,0.0070,0.0070,0.0070,0.0071,0.0071,0.0071,0.0072,0.0072,0.0072,0.0073,0.0073,0.0073,0.0073,0.0073,0.0073,0.0073,0.0073,0.0074,0.0074,0.0074,0.0074,0.0074,0.0074,0.0074,0.0074,0.0074,0.0074,0.0074,0.0108,0.0108,0.0108,0.0108,0.0108,0.0112,0.0112,0.0113,0.0113,0.0113,0.0114,0.0114,0.0114,0.0115,0.0115,0.0115,0.0115,0.0115,0.0115,0.0115,0.0116,0.0117,0.0117,0.0117,0.0117,0.0118,0.0118,0.0119,0.0119,0.0119,0.0119,0.0119,0.0120,0.0121,0.0121,0.0122,0.0122,0.0123,0.0123,0.0123,0.0124,0.0124,0.0124,0.0125,0.0125,0.0125,0.0126,0.0126,0.0126,0.0127,0.0127,0.0127,0.0128,0.0128,0.0128,0.0128,0.0134,0.0134,0.0134,0.0136,0.0139,0.0139,0.0140,0.0140,0.0140,0.0140,0.0140,0.0141,0.0141,0.0151,0.0151,0.0151,0.0152,0.0152,0.0152,0.0152,0.0152,0.0152,0.0152,0.0152,0.0152,0.0152,0.0152,0.0153,0.0153,0.0153,0.0153,0.0153,0.0153,0.0153,0.0153,0.0153,0.0153,0.0153,0.0153,0.0153,0.0153,0.0153,0.0153,0.0153,0.0153,0.0153,0.0153,0.0153,0.0153,0.0153,0.0153,0.0153,0.0154,0.0154,0.0154,0.0154,0.0154,0.0154,0.0154,0.0154,0.0154,0.0154,0.0154,0.0154,0.0154,0.0154,0.0154,0.0154,0.0154,0.0154,0.0154,0.0154,0.0154,0.0154,0.0154,0.0154,0.0154,0.0154
45135.5000000,0.0043,0.0043,0.0043,0.0043,0.0043,0.0043,0.0043,0.0050,0.0050,0.0050,0.0050,0.0050,0.0050,0.0056,0.0056,0.0056,0.0056,0.0056,0.0056,0.0056,0.0056,0.0056,0.0056,0.0056,0.0056,0.0056,0.0057,0.0057,0.0057,0.0057,0.0057,0.0057,0.0057,0.0057,0.0057,0.0058,0.0058,0.0058,0.0058,0.0062,0.0062,0.0062,0.0062,0.0062,0.0062,0.0062,0.0062,0.0066,0.0066,0.0066,0.0066,0.0066,0.0066,0.0067,0.0067,0.0067,0.0067,0.0067,0.0067,0.0067,0.0067,0.0067,0.0067,0.0067,0.0067,0.0067,0.0068,0.0069,0.0069,0.0070,0.0070,0.0070,0.0070,0.0070,0.0070,0.0070,0.0070,0.0071,0.0071,0.0071,0.0072,0.0072,0.0072,0.0073,0.0073,0.0073,0.0073,0.0073,0.0073,0.0073,0.0073,0.0074,0.0074,0.0074,0.0074,0.0074,0.0074,0.0074,0.0074,0.0074,0.0074,0.0074,0.0108,0.0108,0.0108,0.0108,0.0108,0.0112,0.0112,0.0112,0.0113,0.0113,0.0114,0.0114,0.0114,0.0114,0.0114,0.0114,0.0114,0.0115,0.0115,0.0115,0.0115,0.0116,0.0116,0.0116,0.0116,0.0116,0.0116,0.0117,0.0117,0.0117,0.0117,0.0117,0.0118,0.0118,0.0118,0.0119,0.0119,0.0119,0.0120,0.0120,0.0120,0.0121,0.0121,0.0121,0.0121,0.0122,0.0122,0.0122,0.0123,0.0123,0.0124,0.0124,0.0124,0.0125,0.0125,0.0125,0.0131,0.0131,0.0131,0.0134,0.0137,0.0137,0.0137,0.0137,0.0137,0.0138,0.0138,0.0139,0.0139,0.0149,0.0150,0.0150,0.0150,0.0150,0.0151,0.0151,0.0151,0.0151,0.0151,0.0151,0.0151,0.0151,0.0152,0.0152,0.0152,0.0152,0.0152,0.0152,0.0152,0.0152,0.0152,0.0152,0.0152,0.0152,0.0152,0.0152,0.0152,0.0152,0.0152,0.0152,0.0153,0.0153,0.0153,0.0153,0.0153,0.0153,0.0153,0.0153,0.0153,0.0153,0.0153,0.0153,0.0153,0.0153,0.0153,0.0153,0.0153,0.0153,0.0153,0.0153,0.0153,0.0153,0.0153,0.0153,0.0154,0.0154,0.0154,0.0154,0.0154,0.0154,0.0154,0.0154,0.0154,0.0154
45135.5416667,0.0043,0.0043,0.0043,0.0043,0.0043,0.0043,0.0043,0.0050,0.0050,0.0050,0.0050,0.0050,0.0050,0.0056,0.0056,0.0056,0.0056,0.0056,0.0056,0.0056,0.0056,0.0056,0.0056,0.0056,0.0056,0.0056,0.0057,0.0057,0.0057,0.0057,0.0057,0.0057,0.0057,0.0057,0.0057,0.0058,0.0058,0.0058,0.0058,0.0062,0.0062,0.0062,0.0062,0.0062,0.0062,0.0062,0.0062,0.0066,0.0066,0.0066,0.0066,0.0066,0.0066,0.0067,0.0067,0.0067,0.0067,0.0067,0.0067,0.0067,0.0067,0.0067,0.0067,0.0067,0.0067,0.0067,0.0068,0.0069,0.0069,0.0070,0.0070,0.0070,0.0070,0.0070,0.0070,0.0070,0.0070,0.0071,0.0071,0.0071,0.0072,0.0072,0.0072,0.0073,0.0073,0.0073,0.0073,0.0073,0.0073,0.0073,0.0073,0.0074,0.0074,0.0074,0.0074,0.0074,0.0074,0.0074,0.0074,0.0074,0.0074,0.0074,0.0108,0.0108,0.0108,0.0108,0.0108,0.0112,0.0112,0.0112,0.0113,0.0113,0.0114,0.0114,0.0114,0.0114,0.0114,0.0114,0.0114,0.0114,0.0114,0.0114,0.0115,0.0115,0.0115,0.0115,0.0115,0.0116,0.0116,0.0116,0.0116,0.0116,0.0116,0.0116,0.0117,0.0117,0.0117,0.0117,0.0118,0.0118,0.0118,0.0118,0.0118,0.0118,0.0119,0.0119,0.0119,0.0119,0.0119,0.0120,0.0120,0.0120,0.0121,0.0121,0.0121,0.0121,0.0122,0.0122,0.0128,0.0128,0.0128,0.0130,0.0133,0.0133,0.0134,0.0134,0.0134,0.0134,0.0135,0.0135,0.0136,0.0146,0.0147,0.0147,0.0148,0.0148,0.0148,0.0148,0.0148,0.0149,0.0149,0.0149,0.0149,0.0149,0.0149,0.0150,0.0150,0.0150,0.0150,0.0150,0.0150,0.0150,0.0150,0.0151,0.0151,0.0151,0.0151,0.0151,0.0151,0.0151,0.0151,0.0151,0.0151,0.0151,0.0152,0.0152,0.0152,0.0152,0.0152,0.0152,0.0152,0.0152,0.0152,0.0152,0.0152,0.0152,0.0152,0.0152,0.0152,0.0152,0.0153,0.0153,0.0153,0.0153,0.0153,0.0153,0.0153,0.0153,0.0153,0.0153,0.0153,0.0153,0.0153,0.0153,0.0153,0.0153
45135.5833333,0.0043,0.0043,0.0043,0.0043,0.0043,0.0043,0.0043,0.0050,0.0050,0.0050,0.0050,0.0050,0.0050,0.0056,0.0056,0.0056,0.0056,0.0056,0.0056,0.0056,0.0056,0.0056,0.0056,0.0056,0.0056,0.0056,0.0057,0.0057,0.0057,0.0057,0.0057,0.0057,0.0057,0.0057,0.0057,0.0058,0.0058,0.0058,0.0058,0.0062,0.0062,0.0062,0.0062,0.0062,0.0062,0.0062,0.0062,0.0066,0.0066,0.0066,0.0066,0.0066,0.0066,0.0067,0.0067,0.0067,0.0067,0.0067,0.0067,0.0067,0.0067,0.0067,0.0067,0.0067,0.0067,0.0067,0.0068,0.0069,0.0069,0.0070,0.0070,0.0070,0.0070,0.0070,0.0070,0.0070,0.0070,0.0071,0.0071,0.0071,0.0072,0.0072,0.0072,0.0073,0.0073,0.0073,0.0073,0.0073,0.0073,0.0073,0.0073,0.0074,0.0074,0.0074,0.0074,0.0074,0.0074,0.0074,0.0074,0.0074,0.0074,0.0074,0.0108,0.0108,0.0108,0.0108,0.0108,0.0112,0.0112,0.0112,0.0113,0.0113,0.0114,0.0114,0.0114,0.0114,0.0114,0.0114,0.0114,0.0114,0.0114,0.0114,0.0115,0.0115,0.0115,0.0115,0.0115,0.0116,0.0116,0.0116,0.0116,0.0116,0.0116,0.0116,0.0117,0.0117,0.0117,0.0117,0.0117,0.0117,0.0117,0.0117,0.0117,0.0118,0.0118,0.0118,0.0118,0.0118,0.0118,0.0118,0.0118,0.0119,0.0119,0.0119,0.0119,0.0119,0.0119,0.0119,0.0125,0.0125,0.0126,0.0128,0.0131,0.0131,0.0131,0.0131,0.0131,0.0131,0.0132,0.0132,0.0132,0.0143,0.0143,0.0144,0.0144,0.0145,0.0145,0.0145,0.0145,0.0145,0.0145,0.0146,0.0146,0.0146,0.0146,0.0146,0.0147,0.0147,0.0147,0.0147,0.0147,0.0147,0.0147,0.0148,0.0148,0.0148,0.0148,0.0148,0.0148,0.0149,0.0149,0.0149,0.0149,0.0149,0.0149,0.0149,0.0149,0.0150,0.0150,0.0150,0.0150,0.0150,0.0150,0.0150,0.0150,0.0151,0.0151,0.0151,0.0151,0.0151,0.0151,0.0151,0.0151,0.0151,0.0151,0.0152,0.0152,0.0152,0.0152,0.0152,0.0152,0.0152,0.0152,0.0152,0.0152,0.0152
45135.6250000,0.0043,0.0043,0.0043,0.0043,0.0043,0.0043,0.0043,0.0050,0.0050,0.0050,0.0050,0.0050,0.0050,0.0056,0.0056,0.0056,0.0056,0.0056,0.0056,0.0056,0.0056,0.0056,0.0056,0.0056,0.0056,0.0056,0.0057,0.0057,0.0057,0.0057,0.0057,0.0057,0.0057,0.0057,0.0057,0.0058,0.0058,0.0058,0.0058,0.0062,0.0062,0.0062,0.0062,0.0062,0.0062,0.0062,0.0062,0.0066,0.0066,0.0066,0.0066,0.0066,0.0066,0.0067,0.0067,0.0067,0.0067,0.0067,0.0067,0.0067,0.0067,0.0067,0.0067,0.0067,0.0067,0.0067,0.0068,0.0069,0.0069,0.0070,0.0070,0.0070,0.0070,0.0070,0.0070,0.0070,0.0070,0.0071,0.0071,0.0071,0.0072,0.0072,0.0072,0.0073,0.0073,0.0073,0.0073,0.0073,0.0073,0.0073,0.0073,0.0074,0.0074,0.0074,0.0074,0.0074,0.0074,0.0074,0.0074,0.0074,0.0074,0.0074,0.0108,0.0108,0.0108,0.0108,0.0108,0.0112,0.0112,0.0112,0.0113,0.0113,0.0114,0.0114,0.0114,0.0114,0.0114,0.0114,0.0114,0.0114,0.0114,0.0114,0.0115,0.0115,0.0115,0.0115,0.0115,0.0116,0.0116,0.0116,0.0116,0.0116,0.0116,0.0116,0.0116,0.0117,0.0117,0.0117,0.0117,0.0117,0.0117,0.0117,0.0117,0.0117,0.0117,0.0117,0.0118,0.0118,0.0118,0.0118,0.0118,0.0118,0.0118,0.0118,0.0118,0.0118,0.0118,0.0119,0.0124,0.0124,0.0124,0.0126,0.0129,0.0129,0.0130,0.0130,0.0130,0.0130,0.0130,0.0130,0.0130,0.0141,0.0141,0.0141,0.0142,0.0142,0.0142,0.0142,0.0142,0.0142,0.0143,0.0143,0.0143,0.0143,0.0143,0.0143,0.0143,0.0144,0.0144,0.0144,0.0144,0.0144,0.0144,0.0144,0.0145,0.0145,0.0145,0.0145,0.0145,0.0145,0.0145,0.0146,0.0146,0.0146,0.0146,0.0146,0.0146,0.0146,0.0147,0.0147,0.0147,0.0147,0.0147,0.0147,0.0148,0.0148,0.0148,0.0148,0.0148,0.0148,0.0148,0.0149,0.0149,0.0149,0.0149,0.0149,0.0149,0.0149,0.0150,0.0150,0.0150,0.0150,0.0150,0.0150,0.0150,0.0150
45135.6666667,0.0043,0.0043,0.0043,0.0043,0.0043,0.0043,0.0043,0.0050,0.0050,0.0050,0.0050,0.0050,0.0050,0.0056,0.0056,0.0056,0.0056,0.0056,0.0056,0.0056,0.0056,0.0056,0.0056,0.0056,0.0056,0.0056,0.0057,0.0057,0.0057,0.0057,0.0057,0.0057,0.0057,0.0057,0.0057,0.0058,0.0058,0.0058,0.0058,0.0062,0.0062,0.0062,0.0062,0.0062,0.0062,0.0062,0.0062,0.0066,0.0066,0.0066,0.0066,0.0066,0.0066,0.0067,0.0067,0.0067,0.0067,0.0067,0.0067,0.0067,0.0067,0.0067,0.0067,0.0067,0.0067,0.0067,0.0068,0.0069,0.0069,0.0070,0.0070,0.0070,0.0070,0.0070,0.0070,0.0070,0.0070,0.0071,0.0071,0.0071,0.0072,0.0072,0.0072,0.0073,0.0073,0.0073,0.0073,0.0073,0.0073,0.0073,0.0073,0.0074,0.0074,0.0074,0.0074,0.0074,0.0074,0.0074,0.0074,0.0074,0.0074,0.0074,0.0108,0.0108,0.0108,0.0108,0.0108,0.0112,0.0112,0.0112,0.0113,0.0113,0.0114,0.0114,0.0114,0.0114,0.0114,0.0114,0.0114,0.0114,0.0114,0.0114,0.0115,0.0115,0.0115,0.0115,0.0115,0.0116,0.0116,0.0116,0.0116,0.0116,0.0116,0.0116,0.0116,0.0116,0.0117,0.0117,0.0117,0.0117,0.0117,0.0117,0.0117,0.0117,0.0117,0.0117,0.0117,0.0118,0.0118,0.0118,0.0118,0.0118,0.0118,0.0118,0.0118,0.0118,0.0118,0.0118,0.0124,0.0124,0.0124,0.0126,0.0129,0.0129,0.0129,0.0129,0.0129,0.0129,0.0129,0.0130,0.0130,0.0140,0.0140,0.0140,0.0140,0.0140,0.0140,0.0141,0.0141,0.0141,0.0141,0.0141,0.0141,0.0141,0.0141,0.0141,0.0141,0.0142,0.0142,0.0142,0.0142,0.0142,0.0142,0.0142,0.0142,0.0142,0.0142,0.0142,0.0142,0.0143,0.0143,0.0143,0.0143,0.0143,0.0143,0.0143,0.0143,0.0143,0.0144,0.0144,0.0144,0.0144,0.0144,0.0144,0.0144,0.0145,0.0145,0.0145,0.0145,0.0145,0.0145,0.0145,0.0145,0.0146,0.0146,0.0146,0.0146,0.0146,0.0146,0.0147,0.0147,0.0147,0.0147,0.0147,0.0147,0.0147
45135.7083333,0.0043,0.0043,0.0043,0.0043,0.0043,0.0043,0.0043,0.0050,0.0050,0.0050,0.0050,0.0050,0.0050,0.0056,0.0056,0.0056,0.0056,0.0056,0.0056,0.0056,0.0056,0.0056,0.0056,0.0056,0.0056,0.0056,0.0057,0.0057,0.0057,0.0057,0.0057,0.0057,0.0057,0.0057,0.0057,0.0058,0.0058,0.0058,0.0058,0.0062,0.0062,0.0062,0.0062,0.0062,0.0062,0.0062,0.0062,0.0066,0.0066,0.0066,0.0066,0.0066,0.0066,0.0067,0.0067,0.0067,0.0067,0.0067,0.0067,0.0067,0.0067,0.0067,0.0067,0.0067,0.0067,0.0067,0.0068,0.0069,0.0069,0.0070,0.0070,0.0070,0.0070,0.0070,0.0070,0.0070,0.0070,0.0071,0.0071,0.0071,0.0072,0.0072,0.0072,0.0073,0.0073,0.0073,0.0073,0.0073,0.0073,0.0073,0.0073,0.0074,0.0074,0.0074,0.0074,0.0074,0.0074,0.0074,0.0074,0.0074,0.0074,0.0074,0.0108,0.0108,0.0108,0.0108,0.0108,0.0112,0.0112,0.0112,0.0113,0.0113,0.0114,0.0114,0.0114,0.0114,0.0114,0.0114,0.0114,0.0114,0.0114,0.0114,0.0115,0.0115,0.0115,0.0115,0.0115,0.0116,0.0116,0.0116,0.0116,0.0116,0.0116,0.0116,0.0116,0.0116,0.0117,0.0117,0.0117,0.0117,0.0117,0.0117,0.0117,0.0117,0.0117,0.0117,0.0117,0.0118,0.0118,0.0118,0.0118,0.0118,0.0118,0.0118,0.0118,0.0118,0.0118,0.0118,0.0124,0.0124,0.0124,0.0126,0.0129,0.0129,0.0129,0.0129,0.0129,0.0129,0.0129,0.0129,0.0129,0.0139,0.0140,0.0140,0.0140,0.0140,0.0140,0.0140,0.0140,0.0140,0.0140,0.0140,0.0140,0.0140,0.0140,0.0140,0.0141,0.0141,0.0141,0.0141,0.0141,0.0141,0.0141,0.0141,0.0141,0.0141,0.0141,0.0141,0.0141,0.0141,0.0141,0.0141,0.0141,0.0141,0.0141,0.0141,0.0142,0.0142,0.0142,0.0142,0.0142,0.0142,0.0142,0.0142,0.0142,0.0142,0.0142,0.0142,0.0142,0.0143,0.0143,0.0143,0.0143,0.0143,0.0143,0.0143,0.0143,0.0143,0.0144,0.0144,0.0144,0.0144,0.0144,0.0144,0.0144,0.0144
45135.7500000,0.0043,0.0043,0.0043,0.0043,0.0043,0.0043,0.0043,0.0050,0.0050,0.0050,0.0050,0.0050,0.0050,0.0056,0.0056,0.0056,0.0056,0.0056,0.0056,0.0056,0.0056,0.0056,0.0056,0.0056,0.0056,0.0056,0.0057,0.0057,0.0057,0.0057,0.0057,0.0057,0.0057,0.0057,0.0057,0.0058,0.0058,0.0058,0.0058,0.0062,0.0062,0.0062,0.0062,0.0062,0.0062,0.0062,0.0062,0.0066,0.0066,0.0066,0.0066,0.0066,0.0066,0.0067,0.0067,0.0067,0.0067,0.0067,0.0067,0.0067,0.0067,0.0067,0.0067,0.0067,0.0067,0.0067,0.0068,0.0069,0.0069,0.0070,0.0070,0.0070,0.0070,0.0070,0.0070,0.0070,0.0070,0.0071,0.0071,0.0071,0.0072,0.0072,0.0072,0.0073,0.0073,0.0073,0.0073,0.0073,0.0073,0.0073,0.0073,0.0074,0.0074,0.0074,0.0074,0.0074,0.0074,0.0074,0.0074,0.0074,0.0074,0.0074,0.0108,0.0108,0.0108,0.0108,0.0108,0.0112,0.0112,0.0112,0.0113,0.0113,0.0114,0.0114,0.0114,0.0114,0.0114,0.0114,0.0114,0.0114,0.0114,0.0114,0.0115,0.0115,0.0115,0.0115,0.0115,0.0116,0.0116,0.0116,0.0116,0.0116,0.0116,0.0116,0.0116,0.0116,0.0117,0.0117,0.0117,0.0117,0.0117,0.0117,0.0117,0.0117,0.0117,0.0117,0.0117,0.0118,0.0118,0.0118,0.0118,0.0118,0.0118,0.0118,0.0118,0.0118,0.0118,0.0118,0.0124,0.0124,0.0124,0.0126,0.0129,0.0129,0.0129,0.0129,0.0129,0.0129,0.0129,0.0129,0.0129,0.0139,0.0139,0.0140,0.0140,0.0140,0.0140,0.0140,0.0140,0.0140,0.0140,0.0140,0.0140,0.0140,0.0140,0.0140,0.0140,0.0140,0.0140,0.0140,0.0140,0.0140,0.0140,0.0140,0.0140,0.0140,0.0140,0.0140,0.0141,0.0141,0.0141,0.0141,0.0141,0.0141,0.0141,0.0141,0.0141,0.0141,0.0141,0.0141,0.0141,0.0141,0.0141,0.0141,0.0141,0.0141,0.0141,0.0141,0.0141,0.0141,0.0141,0.0141,0.0141,0.0141,0.0142,0.0142,0.0142,0.0142,0.0142,0.0142,0.0142,0.0142,0.0142,0.0142,0.0142,0.0142
45135.7916667,0.0043,0.0043,0.0043,0.0043,0.0043,0.0043,0.0043,0.0050,0.0050,0.0050,0.0050,0.0050,0.0050,0.0056,0.0056,0.0056,0.0056,0.0056,0.0056,0.0056,0.0056,0.0056,0.0056,0.0056,0.0056,0.0056,0.0057,0.0057,0.0057,0.0057,0.0057,0.0057,0.0057,0.0057,0.0057,0.0058,0.0058,0.0058,0.0058,0.0062,0.0062,0.0062,0.0062,0.0062,0.0062,0.0062,0.0062,0.0066,0.0066,0.0066,0.0066,0.0066,0.0066,0.0067,0.0067,0.0067,0.0067,0.0067,0.0067,0.0067,0.0067,0.0067,0.0067,0.0067,0.0067,0.0067,0.0068,0.0069,0.0069,0.0070,0.0070,0.0070,0.0070,0.0070,0.0070,0.0070,0.0070,0.0071,0.0071,0.0071,0.0072,0.0072,0.0072,0.0073,0.0073,0.0073,0.0073,0.0073,0.0073,0.0073,0.0073,0.0074,0.0074,0.0074,0.0074,0.0074,0.0074,0.0074,0.0074,0.0074,0.0074,0.0074,0.0108,0.0108,0.0108,0.0108,0.0108,0.0112,0.0112,0.0112,0.0113,0.0113,0.0114,0.0114,0.0114,0.0114,0.0114,0.0114,0.0114,0.0114,0.0114,0.0114,0.0115,0.0115,0.0115,0.0115,0.0115,0.0116,0.0116,0.0116,0.0116,0.0116,0.0116,0.0116,0.0116,0.0116,0.0117,0.0117,0.0117,0.0117,0.0117,0.0117,0.0117,0.0117,0.0117,0.0117,0.0117,0.0118,0.0118,0.0118,0.0118,0.0118,0.0118,0.0118,0.0118,0.0118,0.0118,0.0118,0.0124,0.0124,0.0124,0.0126,0.0129,0.0129,0.0129,0.0129,0.0129,0.0129,0.0129,0.0129,0.0129,0.0139,0.0139,0.0140,0.0140,0.0140,0.0140,0.0140,0.0140,0.0140,0.0140,0.0140,0.0140,0.0140,0.0140,0.0140,0.0140,0.0140,0.0140,0.0140,0.0140,0.0140,0.0140,0.0140,0.0140,0.0140,0.0140,0.0140,0.0140,0.0140,0.0140,0.0140,0.0140,0.0140,0.0140,0.0140,0.0140,0.0141,0.0141,0.0141,0.0141,0.0141,0.0141,0.0141,0.0141,0.0141,0.0141,0.0141,0.0141,0.0141,0.0141,0.0141,0.0141,0.0141,0.0141,0.0141,0.0141,0.0141,0.0141,0.0141,0.0141,0.0141,0.0141,0.0141,0.0141,0.0141
45135.8333333,0.0043,0.0043,0.0043,0.0043,0.0043,0.0043,0.0043,0.0050,0.0050,0.0050,0.0050,0.0050,0.0050,0.0056,0.0056,0.0056,0.0056,0.0056,0.0056,0.0056,0.0056,0.0056,0.0056,0.0056,0.0056,0.0056,0.0057,0.0057,0.0057,0.0057,0.0057,0.0057,0.0057,0.0057,0.0057,0.0058,0.0058,0.0058,0.0058,0.0062,0.0062,0.0062,0.0062,0.0062,0.0062,0.0062,0.0062,0.0066,0.0066,0.0066,0.0066,0.0066,0.0066,0.0067,0.0067,0.0067,0.0067,0.0067,0.0067,0.0067,0.0067,0.0067,0.0067,0.0067,0.0067,0.0067,0.0068,0.0069,0.0069,0.0070,0.0070,0.0070,0.0070,0.0070,0.0070,0.0070,0.0070,0.0071,0.0071,0.0071,0.0072,0.0072,0.0072,0.0073,0.0073,0.0073,0.0073,0.0073,0.0073,0.0073,0.0073,0.0074,0.0074,0.0074,0.0074,0.0074,0.0074,0.0074,0.0074,0.0074,0.0074,0.0074,0.0108,0.0108,0.0108,0.0108,0.0108,0.0112,0.0112,0.0112,0.0113,0.0113,0.0114,0.0114,0.0114,0.0114,0.0114,0.0114,0.0114,0.0114,0.0114,0.0114,0.0115,0.0115,0.0115,0.0115,0.0115,0.0116,0.0116,0.0116,0.0116,0.0116,0.0116,0.0116,0.0116,0.0116,0.0117,0.0117,0.0117,0.0117,0.0117,0.0117,0.0117,0.0117,0.0117,0.0117,0.0117,0.0118,0.0118,0.0118,0.0118,0.0118,0.0118,0.0118,0.0118,0.0118,0.0118,0.0118,0.0124,0.0124,0.0124,0.0126,0.0129,0.0129,0.0129,0.0129,0.0129,0.0129,0.0129,0.0129,0.0129,0.0139,0.0139,0.0140,0.0140,0.0140,0.0140,0.0140,0.0140,0.0140,0.0140,0.0140,0.0140,0.0140,0.0140,0.0140,0.0140,0.0140,0.0140,0.0140,0.0140,0.0140,0.0140,0.0140,0.0140,0.0140,0.0140,0.0140,0.0140,0.0140,0.0140,0.0140,0.0140,0.0140,0.0140,0.0140,0.0140,0.0140,0.0140,0.0140,0.0140,0.0141,0.0141,0.0141,0.0141,0.0141,0.0141,0.0141,0.0141,0.0141,0.0141,0.0141,0.0141,0.0141,0.0141,0.0141,0.0141,0.0141,0.0141,0.0141,0.0141,0.0141,0.0141,0.0141,0.0141,0.0141
45135.8750000,0.0043,0.0043,0.0043,0.0043,0.0043,0.0043,0.0043,0.0050,0.0050,0.0050,0.0050,0.0050,0.0050,0.0056,0.0056,0.0056,0.0056,0.0056,0.0056,0.0056,0.0056,0.0056,0.0056,0.0056,0.0056,0.0056,0.0057,0.0057,0.0057,0.0057,0.0057,0.0057,0.0057,0.0057,0.0057,0.0058,0.0058,0.0058,0.0058,0.0062,0.0062,0.0062,0.0062,0.0062,0.0062,0.0062,0.0062,0.0066,0.0066,0.0066,0.0066,0.0066,0.0066,0.0067,0.0067,0.0067,0.0067,0.0067,0.0067,0.0067,0.0067,0.0067,0.0067,0.0067,0.0067,0.0067,0.0068,0.0069,0.0069,0.0070,0.0070,0.0070,0.0070,0.0070,0.0070,0.0070,0.0070,0.0071,0.0071,0.0071,0.0072,0.0072,0.0072,0.0073,0.0073,0.0073,0.0073,0.0073,0.0073,0.0073,0.0073,0.0074,0.0074,0.0074,0.0074,0.0074,0.0074,0.0074,0.0074,0.0074,0.0074,0.0074,0.0108,0.0108,0.0108,0.0108,0.0108,0.0112,0.0112,0.0112,0.0113,0.0113,0.0114,0.0114,0.0114,0.0114,0.0114,0.0114,0.0114,0.0114,0.0114,0.0114,0.0115,0.0115,0.0115,0.0115,0.0115,0.0116,0.0116,0.0116,0.0116,0.0116,0.0116,0.0116,0.0116,0.0116,0.0117,0.0117,0.0117,0.0117,0.0117,0.0117,0.0117,0.0117,0.0117,0.0117,0.0117,0.0118,0.0118,0.0118,0.0118,0.0118,0.0118,0.0118,0.0118,0.0118,0.0118,0.0118,0.0124,0.0124,0.0124,0.0126,0.0129,0.0129,0.0129,0.0129,0.0129,0.0129,0.0129,0.0129,0.0129,0.0139,0.0139,0.0140,0.0140,0.0140,0.0140,0.0140,0.0140,0.0140,0.0140,0.0140,0.0140,0.0140,0.0140,0.0140,0.0140,0.0140,0.0140,0.0140,0.0140,0.0140,0.0140,0.0140,0.0140,0.0140,0.0140,0.0140,0.0140,0.0140,0.0140,0.0140,0.0140,0.0140,0.0140,0.0140,0.0140,0.0140,0.0140,0.0140,0.0140,0.0140,0.0140,0.0141,0.0141,0.0141,0.0141,0.0141,0.0141,0.0141,0.0141,0.0141,0.0141,0.0141,0.0141,0.0141,0.0141,0.0141,0.0141,0.0141,0.0141,0.0141,0.0141,0.0141,0.0141,0.0141
45135.9166667,0.0043,0.0043,0.0043,0.0043,0.0043,0.0043,0.0043,0.0050,0.0050,0.0050,0.0050,0.0050,0.0050,0.0056,0.0056,0.0056,0.0056,0.0056,0.0056,0.0056,0.0056,0.0056,0.0056,0.0056,0.0056,0.0056,0.0057,0.0057,0.0057,0.0057,0.0057,0.0057,0.0057,0.0057,0.0057,0.0058,0.0058,0.0058,0.0058,0.0062,0.0062,0.0062,0.0062,0.0062,0.0062,0.0062,0.0062,0.0066,0.0066,0.0066,0.0066,0.0066,0.0066,0.0067,0.0067,0.0067,0.0067,0.0067,0.0067,0.0067,0.0067,0.0067,0.0067,0.0067,0.0067,0.0067,0.0068,0.0069,0.0069,0.0070,0.0070,0.0070,0.0070,0.0070,0.0070,0.0070,0.0070,0.0071,0.0071,0.0071,0.0072,0.0072,0.0072,0.0073,0.0073,0.0073,0.0073,0.0073,0.0073,0.0073,0.0073,0.0074,0.0074,0.0074,0.0074,0.0074,0.0074,0.0074,0.0074,0.0074,0.0074,0.0074,0.0108,0.0108,0.0108,0.0108,0.0108,0.0112,0.0112,0.0112,0.0113,0.0113,0.0114,0.0114,0.0114,0.0114,0.0114,0.0114,0.0114,0.0114,0.0114,0.0114,0.0115,0.0115,0.0115,0.0115,0.0115,0.0116,0.0116,0.0116,0.0116,0.0116,0.0116,0.0116,0.0116,0.0116,0.0117,0.0117,0.0117,0.0117,0.0117,0.0117,0.0117,0.0117,0.0117,0.0117,0.0117,0.0118,0.0118,0.0118,0.0118,0.0118,0.0118,0.0118,0.0118,0.0118,0.0118,0.0118,0.0124,0.0124,0.0124,0.0126,0.0129,0.0129,0.0129,0.0129,0.0129,0.0129,0.0129,0.0129,0.0129,0.0139,0.0139,0.0140,0.0140,0.0140,0.0140,0.0140,0.0140,0.0140,0.0140,0.0140,0.0140,0.0140,0.0140,0.0140,0.0140,0.0140,0.0140,0.0140,0.0140,0.0140,0.0140,0.0140,0.0140,0.0140,0.0140,0.0140,0.0140,0.0140,0.0140,0.0140,0.0140,0.0140,0.0140,0.0140,0.0140,0.0140,0.0140,0.0140,0.0140,0.0140,0.0140,0.0141,0.0141,0.0141,0.0141,0.0141,0.0141,0.0141,0.0141,0.0141,0.0141,0.0141,0.0141,0.0141,0.0141,0.0141,0.0141,0.0141,0.0141,0.0141,0.0141,0.0141,0.0141,0.0141
45135.9583333,0.0043,0.0043,0.0043,0.0043,0.0043,0.0043,0.0043,0.0050,0.0050,0.0050,0.0050,0.0050,0.0050,0.0056,0.0056,0.0056,0.0056,0.0056,0.0056,0.0056,0.0056,0.0056,0.0056,0.0056,0.0056,0.0056,0.0057,0.0057,0.0057,0.0057,0.0057,0.0057,0.0057,0.0057,0.0057,0.0058,0.0058,0.0058,0.0058,0.0062,0.0062,0.0062,0.0062,0.0062,0.0062,0.0062,0.0062,0.0066,0.0066,0.0066,0.0066,0.0066,0.0066,0.0067,0.0067,0.0067,0.0067,0.0067,0.0067,0.0067,0.0067,0.0067,0.0067,0.0067,0.0067,0.0067,0.0068,0.0069,0.0069,0.0070,0.0070,0.0070,0.0070,0.0070,0.0070,0.0070,0.0070,0.0071,0.0071,0.0071,0.0072,0.0072,0.0072,0.0073,0.0073,0.0073,0.0073,0.0073,0.0073,0.0073,0.0073,0.0074,0.0074,0.0074,0.0074,0.0074,0.0074,0.0074,0.0074,0.0074,0.0074,0.0074,0.0108,0.0108,0.0108,0.0108,0.0108,0.0112,0.0112,0.0112,0.0113,0.0113,0.0114,0.0114,0.0114,0.0114,0.0114,0.0114,0.0114,0.0114,0.0114,0.0114,0.0115,0.0115,0.0115,0.0115,0.0115,0.0116,0.0116,0.0116,0.0116,0.0116,0.0116,0.0116,0.0116,0.0116,0.0117,0.0117,0.0117,0.0117,0.0117,0.0117,0.0117,0.0117,0.0117,0.0117,0.0117,0.0118,0.0118,0.0118,0.0118,0.0118,0.0118,0.0118,0.0118,0.0118,0.0118,0.0118,0.0124,0.0124,0.0124,0.0126,0.0129,0.0129,0.0129,0.0129,0.0129,0.0129,0.0129,0.0129,0.0129,0.0139,0.0139,0.0140,0.0140,0.0140,0.0140,0.0140,0.0140,0.0140,0.0140,0.0140,0.0140,0.0140,0.0140,0.0140,0.0140,0.0140,0.0140,0.0140,0.0140,0.0140,0.0140,0.0140,0.0140,0.0140,0.0140,0.0140,0.0140,0.0140,0.0140,0.0140,0.0140,0.0140,0.0140,0.0140,0.0140,0.0140,0.0140,0.0140,0.0140,0.0140,0.0140,0.0141,0.0141,0.0141,0.0141,0.0141,0.0141,0.0141,0.0141,0.0141,0.0141,0.0141,0.0141,0.0141,0.0141,0.0141,0.0141,0.0141,0.0141,0.0141,0.0141,0.0141,0.0141,0.0141
45136.0000000,0.0048,0.0048,0.0047,0.0047,0.0047,0.0047,0.0047,0.0054,0.0054,0.0054,0.0053,0.0053,0.0053,0.0058,0.0058,0.0057,0.0057,0.0057,0.0056,0.0056,0.0056,0.0056,0.0057,0.0057,0.0057,0.0057,0.0057,0.0057,0.0057,0.0057,0.0057,0.0057,0.0057,0.0057,0.0057,0.0058,0.0058,0.0058,0.0058,0.0062,0.0062,0.0062,0.0062,0.0062,0.0062,0.0062,0.0062,0.0066,0.0066,0.0066,0.0067,0.0067,0.0067,0.0067,0.0067,0.0067,0.0067,0.0067,0.0067,0.0067,0.0067,0.0067,0.0067,0.0067,0.0067,0.0067,0.0068,0.0070,0.0070,0.0070,0.0070,0.0070,0.0070,0.0070,0.0070,0.0070,0.0070,0.0071,0.0071,0.0072,0.0072,0.0072,0.0072,0.0073,0.0073,0.0073,0.0073,0.0073,0.0073,0.0073,0.0073,0.0074,0.0074,0.0074,0.0074,0.0074,0.0074,0.0074,0.0074,0.0074,0.0074,0.0074,0.0111,0.0111,0.0111,0.0111,0.0111,0.0115,0.0115,0.0114,0.0114,0.0113,0.0114,0.0114,0.0114,0.0114,0.0114,0.0114,0.0114,0.0114,0.0114,0.0114,0.0115,0.0115,0.0115,0.0115,0.0115,0.0116,0.0116,0.0116,0.0116,0.0116,0.0116,0.0116,0.0116,0.0116,0.0117,0.0117,0.0117,0.0117,0.0117,0.0117,0.0117,0.0117,0.0117,0.0117,0.0117,0.0118,0.0118,0.0118,0.0118,0.0118,0.0118,0.0118,0.0118,0.0118,0.0118,0.0118,0.0125,0.0125,0.0125,0.0127,0.0129,0.0129,0.0130,0.0130,0.0130,0.0130,0.0130,0.0130,0.0130,0.0141,0.0141,0.0140,0.0140,0.0140,0.0140,0.0140,0.0140,0.0140,0.0140,0.0140,0.0140,0.0140,0.0140,0.0140,0.0140,0.0140,0.0140,0.0140,0.0140,0.0140,0.0140,0.0140,0.0140,0.0140,0.0140,0.0140,0.0140,0.0140,0.0140,0.0140,0.0140,0.0140,0.0140,0.0140,0.0140,0.0140,0.0140,0.0140,0.0140,0.0140,0.0140,0.0141,0.0141,0.0141,0.0141,0.0141,0.0141,0.0141,0.0141,0.0141,0.0141,0.0141,0.0141,0.0141,0.0141,0.0141,0.0141,0.0141,0.0141,0.0141,0.0141,0.0141,0.0141,0.0141
45136.0416667,0.0048,0.0048,0.0048,0.0048,0.0048,0.0048,0.0048,0.0056,0.0056,0.0056,0.0057,0.0057,0.0057,0.0062,0.0062,0.0062,0.0062,0.0061,0.0061,0.0061,0.0060,0.0060,0.0060,0.0060,0.0059,0.0059,0.0059,0.0058,0.0058,0.0058,0.0058,0.0058,0.0057,0.0058,0.0058,0.0058,0.0058,0.0058,0.0058,0.0062,0.0062,0.0062,0.0062,0.0062,0.0062,0.0062,0.0062,0.0067,0.0066,0.0067,0.0067,0.0067,0.0067,0.0067,0.0067,0.0067,0.0067,0.0067,0.0068,0.0068,0.0068,0.0068,0.0068,0.0068,0.0068,0.0068,0.0068,0.0070,0.0070,0.0070,0.0070,0.0070,0.0070,0.0070,0.0070,0.0070,0.0070,0.0071,0.0071,0.0072,0.0072,0.0072,0.0072,0.0073,0.0073,0.0073,0.0073,0.0073,0.0073,0.0073,0.0073,0.0074,0.0074,0.0074,0.0074,0.0074,0.0074,0.0074,0.0074,0.0074,0.0074,0.0074,0.0112,0.0112,0.0112,0.0112,0.0112,0.0117,0.0117,0.0117,0.0117,0.0117,0.0118,0.0118,0.0118,0.0118,0.0118,0.0118,0.0117,0.0117,0.0117,0.0117,0.0117,0.0117,0.0117,0.0116,0.0116,0.0116,0.0116,0.0116,0.0116,0.0116,0.0116,0.0116,0.0117,0.0117,0.0117,0.0117,0.0117,0.0117,0.0117,0.0117,0.0117,0.0117,0.0117,0.0117,0.0117,0.0118,0.0118,0.0118,0.0118,0.0118,0.0118,0.0118,0.0118,0.0118,0.0118,0.0118,0.0125,0.0125,0.0125,0.0127,0.0130,0.0130,0.0130,0.0130,0.0130,0.0130,0.0130,0.0130,0.0130,0.0141,0.0142,0.0141,0.0142,0.0141,0.0141,0.0141,0.0141,0.0141,0.0141,0.0141,0.0141,0.0142,0.0142,0.0141,0.0141,0.0141,0.0141,0.0141,0.0141,0.0141,0.0141,0.0141,0.0141,0.0141,0.0141,0.0141,0.0141,0.0141,0.0141,0.0141,0.0141,0.0141,0.0141,0.0141,0.0141,0.0141,0.0141,0.0141,0.0141,0.0141,0.0141,0.0141,0.0141,0.0141,0.0141,0.0141,0.0141,0.0141,0.0141,0.0141,0.0141,0.0141,0.0141,0.0141,0.0141,0.0141,0.0141,0.0141,0.0141,0.0141,0.0141,0.0141,0.0141,0.0141
45136.0833333,0.0048,0.0048,0.0048,0.0048,0.0048,0.0048,0.0048,0.0056,0.0056,0.0056,0.0057,0.0057,0.0057,0.0062,0.0062,0.0062,0.0062,0.0063,0.0063,0.0063,0.0063,0.0063,0.0063,0.0063,0.0063,0.0063,0.0063,0.0063,0.0063,0.0063,0.0062,0.0062,0.0061,0.0061,0.0060,0.0060,0.0059,0.0059,0.0059,0.0063,0.0063,0.0063,0.0063,0.0063,0.0063,0.0062,0.0062,0.0067,0.0067,0.0067,0.0067,0.0067,0.0067,0.0068,0.0068,0.0068,0.0068,0.0068,0.0068,0.0068,0.0068,0.0068,0.0068,0.0068,0.0068,0.0068,0.0068,0.0070,0.0070,0.0070,0.0070,0.0070,0.0070,0.0070,0.0070,0.0070,0.0070,0.0071,0.0071,0.0072,0.0072,0.0072,0.0072,0.0073,0.0073,0.0073,0.0073,0.0073,0.0073,0.0073,0.0073,0.0074,0.0074,0.0074,0.0074,0.0074,0.0074,0.0074,0.0074,0.0074,0.0074,0.0074,0.0112,0.0112,0.0112,0.0112,0.0112,0.0117,0.0117,0.0117,0.0117,0.0117,0.0118,0.0118,0.0119,0.0119,0.0119,0.0119,0.0119,0.0119,0.0119,0.0119,0.0120,0.0120,0.0120,0.0119,0.0119,0.0119,0.0119,0.0119,0.0119,0.0118,0.0118,0.0118,0.0118,0.0118,0.0118,0.0118,0.0118,0.0118,0.0118,0.0118,0.0117,0.0117,0.0118,0.0118,0.0118,0.0118,0.0118,0.0118,0.0118,0.0118,0.0118,0.0118,0.0118,0.0118,0.0118,0.0118,0.0125,0.0125,0.0125,0.0127,0.0130,0.0130,0.0130,0.0130,0.0130,0.0130,0.0130,0.0130,0.0130,0.0142,0.0142,0.0142,0.0142,0.0142,0.0142,0.0142,0.0142,0.0142,0.0142,0.0142,0.0142,0.0142,0.0142,0.0142,0.0142,0.0142,0.0142,0.0142,0.0142,0.0142,0.0142,0.0142,0.0142,0.0142,0.0142,0.0142,0.0142,0.0142,0.0142,0.0142,0.0142,0.0142,0.0142,0.0142,0.0142,0.0142,0.0142,0.0142,0.0142,0.0142,0.0142,0.0142,0.0142,0.0142,0.0141,0.0141,0.0141,0.0141,0.0141,0.0141,0.0141,0.0141,0.0141,0.0141,0.0141,0.0141,0.0141,0.0141,0.0141,0.0141,0.0141,0.0141,0.0141,0.0141
45136.1250000,0.0048,0.0048,0.0048,0.0048,0.0048,0.0048,0.0048,0.0056,0.0056,0.0056,0.0057,0.0057,0.0057,0.0062,0.0062,0.0062,0.0062,0.0063,0.0063,0.0063,0.0063,0.0063,0.0063,0.0063,0.0063,0.0063,0.0063,0.0063,0.0064,0.0064,0.0064,0.0064,0.0064,0.0064,0.0064,0.0064,0.0064,0.0063,0.0063,0.0067,0.0067,0.0066,0.0066,0.0066,0.0066,0.0065,0.0064,0.0068,0.0068,0.0068,0.0068,0.0068,0.0068,0.0068,0.0068,0.0068,0.0068,0.0068,0.0068,0.0068,0.0068,0.0068,0.0068,0.0068,0.0068,0.0068,0.0069,0.0071,0.0070,0.0070,0.0070,0.0070,0.0070,0.0071,0.0071,0.0071,0.0071,0.0072,0.0072,0.0072,0.0072,0.0072,0.0072,0.0073,0.0073,0.0074,0.0074,0.0074,0.0074,0.0074,0.0074,0.0074,0.0074,0.0074,0.0074,0.0074,0.0074,0.0074,0.0074,0.0074,0.0074,0.0074,0.0112,0.0112,0.0112,0.0112,0.0112,0.0117,0.0117,0.0117,0.0117,0.0117,0.0119,0.0119,0.0119,0.0119,0.0119,0.0119,0.0119,0.0119,0.0119,0.0119,0.0120,0.0120,0.0120,0.0120,0.0120,0.0120,0.0120,0.0120,0.0120,0.0120,0.0120,0.0120,0.0121,0.0121,0.0121,0.0120,0.0121,0.0120,0.0120,0.0120,0.0120,0.0120,0.0120,0.0119,0.0119,0.0119,0.0119,0.0119,0.0119,0.0119,0.0118,0.0118,0.0118,0.0118,0.0118,0.0118,0.0125,0.0125,0.0125,0.0127,0.0130,0.0130,0.0130,0.0130,0.0130,0.0130,0.0130,0.0130,0.0130,0.0142,0.0142,0.0142,0.0142,0.0142,0.0142,0.0142,0.0142,0.0142,0.0142,0.0142,0.0142,0.0142,0.0142,0.0142,0.0142,0.0142,0.0142,0.0142,0.0142,0.0142,0.0142,0.0142,0.0142,0.0142,0.0142,0.0142,0.0142,0.0142,0.0142,0.0142,0.0142,0.0142,0.0142,0.0143,0.0143,0.0143,0.0143,0.0143,0.0143,0.0143,0.0143,0.0142,0.0142,0.0142,0.0142,0.0142,0.0142,0.0142,0.0142,0.0142,0.0142,0.0142,0.0142,0.0142,0.0142,0.0142,0.0142,0.0142,0.0142,0.0142,0.0142,0.0142,0.0142,0.0142
45136.1666667,0.0048,0.0048,0.0048,0.0048,0.0048,0.0048,0.0048,0.0056,0.0056,0.0056,0.0057,0.0057,0.0057,0.0062,0.0062,0.0062,0.0062,0.0063,0.0063,0.0063,0.0063,0.0063,0.0063,0.0063,0.0063,0.0063,0.0063,0.0063,0.0064,0.0064,0.0064,0.0064,0.0064,0.0064,0.0064,0.0064,0.0064,0.0064,0.0064,0.0069,0.0069,0.0069,0.0069,0.0069,0.0069,0.0068,0.0068,0.0072,0.0072,0.0072,0.0072,0.0072,0.0072,0.0072,0.0071,0.0071,0.0071,0.0070,0.0071,0.0070,0.0070,0.0070,0.0070,0.0070,0.0069,0.0069,0.0069,0.0071,0.0071,0.0071,0.0071,0.0071,0.0071,0.0071,0.0071,0.0071,0.0071,0.0072,0.0072,0.0072,0.0073,0.0073,0.0073,0.0074,0.0074,0.0074,0.0074,0.0074,0.0074,0.0074,0.0074,0.0075,0.0075,0.0075,0.0075,0.0075,0.0075,0.0075,0.0075,0.0075,0.0075,0.0075,0.0112,0.0112,0.0112,0.0112,0.0112,0.0117,0.0117,0.0117,0.0118,0.0117,0.0119,0.0119,0.0119,0.0119,0.0119,0.0119,0.0119,0.0119,0.0119,0.0119,0.0120,0.0120,0.0120,0.0120,0.0120,0.0120,0.0120,0.0121,0.0121,0.0121,0.0121,0.0121,0.0121,0.0121,0.0121,0.0121,0.0122,0.0122,0.0122,0.0122,0.0122,0.0122,0.0122,0.0122,0.0122,0.0122,0.0122,0.0122,0.0122,0.0121,0.0121,0.0121,0.0121,0.0120,0.0120,0.0120,0.0127,0.0127,0.0126,0.0128,0.0131,0.0131,0.0131,0.0131,0.0131,0.0131,0.0131,0.0131,0.0131,0.0142,0.0142,0.0142,0.0142,0.0142,0.0142,0.0142,0.0142,0.0142,0.0142,0.0142,0.0142,0.0142,0.0142,0.0142,0.0142,0.0142,0.0142,0.0142,0.0142,0.0142,0.0142,0.0142,0.0142,0.0142,0.0142,0.0142,0.0142,0.0142,0.0142,0.0143,0.0143,0.0143,0.0143,0.0143,0.0143,0.0143,0.0143,0.0143,0.0143,0.0143,0.0143,0.0143,0.0143,0.0143,0.0143,0.0143,0.0143,0.0143,0.0143,0.0143,0.0143,0.0143,0.0143,0.0143,0.0143,0.0143,0.0143,0.0143,0.0143,0.0143,0.0143,0.0143,0.0143,0.0143
45136.2083333,0.0048,0.0048,0.0048,0.0048,0.0048,0.0048,0.0048,0.0056,0.0056,0.0056,0.0057,0.0057,0.0057,0.0062,0.0062,0.0062,0.0062,0.0063,0.0063,0.0063,0.0063,0.0063,0.0063,0.0063,0.0063,0.0063,0.0063,0.0063,0.0064,0.0064,0.0064,0.0064,0.0064,0.0064,0.0064,0.0064,0.0064,0.0064,0.0064,0.0069,0.0069,0.0069,0.0069,0.0069,0.0069,0.0069,0.0069,0.0073,0.0073,0.0073,0.0074,0.0074,0.0074,0.0074,0.0074,0.0074,0.0074,0.0074,0.0074,0.0074,0.0074,0.0074,0.0073,0.0073,0.0073,0.0073,0.0072,0.0074,0.0072,0.0072,0.0072,0.0072,0.0071,0.0071,0.0071,0.0071,0.0071,0.0073,0.0072,0.0073,0.0073,0.0073,0.0073,0.0074,0.0074,0.0074,0.0074,0.0074,0.0074,0.0074,0.0074,0.0075,0.0075,0.0075,0.0075,0.0075,0.0075,0.0075,0.0075,0.0075,0.0075,0.0075,0.0113,0.0113,0.0113,0.0113,0.0113,0.0118,0.0118,0.0118,0.0118,0.0118,0.0119,0.0119,0.0119,0.0119,0.0119,0.0119,0.0119,0.0119,0.0119,0.0119,0.0120,0.0120,0.0120,0.0120,0.0120,0.0121,0.0121,0.0121,0.0121,0.0121,0.0121,0.0121,0.0121,0.0121,0.0121,0.0121,0.0122,0.0122,0.0122,0.0122,0.0122,0.0122,0.0122,0.0122,0.0122,0.0122,0.0122,0.0122,0.0122,0.0122,0.0122,0.0122,0.0122,0.0122,0.0122,0.0122,0.0129,0.0129,0.0129,0.0131,0.0134,0.0134,0.0134,0.0134,0.0134,0.0134,0.0133,0.0133,0.0133,0.0144,0.0144,0.0143,0.0143,0.0143,0.0143,0.0143,0.0143,0.0143,0.0143,0.0143,0.0143,0.0143,0.0143,0.0143,0.0143,0.0143,0.0143,0.0143,0.0143,0.0143,0.0143,0.0143,0.0143,0.0143,0.0143,0.0143,0.0143,0.0143,0.0143,0.0143,0.0143,0.0143,0.0143,0.0143,0.0143,0.0143,0.0143,0.0143,0.0143,0.0143,0.0143,0.0143,0.0143,0.0143,0.0143,0.0143,0.0143,0.0143,0.0143,0.0143,0.0143,0.0143,0.0143,0.0143,0.0143,0.0143,0.0143,0.0143,0.0143,0.0143,0.0143,0.0143,0.0143,0.0143
45136.2500000,0.0048,0.0048,0.0048,0.0048,0.0048,0.0048,0.0048,0.0056,0.0056,0.0056,0.0057,0.0057,0.0057,0.0062,0.0062,0.0062,0.0062,0.0063,0.0063,0.0063,0.0063,0.0063,0.0063,0.0063,0.0063,0.0063,0.0063,0.0063,0.0064,0.0064,0.0064,0.0064,0.0064,0.0064,0.0064,0.0064,0.0064,0.0064,0.0064,0.0069,0.0069,0.0069,0.0069,0.0069,0.0069,0.0069,0.0069,0.0073,0.0073,0.0073,0.0074,0.0074,0.0074,0.0074,0.0074,0.0074,0.0074,0.0074,0.0075,0.0075,0.0075,0.0075,0.0075,0.0075,0.0075,0.0075,0.0075,0.0077,0.0075,0.0075,0.0074,0.0074,0.0074,0.0073,0.0073,0.0073,0.0073,0.0074,0.0074,0.0074,0.0074,0.0074,0.0074,0.0075,0.0075,0.0075,0.0075,0.0075,0.0075,0.0075,0.0075,0.0076,0.0076,0.0076,0.0075,0.0076,0.0075,0.0075,0.0075,0.0075,0.0075,0.0075,0.0113,0.0113,0.0113,0.0113,0.0113,0.0118,0.0118,0.0118,0.0118,0.0118,0.0119,0.0119,0.0119,0.0120,0.0120,0.0120,0.0120,0.0120,0.0120,0.0120,0.0121,0.0121,0.0121,0.0121,0.0121,0.0121,0.0121,0.0121,0.0121,0.0121,0.0121,0.0121,0.0122,0.0122,0.0122,0.0122,0.0122,0.0122,0.0122,0.0122,0.0122,0.0122,0.0122,0.0122,0.0122,0.0123,0.0123,0.0123,0.0123,0.0123,0.0123,0.0123,0.0123,0.0123,0.0123,0.0123,0.0129,0.0129,0.0129,0.0131,0.0134,0.0134,0.0135,0.0135,0.0135,0.0135,0.0135,0.0135,0.0135,0.0146,0.0146,0.0146,0.0146,0.0145,0.0145,0.0145,0.0145,0.0145,0.0145,0.0145,0.0145,0.0145,0.0145,0.0145,0.0145,0.0145,0.0145,0.0145,0.0145,0.0144,0.0144,0.0144,0.0144,0.0144,0.0144,0.0144,0.0144,0.0144,0.0144,0.0144,0.0144,0.0144,0.0143,0.0143,0.0143,0.0143,0.0143,0.0143,0.0143,0.0143,0.0143,0.0143,0.0143,0.0143,0.0143,0.0143,0.0143,0.0143,0.0143,0.0143,0.0143,0.0143,0.0143,0.0143,0.0143,0.0143,0.0143,0.0143,0.0143,0.0143,0.0143,0.0143,0.0143,0.0143
45136.2916667,0.0048,0.0048,0.0048,0.0048,0.0048,0.0048,0.0048,0.0056,0.0056,0.0056,0.0057,0.0057,0.0057,0.0062,0.0062,0.0062,0.0062,0.0063,0.0063,0.0063,0.0063,0.0063,0.0063,0.0063,0.0063,0.0063,0.0063,0.0063,0.0064,0.0064,0.0064,0.0064,0.0064,0.0064,0.0064,0.0064,0.0064,0.0064,0.0064,0.0069,0.0069,0.0069,0.0069,0.0069,0.0069,0.0069,0.0069,0.0073,0.0073,0.0073,0.0074,0.0074,0.0074,0.0074,0.0074,0.0074,0.0074,0.0074,0.0075,0.0075,0.0075,0.0075,0.0075,0.0075,0.0075,0.0075,0.0075,0.0077,0.0077,0.0077,0.0077,0.0076,0.0076,0.0076,0.0076,0.0076,0.0076,0.0077,0.0077,0.0077,0.0077,0.0077,0.0077,0.0078,0.0078,0.0078,0.0078,0.0078,0.0077,0.0077,0.0077,0.0078,0.0078,0.0077,0.0077,0.0077,0.0077,0.0077,0.0077,0.0077,0.0077,0.0077,0.0114,0.0114,0.0114,0.0114,0.0114,0.0119,0.0118,0.0118,0.0119,0.0119,0.0120,0.0120,0.0120,0.0120,0.0120,0.0120,0.0120,0.0120,0.0120,0.0120,0.0121,0.0121,0.0121,0.0121,0.0121,0.0121,0.0121,0.0121,0.0121,0.0121,0.0121,0.0121,0.0122,0.0122,0.0122,0.0122,0.0122,0.0122,0.0122,0.0122,0.0122,0.0122,0.0122,0.0122,0.0122,0.0123,0.0123,0.0123,0.0123,0.0123,0.0123,0.0123,0.0123,0.0123,0.0123,0.0123,0.0130,0.0130,0.0130,0.0132,0.0134,0.0134,0.0135,0.0135,0.0135,0.0135,0.0135,0.0135,0.0135,0.0146,0.0146,0.0146,0.0146,0.0146,0.0146,0.0146,0.0146,0.0146,0.0146,0.0146,0.0146,0.0147,0.0147,0.0147,0.0147,0.0147,0.0147,0.0147,0.0146,0.0146,0.0146,0.0146,0.0146,0.0146,0.0146,0.0146,0.0146,0.0146,0.0146,0.0146,0.0146,0.0146,0.0146,0.0146,0.0146,0.0145,0.0145,0.0145,0.0145,0.0145,0.0145,0.0145,0.0145,0.0145,0.0145,0.0145,0.0145,0.0144,0.0144,0.0144,0.0144,0.0144,0.0144,0.0144,0.0144,0.0144,0.0144,0.0144,0.0144,0.0144,0.0144,0.0144,0.0144,0.0143
45136.3333333,0.0048,0.0048,0.0048,0.0048,0.0048,0.0048,0.0048,0.0056,0.0056,0.0056,0.0057,0.0057,0.0057,0.0062,0.0062,0.0062,0.0062,0.0063,0.0063,0.0063,0.0063,0.0063,0.0063,0.0063,0.0063,0.0063,0.0063,0.0063,0.0064,0.0064,0.0064,0.0064,0.0064,0.0064,0.0064,0.0064,0.0064,0.0064,0.0064,0.0069,0.0069,0.0069,0.0069,0.0069,0.0069,0.0069,0.0069,0.0073,0.0073,0.0073,0.0074,0.0074,0.0074,0.0074,0.0074,0.0074,0.0074,0.0074,0.0075,0.0075,0.0075,0.0075,0.0075,0.0075,0.0075,0.0075,0.0075,0.0077,0.0077,0.0077,0.0077,0.0077,0.0077,0.0077,0.0077,0.0077,0.0077,0.0078,0.0078,0.0079,0.0079,0.0079,0.0079,0.0080,0.0080,0.0080,0.0080,0.0080,0.0080,0.0080,0.0080,0.0080,0.0080,0.0080,0.0080,0.0080,0.0080,0.0080,0.0080,0.0079,0.0079,0.0079,0.0117,0.0116,0.0116,0.0116,0.0116,0.0121,0.0120,0.0120,0.0120,0.0120,0.0121,0.0121,0.0121,0.0121,0.0121,0.0121,0.0121,0.0121,0.0121,0.0121,0.0121,0.0121,0.0121,0.0121,0.0121,0.0122,0.0122,0.0122,0.0122,0.0122,0.0122,0.0122,0.0122,0.0122,0.0122,0.0122,0.0123,0.0123,0.0123,0.0123,0.0123,0.0123,0.0123,0.0123,0.0123,0.0123,0.0123,0.0123,0.0123,0.0123,0.0123,0.0123,0.0123,0.0123,0.0123,0.0123,0.0130,0.0130,0.0130,0.0132,0.0135,0.0135,0.0135,0.0135,0.0135,0.0135,0.0135,0.0135,0.0135,0.0146,0.0147,0.0147,0.0147,0.0147,0.0147,0.0147,0.0147,0.0147,0.0147,0.0147,0.0147,0.0147,0.0147,0.0147,0.0147,0.0147,0.0147,0.0147,0.0147,0.0147,0.0147,0.0147,0.0147,0.0147,0.0147,0.0147,0.0147,0.0147,0.0147,0.0147,0.0147,0.0147,0.0147,0.0147,0.0147,0.0147,0.0147,0.0147,0.0147,0.0147,0.0147,0.0147,0.0147,0.0147,0.0147,0.0147,0.0147,0.0147,0.0146,0.0146,0.0146,0.0146,0.0146,0.0146,0.0146,0.0146,0.0146,0.0146,0.0146,0.0146,0.0146,0.0146,0.0145,0.0145
45136.3750000,0.0048,0.0048,0.0048,0.0048,0.0048,0.0048,0.0048,0.0056,0.0056,0.0056,0.0057,0.0057,0.0057,0.0062,0.0062,0.0062,0.0062,0.0063,0.0063,0.0063,0.0063,0.0063,0.0063,0.0063,0.0063,0.0063,0.0063,0.0063,0.0064,0.0064,0.0064,0.0064,0.0064,0.0064,0.0064,0.0064,0.0064,0.0064,0.0064,0.0069,0.0069,0.0069,0.0069,0.0069,0.0069,0.0069,0.0069,0.0073,0.0073,0.0073,0.0074,0.0074,0.0074,0.0074,0.0074,0.0074,0.0074,0.0074,0.0075,0.0075,0.0075,0.0075,0.0075,0.0075,0.0075,0.0075,0.0075,0.0077,0.0077,0.0077,0.0077,0.0077,0.0078,0.0078,0.0078,0.0078,0.0078,0.0079,0.0079,0.0079,0.0079,0.0079,0.0079,0.0081,0.0081,0.0081,0.0081,0.0081,0.0081,0.0081,0.0081,0.0082,0.0082,0.0081,0.0081,0.0081,0.0081,0.0081,0.0081,0.0081,0.0081,0.0081,0.0119,0.0119,0.0119,0.0119,0.0119,0.0123,0.0123,0.0123,0.0123,0.0122,0.0123,0.0123,0.0123,0.0123,0.0123,0.0123,0.0123,0.0123,0.0123,0.0123,0.0123,0.0123,0.0123,0.0123,0.0122,0.0123,0.0122,0.0122,0.0122,0.0122,0.0122,0.0122,0.0123,0.0123,0.0123,0.0123,0.0123,0.0123,0.0123,0.0123,0.0123,0.0123,0.0123,0.0123,0.0123,0.0123,0.0123,0.0123,0.0123,0.0123,0.0123,0.0123,0.0123,0.0123,0.0124,0.0124,0.0130,0.0130,0.0130,0.0132,0.0135,0.0135,0.0135,0.0135,0.0135,0.0135,0.0135,0.0135,0.0135,0.0147,0.0147,0.0147,0.0147,0.0147,0.0147,0.0147,0.0147,0.0147,0.0147,0.0147,0.0147,0.0147,0.0147,0.0147,0.0147,0.0147,0.0147,0.0147,0.0147,0.0147,0.0147,0.0147,0.0147,0.0147,0.0147,0.0147,0.0147,0.0147,0.0147,0.0147,0.0147,0.0147,0.0147,0.0147,0.0147,0.0147,0.0147,0.0147,0.0147,0.0147,0.0147,0.0147,0.0147,0.0147,0.0147,0.0147,0.0147,0.0147,0.0147,0.0147,0.0147,0.0147,0.0147,0.0147,0.0147,0.0147,0.0147,0.0147,0.0147,0.0147,0.0147,0.0147,0.0147,0.0147
45136.4166667,0.0048,0.0048,0.0048,0.0048,0.0048,0.0048,0.0048,0.0056,0.0056,0.0056,0.0057,0.0057,0.0057,0.0062,0.0062,0.0062,0.0062,0.0063,0.0063,0.0063,0.0063,0.0063,0.0063,0.0063,0.0063,0.0063,0.0063,0.0063,0.0064,0.0064,0.0064,0.0064,0.0064,0.0064,0.0064,0.0064,0.0064,0.0064,0.0064,0.0069,0.0069,0.0069,0.0069,0.0069,0.0069,0.0069,0.0069,0.0073,0.0073,0.0073,0.0074,0.0074,0.0074,0.0074,0.0074,0.0074,0.0074,0.0074,0.0075,0.0075,0.0075,0.0075,0.0075,0.0075,0.0075,0.0075,0.0075,0.0077,0.0077,0.0077,0.0077,0.0078,0.0078,0.0078,0.0078,0.0078,0.0078,0.0079,0.0079,0.0079,0.0079,0.0080,0.0080,0.0081,0.0081,0.0081,0.0081,0.0081,0.0081,0.0081,0.0081,0.0082,0.0082,0.0082,0.0082,0.0082,0.0082,0.0082,0.0082,0.0082,0.0082,0.0082,0.0120,0.0120,0.0120,0.0120,0.0120,0.0124,0.0124,0.0124,0.0124,0.0124,0.0125,0.0125,0.0125,0.0125,0.0125,0.0125,0.0125,0.0125,0.0125,0.0125,0.0126,0.0126,0.0125,0.0125,0.0125,0.0125,0.0125,0.0125,0.0125,0.0124,0.0124,0.0124,0.0124,0.0124,0.0124,0.0124,0.0124,0.0124,0.0124,0.0124,0.0124,0.0124,0.0124,0.0124,0.0124,0.0124,0.0124,0.0124,0.0124,0.0124,0.0124,0.0124,0.0124,0.0124,0.0124,0.0124,0.0130,0.0130,0.0130,0.0132,0.0135,0.0135,0.0136,0.0136,0.0136,0.0136,0.0136,0.0136,0.0136,0.0147,0.0147,0.0147,0.0147,0.0147,0.0147,0.0147,0.0147,0.0147,0.0147,0.0147,0.0147,0.0147,0.0147,0.0147,0.0147,0.0147,0.0147,0.0147,0.0147,0.0147,0.0147,0.0147,0.0147,0.0147,0.0147,0.0147,0.0147,0.0147,0.0147,0.0147,0.0148,0.0148,0.0148,0.0148,0.0148,0.0148,0.0148,0.0148,0.0148,0.0148,0.0148,0.0148,0.0148,0.0148,0.0148,0.0148,0.0148,0.0148,0.0148,0.0148,0.0148,0.0148,0.0148,0.0148,0.0148,0.0148,0.0148,0.0148,0.0148,0.0148,0.0148,0.0148,0.0148,0.0148
45136.4583333,0.0048,0.0048,0.0048,0.0048,0.0048,0.0048,0.0048,0.0056,0.0056,0.0056,0.0057,0.0057,0.0057,0.0062,0.0062,0.0062,0.0062,0.0063,0.0063,0.0063,0.0063,0.0063,0.0063,0.0063,0.0063,0.0063,0.0063,0.0063,0.0064,0.0064,0.0064,0.0064,0.0064,0.0064,0.0064,0.0064,0.0064,0.0064,0.0064,0.0069,0.0069,0.0069,0.0069,0.0069,0.0069,0.0069,0.0069,0.0073,0.0073,0.0073,0.0074,0.0074,0.0074,0.0074,0.0074,0.0074,0.0074,0.0074,0.0075,0.0075,0.0075,0.0075,0.0075,0.0075,0.0075,0.0075,0.0075,0.0077,0.0077,0.0077,0.0077,0.0078,0.0078,0.0078,0.0078,0.0078,0.0078,0.0079,0.0079,0.0079,0.0079,0.0080,0.0080,0.0081,0.0081,0.0081,0.0081,0.0081,0.0081,0.0081,0.0081,0.0082,0.0082,0.0082,0.0082,0.0082,0.0082,0.0082,0.0082,0.0082,0.0082,0.0082,0.0120,0.0120,0.0120,0.0120,0.0120,0.0125,0.0125,0.0125,0.0125,0.0125,0.0126,0.0126,0.0126,0.0126,0.0126,0.0126,0.0127,0.0127,0.0127,0.0126,0.0127,0.0127,0.0127,0.0127,0.0127,0.0127,0.0127,0.0127,0.0127,0.0127,0.0127,0.0126,0.0127,0.0127,0.0127,0.0126,0.0127,0.0126,0.0126,0.0126,0.0126,0.0126,0.0126,0.0126,0.0125,0.0126,0.0125,0.0125,0.0125,0.0125,0.0125,0.0125,0.0125,0.0125,0.0125,0.0125,0.0131,0.0131,0.0131,0.0133,0.0136,0.0136,0.0136,0.0136,0.0136,0.0136,0.0136,0.0136,0.0136,0.0147,0.0147,0.0147,0.0148,0.0147,0.0147,0.0147,0.0147,0.0147,0.0147,0.0147,0.0148,0.0148,0.0148,0.0148,0.0148,0.0148,0.0148,0.0148,0.0148,0.0148,0.0148,0.0148,0.0148,0.0148,0.0148,0.0148,0.0148,0.0148,0.0148,0.0148,0.0148,0.0148,0.0148,0.0148,0.0148,0.0148,0.0148,0.0148,0.0148,0.0148,0.0148,0.0148,0.0148,0.0148,0.0148,0.0148,0.0148,0.0148,0.0148,0.0148,0.0148,0.0148,0.0148,0.0148,0.0148,0.0148,0.0148,0.0148,0.0148,0.0148,0.0148,0.0148,0.0148,0.0148
45136.5000000,0.0048,0.0048,0.0048,0.0048,0.0048,0.0048,0.0048,0.0056,0.0056,0.0056,0.0057,0.0057,0.0057,0.0062,0.0062,0.0062,0.0062,0.0063,0.0063,0.0063,0.0063,0.0063,0.0063,0.0063,0.0063,0.0063,0.0063,0.0063,0.0064,0.0064,0.0064,0.0064,0.0064,0.0064,0.0064,0.0064,0.0064,0.0064,0.0064,0.0069,0.0069,0.0069,0.0069,0.0069,0.0069,0.0069,0.0069,0.0073,0.0073,0.0073,0.0074,0.0074,0.0074,0.0074,0.0074,0.0074,0.0074,0.0074,0.0075,0.0075,0.0075,0.0075,0.0075,0.0075,0.0075,0.0075,0.0075,0.0077,0.0077,0.0077,0.0077,0.0078,0.0078,0.0078,0.0078,0.0078,0.0078,0.0079,0.0079,0.0079,0.0079,0.0080,0.0080,0.0081,0.0081,0.0081,0.0081,0.0081,0.0081,0.0081,0.0081,0.0082,0.0082,0.0082,0.0082,0.0082,0.0082,0.0082,0.0082,0.0082,0.0082,0.0082,0.0120,0.0120,0.0120,0.0120,0.0120,0.0125,0.0125,0.0125,0.0125,0.0125,0.0126,0.0126,0.0126,0.0127,0.0127,0.0127,0.0127,0.0127,0.0127,0.0127,0.0128,0.0128,0.0128,0.0128,0.0128,0.0128,0.0128,0.0128,0.0128,0.0128,0.0128,0.0128,0.0128,0.0128,0.0128,0.0128,0.0129,0.0128,0.0128,0.0128,0.0128,0.0128,0.0128,0.0128,0.0128,0.0128,0.0128,0.0128,0.0128,0.0127,0.0127,0.0127,0.0127,0.0127,0.0127,0.0127,0.0133,0.0133,0.0133,0.0135,0.0137,0.0137,0.0138,0.0138,0.0138,0.0138,0.0137,0.0137,0.0137,0.0148,0.0148,0.0148,0.0148,0.0148,0.0148,0.0148,0.0148,0.0148,0.0148,0.0148,0.0148,0.0148,0.0148,0.0148,0.0148,0.0148,0.0148,0.0148,0.0148,0.0148,0.0148,0.0148,0.0148,0.0148,0.0148,0.0148,0.0148,0.0148,0.0148,0.0148,0.0148,0.0148,0.0148,0.0148,0.0148,0.0148,0.0148,0.0148,0.0148,0.0148,0.0148,0.0148,0.0148,0.0148,0.0148,0.0148,0.0148,0.0148,0.0148,0.0148,0.0148,0.0148,0.0148,0.0148,0.0148,0.0148,0.0148,0.0148,0.0148,0.0148,0.0148,0.0148,0.0148,0.0148
45136.5416667,0.0048,0.0048,0.0048,0.0048,0.0048,0.0048,0.0048,0.0056,0.0056,0.0056,0.0057,0.0057,0.0057,0.0062,0.0062,0.0062,0.0062,0.0063,0.0063,0.0063,0.0063,0.0063,0.0063,0.0063,0.0063,0.0063,0.0063,0.0063,0.0064,0.0064,0.0064,0.0064,0.0064,0.0064,0.0064,0.0064,0.0064,0.0064,0.0064,0.0069,0.0069,0.0069,0.0069,0.0069,0.0069,0.0069,0.0069,0.0073,0.0073,0.0073,0.0074,0.0074,0.0074,0.0074,0.0074,0.0074,0.0074,0.0074,0.0075,0.0075,0.0075,0.0075,0.0075,0.0075,0.0075,0.0075,0.0075,0.0077,0.0077,0.0077,0.0077,0.0078,0.0078,0.0078,0.0078,0.0078,0.0078,0.0079,0.0079,0.0079,0.0079,0.0080,0.0080,0.0081,0.0081,0.0081,0.0081,0.0081,0.0081,0.0081,0.0081,0.0082,0.0082,0.0082,0.0082,0.0082,0.0082,0.0082,0.0082,0.0082,0.0082,0.0082,0.0120,0.0120,0.0120,0.0120,0.0120,0.0125,0.0125,0.0125,0.0125,0.0125,0.0126,0.0126,0.0126,0.0127,0.0127,0.0127,0.0127,0.0127,0.0127,0.0127,0.0128,0.0128,0.0128,0.0128,0.0128,0.0128,0.0128,0.0128,0.0128,0.0128,0.0128,0.0128,0.0129,0.0129,0.0129,0.0129,0.0129,0.0129,0.0129,0.0129,0.0129,0.0129,0.0129,0.0129,0.0129,0.0130,0.0130,0.0130,0.0129,0.0129,0.0129,0.0129,0.0129,0.0129,0.0129,0.0129,0.0135,0.0135,0.0135,0.0137,0.0140,0.0140,0.0140,0.0140,0.0140,0.0140,0.0140,0.0139,0.0139,0.0150,0.0150,0.0150,0.0150,0.0149,0.0149,0.0149,0.0149,0.0149,0.0149,0.0149,0.0149,0.0149,0.0149,0.0149,0.0149,0.0149,0.0149,0.0149,0.0149,0.0149,0.0149,0.0149,0.0149,0.0149,0.0149,0.0149,0.0149,0.0149,0.0149,0.0149,0.0149,0.0149,0.0149,0.0149,0.0149,0.0149,0.0149,0.0149,0.0149,0.0149,0.0149,0.0148,0.0148,0.0148,0.0148,0.0148,0.0148,0.0148,0.0148,0.0148,0.0148,0.0148,0.0148,0.0148,0.0148,0.0148,0.0148,0.0148,0.0148,0.0148,0.0148,0.0148,0.0148,0.0148
45136.5833333,0.0048,0.0048,0.0048,0.0048,0.0048,0.0048,0.0048,0.0056,0.0056,0.0056,0.0057,0.0057,0.0057,0.0062,0.0062,0.0062,0.0062,0.0063,0.0063,0.0063,0.0063,0.0063,0.0063,0.0063,0.0063,0.0063,0.0063,0.0063,0.0064,0.0064,0.0064,0.0064,0.0064,0.0064,0.0064,0.0064,0.0064,0.0064,0.0064,0.0069,0.0069,0.0069,0.0069,0.0069,0.0069,0.0069,0.0069,0.0073,0.0073,0.0073,0.0074,0.0074,0.0074,0.0074,0.0074,0.0074,0.0074,0.0074,0.0075,0.0075,0.0075,0.0075,0.0075,0.0075,0.0075,0.0075,0.0075,0.0077,0.0077,0.0077,0.0077,0.0078,0.0078,0.0078,0.0078,0.0078,0.0078,0.0079,0.0079,0.0079,0.0079,0.0080,0.0080,0.0081,0.0081,0.0081,0.0081,0.0081,0.0081,0.0081,0.0081,0.0082,0.0082,0.0082,0.0082,0.0082,0.0082,0.0082,0.0082,0.0082,0.0082,0.0082,0.0120,0.0120,0.0120,0.0120,0.0120,0.0125,0.0125,0.0125,0.0125,0.0125,0.0126,0.0126,0.0126,0.0127,0.0127,0.0127,0.0127,0.0127,0.0127,0.0127,0.0128,0.0128,0.0128,0.0128,0.0128,0.0128,0.0128,0.0128,0.0128,0.0128,0.0128,0.0128,0.0129,0.0129,0.0129,0.0129,0.0130,0.0130,0.0130,0.0130,0.0130,0.0130,0.0130,0.0130,0.0130,0.0130,0.0130,0.0130,0.0130,0.0130,0.0130,0.0130,0.0130,0.0130,0.0130,0.0130,0.0137,0.0137,0.0137,0.0139,0.0141,0.0141,0.0142,0.0142,0.0142,0.0142,0.0142,0.0141,0.0141,0.0152,0.0152,0.0152,0.0152,0.0152,0.0152,0.0152,0.0151,0.0151,0.0151,0.0151,0.0151,0.0151,0.0151,0.0151,0.0151,0.0151,0.0151,0.0151,0.0151,0.0151,0.0151,0.0151,0.0151,0.0150,0.0150,0.0150,0.0150,0.0150,0.0150,0.0150,0.0150,0.0150,0.0150,0.0150,0.0150,0.0150,0.0150,0.0150,0.0149,0.0149,0.0149,0.0149,0.0149,0.0149,0.0149,0.0149,0.0149,0.0149,0.0149,0.0149,0.0149,0.0149,0.0149,0.0149,0.0149,0.0149,0.0149,0.0149,0.0149,0.0149,0.0149,0.0149,0.0149,0.0149
45136.6250000,0.0048,0.0048,0.0048,0.0048,0.0048,0.0048,0.0048,0.0056,0.0056,0.0056,0.0057,0.0057,0.0057,0.0062,0.0062,0.0062,0.0062,0.0063,0.0063,0.0063,0.0063,0.0063,0.0063,0.0063,0.0063,0.0063,0.0063,0.0063,0.0064,0.0064,0.0064,0.0064,0.0064,0.0064,0.0064,0.0064,0.0064,0.0064,0.0064,0.0069,0.0069,0.0069,0.0069,0.0069,0.0069,0.0069,0.0069,0.0073,0.0073,0.0073,0.0074,0.0074,0.0074,0.0074,0.0074,0.0074,0.0074,0.0074,0.0075,0.0075,0.0075,0.0075,0.0075,0.0075,0.0075,0.0075,0.0075,0.0077,0.0077,0.0077,0.0077,0.0078,0.0078,0.0078,0.0078,0.0078,0.0078,0.0079,0.0079,0.0079,0.0079,0.0080,0.0080,0.0081,0.0081,0.0081,0.0081,0.0081,0.0081,0.0081,0.0081,0.0082,0.0082,0.0082,0.0082,0.0082,0.0082,0.0082,0.0082,0.0082,0.0082,0.0082,0.0120,0.0120,0.0120,0.0120,0.0120,0.0125,0.0125,0.0125,0.0125,0.0125,0.0126,0.0126,0.0126,0.0127,0.0127,0.0127,0.0127,0.0127,0.0127,0.0127,0.0128,0.0128,0.0128,0.0128,0.0128,0.0128,0.0128,0.0128,0.0128,0.0128,0.0128,0.0128,0.0129,0.0129,0.0129,0.0129,0.0130,0.0130,0.0130,0.0130,0.0130,0.0130,0.0130,0.0130,0.0130,0.0130,0.0130,0.0130,0.0130,0.0130,0.0130,0.0130,0.0130,0.0130,0.0131,0.0131,0.0137,0.0137,0.0137,0.0139,0.0142,0.0142,0.0142,0.0142,0.0142,0.0142,0.0142,0.0142,0.0142,0.0154,0.0154,0.0153,0.0154,0.0153,0.0153,0.0153,0.0153,0.0153,0.0153,0.0153,0.0153,0.0153,0.0153,0.0153,0.0153,0.0153,0.0153,0.0153,0.0153,0.0153,0.0153,0.0153,0.0153,0.0153,0.0153,0.0153,0.0152,0.0152,0.0152,0.0152,0.0152,0.0152,0.0152,0.0152,0.0152,0.0152,0.0152,0.0152,0.0151,0.0151,0.0151,0.0151,0.0151,0.0151,0.0151,0.0151,0.0151,0.0151,0.0151,0.0151,0.0151,0.0150,0.0150,0.0150,0.0150,0.0150,0.0150,0.0150,0.0150,0.0150,0.0150,0.0150,0.0150,0.0150
45136.6666667,0.0048,0.0048,0.0048,0.0048,0.0048,0.0048,0.0048,0.0056,0.0056,0.0056,0.0057,0.0057,0.0057,0.0062,0.0062,0.0062,0.0062,0.0063,0.0063,0.0063,0.0063,0.0063,0.0063,0.0063,0.0063,0.0063,0.0063,0.0063,0.0064,0.0064,0.0064,0.0064,0.0064,0.0064,0.0064,0.0064,0.0064,0.0064,0.0064,0.0069,0.0069,0.0069,0.0069,0.0069,0.0069,0.0069,0.0069,0.0073,0.0073,0.0073,0.0074,0.0074,0.0074,0.0074,0.0074,0.0074,0.0074,0.0074,0.0075,0.0075,0.0075,0.0075,0.0075,0.0075,0.0075,0.0075,0.0075,0.0077,0.0077,0.0077,0.0077,0.0078,0.0078,0.0078,0.0078,0.0078,0.0078,0.0079,0.0079,0.0079,0.0079,0.0080,0.0080,0.0081,0.0081,0.0081,0.0081,0.0081,0.0081,0.0081,0.0081,0.0082,0.0082,0.0082,0.0082,0.0082,0.0082,0.0082,0.0082,0.0082,0.0082,0.0082,0.0120,0.0120,0.0120,0.0120,0.0120,0.0125,0.0125,0.0125,0.0125,0.0125,0.0126,0.0126,0.0126,0.0127,0.0127,0.0127,0.0127,0.0127,0.0127,0.0127,0.0128,0.0128,0.0128,0.0128,0.0128,0.0128,0.0128,0.0128,0.0128,0.0128,0.0128,0.0128,0.0129,0.0129,0.0129,0.0129,0.0130,0.0130,0.0130,0.0130,0.0130,0.0130,0.0130,0.0130,0.0130,0.0130,0.0130,0.0130,0.0130,0.0130,0.0130,0.0130,0.0130,0.0130,0.0131,0.0131,0.0137,0.0137,0.0137,0.0139,0.0142,0.0142,0.0142,0.0143,0.0143,0.0143,0.0143,0.0143,0.0143,0.0154,0.0154,0.0154,0.0154,0.0154,0.0154,0.0154,0.0154,0.0154,0.0154,0.0154,0.0154,0.0154,0.0154,0.0154,0.0154,0.0154,0.0154,0.0154,0.0154,0.0154,0.0154,0.0154,0.0154,0.0154,0.0154,0.0154,0.0154,0.0154,0.0154,0.0154,0.0154,0.0154,0.0154,0.0154,0.0154,0.0154,0.0154,0.0154,0.0154,0.0154,0.0153,0.0153,0.0153,0.0153,0.0153,0.0153,0.0153,0.0153,0.0153,0.0153,0.0153,0.0153,0.0153,0.0153,0.0152,0.0152,0.0152,0.0152,0.0152,0.0152,0.0152,0.0152,0.0152,0.0152
45136.7083333,0.0048,0.0048,0.0048,0.0048,0.0048,0.0048,0.0048,0.0056,0.0056,0.0056,0.0057,0.0057,0.0057,0.0062,0.0062,0.0062,0.0062,0.0063,0.0063,0.0063,0.0063,0.0063,0.0063,0.0063,0.0063,0.0063,0.0063,0.0063,0.0064,0.0064,0.0064,0.0064,0.0064,0.0064,0.0064,0.0064,0.0064,0.0064,0.0064,0.0069,0.0069,0.0069,0.0069,0.0069,0.0069,0.0069,0.0069,0.0073,0.0073,0.0073,0.0074,0.0074,0.0074,0.0074,0.0074,0.0074,0.0074,0.0074,0.0075,0.0075,0.0075,0.0075,0.0075,0.0075,0.0075,0.0075,0.0075,0.0077,0.0077,0.0077,0.0077,0.0078,0.0078,0.0078,0.0078,0.0078,0.0078,0.0079,0.0079,0.0079,0.0079,0.0080,0.0080,0.0081,0.0081,0.0081,0.0081,0.0081,0.0081,0.0081,0.0081,0.0082,0.0082,0.0082,0.0082,0.0082,0.0082,0.0082,0.0082,0.0082,0.0082,0.0082,0.0120,0.0120,0.0120,0.0120,0.0120,0.0125,0.0125,0.0125,0.0125,0.0125,0.0126,0.0126,0.0126,0.0127,0.0127,0.0127,0.0127,0.0127,0.0127,0.0127,0.0128,0.0128,0.0128,0.0128,0.0128,0.0128,0.0128,0.0128,0.0128,0.0128,0.0128,0.0128,0.0129,0.0129,0.0129,0.0129,0.0130,0.0130,0.0130,0.0130,0.0130,0.0130,0.0130,0.0130,0.0130,0.0130,0.0130,0.0130,0.0130,0.0130,0.0130,0.0130,0.0130,0.0130,0.0131,0.0131,0.0137,0.0137,0.0137,0.0139,0.0142,0.0142,0.0143,0.0143,0.0143,0.0143,0.0143,0.0143,0.0143,0.0154,0.0154,0.0154,0.0154,0.0154,0.0154,0.0154,0.0154,0.0154,0.0154,0.0154,0.0155,0.0155,0.0155,0.0155,0.0155,0.0155,0.0155,0.0155,0.0155,0.0155,0.0155,0.0155,0.0155,0.0155,0.0155,0.0155,0.0155,0.0155,0.0155,0.0155,0.0155,0.0155,0.0155,0.0155,0.0155,0.0155,0.0155,0.0155,0.0155,0.0155,0.0155,0.0155,0.0155,0.0155,0.0155,0.0155,0.0155,0.0155,0.0154,0.0154,0.0154,0.0154,0.0154,0.0154,0.0154,0.0154,0.0154,0.0154,0.0154,0.0154,0.0154,0.0154,0.0154,0.0154
45136.7500000,0.0048,0.0048,0.0048,0.0048,0.0048,0.0048,0.0048,0.0056,0.0056,0.0056,0.0057,0.0057,0.0057,0.0062,0.0062,0.0062,0.0062,0.0063,0.0063,0.0063,0.0063,0.0063,0.0063,0.0063,0.0063,0.0063,0.0063,0.0063,0.0064,0.0064,0.0064,0.0064,0.0064,0.0064,0.0064,0.0064,0.0064,0.0064,0.0064,0.0069,0.0069,0.0069,0.0069,0.0069,0.0069,0.0069,0.0069,0.0073,0.0073,0.0073,0.0074,0.0074,0.0074,0.0074,0.0074,0.0074,0.0074,0.0074,0.0075,0.0075,0.0075,0.0075,0.0075,0.0075,0.0075,0.0075,0.0075,0.0077,0.0077,0.0077,0.0077,0.0078,0.0078,0.0078,0.0078,0.0078,0.0078,0.0079,0.0079,0.0079,0.0079,0.0080,0.0080,0.0081,0.0081,0.0081,0.0081,0.0081,0.0081,0.0081,0.0081,0.0082,0.0082,0.0082,0.0082,0.0082,0.0082,0.0082,0.0082,0.0082,0.0082,0.0082,0.0120,0.0120,0.0120,0.0120,0.0120,0.0125,0.0125,0.0125,0.0125,0.0125,0.0126,0.0126,0.0126,0.0127,0.0127,0.0127,0.0127,0.0127,0.0127,0.0127,0.0128,0.0128,0.0128,0.0128,0.0128,0.0128,0.0128,0.0128,0.0128,0.0128,0.0128,0.0128,0.0129,0.0129,0.0129,0.0129,0.0130,0.0130,0.0130,0.0130,0.0130,0.0130,0.0130,0.0130,0.0130,0.0130,0.0130,0.0130,0.0130,0.0130,0.0130,0.0130,0.0130,0.0131,0.0131,0.0131,0.0137,0.0137,0.0137,0.0139,0.0142,0.0142,0.0143,0.0143,0.0143,0.0143,0.0143,0.0143,0.0143,0.0154,0.0154,0.0154,0.0154,0.0154,0.0154,0.0154,0.0154,0.0154,0.0155,0.0155,0.0155,0.0155,0.0155,0.0155,0.0155,0.0155,0.0155,0.0155,0.0155,0.0155,0.0155,0.0155,0.0155,0.0155,0.0155,0.0155,0.0155,0.0155,0.0155,0.0155,0.0155,0.0155,0.0155,0.0155,0.0155,0.0155,0.0155,0.0155,0.0155,0.0155,0.0155,0.0155,0.0155,0.0155,0.0155,0.0155,0.0155,0.0155,0.0155,0.0155,0.0155,0.0155,0.0155,0.0155,0.0155,0.0155,0.0155,0.0155,0.0155,0.0155,0.0155,0.0155,0.0155,0.0155
45136.7916667,0.0048,0.0048,0.0048,0.0048,0.0048,0.0048,0.0048,0.0056,0.0056,0.0056,0.0057,0.0057,0.0057,0.0062,0.0062,0.0062,0.0062,0.0063,0.0063,0.0063,0.0063,0.0063,0.0063,0.0063,0.0063,0.0063,0.0063,0.0063,0.0064,0.0064,0.0064,0.0064,0.0064,0.0064,0.0064,0.0064,0.0064,0.0064,0.0064,0.0069,0.0069,0.0069,0.0069,0.0069,0.0069,0.0069,0.0069,0.0073,0.0073,0.0073,0.0074,0.0074,0.0074,0.0074,0.0074,0.0074,0.0074,0.0074,0.0075,0.0075,0.0075,0.0075,0.0075,0.0075,0.0075,0.0075,0.0075,0.0077,0.0077,0.0077,0.0077,0.0078,0.0078,0.0078,0.0078,0.0078,0.0078,0.0079,0.0079,0.0079,0.0079,0.0080,0.0080,0.0081,0.0081,0.0081,0.0081,0.0081,0.0081,0.0081,0.0081,0.0082,0.0082,0.0082,0.0082,0.0082,0.0082,0.0082,0.0082,0.0082,0.0082,0.0082,0.0120,0.0120,0.0120,0.0120,0.0120,0.0125,0.0125,0.0125,0.0125,0.0125,0.0126,0.0126,0.0126,0.0127,0.0127,0.0127,0.0127,0.0127,0.0127,0.0127,0.0128,0.0128,0.0128,0.0128,0.0128,0.0128,0.0128,0.0128,0.0128,0.0128,0.0128,0.0128,0.0129,0.0129,0.0129,0.0129,0.0130,0.0130,0.0130,0.0130,0.0130,0.0130,0.0130,0.0130,0.0130,0.0130,0.0130,0.0130,0.0130,0.0130,0.0130,0.0130,0.0130,0.0131,0.0131,0.0131,0.0137,0.0137,0.0137,0.0139,0.0142,0.0142,0.0143,0.0143,0.0143,0.0143,0.0143,0.0143,0.0143,0.0154,0.0154,0.0154,0.0154,0.0154,0.0154,0.0155,0.0155,0.0155,0.0155,0.0155,0.0155,0.0155,0.0155,0.0155,0.0155,0.0155,0.0155,0.0155,0.0155,0.0155,0.0155,0.0155,0.0155,0.0155,0.0155,0.0155,0.0155,0.0155,0.0155,0.0155,0.0155,0.0155,0.0155,0.0155,0.0155,0.0155,0.0155,0.0155,0.0155,0.0155,0.0155,0.0155,0.0155,0.0155,0.0155,0.0155,0.0155,0.0155,0.0155,0.0155,0.0155,0.0155,0.0155,0.0155,0.0155,0.0155,0.0155,0.0155,0.0155,0.0155,0.0155,0.0155,0.0155,0.0155
45136.8333333,0.0048,0.0048,0.0048,0.0048,0.0048,0.0048,0.0048,0.0056,0.0056,0.0056,0.0057,0.0057,0.0057,0.0062,0.0062,0.0062,0.0062,0.0063,0.0063,0.0063,0.0063,0.0063,0.0063,0.0063,0.0063,0.0063,0.0063,0.0063,0.0064,0.0064,0.0064,0.0064,0.0064,0.0064,0.0064,0.0064,0.0064,0.0064,0.0064,0.0069,0.0069,0.0069,0.0069,0.0069,0.0069,0.0069,0.0069,0.0073,0.0073,0.0073,0.0074,0.0074,0.0074,0.0074,0.0074,0.0074,0.0074,0.0074,0.0075,0.0075,0.0075,0.0075,0.0075,0.0075,0.0075,0.0075,0.0075,0.0077,0.0077,0.0077,0.0077,0.0078,0.0078,0.0078,0.0078,0.0078,0.0078,0.0079,0.0079,0.0079,0.0079,0.0080,0.0080,0.0081,0.0081,0.0081,0.0081,0.0081,0.0081,0.0081,0.0081,0.0082,0.0082,0.0082,0.0082,0.0082,0.0082,0.0082,0.0082,0.0082,0.0082,0.0082,0.0120,0.0120,0.0120,0.0120,0.0120,0.0125,0.0125,0.0125,0.0125,0.0125,0.0126,0.0126,0.0126,0.0127,0.0127,0.0127,0.0127,0.0127,0.0127,0.0127,0.0128,0.0128,0.0128,0.0128,0.0128,0.0128,0.0128,0.0128,0.0128,0.0128,0.0128,0.0128,0.0129,0.0129,0.0129,0.0129,0.0130,0.0130,0.0130,0.0130,0.0130,0.0130,0.0130,0.0130,0.0130,0.0130,0.0130,0.0130,0.0130,0.0130,0.0130,0.0130,0.0130,0.0131,0.0131,0.0131,0.0137,0.0137,0.0137,0.0139,0.0142,0.0142,0.0143,0.0143,0.0143,0.0143,0.0143,0.0143,0.0143,0.0154,0.0154,0.0154,0.0154,0.0154,0.0154,0.0155,0.0155,0.0155,0.0155,0.0155,0.0155,0.0155,0.0155,0.0155,0.0155,0.0155,0.0155,0.0155,0.0155,0.0155,0.0155,0.0155,0.0155,0.0155,0.0155,0.0155,0.0155,0.0155,0.0155,0.0155,0.0155,0.0155,0.0155,0.0155,0.0155,0.0155,0.0155,0.0155,0.0155,0.0155,0.0155,0.0155,0.0155,0.0155,0.0155,0.0155,0.0155,0.0155,0.0155,0.0155,0.0155,0.0155,0.0155,0.0155,0.0155,0.0155,0.0155,0.0155,0.0155,0.0156,0.0156,0.0156,0.0156,0.0156
45136.8750000,0.0048,0.0048,0.0048,0.0048,0.0048,0.0048,0.0048,0.0056,0.0056,0.0056,0.0057,0.0057,0.0057,0.0062,0.0062,0.0062,0.0062,0.0063,0.0063,0.0063,0.0063,0.0063,0.0063,0.0063,0.0063,0.0063,0.0063,0.0063,0.0064,0.0064,0.0064,0.0064,0.0064,0.0064,0.0064,0.0064,0.0064,0.0064,0.0064,0.0069,0.0069,0.0069,0.0069,0.0069,0.0069,0.0069,0.0069,0.0073,0.0073,0.0073,0.0074,0.0074,0.0074,0.0074,0.0074,0.0074,0.0074,0.0074,0.0075,0.0075,0.0075,0.0075,0.0075,0.0075,0.0075,0.0075,0.0075,0.0077,0.0077,0.0077,0.0077,0.0078,0.0078,0.0078,0.0078,0.0078,0.0078,0.0079,0.0079,0.0079,0.0079,0.0080,0.0080,0.0081,0.0081,0.0081,0.0081,0.0081,0.0081,0.0081,0.0081,0.0082,0.0082,0.0082,0.0082,0.0082,0.0082,0.0082,0.0082,0.0082,0.0082,0.0082,0.0120,0.0120,0.0120,0.0120,0.0120,0.0125,0.0125,0.0125,0.0125,0.0125,0.0126,0.0126,0.0126,0.0127,0.0127,0.0127,0.0127,0.0127,0.0127,0.0127,0.0128,0.0128,0.0128,0.0128,0.0128,0.0128,0.0128,0.0128,0.0128,0.0128,0.0128,0.0128,0.0129,0.0129,0.0129,0.0129,0.0130,0.0130,0.0130,0.0130,0.0130,0.0130,0.0130,0.0130,0.0130,0.0130,0.0130,0.0130,0.0130,0.0130,0.0130,0.0130,0.0130,0.0131,0.0131,0.0131,0.0137,0.0137,0.0137,0.0139,0.0142,0.0142,0.0143,0.0143,0.0143,0.0143,0.0143,0.0143,0.0143,0.0154,0.0154,0.0154,0.0154,0.0154,0.0154,0.0155,0.0155,0.0155,0.0155,0.0155,0.0155,0.0155,0.0155,0.0155,0.0155,0.0155,0.0155,0.0155,0.0155,0.0155,0.0155,0.0155,0.0155,0.0155,0.0155,0.0155,0.0155,0.0155,0.0155,0.0155,0.0155,0.0155,0.0155,0.0155,0.0155,0.0155,0.0155,0.0155,0.0155,0.0155,0.0155,0.0155,0.0155,0.0155,0.0155,0.0155,0.0155,0.0155,0.0155,0.0155,0.0155,0.0155,0.0155,0.0155,0.0155,0.0155,0.0155,0.0155,0.0156,0.0156,0.0156,0.0156,0.0156,0.0156
45136.9166667,0.0048,0.0048,0.0048,0.0048,0.0048,0.0048,0.0048,0.0056,0.0056,0.0056,0.0057,0.0057,0.0057,0.0062,0.0062,0.0062,0.0062,0.0063,0.0063,0.0063,0.0063,0.0063,0.0063,0.0063,0.0063,0.0063,0.0063,0.0063,0.0064,0.0064,0.0064,0.0064,0.0064,0.0064,0.0064,0.0064,0.0064,0.0064,0.0064,0.0069,0.0069,0.0069,0.0069,0.0069,0.0069,0.0069,0.0069,0.0073,0.0073,0.0073,0.0074,0.0074,0.0074,0.0074,0.0074,0.0074,0.0074,0.0074,0.0075,0.0075,0.0075,0.0075,0.0075,0.0075,0.0075,0.0075,0.0075,0.0077,0.0077,0.0077,0.0077,0.0078,0.0078,0.0078,0.0078,0.0078,0.0078,0.0079,0.0079,0.0079,0.0079,0.0080,0.0080,0.0081,0.0081,0.0081,0.0081,0.0081,0.0081,0.0081,0.0081,0.0082,0.0082,0.0082,0.0082,0.0082,0.0082,0.0082,0.0082,0.0082,0.0082,0.0082,0.0120,0.0120,0.0120,0.0120,0.0120,0.0125,0.0125,0.0125,0.0125,0.0125,0.0126,0.0126,0.0126,0.0127,0.0127,0.0127,0.0127,0.0127,0.0127,0.0127,0.0128,0.0128,0.0128,0.0128,0.0128,0.0128,0.0128,0.0128,0.0128,0.0128,0.0128,0.0128,0.0129,0.0129,0.0129,0.0129,0.0130,0.0130,0.0130,0.0130,0.0130,0.0130,0.0130,0.0130,0.0130,0.0130,0.0130,0.0130,0.0130,0.0130,0.0130,0.0130,0.0130,0.0131,0.0131,0.0131,0.0137,0.0137,0.0137,0.0139,0.0142,0.0142,0.0143,0.0143,0.0143,0.0143,0.0143,0.0143,0.0143,0.0154,0.0154,0.0154,0.0154,0.0154,0.0154,0.0155,0.0155,0.0155,0.0155,0.0155,0.0155,0.0155,0.0155,0.0155,0.0155,0.0155,0.0155,0.0155,0.0155,0.0155,0.0155,0.0155,0.0155,0.0155,0.0155,0.0155,0.0155,0.0155,0.0155,0.0155,0.0155,0.0155,0.0155,0.0155,0.0155,0.0155,0.0155,0.0155,0.0155,0.0155,0.0155,0.0155,0.0155,0.0155,0.0155,0.0155,0.0155,0.0155,0.0155,0.0155,0.0155,0.0155,0.0155,0.0155,0.0155,0.0155,0.0155,0.0155,0.0156,0.0156,0.0156,0.0156,0.0156,0.0156
45136.9583333,0.0048,0.0048,0.0048,0.0048,0.0048,0.0048,0.0048,0.0056,0.0056,0.0056,0.0057,0.0057,0.0057,0.0062,0.0062,0.0062,0.0062,0.0063,0.0063,0.0063,0.0063,0.0063,0.0063,0.0063,0.0063,0.0063,0.0063,0.0063,0.0064,0.0064,0.0064,0.0064,0.0064,0.0064,0.0064,0.0064,0.0064,0.0064,0.0064,0.0069,0.0069,0.0069,0.0069,0.0069,0.0069,0.0069,0.0069,0.0073,0.0073,0.0073,0.0074,0.0074,0.0074,0.0074,0.0074,0.0074,0.0074,0.0074,0.0075,0.0075,0.0075,0.0075,0.0075,0.0075,0.0075,0.0075,0.0075,0.0077,0.0077,0.0077,0.0077,0.0078,0.0078,0.0078,0.0078,0.0078,0.0078,0.0079,0.0079,0.0079,0.0079,0.0080,0.0080,0.0081,0.0081,0.0081,0.0081,0.0081,0.0081,0.0081,0.0081,0.0082,0.0082,0.0082,0.0082,0.0082,0.0082,0.0082,0.0082,0.0082,0.0082,0.0082,0.0120,0.0120,0.0120,0.0120,0.0120,0.0125,0.0125,0.0125,0.0125,0.0125,0.0126,0.0126,0.0126,0.0127,0.0127,0.0127,0.0127,0.0127,0.0127,0.0127,0.0128,0.0128,0.0128,0.0128,0.0128,0.0128,0.0128,0.0128,0.0128,0.0128,0.0128,0.0128,0.0129,0.0129,0.0129,0.0129,0.0130,0.0130,0.0130,0.0130,0.0130,0.0130,0.0130,0.0130,0.0130,0.0130,0.0130,0.0130,0.0130,0.0130,0.0130,0.0130,0.0130,0.0131,0.0131,0.0131,0.0137,0.0137,0.0137,0.0139,0.0142,0.0142,0.0143,0.0143,0.0143,0.0143,0.0143,0.0143,0.0143,0.0154,0.0154,0.0154,0.0154,0.0154,0.0154,0.0155,0.0155,0.0155,0.0155,0.0155,0.0155,0.0155,0.0155,0.0155,0.0155,0.0155,0.0155,0.0155,0.0155,0.0155,0.0155,0.0155,0.0155,0.0155,0.0155,0.0155,0.0155,0.0155,0.0155,0.0155,0.0155,0.0155,0.0155,0.0155,0.0155,0.0155,0.0155,0.0155,0.0155,0.0155,0.0155,0.0155,0.0155,0.0155,0.0155,0.0155,0.0155,0.0155,0.0155,0.0155,0.0155,0.0155,0.0155,0.0155,0.0155,0.0155,0.0155,0.0155,0.0156,0.0156,0.0156,0.0156,0.0156,0.0156
45137.0000000,0.0045,0.0045,0.0045,0.0045,0.0045,0.0046,0.0046,0.0054,0.0054,0.0054,0.0055,0.0055,0.0055,0.0061,0.0061,0.0062,0.0062,0.0062,0.0062,0.0062,0.0063,0.0063,0.0063,0.0063,0.0063,0.0063,0.0063,0.0063,0.0064,0.0064,0.0064,0.0064,0.0064,0.0064,0.0064,0.0064,0.0064,0.0064,0.0064,0.0069,0.0069,0.0069,0.0069,0.0069,0.0069,0.0069,0.0069,0.0073,0.0073,0.0073,0.0074,0.0074,0.0074,0.0074,0.0074,0.0074,0.0074,0.0074,0.0075,0.0075,0.0075,0.0075,0.0075,0.0075,0.0075,0.0075,0.0075,0.0077,0.0077,0.0077,0.0077,0.0078,0.0078,0.0078,0.0078,0.0078,0.0078,0.0079,0.0079,0.0079,0.0079,0.0080,0.0080,0.0081,0.0081,0.0081,0.0081,0.0081,0.0081,0.0081,0.0081,0.0082,0.0082,0.0082,0.0082,0.0082,0.0082,0.0082,0.0082,0.0082,0.0082,0.0082,0.0117,0.0118,0.0118,0.0118,0.0118,0.0123,0.0123,0.0124,0.0124,0.0125,0.0126,0.0126,0.0126,0.0126,0.0127,0.0127,0.0127,0.0127,0.0127,0.0127,0.0128,0.0128,0.0128,0.0128,0.0128,0.0128,0.0128,0.0128,0.0128,0.0128,0.0128,0.0128,0.0129,0.0129,0.0129,0.0129,0.0130,0.0130,0.0130,0.0130,0.0130,0.0130,0.0130,0.0130,0.0130,0.0130,0.0130,0.0130,0.0130,0.0130,0.0130,0.0130,0.0130,0.0131,0.0131,0.0131,0.0137,0.0137,0.0137,0.0139,0.0142,0.0142,0.0142,0.0142,0.0142,0.0142,0.0143,0.0143,0.0143,0.0153,0.0154,0.0154,0.0154,0.0154,0.0154,0.0154,0.0154,0.0154,0.0154,0.0154,0.0154,0.0155,0.0155,0.0155,0.0155,0.0155,0.0155,0.0155,0.0155,0.0155,0.0155,0.0155,0.0155,0.0155,0.0155,0.0155,0.0155,0.0155,0.0155,0.0155,0.0155,0.0155,0.0155,0.0155,0.0155,0.0155,0.0155,0.0155,0.0155,0.0155,0.0155,0.0155,0.0155,0.0155,0.0155,0.0155,0.0155,0.0155,0.0155,0.0155,0.0155,0.0155,0.0155,0.0155,0.0155,0.0155,0.0155,0.0155,0.0156,0.0156,0.0156,0.0156,0.0156,0.0156
45137.0416667,0.0045,0.0045,0.0045,0.0045,0.0045,0.0045,0.0045,0.0053,0.0053,0.0053,0.0053,0.0053,0.0053,0.0058,0.0059,0.0059,0.0059,0.0059,0.0060,0.0060,0.0060,0.0061,0.0061,0.0061,0.0061,0.0062,0.0062,0.0062,0.0063,0.0063,0.0063,0.0064,0.0064,0.0064,0.0064,0.0064,0.0064,0.0064,0.0064,0.0068,0.0068,0.0069,0.0069,0.0069,0.0069,0.0069,0.0069,0.0073,0.0073,0.0073,0.0073,0.0073,0.0074,0.0074,0.0074,0.0074,0.0074,0.0074,0.0075,0.0075,0.0075,0.0075,0.0075,0.0075,0.0075,0.0075,0.0075,0.0077,0.0077,0.0077,0.0077,0.0077,0.0077,0.0078,0.0078,0.0078,0.0078,0.0079,0.0079,0.0079,0.0079,0.0080,0.0080,0.0081,0.0081,0.0081,0.0081,0.0081,0.0081,0.0081,0.0081,0.0082,0.0082,0.0082,0.0082,0.0082,0.0082,0.0082,0.0082,0.0082,0.0082,0.0082,0.0117,0.0117,0.0117,0.0117,0.0117,0.0122,0.0122,0.0122,0.0123,0.0123,0.0124,0.0124,0.0124,0.0124,0.0125,0.0125,0.0125,0.0125,0.0125,0.0126,0.0126,0.0127,0.0127,0.0127,0.0127,0.0128,0.0128,0.0128,0.0128,0.0128,0.0128,0.0128,0.0129,0.0129,0.0129,0.0129,0.0130,0.0130,0.0130,0.0130,0.0130,0.0130,0.0130,0.0130,0.0130,0.0130,0.0130,0.0130,0.0130,0.0130,0.0130,0.0130,0.0130,0.0131,0.0131,0.0131,0.0137,0.0137,0.0137,0.0139,0.0142,0.0142,0.0142,0.0142,0.0142,0.0142,0.0142,0.0142,0.0142,0.0153,0.0153,0.0153,0.0153,0.0153,0.0153,0.0153,0.0154,0.0154,0.0154,0.0154,0.0154,0.0154,0.0154,0.0154,0.0154,0.0154,0.0154,0.0154,0.0154,0.0154,0.0154,0.0154,0.0154,0.0155,0.0155,0.0155,0.0155,0.0155,0.0155,0.0155,0.0155,0.0155,0.0155,0.0155,0.0155,0.0155,0.0155,0.0155,0.0155,0.0155,0.0155,0.0155,0.0155,0.0155,0.0155,0.0155,0.0155,0.0155,0.0155,0.0155,0.0155,0.0155,0.0155,0.0155,0.0155,0.0155,0.0155,0.0155,0.0156,0.0156,0.0156,0.0156,0.0156,0.0156
45137.0833333,0.0045,0.0045,0.0045,0.0045,0.0045,0.0045,0.0045,0.0053,0.0053,0.0053,0.0053,0.0053,0.0053,0.0058,0.0058,0.0058,0.0059,0.0059,0.0059,0.0059,0.0059,0.0059,0.0059,0.0059,0.0059,0.0059,0.0060,0.0060,0.0060,0.0061,0.0061,0.0061,0.0062,0.0062,0.0062,0.0063,0.0063,0.0063,0.0064,0.0068,0.0068,0.0068,0.0068,0.0068,0.0068,0.0069,0.0069,0.0073,0.0073,0.0073,0.0073,0.0073,0.0074,0.0074,0.0074,0.0074,0.0074,0.0074,0.0074,0.0074,0.0074,0.0074,0.0075,0.0075,0.0075,0.0075,0.0075,0.0077,0.0077,0.0077,0.0077,0.0077,0.0077,0.0077,0.0078,0.0078,0.0078,0.0079,0.0079,0.0079,0.0079,0.0079,0.0079,0.0081,0.0081,0.0081,0.0081,0.0081,0.0081,0.0081,0.0081,0.0082,0.0082,0.0082,0.0082,0.0082,0.0082,0.0082,0.0082,0.0082,0.0082,0.0082,0.0117,0.0117,0.0117,0.0117,0.0117,0.0122,0.0122,0.0122,0.0122,0.0122,0.0124,0.0124,0.0124,0.0124,0.0124,0.0124,0.0124,0.0124,0.0124,0.0124,0.0125,0.0125,0.0125,0.0125,0.0126,0.0126,0.0126,0.0126,0.0127,0.0127,0.0127,0.0127,0.0128,0.0128,0.0128,0.0129,0.0129,0.0129,0.0129,0.0129,0.0130,0.0130,0.0130,0.0130,0.0130,0.0130,0.0130,0.0130,0.0130,0.0130,0.0130,0.0130,0.0130,0.0130,0.0131,0.0131,0.0137,0.0137,0.0137,0.0139,0.0142,0.0142,0.0142,0.0142,0.0142,0.0142,0.0142,0.0142,0.0142,0.0153,0.0153,0.0153,0.0153,0.0153,0.0153,0.0153,0.0153,0.0153,0.0153,0.0153,0.0153,0.0154,0.0154,0.0154,0.0154,0.0154,0.0154,0.0154,0.0154,0.0154,0.0154,0.0154,0.0154,0.0154,0.0154,0.0154,0.0154,0.0154,0.0154,0.0154,0.0154,0.0154,0.0154,0.0154,0.0154,0.0154,0.0154,0.0154,0.0154,0.0154,0.0155,0.0155,0.0155,0.0155,0.0155,0.0155,0.0155,0.0155,0.0155,0.0155,0.0155,0.0155,0.0155,0.0155,0.0155,0.0155,0.0155,0.0155,0.0155,0.0155,0.0155,0.0155,0.0155,0.0155
45137.1250000,0.0045,0.0045,0.0045,0.0045,0.0045,0.0045,0.0045,0.0053,0.0053,0.0053,0.0053,0.0053,0.0053,0.0058,0.0058,0.0058,0.0059,0.0059,0.0059,0.0059,0.0059,0.0059,0.0059,0.0059,0.0059,0.0059,0.0059,0.0059,0.0060,0.0060,0.0060,0.0060,0.0060,0.0060,0.0060,0.0061,0.0061,0.0061,0.0061,0.0066,0.0066,0.0066,0.0066,0.0066,0.0066,0.0067,0.0067,0.0071,0.0072,0.0072,0.0072,0.0073,0.0073,0.0073,0.0073,0.0073,0.0074,0.0074,0.0074,0.0074,0.0074,0.0074,0.0074,0.0074,0.0075,0.0075,0.0075,0.0077,0.0077,0.0077,0.0077,0.0077,0.0077,0.0077,0.0077,0.0077,0.0077,0.0079,0.0079,0.0079,0.0079,0.0079,0.0079,0.0080,0.0080,0.0081,0.0081,0.0081,0.0081,0.0081,0.0081,0.0082,0.0082,0.0082,0.0082,0.0082,0.0082,0.0082,0.0082,0.0082,0.0082,0.0082,0.0117,0.0117,0.0117,0.0117,0.0117,0.0122,0.0122,0.0122,0.0122,0.0122,0.0123,0.0123,0.0124,0.0124,0.0124,0.0124,0.0124,0.0124,0.0124,0.0124,0.0125,0.0125,0.0125,0.0125,0.0125,0.0125,0.0125,0.0126,0.0126,0.0126,0.0126,0.0126,0.0126,0.0127,0.0127,0.0127,0.0127,0.0128,0.0128,0.0128,0.0128,0.0128,0.0128,0.0129,0.0129,0.0129,0.0129,0.0129,0.0130,0.0130,0.0130,0.0130,0.0130,0.0130,0.0130,0.0130,0.0137,0.0137,0.0137,0.0139,0.0142,0.0142,0.0142,0.0142,0.0142,0.0142,0.0142,0.0142,0.0142,0.0153,0.0153,0.0153,0.0153,0.0153,0.0153,0.0153,0.0153,0.0153,0.0153,0.0153,0.0153,0.0154,0.0154,0.0154,0.0154,0.0154,0.0154,0.0154,0.0154,0.0154,0.0154,0.0154,0.0154,0.0154,0.0154,0.0154,0.0154,0.0154,0.0154,0.0154,0.0154,0.0154,0.0154,0.0154,0.0154,0.0154,0.0154,0.0154,0.0154,0.0154,0.0154,0.0154,0.0154,0.0154,0.0154,0.0154,0.0154,0.0154,0.0154,0.0154,0.0154,0.0154,0.0154,0.0154,0.0154,0.0154,0.0155,0.0155,0.0155,0.0155,0.0155,0.0155,0.0155,0.0155
45137.1666667,0.0045,0.0045,0.0045,0.0045,0.0045,0.0045,0.0045,0.0053,0.0053,0.0053,0.0053,0.0053,0.0053,0.0058,0.0058,0.0058,0.0059,0.0059,0.0059,0.0059,0.0059,0.0059,0.0059,0.0059,0.0059,0.0059,0.0059,0.0059,0.0060,0.0060,0.0060,0.0060,0.0060,0.0060,0.0060,0.0060,0.0060,0.0060,0.0060,0.0065,0.0065,0.0065,0.0065,0.0065,0.0065,0.0065,0.0065,0.0069,0.0070,0.0070,0.0070,0.0071,0.0071,0.0071,0.0071,0.0072,0.0072,0.0072,0.0073,0.0073,0.0073,0.0073,0.0073,0.0074,0.0074,0.0074,0.0074,0.0076,0.0077,0.0077,0.0077,0.0077,0.0077,0.0077,0.0077,0.0077,0.0077,0.0079,0.0079,0.0079,0.0079,0.0079,0.0079,0.0080,0.0080,0.0080,0.0080,0.0080,0.0081,0.0081,0.0081,0.0081,0.0081,0.0081,0.0081,0.0082,0.0082,0.0082,0.0082,0.0082,0.0082,0.0082,0.0117,0.0117,0.0117,0.0117,0.0117,0.0122,0.0122,0.0122,0.0122,0.0122,0.0123,0.0123,0.0123,0.0124,0.0124,0.0124,0.0124,0.0124,0.0124,0.0124,0.0125,0.0125,0.0125,0.0125,0.0125,0.0125,0.0125,0.0126,0.0126,0.0126,0.0126,0.0126,0.0126,0.0126,0.0126,0.0126,0.0127,0.0127,0.0127,0.0127,0.0127,0.0127,0.0127,0.0127,0.0127,0.0128,0.0128,0.0128,0.0128,0.0128,0.0128,0.0129,0.0129,0.0129,0.0129,0.0129,0.0135,0.0135,0.0136,0.0138,0.0141,0.0141,0.0141,0.0141,0.0141,0.0141,0.0142,0.0142,0.0142,0.0153,0.0153,0.0153,0.0153,0.0153,0.0153,0.0153,0.0153,0.0153,0.0153,0.0153,0.0153,0.0154,0.0154,0.0154,0.0154,0.0154,0.0154,0.0154,0.0154,0.0154,0.0154,0.0154,0.0154,0.0154,0.0154,0.0154,0.0154,0.0154,0.0154,0.0154,0.0154,0.0154,0.0154,0.0154,0.0154,0.0154,0.0154,0.0154,0.0154,0.0154,0.0154,0.0154,0.0154,0.0154,0.0154,0.0154,0.0154,0.0154,0.0154,0.0154,0.0154,0.0154,0.0154,0.0154,0.0154,0.0154,0.0154,0.0154,0.0154,0.0154,0.0154,0.0154,0.0154,0.0154
45137.2083333,0.0045,0.0045,0.0045,0.0045,0.0045,0.0045,0.0045,0.0053,0.0053,0.0053,0.0053,0.0053,0.0053,0.0058,0.0058,0.0058,0.0059,0.0059,0.0059,0.0059,0.0059,0.0059,0.0059,0.0059,0.0059,0.0059,0.0059,0.0059,0.0060,0.0060,0.0060,0.0060,0.0060,0.0060,0.0060,0.0060,0.0060,0.0060,0.0060,0.0065,0.0065,0.0065,0.0065,0.0065,0.0065,0.0065,0.0065,0.0069,0.0069,0.0069,0.0069,0.0069,0.0070,0.0070,0.0070,0.0070,0.0070,0.0070,0.0071,0.0071,0.0071,0.0071,0.0071,0.0072,0.0072,0.0072,0.0072,0.0075,0.0076,0.0076,0.0076,0.0076,0.0076,0.0077,0.0077,0.0077,0.0077,0.0078,0.0078,0.0079,0.0079,0.0079,0.0079,0.0080,0.0080,0.0080,0.0080,0.0080,0.0080,0.0080,0.0080,0.0081,0.0081,0.0081,0.0081,0.0081,0.0081,0.0081,0.0081,0.0081,0.0081,0.0081,0.0117,0.0117,0.0117,0.0117,0.0117,0.0121,0.0121,0.0122,0.0122,0.0122,0.0123,0.0123,0.0123,0.0124,0.0124,0.0124,0.0124,0.0124,0.0124,0.0124,0.0125,0.0125,0.0125,0.0125,0.0125,0.0125,0.0125,0.0125,0.0125,0.0126,0.0126,0.0126,0.0126,0.0126,0.0126,0.0126,0.0127,0.0127,0.0127,0.0127,0.0127,0.0127,0.0127,0.0127,0.0127,0.0127,0.0127,0.0128,0.0128,0.0128,0.0128,0.0128,0.0128,0.0128,0.0128,0.0128,0.0134,0.0134,0.0134,0.0136,0.0139,0.0139,0.0140,0.0140,0.0140,0.0140,0.0140,0.0140,0.0141,0.0151,0.0151,0.0152,0.0152,0.0152,0.0152,0.0152,0.0152,0.0152,0.0153,0.0153,0.0153,0.0153,0.0153,0.0153,0.0153,0.0153,0.0153,0.0153,0.0153,0.0153,0.0153,0.0153,0.0154,0.0154,0.0154,0.0154,0.0154,0.0154,0.0154,0.0154,0.0154,0.0154,0.0154,0.0154,0.0154,0.0154,0.0154,0.0154,0.0154,0.0154,0.0154,0.0154,0.0154,0.0154,0.0154,0.0154,0.0154,0.0154,0.0154,0.0154,0.0154,0.0154,0.0154,0.0154,0.0154,0.0154,0.0154,0.0154,0.0154,0.0154,0.0154,0.0154,0.0154,0.0154
45137.2500000,0.0045,0.0045,0.0045,0.0045,0.0045,0.0045,0.0045,0.0053,0.0053,0.0053,0.0053,0.0053,0.0053,0.0058,0.0058,0.0058,0.0059,0.0059,0.0059,0.0059,0.0059,0.0059,0.0059,0.0059,0.0059,0.0059,0.0059,0.0059,0.0060,0.0060,0.0060,0.0060,0.0060,0.0060,0.0060,0.0060,0.0060,0.0060,0.0060,0.0065,0.0065,0.0065,0.0065,0.0065,0.0065,0.0065,0.0065,0.0069,0.0069,0.0069,0.0069,0.0069,0.0070,0.0070,0.0070,0.0070,0.0070,0.0070,0.0070,0.0070,0.0070,0.0071,0.0071,0.0071,0.0071,0.0071,0.0071,0.0073,0.0074,0.0074,0.0075,0.0075,0.0075,0.0076,0.0076,0.0076,0.0076,0.0077,0.0077,0.0078,0.0078,0.0078,0.0078,0.0079,0.0079,0.0079,0.0080,0.0080,0.0080,0.0080,0.0080,0.0081,0.0081,0.0081,0.0081,0.0081,0.0081,0.0081,0.0081,0.0081,0.0081,0.0081,0.0116,0.0117,0.0117,0.0117,0.0117,0.0121,0.0121,0.0122,0.0122,0.0122,0.0123,0.0123,0.0123,0.0123,0.0123,0.0123,0.0124,0.0124,0.0124,0.0124,0.0125,0.0125,0.0125,0.0125,0.0125,0.0125,0.0125,0.0125,0.0125,0.0125,0.0125,0.0125,0.0126,0.0126,0.0126,0.0126,0.0127,0.0127,0.0127,0.0127,0.0127,0.0127,0.0127,0.0127,0.0127,0.0127,0.0127,0.0127,0.0128,0.0128,0.0128,0.0128,0.0128,0.0128,0.0128,0.0128,0.0134,0.0134,0.0134,0.0136,0.0139,0.0139,0.0139,0.0139,0.0139,0.0139,0.0139,0.0140,0.0140,0.0150,0.0150,0.0151,0.0151,0.0151,0.0151,0.0151,0.0151,0.0151,0.0151,0.0151,0.0151,0.0152,0.0152,0.0152,0.0152,0.0152,0.0152,0.0152,0.0152,0.0152,0.0152,0.0152,0.0152,0.0153,0.0153,0.0153,0.0153,0.0153,0.0153,0.0153,0.0153,0.0153,0.0153,0.0153,0.0153,0.0153,0.0153,0.0153,0.0153,0.0153,0.0154,0.0154,0.0154,0.0154,0.0154,0.0154,0.0154,0.0154,0.0154,0.0154,0.0154,0.0154,0.0154,0.0154,0.0154,0.0154,0.0154,0.0154,0.0154,0.0154,0.0154,0.0154,0.0154,0.0154
45137.2916667,0.0045,0.0045,0.0045,0.0045,0.0045,0.0045,0.0045,0.0053,0.0053,0.0053,0.0053,0.0053,0.0053,0.0058,0.0058,0.0058,0.0059,0.0059,0.0059,0.0059,0.0059,0.0059,0.0059,0.0059,0.0059,0.0059,0.0059,0.0059,0.0060,0.0060,0.0060,0.0060,0.0060,0.0060,0.0060,0.0060,0.0060,0.0060,0.0060,0.0065,0.0065,0.0065,0.0065,0.0065,0.0065,0.0065,0.0065,0.0069,0.0069,0.0069,0.0069,0.0069,0.0070,0.0070,0.0070,0.0070,0.0070,0.0070,0.0070,0.0070,0.0070,0.0070,0.0071,0.0071,0.0071,0.0071,0.0071,0.0073,0.0073,0.0073,0.0073,0.0074,0.0074,0.0074,0.0074,0.0074,0.0074,0.0076,0.0076,0.0076,0.0076,0.0077,0.0077,0.0078,0.0078,0.0078,0.0078,0.0078,0.0078,0.0079,0.0079,0.0080,0.0080,0.0080,0.0080,0.0080,0.0080,0.0080,0.0080,0.0080,0.0080,0.0080,0.0116,0.0116,0.0116,0.0116,0.0116,0.0121,0.0121,0.0121,0.0121,0.0122,0.0123,0.0123,0.0123,0.0123,0.0123,0.0123,0.0123,0.0123,0.0123,0.0124,0.0124,0.0124,0.0124,0.0124,0.0125,0.0125,0.0125,0.0125,0.0125,0.0125,0.0125,0.0125,0.0126,0.0126,0.0126,0.0126,0.0126,0.0127,0.0127,0.0127,0.0127,0.0127,0.0127,0.0127,0.0127,0.0127,0.0127,0.0127,0.0127,0.0127,0.0127,0.0128,0.0128,0.0128,0.0128,0.0128,0.0134,0.0134,0.0134,0.0136,0.0139,0.0139,0.0139,0.0139,0.0139,0.0139,0.0139,0.0139,0.0139,0.0150,0.0150,0.0150,0.0150,0.0150,0.0150,0.0150,0.0151,0.0151,0.0151,0.0151,0.0151,0.0151,0.0151,0.0151,0.0151,0.0151,0.0151,0.0151,0.0151,0.0151,0.0151,0.0151,0.0151,0.0151,0.0151,0.0151,0.0152,0.0152,0.0152,0.0152,0.0152,0.0152,0.0152,0.0152,0.0152,0.0152,0.0152,0.0152,0.0152,0.0152,0.0152,0.0152,0.0152,0.0153,0.0153,0.0153,0.0153,0.0153,0.0153,0.0153,0.0153,0.0153,0.0153,0.0153,0.0153,0.0153,0.0153,0.0153,0.0154,0.0154,0.0154,0.0154,0.0154,0.0154
45137.3333333,0.0045,0.0045,0.0045,0.0045,0.0045,0.0045,0.0045,0.0053,0.0053,0.0053,0.0053,0.0053,0.0053,0.0058,0.0058,0.0058,0.0059,0.0059,0.0059,0.0059,0.0059,0.0059,0.0059,0.0059,0.0059,0.0059,0.0059,0.0059,0.0060,0.0060,0.0060,0.0060,0.0060,0.0060,0.0060,0.0060,0.0060,0.0060,0.0060,0.0065,0.0065,0.0065,0.0065,0.0065,0.0065,0.0065,0.0065,0.0069,0.0069,0.0069,0.0069,0.0069,0.0070,0.0070,0.0070,0.0070,0.0070,0.0070,0.0070,0.0070,0.0070,0.0070,0.0071,0.0071,0.0071,0.0071,0.0071,0.0073,0.0073,0.0073,0.0073,0.0073,0.0073,0.0073,0.0073,0.0073,0.0074,0.0075,0.0075,0.0075,0.0075,0.0075,0.0075,0.0077,0.0077,0.0077,0.0077,0.0077,0.0077,0.0077,0.0077,0.0078,0.0078,0.0078,0.0078,0.0079,0.0079,0.0079,0.0079,0.0079,0.0079,0.0079,0.0114,0.0114,0.0115,0.0115,0.0115,0.0120,0.0120,0.0120,0.0121,0.0121,0.0122,0.0122,0.0122,0.0122,0.0123,0.0123,0.0123,0.0123,0.0123,0.0123,0.0124,0.0124,0.0124,0.0124,0.0124,0.0125,0.0125,0.0125,0.0125,0.0125,0.0125,0.0125,0.0126,0.0126,0.0126,0.0126,0.0126,0.0126,0.0126,0.0126,0.0126,0.0127,0.0127,0.0127,0.0127,0.0127,0.0127,0.0127,0.0127,0.0127,0.0127,0.0127,0.0127,0.0127,0.0128,0.0128,0.0134,0.0134,0.0134,0.0136,0.0139,0.0139,0.0139,0.0139,0.0139,0.0139,0.0139,0.0139,0.0139,0.0150,0.0150,0.0150,0.0150,0.0150,0.0150,0.0150,0.0150,0.0150,0.0150,0.0150,0.0151,0.0151,0.0151,0.0151,0.0151,0.0151,0.0151,0.0151,0.0151,0.0151,0.0151,0.0151,0.0151,0.0151,0.0151,0.0151,0.0151,0.0151,0.0151,0.0151,0.0151,0.0151,0.0151,0.0151,0.0151,0.0151,0.0151,0.0151,0.0151,0.0151,0.0151,0.0151,0.0152,0.0152,0.0152,0.0152,0.0152,0.0152,0.0152,0.0152,0.0152,0.0152,0.0152,0.0152,0.0152,0.0152,0.0152,0.0152,0.0152,0.0152,0.0152,0.0152,0.0153,0.0153
45137.3750000,0.0045,0.0045,0.0045,0.0045,0.0045,0.0045,0.0045,0.0053,0.0053,0.0053,0.0053,0.0053,0.0053,0.0058,0.0058,0.0058,0.0059,0.0059,0.0059,0.0059,0.0059,0.0059,0.0059,0.0059,0.0059,0.0059,0.0059,0.0059,0.0060,0.0060,0.0060,0.0060,0.0060,0.0060,0.0060,0.0060,0.0060,0.0060,0.0060,0.0065,0.0065,0.0065,0.0065,0.0065,0.0065,0.0065,0.0065,0.0069,0.0069,0.0069,0.0069,0.0069,0.0070,0.0070,0.0070,0.0070,0.0070,0.0070,0.0070,0.0070,0.0070,0.0070,0.0071,0.0071,0.0071,0.0071,0.0071,0.0073,0.0073,0.0073,0.0073,0.0073,0.0073,0.0073,0.0073,0.0073,0.0073,0.0075,0.0075,0.0075,0.0075,0.0075,0.0075,0.0076,0.0076,0.0076,0.0076,0.0077,0.0077,0.0077,0.0077,0.0077,0.0077,0.0078,0.0078,0.0078,0.0078,0.0078,0.0078,0.0078,0.0078,0.0078,0.0113,0.0113,0.0113,0.0114,0.0114,0.0118,0.0118,0.0119,0.0119,0.0119,0.0121,0.0121,0.0121,0.0121,0.0121,0.0121,0.0122,0.0122,0.0122,0.0122,0.0123,0.0123,0.0123,0.0123,0.0124,0.0124,0.0124,0.0124,0.0124,0.0124,0.0125,0.0125,0.0125,0.0125,0.0125,0.0126,0.0126,0.0126,0.0126,0.0126,0.0126,0.0126,0.0126,0.0127,0.0127,0.0127,0.0127,0.0127,0.0127,0.0127,0.0127,0.0127,0.0127,0.0127,0.0127,0.0127,0.0134,0.0134,0.0134,0.0136,0.0138,0.0139,0.0139,0.0139,0.0139,0.0139,0.0139,0.0139,0.0139,0.0150,0.0150,0.0150,0.0150,0.0150,0.0150,0.0150,0.0150,0.0150,0.0150,0.0150,0.0150,0.0151,0.0151,0.0151,0.0151,0.0151,0.0151,0.0151,0.0151,0.0151,0.0151,0.0151,0.0151,0.0151,0.0151,0.0151,0.0151,0.0151,0.0151,0.0151,0.0151,0.0151,0.0151,0.0151,0.0151,0.0151,0.0151,0.0151,0.0151,0.0151,0.0151,0.0151,0.0151,0.0151,0.0151,0.0151,0.0151,0.0151,0.0151,0.0151,0.0151,0.0151,0.0151,0.0151,0.0151,0.0151,0.0152,0.0152,0.0152,0.0152,0.0152,0.0152,0.0152,0.0152
45137.4166667,0.0045,0.0045,0.0045,0.0045,0.0045,0.0045,0.0045,0.0053,0.0053,0.0053,0.0053,0.0053,0.0053,0.0058,0.0058,0.0058,0.0059,0.0059,0.0059,0.0059,0.0059,0.0059,0.0059,0.0059,0.0059,0.0059,0.0059,0.0059,0.0060,0.0060,0.0060,0.0060,0.0060,0.0060,0.0060,0.0060,0.0060,0.0060,0.0060,0.0065,0.0065,0.0065,0.0065,0.0065,0.0065,0.0065,0.0065,0.0069,0.0069,0.0069,0.0069,0.0069,0.0070,0.0070,0.0070,0.0070,0.0070,0.0070,0.0070,0.0070,0.0070,0.0070,0.0071,0.0071,0.0071,0.0071,0.0071,0.0073,0.0073,0.0073,0.0073,0.0073,0.0073,0.0073,0.0073,0.0073,0.0073,0.0074,0.0074,0.0075,0.0075,0.0075,0.0075,0.0076,0.0076,0.0076,0.0076,0.0076,0.0076,0.0076,0.0076,0.0077,0.0077,0.0077,0.0077,0.0077,0.0077,0.0077,0.0077,0.0077,0.0077,0.0077,0.0113,0.0113,0.0113,0.0113,0.0113,0.0118,0.0118,0.0118,0.0118,0.0118,0.0119,0.0120,0.0120,0.0120,0.0120,0.0120,0.0120,0.0120,0.0121,0.0121,0.0121,0.0122,0.0122,0.0122,0.0122,0.0123,0.0123,0.0123,0.0123,0.0123,0.0123,0.0123,0.0124,0.0124,0.0125,0.0125,0.0125,0.0125,0.0125,0.0126,0.0126,0.0126,0.0126,0.0126,0.0126,0.0126,0.0127,0.0127,0.0127,0.0127,0.0127,0.0127,0.0127,0.0127,0.0127,0.0127,0.0133,0.0133,0.0133,0.0135,0.0138,0.0138,0.0139,0.0139,0.0139,0.0139,0.0139,0.0139,0.0139,0.0150,0.0150,0.0150,0.0150,0.0150,0.0150,0.0150,0.0150,0.0150,0.0150,0.0150,0.0150,0.0150,0.0151,0.0151,0.0151,0.0151,0.0151,0.0151,0.0151,0.0151,0.0151,0.0151,0.0151,0.0151,0.0151,0.0151,0.0151,0.0151,0.0151,0.0151,0.0151,0.0151,0.0151,0.0151,0.0151,0.0151,0.0151,0.0151,0.0151,0.0151,0.0151,0.0151,0.0151,0.0151,0.0151,0.0151,0.0151,0.0151,0.0151,0.0151,0.0151,0.0151,0.0151,0.0151,0.0151,0.0151,0.0151,0.0151,0.0151,0.0151,0.0151,0.0151,0.0151,0.0151
45137.4583333,0.0045,0.0045,0.0045,0.0045,0.0045,0.0045,0.0045,0.0053,0.0053,0.0053,0.0053,0.0053,0.0053,0.0058,0.0058,0.0058,0.0059,0.0059,0.0059,0.0059,0.0059,0.0059,0.0059,0.0059,0.0059,0.0059,0.0059,0.0059,0.0060,0.0060,0.0060,0.0060,0.0060,0.0060,0.0060,0.0060,0.0060,0.0060,0.0060,0.0065,0.0065,0.0065,0.0065,0.0065,0.0065,0.0065,0.0065,0.0069,0.0069,0.0069,0.0069,0.0069,0.0070,0.0070,0.0070,0.0070,0.0070,0.0070,0.0070,0.0070,0.0070,0.0070,0.0071,0.0071,0.0071,0.0071,0.0071,0.0073,0.0073,0.0073,0.0073,0.0073,0.0073,0.0073,0.0073,0.0073,0.0073,0.0074,0.0074,0.0075,0.0075,0.0075,0.0075,0.0076,0.0076,0.0076,0.0076,0.0076,0.0076,0.0076,0.0076,0.0077,0.0077,0.0077,0.0077,0.0077,0.0077,0.0077,0.0077,0.0077,0.0077,0.0077,0.0113,0.0113,0.0113,0.0113,0.0113,0.0117,0.0117,0.0118,0.0118,0.0118,0.0119,0.0119,0.0119,0.0119,0.0119,0.0120,0.0120,0.0120,0.0120,0.0120,0.0121,0.0121,0.0121,0.0121,0.0121,0.0122,0.0122,0.0122,0.0122,0.0122,0.0122,0.0122,0.0123,0.0123,0.0123,0.0123,0.0124,0.0124,0.0124,0.0124,0.0125,0.0125,0.0125,0.0125,0.0125,0.0125,0.0126,0.0126,0.0126,0.0126,0.0126,0.0126,0.0126,0.0126,0.0127,0.0127,0.0133,0.0133,0.0133,0.0135,0.0138,0.0138,0.0138,0.0138,0.0138,0.0138,0.0139,0.0139,0.0139,0.0149,0.0149,0.0150,0.0150,0.0150,0.0150,0.0150,0.0150,0.0150,0.0150,0.0150,0.0150,0.0150,0.0150,0.0150,0.0150,0.0150,0.0150,0.0150,0.0150,0.0150,0.0150,0.0151,0.0151,0.0151,0.0151,0.0151,0.0151,0.0151,0.0151,0.0151,0.0151,0.0151,0.0151,0.0151,0.0151,0.0151,0.0151,0.0151,0.0151,0.0151,0.0151,0.0151,0.0151,0.0151,0.0151,0.0151,0.0151,0.0151,0.0151,0.0151,0.0151,0.0151,0.0151,0.0151,0.0151,0.0151,0.0151,0.0151,0.0151,0.0151,0.0151,0.0151,0.0151,0.0151
45137.5000000,0.0045,0.0045,0.0045,0.0045,0.0045,0.0045,0.0045,0.0053,0.0053,0.0053,0.0053,0.0053,0.0053,0.0058,0.0058,0.0058,0.0059,0.0059,0.0059,0.0059,0.0059,0.0059,0.0059,0.0059,0.0059,0.0059,0.0059,0.0059,0.0060,0.0060,0.0060,0.0060,0.0060,0.0060,0.0060,0.0060,0.0060,0.0060,0.0060,0.0065,0.0065,0.0065,0.0065,0.0065,0.0065,0.0065,0.0065,0.0069,0.0069,0.0069,0.0069,0.0069,0.0070,0.0070,0.0070,0.0070,0.0070,0.0070,0.0070,0.0070,0.0070,0.0070,0.0071,0.0071,0.0071,0.0071,0.0071,0.0073,0.0073,0.0073,0.0073,0.0073,0.0073,0.0073,0.0073,0.0073,0.0073,0.0074,0.0074,0.0075,0.0075,0.0075,0.0075,0.0076,0.0076,0.0076,0.0076,0.0076,0.0076,0.0076,0.0076,0.0077,0.0077,0.0077,0.0077,0.0077,0.0077,0.0077,0.0077,0.0077,0.0077,0.0077,0.0113,0.0113,0.0113,0.0113,0.0113,0.0117,0.0117,0.0117,0.0118,0.0118,0.0119,0.0119,0.0119,0.0119,0.0119,0.0119,0.0119,0.0120,0.0120,0.0120,0.0120,0.0120,0.0120,0.0121,0.0121,0.0121,0.0121,0.0121,0.0121,0.0121,0.0121,0.0121,0.0122,0.0122,0.0122,0.0122,0.0123,0.0123,0.0123,0.0123,0.0123,0.0123,0.0124,0.0124,0.0124,0.0124,0.0124,0.0124,0.0125,0.0125,0.0125,0.0125,0.0125,0.0125,0.0126,0.0126,0.0132,0.0132,0.0132,0.0134,0.0137,0.0137,0.0137,0.0137,0.0137,0.0138,0.0138,0.0138,0.0138,0.0149,0.0149,0.0149,0.0149,0.0149,0.0149,0.0150,0.0150,0.0150,0.0150,0.0150,0.0150,0.0150,0.0150,0.0150,0.0150,0.0150,0.0150,0.0150,0.0150,0.0150,0.0150,0.0150,0.0150,0.0150,0.0150,0.0150,0.0150,0.0150,0.0150,0.0150,0.0150,0.0151,0.0151,0.0151,0.0151,0.0151,0.0151,0.0151,0.0151,0.0151,0.0151,0.0151,0.0151,0.0151,0.0151,0.0151,0.0151,0.0151,0.0151,0.0151,0.0151,0.0151,0.0151,0.0151,0.0151,0.0151,0.0151,0.0151,0.0151,0.0151,0.0151,0.0151,0.0151,0.0151
45137.5416667,0.0045,0.0045,0.0045,0.0045,0.0045,0.0045,0.0045,0.0053,0.0053,0.0053,0.0053,0.0053,0.0053,0.0058,0.0058,0.0058,0.0059,0.0059,0.0059,0.0059,0.0059,0.0059,0.0059,0.0059,0.0059,0.0059,0.0059,0.0059,0.0060,0.0060,0.0060,0.0060,0.0060,0.0060,0.0060,0.0060,0.0060,0.0060,0.0060,0.0065,0.0065,0.0065,0.0065,0.0065,0.0065,0.0065,0.0065,0.0069,0.0069,0.0069,0.0069,0.0069,0.0070,0.0070,0.0070,0.0070,0.0070,0.0070,0.0070,0.0070,0.0070,0.0070,0.0071,0.0071,0.0071,0.0071,0.0071,0.0073,0.0073,0.0073,0.0073,0.0073,0.0073,0.0073,0.0073,0.0073,0.0073,0.0074,0.0074,0.0075,0.0075,0.0075,0.0075,0.0076,0.0076,0.0076,0.0076,0.0076,0.0076,0.0076,0.0076,0.0077,0.0077,0.0077,0.0077,0.0077,0.0077,0.0077,0.0077,0.0077,0.0077,0.0077,0.0113,0.0113,0.0113,0.0113,0.0113,0.0117,0.0117,0.0117,0.0118,0.0118,0.0119,0.0119,0.0119,0.0119,0.0119,0.0119,0.0119,0.0119,0.0120,0.0120,0.0120,0.0120,0.0120,0.0120,0.0120,0.0121,0.0121,0.0121,0.0121,0.0121,0.0121,0.0121,0.0122,0.0122,0.0122,0.0122,0.0122,0.0122,0.0122,0.0123,0.0123,0.0123,0.0123,0.0123,0.0123,0.0123,0.0123,0.0123,0.0124,0.0124,0.0124,0.0124,0.0124,0.0124,0.0124,0.0124,0.0131,0.0131,0.0131,0.0133,0.0136,0.0136,0.0136,0.0136,0.0136,0.0136,0.0137,0.0137,0.0137,0.0148,0.0148,0.0148,0.0148,0.0149,0.0149,0.0149,0.0149,0.0149,0.0149,0.0149,0.0149,0.0149,0.0149,0.0149,0.0149,0.0150,0.0150,0.0150,0.0150,0.0150,0.0150,0.0150,0.0150,0.0150,0.0150,0.0150,0.0150,0.0150,0.0150,0.0150,0.0150,0.0150,0.0150,0.0150,0.0150,0.0150,0.0150,0.0150,0.0150,0.0150,0.0150,0.0150,0.0151,0.0151,0.0151,0.0151,0.0151,0.0151,0.0151,0.0151,0.0151,0.0151,0.0151,0.0151,0.0151,0.0151,0.0151,0.0151,0.0151,0.0151,0.0151,0.0151,0.0151,0.0151
45137.5833333,0.0045,0.0045,0.0045,0.0045,0.0045,0.0045,0.0045,0.0053,0.0053,0.0053,0.0053,0.0053,0.0053,0.0058,0.0058,0.0058,0.0059,0.0059,0.0059,0.0059,0.0059,0.0059,0.0059,0.0059,0.0059,0.0059,0.0059,0.0059,0.0060,0.0060,0.0060,0.0060,0.0060,0.0060,0.0060,0.0060,0.0060,0.0060,0.0060,0.0065,0.0065,0.0065,0.0065,0.0065,0.0065,0.0065,0.0065,0.0069,0.0069,0.0069,0.0069,0.0069,0.0070,0.0070,0.0070,0.0070,0.0070,0.0070,0.0070,0.0070,0.0070,0.0070,0.0071,0.0071,0.0071,0.0071,0.0071,0.0073,0.0073,0.0073,0.0073,0.0073,0.0073,0.0073,0.0073,0.0073,0.0073,0.0074,0.0074,0.0075,0.0075,0.0075,0.0075,0.0076,0.0076,0.0076,0.0076,0.0076,0.0076,0.0076,0.0076,0.0077,0.0077,0.0077,0.0077,0.0077,0.0077,0.0077,0.0077,0.0077,0.0077,0.0077,0.0113,0.0113,0.0113,0.0113,0.0113,0.0117,0.0117,0.0117,0.0118,0.0118,0.0119,0.0119,0.0119,0.0119,0.0119,0.0119,0.0119,0.0119,0.0119,0.0120,0.0120,0.0120,0.0120,0.0120,0.0120,0.0121,0.0121,0.0121,0.0121,0.0121,0.0121,0.0121,0.0122,0.0122,0.0122,0.0122,0.0122,0.0122,0.0122,0.0122,0.0122,0.0122,0.0123,0.0123,0.0123,0.0123,0.0123,0.0123,0.0123,0.0123,0.0123,0.0123,0.0123,0.0123,0.0124,0.0124,0.0130,0.0130,0.0130,0.0132,0.0135,0.0135,0.0135,0.0135,0.0135,0.0135,0.0136,0.0136,0.0136,0.0147,0.0147,0.0147,0.0147,0.0147,0.0147,0.0148,0.0148,0.0148,0.0148,0.0148,0.0148,0.0148,0.0148,0.0148,0.0148,0.0148,0.0148,0.0149,0.0149,0.0149,0.0149,0.0149,0.0149,0.0149,0.0149,0.0149,0.0149,0.0149,0.0149,0.0149,0.0149,0.0149,0.0149,0.0150,0.0150,0.0150,0.0150,0.0150,0.0150,0.0150,0.0150,0.0150,0.0150,0.0150,0.0150,0.0150,0.0150,0.0150,0.0150,0.0150,0.0150,0.0150,0.0150,0.0150,0.0150,0.0150,0.0151,0.0151,0.0151,0.0151,0.0151,0.0151,0.0151,0.0151
45137.6250000,0.0045,0.0045,0.0045,0.0045,0.0045,0.0045,0.0045,0.0053,0.0053,0.0053,0.0053,0.0053,0.0053,0.0058,0.0058,0.0058,0.0059,0.0059,0.0059,0.0059,0.0059,0.0059,0.0059,0.0059,0.0059,0.0059,0.0059,0.0059,0.0060,0.0060,0.0060,0.0060,0.0060,0.0060,0.0060,0.0060,0.0060,0.0060,0.0060,0.0065,0.0065,0.0065,0.0065,0.0065,0.0065,0.0065,0.0065,0.0069,0.0069,0.0069,0.0069,0.0069,0.0070,0.0070,0.0070,0.0070,0.0070,0.0070,0.0070,0.0070,0.0070,0.0070,0.0071,0.0071,0.0071,0.0071,0.0071,0.0073,0.0073,0.0073,0.0073,0.0073,0.0073,0.0073,0.0073,0.0073,0.0073,0.0074,0.0074,0.0075,0.0075,0.0075,0.0075,0.0076,0.0076,0.0076,0.0076,0.0076,0.0076,0.0076,0.0076,0.0077,0.0077,0.0077,0.0077,0.0077,0.0077,0.0077,0.0077,0.0077,0.0077,0.0077,0.0113,0.0113,0.0113,0.0113,0.0113,0.0117,0.0117,0.0117,0.0118,0.0118,0.0119,0.0119,0.0119,0.0119,0.0119,0.0119,0.0119,0.0119,0.0119,0.0120,0.0120,0.0120,0.0120,0.0120,0.0120,0.0121,0.0121,0.0121,0.0121,0.0121,0.0121,0.0121,0.0122,0.0122,0.0122,0.0122,0.0122,0.0122,0.0122,0.0122,0.0122,0.0122,0.0123,0.0123,0.0123,0.0123,0.0123,0.0123,0.0123,0.0123,0.0123,0.0123,0.0123,0.0123,0.0123,0.0123,0.0129,0.0129,0.0130,0.0132,0.0134,0.0134,0.0135,0.0135,0.0135,0.0135,0.0135,0.0135,0.0135,0.0146,0.0146,0.0146,0.0146,0.0146,0.0146,0.0147,0.0147,0.0147,0.0147,0.0147,0.0147,0.0147,0.0147,0.0147,0.0147,0.0147,0.0147,0.0147,0.0147,0.0148,0.0148,0.0148,0.0148,0.0148,0.0148,0.0148,0.0148,0.0148,0.0148,0.0148,0.0148,0.0148,0.0148,0.0148,0.0148,0.0148,0.0149,0.0149,0.0149,0.0149,0.0149,0.0149,0.0149,0.0149,0.0149,0.0149,0.0149,0.0149,0.0149,0.0149,0.0149,0.0149,0.0150,0.0150,0.0150,0.0150,0.0150,0.0150,0.0150,0.0150,0.0150,0.0150,0.0150,0.0150
45137.6666667,0.0045,0.0045,0.0045,0.0045,0.0045,0.0045,0.0045,0.0053,0.0053,0.0053,0.0053,0.0053,0.0053,0.0058,0.0058,0.0058,0.0059,0.0059,0.0059,0.0059,0.0059,0.0059,0.0059,0.0059,0.0059,0.0059,0.0059,0.0059,0.0060,0.0060,0.0060,0.0060,0.0060,0.0060,0.0060,0.0060,0.0060,0.0060,0.0060,0.0065,0.0065,0.0065,0.0065,0.0065,0.0065,0.0065,0.0065,0.0069,0.0069,0.0069,0.0069,0.0069,0.0070,0.0070,0.0070,0.0070,0.0070,0.0070,0.0070,0.0070,0.0070,0.0070,0.0071,0.0071,0.0071,0.0071,0.0071,0.0073,0.0073,0.0073,0.0073,0.0073,0.0073,0.0073,0.0073,0.0073,0.0073,0.0074,0.0074,0.0075,0.0075,0.0075,0.0075,0.0076,0.0076,0.0076,0.0076,0.0076,0.0076,0.0076,0.0076,0.0077,0.0077,0.0077,0.0077,0.0077,0.0077,0.0077,0.0077,0.0077,0.0077,0.0077,0.0113,0.0113,0.0113,0.0113,0.0113,0.0117,0.0117,0.0117,0.0118,0.0118,0.0119,0.0119,0.0119,0.0119,0.0119,0.0119,0.0119,0.0119,0.0119,0.0120,0.0120,0.0120,0.0120,0.0120,0.0120,0.0121,0.0121,0.0121,0.0121,0.0121,0.0121,0.0121,0.0122,0.0122,0.0122,0.0122,0.0122,0.0122,0.0122,0.0122,0.0122,0.0122,0.0123,0.0123,0.0123,0.0123,0.0123,0.0123,0.0123,0.0123,0.0123,0.0123,0.0123,0.0123,0.0123,0.0123,0.0129,0.0129,0.0129,0.0131,0.0134,0.0134,0.0135,0.0135,0.0135,0.0135,0.0135,0.0135,0.0135,0.0145,0.0146,0.0146,0.0146,0.0146,0.0146,0.0146,0.0146,0.0146,0.0146,0.0146,0.0146,0.0146,0.0146,0.0147,0.0147,0.0147,0.0147,0.0147,0.0147,0.0147,0.0147,0.0147,0.0147,0.0147,0.0147,0.0147,0.0147,0.0147,0.0147,0.0147,0.0147,0.0147,0.0147,0.0147,0.0147,0.0147,0.0147,0.0148,0.0148,0.0148,0.0148,0.0148,0.0148,0.0148,0.0148,0.0148,0.0148,0.0148,0.0148,0.0148,0.0148,0.0148,0.0148,0.0148,0.0149,0.0149,0.0149,0.0149,0.0149,0.0149,0.0149,0.0149,0.0149,0.0149
45137.7083333,0.0045,0.0045,0.0045,0.0045,0.0045,0.0045,0.0045,0.0053,0.0053,0.0053,0.0053,0.0053,0.0053,0.0058,0.0058,0.0058,0.0059,0.0059,0.0059,0.0059,0.0059,0.0059,0.0059,0.0059,0.0059,0.0059,0.0059,0.0059,0.0060,0.0060,0.0060,0.0060,0.0060,0.0060,0.0060,0.0060,0.0060,0.0060,0.0060,0.0065,0.0065,0.0065,0.0065,0.0065,0.0065,0.0065,0.0065,0.0069,0.0069,0.0069,0.0069,0.0069,0.0070,0.0070,0.0070,0.0070,0.0070,0.0070,0.0070,0.0070,0.0070,0.0070,0.0071,0.0071,0.0071,0.0071,0.0071,0.0073,0.0073,0.0073,0.0073,0.0073,0.0073,0.0073,0.0073,0.0073,0.0073,0.0074,0.0074,0.0075,0.0075,0.0075,0.0075,0.0076,0.0076,0.0076,0.0076,0.0076,0.0076,0.0076,0.0076,0.0077,0.0077,0.0077,0.0077,0.0077,0.0077,0.0077,0.0077,0.0077,0.0077,0.0077,0.0113,0.0113,0.0113,0.0113,0.0113,0.0117,0.0117,0.0117,0.0118,0.0118,0.0119,0.0119,0.0119,0.0119,0.0119,0.0119,0.0119,0.0119,0.0119,0.0120,0.0120,0.0120,0.0120,0.0120,0.0120,0.0121,0.0121,0.0121,0.0121,0.0121,0.0121,0.0121,0.0122,0.0122,0.0122,0.0122,0.0122,0.0122,0.0122,0.0122,0.0122,0.0122,0.0123,0.0123,0.0123,0.0123,0.0123,0.0123,0.0123,0.0123,0.0123,0.0123,0.0123,0.0123,0.0123,0.0123,0.0129,0.0129,0.0129,0.0131,0.0134,0.0134,0.0135,0.0135,0.0135,0.0135,0.0135,0.0135,0.0135,0.0145,0.0146,0.0146,0.0146,0.0146,0.0146,0.0146,0.0146,0.0146,0.0146,0.0146,0.0146,0.0146,0.0146,0.0146,0.0146,0.0146,0.0146,0.0146,0.0146,0.0146,0.0146,0.0146,0.0146,0.0146,0.0146,0.0147,0.0147,0.0147,0.0147,0.0147,0.0147,0.0147,0.0147,0.0147,0.0147,0.0147,0.0147,0.0147,0.0147,0.0147,0.0147,0.0147,0.0147,0.0147,0.0147,0.0147,0.0147,0.0147,0.0147,0.0147,0.0147,0.0147,0.0147,0.0147,0.0148,0.0148,0.0148,0.0148,0.0148,0.0148,0.0148,0.0148,0.0148,0.0148
45137.7500000,0.0045,0.0045,0.0045,0.0045,0.0045,0.0045,0.0045,0.0053,0.0053,0.0053,0.0053,0.0053,0.0053,0.0058,0.0058,0.0058,0.0059,0.0059,0.0059,0.0059,0.0059,0.0059,0.0059,0.0059,0.0059,0.0059,0.0059,0.0059,0.0060,0.0060,0.0060,0.0060,0.0060,0.0060,0.0060,0.0060,0.0060,0.0060,0.0060,0.0065,0.0065,0.0065,0.0065,0.0065,0.0065,0.0065,0.0065,0.0069,0.0069,0.0069,0.0069,0.0069,0.0070,0.0070,0.0070,0.0070,0.0070,0.0070,0.0070,0.0070,0.0070,0.0070,0.0071,0.0071,0.0071,0.0071,0.0071,0.0073,0.0073,0.0073,0.0073,0.0073,0.0073,0.0073,0.0073,0.0073,0.0073,0.0074,0.0074,0.0075,0.0075,0.0075,0.0075,0.0076,0.0076,0.0076,0.0076,0.0076,0.0076,0.0076,0.0076,0.0077,0.0077,0.0077,0.0077,0.0077,0.0077,0.0077,0.0077,0.0077,0.0077,0.0077,0.0113,0.0113,0.0113,0.0113,0.0113,0.0117,0.0117,0.0117,0.0118,0.0118,0.0119,0.0119,0.0119,0.0119,0.0119,0.0119,0.0119,0.0119,0.0119,0.0120,0.0120,0.0120,0.0120,0.0120,0.0120,0.0121,0.0121,0.0121,0.0121,0.0121,0.0121,0.0121,0.0122,0.0122,0.0122,0.0122,0.0122,0.0122,0.0122,0.0122,0.0122,0.0122,0.0123,0.0123,0.0123,0.0123,0.0123,0.0123,0.0123,0.0123,0.0123,0.0123,0.0123,0.0123,0.0123,0.0123,0.0129,0.0129,0.0129,0.0131,0.0134,0.0134,0.0134,0.0135,0.0135,0.0135,0.0135,0.0135,0.0135,0.0145,0.0146,0.0146,0.0146,0.0146,0.0146,0.0146,0.0146,0.0146,0.0146,0.0146,0.0146,0.0146,0.0146,0.0146,0.0146,0.0146,0.0146,0.0146,0.0146,0.0146,0.0146,0.0146,0.0146,0.0146,0.0146,0.0146,0.0146,0.0146,0.0146,0.0146,0.0146,0.0146,0.0146,0.0147,0.0147,0.0147,0.0147,0.0147,0.0147,0.0147,0.0147,0.0147,0.0147,0.0147,0.0147,0.0147,0.0147,0.0147,0.0147,0.0147,0.0147,0.0147,0.0147,0.0147,0.0147,0.0147,0.0147,0.0147,0.0147,0.0147,0.0147,0.0147,0.0147,0.0147
45137.7916667,0.0045,0.0045,0.0045,0.0045,0.0045,0.0045,0.0045,0.0053,0.0053,0.0053,0.0053,0.0053,0.0053,0.0058,0.0058,0.0058,0.0059,0.0059,0.0059,0.0059,0.0059,0.0059,0.0059,0.0059,0.0059,0.0059,0.0059,0.0059,0.0060,0.0060,0.0060,0.0060,0.0060,0.0060,0.0060,0.0060,0.0060,0.0060,0.0060,0.0065,0.0065,0.0065,0.0065,0.0065,0.0065,0.0065,0.0065,0.0069,0.0069,0.0069,0.0069,0.0069,0.0070,0.0070,0.0070,0.0070,0.0070,0.0070,0.0070,0.0070,0.0070,0.0070,0.0071,0.0071,0.0071,0.0071,0.0071,0.0073,0.0073,0.0073,0.0073,0.0073,0.0073,0.0073,0.0073,0.0073,0.0073,0.0074,0.0074,0.0075,0.0075,0.0075,0.0075,0.0076,0.0076,0.0076,0.0076,0.0076,0.0076,0.0076,0.0076,0.0077,0.0077,0.0077,0.0077,0.0077,0.0077,0.0077,0.0077,0.0077,0.0077,0.0077,0.0113,0.0113,0.0113,0.0113,0.0113,0.0117,0.0117,0.0117,0.0118,0.0118,0.0119,0.0119,0.0119,0.0119,0.0119,0.0119,0.0119,0.0119,0.0119,0.0120,0.0120,0.0120,0.0120,0.0120,0.0120,0.0121,0.0121,0.0121,0.0121,0.0121,0.0121,0.0121,0.0122,0.0122,0.0122,0.0122,0.0122,0.0122,0.0122,0.0122,0.0122,0.0122,0.0123,0.0123,0.0123,0.0123,0.0123,0.0123,0.0123,0.0123,0.0123,0.0123,0.0123,0.0123,0.0123,0.0123,0.0129,0.0129,0.0129,0.0131,0.0134,0.0134,0.0134,0.0135,0.0135,0.0135,0.0135,0.0135,0.0135,0.0145,0.0146,0.0146,0.0146,0.0146,0.0146,0.0146,0.0146,0.0146,0.0146,0.0146,0.0146,0.0146,0.0146,0.0146,0.0146,0.0146,0.0146,0.0146,0.0146,0.0146,0.0146,0.0146,0.0146,0.0146,0.0146,0.0146,0.0146,0.0146,0.0146,0.0146,0.0146,0.0146,0.0146,0.0146,0.0146,0.0146,0.0146,0.0147,0.0147,0.0147,0.0147,0.0147,0.0147,0.0147,0.0147,0.0147,0.0147,0.0147,0.0147,0.0147,0.0147,0.0147,0.0147,0.0147,0.0147,0.0147,0.0147,0.0147,0.0147,0.0147,0.0147,0.0147,0.0147,0.0147
45137.8333333,0.0045,0.0045,0.0045,0.0045,0.0045,0.0045,0.0045,0.0053,0.0053,0.0053,0.0053,0.0053,0.0053,0.0058,0.0058,0.0058,0.0059,0.0059,0.0059,0.0059,0.0059,0.0059,0.0059,0.0059,0.0059,0.0059,0.0059,0.0059,0.0060,0.0060,0.0060,0.0060,0.0060,0.0060,0.0060,0.0060,0.0060,0.0060,0.0060,0.0065,0.0065,0.0065,0.0065,0.0065,0.0065,0.0065,0.0065,0.0069,0.0069,0.0069,0.0069,0.0069,0.0070,0.0070,0.0070,0.0070,0.0070,0.0070,0.0070,0.0070,0.0070,0.0070,0.0071,0.0071,0.0071,0.0071,0.0071,0.0073,0.0073,0.0073,0.0073,0.0073,0.0073,0.0073,0.0073,0.0073,0.0073,0.0074,0.0074,0.0075,0.0075,0.0075,0.0075,0.0076,0.0076,0.0076,0.0076,0.0076,0.0076,0.0076,0.0076,0.0077,0.0077,0.0077,0.0077,0.0077,0.0077,0.0077,0.0077,0.0077,0.0077,0.0077,0.0113,0.0113,0.0113,0.0113,0.0113,0.0117,0.0117,0.0117,0.0118,0.0118,0.0119,0.0119,0.0119,0.0119,0.0119,0.0119,0.0119,0.0119,0.0119,0.0120,0.0120,0.0120,0.0120,0.0120,0.0120,0.0121,0.0121,0.0121,0.0121,0.0121,0.0121,0.0121,0.0122,0.0122,0.0122,0.0122,0.0122,0.0122,0.0122,0.0122,0.0122,0.0122,0.0123,0.0123,0.0123,0.0123,0.0123,0.0123,0.0123,0.0123,0.0123,0.0123,0.0123,0.0123,0.0123,0.0123,0.0129,0.0129,0.0129,0.0131,0.0134,0.0134,0.0134,0.0135,0.0135,0.0135,0.0135,0.0135,0.0135,0.0145,0.0146,0.0146,0.0146,0.0146,0.0146,0.0146,0.0146,0.0146,0.0146,0.0146,0.0146,0.0146,0.0146,0.0146,0.0146,0.0146,0.0146,0.0146,0.0146,0.0146,0.0146,0.0146,0.0146,0.0146,0.0146,0.0146,0.0146,0.0146,0.0146,0.0146,0.0146,0.0146,0.0146,0.0146,0.0146,0.0146,0.0146,0.0146,0.0147,0.0147,0.0147,0.0147,0.0147,0.0147,0.0147,0.0147,0.0147,0.0147,0.0147,0.0147,0.0147,0.0147,0.0147,0.0147,0.0147,0.0147,0.0147,0.0147,0.0147,0.0147,0.0147,0.0147,0.0147,0.0147
45137.8750000,0.0045,0.0045,0.0045,0.0045,0.0045,0.0045,0.0045,0.0053,0.0053,0.0053,0.0053,0.0053,0.0053,0.0058,0.0058,0.0058,0.0059,0.0059,0.0059,0.0059,0.0059,0.0059,0.0059,0.0059,0.0059,0.0059,0.0059,0.0059,0.0060,0.0060,0.0060,0.0060,0.0060,0.0060,0.0060,0.0060,0.0060,0.0060,0.0060,0.0065,0.0065,0.0065,0.0065,0.0065,0.0065,0.0065,0.0065,0.0069,0.0069,0.0069,0.0069,0.0069,0.0070,0.0070,0.0070,0.0070,0.0070,0.0070,0.0070,0.0070,0.0070,0.0070,0.0071,0.0071,0.0071,0.0071,0.0071,0.0073,0.0073,0.0073,0.0073,0.0073,0.0073,0.0073,0.0073,0.0073,0.0073,0.0074,0.0074,0.0075,0.0075,0.0075,0.0075,0.0076,0.0076,0.0076,0.0076,0.0076,0.0076,0.0076,0.0076,0.0077,0.0077,0.0077,0.0077,0.0077,0.0077,0.0077,0.0077,0.0077,0.0077,0.0077,0.0113,0.0113,0.0113,0.0113,0.0113,0.0117,0.0117,0.0117,0.0118,0.0118,0.0119,0.0119,0.0119,0.0119,0.0119,0.0119,0.0119,0.0119,0.0119,0.0120,0.0120,0.0120,0.0120,0.0120,0.0120,0.0121,0.0121,0.0121,0.0121,0.0121,0.0121,0.0121,0.0122,0.0122,0.0122,0.0122,0.0122,0.0122,0.0122,0.0122,0.0122,0.0122,0.0123,0.0123,0.0123,0.0123,0.0123,0.0123,0.0123,0.0123,0.0123,0.0123,0.0123,0.0123,0.0123,0.0123,0.0129,0.0129,0.0129,0.0131,0.0134,0.0134,0.0134,0.0135,0.0135,0.0135,0.0135,0.0135,0.0135,0.0145,0.0146,0.0146,0.0146,0.0146,0.0146,0.0146,0.0146,0.0146,0.0146,0.0146,0.0146,0.0146,0.0146,0.0146,0.0146,0.0146,0.0146,0.0146,0.0146,0.0146,0.0146,0.0146,0.0146,0.0146,0.0146,0.0146,0.0146,0.0146,0.0146,0.0146,0.0146,0.0146,0.0146,0.0146,0.0146,0.0146,0.0146,0.0146,0.0146,0.0147,0.0147,0.0147,0.0147,0.0147,0.0147,0.0147,0.0147,0.0147,0.0147,0.0147,0.0147,0.0147,0.0147,0.0147,0.0147,0.0147,0.0147,0.0147,0.0147,0.0147,0.0147,0.0147,0.0147,0.0147
45137.9166667,0.0045,0.0045,0.0045,0.0045,0.0045,0.0045,0.0045,0.0053,0.0053,0.0053,0.0053,0.0053,0.0053,0.0058,0.0058,0.0058,0.0059,0.0059,0.0059,0.0059,0.0059,0.0059,0.0059,0.0059,0.0059,0.0059,0.0059,0.0059,0.0060,0.0060,0.0060,0.0060,0.0060,0.0060,0.0060,0.0060,0.0060,0.0060,0.0060,0.0065,0.0065,0.0065,0.0065,0.0065,0.0065,0.0065,0.0065,0.0069,0.0069,0.0069,0.0069,0.0069,0.0070,0.0070,0.0070,0.0070,0.0070,0.0070,0.0070,0.0070,0.0070,0.0070,0.0071,0.0071,0.0071,0.0071,0.0071,0.0073,0.0073,0.0073,0.0073,0.0073,0.0073,0.0073,0.0073,0.0073,0.0073,0.0074,0.0074,0.0075,0.0075,0.0075,0.0075,0.0076,0.0076,0.0076,0.0076,0.0076,0.0076,0.0076,0.0076,0.0077,0.0077,0.0077,0.0077,0.0077,0.0077,0.0077,0.0077,0.0077,0.0077,0.0077,0.0113,0.0113,0.0113,0.0113,0.0113,0.0117,0.0117,0.0117,0.0118,0.0118,0.0119,0.0119,0.0119,0.0119,0.0119,0.0119,0.0119,0.0119,0.0119,0.0120,0.0120,0.0120,0.0120,0.0120,0.0120,0.0121,0.0121,0.0121,0.0121,0.0121,0.0121,0.0121,0.0122,0.0122,0.0122,0.0122,0.0122,0.0122,0.0122,0.0122,0.0122,0.0122,0.0123,0.0123,0.0123,0.0123,0.0123,0.0123,0.0123,0.0123,0.0123,0.0123,0.0123,0.0123,0.0123,0.0123,0.0129,0.0129,0.0129,0.0131,0.0134,0.0134,0.0134,0.0135,0.0135,0.0135,0.0135,0.0135,0.0135,0.0145,0.0146,0.0146,0.0146,0.0146,0.0146,0.0146,0.0146,0.0146,0.0146,0.0146,0.0146,0.0146,0.0146,0.0146,0.0146,0.0146,0.0146,0.0146,0.0146,0.0146,0.0146,0.0146,0.0146,0.0146,0.0146,0.0146,0.0146,0.0146,0.0146,0.0146,0.0146,0.0146,0.0146,0.0146,0.0146,0.0146,0.0146,0.0146,0.0146,0.0147,0.0147,0.0147,0.0147,0.0147,0.0147,0.0147,0.0147,0.0147,0.0147,0.0147,0.0147,0.0147,0.0147,0.0147,0.0147,0.0147,0.0147,0.0147,0.0147,0.0147,0.0147,0.0147,0.0147,0.0147
45137.9583333,0.0045,0.0045,0.0045,0.0045,0.0045,0.0045,0.0045,0.0053,0.0053,0.0053,0.0053,0.0053,0.0053,0.0058,0.0058,0.0058,0.0059,0.0059,0.0059,0.0059,0.0059,0.0059,0.0059,0.0059,0.0059,0.0059,0.0059,0.0059,0.0060,0.0060,0.0060,0.0060,0.0060,0.0060,0.0060,0.0060,0.0060,0.0060,0.0060,0.0065,0.0065,0.0065,0.0065,0.0065,0.0065,0.0065,0.0065,0.0069,0.0069,0.0069,0.0069,0.0069,0.0070,0.0070,0.0070,0.0070,0.0070,0.0070,0.0070,0.0070,0.0070,0.0070,0.0071,0.0071,0.0071,0.0071,0.0071,0.0073,0.0073,0.0073,0.0073,0.0073,0.0073,0.0073,0.0073,0.0073,0.0073,0.0074,0.0074,0.0075,0.0075,0.0075,0.0075,0.0076,0.0076,0.0076,0.0076,0.0076,0.0076,0.0076,0.0076,0.0077,0.0077,0.0077,0.0077,0.0077,0.0077,0.0077,0.0077,0.0077,0.0077,0.0077,0.0113,0.0113,0.0113,0.0113,0.0113,0.0117,0.0117,0.0117,0.0118,0.0118,0.0119,0.0119,0.0119,0.0119,0.0119,0.0119,0.0119,0.0119,0.0119,0.0120,0.0120,0.0120,0.0120,0.0120,0.0120,0.0121,0.0121,0.0121,0.0121,0.0121,0.0121,0.0121,0.0122,0.0122,0.0122,0.0122,0.0122,0.0122,0.0122,0.0122,0.0122,0.0122,0.0123,0.0123,0.0123,0.0123,0.0123,0.0123,0.0123,0.0123,0.0123,0.0123,0.0123,0.0123,0.0123,0.0123,0.0129,0.0129,0.0129,0.0131,0.0134,0.0134,0.0134,0.0135,0.0135,0.0135,0.0135,0.0135,0.0135,0.0145,0.0146,0.0146,0.0146,0.0146,0.0146,0.0146,0.0146,0.0146,0.0146,0.0146,0.0146,0.0146,0.0146,0.0146,0.0146,0.0146,0.0146,0.0146,0.0146,0.0146,0.0146,0.0146,0.0146,0.0146,0.0146,0.0146,0.0146,0.0146,0.0146,0.0146,0.0146,0.0146,0.0146,0.0146,0.0146,0.0146,0.0146,0.0146,0.0146,0.0147,0.0147,0.0147,0.0147,0.0147,0.0147,0.0147,0.0147,0.0147,0.0147,0.0147,0.0147,0.0147,0.0147,0.0147,0.0147,0.0147,0.0147,0.0147,0.0147,0.0147,0.0147,0.0147,0.0147,0.0147
45138.0000000,0.0041,0.0041,0.0041,0.0041,0.0042,0.0042,0.0042,0.0050,0.0050,0.0050,0.0051,0.0051,0.0051,0.0057,0.0057,0.0057,0.0058,0.0058,0.0058,0.0058,0.0059,0.0059,0.0059,0.0059,0.0059,0.0059,0.0059,0.0059,0.0060,0.0060,0.0060,0.0060,0.0060,0.0060,0.0060,0.0060,0.0060,0.0060,0.0060,0.0064,0.0064,0.0064,0.0064,0.0064,0.0064,0.0065,0.0065,0.0068,0.0068,0.0068,0.0069,0.0069,0.0069,0.0070,0.0070,0.0070,0.0070,0.0070,0.0070,0.0070,0.0070,0.0070,0.0071,0.0071,0.0071,0.0071,0.0071,0.0072,0.0073,0.0073,0.0073,0.0073,0.0073,0.0073,0.0073,0.0073,0.0073,0.0074,0.0074,0.0075,0.0075,0.0075,0.0075,0.0076,0.0076,0.0076,0.0076,0.0076,0.0076,0.0076,0.0076,0.0077,0.0077,0.0077,0.0077,0.0077,0.0077,0.0077,0.0077,0.0077,0.0077,0.0077,0.0110,0.0110,0.0110,0.0110,0.0111,0.0115,0.0115,0.0116,0.0117,0.0117,0.0118,0.0118,0.0119,0.0119,0.0119,0.0119,0.0119,0.0119,0.0119,0.0119,0.0120,0.0120,0.0120,0.0120,0.0120,0.0121,0.0121,0.0121,0.0121,0.0121,0.0121,0.0121,0.0122,0.0122,0.0122,0.0122,0.0122,0.0122,0.0122,0.0122,0.0122,0.0122,0.0123,0.0123,0.0123,0.0123,0.0123,0.0123,0.0123,0.0123,0.0123,0.0123,0.0123,0.0123,0.0123,0.0123,0.0129,0.0129,0.0129,0.0131,0.0134,0.0134,0.0134,0.0134,0.0134,0.0134,0.0134,0.0135,0.0135,0.0144,0.0145,0.0145,0.0145,0.0145,0.0145,0.0145,0.0145,0.0146,0.0146,0.0146,0.0146,0.0146,0.0146,0.0146,0.0146,0.0146,0.0146,0.0146,0.0146,0.0146,0.0146,0.0146,0.0146,0.0146,0.0146,0.0146,0.0146,0.0146,0.0146,0.0146,0.0146,0.0146,0.0146,0.0146,0.0146,0.0146,0.0146,0.0146,0.0146,0.0147,0.0147,0.0147,0.0147,0.0147,0.0147,0.0147,0.0147,0.0147,0.0147,0.0147,0.0147,0.0147,0.0147,0.0147,0.0147,0.0147,0.0147,0.0147,0.0147,0.0147,0.0147,0.0147,0.0147,0.0147
45138.0416667,0.0041,0.0041,0.0041,0.0041,0.0041,0.0041,0.0041,0.0048,0.0048,0.0048,0.0048,0.0048,0.0048,0.0053,0.0053,0.0054,0.0054,0.0054,0.0055,0.0055,0.0056,0.0056,0.0056,0.0057,0.0057,0.0057,0.0058,0.0058,0.0059,0.0059,0.0059,0.0060,0.0060,0.0060,0.0060,0.0060,0.0060,0.0060,0.0060,0.0064,0.0064,0.0064,0.0064,0.0064,0.0064,0.0064,0.0064,0.0068,0.0068,0.0068,0.0069,0.0069,0.0069,0.0069,0.0069,0.0069,0.0069,0.0069,0.0070,0.0070,0.0070,0.0070,0.0070,0.0070,0.0070,0.0070,0.0071,0.0072,0.0072,0.0073,0.0073,0.0073,0.0073,0.0073,0.0073,0.0073,0.0073,0.0074,0.0074,0.0075,0.0075,0.0075,0.0075,0.0076,0.0076,0.0076,0.0076,0.0076,0.0076,0.0076,0.0076,0.0077,0.0077,0.0077,0.0077,0.0077,0.0077,0.0077,0.0077,0.0077,0.0077,0.0077,0.0109,0.0109,0.0109,0.0109,0.0109,0.0114,0.0114,0.0114,0.0114,0.0114,0.0116,0.0116,0.0116,0.0116,0.0116,0.0117,0.0117,0.0117,0.0117,0.0118,0.0119,0.0119,0.0119,0.0120,0.0120,0.0120,0.0120,0.0121,0.0121,0.0121,0.0121,0.0121,0.0122,0.0122,0.0122,0.0122,0.0122,0.0122,0.0122,0.0122,0.0122,0.0122,0.0123,0.0123,0.0123,0.0123,0.0123,0.0123,0.0123,0.0123,0.0123,0.0123,0.0123,0.0123,0.0123,0.0123,0.0129,0.0129,0.0129,0.0131,0.0133,0.0134,0.0134,0.0134,0.0134,0.0134,0.0134,0.0134,0.0134,0.0144,0.0144,0.0144,0.0144,0.0144,0.0144,0.0144,0.0144,0.0145,0.0145,0.0145,0.0145,0.0145,0.0145,0.0145,0.0145,0.0145,0.0145,0.0145,0.0145,0.0145,0.0145,0.0146,0.0146,0.0146,0.0146,0.0146,0.0146,0.0146,0.0146,0.0146,0.0146,0.0146,0.0146,0.0146,0.0146,0.0146,0.0146,0.0146,0.0146,0.0146,0.0146,0.0146,0.0146,0.0147,0.0147,0.0147,0.0147,0.0147,0.0147,0.0147,0.0147,0.0147,0.0147,0.0147,0.0147,0.0147,0.0147,0.0147,0.0147,0.0147,0.0147,0.0147,0.0147,0.0147
45138.0833333,0.0041,0.0041,0.0041,0.0041,0.0041,0.0041,0.0041,0.0048,0.0048,0.0048,0.0048,0.0048,0.0048,0.0053,0.0053,0.0053,0.0053,0.0053,0.0053,0.0053,0.0054,0.0054,0.0054,0.0054,0.0054,0.0054,0.0054,0.0055,0.0055,0.0056,0.0056,0.0057,0.0057,0.0058,0.0058,0.0059,0.0059,0.0059,0.0060,0.0063,0.0064,0.0064,0.0064,0.0064,0.0064,0.0064,0.0064,0.0068,0.0068,0.0068,0.0069,0.0069,0.0069,0.0069,0.0069,0.0069,0.0069,0.0069,0.0070,0.0070,0.0070,0.0070,0.0070,0.0070,0.0070,0.0070,0.0070,0.0072,0.0072,0.0072,0.0072,0.0073,0.0073,0.0073,0.0073,0.0073,0.0073,0.0074,0.0074,0.0074,0.0075,0.0075,0.0075,0.0076,0.0076,0.0076,0.0076,0.0076,0.0076,0.0076,0.0076,0.0077,0.0077,0.0077,0.0077,0.0077,0.0077,0.0077,0.0077,0.0077,0.0077,0.0077,0.0109,0.0109,0.0109,0.0109,0.0109,0.0113,0.0114,0.0114,0.0114,0.0114,0.0115,0.0115,0.0115,0.0115,0.0116,0.0116,0.0116,0.0116,0.0116,0.0116,0.0117,0.0117,0.0117,0.0117,0.0117,0.0118,0.0118,0.0118,0.0119,0.0119,0.0119,0.0119,0.0120,0.0120,0.0121,0.0121,0.0121,0.0122,0.0122,0.0122,0.0122,0.0122,0.0122,0.0122,0.0122,0.0123,0.0123,0.0123,0.0123,0.0123,0.0123,0.0123,0.0123,0.0123,0.0123,0.0123,0.0129,0.0129,0.0129,0.0131,0.0133,0.0134,0.0134,0.0134,0.0134,0.0134,0.0134,0.0134,0.0134,0.0144,0.0144,0.0144,0.0144,0.0144,0.0144,0.0144,0.0144,0.0144,0.0144,0.0144,0.0144,0.0144,0.0145,0.0145,0.0145,0.0145,0.0145,0.0145,0.0145,0.0145,0.0145,0.0145,0.0145,0.0145,0.0145,0.0145,0.0145,0.0145,0.0145,0.0145,0.0145,0.0145,0.0145,0.0145,0.0145,0.0145,0.0145,0.0145,0.0145,0.0146,0.0146,0.0146,0.0146,0.0146,0.0146,0.0146,0.0146,0.0146,0.0146,0.0146,0.0146,0.0146,0.0146,0.0146,0.0146,0.0146,0.0146,0.0146,0.0147,0.0147,0.0147,0.0147,0.0147,0.0147
45138.1250000,0.0041,0.0041,0.0041,0.0041,0.0041,0.0041,0.0041,0.0048,0.0048,0.0048,0.0048,0.0048,0.0048,0.0053,0.0053,0.0053,0.0053,0.0053,0.0053,0.0053,0.0053,0.0054,0.0054,0.0054,0.0054,0.0054,0.0054,0.0054,0.0054,0.0055,0.0055,0.0055,0.0055,0.0055,0.0055,0.0056,0.0056,0.0056,0.0057,0.0061,0.0061,0.0061,0.0061,0.0061,0.0062,0.0062,0.0063,0.0067,0.0067,0.0067,0.0068,0.0068,0.0068,0.0069,0.0069,0.0069,0.0069,0.0069,0.0070,0.0070,0.0070,0.0070,0.0070,0.0070,0.0070,0.0070,0.0070,0.0072,0.0072,0.0072,0.0072,0.0072,0.0072,0.0072,0.0072,0.0073,0.0073,0.0074,0.0074,0.0074,0.0074,0.0074,0.0075,0.0076,0.0076,0.0076,0.0076,0.0076,0.0076,0.0076,0.0076,0.0077,0.0077,0.0077,0.0077,0.0077,0.0077,0.0077,0.0077,0.0077,0.0077,0.0077,0.0109,0.0109,0.0109,0.0109,0.0109,0.0113,0.0113,0.0114,0.0114,0.0114,0.0115,0.0115,0.0115,0.0115,0.0115,0.0116,0.0116,0.0116,0.0116,0.0116,0.0117,0.0117,0.0117,0.0117,0.0117,0.0117,0.0117,0.0117,0.0117,0.0117,0.0117,0.0117,0.0118,0.0118,0.0118,0.0119,0.0119,0.0119,0.0120,0.0120,0.0120,0.0120,0.0121,0.0121,0.0121,0.0121,0.0122,0.0122,0.0122,0.0122,0.0122,0.0123,0.0123,0.0123,0.0123,0.0123,0.0129,0.0129,0.0129,0.0131,0.0133,0.0133,0.0134,0.0134,0.0134,0.0134,0.0134,0.0134,0.0134,0.0144,0.0144,0.0144,0.0144,0.0144,0.0144,0.0144,0.0144,0.0144,0.0144,0.0144,0.0144,0.0144,0.0144,0.0144,0.0144,0.0144,0.0145,0.0145,0.0145,0.0145,0.0145,0.0145,0.0145,0.0145,0.0145,0.0145,0.0145,0.0145,0.0145,0.0145,0.0145,0.0145,0.0145,0.0145,0.0145,0.0145,0.0145,0.0145,0.0145,0.0145,0.0145,0.0145,0.0145,0.0145,0.0145,0.0145,0.0145,0.0145,0.0145,0.0145,0.0145,0.0145,0.0145,0.0145,0.0145,0.0145,0.0146,0.0146,0.0146,0.0146,0.0146,0.0146,0.0146,0.0146
45138.1666667,0.0041,0.0041,0.0041,0.0041,0.0041,0.0041,0.0041,0.0048,0.0048,0.0048,0.0048,0.0048,0.0048,0.0053,0.0053,0.0053,0.0053,0.0053,0.0053,0.0053,0.0053,0.0054,0.0054,0.0054,0.0054,0.0054,0.0054,0.0054,0.0054,0.0055,0.0055,0.0055,0.0055,0.0055,0.0055,0.0055,0.0055,0.0055,0.0055,0.0059,0.0059,0.0059,0.0059,0.0059,0.0059,0.0060,0.0060,0.0064,0.0064,0.0064,0.0065,0.0065,0.0066,0.0066,0.0066,0.0067,0.0067,0.0067,0.0068,0.0068,0.0068,0.0069,0.0069,0.0069,0.0069,0.0069,0.0069,0.0071,0.0072,0.0072,0.0072,0.0072,0.0072,0.0072,0.0072,0.0072,0.0072,0.0074,0.0074,0.0074,0.0074,0.0074,0.0074,0.0075,0.0075,0.0075,0.0075,0.0076,0.0076,0.0076,0.0076,0.0076,0.0077,0.0077,0.0077,0.0077,0.0077,0.0077,0.0077,0.0077,0.0077,0.0077,0.0109,0.0109,0.0109,0.0109,0.0109,0.0113,0.0113,0.0113,0.0114,0.0114,0.0115,0.0115,0.0115,0.0115,0.0115,0.0115,0.0116,0.0116,0.0116,0.0116,0.0116,0.0117,0.0117,0.0117,0.0117,0.0117,0.0117,0.0117,0.0117,0.0117,0.0117,0.0117,0.0118,0.0118,0.0118,0.0118,0.0118,0.0119,0.0119,0.0119,0.0119,0.0119,0.0119,0.0119,0.0119,0.0120,0.0120,0.0120,0.0120,0.0120,0.0120,0.0121,0.0121,0.0121,0.0121,0.0121,0.0127,0.0127,0.0127,0.0129,0.0132,0.0132,0.0133,0.0133,0.0133,0.0133,0.0133,0.0134,0.0134,0.0143,0.0144,0.0144,0.0144,0.0144,0.0144,0.0144,0.0144,0.0144,0.0144,0.0144,0.0144,0.0144,0.0144,0.0144,0.0144,0.0144,0.0144,0.0145,0.0145,0.0145,0.0145,0.0145,0.0145,0.0145,0.0145,0.0145,0.0145,0.0145,0.0145,0.0145,0.0145,0.0145,0.0145,0.0145,0.0145,0.0145,0.0145,0.0145,0.0145,0.0145,0.0145,0.0145,0.0145,0.0145,0.0145,0.0145,0.0145,0.0145,0.0145,0.0145,0.0145,0.0145,0.0145,0.0145,0.0145,0.0145,0.0145,0.0145,0.0145,0.0145,0.0145,0.0145,0.0145,0.0145
45138.2083333,0.0041,0.0041,0.0041,0.0041,0.0041,0.0041,0.0041,0.0048,0.0048,0.0048,0.0048,0.0048,0.0048,0.0053,0.0053,0.0053,0.0053,0.0053,0.0053,0.0053,0.0053,0.0054,0.0054,0.0054,0.0054,0.0054,0.0054,0.0054,0.0054,0.0055,0.0055,0.0055,0.0055,0.0055,0.0055,0.0055,0.0055,0.0055,0.0055,0.0059,0.0059,0.0059,0.0059,0.0059,0.0059,0.0059,0.0059,0.0063,0.0063,0.0063,0.0064,0.0064,0.0064,0.0064,0.0064,0.0064,0.0065,0.0065,0.0065,0.0066,0.0066,0.0066,0.0066,0.0066,0.0067,0.0067,0.0067,0.0069,0.0071,0.0071,0.0071,0.0071,0.0072,0.0072,0.0072,0.0072,0.0072,0.0073,0.0073,0.0074,0.0074,0.0074,0.0074,0.0075,0.0075,0.0075,0.0075,0.0075,0.0075,0.0075,0.0075,0.0076,0.0076,0.0076,0.0076,0.0076,0.0076,0.0076,0.0076,0.0076,0.0077,0.0077,0.0109,0.0109,0.0109,0.0109,0.0109,0.0113,0.0113,0.0113,0.0113,0.0114,0.0115,0.0115,0.0115,0.0115,0.0115,0.0115,0.0115,0.0115,0.0115,0.0115,0.0116,0.0116,0.0116,0.0116,0.0117,0.0117,0.0117,0.0117,0.0117,0.0117,0.0117,0.0117,0.0118,0.0118,0.0118,0.0118,0.0118,0.0118,0.0118,0.0119,0.0119,0.0119,0.0119,0.0119,0.0119,0.0119,0.0119,0.0119,0.0119,0.0119,0.0119,0.0120,0.0120,0.0120,0.0120,0.0120,0.0125,0.0126,0.0126,0.0127,0.0130,0.0130,0.0131,0.0131,0.0131,0.0131,0.0131,0.0132,0.0132,0.0142,0.0142,0.0142,0.0143,0.0143,0.0143,0.0143,0.0143,0.0143,0.0143,0.0143,0.0144,0.0144,0.0144,0.0144,0.0144,0.0144,0.0144,0.0144,0.0144,0.0144,0.0144,0.0144,0.0144,0.0144,0.0144,0.0144,0.0145,0.0145,0.0145,0.0145,0.0145,0.0145,0.0145,0.0145,0.0145,0.0145,0.0145,0.0145,0.0145,0.0145,0.0145,0.0145,0.0145,0.0145,0.0145,0.0145,0.0145,0.0145,0.0145,0.0145,0.0145,0.0145,0.0145,0.0145,0.0145,0.0145,0.0145,0.0145,0.0145,0.0145,0.0145,0.0145,0.0145,0.0145
45138.2500000,0.0041,0.0041,0.0041,0.0041,0.0041,0.0041,0.0041,0.0048,0.0048,0.0048,0.0048,0.0048,0.0048,0.0053,0.0053,0.0053,0.0053,0.0053,0.0053,0.0053,0.0053,0.0054,0.0054,0.0054,0.0054,0.0054,0.0054,0.0054,0.0054,0.0055,0.0055,0.0055,0.0055,0.0055,0.0055,0.0055,0.0055,0.0055,0.0055,0.0059,0.0059,0.0059,0.0059,0.0059,0.0059,0.0059,0.0059,0.0063,0.0063,0.0063,0.0063,0.0063,0.0064,0.0064,0.0064,0.0064,0.0064,0.0064,0.0064,0.0065,0.0065,0.0065,0.0065,0.0065,0.0065,0.0065,0.0065,0.0067,0.0068,0.0069,0.0069,0.0070,0.0070,0.0071,0.0071,0.0071,0.0071,0.0072,0.0073,0.0073,0.0073,0.0073,0.0073,0.0074,0.0074,0.0075,0.0075,0.0075,0.0075,0.0075,0.0075,0.0076,0.0076,0.0076,0.0076,0.0076,0.0076,0.0076,0.0076,0.0076,0.0076,0.0076,0.0108,0.0108,0.0108,0.0109,0.0109,0.0113,0.0113,0.0113,0.0113,0.0113,0.0114,0.0114,0.0115,0.0115,0.0115,0.0115,0.0115,0.0115,0.0115,0.0115,0.0116,0.0116,0.0116,0.0116,0.0116,0.0117,0.0117,0.0117,0.0117,0.0117,0.0117,0.0117,0.0118,0.0118,0.0118,0.0118,0.0118,0.0118,0.0118,0.0118,0.0118,0.0118,0.0119,0.0119,0.0119,0.0119,0.0119,0.0119,0.0119,0.0119,0.0119,0.0119,0.0119,0.0119,0.0120,0.0120,0.0125,0.0125,0.0125,0.0127,0.0130,0.0130,0.0130,0.0130,0.0130,0.0130,0.0130,0.0131,0.0131,0.0140,0.0141,0.0141,0.0141,0.0141,0.0141,0.0141,0.0142,0.0142,0.0142,0.0142,0.0142,0.0142,0.0142,0.0142,0.0142,0.0142,0.0143,0.0143,0.0143,0.0143,0.0143,0.0143,0.0143,0.0143,0.0143,0.0143,0.0143,0.0144,0.0144,0.0144,0.0144,0.0144,0.0144,0.0144,0.0144,0.0144,0.0144,0.0144,0.0144,0.0144,0.0144,0.0144,0.0144,0.0145,0.0145,0.0145,0.0145,0.0145,0.0145,0.0145,0.0145,0.0145,0.0145,0.0145,0.0145,0.0145,0.0145,0.0145,0.0145,0.0145,0.0145,0.0145,0.0145,0.0145
45138.2916667,0.0041,0.0041,0.0041,0.0041,0.0041,0.0041,0.0041,0.0048,0.0048,0.0048,0.0048,0.0048,0.0048,0.0053,0.0053,0.0053,0.0053,0.0053,0.0053,0.0053,0.0053,0.0054,0.0054,0.0054,0.0054,0.0054,0.0054,0.0054,0.0054,0.0055,0.0055,0.0055,0.0055,0.0055,0.0055,0.0055,0.0055,0.0055,0.0055,0.0059,0.0059,0.0059,0.0059,0.0059,0.0059,0.0059,0.0059,0.0063,0.0063,0.0063,0.0063,0.0063,0.0064,0.0064,0.0064,0.0064,0.0064,0.0064,0.0064,0.0064,0.0064,0.0064,0.0065,0.0065,0.0065,0.0065,0.0065,0.0067,0.0067,0.0067,0.0068,0.0068,0.0068,0.0069,0.0069,0.0069,0.0069,0.0070,0.0071,0.0071,0.0071,0.0071,0.0071,0.0072,0.0073,0.0073,0.0073,0.0073,0.0073,0.0073,0.0074,0.0074,0.0075,0.0075,0.0075,0.0075,0.0075,0.0075,0.0075,0.0075,0.0075,0.0076,0.0108,0.0108,0.0108,0.0108,0.0108,0.0112,0.0112,0.0113,0.0113,0.0113,0.0114,0.0114,0.0114,0.0114,0.0115,0.0115,0.0115,0.0115,0.0115,0.0115,0.0116,0.0116,0.0116,0.0116,0.0116,0.0116,0.0116,0.0117,0.0117,0.0117,0.0117,0.0117,0.0117,0.0117,0.0117,0.0118,0.0118,0.0118,0.0118,0.0118,0.0118,0.0118,0.0118,0.0119,0.0119,0.0119,0.0119,0.0119,0.0119,0.0119,0.0119,0.0119,0.0119,0.0119,0.0119,0.0119,0.0125,0.0125,0.0125,0.0127,0.0130,0.0130,0.0130,0.0130,0.0130,0.0130,0.0130,0.0130,0.0130,0.0140,0.0140,0.0140,0.0140,0.0140,0.0140,0.0140,0.0141,0.0141,0.0141,0.0141,0.0141,0.0141,0.0141,0.0141,0.0141,0.0141,0.0141,0.0141,0.0141,0.0141,0.0141,0.0141,0.0142,0.0142,0.0142,0.0142,0.0142,0.0142,0.0142,0.0142,0.0142,0.0142,0.0142,0.0142,0.0142,0.0143,0.0143,0.0143,0.0143,0.0143,0.0143,0.0143,0.0143,0.0143,0.0143,0.0143,0.0143,0.0144,0.0144,0.0144,0.0144,0.0144,0.0144,0.0144,0.0144,0.0144,0.0144,0.0144,0.0144,0.0144,0.0144,0.0145,0.0145,0.0145
45138.3333333,0.0041,0.0041,0.0041,0.0041,0.0041,0.0041,0.0041,0.0048,0.0048,0.0048,0.0048,0.0048,0.0048,0.0053,0.0053,0.0053,0.0053,0.0053,0.0053,0.0053,0.0053,0.0054,0.0054,0.0054,0.0054,0.0054,0.0054,0.0054,0.0054,0.0055,0.0055,0.0055,0.0055,0.0055,0.0055,0.0055,0.0055,0.0055,0.0055,0.0059,0.0059,0.0059,0.0059,0.0059,0.0059,0.0059,0.0059,0.0063,0.0063,0.0063,0.0063,0.0063,0.0064,0.0064,0.0064,0.0064,0.0064,0.0064,0.0064,0.0064,0.0064,0.0064,0.0065,0.0065,0.0065,0.0065,0.0065,0.0066,0.0067,0.0067,0.0067,0.0067,0.0067,0.0067,0.0067,0.0068,0.0068,0.0069,0.0069,0.0069,0.0069,0.0070,0.0070,0.0071,0.0071,0.0071,0.0071,0.0071,0.0071,0.0072,0.0072,0.0073,0.0073,0.0073,0.0073,0.0073,0.0073,0.0073,0.0073,0.0073,0.0074,0.0074,0.0106,0.0106,0.0106,0.0106,0.0107,0.0111,0.0111,0.0112,0.0112,0.0112,0.0113,0.0113,0.0114,0.0114,0.0114,0.0114,0.0114,0.0114,0.0114,0.0115,0.0115,0.0115,0.0116,0.0116,0.0116,0.0116,0.0116,0.0116,0.0116,0.0116,0.0116,0.0116,0.0117,0.0117,0.0117,0.0117,0.0118,0.0118,0.0118,0.0118,0.0118,0.0118,0.0118,0.0118,0.0118,0.0119,0.0119,0.0119,0.0119,0.0119,0.0119,0.0119,0.0119,0.0119,0.0119,0.0119,0.0125,0.0125,0.0125,0.0127,0.0130,0.0130,0.0130,0.0130,0.0130,0.0130,0.0130,0.0130,0.0130,0.0140,0.0140,0.0140,0.0140,0.0140,0.0140,0.0140,0.0140,0.0140,0.0140,0.0140,0.0140,0.0141,0.0141,0.0141,0.0141,0.0141,0.0141,0.0141,0.0141,0.0141,0.0141,0.0141,0.0141,0.0141,0.0141,0.0141,0.0141,0.0141,0.0141,0.0141,0.0141,0.0141,0.0141,0.0141,0.0141,0.0141,0.0141,0.0141,0.0141,0.0142,0.0142,0.0142,0.0142,0.0142,0.0142,0.0142,0.0142,0.0142,0.0142,0.0142,0.0142,0.0142,0.0142,0.0142,0.0142,0.0143,0.0143,0.0143,0.0143,0.0143,0.0143,0.0143,0.0143,0.0143
45138.3750000,0.0041,0.0041,0.0041,0.0041,0.0041,0.0041,0.0041,0.0048,0.0048,0.0048,0.0048,0.0048,0.0048,0.0053,0.0053,0.0053,0.0053,0.0053,0.0053,0.0053,0.0053,0.0054,0.0054,0.0054,0.0054,0.0054,0.0054,0.0054,0.0054,0.0055,0.0055,0.0055,0.0055,0.0055,0.0055,0.0055,0.0055,0.0055,0.0055,0.0059,0.0059,0.0059,0.0059,0.0059,0.0059,0.0059,0.0059,0.0063,0.0063,0.0063,0.0063,0.0063,0.0064,0.0064,0.0064,0.0064,0.0064,0.0064,0.0064,0.0064,0.0064,0.0064,0.0065,0.0065,0.0065,0.0065,0.0065,0.0066,0.0067,0.0067,0.0067,0.0067,0.0067,0.0067,0.0067,0.0067,0.0067,0.0068,0.0068,0.0069,0.0069,0.0069,0.0069,0.0070,0.0070,0.0070,0.0070,0.0070,0.0070,0.0070,0.0071,0.0071,0.0071,0.0072,0.0072,0.0072,0.0072,0.0072,0.0072,0.0072,0.0072,0.0072,0.0104,0.0104,0.0104,0.0105,0.0105,0.0109,0.0109,0.0110,0.0110,0.0110,0.0112,0.0112,0.0112,0.0112,0.0112,0.0113,0.0113,0.0113,0.0113,0.0113,0.0114,0.0114,0.0115,0.0115,0.0115,0.0115,0.0116,0.0116,0.0116,0.0116,0.0116,0.0116,0.0117,0.0117,0.0117,0.0117,0.0117,0.0117,0.0118,0.0118,0.0118,0.0118,0.0118,0.0118,0.0118,0.0118,0.0118,0.0118,0.0118,0.0119,0.0119,0.0119,0.0119,0.0119,0.0119,0.0119,0.0125,0.0125,0.0125,0.0126,0.0129,0.0129,0.0130,0.0130,0.0130,0.0130,0.0130,0.0130,0.0130,0.0140,0.0140,0.0140,0.0140,0.0140,0.0140,0.0140,0.0140,0.0140,0.0140,0.0140,0.0140,0.0141,0.0141,0.0141,0.0141,0.0141,0.0141,0.0141,0.0141,0.0141,0.0141,0.0141,0.0141,0.0141,0.0141,0.0141,0.0141,0.0141,0.0141,0.0141,0.0141,0.0141,0.0141,0.0141,0.0141,0.0141,0.0141,0.0141,0.0141,0.0141,0.0141,0.0141,0.0141,0.0141,0.0141,0.0141,0.0141,0.0141,0.0141,0.0141,0.0141,0.0141,0.0141,0.0141,0.0142,0.0142,0.0142,0.0142,0.0142,0.0142,0.0142,0.0142,0.0142,0.0142
45138.4166667,0.0041,0.0041,0.0041,0.0041,0.0041,0.0041,0.0041,0.0048,0.0048,0.0048,0.0048,0.0048,0.0048,0.0053,0.0053,0.0053,0.0053,0.0053,0.0053,0.0053,0.0053,0.0054,0.0054,0.0054,0.0054,0.0054,0.0054,0.0054,0.0054,0.0055,0.0055,0.0055,0.0055,0.0055,0.0055,0.0055,0.0055,0.0055,0.0055,0.0059,0.0059,0.0059,0.0059,0.0059,0.0059,0.0059,0.0059,0.0063,0.0063,0.0063,0.0063,0.0063,0.0064,0.0064,0.0064,0.0064,0.0064,0.0064,0.0064,0.0064,0.0064,0.0064,0.0065,0.0065,0.0065,0.0065,0.0065,0.0066,0.0067,0.0067,0.0067,0.0067,0.0067,0.0067,0.0067,0.0067,0.0067,0.0068,0.0068,0.0069,0.0069,0.0069,0.0069,0.0070,0.0070,0.0070,0.0070,0.0070,0.0070,0.0070,0.0070,0.0071,0.0071,0.0071,0.0071,0.0071,0.0071,0.0071,0.0071,0.0071,0.0071,0.0071,0.0103,0.0103,0.0104,0.0104,0.0104,0.0108,0.0108,0.0108,0.0109,0.0109,0.0110,0.0110,0.0110,0.0111,0.0111,0.0111,0.0111,0.0111,0.0111,0.0112,0.0112,0.0113,0.0113,0.0113,0.0113,0.0114,0.0114,0.0114,0.0114,0.0115,0.0115,0.0115,0.0116,0.0116,0.0116,0.0116,0.0117,0.0117,0.0117,0.0117,0.0117,0.0117,0.0117,0.0118,0.0118,0.0118,0.0118,0.0118,0.0118,0.0118,0.0118,0.0118,0.0118,0.0118,0.0119,0.0119,0.0124,0.0124,0.0124,0.0126,0.0129,0.0129,0.0129,0.0129,0.0129,0.0130,0.0130,0.0130,0.0130,0.0139,0.0140,0.0140,0.0140,0.0140,0.0140,0.0140,0.0140,0.0140,0.0140,0.0140,0.0140,0.0140,0.0140,0.0140,0.0140,0.0140,0.0140,0.0140,0.0141,0.0141,0.0141,0.0141,0.0141,0.0141,0.0141,0.0141,0.0141,0.0141,0.0141,0.0141,0.0141,0.0141,0.0141,0.0141,0.0141,0.0141,0.0141,0.0141,0.0141,0.0141,0.0141,0.0141,0.0141,0.0141,0.0141,0.0141,0.0141,0.0141,0.0141,0.0141,0.0141,0.0141,0.0141,0.0141,0.0141,0.0141,0.0141,0.0141,0.0141,0.0141,0.0141,0.0141,0.0141,0.0141
45138.4583333,0.0041,0.0041,0.0041,0.0041,0.0041,0.0041,0.0041,0.0048,0.0048,0.0048,0.0048,0.0048,0.0048,0.0053,0.0053,0.0053,0.0053,0.0053,0.0053,0.0053,0.0053,0.0054,0.0054,0.0054,0.0054,0.0054,0.0054,0.0054,0.0054,0.0055,0.0055,0.0055,0.0055,0.0055,0.0055,0.0055,0.0055,0.0055,0.0055,0.0059,0.0059,0.0059,0.0059,0.0059,0.0059,0.0059,0.0059,0.0063,0.0063,0.0063,0.0063,0.0063,0.0064,0.0064,0.0064,0.0064,0.0064,0.0064,0.0064,0.0064,0.0064,0.0064,0.0065,0.0065,0.0065,0.0065,0.0065,0.0066,0.0067,0.0067,0.0067,0.0067,0.0067,0.0067,0.0067,0.0067,0.0067,0.0068,0.0068,0.0068,0.0069,0.0069,0.0069,0.0070,0.0070,0.0070,0.0070,0.0070,0.0070,0.0070,0.0070,0.0071,0.0071,0.0071,0.0071,0.0071,0.0071,0.0071,0.0071,0.0071,0.0071,0.0071,0.0103,0.0103,0.0103,0.0103,0.0103,0.0107,0.0107,0.0108,0.0108,0.0108,0.0109,0.0109,0.0109,0.0110,0.0110,0.0110,0.0110,0.0110,0.0110,0.0110,0.0111,0.0111,0.0111,0.0112,0.0112,0.0112,0.0112,0.0113,0.0113,0.0113,0.0113,0.0113,0.0114,0.0114,0.0114,0.0115,0.0115,0.0115,0.0116,0.0116,0.0116,0.0116,0.0116,0.0116,0.0117,0.0117,0.0117,0.0117,0.0117,0.0117,0.0118,0.0118,0.0118,0.0118,0.0118,0.0118,0.0124,0.0124,0.0124,0.0126,0.0129,0.0129,0.0129,0.0129,0.0129,0.0129,0.0129,0.0129,0.0130,0.0139,0.0139,0.0139,0.0140,0.0140,0.0140,0.0140,0.0140,0.0140,0.0140,0.0140,0.0140,0.0140,0.0140,0.0140,0.0140,0.0140,0.0140,0.0140,0.0140,0.0140,0.0140,0.0140,0.0140,0.0140,0.0140,0.0140,0.0140,0.0140,0.0141,0.0141,0.0141,0.0141,0.0141,0.0141,0.0141,0.0141,0.0141,0.0141,0.0141,0.0141,0.0141,0.0141,0.0141,0.0141,0.0141,0.0141,0.0141,0.0141,0.0141,0.0141,0.0141,0.0141,0.0141,0.0141,0.0141,0.0141,0.0141,0.0141,0.0141,0.0141,0.0141,0.0141,0.0141,0.0141
45138.5000000,0.0041,0.0041,0.0041,0.0041,0.0041,0.0041,0.0041,0.0048,0.0048,0.0048,0.0048,0.0048,0.0048,0.0053,0.0053,0.0053,0.0053,0.0053,0.0053,0.0053,0.0053,0.0054,0.0054,0.0054,0.0054,0.0054,0.0054,0.0054,0.0054,0.0055,0.0055,0.0055,0.0055,0.0055,0.0055,0.0055,0.0055,0.0055,0.0055,0.0059,0.0059,0.0059,0.0059,0.0059,0.0059,0.0059,0.0059,0.0063,0.0063,0.0063,0.0063,0.0063,0.0064,0.0064,0.0064,0.0064,0.0064,0.0064,0.0064,0.0064,0.0064,0.0064,0.0065,0.0065,0.0065,0.0065,0.0065,0.0066,0.0067,0.0067,0.0067,0.0067,0.0067,0.0067,0.0067,0.0067,0.0067,0.0068,0.0068,0.0068,0.0069,0.0069,0.0069,0.0070,0.0070,0.0070,0.0070,0.0070,0.0070,0.0070,0.0070,0.0071,0.0071,0.0071,0.0071,0.0071,0.0071,0.0071,0.0071,0.0071,0.0071,0.0071,0.0103,0.0103,0.0103,0.0103,0.0103,0.0107,0.0107,0.0108,0.0108,0.0108,0.0109,0.0109,0.0109,0.0109,0.0109,0.0109,0.0110,0.0110,0.0110,0.0110,0.0111,0.0111,0.0111,0.0111,0.0111,0.0111,0.0111,0.0112,0.0112,0.0112,0.0112,0.0112,0.0113,0.0113,0.0113,0.0113,0.0114,0.0114,0.0114,0.0114,0.0114,0.0114,0.0115,0.0115,0.0115,0.0115,0.0115,0.0116,0.0116,0.0116,0.0116,0.0117,0.0117,0.0117,0.0117,0.0117,0.0123,0.0123,0.0123,0.0125,0.0128,0.0128,0.0128,0.0128,0.0128,0.0128,0.0129,0.0129,0.0129,0.0139,0.0139,0.0139,0.0139,0.0139,0.0139,0.0139,0.0139,0.0139,0.0139,0.0139,0.0140,0.0140,0.0140,0.0140,0.0140,0.0140,0.0140,0.0140,0.0140,0.0140,0.0140,0.0140,0.0140,0.0140,0.0140,0.0140,0.0140,0.0140,0.0140,0.0140,0.0140,0.0140,0.0140,0.0140,0.0140,0.0140,0.0140,0.0140,0.0141,0.0141,0.0141,0.0141,0.0141,0.0141,0.0141,0.0141,0.0141,0.0141,0.0141,0.0141,0.0141,0.0141,0.0141,0.0141,0.0141,0.0141,0.0141,0.0141,0.0141,0.0141,0.0141,0.0141,0.0141,0.0141
45138.5416667,0.0041,0.0041,0.0041,0.0041,0.0041,0.0041,0.0041,0.0048,0.0048,0.0048,0.0048,0.0048,0.0048,0.0053,0.0053,0.0053,0.0053,0.0053,0.0053,0.0053,0.0053,0.0054,0.0054,0.0054,0.0054,0.0054,0.0054,0.0054,0.0054,0.0055,0.0055,0.0055,0.0055,0.0055,0.0055,0.0055,0.0055,0.0055,0.0055,0.0059,0.0059,0.0059,0.0059,0.0059,0.0059,0.0059,0.0059,0.0063,0.0063,0.0063,0.0063,0.0063,0.0064,0.0064,0.0064,0.0064,0.0064,0.0064,0.0064,0.0064,0.0064,0.0064,0.0065,0.0065,0.0065,0.0065,0.0065,0.0066,0.0067,0.0067,0.0067,0.0067,0.0067,0.0067,0.0067,0.0067,0.0067,0.0068,0.0068,0.0068,0.0069,0.0069,0.0069,0.0070,0.0070,0.0070,0.0070,0.0070,0.0070,0.0070,0.0070,0.0071,0.0071,0.0071,0.0071,0.0071,0.0071,0.0071,0.0071,0.0071,0.0071,0.0071,0.0103,0.0103,0.0103,0.0103,0.0103,0.0107,0.0107,0.0108,0.0108,0.0108,0.0109,0.0109,0.0109,0.0109,0.0109,0.0109,0.0110,0.0110,0.0110,0.0110,0.0110,0.0110,0.0110,0.0111,0.0111,0.0111,0.0111,0.0111,0.0111,0.0111,0.0111,0.0111,0.0112,0.0112,0.0112,0.0112,0.0113,0.0113,0.0113,0.0113,0.0113,0.0113,0.0113,0.0113,0.0114,0.0114,0.0114,0.0114,0.0114,0.0114,0.0115,0.0115,0.0115,0.0115,0.0115,0.0115,0.0121,0.0121,0.0121,0.0123,0.0126,0.0126,0.0127,0.0127,0.0127,0.0127,0.0127,0.0127,0.0128,0.0137,0.0138,0.0138,0.0138,0.0138,0.0138,0.0139,0.0139,0.0139,0.0139,0.0139,0.0139,0.0139,0.0139,0.0139,0.0139,0.0139,0.0139,0.0139,0.0139,0.0140,0.0140,0.0140,0.0140,0.0140,0.0140,0.0140,0.0140,0.0140,0.0140,0.0140,0.0140,0.0140,0.0140,0.0140,0.0140,0.0140,0.0140,0.0140,0.0140,0.0140,0.0140,0.0140,0.0140,0.0140,0.0140,0.0140,0.0140,0.0140,0.0140,0.0140,0.0141,0.0141,0.0141,0.0141,0.0141,0.0141,0.0141,0.0141,0.0141,0.0141,0.0141,0.0141,0.0141,0.0141
45138.5833333,0.0041,0.0041,0.0041,0.0041,0.0041,0.0041,0.0041,0.0048,0.0048,0.0048,0.0048,0.0048,0.0048,0.0053,0.0053,0.0053,0.0053,0.0053,0.0053,0.0053,0.0053,0.0054,0.0054,0.0054,0.0054,0.0054,0.0054,0.0054,0.0054,0.0055,0.0055,0.0055,0.0055,0.0055,0.0055,0.0055,0.0055,0.0055,0.0055,0.0059,0.0059,0.0059,0.0059,0.0059,0.0059,0.0059,0.0059,0.0063,0.0063,0.0063,0.0063,0.0063,0.0064,0.0064,0.0064,0.0064,0.0064,0.0064,0.0064,0.0064,0.0064,0.0064,0.0065,0.0065,0.0065,0.0065,0.0065,0.0066,0.0067,0.0067,0.0067,0.0067,0.0067,0.0067,0.0067,0.0067,0.0067,0.0068,0.0068,0.0068,0.0069,0.0069,0.0069,0.0070,0.0070,0.0070,0.0070,0.0070,0.0070,0.0070,0.0070,0.0071,0.0071,0.0071,0.0071,0.0071,0.0071,0.0071,0.0071,0.0071,0.0071,0.0071,0.0103,0.0103,0.0103,0.0103,0.0103,0.0107,0.0107,0.0108,0.0108,0.0108,0.0109,0.0109,0.0109,0.0109,0.0109,0.0109,0.0109,0.0110,0.0110,0.0110,0.0110,0.0110,0.0110,0.0110,0.0111,0.0111,0.0111,0.0111,0.0111,0.0111,0.0111,0.0111,0.0112,0.0112,0.0112,0.0112,0.0112,0.0112,0.0112,0.0113,0.0113,0.0113,0.0113,0.0113,0.0113,0.0113,0.0113,0.0113,0.0113,0.0114,0.0114,0.0114,0.0114,0.0114,0.0114,0.0114,0.0120,0.0120,0.0120,0.0122,0.0125,0.0125,0.0125,0.0125,0.0125,0.0125,0.0126,0.0126,0.0126,0.0136,0.0136,0.0136,0.0137,0.0137,0.0137,0.0137,0.0137,0.0137,0.0137,0.0137,0.0138,0.0138,0.0138,0.0138,0.0138,0.0138,0.0138,0.0138,0.0138,0.0138,0.0139,0.0139,0.0139,0.0139,0.0139,0.0139,0.0139,0.0139,0.0139,0.0139,0.0139,0.0139,0.0139,0.0139,0.0139,0.0139,0.0140,0.0140,0.0140,0.0140,0.0140,0.0140,0.0140,0.0140,0.0140,0.0140,0.0140,0.0140,0.0140,0.0140,0.0140,0.0140,0.0140,0.0140,0.0140,0.0140,0.0140,0.0140,0.0140,0.0140,0.0140,0.0140,0.0141,0.0141
45138.6250000,0.0041,0.0041,0.0041,0.0041,0.0041,0.0041,0.0041,0.0048,0.0048,0.0048,0.0048,0.0048,0.0048,0.0053,0.0053,0.0053,0.0053,0.0053,0.0053,0.0053,0.0053,0.0054,0.0054,0.0054,0.0054,0.0054,0.0054,0.0054,0.0054,0.0055,0.0055,0.0055,0.0055,0.0055,0.0055,0.0055,0.0055,0.0055,0.0055,0.0059,0.0059,0.0059,0.0059,0.0059,0.0059,0.0059,0.0059,0.0063,0.0063,0.0063,0.0063,0.0063,0.0064,0.0064,0.0064,0.0064,0.0064,0.0064,0.0064,0.0064,0.0064,0.0064,0.0065,0.0065,0.0065,0.0065,0.0065,0.0066,0.0067,0.0067,0.0067,0.0067,0.0067,0.0067,0.0067,0.0067,0.0067,0.0068,0.0068,0.0068,0.0069,0.0069,0.0069,0.0070,0.0070,0.0070,0.0070,0.0070,0.0070,0.0070,0.0070,0.0071,0.0071,0.0071,0.0071,0.0071,0.0071,0.0071,0.0071,0.0071,0.0071,0.0071,0.0103,0.0103,0.0103,0.0103,0.0103,0.0107,0.0107,0.0108,0.0108,0.0108,0.0109,0.0109,0.0109,0.0109,0.0109,0.0109,0.0109,0.0110,0.0110,0.0110,0.0110,0.0110,0.0110,0.0110,0.0111,0.0111,0.0111,0.0111,0.0111,0.0111,0.0111,0.0111,0.0112,0.0112,0.0112,0.0112,0.0112,0.0112,0.0112,0.0112,0.0112,0.0112,0.0113,0.0113,0.0113,0.0113,0.0113,0.0113,0.0113,0.0113,0.0113,0.0113,0.0113,0.0113,0.0114,0.0114,0.0119,0.0119,0.0119,0.0121,0.0124,0.0124,0.0124,0.0124,0.0124,0.0125,0.0125,0.0125,0.0125,0.0135,0.0135,0.0135,0.0135,0.0135,0.0136,0.0136,0.0136,0.0136,0.0136,0.0136,0.0136,0.0136,0.0136,0.0137,0.0137,0.0137,0.0137,0.0137,0.0137,0.0137,0.0137,0.0137,0.0137,0.0137,0.0137,0.0137,0.0138,0.0138,0.0138,0.0138,0.0138,0.0138,0.0138,0.0138,0.0138,0.0138,0.0138,0.0138,0.0138,0.0139,0.0139,0.0139,0.0139,0.0139,0.0139,0.0139,0.0139,0.0139,0.0139,0.0139,0.0139,0.0139,0.0139,0.0139,0.0140,0.0140,0.0140,0.0140,0.0140,0.0140,0.0140,0.0140,0.0140,0.0140
45138.6666667,0.0041,0.0041,0.0041,0.0041,0.0041,0.0041,0.0041,0.0048,0.0048,0.0048,0.0048,0.0048,0.0048,0.0053,0.0053,0.0053,0.0053,0.0053,0.0053,0.0053,0.0053,0.0054,0.0054,0.0054,0.0054,0.0054,0.0054,0.0054,0.0054,0.0055,0.0055,0.0055,0.0055,0.0055,0.0055,0.0055,0.0055,0.0055,0.0055,0.0059,0.0059,0.0059,0.0059,0.0059,0.0059,0.0059,0.0059,0.0063,0.0063,0.0063,0.0063,0.0063,0.0064,0.0064,0.0064,0.0064,0.0064,0.0064,0.0064,0.0064,0.0064,0.0064,0.0065,0.0065,0.0065,0.0065,0.0065,0.0066,0.0067,0.0067,0.0067,0.0067,0.0067,0.0067,0.0067,0.0067,0.0067,0.0068,0.0068,0.0068,0.0069,0.0069,0.0069,0.0070,0.0070,0.0070,0.0070,0.0070,0.0070,0.0070,0.0070,0.0071,0.0071,0.0071,0.0071,0.0071,0.0071,0.0071,0.0071,0.0071,0.0071,0.0071,0.0103,0.0103,0.0103,0.0103,0.0103,0.0107,0.0107,0.0108,0.0108,0.0108,0.0109,0.0109,0.0109,0.0109,0.0109,0.0109,0.0109,0.0110,0.0110,0.0110,0.0110,0.0110,0.0110,0.0110,0.0111,0.0111,0.0111,0.0111,0.0111,0.0111,0.0111,0.0111,0.0112,0.0112,0.0112,0.0112,0.0112,0.0112,0.0112,0.0112,0.0112,0.0112,0.0113,0.0113,0.0113,0.0113,0.0113,0.0113,0.0113,0.0113,0.0113,0.0113,0.0113,0.0113,0.0113,0.0113,0.0119,0.0119,0.0119,0.0121,0.0124,0.0124,0.0124,0.0124,0.0124,0.0124,0.0124,0.0124,0.0124,0.0134,0.0134,0.0134,0.0135,0.0135,0.0135,0.0135,0.0135,0.0135,0.0135,0.0135,0.0135,0.0135,0.0135,0.0135,0.0135,0.0135,0.0136,0.0136,0.0136,0.0136,0.0136,0.0136,0.0136,0.0136,0.0136,0.0136,0.0136,0.0136,0.0136,0.0136,0.0136,0.0136,0.0137,0.0137,0.0137,0.0137,0.0137,0.0137,0.0137,0.0137,0.0137,0.0137,0.0137,0.0137,0.0137,0.0137,0.0138,0.0138,0.0138,0.0138,0.0138,0.0138,0.0138,0.0138,0.0138,0.0138,0.0138,0.0138,0.0139,0.0139,0.0139,0.0139,0.0139,0.0139
45138.7083333,0.0041,0.0041,0.0041,0.0041,0.0041,0.0041,0.0041,0.0048,0.0048,0.0048,0.0048,0.0048,0.0048,0.0053,0.0053,0.0053,0.0053,0.0053,0.0053,0.0053,0.0053,0.0054,0.0054,0.0054,0.0054,0.0054,0.0054,0.0054,0.0054,0.0055,0.0055,0.0055,0.0055,0.0055,0.0055,0.0055,0.0055,0.0055,0.0055,0.0059,0.0059,0.0059,0.0059,0.0059,0.0059,0.0059,0.0059,0.0063,0.0063,0.0063,0.0063,0.0063,0.0064,0.0064,0.0064,0.0064,0.0064,0.0064,0.0064,0.0064,0.0064,0.0064,0.0065,0.0065,0.0065,0.0065,0.0065,0.0066,0.0067,0.0067,0.0067,0.0067,0.0067,0.0067,0.0067,0.0067,0.0067,0.0068,0.0068,0.0068,0.0069,0.0069,0.0069,0.0070,0.0070,0.0070,0.0070,0.0070,0.0070,0.0070,0.0070,0.0071,0.0071,0.0071,0.0071,0.0071,0.0071,0.0071,0.0071,0.0071,0.0071,0.0071,0.0103,0.0103,0.0103,0.0103,0.0103,0.0107,0.0107,0.0108,0.0108,0.0108,0.0109,0.0109,0.0109,0.0109,0.0109,0.0109,0.0109,0.0110,0.0110,0.0110,0.0110,0.0110,0.0110,0.0110,0.0111,0.0111,0.0111,0.0111,0.0111,0.0111,0.0111,0.0111,0.0112,0.0112,0.0112,0.0112,0.0112,0.0112,0.0112,0.0112,0.0112,0.0112,0.0113,0.0113,0.0113,0.0113,0.0113,0.0113,0.0113,0.0113,0.0113,0.0113,0.0113,0.0113,0.0113,0.0113,0.0119,0.0119,0.0119,0.0121,0.0124,0.0124,0.0124,0.0124,0.0124,0.0124,0.0124,0.0124,0.0124,0.0134,0.0134,0.0134,0.0134,0.0134,0.0134,0.0134,0.0134,0.0134,0.0134,0.0134,0.0134,0.0135,0.0135,0.0135,0.0135,0.0135,0.0135,0.0135,0.0135,0.0135,0.0135,0.0135,0.0135,0.0135,0.0135,0.0135,0.0135,0.0135,0.0135,0.0135,0.0135,0.0135,0.0135,0.0136,0.0136,0.0136,0.0136,0.0136,0.0136,0.0136,0.0136,0.0136,0.0136,0.0136,0.0136,0.0136,0.0136,0.0136,0.0136,0.0136,0.0136,0.0137,0.0137,0.0137,0.0137,0.0137,0.0137,0.0137,0.0137,0.0137,0.0137,0.0137,0.0137,0.0137
45138.7500000,0.0041,0.0041,0.0041,0.0041,0.0041,0.0041,0.0041,0.0048,0.0048,0.0048,0.0048,0.0048,0.0048,0.0053,0.0053,0.0053,0.0053,0.0053,0.0053,0.0053,0.0053,0.0054,0.0054,0.0054,0.0054,0.0054,0.0054,0.0054,0.0054,0.0055,0.0055,0.0055,0.0055,0.0055,0.0055,0.0055,0.0055,0.0055,0.0055,0.0059,0.0059,0.0059,0.0059,0.0059,0.0059,0.0059,0.0059,0.0063,0.0063,0.0063,0.0063,0.0063,0.0064,0.0064,0.0064,0.0064,0.0064,0.0064,0.0064,0.0064,0.0064,0.0064,0.0065,0.0065,0.0065,0.0065,0.0065,0.0066,0.0067,0.0067,0.0067,0.0067,0.0067,0.0067,0.0067,0.0067,0.0067,0.0068,0.0068,0.0068,0.0069,0.0069,0.0069,0.0070,0.0070,0.0070,0.0070,0.0070,0.0070,0.0070,0.0070,0.0071,0.0071,0.0071,0.0071,0.0071,0.0071,0.0071,0.0071,0.0071,0.0071,0.0071,0.0103,0.0103,0.0103,0.0103,0.0103,0.0107,0.0107,0.0108,0.0108,0.0108,0.0109,0.0109,0.0109,0.0109,0.0109,0.0109,0.0109,0.0110,0.0110,0.0110,0.0110,0.0110,0.0110,0.0110,0.0111,0.0111,0.0111,0.0111,0.0111,0.0111,0.0111,0.0111,0.0112,0.0112,0.0112,0.0112,0.0112,0.0112,0.0112,0.0112,0.0112,0.0112,0.0113,0.0113,0.0113,0.0113,0.0113,0.0113,0.0113,0.0113,0.0113,0.0113,0.0113,0.0113,0.0113,0.0113,0.0119,0.0119,0.0119,0.0121,0.0124,0.0124,0.0124,0.0124,0.0124,0.0124,0.0124,0.0124,0.0124,0.0134,0.0134,0.0134,0.0134,0.0134,0.0134,0.0134,0.0134,0.0134,0.0134,0.0134,0.0134,0.0135,0.0135,0.0135,0.0135,0.0135,0.0135,0.0135,0.0135,0.0135,0.0135,0.0135,0.0135,0.0135,0.0135,0.0135,0.0135,0.0135,0.0135,0.0135,0.0135,0.0135,0.0135,0.0135,0.0135,0.0135,0.0135,0.0135,0.0135,0.0135,0.0135,0.0135,0.0135,0.0135,0.0135,0.0135,0.0135,0.0135,0.0136,0.0136,0.0136,0.0136,0.0136,0.0136,0.0136,0.0136,0.0136,0.0136,0.0136,0.0136,0.0136,0.0136,0.0136,0.0136
45138.7916667,0.0041,0.0041,0.0041,0.0041,0.0041,0.0041,0.0041,0.0048,0.0048,0.0048,0.0048,0.0048,0.0048,0.0053,0.0053,0.0053,0.0053,0.0053,0.0053,0.0053,0.0053,0.0054,0.0054,0.0054,0.0054,0.0054,0.0054,0.0054,0.0054,0.0055,0.0055,0.0055,0.0055,0.0055,0.0055,0.0055,0.0055,0.0055,0.0055,0.0059,0.0059,0.0059,0.0059,0.0059,0.0059,0.0059,0.0059,0.0063,0.0063,0.0063,0.0063,0.0063,0.0064,0.0064,0.0064,0.0064,0.0064,0.0064,0.0064,0.0064,0.0064,0.0064,0.0065,0.0065,0.0065,0.0065,0.0065,0.0066,0.0067,0.0067,0.0067,0.0067,0.0067,0.0067,0.0067,0.0067,0.0067,0.0068,0.0068,0.0068,0.0069,0.0069,0.0069,0.0070,0.0070,0.0070,0.0070,0.0070,0.0070,0.0070,0.0070,0.0071,0.0071,0.0071,0.0071,0.0071,0.0071,0.0071,0.0071,0.0071,0.0071,0.0071,0.0103,0.0103,0.0103,0.0103,0.0103,0.0107,0.0107,0.0108,0.0108,0.0108,0.0109,0.0109,0.0109,0.0109,0.0109,0.0109,0.0109,0.0110,0.0110,0.0110,0.0110,0.0110,0.0110,0.0110,0.0111,0.0111,0.0111,0.0111,0.0111,0.0111,0.0111,0.0111,0.0112,0.0112,0.0112,0.0112,0.0112,0.0112,0.0112,0.0112,0.0112,0.0112,0.0113,0.0113,0.0113,0.0113,0.0113,0.0113,0.0113,0.0113,0.0113,0.0113,0.0113,0.0113,0.0113,0.0113,0.0119,0.0119,0.0119,0.0121,0.0124,0.0124,0.0124,0.0124,0.0124,0.0124,0.0124,0.0124,0.0124,0.0134,0.0134,0.0134,0.0134,0.0134,0.0134,0.0134,0.0134,0.0134,0.0134,0.0134,0.0134,0.0135,0.0135,0.0135,0.0135,0.0135,0.0135,0.0135,0.0135,0.0135,0.0135,0.0135,0.0135,0.0135,0.0135,0.0135,0.0135,0.0135,0.0135,0.0135,0.0135,0.0135,0.0135,0.0135,0.0135,0.0135,0.0135,0.0135,0.0135,0.0135,0.0135,0.0135,0.0135,0.0135,0.0135,0.0135,0.0135,0.0135,0.0135,0.0135,0.0135,0.0135,0.0135,0.0135,0.0135,0.0135,0.0135,0.0135,0.0135,0.0135,0.0135,0.0135,0.0136,0.0136
45138.8333333,0.0041,0.0041,0.0041,0.0041,0.0041,0.0041,0.0041,0.0048,0.0048,0.0048,0.0048,0.0048,0.0048,0.0053,0.0053,0.0053,0.0053,0.0053,0.0053,0.0053,0.0053,0.0054,0.0054,0.0054,0.0054,0.0054,0.0054,0.0054,0.0054,0.0055,0.0055,0.0055,0.0055,0.0055,0.0055,0.0055,0.0055,0.0055,0.0055,0.0059,0.0059,0.0059,0.0059,0.0059,0.0059,0.0059,0.0059,0.0063,0.0063,0.0063,0.0063,0.0063,0.0064,0.0064,0.0064,0.0064,0.0064,0.0064,0.0064,0.0064,0.0064,0.0064,0.0065,0.0065,0.0065,0.0065,0.0065,0.0066,0.0067,0.0067,0.0067,0.0067,0.0067,0.0067,0.0067,0.0067,0.0067,0.0068,0.0068,0.0068,0.0069,0.0069,0.0069,0.0070,0.0070,0.0070,0.0070,0.0070,0.0070,0.0070,0.0070,0.0071,0.0071,0.0071,0.0071,0.0071,0.0071,0.0071,0.0071,0.0071,0.0071,0.0071,0.0103,0.0103,0.0103,0.0103,0.0103,0.0107,0.0107,0.0108,0.0108,0.0108,0.0109,0.0109,0.0109,0.0109,0.0109,0.0109,0.0109,0.0110,0.0110,0.0110,0.0110,0.0110,0.0110,0.0110,0.0111,0.0111,0.0111,0.0111,0.0111,0.0111,0.0111,0.0111,0.0112,0.0112,0.0112,0.0112,0.0112,0.0112,0.0112,0.0112,0.0112,0.0112,0.0113,0.0113,0.0113,0.0113,0.0113,0.0113,0.0113,0.0113,0.0113,0.0113,0.0113,0.0113,0.0113,0.0113,0.0119,0.0119,0.0119,0.0121,0.0124,0.0124,0.0124,0.0124,0.0124,0.0124,0.0124,0.0124,0.0124,0.0134,0.0134,0.0134,0.0134,0.0134,0.0134,0.0134,0.0134,0.0134,0.0134,0.0134,0.0134,0.0135,0.0135,0.0135,0.0135,0.0135,0.0135,0.0135,0.0135,0.0135,0.0135,0.0135,0.0135,0.0135,0.0135,0.0135,0.0135,0.0135,0.0135,0.0135,0.0135,0.0135,0.0135,0.0135,0.0135,0.0135,0.0135,0.0135,0.0135,0.0135,0.0135,0.0135,0.0135,0.0135,0.0135,0.0135,0.0135,0.0135,0.0135,0.0135,0.0135,0.0135,0.0135,0.0135,0.0135,0.0135,0.0135,0.0135,0.0135,0.0135,0.0135,0.0135,0.0135,0.0135
45138.8750000,0.0041,0.0041,0.0041,0.0041,0.0041,0.0041,0.0041,0.0048,0.0048,0.0048,0.0048,0.0048,0.0048,0.0053,0.0053,0.0053,0.0053,0.0053,0.0053,0.0053,0.0053,0.0054,0.0054,0.0054,0.0054,0.0054,0.0054,0.0054,0.0054,0.0055,0.0055,0.0055,0.0055,0.0055,0.0055,0.0055,0.0055,0.0055,0.0055,0.0059,0.0059,0.0059,0.0059,0.0059,0.0059,0.0059,0.0059,0.0063,0.0063,0.0063,0.0063,0.0063,0.0064,0.0064,0.0064,0.0064,0.0064,0.0064,0.0064,0.0064,0.0064,0.0064,0.0065,0.0065,0.0065,0.0065,0.0065,0.0066,0.0067,0.0067,0.0067,0.0067,0.0067,0.0067,0.0067,0.0067,0.0067,0.0068,0.0068,0.0068,0.0069,0.0069,0.0069,0.0070,0.0070,0.0070,0.0070,0.0070,0.0070,0.0070,0.0070,0.0071,0.0071,0.0071,0.0071,0.0071,0.0071,0.0071,0.0071,0.0071,0.0071,0.0071,0.0103,0.0103,0.0103,0.0103,0.0103,0.0107,0.0107,0.0108,0.0108,0.0108,0.0109,0.0109,0.0109,0.0109,0.0109,0.0109,0.0109,0.0110,0.0110,0.0110,0.0110,0.0110,0.0110,0.0110,0.0111,0.0111,0.0111,0.0111,0.0111,0.0111,0.0111,0.0111,0.0112,0.0112,0.0112,0.0112,0.0112,0.0112,0.0112,0.0112,0.0112,0.0112,0.0113,0.0113,0.0113,0.0113,0.0113,0.0113,0.0113,0.0113,0.0113,0.0113,0.0113,0.0113,0.0113,0.0113,0.0119,0.0119,0.0119,0.0121,0.0124,0.0124,0.0124,0.0124,0.0124,0.0124,0.0124,0.0124,0.0124,0.0134,0.0134,0.0134,0.0134,0.0134,0.0134,0.0134,0.0134,0.0134,0.0134,0.0134,0.0134,0.0134,0.0135,0.0135,0.0135,0.0135,0.0135,0.0135,0.0135,0.0135,0.0135,0.0135,0.0135,0.0135,0.0135,0.0135,0.0135,0.0135,0.0135,0.0135,0.0135,0.0135,0.0135,0.0135,0.0135,0.0135,0.0135,0.0135,0.0135,0.0135,0.0135,0.0135,0.0135,0.0135,0.0135,0.0135,0.0135,0.0135,0.0135,0.0135,0.0135,0.0135,0.0135,0.0135,0.0135,0.0135,0.0135,0.0135,0.0135,0.0135,0.0135,0.0135,0.0135,0.0135
45138.9166667,0.0041,0.0041,0.0041,0.0041,0.0041,0.0041,0.0041,0.0048,0.0048,0.0048,0.0048,0.0048,0.0048,0.0053,0.0053,0.0053,0.0053,0.0053,0.0053,0.0053,0.0053,0.0054,0.0054,0.0054,0.0054,0.0054,0.0054,0.0054,0.0054,0.0055,0.0055,0.0055,0.0055,0.0055,0.0055,0.0055,0.0055,0.0055,0.0055,0.0059,0.0059,0.0059,0.0059,0.0059,0.0059,0.0059,0.0059,0.0063,0.0063,0.0063,0.0063,0.0063,0.0064,0.0064,0.0064,0.0064,0.0064,0.0064,0.0064,0.0064,0.0064,0.0064,0.0065,0.0065,0.0065,0.0065,0.0065,0.0066,0.0067,0.0067,0.0067,0.0067,0.0067,0.0067,0.0067,0.0067,0.0067,0.0068,0.0068,0.0068,0.0069,0.0069,0.0069,0.0070,0.0070,0.0070,0.0070,0.0070,0.0070,0.0070,0.0070,0.0071,0.0071,0.0071,0.0071,0.0071,0.0071,0.0071,0.0071,0.0071,0.0071,0.0071,0.0103,0.0103,0.0103,0.0103,0.0103,0.0107,0.0107,0.0108,0.0108,0.0108,0.0109,0.0109,0.0109,0.0109,0.0109,0.0109,0.0109,0.0110,0.0110,0.0110,0.0110,0.0110,0.0110,0.0110,0.0111,0.0111,0.0111,0.0111,0.0111,0.0111,0.0111,0.0111,0.0112,0.0112,0.0112,0.0112,0.0112,0.0112,0.0112,0.0112,0.0112,0.0112,0.0113,0.0113,0.0113,0.0113,0.0113,0.0113,0.0113,0.0113,0.0113,0.0113,0.0113,0.0113,0.0113,0.0113,0.0119,0.0119,0.0119,0.0121,0.0124,0.0124,0.0124,0.0124,0.0124,0.0124,0.0124,0.0124,0.0124,0.0134,0.0134,0.0134,0.0134,0.0134,0.0134,0.0134,0.0134,0.0134,0.0134,0.0134,0.0134,0.0134,0.0135,0.0135,0.0135,0.0135,0.0135,0.0135,0.0135,0.0135,0.0135,0.0135,0.0135,0.0135,0.0135,0.0135,0.0135,0.0135,0.0135,0.0135,0.0135,0.0135,0.0135,0.0135,0.0135,0.0135,0.0135,0.0135,0.0135,0.0135,0.0135,0.0135,0.0135,0.0135,0.0135,0.0135,0.0135,0.0135,0.0135,0.0135,0.0135,0.0135,0.0135,0.0135,0.0135,0.0135,0.0135,0.0135,0.0135,0.0135,0.0135,0.0135,0.0135,0.0135
45138.9583333,0.0041,0.0041,0.0041,0.0041,0.0041,0.0041,0.0041,0.0048,0.0048,0.0048,0.0048,0.0048,0.0048,0.0053,0.0053,0.0053,0.0053,0.0053,0.0053,0.0053,0.0053,0.0054,0.0054,0.0054,0.0054,0.0054,0.0054,0.0054,0.0054,0.0055,0.0055,0.0055,0.0055,0.0055,0.0055,0.0055,0.0055,0.0055,0.0055,0.0059,0.0059,0.0059,0.0059,0.0059,0.0059,0.0059,0.0059,0.0063,0.0063,0.0063,0.0063,0.0063,0.0064,0.0064,0.0064,0.0064,0.0064,0.0064,0.0064,0.0064,0.0064,0.0064,0.0065,0.0065,0.0065,0.0065,0.0065,0.0066,0.0067,0.0067,0.0067,0.0067,0.0067,0.0067,0.0067,0.0067,0.0067,0.0068,0.0068,0.0068,0.0069,0.0069,0.0069,0.0070,0.0070,0.0070,0.0070,0.0070,0.0070,0.0070,0.0070,0.0071,0.0071,0.0071,0.0071,0.0071,0.0071,0.0071,0.0071,0.0071,0.0071,0.0071,0.0103,0.0103,0.0103,0.0103,0.0103,0.0107,0.0107,0.0108,0.0108,0.0108,0.0109,0.0109,0.0109,0.0109,0.0109,0.0109,0.0109,0.0110,0.0110,0.0110,0.0110,0.0110,0.0110,0.0110,0.0111,0.0111,0.0111,0.0111,0.0111,0.0111,0.0111,0.0111,0.0112,0.0112,0.0112,0.0112,0.0112,0.0112,0.0112,0.0112,0.0112,0.0112,0.0113,0.0113,0.0113,0.0113,0.0113,0.0113,0.0113,0.0113,0.0113,0.0113,0.0113,0.0113,0.0113,0.0113,0.0119,0.0119,0.0119,0.0121,0.0124,0.0124,0.0124,0.0124,0.0124,0.0124,0.0124,0.0124,0.0124,0.0134,0.0134,0.0134,0.0134,0.0134,0.0134,0.0134,0.0134,0.0134,0.0134,0.0134,0.0134,0.0134,0.0135,0.0135,0.0135,0.0135,0.0135,0.0135,0.0135,0.0135,0.0135,0.0135,0.0135,0.0135,0.0135,0.0135,0.0135,0.0135,0.0135,0.0135,0.0135,0.0135,0.0135,0.0135,0.0135,0.0135,0.0135,0.0135,0.0135,0.0135,0.0135,0.0135,0.0135,0.0135,0.0135,0.0135,0.0135,0.0135,0.0135,0.0135,0.0135,0.0135,0.0135,0.0135,0.0135,0.0135,0.0135,0.0135,0.0135,0.0135,0.0135,0.0135,0.0135,0.0135
