File Created:,Thu Jun 27 12:37:30 2024
Heat Source Version:,9.0.0b26
Simulation Name:,WFK23
User Text:,Westfork Kickapoo
Output:,Streambed Conduction Flux (watts/square meter)
""
Datetime,18.500,18.400,18.300,18.200,18.100,18.000,17.900,17.800,17.700,17.600,17.500,17.400,17.300,17.200,17.100,17.000,16.900,16.800,16.700,16.600,16.500,16.400,16.300,16.200,16.100,16.000,15.900,15.800,15.700,15.600,15.500,15.400,15.300,15.200,15.100,15.000,14.900,14.800,14.700,14.600,14.500,14.400,14.300,14.200,14.100,14.000,13.900,13.800,13.700,13.600,13.500,13.400,13.300,13.200,13.100,13.000,12.900,12.800,12.700,12.600,12.500,12.400,12.300,12.200,12.100,12.000,11.900,11.800,11.700,11.600,11.500,11.400,11.300,11.200,11.100,11.000,10.900,10.800,10.700,10.600,10.500,10.400,10.300,10.200,10.100,10.000,9.900,9.800,9.700,9.600,9.500,9.400,9.300,9.200,9.100,9.000,8.900,8.800,8.700,8.600,8.500,8.400,8.300,8.200,8.100,8.000,7.900,7.800,7.700,7.600,7.500,7.400,7.300,7.200,7.100,7.000,6.900,6.800,6.700,6.600,6.500,6.400,6.300,6.200,6.100,6.000,5.900,5.800,5.700,5.600,5.500,5.400,5.300,5.200,5.100,5.000,4.900,4.800,4.700,4.600,4.500,4.400,4.300,4.200,4.100,4.000,3.900,3.800,3.700,3.600,3.500,3.400,3.300,3.200,3.100,3.000,2.900,2.800,2.700,2.600,2.500,2.400,2.300,2.200,2.100,2.000,1.900,1.800,1.700,1.600,1.500,1.400,1.300,1.200,1.100,1.000,0.900,0.800,0.700,0.600,0.500,0.400,0.300,0.200,0.100,0.000
45108.0000000,0.0000,0.0000,0.0000,0.0000,0.0000,0.0000,0.0000,0.0000,0.0000,0.0000,0.0000,0.0000,0.0000,0.0000,0.0000,0.0000,0.0000,0.0000,0.0000,0.0000,0.0000,0.0000,0.0000,0.0000,0.0000,0.0000,0.0000,0.0000,0.0000,0.0000,0.0000,0.0000,0.0000,0.0000,0.0000,0.0000,0.0000,0.0000,0.0000,0.0000,0.0000,0.0000,0.0000,0.0000,0.0000,0.0000,0.0000,0.0000,0.0000,0.0000,0.0000,0.0000,0.0000,0.0000,0.0000,0.0000,0.0000,0.0000,0.0000,0.0000,0.0000,0.0000,0.0000,0.0000,0.0000,0.0000,0.0000,0.0000,0.0000,0.0000,0.0000,0.0000,0.0000,0.0000,0.0000,0.0000,0.0000,0.0000,0.0000,0.0000,0.0000,0.0000,0.0000,0.0000,0.0000,0.0000,0.0000,0.0000,0.0000,0.0000,0.0000,0.0000,0.0000,0.0000,0.0000,0.0000,0.0000,0.0000,0.0000,0.0000,0.0000,0.0000,0.0000,0.0000,0.0000,0.0000,0.0000,0.0000,0.0000,0.0000,0.0000,0.0000,0.0000,0.0000,0.0000,0.0000,0.0000,0.0000,0.0000,0.0000,0.0000,0.0000,0.0000,0.0000,0.0000,0.0000,0.0000,0.0000,0.0000,0.0000,0.0000,0.0000,0.0000,0.0000,0.0000,0.0000,0.0000,0.0000,0.0000,0.0000,0.0000,0.0000,0.0000,0.0000,0.0000,0.0000,0.0000,0.0000,0.0000,0.0000,0.0000,0.0000,0.0000,0.0000,0.0000,0.0000,0.0000,0.0000,0.0000,0.0000,0.0000,0.0000,0.0000,0.0000,0.0000,0.0000,0.0000,0.0000,0.0000,0.0000,0.0000,0.0000,0.0000,0.0000,0.0000,0.0000,0.0000,0.0000,0.0000,0.0000,0.0000,0.0000,0.0000,0.0000,0.0000,0.0000
45108.0416667,2.9637,3.2070,2.8650,3.0866,3.4103,2.8160,3.0179,8.6701,7.9527,6.5793,6.3446,5.0797,3.7254,6.5034,6.2621,5.5744,5.2084,4.5986,3.7397,3.4646,3.4756,3.0530,2.7270,2.9101,2.8890,3.2772,3.3377,3.0385,4.1549,3.9223,4.1847,4.0890,3.9664,3.7290,3.6489,3.3881,3.7751,3.7458,3.3871,6.1812,6.2870,6.0158,6.0472,5.9686,5.6690,4.2906,3.1818,5.7711,4.6755,4.5955,4.4888,4.3686,4.0242,3.7709,2.9917,3.2553,3.0027,2.9355,3.6465,3.4446,3.5992,3.6075,3.9203,3.9030,3.6203,3.5712,3.8545,4.6584,2.4757,1.8692,1.8108,1.9364,1.8108,1.2388,1.2330,1.5582,1.5804,2.0179,2.2262,2.9027,3.1898,3.4786,3.2194,3.4284,5.2803,5.0175,5.2130,4.9243,4.7040,3.7941,4.0437,3.7637,3.5927,3.1557,2.4393,2.1767,2.0114,1.9164,2.4342,2.2016,2.1543,2.4302,8.2162,8.3714,9.0957,8.9278,7.7321,9.3478,7.3403,6.1528,4.0737,2.9700,2.8046,2.3633,2.2901,2.1070,2.1062,2.1189,2.3324,2.9445,1.8574,2.5556,2.6284,2.6505,2.9305,2.8214,2.6000,2.6231,2.2642,2.1787,2.3377,2.2932,2.3110,2.3713,2.6191,2.4410,2.4657,2.3857,1.9930,1.9213,1.8913,2.3097,2.0902,1.8234,2.0528,1.8358,1.8846,2.1267,2.1293,1.9726,1.8657,1.4013,1.0922,1.0121,0.9234,0.9849,1.1778,1.2460,2.2302,2.1970,2.6126,2.7513,2.4163,2.4636,2.3464,2.2084,2.0690,1.6660,1.0749,1.9630,1.2593,3.2323,2.8750,1.8804,1.2025,1.0026,0.9343,0.8310,0.7562,1.0816,1.0528,0.9871,1.0275,1.2307,1.0443,1.3034
45108.0833333,4.7179,5.5422,4.7160,5.2602,5.8453,4.1672,4.8256,8.9024,9.0002,7.0727,8.6431,7.5614,5.8833,9.1148,9.7378,9.0726,9.1747,8.4407,6.4315,6.9386,7.4739,6.4570,5.5474,6.1752,5.9159,6.4700,5.7757,4.9232,6.0268,5.2372,6.1057,6.0119,6.1722,5.8030,5.8918,5.4475,5.7155,5.8154,5.0814,7.4750,7.6634,6.9198,7.1625,7.3589,8.1675,7.4335,6.0232,7.7142,6.0975,6.0896,6.1425,6.5904,6.5608,6.3146,4.5674,6.5860,6.1010,5.8442,6.2842,5.4918,5.3662,4.9831,5.6919,5.7295,5.0907,5.2693,5.5978,6.3191,4.0517,3.7374,3.9111,4.2147,3.7702,2.4903,2.3267,2.8263,2.5951,3.1470,3.1748,3.8214,3.9143,4.1018,3.3264,2.9481,5.1376,4.8436,5.7757,5.8497,6.0794,4.3515,6.1963,6.3975,6.3481,6.0008,4.4746,4.2808,4.1439,3.7292,3.9103,3.3700,3.2700,3.9987,6.5658,6.8243,8.7274,9.2385,7.8257,10.2329,9.2240,10.9037,7.5729,6.6737,7.0842,5.9725,6.3423,5.9113,5.9063,5.7633,5.8812,5.8141,3.0958,4.2448,4.0884,3.9475,4.7928,4.5581,4.1202,4.2391,3.3833,2.7635,3.2182,3.2746,3.4504,3.6519,4.0298,3.6992,3.8173,3.7325,2.8201,2.8699,3.0742,3.5788,3.0860,2.5166,3.0391,2.4200,2.6529,3.1825,3.1875,2.8748,2.9299,2.4834,2.0928,2.2561,1.7031,1.7125,1.9591,1.8667,2.0188,2.1386,3.3814,3.4415,3.1546,3.5255,3.3606,3.2489,3.4304,3.0301,2.5646,2.7560,1.8440,2.9004,3.9263,3.7456,2.9962,2.4857,2.1884,1.7702,1.4711,1.9175,1.5973,1.2584,1.2362,1.5193,1.0985,1.4959
45108.1250000,5.5173,7.0676,5.7739,6.7951,7.8563,5.0000,6.1710,8.9760,9.1398,6.5089,8.8178,7.3523,5.1490,8.7540,10.1970,9.8604,10.8992,10.4054,7.3831,8.9282,10.4143,8.7961,7.3552,8.8183,8.5253,9.7112,8.2515,6.9018,8.3498,7.0072,8.4867,8.2068,8.3972,7.6032,7.6707,6.8247,6.8942,7.0435,5.8685,8.0603,8.3147,7.1623,7.5425,7.8949,9.5449,9.0661,7.1255,8.2978,6.3061,6.4167,6.6535,7.6228,7.8615,7.5967,4.9466,8.7933,8.1451,7.8324,8.2452,6.9231,6.6768,6.0398,7.2804,7.4418,6.4140,6.7691,7.0226,7.5194,4.7050,4.6504,5.2501,6.1116,5.5275,3.6279,3.3728,4.3270,3.8717,4.6382,4.4339,5.0505,4.8964,4.9129,3.6379,2.8720,5.0659,4.5762,5.7314,5.7762,6.0489,3.6300,6.3204,6.8679,6.9963,6.9206,4.7515,4.9039,5.1610,4.5630,4.8318,4.2064,4.2409,5.6176,5.9015,6.0647,8.2845,8.8297,6.9093,9.1969,8.0490,11.5179,6.9623,6.4170,7.5798,6.1076,7.2675,6.9485,7.5807,7.8934,8.7272,8.6607,4.2929,6.6353,6.5789,6.4281,7.9735,7.3074,6.2784,6.2974,4.6794,3.4850,4.0350,4.0396,4.2645,4.5560,5.0661,4.5306,4.7236,4.6151,3.2048,3.3285,3.7287,4.3899,3.6388,2.8254,3.6178,2.6909,3.0646,3.8858,3.9082,3.4420,3.6188,3.1138,2.6629,3.3019,2.2839,2.3313,2.7889,2.5932,2.2226,2.2394,3.8592,3.6489,3.2135,3.7028,3.4656,3.3439,3.7961,3.4849,3.5245,3.3568,2.1937,2.6456,4.0544,4.5050,4.0738,3.4785,3.2412,2.6950,2.3199,3.1618,2.5384,1.9337,1.8717,2.2492,1.5909,2.0799
45108.1666667,6.4087,8.5734,6.7444,8.1696,9.6993,5.6399,7.2266,9.1203,9.2859,6.1999,8.8896,7.0980,4.6157,8.1201,9.8718,9.5499,11.0727,10.6258,6.8616,9.0891,11.4859,9.3663,7.5626,9.8825,9.6961,11.7705,9.6321,7.9269,10.0213,8.2929,10.6910,10.3864,10.7973,9.6167,9.7213,8.4549,8.3321,8.4837,6.8198,8.8000,9.0291,7.4809,7.9006,8.2971,10.5418,10.0831,7.5195,8.2863,5.9897,6.1529,6.4862,7.8065,8.2603,7.9964,4.7468,10.1173,9.3444,9.0141,9.4794,7.6713,7.3573,6.5383,8.3106,8.6506,7.2869,7.8781,8.1653,8.5277,5.1335,5.1926,6.1256,7.5710,6.8548,4.3465,4.0273,5.5746,5.0136,6.1823,5.8015,6.4705,6.0899,5.9797,4.2440,3.2014,5.4372,4.7998,6.0758,6.0377,6.2618,3.4072,6.4301,7.0807,7.1685,7.0921,4.3426,4.5893,5.0324,4.3168,4.6669,4.0276,4.2249,6.3189,5.4454,5.6097,8.0150,8.6064,6.4183,8.4811,7.1516,11.3685,5.8821,5.2918,6.6504,5.0288,6.4259,6.1328,7.0594,7.6560,9.0927,9.1542,3.7482,6.9619,7.2366,7.4058,10.3181,9.7257,8.4334,8.6505,6.2955,4.6210,5.4231,5.4476,5.7396,6.0925,6.6824,5.8156,5.9644,5.7166,3.7773,3.8753,4.3606,5.1301,4.1104,3.0822,4.0557,2.8859,3.3408,4.3968,4.4351,3.8367,4.1194,3.5499,3.0298,4.1133,2.6497,2.7388,3.4339,3.1663,2.4551,2.4708,4.4277,3.9927,3.4203,3.9506,3.6266,3.4491,3.9949,3.6327,3.9603,3.5932,2.3087,2.5605,4.0745,4.8166,4.5363,3.8476,3.6845,3.0732,2.7021,4.0798,3.2011,2.3857,2.3635,2.9546,2.0552,2.7758
45108.2083333,5.8716,8.6718,6.5839,8.5103,10.6802,5.6303,7.7461,9.1962,9.4510,6.0940,9.0101,6.9919,4.3968,7.7223,9.5830,9.2110,10.9638,10.4564,6.2569,8.7205,11.7029,9.1593,7.1058,9.9356,9.7942,12.6123,9.8681,7.8794,10.5340,8.5158,11.8496,11.6416,12.4483,10.9962,11.2763,9.6880,9.4992,9.7615,7.6864,9.6126,9.8505,7.9735,8.4232,8.8333,11.5273,10.9540,7.7602,8.1861,5.6591,5.8189,6.1690,7.6510,8.2120,7.9237,4.3552,10.7405,9.8317,9.4795,10.0121,7.8000,7.4477,6.5120,8.7139,9.2297,7.5924,8.4110,8.7855,9.1157,5.3404,5.5101,6.7213,8.7195,7.8597,4.7681,4.3934,6.4801,5.8264,7.4525,6.9037,7.6720,7.0755,6.8691,4.6999,3.4438,5.8038,5.0747,6.4902,6.4087,6.6140,3.4626,6.7027,7.4070,7.4114,7.2593,4.0898,4.3066,4.7588,3.9681,4.2816,3.6018,3.8162,6.2788,4.8195,4.9900,7.4649,8.1141,5.8405,7.7516,6.4103,11.0389,5.1261,4.5255,5.8490,4.2613,5.6196,5.3280,6.2957,6.9728,8.6859,8.7640,3.0503,6.3435,6.7432,7.0677,11.1120,10.6558,9.2065,9.7526,6.7880,4.8182,5.9669,6.1826,6.7322,7.3355,8.2106,7.1540,7.4122,7.1140,4.6395,4.7578,5.3400,6.2141,4.8908,3.6226,4.7189,3.2867,3.7545,4.9672,4.9734,4.2225,4.5456,3.8757,3.2791,4.7313,2.8756,2.9921,3.8887,3.5567,2.5956,2.6405,4.9189,4.3070,3.6394,4.2167,3.8231,3.6024,4.2091,3.7792,4.2223,3.6483,2.2691,2.4440,4.0232,4.9425,4.7158,3.9278,3.7867,3.1125,2.7327,4.5188,3.4240,2.4631,2.4745,3.2473,2.1665,3.1001
45108.2500000,5.3432,8.3319,5.9327,7.9875,10.4473,4.6727,7.0006,8.3516,8.7798,5.3659,8.4600,6.3945,3.9012,7.0521,8.9798,8.6030,10.4550,9.8780,5.5251,8.0586,11.3266,8.5054,6.3448,9.3741,9.1955,12.4347,9.2108,7.1155,10.0950,7.9202,11.9363,11.8066,12.9646,11.2138,11.6343,9.7672,9.5280,9.9380,7.6267,9.5223,9.7892,7.6617,8.1914,8.6444,11.7762,11.2978,7.6660,7.8259,5.2434,5.3697,5.6623,7.1597,7.7162,7.3491,3.7184,10.7081,9.6699,9.2426,9.7092,7.1279,6.7020,5.6963,8.2274,8.9335,7.1256,8.1286,8.5678,8.9341,5.1496,5.4341,6.8062,9.2653,8.3024,4.8181,4.3787,6.8427,6.1172,8.1447,7.4161,8.1812,7.2500,6.8820,4.3544,3.0039,5.5150,4.7879,6.3406,6.2654,6.4767,3.1556,6.5364,7.2551,7.1796,7.0370,3.6958,3.9252,4.3563,3.4828,3.7468,3.0729,3.2689,5.7915,4.0013,4.1369,6.4828,7.0923,4.8292,6.5924,5.3958,10.1941,4.2584,3.7414,4.9288,3.4450,4.6472,4.3514,5.2709,5.9187,7.7037,7.7917,2.3423,5.3732,5.8132,6.1694,10.8538,10.4330,8.7909,9.5172,6.1235,4.0962,5.4186,5.7828,6.5403,7.3731,8.5527,7.4185,7.8894,7.6518,4.7630,5.0295,5.8634,6.9481,5.3900,3.9342,5.2161,3.6073,4.1680,5.5194,5.4841,4.5903,4.9446,4.1746,3.4698,5.1874,2.9824,3.0625,4.0511,3.6352,2.4892,2.5971,5.0741,4.3046,3.5685,4.1591,3.6844,3.4424,4.1159,3.7002,4.2915,3.5726,2.1579,2.2482,3.8178,4.8267,4.6279,3.7394,3.5962,2.8850,2.5035,4.4531,3.1777,2.1552,2.1848,3.0312,1.8791,2.8871
45108.2916667,4.4335,7.4729,4.9921,6.9957,9.5579,3.4908,5.5628,6.5889,7.0219,3.7635,6.7408,4.7691,2.5435,5.3943,7.2985,6.9945,8.8971,8.3045,4.1098,6.4999,9.9008,6.9258,4.8759,7.8504,7.6385,11.0945,7.5295,5.3998,8.4362,6.1863,10.5434,10.4670,11.8735,9.9497,10.4577,8.3955,8.1198,8.5712,6.0798,8.0261,8.1979,5.9969,6.4624,6.9548,10.4272,10.0340,6.2730,6.4152,3.9767,4.1624,4.4638,5.8698,6.3942,5.9890,2.5486,9.5012,8.3794,7.8859,8.3318,5.5609,5.0454,3.9968,6.4043,7.1977,5.3919,6.4689,7.0220,7.5024,4.0841,4.6147,6.1328,8.8903,7.8410,4.1758,3.8195,6.4365,5.6060,7.9042,6.9349,7.6686,6.5116,5.8647,3.0911,1.7677,4.0199,3.3064,4.8491,4.7713,5.0201,1.8720,5.1202,5.8549,5.7523,5.5915,2.3736,2.6733,3.1498,2.4021,2.5776,2.0063,2.1920,4.5774,2.8270,2.8936,4.9572,5.4602,3.3238,4.8130,3.7249,8.3882,2.8142,2.4499,3.5248,2.2718,3.2666,2.9752,3.7206,4.3123,5.9458,6.0020,1.2491,3.7499,4.1347,4.5036,9.2963,8.8972,7.1654,7.9835,4.4628,2.5897,3.8295,4.2284,5.0550,5.9927,7.3829,6.2309,6.8703,6.7161,3.7030,4.0501,5.0364,6.3824,4.7335,3.2840,4.7215,3.0554,3.7360,5.2854,5.2454,4.2867,4.7408,4.0059,3.3316,5.3093,2.8943,3.0028,3.9837,3.4776,2.1806,2.1946,4.7537,3.7894,2.9873,3.5450,3.0400,2.7106,3.3602,2.9563,3.7323,3.0639,1.7807,1.8470,3.3770,4.3672,4.1421,3.2355,3.0512,2.3255,1.9415,3.9066,2.5289,1.5293,1.5231,2.2948,1.2413,2.1338
45108.3333333,2.2429,5.2435,3.1216,5.0852,7.8367,2.0664,3.8566,4.5455,5.0312,2.1569,4.6676,2.8736,1.0289,3.1994,4.8780,4.6592,6.4639,5.8858,2.2266,4.3989,7.7967,4.7778,3.0660,5.8579,5.6425,9.1209,5.3932,3.3902,6.4380,4.1994,8.4866,8.3790,9.8543,7.8791,8.2943,6.2218,6.1223,6.5016,3.9822,6.0657,5.9836,3.9864,4.1894,4.7765,8.4239,8.0021,4.2577,4.4914,2.2807,2.5423,2.8916,4.0469,4.5136,4.1203,1.0357,7.4376,6.3380,5.9371,6.3850,3.7723,3.2190,2.2267,4.1202,4.9503,3.3312,4.3094,4.9389,5.3560,2.3481,3.1687,4.8105,7.6599,6.6415,2.9841,2.9007,5.4625,4.5069,7.0182,5.9250,6.7246,5.6366,4.7837,1.9402,0.6853,2.4448,1.8543,3.2617,3.1391,3.3659,0.6260,3.2367,3.8289,3.5868,3.3380,0.5168,0.8150,1.3265,0.9568,0.8797,0.4853,0.6858,2.8516,1.2914,1.3559,3.1050,3.5186,1.6479,2.8414,1.9414,6.2034,1.2681,0.9955,1.9656,0.9702,1.7356,1.4738,1.9532,2.4832,3.9014,3.9446,0.1611,2.0714,2.2577,2.6818,7.0550,6.7149,5.0859,5.9449,2.5824,1.0202,1.9929,2.3140,3.0553,3.9551,5.3607,4.3005,5.0365,4.9679,2.2106,2.5124,3.4503,4.9631,3.3706,2.1470,3.5248,1.9711,2.6521,4.3060,4.3307,3.3829,3.9586,3.3533,2.8172,5.0247,2.5921,2.8000,3.6828,3.1439,1.7518,1.6592,4.3481,3.1964,2.3689,2.9123,2.4871,2.0354,2.5609,2.0567,2.7444,2.1610,1.1297,1.1528,2.7153,3.6648,3.4178,2.6410,2.4313,1.7465,1.3620,3.3023,1.8874,0.9625,0.9066,1.5680,0.7196,1.4621
45108.3750000,-0.2560,2.3102,0.7601,2.3049,4.7932,-0.2283,1.0795,1.5133,2.2770,0.0765,2.0545,0.5904,-0.7383,0.4128,1.6256,1.7293,3.3181,2.7205,-0.2204,1.2001,4.6007,1.4828,0.2677,2.7264,2.7889,5.7549,2.3996,0.2812,3.3517,1.1917,5.1458,5.2106,6.6607,4.6657,5.0484,2.5710,2.8528,3.0986,0.8995,3.4269,2.7801,1.4408,1.0640,1.7628,5.2261,4.5943,1.2631,1.6477,-0.0130,0.3564,0.9389,1.6883,2.0637,1.7304,-0.8368,4.2223,3.1284,3.0770,3.1790,1.1865,0.7197,-0.1100,0.7986,1.6751,0.6731,1.3516,2.3311,2.6214,-0.0878,1.1216,2.8948,5.4314,4.6320,1.1837,1.6214,3.8481,2.7175,4.9829,3.6427,4.4659,3.9492,2.7921,0.0741,-0.9021,-0.0453,-0.2988,0.9720,0.9278,1.2608,-0.5727,1.2214,1.5445,1.0646,0.5360,-1.7103,-1.4896,-1.1186,-0.8757,-1.4262,-1.5951,-1.5124,0.0606,-1.0304,-0.9173,0.4698,0.8480,-0.7465,0.2503,-0.4530,3.3586,-0.6247,-0.7122,0.2118,-0.3160,0.1323,-0.1099,-0.0826,0.3445,1.3127,1.3149,-1.3572,-0.0293,-0.1743,0.4791,3.9175,3.7078,2.5247,3.4311,0.4263,-0.7449,-0.1076,0.0569,0.6188,1.3608,2.4524,1.5699,2.3330,2.5650,0.2760,0.3933,1.1099,2.6575,1.2358,0.3749,1.4340,0.2102,0.9613,2.3983,2.3097,1.3338,2.0141,1.8664,1.7383,4.0687,1.8764,2.3793,3.0976,2.4911,1.1455,0.7720,3.6311,2.1722,1.3852,1.9332,1.7498,1.1744,1.5105,0.9880,1.3095,0.8383,0.2047,0.1253,1.7107,2.5782,2.3287,1.8503,1.5771,1.0053,0.6361,2.6181,1.1677,0.3068,0.0510,0.5024,-0.0521,0.6633
45108.4166667,-3.7912,-1.8720,-2.6473,-1.6576,1.4756,-2.7185,-2.3069,-2.5521,-1.4133,-2.6923,-1.4225,-2.4460,-3.1125,-3.0001,-2.6363,-2.5461,-1.1887,-1.6056,-3.3812,-2.9490,0.7274,-2.5471,-3.2813,-1.2748,-0.5140,1.7324,-1.6331,-4.4569,-1.2557,-3.1909,-0.3281,-0.0794,1.6039,0.3383,0.5124,-1.8562,-1.5295,-2.0418,-3.7786,-0.5824,-1.8597,-2.7461,-4.0732,-3.1306,0.4440,-0.5160,-2.8748,-2.3190,-3.0183,-2.5513,-1.4863,-1.3362,-1.0896,-1.2607,-3.0403,-0.0301,-1.2000,-0.5403,-0.3897,-2.2667,-2.7718,-3.4074,-4.0305,-3.1308,-3.1806,-3.0940,-1.1374,-0.8578,-3.2327,-1.7552,0.2124,2.0110,1.8128,-1.2264,0.0047,1.6904,0.2649,2.6589,0.3168,1.1234,1.9954,0.1915,-2.3001,-2.9356,-3.5714,-3.3223,-2.2055,-2.2820,-1.9425,-2.9452,-2.0369,-1.9349,-2.6611,-3.4292,-4.6060,-4.2867,-3.9523,-2.7575,-3.9929,-3.8997,-3.9795,-3.2647,-3.9982,-3.8713,-3.0414,-2.8269,-3.9430,-3.5904,-3.9872,-0.6071,-3.2420,-3.0207,-2.0962,-1.8816,-1.7125,-1.8748,-2.4317,-1.7218,-1.3863,-1.5464,-3.1199,-2.5583,-3.2719,-2.6702,-1.1054,-0.7942,-1.5151,-0.3541,-2.6592,-3.2280,-2.8761,-2.8324,-2.4296,-1.9029,-0.9548,-2.3477,-1.5020,-0.6375,-2.1579,-2.5227,-2.3188,-0.4730,-1.5516,-1.9511,-1.4987,-2.5690,-1.7593,-0.1379,-0.5101,-1.7712,-0.8466,-1.0071,-0.5187,1.8293,0.2290,1.2799,1.7669,0.9914,0.0590,-0.5904,2.5264,0.8106,-0.0682,0.1089,0.3696,-0.2495,-0.1085,-0.5140,-0.6144,-0.8786,-0.9418,-1.1979,0.3641,1.0867,0.8272,0.8551,0.4510,0.1235,-0.2353,1.9206,0.4078,-0.4068,-0.6338,-0.7011,-0.8899,-0.1858
45108.4583333,-8.3888,-7.5117,-5.8177,-6.4092,-4.0762,-6.9494,-7.7234,-8.4840,-6.1861,-6.0430,-4.6841,-5.1197,-5.4501,-6.3531,-6.7133,-6.8237,-6.0068,-6.3804,-6.7740,-7.9302,-3.9329,-7.6257,-6.6376,-7.0965,-5.0553,-3.4017,-6.4322,-8.5057,-6.4046,-8.7408,-6.2352,-6.9291,-4.8389,-4.3915,-4.4610,-7.1037,-7.0559,-8.8877,-10.9365,-6.3087,-7.6895,-7.7779,-10.6869,-9.3080,-4.3032,-6.9618,-8.1145,-7.7958,-7.0980,-6.6346,-4.5619,-5.1297,-4.9713,-4.7349,-5.3187,-4.4541,-6.1244,-3.8089,-3.4153,-5.2003,-5.8821,-6.4257,-9.6321,-8.6240,-6.3820,-7.2167,-5.3668,-5.5644,-7.5388,-5.2748,-3.0298,-2.7083,-1.6531,-4.0578,-1.7735,-0.5468,-2.5949,0.0048,-3.8322,-2.7611,0.4878,-2.2198,-4.4726,-4.7709,-7.7207,-6.6623,-7.0756,-7.4338,-5.4939,-5.4706,-5.6070,-5.8119,-6.6241,-8.1804,-8.1845,-7.9387,-7.7249,-5.1953,-7.3311,-6.8534,-6.8813,-7.0631,-6.9354,-6.7850,-6.6377,-6.6520,-7.1434,-8.2225,-8.5843,-5.6175,-6.4935,-5.9443,-5.2665,-4.3722,-4.4347,-4.3208,-5.2175,-4.0175,-4.3610,-4.7568,-5.1312,-5.3226,-6.2245,-5.8681,-7.3676,-5.7839,-6.0544,-4.6793,-6.1527,-6.1057,-6.1533,-6.1365,-5.3395,-4.4497,-3.6930,-6.7891,-6.5108,-5.7005,-5.7733,-6.1589,-7.4927,-5.0675,-5.4968,-5.0830,-4.8275,-6.0085,-5.2812,-3.2844,-3.7142,-5.0174,-3.6343,-4.9548,-4.6638,-2.0370,-2.4625,-0.5441,-0.5432,-1.9992,-2.2247,-2.9010,0.7382,-1.0055,-1.7794,-2.3668,-1.8573,-2.6470,-2.5952,-3.0660,-3.5093,-3.2584,-2.7679,-2.8165,-1.5922,-0.7725,-1.0400,-0.2803,-0.9809,-0.9036,-1.2473,1.2977,-0.3178,-1.1171,-1.3831,-2.3901,-2.5517,-1.8700
45108.5000000,-11.5172,-12.2633,-7.7480,-8.3128,-6.7448,-8.1166,-10.5077,-13.6000,-10.7058,-9.1536,-10.1206,-9.6348,-8.6526,-9.6409,-10.2302,-10.1897,-9.7521,-9.9558,-8.8738,-11.9846,-8.4210,-13.1314,-9.3257,-12.6006,-8.5546,-7.1657,-9.3410,-12.6438,-9.4647,-12.6280,-10.0520,-12.7249,-10.9506,-10.1673,-9.5755,-11.4768,-10.9492,-12.7449,-15.8062,-10.0183,-11.6825,-11.1112,-16.6470,-15.7035,-8.9878,-13.6745,-13.2775,-13.0017,-12.0092,-12.0965,-8.6510,-9.6548,-9.2264,-8.2705,-8.9546,-10.6220,-10.6679,-7.2240,-4.7301,-6.0041,-6.5246,-6.8639,-13.0443,-12.5614,-9.9827,-10.6902,-7.4730,-7.8771,-10.9936,-8.4454,-6.1706,-8.2323,-8.1171,-7.6979,-5.1284,-2.9674,-4.9728,-1.7611,-7.5384,-6.6100,0.0784,-3.3000,-5.2304,-5.2556,-11.0570,-9.6773,-8.7846,-11.0025,-8.3445,-7.4236,-9.1561,-9.6651,-10.4211,-12.6542,-11.1931,-11.0591,-11.0407,-7.0260,-10.1164,-9.2938,-9.4049,-10.6699,-9.4803,-9.1721,-9.5546,-9.6616,-9.4230,-10.8179,-12.2588,-10.8207,-9.8127,-9.0212,-7.4670,-6.3884,-6.8085,-6.4570,-9.4216,-6.5737,-7.1316,-7.3956,-6.4211,-7.2193,-8.2728,-8.1314,-10.2517,-10.3140,-10.3198,-8.7516,-9.1635,-8.3413,-8.9870,-10.1407,-10.8698,-10.3656,-8.2088,-9.9825,-9.6259,-8.9282,-7.7438,-8.4921,-10.0932,-8.6832,-8.7439,-7.8296,-8.4054,-8.8123,-8.9690,-7.1142,-9.7444,-9.8296,-8.8378,-8.7166,-7.4719,-6.4265,-5.1076,-2.4068,-3.1161,-3.5358,-4.1612,-5.8156,-2.1269,-3.5644,-4.0688,-5.2903,-4.4601,-5.0616,-5.7409,-6.3013,-7.2033,-6.1856,-5.0755,-4.8470,-4.4207,-3.4336,-3.2690,-1.4594,-2.5435,-1.8224,-2.0441,1.0890,-0.5321,-1.2950,-1.5387,-1.8326,-1.7810,-2.1292
45108.5416667,-13.1047,-15.7475,-10.2631,-10.5010,-9.0095,-8.7414,-11.7700,-16.4843,-12.9895,-10.0999,-11.8740,-11.0999,-9.4788,-11.4261,-12.7288,-12.7823,-12.8322,-12.7444,-10.1764,-13.5770,-10.6942,-16.0763,-10.1594,-15.9166,-10.2674,-8.8780,-10.3845,-13.7436,-10.3934,-14.6095,-11.6533,-15.5926,-14.2874,-10.4299,-10.3414,-12.1179,-11.6762,-13.9567,-17.9411,-11.6478,-13.5590,-12.3293,-20.1132,-19.8420,-13.5683,-19.5962,-17.1172,-15.4316,-14.4088,-14.8962,-10.9687,-13.0199,-12.8477,-11.5373,-11.8298,-18.0077,-16.7759,-12.7533,-7.0098,-7.4734,-7.5675,-7.5068,-16.1569,-16.3706,-13.0904,-12.7619,-10.0540,-10.2944,-13.3552,-10.4723,-8.1575,-10.3503,-13.1308,-11.6898,-8.7006,-6.9758,-8.4759,-4.1875,-10.0589,-9.2185,0.7408,-3.0826,-4.7685,-4.7525,-12.9565,-12.9189,-11.7974,-15.1964,-11.4979,-8.8677,-10.9777,-11.1730,-11.6450,-14.5396,-11.8754,-12.1493,-12.6132,-7.4894,-11.4450,-10.4217,-10.7077,-13.1315,-10.6765,-10.3026,-11.2013,-11.3536,-10.3989,-12.1688,-14.5655,-14.5825,-11.3999,-10.4089,-8.4651,-7.1031,-7.8624,-7.4111,-11.2591,-8.9573,-9.9121,-10.1200,-7.6845,-9.1956,-10.2249,-9.8814,-12.7863,-12.2677,-11.8564,-10.2337,-9.7286,-8.4131,-9.6592,-10.1028,-12.8460,-13.3707,-9.9732,-11.8459,-11.9348,-10.6524,-8.4715,-9.7477,-11.7161,-10.9244,-10.3027,-8.7200,-9.8356,-9.5097,-10.2487,-8.8742,-13.6209,-12.1579,-12.5766,-13.0832,-11.2894,-11.9948,-8.1217,-5.6551,-6.7562,-5.9653,-6.0049,-7.8034,-4.4855,-5.5023,-5.6515,-6.3035,-4.4901,-5.6596,-7.3739,-8.4681,-10.6154,-9.0437,-6.9394,-6.4924,-6.5529,-5.7304,-5.3635,-2.7164,-4.5343,-3.4135,-3.1793,0.5662,-0.8141,-1.4143,-1.5194,-1.2200,-1.1623,-1.5965
45108.5833333,-9.7719,-11.0126,-6.7439,-7.0158,-5.9362,-5.0248,-9.3484,-16.4649,-13.0177,-9.2014,-11.3544,-10.1778,-8.2030,-10.7603,-12.3903,-12.3784,-12.8013,-12.5205,-8.9976,-12.7468,-10.3300,-15.9752,-8.8675,-16.6971,-10.5219,-8.9361,-12.0812,-13.6202,-9.4950,-13.7896,-13.2490,-16.3829,-14.6329,-6.8378,-5.6529,-6.7122,-6.0914,-9.2214,-14.4496,-8.0287,-10.1165,-8.5174,-17.4046,-15.0154,-11.8925,-20.9969,-17.6564,-15.3535,-14.4521,-15.4343,-11.8279,-14.1422,-13.7319,-11.7237,-9.7726,-20.9713,-19.6708,-16.1558,-8.2386,-7.9271,-7.7183,-7.3371,-17.3471,-18.1003,-14.0071,-10.9933,-8.8729,-9.7631,-14.0173,-11.3624,-9.0356,-10.6440,-12.6926,-12.4799,-8.9503,-9.2561,-10.7620,-9.1058,-13.3494,-11.8545,0.4541,-2.5893,-3.5454,-3.1480,-8.9164,-9.0720,-9.3328,-12.4802,-10.4909,-7.4595,-11.1779,-11.4858,-11.6161,-14.7097,-10.9518,-11.2446,-11.7700,-5.9359,-10.1682,-9.0518,-9.4852,-12.7525,-9.1492,-8.8300,-10.0440,-10.1969,-8.7798,-10.7655,-13.2546,-15.5016,-10.9245,-10.1399,-8.1386,-6.5316,-7.3420,-6.6484,-9.2978,-7.6357,-8.6919,-8.8847,-5.4927,-7.8612,-9.3973,-9.4894,-15.4567,-13.4518,-12.0276,-9.8567,-8.3454,-6.6335,-9.2536,-8.7105,-11.9133,-12.8985,-8.6791,-10.5633,-13.0589,-10.3776,-7.1716,-8.1872,-10.0209,-9.5225,-8.4968,-6.7555,-8.3158,-7.8731,-8.7718,-7.4883,-13.4910,-10.2185,-12.2054,-13.7725,-12.4538,-16.0721,-9.2611,-7.2274,-9.1529,-7.6213,-6.8968,-9.1861,-6.6994,-6.9651,-6.5131,-6.5428,-3.8317,-4.9879,-6.9804,-8.2674,-11.8402,-10.3966,-7.7516,-7.2970,-8.0473,-7.3911,-6.7553,-3.3506,-4.3631,-3.6515,-3.5349,0.1465,-0.9745,-1.4224,-1.4547,-0.7668,-0.7040,-0.9015
45108.6250000,-7.1237,-9.0481,-5.7651,-5.9458,-4.9739,-3.9858,-7.5471,-14.4968,-10.7493,-6.7061,-9.2719,-8.1882,-6.4078,-9.2888,-11.4096,-11.5279,-12.3277,-11.9560,-8.0009,-11.6780,-9.9356,-15.5714,-8.0015,-14.1693,-10.0535,-9.3219,-14.1071,-14.1582,-10.0939,-13.0992,-15.0229,-17.4830,-15.8827,-7.9526,-3.7573,-4.6370,-0.9673,-3.2148,-8.6618,-1.9795,-4.3582,-3.1214,-12.2591,-9.4807,-8.3158,-18.8809,-14.8370,-12.6378,-12.0403,-11.2127,-9.9362,-13.5469,-13.9005,-12.0808,-10.3334,-23.5059,-21.5040,-18.4698,-9.0488,-8.1380,-7.7191,-7.1378,-17.8115,-18.9311,-14.3108,-12.4908,-8.0596,-8.9014,-12.8886,-10.6283,-8.8134,-9.9096,-10.8007,-10.2384,-5.6993,-8.9074,-11.1260,-12.3704,-15.7330,-11.5716,-1.0987,-4.3690,-5.1376,-4.6533,-9.0590,-9.0611,-9.3465,-11.3256,-9.4956,-5.9359,-9.5196,-9.7984,-9.8137,-13.0276,-8.4267,-8.8365,-9.9091,-4.3350,-8.8234,-7.8367,-8.3185,-11.9769,-7.5757,-6.9932,-8.2568,-8.6800,-7.2371,-9.1672,-11.3240,-14.6874,-9.1934,-8.4965,-6.7082,-5.3235,-6.3136,-7.0589,-8.1313,-6.8015,-9.3841,-9.2389,-4.3890,-5.6721,-7.0018,-7.0637,-12.8873,-12.4975,-11.1440,-9.3023,-7.6057,-7.0105,-7.7547,-9.1377,-11.5053,-12.5849,-7.9148,-9.6742,-11.6876,-9.9462,-6.6319,-7.7182,-9.2426,-9.2814,-7.2667,-4.3747,-5.6444,-5.3955,-7.2744,-5.0890,-11.2930,-8.0488,-8.6029,-11.0537,-10.5606,-16.9523,-9.1897,-6.9721,-9.9500,-8.3450,-7.1807,-9.6414,-8.4553,-8.4192,-7.0139,-7.0272,-4.1377,-5.4061,-7.3009,-8.0761,-11.6858,-10.4017,-7.5936,-7.3747,-9.0260,-8.8453,-7.6224,-4.1071,-4.6925,-3.9858,-3.7035,-0.3433,-1.3221,-1.6737,-1.6872,-0.9464,-0.9807,-1.0642
45108.6666667,-8.8920,-8.6460,-4.5151,-3.6426,-1.7225,-0.9200,-4.1295,-12.2103,-8.5158,-4.5074,-6.0631,-4.4459,-3.3632,-5.8974,-8.0107,-8.2369,-9.2191,-8.9058,-5.1635,-8.7377,-7.0518,-11.7745,-4.6505,-9.1231,-6.0855,-4.7178,-10.6587,-10.9604,-9.1066,-11.7991,-15.5014,-17.8584,-16.6754,-9.2981,-5.2614,-5.8897,-0.1155,-1.1374,-6.6388,1.2517,-0.0787,1.3263,-6.2842,-3.2715,-2.3180,-13.8149,-9.7606,-7.7178,-7.8220,-7.1022,-5.7032,-9.1117,-9.5139,-7.7069,-6.5942,-21.8773,-20.0291,-17.4578,-7.3390,-5.9775,-5.5162,-4.9672,-16.2397,-18.1402,-13.5423,-13.7662,-10.0947,-8.5582,-11.3987,-9.1161,-7.0877,-10.2387,-11.2048,-8.3583,-3.0201,-5.9851,-8.0111,-11.1676,-13.6409,-7.3466,2.2378,-0.8771,-1.6431,-1.4872,-5.2374,-5.7672,-6.6812,-8.3888,-7.1878,-3.9440,-7.0984,-6.3978,-6.2443,-9.7437,-6.6313,-6.1161,-6.7766,-1.2968,-5.3925,-4.6294,-5.1732,-8.6743,-5.7187,-6.1059,-6.2376,-6.0224,-4.3493,-6.0023,-8.1693,-12.0940,-6.6474,-6.2457,-4.3908,-2.8177,-3.5075,-4.9346,-5.0697,-3.9420,-8.1101,-8.2248,-3.2499,-4.1500,-5.5950,-4.5954,-9.7131,-8.8469,-7.4226,-5.6370,-4.1559,-4.5657,-5.6415,-7.2120,-9.9487,-11.2415,-6.3609,-7.7094,-9.0327,-7.7496,-4.3926,-5.4783,-7.9221,-8.7750,-7.4300,-4.0939,-4.7086,-4.4477,-6.5519,-3.5943,-9.4592,-6.7489,-7.2418,-7.6199,-7.1137,-14.1855,-6.9485,-5.0481,-7.7748,-6.1050,-4.8609,-8.1825,-8.5483,-9.4208,-7.3763,-7.0089,-3.5316,-4.6170,-5.9014,-7.6067,-11.1796,-9.7252,-6.2631,-6.7517,-8.9585,-9.2675,-8.4715,-4.1673,-4.1419,-3.3943,-3.1197,0.0362,-0.6611,-0.9215,-0.9464,-0.1583,-0.1711,-0.1769
45108.7083333,-6.9659,-7.8771,-3.2508,-1.9239,0.8771,1.8940,-0.1085,-8.0819,-4.5305,-1.1980,-3.5175,-1.2058,-0.5378,-1.9404,-3.4412,-3.4634,-4.1559,-3.7889,-0.8900,-3.8122,-3.0145,-6.1974,-0.5061,-3.4120,-2.6848,0.1740,-5.3701,-5.6601,-4.4354,-6.3713,-10.2763,-13.2433,-13.6591,-7.1880,-3.9547,-4.3535,1.6165,1.1772,-4.1708,3.5199,2.7581,4.0504,-1.0894,1.6464,3.3963,-6.9838,-3.1354,-1.3346,-1.8850,-0.7941,-0.1148,-3.1247,-3.6422,-2.1771,-1.7303,-16.7341,-15.2530,-13.2130,-3.5270,-1.8038,-1.3114,-0.8912,-11.0961,-13.3124,-7.9642,-9.9250,-6.6768,-6.0826,-9.3292,-7.6855,-6.5703,-8.8407,-10.5029,-6.7146,-2.0228,-4.3653,-5.5947,-9.1865,-10.1643,-3.3929,5.4699,3.1228,2.2415,2.0318,0.0180,-0.3150,-0.8003,-2.0333,-1.1154,1.0279,-2.5947,-0.8817,-0.5416,-3.8347,-2.0379,-1.5574,-2.2331,2.0953,-1.3876,-1.0340,-1.5093,-4.2206,-2.0910,-2.2225,-2.3991,-2.0661,-0.9075,-2.2934,-4.2888,-7.9792,-3.0905,-2.8839,-1.8970,-0.4482,-0.7460,-2.1868,-2.0465,-0.7463,-4.8757,-5.1159,-1.0750,-1.3475,-3.3013,-1.9566,-6.9605,-5.2942,-3.4942,-1.5020,-0.3598,-1.1027,-1.9831,-2.5045,-5.1920,-6.7130,-2.7696,-4.0325,-5.0984,-4.1810,-1.5133,-2.4289,-5.1248,-5.3081,-4.1994,-1.3905,-1.8713,-2.0839,-3.7250,-1.3902,-6.7666,-4.9401,-5.8286,-6.0039,-4.9616,-10.9043,-3.8198,-3.1644,-4.7785,-3.9137,-2.2085,-4.7235,-5.7475,-6.1659,-4.6456,-4.8522,-2.0191,-4.0258,-4.5337,-6.1895,-9.3174,-7.9487,-4.8877,-5.3698,-7.8680,-8.5698,-8.1552,-4.2290,-4.0337,-3.1478,-2.6697,0.1154,-0.2204,-0.3320,-0.2022,0.7132,0.5745,1.0221
45108.7500000,-2.8597,-4.3868,-0.3372,-0.2707,2.0212,2.7681,1.9973,-4.6284,-1.5833,1.2178,-0.6658,1.3355,1.3406,0.9575,0.0321,0.1212,-0.0975,0.4100,2.0591,-0.1397,0.4096,-1.8104,2.0592,0.9160,0.8274,4.1717,-0.7183,-1.3197,-0.8128,-2.3528,-6.3649,-9.0794,-10.1681,-4.5630,-2.0723,-2.3360,2.6023,3.1515,-1.2523,5.6894,5.3954,6.2990,2.8428,5.2597,7.7812,-1.1778,1.9360,3.5101,2.3570,3.5976,4.2556,2.4460,2.2443,3.3845,2.4960,-9.7361,-8.7536,-7.5036,0.2405,1.8240,2.2190,2.3877,-5.8616,-7.9427,-3.3502,-5.4980,-2.5435,-2.6906,-5.4427,-4.7739,-4.5036,-6.8414,-8.7533,-4.9517,-1.4280,-3.3130,-4.0750,-7.5557,-7.7152,-1.3410,6.6428,5.0119,3.7805,3.1516,2.7487,2.5707,2.8704,2.2383,3.2819,3.9301,1.8862,4.0641,4.6179,1.7612,2.1540,2.5858,2.2637,5.1900,2.6204,2.5010,2.0999,0.6329,1.9868,1.6836,1.3503,2.0772,2.6773,1.7921,-0.0415,-3.1366,0.3538,0.2136,0.9303,1.6772,1.7276,0.6063,0.5315,1.6330,-1.7321,-2.0941,0.2981,0.6479,-1.0626,0.1304,-3.7859,-2.1157,-0.2409,1.6467,2.0798,0.9732,0.4783,0.2946,-1.4624,-2.7389,0.3781,-0.5572,-1.1826,-0.4308,1.2261,0.6003,-1.6278,-2.1398,-1.3871,0.5157,0.3689,-0.3509,-1.4470,0.4005,-3.7215,-2.5621,-3.5839,-3.9008,-3.2234,-8.4694,-2.3685,-2.1007,-3.3880,-2.5911,-1.1781,-2.4471,-3.2101,-3.4829,-2.0563,-1.8416,0.4051,-1.4785,-1.8551,-3.5174,-6.7051,-5.7824,-3.3903,-3.6948,-6.2851,-7.2900,-6.8567,-3.5218,-3.3228,-2.5152,-2.1106,-0.1301,-0.2438,-0.2722,-0.1417,0.6580,0.4727,1.1218
45108.7916667,1.8465,0.4882,3.2771,3.1314,5.0109,4.5542,4.3999,-1.1026,0.8459,2.3927,1.4197,2.7800,2.2524,2.8652,2.4736,2.5845,2.7921,3.1693,3.5872,2.6079,3.3969,1.4784,3.6195,3.6349,3.4224,6.8204,2.3561,1.6525,2.1427,0.8724,-2.3841,-4.7734,-6.1482,-1.4375,0.4119,0.0829,3.7654,4.4234,0.6815,6.5592,6.4747,6.9878,4.7515,6.9303,10.3514,3.2116,5.3563,6.5548,4.8973,5.9299,6.5682,5.8885,6.1071,6.9461,4.7509,-3.2866,-2.5571,-1.6931,4.4395,5.4651,5.6388,5.3789,-0.6301,-2.6319,0.8541,-1.1413,1.0950,0.5584,-1.8816,-1.6867,-1.7405,-4.1336,-5.7686,-2.5998,-0.3092,-1.7085,-2.3247,-5.4618,-5.4098,0.0562,6.7940,5.5639,3.9325,3.0076,3.6000,3.6223,4.5588,4.3529,5.4508,4.6469,4.7296,7.0720,7.8508,5.6680,4.9167,5.3008,5.4574,7.0354,5.4398,4.9575,4.7109,4.7516,4.3988,4.3075,4.6159,5.4149,5.3510,4.9241,3.2396,1.3410,3.0621,2.7112,3.4789,3.4327,3.8427,3.0199,3.0161,3.8799,1.6427,1.2422,1.7037,2.5176,1.3710,2.1641,-0.7004,0.5158,2.0503,3.6585,3.4349,2.1516,2.1716,2.0551,1.0925,0.2763,2.6497,1.8532,1.5649,2.1696,2.7195,2.4756,1.1677,0.8742,1.1844,2.1097,2.3639,1.3668,0.7746,2.0711,-0.7545,-0.1410,-1.1026,-1.5978,-1.3322,-5.8223,-1.1674,-1.0345,-2.2291,-1.6859,-0.6522,-1.4347,-2.0316,-2.0845,-0.9501,-0.5987,1.0679,-0.2577,-0.2605,-1.3395,-3.9213,-3.3410,-1.7272,-2.0394,-4.4847,-5.8787,-5.5480,-2.8591,-2.6628,-1.9335,-1.5784,-0.3651,-0.3501,-0.3160,-0.2199,0.3482,0.1845,0.7760
45108.8333333,6.0459,5.6712,6.8793,7.2186,9.1897,6.9402,7.6779,3.1421,4.1687,4.3541,3.9886,4.4263,3.2267,4.5274,4.5471,4.5723,5.0795,5.1848,4.4248,4.3544,5.5336,3.6615,4.5774,5.3205,5.2115,8.7207,4.6750,3.7529,4.5350,3.2440,1.0109,-1.0177,-2.3963,1.4369,2.8743,2.5069,5.3141,6.0427,2.8013,7.7179,7.6427,7.5988,6.2078,8.0847,12.0855,6.3249,7.2811,8.2307,6.0953,6.9265,7.6251,7.9152,8.4850,9.0669,5.7930,1.8591,2.3005,2.8562,7.6597,7.7680,7.8787,7.3713,3.6792,2.1107,4.4461,2.9905,4.6711,3.9993,1.2393,1.1379,0.9936,-1.1522,-2.5950,-0.3779,0.9347,-0.0483,-0.5955,-3.2517,-3.1380,1.3235,7.0250,6.1921,4.2655,3.2048,4.3555,4.2576,5.5055,5.3633,6.4586,4.5174,6.1774,8.5176,9.4414,7.7560,5.8283,6.2825,6.8643,7.4449,6.7469,6.0601,6.1031,7.6826,6.4256,6.3038,7.2696,7.9224,7.0282,7.2365,5.6049,5.1405,4.9328,4.4039,5.3492,4.6576,5.4558,4.8549,5.0928,5.8150,4.7022,4.3022,2.7948,4.3146,3.6073,4.1277,2.5614,3.3630,4.3029,5.5769,4.5868,3.0858,3.4326,3.3631,2.9062,2.5000,4.4020,3.6670,3.6540,4.1148,3.6507,3.5788,3.0059,3.0863,2.9587,3.0794,3.8034,2.5895,2.4531,3.6213,1.7350,1.9325,1.2277,0.5978,0.5345,-2.9801,0.2323,0.2793,-0.6697,-0.3755,0.3097,-0.3313,-0.8573,-0.8806,-0.1324,0.1807,1.3315,0.4355,0.5108,-0.1767,-1.9395,-1.3989,-0.3789,-0.5181,-2.5253,-4.1165,-4.1132,-2.0858,-1.9537,-1.3674,-1.0981,-0.4479,-0.3127,-0.2164,-0.1419,0.2304,0.1378,0.5908
45108.8750000,8.4568,9.6252,9.5440,10.9385,13.7004,9.3331,11.2687,7.6346,8.2078,7.0913,7.6622,7.1727,5.1935,7.1353,7.4648,7.2067,7.9178,7.8190,5.9338,6.5745,8.2325,6.2056,6.1076,7.5203,7.4629,11.1512,7.2821,5.9851,7.2012,5.6738,4.5984,2.9016,1.7268,4.7347,5.9758,5.4523,7.5683,8.2973,5.3005,9.5526,9.7019,9.0709,8.3314,9.9592,14.4306,9.6446,9.2063,9.8715,7.2210,7.8151,8.5048,9.5592,10.3736,10.7624,6.6212,6.3773,6.5272,6.9083,10.8436,10.0899,10.0843,9.2796,7.6535,6.5236,7.6562,6.8337,8.1164,7.4891,4.0135,3.7989,3.9630,2.5384,1.1840,2.0892,2.7272,2.4364,1.8354,-0.1895,-0.1037,3.6036,8.2081,7.6841,5.4186,4.1573,5.8589,5.5190,6.9986,6.9026,7.8447,5.0129,7.8265,10.0870,10.9596,9.6655,6.5940,7.0073,7.7328,7.5791,7.4536,6.5772,6.8226,9.7088,7.1483,7.2941,9.2247,10.0877,8.5653,9.4022,7.6935,8.6837,6.5018,5.7851,6.9433,5.7399,6.9010,6.4429,7.0034,7.7622,7.7217,7.3941,3.9736,6.3503,6.0018,6.3583,6.3596,6.8106,7.0999,8.2680,6.4161,4.5868,5.2519,5.2402,5.1495,5.0770,6.6620,5.7887,5.9304,6.2189,4.7990,4.8721,4.8495,5.3116,4.7247,4.1512,5.2733,3.7764,3.9838,5.3289,4.1345,3.9579,3.5601,2.7623,2.3631,-0.0014,1.7728,1.8319,1.3895,1.5056,1.7409,1.1968,1.0104,0.9597,1.3291,1.5850,2.2926,1.6867,1.7835,1.1713,-0.2029,0.0842,0.5298,0.5752,-0.6990,-2.0953,-2.2944,-0.8788,-0.8379,-0.4544,-0.3108,0.0386,0.2162,0.2881,0.3398,0.6106,0.5014,0.8919
45108.9166667,10.2707,12.7293,11.2108,13.3736,16.7356,10.0649,12.9770,10.4490,11.0461,8.7369,10.5196,9.2559,6.5828,9.3491,10.1877,9.7318,10.6796,10.2817,7.2396,8.5804,10.7102,8.3190,7.3421,9.3561,9.2076,13.0295,9.0249,7.3712,9.1461,7.3753,7.6120,6.2130,5.3583,7.4339,8.4887,7.6287,9.1135,9.8563,6.9442,10.7296,11.0011,9.7363,9.5005,10.9287,15.9105,12.1551,10.5073,10.9749,7.9479,8.3690,8.9773,10.5068,11.3806,11.4874,6.6603,9.6153,9.4499,9.6108,12.7580,11.0471,10.8587,9.7683,9.9813,9.4217,9.5385,9.4168,10.5171,10.1095,6.0800,5.9249,6.4508,5.9022,4.5348,4.1290,4.2490,4.7751,4.0699,2.7625,2.6640,5.6240,8.9709,8.4745,5.7436,4.2761,6.5910,6.1121,7.9022,7.8904,8.7400,5.1583,8.8916,11.0155,11.7390,10.7934,6.8329,7.2898,8.1001,7.3667,7.5374,6.5044,6.8310,10.5432,7.6172,7.7034,10.1024,10.9205,8.7475,10.1508,8.4906,11.0318,7.1571,6.4122,7.7606,6.1399,7.5381,7.0908,7.9036,8.6702,9.4523,9.1957,4.2109,7.3880,7.3856,7.7321,9.4141,9.6036,9.2323,10.3411,7.5727,5.3894,6.4580,6.6038,6.8857,7.1633,8.6622,7.5808,7.8583,7.9552,5.6096,5.8086,6.2581,7.0604,5.9649,4.8019,6.2622,4.4638,4.9751,6.5693,5.8193,5.2931,5.2470,4.4207,3.8097,2.7198,3.0688,3.0977,3.1296,3.0069,2.7011,2.3903,2.8284,2.6043,2.6042,2.8510,3.1386,2.6709,2.8675,2.3302,1.3813,1.3002,1.1740,1.2267,0.6155,-0.4391,-0.7004,0.1569,0.1205,0.2846,0.3062,0.5204,0.5556,0.4971,0.5212,0.7563,0.5505,0.9134
45108.9583333,10.8939,14.6425,12.0371,15.0051,19.1425,10.4526,14.1030,12.1994,12.6961,9.3071,12.0869,10.1521,6.9156,10.4530,11.8819,11.3743,12.7520,12.1819,8.1146,10.1045,12.8500,10.0070,8.3278,10.9315,10.7041,14.7922,10.4782,8.3993,10.6550,8.4980,9.8950,8.6958,8.1871,9.3859,10.3313,9.0806,10.0742,10.8155,7.8094,11.2904,11.6401,9.8503,9.9522,11.2217,16.6123,13.5677,10.8278,11.1909,7.9096,8.2753,8.8831,10.7921,11.7553,11.6770,6.4271,11.8076,11.2918,11.2528,13.8215,11.2929,10.9385,9.6165,11.1158,10.9962,10.2357,10.6629,11.6707,11.5253,7.0406,7.1492,8.2275,8.7663,7.3535,5.5840,5.3889,6.8279,5.9612,5.4950,5.1503,7.5987,9.8615,9.3021,6.0963,4.4150,7.0590,6.3448,8.2646,8.2157,8.9378,4.8258,9.1493,11.1831,11.7830,11.0745,6.4597,6.9369,7.8106,6.7865,7.1298,6.0466,6.4144,10.6508,7.6182,7.7374,10.5370,11.3565,8.7094,10.4087,8.6414,12.3254,7.0534,6.2651,7.7509,5.9223,7.4690,7.0468,8.0461,8.8681,10.2722,10.0864,4.0736,7.6712,7.8805,8.2460,11.4241,11.4086,10.4587,11.6088,8.0460,5.5799,6.9312,7.2037,7.7905,8.4089,10.0148,8.7395,9.1965,9.1819,6.0713,6.3646,7.1673,8.3229,6.7780,5.1906,6.9329,4.8437,5.5486,7.4313,6.9772,6.1470,6.3633,5.4389,4.6747,4.8438,3.9521,4.0374,4.5910,4.2826,3.4342,3.2332,4.4596,3.9862,3.6437,3.9491,3.9226,3.4943,3.7762,3.1970,2.5972,2.2214,1.6362,1.6537,1.5662,0.8415,0.5297,0.9558,0.8626,0.8307,0.7474,1.0321,0.9080,0.7196,0.7139,0.9376,0.6492,0.9761
45109.0000000,11.4558,16.2136,12.6761,16.2773,21.1592,10.7205,14.8913,13.4233,13.8543,9.6148,13.1533,10.6624,7.0128,10.9962,12.8835,12.3268,14.1283,13.4493,8.5483,11.1002,14.5229,11.2347,9.0308,12.2231,11.9779,16.4873,11.8076,9.3560,12.1240,9.5936,12.0756,11.0202,10.8609,11.2276,12.0922,10.4139,11.0061,11.7282,8.5390,11.8357,12.2210,10.0035,10.3227,11.4561,17.1298,14.5386,10.8295,11.1088,7.6238,7.9425,8.5316,10.6587,11.6900,11.4992,6.0676,13.2610,12.4669,12.2988,14.4840,11.3336,10.8791,9.4213,11.8286,12.0712,10.6158,11.4555,12.3924,12.4213,7.3668,7.6562,9.2368,10.8966,9.4626,6.5156,6.1412,8.5260,7.5563,8.0494,7.4795,9.6527,11.0208,10.4090,6.7474,4.8709,7.8110,6.8952,8.9138,8.7860,9.3588,4.8519,9.4719,11.3589,11.7770,11.1502,6.0746,6.4967,7.3442,6.1876,6.5871,5.5046,5.8697,10.3468,7.2881,7.4433,10.5233,11.3835,8.4541,10.3825,8.5662,13.1278,6.8470,6.0281,7.5566,5.6515,7.2319,6.8230,7.9044,8.7550,10.5735,10.4443,3.8736,7.6170,7.9580,8.3558,12.7597,12.6028,11.1837,12.4187,8.2351,5.5965,7.1132,7.4711,8.2734,9.1666,10.9425,9.4972,10.1339,10.0611,6.3559,6.7255,7.7969,9.2859,7.3753,5.4945,7.4760,5.1535,5.9994,8.1594,7.9119,6.8358,7.2571,6.2018,5.2811,6.4910,4.5496,4.6983,5.7357,5.2897,3.9998,3.8995,5.9797,5.2505,4.6210,5.0451,4.7809,4.3528,4.7465,4.0753,3.7001,3.0092,2.0199,2.0008,2.3173,1.8996,1.5452,1.6347,1.5037,1.3099,1.1458,1.6152,1.3270,1.0115,0.9946,1.2578,0.8729,1.2251
45109.0416667,11.1335,16.7137,12.5545,16.7190,22.3740,10.5406,15.1961,14.1498,14.6124,9.7440,13.8531,10.9354,7.0234,11.1895,13.4160,12.8180,14.9705,14.1961,8.6565,11.6119,15.6270,11.9137,9.3179,12.9988,12.7453,17.7111,12.6397,9.8847,13.1654,10.3251,13.8508,12.9400,13.1882,12.8174,13.6629,11.5791,11.8687,12.5930,9.1919,12.3036,12.7114,10.1488,10.6101,11.6313,17.5190,15.2641,10.7527,10.8949,7.3057,7.5757,8.1246,10.3359,11.3806,11.0947,5.6504,14.0686,13.0206,12.7392,14.6424,11.0323,10.5199,8.9999,12.0310,12.5741,10.6044,11.7684,12.6942,12.8582,7.3934,7.7877,9.7203,12.3441,10.8541,6.9355,6.4490,9.6562,8.6282,10.0901,9.3087,11.3552,11.9704,11.3221,7.2279,5.1643,8.4382,7.3906,9.5672,9.4000,9.8827,5.0515,9.9219,11.6788,11.9145,11.3054,5.9135,6.2560,7.0198,5.7914,6.1628,5.0837,5.3979,9.8631,6.7507,6.9128,10.1089,10.9904,7.9217,9.9453,8.1631,13.3901,6.4830,5.6966,7.2170,5.3190,6.8773,6.4812,7.5878,8.4406,10.5072,10.4208,3.6356,7.3606,7.7715,8.1859,13.5015,13.2362,11.4472,12.7664,8.1384,5.4316,7.0325,7.4511,8.3986,9.4936,11.4377,9.8596,10.6565,10.5577,6.4204,6.8526,8.1213,9.8911,7.6946,5.6199,7.7905,5.3025,6.2600,8.6568,8.5549,7.2888,7.8939,6.7584,5.7321,7.7914,4.9810,5.1727,6.6032,6.0350,4.3511,4.3489,7.2466,6.2667,5.4050,5.9841,5.5306,5.0890,5.6387,4.8936,4.7450,3.7585,2.4021,2.3208,2.9474,2.7900,2.3924,2.2029,2.0386,1.7069,1.4777,2.1730,1.7082,1.2636,1.2435,1.5736,1.0728,1.4935
45109.0833333,10.7288,16.8436,12.2460,16.7853,23.0912,10.2136,15.1078,14.3177,14.8357,9.5635,14.1188,10.9383,6.9104,11.1645,13.6555,13.0435,15.4883,14.6445,8.6514,11.8654,16.3920,12.3215,9.4495,13.5072,13.2572,18.6729,13.2268,10.2098,13.9089,10.7813,15.2218,14.4508,15.1281,14.1173,15.0046,12.5524,12.6295,13.3843,9.7646,12.7630,13.2000,10.3655,10.9312,11.8745,17.9324,15.8824,10.7023,10.7231,7.0706,7.3067,7.8179,10.0359,11.0663,10.7149,5.3613,14.5572,13.2862,12.9189,14.6129,10.6803,10.1247,8.5781,11.9852,12.7510,10.4061,11.7921,12.7061,12.9623,7.2036,7.6753,9.8706,13.3265,11.7798,7.0609,6.5213,10.3654,9.2791,11.6613,10.7030,12.7607,12.7693,12.0954,7.6015,5.3734,8.9323,7.7678,10.1074,9.9199,10.3566,5.2380,10.3690,12.0651,12.1735,11.5736,5.9448,6.2259,6.9183,5.6685,5.9958,4.9209,5.1769,9.5183,6.2764,6.4239,9.6094,10.4834,7.3754,9.3895,7.6271,13.2394,5.9986,5.2555,6.7388,4.9171,6.4270,6.0624,7.1671,8.0208,10.2322,10.1887,3.4141,7.0231,7.4676,7.8905,13.8496,13.5077,11.4426,12.8376,7.9268,5.2219,6.8349,7.2805,8.3110,9.5469,11.6386,9.9651,10.8900,10.7833,6.3637,6.8296,8.2252,10.2203,7.8220,5.6336,7.9348,5.3395,6.3690,8.9644,8.9781,7.5773,8.3260,7.1224,6.0283,8.7956,5.3005,5.5410,7.3037,6.6458,4.6289,4.6713,8.2953,7.0850,6.0301,6.7735,6.1827,5.7250,6.4360,5.6158,5.6914,4.4643,2.7885,2.6485,3.5328,3.5952,3.1471,2.7308,2.5373,2.0820,1.7922,2.7437,2.1064,1.5361,1.5140,1.9271,1.3056,1.8136
45109.1250000,10.2701,16.7279,11.8810,16.6882,23.5725,9.9599,15.0022,14.3930,14.9295,9.3916,14.2151,10.8483,6.7718,11.0044,13.6841,13.0894,15.7944,14.9341,8.6453,12.0486,17.0199,12.6690,9.6125,13.9773,13.7514,19.6144,13.8296,10.6022,14.6679,11.2904,16.5391,15.8992,17.0073,15.4298,16.3941,13.5963,13.5173,14.3187,10.4670,13.4166,13.8894,10.8236,11.4772,12.3782,18.6064,16.6787,10.9140,10.8166,7.0969,7.3037,7.7791,9.9708,10.9750,10.5781,5.3241,15.0662,13.6168,13.1948,14.7418,10.5864,10.0030,8.4495,12.0914,13.0285,10.4111,11.9476,12.8360,13.1171,7.0487,7.5234,9.8798,14.0259,12.4382,7.1001,6.5438,10.8713,9.7450,12.9812,11.8961,14.0747,13.6081,12.9340,8.0733,5.6980,9.5332,8.2714,10.7858,10.5895,11.0032,5.5861,10.9960,12.6755,12.6909,12.0900,6.2259,6.4616,7.1038,5.8391,6.1299,5.0453,5.2592,9.4913,6.0997,6.2152,9.3256,10.1700,7.0733,9.0212,7.2682,13.0426,5.6547,4.9307,6.3448,4.6173,6.0530,5.7169,6.7917,7.6344,9.9129,9.9095,3.2612,6.7311,7.1941,7.6264,14.0322,13.6549,11.4032,12.8687,7.7951,5.1232,6.7223,7.1783,8.2528,9.5833,11.7947,10.0569,11.0813,10.9763,6.3737,6.8550,8.3283,10.4942,7.9534,5.6945,8.0836,5.4134,6.4867,9.2421,9.3487,7.8532,8.7139,7.4422,6.2855,9.6202,5.5822,5.8702,7.9202,7.2029,4.9244,4.9927,9.2664,7.8542,6.6397,7.5502,6.8593,6.3880,7.2647,6.3641,6.6267,5.1705,3.1916,3.0220,4.1415,4.4043,3.9074,3.3014,3.0864,2.5164,2.1679,3.4108,2.5982,1.8937,1.8744,2.3972,1.6335,2.2648
45109.1666667,9.5932,16.1979,11.2527,16.2044,23.5463,9.4732,14.6060,14.2412,14.8496,9.1819,14.1768,10.7061,6.6397,10.7961,13.5784,12.9903,15.8739,15.0009,8.5275,12.0512,17.3637,12.7861,9.6101,14.2089,14.0091,20.2802,14.1909,10.8122,15.2208,11.6556,17.6409,17.1253,18.6683,16.5913,17.6571,14.5411,14.3551,15.2257,11.1378,14.0687,14.5812,11.3029,12.0310,12.9154,19.3569,17.5647,11.2964,11.0717,7.2907,7.4692,7.9129,10.0790,11.0492,10.6030,5.3966,15.5665,13.9516,13.4681,14.8949,10.5679,9.9649,8.4103,12.2098,13.2763,10.4540,12.1025,12.9857,13.2771,7.0077,7.4551,9.8727,14.5170,12.8636,7.0767,6.5016,11.1614,10.0078,13.9600,12.7477,15.0619,14.1891,13.5218,8.3331,5.8377,9.9550,8.6391,11.3632,11.1873,11.6174,5.8977,11.6368,13.3350,13.2851,12.7001,6.5900,6.8188,7.4464,6.1357,6.4097,5.2985,5.4910,9.6732,6.1452,6.2241,9.2455,10.0409,6.9602,8.8055,7.0717,12.8930,5.4648,4.7523,6.0835,4.4303,5.7811,5.4538,6.4752,7.2805,9.5513,9.5673,3.1044,6.4298,6.8933,7.3244,14.0000,13.6075,11.2370,12.7555,7.6042,4.9860,6.5713,7.0399,8.1404,9.5287,11.8264,10.0525,11.1576,11.0637,6.3451,6.8458,8.3749,10.6654,8.0201,5.7175,8.1707,5.4525,6.5617,9.4291,9.5961,8.0253,8.9858,7.6890,6.4989,10.2898,5.8029,6.1183,8.3978,7.6232,5.1305,5.2513,10.0951,8.4996,7.1501,8.2169,7.4302,6.9406,7.9971,7.0449,7.5268,5.8683,3.5986,3.3965,4.7557,5.2080,4.6644,3.8750,3.6342,2.9507,2.5450,4.0884,3.0786,2.2257,2.2104,2.8547,1.9245,2.7040
45109.2083333,8.9751,15.5938,10.6607,15.6602,23.3437,9.0487,14.1398,13.9253,14.5723,8.8725,13.9656,10.4662,6.4581,10.5286,13.3875,12.8290,15.8546,14.9881,8.4196,12.0017,17.5884,12.8504,9.6023,14.3702,14.2015,20.8406,14.4916,10.9827,15.6592,11.9235,18.5456,18.1595,20.1343,17.6297,18.8285,15.4227,15.1699,16.1228,11.7929,14.7607,15.3269,11.8550,12.6599,13.5570,20.2428,18.5238,11.7798,11.4567,7.5825,7.7578,8.1966,10.3697,11.3255,10.8480,5.6236,16.2004,14.4377,13.9103,15.2508,10.7739,10.1428,8.5697,12.4804,13.6440,10.6515,12.3774,13.2394,13.5085,7.0299,7.4610,9.9361,15.0016,13.2874,7.1054,6.5295,11.4183,10.2195,14.7965,13.4876,15.9854,14.7923,14.1268,8.6346,6.0239,10.3539,8.9634,11.8650,11.7047,12.1612,6.1426,12.2268,13.9964,13.9228,13.3570,6.9672,7.2024,7.8468,6.4991,6.7778,5.6292,5.8212,10.0527,6.2892,6.3633,9.3572,10.1326,7.0652,8.8166,7.0742,12.8875,5.4391,4.7188,5.9968,4.4011,5.6957,5.3804,6.3568,7.1320,9.3715,9.3882,3.0809,6.2690,6.7107,7.1224,13.9376,13.5256,11.0705,12.6248,7.4515,4.8845,6.4391,6.9063,8.0167,9.4467,11.8161,10.0255,11.1927,11.1135,6.3278,6.8347,8.3985,10.7899,8.0782,5.7497,8.2505,5.4960,6.6279,9.5972,9.8203,8.1982,9.2252,7.8813,6.6578,10.8299,5.9937,6.3459,8.8249,8.0140,5.3392,5.4715,10.8230,9.0719,7.6093,8.8275,7.9760,7.4727,8.6886,7.6705,8.3496,6.5218,3.9866,3.7637,5.3730,6.0202,5.4365,4.4854,4.2238,3.4238,2.9551,4.8355,3.6249,2.6158,2.6029,3.3819,2.2775,3.2133
45109.2500000,8.4155,14.7970,9.8555,14.6755,22.4048,8.0904,13.0705,13.1349,13.8803,8.2523,13.3352,9.8585,5.9927,9.9290,12.7857,12.2491,15.3221,14.4556,7.9099,11.5393,17.2397,12.4008,9.1452,13.9771,13.7957,20.6323,14.0766,10.5749,15.4857,11.7102,18.8820,18.6095,20.9823,18.0622,19.3531,15.6838,15.3613,16.4067,11.9213,14.8946,15.4784,11.8144,12.6925,13.6060,20.5693,19.1006,12.0100,11.6056,7.7005,7.8506,8.2470,10.4146,11.3292,10.7810,5.5258,16.5279,14.6434,14.0289,15.2197,10.5638,9.8857,8.2997,12.3527,13.6357,10.5298,12.3315,13.1864,13.4661,7.0228,7.4346,9.8576,15.1594,13.3747,7.0092,6.3918,11.3750,10.1532,15.1606,13.7099,16.2430,14.6535,13.9256,8.2094,5.5822,10.1328,8.7745,11.8672,11.7542,12.2505,6.0084,12.3688,14.1629,14.0490,13.5671,6.9960,7.3002,7.9838,6.5319,6.8335,5.6700,5.8898,10.1868,6.1921,6.2546,9.1925,9.9141,6.8471,8.5709,6.9244,12.7494,5.3260,4.6292,5.8309,4.2346,5.4452,5.0999,6.0217,6.7266,8.8850,8.9026,2.8249,5.9120,6.3494,6.7374,13.5644,13.1237,10.5981,12.1158,6.9686,4.5094,6.0470,6.5285,7.6329,9.0534,11.4236,9.6344,10.8360,10.7644,5.9790,6.5200,8.1316,10.5648,7.8133,5.4881,7.9958,5.2767,6.4496,9.4383,9.6794,8.0301,9.1528,7.8793,6.6748,11.1552,6.0251,6.3558,8.9438,8.0754,5.2617,5.4945,11.2133,9.3102,7.7551,9.0753,8.1247,7.6069,9.0025,8.0074,8.9755,7.0248,4.2759,4.0309,5.8818,6.7091,6.0926,4.9477,4.6542,3.7418,3.2208,5.3667,3.9118,2.7492,2.7462,3.6441,2.3684,3.4459
45109.2916667,6.6443,12.6690,7.9691,12.4273,19.9429,6.0502,10.5621,10.8118,11.6914,6.3918,11.2948,8.0171,4.4910,8.1610,10.9422,10.4779,13.5024,12.6149,6.3247,9.7824,15.4228,10.5171,7.4299,12.0710,11.8218,18.6196,11.9119,8.4861,13.4133,9.6849,17.1574,16.9761,19.6460,16.4582,17.7980,13.9760,13.6035,14.6795,10.1166,13.1722,13.6132,9.9162,10.7091,11.6384,18.8340,17.6913,10.5883,10.3016,6.5473,6.7575,7.1571,9.2117,10.0534,9.4461,4.3364,15.2808,13.2896,12.5379,13.5870,8.8326,8.0591,6.4494,10.2915,11.6468,8.6090,10.4371,11.4051,11.8618,6.0653,6.7139,9.0919,14.3785,12.4710,6.1571,5.6149,10.4215,9.1095,14.2387,12.4779,14.8435,12.8886,11.8665,6.0465,3.5739,7.8604,6.6188,9.7610,9.7119,10.3050,4.2781,10.5859,12.3907,12.2824,11.8885,5.4790,5.9569,6.7726,5.3864,5.6641,4.6047,4.8773,9.1331,5.0509,5.0863,7.8672,8.5034,5.5264,7.1685,5.6592,11.4342,4.2663,3.7190,4.9002,3.3827,4.4650,4.0575,4.8152,5.4378,7.3503,7.3044,1.7618,4.5360,4.9126,5.2890,11.8017,11.3267,8.7937,10.2147,5.2346,2.9976,4.4230,4.8973,5.9605,7.3062,9.6213,7.8953,9.1080,9.0567,4.4998,5.0405,6.6170,9.0746,6.3957,4.2471,6.6532,4.0860,5.2599,8.1867,8.3760,6.7460,7.9533,6.9137,5.9185,10.6782,5.4738,5.8304,8.3750,7.4381,4.5537,4.8012,10.6876,8.5762,6.9516,8.2978,7.2738,6.6513,8.1335,7.2184,8.6319,6.8050,4.0842,3.8410,5.9697,6.9115,6.2249,4.9239,4.5478,3.5177,2.9372,5.2486,3.5305,2.2563,2.2132,3.1072,1.8017,2.8558
45109.3333333,3.3310,8.8672,4.9108,8.9676,16.2566,3.5764,7.3875,7.4656,8.4545,3.8047,8.0842,5.1727,2.2314,5.2357,7.7591,7.4501,10.3055,9.4491,3.8884,7.1066,12.5956,7.7519,5.0895,9.4311,9.1561,15.6700,8.9874,5.7813,10.6465,6.9907,14.1944,14.0032,16.7597,13.4674,14.6069,10.8510,10.7443,11.6699,7.2072,10.4791,10.5691,7.1921,7.6422,8.6649,15.9075,14.9062,7.9644,7.9498,4.4886,4.8136,5.3270,7.1192,7.8658,7.2487,2.4630,12.7569,10.7615,10.1428,11.0488,6.6105,5.7786,4.2340,7.3568,8.7030,5.9239,7.5689,8.5980,9.0353,3.9728,5.0459,7.5454,12.7104,10.8726,4.6670,4.4615,8.9223,7.3985,12.5655,10.6677,12.9986,11.0770,9.8376,4.1455,1.8444,5.3093,4.2014,7.0671,6.9746,7.5494,2.1458,7.6258,9.2712,9.0171,8.6247,2.7592,3.2859,4.2367,3.3416,3.3680,2.5328,2.8732,7.0068,3.0760,3.1594,5.7085,6.2525,3.4942,4.9715,3.6740,9.2118,2.5905,2.1430,3.3516,2.0036,2.9799,2.6096,3.1322,3.6987,5.4167,5.3360,0.6082,2.8971,3.0100,3.4542,9.2073,8.7328,6.3963,7.7246,3.1191,1.2293,2.3280,2.6716,3.5693,4.7663,6.8596,5.3212,6.5012,6.5077,2.5782,2.9769,4.3274,6.7381,4.3116,2.5992,4.6596,2.4365,3.4588,6.2069,6.4528,4.9300,6.1323,5.2870,4.5351,9.3591,4.4499,4.9229,7.2185,6.3034,3.4727,3.6198,9.6339,7.3673,5.7629,7.1352,6.2524,5.5235,6.8899,5.8951,7.3842,5.7893,3.3417,3.1223,5.5885,6.6745,5.9567,4.7103,4.2763,3.2020,2.5594,5.0768,3.1738,1.8589,1.7324,2.5701,1.3885,2.3565
45109.3750000,-0.8866,3.7889,0.9836,4.2625,10.6614,-0.2580,2.5694,2.7358,4.0394,0.4027,3.7709,1.3261,-0.8085,1.2981,3.2416,3.3777,5.7908,4.8410,0.2447,2.5379,7.9597,3.0178,1.0736,5.0565,5.1775,10.6182,4.7606,1.3703,6.2578,2.7345,9.4540,9.5597,12.1338,8.6101,9.5694,5.1925,5.6860,6.5556,2.8634,6.6832,5.9793,3.6085,3.3069,4.6103,11.4539,10.2083,3.8042,4.0808,1.3429,1.8470,2.7353,3.9452,4.5140,3.9433,-0.2551,8.4155,6.5042,6.4256,6.5407,3.1303,2.4074,1.0665,2.9606,4.5034,2.6618,3.8720,5.2887,5.3921,0.6719,2.4205,5.0680,9.6932,8.2539,2.3325,2.8742,6.6475,4.8303,9.4311,7.3168,9.5704,8.4655,6.7253,1.3538,-0.5109,1.6877,1.2346,3.9859,4.1093,4.8433,0.7045,4.7735,5.8229,5.1563,4.3851,-0.7057,-0.2761,0.5042,0.4622,-0.1536,-0.6604,-0.3937,3.0850,-0.5405,-0.3345,1.8665,2.4419,0.0036,1.4922,0.5364,5.7564,0.0554,-0.1517,1.1490,0.3415,0.9734,0.5929,0.5555,1.0306,2.2432,2.1111,-1.5170,0.3803,0.1294,1.0079,5.5551,5.2654,3.5339,4.7570,0.5788,-0.9276,-0.2249,-0.1340,0.4907,1.4283,2.9508,1.8432,3.0462,3.4315,0.1798,0.2915,1.3353,3.6150,1.5043,0.2544,1.7330,0.1516,1.1858,3.3033,3.3046,1.7814,3.0413,2.9625,2.7902,7.3546,3.1052,3.9141,5.6593,4.6998,2.1435,1.8195,7.8545,5.2211,3.8081,5.3321,4.9042,4.0882,5.2370,4.2306,5.2520,3.8895,2.0307,1.6657,4.5882,5.6998,4.9902,4.0567,3.6180,2.5917,1.8931,4.7574,2.5934,1.1989,0.7796,1.5219,0.6409,1.8160
45109.4166667,-5.8713,-2.6416,-4.2684,-2.1131,5.2954,-3.9125,-2.7179,-3.7081,-1.7751,-3.9415,-1.6291,-3.4911,-4.5928,-3.4115,-2.8829,-2.8262,-0.7567,-1.4329,-4.3595,-3.6915,2.4324,-2.8649,-4.3956,-0.9921,0.5232,4.5450,-1.0591,-5.9846,-0.6037,-3.8902,0.9284,1.4578,4.5437,2.1724,2.7915,-1.4732,-1.0613,-1.7878,-4.6089,0.3859,-1.2184,-2.9440,-4.8744,-3.2549,3.8511,2.6108,-2.2049,-1.7935,-2.8960,-2.4021,-0.5308,-0.0871,0.2744,-0.0601,-3.2182,2.5321,0.1051,1.4415,1.3805,-2.0159,-2.8078,-3.8595,-4.3006,-2.7781,-3.1300,-2.8876,0.4441,0.7062,-3.7851,-1.6917,1.3964,4.6392,4.4016,-0.9932,0.7202,3.7666,1.4314,6.2027,2.1404,4.1454,5.3715,2.7260,-2.1587,-3.4625,-3.8113,-3.5143,-0.9903,-0.8719,-0.0623,-2.9408,0.1425,0.8516,-0.4023,-1.4392,-5.0257,-4.5123,-3.8414,-2.4575,-4.1012,-4.2578,-4.3166,-2.0337,-5.1486,-4.8670,-3.3808,-3.0629,-5.0095,-4.3733,-4.9314,0.1833,-3.8828,-3.5968,-2.2694,-1.8947,-1.5161,-1.7112,-2.5757,-1.5375,-1.0268,-1.4675,-4.0814,-3.1317,-4.3096,-3.4865,-1.7510,-1.0907,-2.0652,-0.3464,-3.5544,-4.2513,-3.7749,-3.8335,-3.3812,-2.7418,-1.6101,-3.8703,-2.5974,-0.9742,-3.1255,-3.8546,-3.6047,-0.8133,-2.2894,-2.9392,-2.5157,-3.9416,-2.6556,-0.2238,-0.6619,-2.8878,-1.2403,-1.5056,-0.6918,3.6178,0.4305,2.1570,3.3931,1.9703,0.3550,-0.4987,5.5774,2.6132,1.0027,1.6309,1.9705,1.2709,2.1172,1.6218,2.1579,1.2004,0.2286,-0.3720,2.7771,3.9374,3.2535,2.9833,2.2500,1.6102,0.9082,4.3981,1.9542,0.4798,0.1341,-0.0140,-0.5275,0.9150
45109.4583333,-14.9175,-13.3707,-10.5151,-10.1802,-3.3278,-9.5638,-9.6950,-11.5498,-7.8721,-7.8068,-5.3550,-6.2222,-6.7239,-7.1354,-7.2031,-7.2711,-5.8062,-6.2968,-7.3621,-9.0603,-2.4868,-8.1957,-7.3622,-7.7252,-4.2956,-0.7311,-5.3547,-8.9911,-5.4795,-9.5772,-5.1753,-6.1375,-2.5500,-2.4996,-1.8233,-6.1641,-6.2046,-9.0856,-12.5644,-6.0353,-7.3155,-7.9819,-12.2395,-10.5237,-1.5067,-5.0966,-8.3672,-8.7088,-7.9143,-7.6172,-4.3140,-4.3646,-3.7898,-3.3122,-4.8512,-1.6345,-4.9196,-0.9213,-0.4244,-3.5953,-4.5690,-5.5443,-9.5779,-8.3803,-5.9474,-7.0273,-4.0152,-4.3498,-8.7881,-5.8675,-2.3335,-1.1850,0.4040,-4.0686,-1.1689,1.6591,-1.2031,4.1567,-1.9026,0.5961,5.0710,1.6351,-2.7432,-3.6983,-7.4251,-6.6192,-6.6804,-7.1402,-3.9414,-5.4113,-3.4270,-2.7974,-3.9332,-5.9656,-8.1411,-7.9981,-7.7080,-4.6557,-7.3432,-7.0691,-7.1107,-6.0489,-8.8528,-8.3317,-7.4933,-7.1980,-8.1337,-9.5058,-10.2761,-5.7206,-7.5683,-6.9412,-6.0785,-4.7543,-4.5290,-4.1988,-5.3069,-3.4961,-3.3845,-3.9338,-5.2473,-5.2329,-6.3934,-6.0070,-8.1757,-5.7775,-6.3468,-4.3880,-6.5410,-6.5678,-6.5682,-6.6842,-5.7070,-4.4756,-3.5325,-8.1739,-7.8756,-6.3800,-6.6167,-7.3042,-9.2929,-5.7873,-6.2893,-5.9272,-5.6812,-7.3155,-6.2921,-3.3837,-3.7824,-6.0953,-4.0469,-6.2485,-6.1119,-1.8751,-3.2536,-0.3756,0.4211,-1.8007,-2.3337,-3.1850,3.2684,0.6691,-0.6440,-1.3949,-0.8231,-1.6637,-1.0867,-1.6640,-1.6502,-1.8532,-2.1242,-2.3659,0.1926,1.9225,1.4942,2.1578,0.9325,0.8455,0.2338,4.5938,2.0675,0.5799,0.2822,-0.9520,-1.6423,-0.1778
45109.5000000,-21.0727,-22.4439,-15.5813,-15.8038,-10.6851,-13.4818,-15.5926,-18.9160,-14.2379,-12.0044,-12.3829,-11.7933,-10.3802,-10.9497,-11.1182,-10.8520,-9.7107,-9.8073,-9.0778,-12.6384,-6.9214,-13.4679,-9.2835,-12.8286,-7.2321,-4.1019,-7.6126,-12.3964,-7.5302,-12.2505,-7.6808,-10.8821,-7.6853,-7.3538,-5.9348,-9.2947,-8.7460,-11.1840,-15.5768,-8.5201,-10.0527,-10.0460,-16.9442,-15.7220,-5.1778,-11.3444,-12.8859,-13.5878,-12.7067,-13.0530,-8.4802,-9.1748,-8.3756,-7.1068,-8.8433,-7.9364,-8.8874,-3.7658,-0.7262,-3.3307,-4.0019,-4.6596,-11.3527,-10.4828,-7.7975,-8.5057,-4.2260,-5.2275,-11.3624,-8.5832,-5.4441,-7.1061,-6.7742,-7.7369,-4.7525,-0.8348,-3.4437,2.6589,-5.2160,-2.8813,5.4325,1.4210,-2.5646,-3.3757,-9.4791,-8.0572,-6.3294,-9.0438,-5.2828,-6.0425,-6.0227,-5.8673,-6.8879,-9.5244,-9.9971,-9.8719,-9.7723,-5.3164,-8.9647,-8.3934,-8.5656,-8.8516,-11.9657,-11.2950,-11.2108,-10.9259,-10.7510,-12.3979,-14.0185,-11.3243,-10.8174,-9.8966,-8.0401,-6.7334,-6.9967,-6.4566,-9.8643,-6.1601,-6.2104,-6.5065,-6.4505,-6.7361,-7.8083,-7.5874,-9.7786,-9.4302,-9.6757,-7.4915,-8.5201,-7.8351,-8.3603,-9.7809,-10.5327,-9.7011,-6.9985,-9.8973,-9.5502,-8.4556,-7.4706,-8.4703,-10.5409,-8.5639,-8.7716,-7.9970,-8.6210,-9.3196,-9.4319,-6.8458,-9.8623,-10.4318,-9.0219,-9.4366,-8.3443,-6.6606,-5.8049,-2.4354,-2.8260,-3.6584,-4.7888,-6.5944,-0.5587,-2.5924,-3.3779,-4.6395,-3.6742,-4.1884,-4.4285,-5.0748,-5.6474,-5.0626,-4.7048,-4.8391,-3.4268,-1.3420,-0.9854,0.8460,-0.5319,0.0788,-0.3821,4.7599,2.1027,0.5482,0.3502,0.4353,-0.2315,0.1796
45109.5416667,-24.1949,-29.5098,-21.0474,-21.9268,-18.4688,-17.4397,-21.2115,-25.8319,-20.1585,-15.6548,-17.2417,-15.9188,-13.2103,-14.7211,-15.6653,-15.4098,-14.8421,-14.4808,-11.8596,-15.4322,-10.7996,-18.1916,-11.2914,-17.9550,-10.3547,-7.3637,-10.0368,-14.7467,-9.3501,-15.3290,-9.7809,-14.6180,-11.8656,-7.8981,-7.2366,-10.5773,-10.2652,-13.0576,-18.6874,-11.2961,-13.0229,-12.4135,-21.9462,-21.5102,-11.2434,-18.3397,-17.1507,-16.1415,-15.2985,-16.2619,-11.1627,-13.1746,-12.8669,-11.3831,-12.9940,-17.3247,-16.6821,-11.1665,-4.1720,-6.0788,-6.3202,-6.5713,-15.9791,-15.8750,-12.5179,-11.5681,-7.8571,-8.3502,-13.6142,-10.2324,-7.1865,-9.1213,-12.9103,-12.5588,-9.3462,-5.9617,-7.9857,-0.7904,-8.9220,-7.2231,4.6974,-0.0053,-3.7793,-4.5782,-13.3549,-13.5719,-11.0967,-15.1611,-9.9017,-8.7205,-8.6345,-8.0916,-8.7694,-11.9976,-11.1461,-11.3031,-11.6115,-6.1096,-10.6165,-9.8114,-10.0509,-11.5354,-12.4995,-12.1161,-13.2156,-13.4604,-12.6338,-14.9637,-17.8098,-16.9023,-13.5945,-12.2343,-9.8390,-8.3180,-9.0390,-8.4291,-13.0059,-10.0636,-10.5911,-10.8162,-8.9656,-10.0316,-10.9362,-10.4862,-13.1233,-12.1328,-12.0290,-9.8072,-9.9409,-8.7226,-9.7331,-10.0089,-13.2083,-13.5255,-8.9440,-11.8578,-11.9366,-10.1568,-8.3389,-9.8177,-12.0229,-10.9109,-10.5151,-9.1702,-10.2435,-10.1466,-10.8619,-8.8592,-14.7641,-13.3110,-13.5446,-14.3991,-12.4547,-12.8579,-8.9916,-6.1063,-7.1889,-6.5614,-7.2326,-9.2770,-4.3006,-5.8295,-6.2469,-6.8937,-4.8193,-6.0556,-7.6054,-8.6803,-10.2612,-8.7212,-7.0570,-6.6730,-6.1941,-4.5621,-4.0207,-1.3268,-3.6543,-2.5360,-2.3677,3.4992,0.9994,-0.3843,-0.4105,0.5251,-0.2378,-0.0011
45109.5833333,-23.6137,-27.3689,-19.4314,-20.5171,-18.2762,-14.2280,-20.5615,-28.2539,-22.8802,-16.5749,-19.2707,-17.2205,-13.5984,-15.6981,-17.1133,-16.7221,-16.6247,-15.8717,-11.7332,-15.7486,-11.5473,-19.1920,-10.3754,-20.0434,-11.4795,-8.0718,-12.8762,-15.0549,-8.4607,-14.8641,-12.1256,-15.6785,-12.0915,-2.8751,-0.8848,-3.5606,-3.3002,-7.3579,-14.9202,-7.3639,-9.2138,-8.2544,-19.1212,-15.4932,-9.3083,-20.6806,-18.5031,-16.4426,-15.9506,-17.4703,-12.4835,-14.5738,-13.8290,-11.3352,-10.1893,-20.3997,-19.5438,-14.7195,-4.7766,-6.1201,-6.2120,-6.2469,-17.3049,-17.7218,-13.4483,-8.5045,-6.1562,-7.8394,-15.2037,-11.6822,-8.1252,-8.6886,-11.6036,-13.5422,-9.5020,-8.5457,-10.7388,-6.7578,-12.4870,-9.9896,4.8716,0.9487,-2.0116,-2.4077,-8.2156,-9.1489,-8.6811,-12.5735,-9.7127,-8.1342,-10.0744,-9.5635,-9.7001,-13.1460,-11.0850,-11.2157,-11.4471,-4.7680,-9.6228,-8.6655,-8.9719,-11.0504,-11.5932,-10.8454,-11.9077,-11.9092,-10.3886,-12.9596,-16.1897,-18.3796,-13.4820,-12.5219,-9.8444,-7.9795,-8.7753,-7.7205,-10.7074,-8.6210,-9.1813,-9.4018,-6.3460,-8.7995,-10.4270,-10.6458,-17.0453,-14.0710,-12.8001,-9.7345,-8.7105,-6.9340,-9.9063,-8.6969,-12.4631,-13.1218,-6.9514,-10.0920,-13.5137,-9.7622,-6.8803,-7.9837,-9.7738,-8.8639,-8.0882,-6.7313,-8.1375,-8.0942,-8.8152,-6.4514,-14.2296,-10.1544,-12.7053,-15.2793,-13.9929,-17.5879,-9.9376,-7.5083,-9.5918,-7.9025,-7.9353,-10.9527,-7.1144,-7.7918,-7.5278,-7.4702,-4.1070,-5.4087,-7.7320,-9.2970,-12.8944,-11.2485,-8.6692,-8.5199,-8.4240,-6.8925,-6.1146,-2.4289,-3.7614,-3.2683,-3.3073,2.5323,0.3658,-0.7566,-0.7137,0.7428,0.0967,0.4140
45109.6250000,-16.4451,-21.9796,-15.2898,-16.7945,-15.6507,-10.2060,-16.7098,-25.3554,-19.9167,-12.8314,-16.4668,-14.3635,-10.7721,-13.7335,-15.7935,-15.4996,-15.8748,-14.8470,-9.9010,-13.8458,-10.2154,-18.0498,-8.2544,-15.2351,-9.2503,-6.6370,-14.1582,-14.5078,-7.3678,-12.2335,-12.5311,-15.0307,-11.2533,-1.9752,4.9254,2.1398,7.0800,4.4290,-4.2142,3.9125,1.7996,1.9373,-9.5723,-5.1513,-1.4724,-15.5379,-13.0673,-11.0848,-11.5960,-10.3753,-8.5401,-12.2381,-12.3553,-9.9400,-9.7387,-21.7055,-19.8326,-15.5121,-2.6067,-3.2511,-2.9124,-2.7277,-14.5206,-15.4382,-10.8686,-7.3406,-1.4231,-3.1996,-12.4295,-9.7961,-6.5910,-5.5151,-6.8038,-9.1653,-3.5298,-6.0348,-9.3572,-9.1110,-13.4205,-6.1692,6.2057,2.1675,-0.8337,-1.3936,-4.7965,-5.7636,-5.1490,-7.6103,-5.1804,-3.5325,-5.1843,-4.6950,-4.8302,-8.7250,-6.1507,-6.7039,-7.8987,-1.4731,-6.8520,-6.2246,-6.6449,-8.8762,-8.6679,-7.5601,-8.4669,-8.6978,-7.1979,-9.4437,-12.4209,-15.8758,-10.1126,-9.4068,-6.7832,-5.2405,-6.1516,-7.2393,-7.7826,-5.9180,-8.5798,-8.3848,-3.6281,-4.1967,-5.4111,-5.5659,-10.9475,-10.4496,-9.5808,-6.8509,-5.9360,-6.1691,-6.3398,-8.1839,-10.9324,-11.6428,-4.0549,-6.9588,-9.4177,-7.0040,-4.4487,-5.6637,-6.8047,-6.5412,-4.6059,-1.8141,-2.4993,-3.1147,-5.4097,-1.1629,-9.4631,-5.4263,-5.6675,-9.8934,-10.1598,-17.4272,-8.8951,-5.8453,-8.8497,-6.8714,-6.6156,-10.1232,-7.5393,-7.9518,-6.3879,-6.2148,-2.4577,-3.8903,-6.3027,-7.6435,-12.1404,-11.1914,-8.5482,-8.9253,-10.0821,-8.8782,-7.0464,-3.0238,-3.6733,-3.1830,-3.0217,2.6353,0.6978,-0.3034,-0.2102,1.4727,0.6645,1.1849
45109.6666667,-13.0253,-16.1679,-9.1987,-10.3163,-9.5831,-4.4324,-10.8262,-20.9609,-15.8524,-8.8492,-11.5901,-8.8471,-6.2908,-9.3149,-11.8019,-11.8396,-12.7019,-11.7918,-6.9675,-10.7444,-7.3394,-13.8599,-4.6365,-9.3828,-4.9872,-1.3553,-10.6598,-11.1492,-6.5326,-10.8956,-12.8917,-15.1659,-11.5277,-3.2476,3.4484,0.7780,8.5020,7.5582,-1.4403,9.1015,8.2152,8.1043,-1.3584,3.2214,7.1751,-7.5471,-5.2657,-3.1504,-4.9713,-4.1867,-2.3234,-5.7373,-6.0266,-3.8560,-5.0526,-18.6972,-17.0087,-13.5136,0.2744,-0.4406,-0.1958,-0.2242,-12.2339,-13.8245,-9.5174,-8.5240,-3.4228,-1.3127,-8.9672,-6.2429,-2.7719,-4.6914,-6.5080,-5.9673,0.6091,-1.2971,-4.4393,-6.5680,-9.9068,0.1218,10.5240,6.4555,2.9756,1.8891,0.2041,-1.3431,-0.8589,-2.7558,-0.9319,-0.3064,-0.3510,1.5640,1.4002,-2.8903,-2.8110,-1.8586,-2.5115,3.4363,-1.6054,-1.4732,-2.0526,-4.0349,-4.5692,-5.2793,-4.8733,-4.6261,-3.2290,-4.6438,-7.7922,-11.7032,-6.3999,-6.0476,-3.2954,-1.7161,-2.2834,-4.5311,-3.7956,-2.3075,-7.2013,-7.2060,-2.5685,-2.2109,-3.5985,-2.0913,-6.0497,-4.8531,-4.1252,-1.4266,-1.2380,-2.9693,-3.2970,-5.1359,-8.2789,-9.2096,-1.2304,-3.9257,-5.3866,-3.7475,-1.6117,-2.6083,-4.6783,-5.1616,-4.5164,-1.3028,-0.7394,-1.6781,-3.9759,1.6703,-6.3373,-3.1944,-3.0469,-4.0962,-4.4409,-12.0920,-5.1212,-2.6212,-5.0666,-3.2338,-3.1136,-7.5035,-6.4311,-8.4030,-6.1194,-5.3469,-0.9713,-2.3063,-3.5094,-6.0263,-10.3781,-9.5989,-6.2532,-7.5376,-10.0269,-9.7669,-8.5540,-3.4558,-3.2779,-2.6933,-2.4806,2.9288,1.1891,0.2252,0.3162,2.1110,1.1801,1.9137
45109.7083333,-8.7569,-12.2978,-4.4996,-4.0558,-2.0733,3.0042,-2.1593,-13.7998,-9.2873,-3.6187,-8.2529,-4.2776,-2.4921,-4.1232,-6.0693,-6.1440,-7.0707,-6.4003,-2.5427,-5.8971,-3.9676,-8.0889,-0.4835,-3.2755,-3.0153,3.3705,-5.9220,-6.5836,-2.7249,-6.0889,-7.7439,-10.8583,-9.0757,-1.8963,4.0917,1.6881,10.2917,10.1444,0.4106,11.2846,11.0122,10.4246,4.4088,8.3694,13.5859,-0.2549,1.5979,3.9402,1.5240,3.3576,4.2734,1.4583,1.0447,2.7760,0.3246,-12.8744,-11.7868,-9.0127,4.9951,4.4122,4.4597,3.9914,-6.8957,-8.9415,-3.1877,-5.0419,-0.0823,1.1266,-7.3763,-4.6636,-1.8772,-1.5725,-5.2768,-3.9792,2.1934,1.2937,-1.2932,-4.1427,-5.4632,5.7002,14.5945,10.9705,6.8226,5.0804,5.5700,3.8652,4.9218,3.5334,4.9886,3.8745,2.9888,7.2499,7.5126,3.5792,1.4105,2.8693,2.5391,7.3026,2.9488,2.5734,2.1825,1.5580,1.0694,0.9020,1.5320,1.8405,1.9582,0.6687,-2.9124,-6.4172,-2.3927,-2.3629,-0.7691,0.8927,0.9331,-1.6563,-0.3695,1.6565,-3.7366,-3.9842,-0.4160,0.7938,-1.7990,0.5037,-3.4245,-1.0165,-0.0548,3.0692,2.4809,0.0967,-0.0793,-0.0696,-3.4086,-4.5376,2.8800,0.0353,-0.9678,0.1062,1.0790,0.2175,-2.4793,-1.3449,-1.1721,1.4964,2.4572,0.5679,-0.9138,4.6420,-3.2701,-1.4262,-1.7082,-2.4204,-1.8356,-7.0658,-0.5304,0.0093,-0.2370,0.0514,0.7718,-2.8512,-1.8311,-3.2810,-2.0307,-2.1643,1.3218,-2.0652,-1.8567,-4.6648,-8.0778,-7.2567,-4.4015,-5.2213,-8.1211,-8.7819,-8.6352,-4.0343,-3.8147,-3.1449,-2.7159,2.3344,0.9964,0.2437,0.4887,2.4077,1.4271,2.5280
45109.7500000,-3.6577,-6.8342,0.4584,-0.7391,1.1339,5.6408,3.4124,-6.5137,-2.4240,2.5648,-1.8123,1.5764,1.8400,1.4703,0.0500,-0.1518,-0.7013,0.0468,2.2251,-1.0250,0.1715,-2.3492,2.9656,2.9946,1.5414,9.1364,0.4854,-0.9296,1.4798,-1.3578,-3.6301,-6.4422,-5.5770,0.4565,5.5550,3.2882,10.7057,12.8984,4.1561,15.0857,15.5469,14.4547,10.8052,14.3241,20.5794,7.4446,7.8332,10.0458,6.2543,8.7322,9.7294,8.5392,8.6899,10.1396,5.6006,-3.9618,-3.5142,-1.8510,9.9012,9.3850,9.4473,8.6896,0.1091,-1.5707,3.2492,1.0037,6.2078,6.0246,-2.6829,-1.1479,0.9442,2.1312,-2.4961,-1.3532,3.6556,3.8860,1.6811,-0.8374,-0.9195,10.4932,18.3272,15.4233,10.4249,7.9566,10.4843,8.7316,10.7405,9.8941,11.3249,8.0741,8.3077,13.5456,14.0440,10.3321,5.8808,7.4001,7.7147,11.0218,7.6460,6.6863,6.4389,7.9879,6.8445,6.6152,7.2739,8.9708,8.2146,7.8440,4.0915,1.5938,3.0791,2.3556,3.6672,4.3679,4.9028,2.5942,3.3237,5.2844,0.5019,-0.0023,1.4529,3.6421,0.9906,3.3441,1.0874,3.5999,4.8559,8.0110,6.2248,3.0967,3.1174,3.5457,1.4876,0.5017,7.1919,4.6370,4.3419,5.2151,4.7943,4.2028,1.7857,2.3192,2.0281,3.7458,5.2790,2.3247,1.5461,6.9891,0.5744,1.3892,0.9230,0.0285,0.1766,-3.6494,1.5602,1.6173,2.0719,2.4776,2.6200,0.8614,3.3641,1.5151,2.6428,3.7049,6.4981,2.7299,3.2524,-0.1462,-4.0039,-4.1885,-2.4487,-2.9651,-5.4334,-6.2184,-6.1499,-2.3090,-2.2606,-1.8414,-1.6579,2.4635,1.3855,0.7233,0.9052,2.6366,1.6854,2.9578
45109.7916667,3.1516,0.0243,5.0762,3.3459,4.3096,6.5020,5.8853,-1.9472,1.0946,4.0437,1.9031,4.5996,4.0508,5.4284,4.9239,4.7758,4.8073,4.9962,5.3797,3.6056,4.5460,2.0852,4.7432,6.1341,4.4518,11.7990,3.5043,2.1048,4.0092,1.7583,0.0688,-2.5524,-2.2432,2.6643,6.7851,4.4675,10.0360,12.7863,5.0104,15.4093,16.2601,15.0634,13.1552,16.5796,24.5011,13.8762,12.8575,14.5969,9.8736,11.8594,12.7604,12.8819,13.6386,14.5901,8.3391,3.6930,3.4467,4.3718,13.9847,13.0746,13.0411,11.8195,6.0609,4.2238,7.5892,5.5287,10.1859,9.7714,1.9465,2.8985,4.6311,5.7652,1.4604,1.6845,4.8514,6.6298,4.7791,3.0575,2.9118,13.3894,19.6499,17.2441,11.3808,8.4033,12.3545,11.2334,14.3376,14.0320,15.5151,10.1526,13.0106,18.2048,18.8606,15.6350,9.7655,10.6660,11.5517,13.0190,10.8828,9.4880,9.1973,12.6172,9.9396,9.9326,11.4868,13.3873,11.7061,12.3176,8.8672,8.6294,7.4249,6.4884,7.9321,7.2887,8.3557,6.4770,7.0434,8.5730,5.2489,4.5091,3.3263,5.7471,4.0317,5.7675,4.7598,6.4939,7.5997,10.4698,7.9502,4.7121,5.3627,5.5627,4.5684,4.0915,9.6437,7.3988,7.7140,8.5018,6.6600,6.6538,5.4034,5.9684,4.9083,5.3277,7.2753,4.0279,3.8012,7.9814,3.6396,3.6016,3.1792,2.2422,2.1582,-0.5351,2.4685,2.5452,2.9894,3.0387,2.5644,1.9118,5.4184,3.6509,4.2719,5.8497,7.7352,4.7517,6.0646,3.5235,0.5696,-0.1507,0.2301,-0.4151,-2.5809,-3.8704,-3.7336,-0.6822,-0.5772,-0.2534,-0.1541,3.0190,1.9854,1.2894,1.3914,2.7838,1.7486,3.0606
45109.8333333,9.6437,7.4606,9.3317,7.8081,7.9685,7.2179,7.4368,1.2053,2.9071,3.9132,2.6609,4.0978,2.9279,5.3598,5.6698,5.7768,6.4812,6.3246,5.2156,4.8134,5.8712,3.2615,4.3490,5.8487,4.4621,10.8695,3.4986,2.0685,3.6920,1.6765,0.3829,-2.1163,-2.3162,1.4969,4.6931,2.6814,7.0387,9.7725,3.3181,12.4286,13.0955,11.5468,10.6818,13.8560,23.0507,15.3557,13.3821,15.0259,10.2550,11.7725,12.7942,14.0804,15.1981,15.6079,8.4532,8.1885,7.2157,7.3023,14.5566,12.3678,12.2683,10.8863,7.7916,6.3509,8.1967,6.8826,10.7795,10.7195,4.3671,5.2110,6.6481,7.6620,3.6658,2.9882,4.5170,6.6971,5.1015,4.0994,3.5133,12.0779,17.0652,15.1757,8.9671,6.0655,10.5757,9.6026,13.2966,13.0865,14.8443,8.2680,13.4152,18.2293,19.0740,16.3964,9.5660,10.4779,11.8453,11.8981,11.0177,9.5011,9.5831,14.4282,11.4391,11.2218,13.5191,14.8246,11.9451,13.4532,10.3776,12.4052,8.7275,7.7781,9.4623,7.8199,9.3520,7.9337,8.5988,9.6850,7.9433,7.0991,3.6473,6.5171,5.4264,6.4961,6.6576,7.6214,7.9242,10.0939,6.8372,3.8487,4.7753,4.9662,4.6320,4.5508,8.9611,7.0295,7.7064,8.3660,5.6121,5.8360,5.6298,6.6168,5.1730,4.7045,6.9434,3.9770,4.2575,7.4942,4.5099,3.9494,3.7420,2.9018,2.7624,1.3305,2.5481,2.6047,3.0744,2.7882,2.0993,1.8334,5.2858,3.5911,3.6725,5.1661,6.1566,3.9974,5.3745,3.7661,2.6123,2.2953,2.0154,1.7096,0.1849,-1.4785,-1.9259,0.0412,0.0056,0.1593,0.1939,2.5313,1.5605,0.9247,0.9956,2.0299,1.0811,2.2166
45109.8750000,13.9848,14.3657,13.9390,13.9258,14.7188,10.8947,11.8811,6.1693,6.3663,5.6532,5.0153,5.0778,3.2759,5.6715,6.1026,5.9088,6.7859,6.5855,4.6301,5.1149,6.6196,4.1992,4.3534,6.0680,5.0605,10.6364,4.3089,2.8213,4.0851,2.1506,1.0964,-1.1658,-1.7553,1.1172,3.5369,1.7092,4.8976,7.0698,1.8744,9.4005,10.2031,8.4108,8.2017,10.9748,20.4369,14.6158,11.7035,13.2958,8.8061,9.9954,11.1245,13.4126,14.9220,15.2009,7.9181,11.4738,10.2533,10.0773,15.7441,12.6748,12.2978,10.6445,9.6087,8.4963,8.9243,8.1732,10.9862,11.0110,5.0981,5.8732,7.6156,9.4062,5.9601,4.1608,4.8129,7.3648,5.7795,5.5702,4.7705,11.8406,15.3784,13.7660,7.5568,4.8579,9.1869,7.9957,11.5964,11.4377,12.9706,6.1342,12.2685,16.6898,17.5491,15.5631,8.2542,9.1129,10.5752,9.8566,9.8236,8.3469,8.7484,14.5467,11.7786,11.7721,15.0806,16.2961,12.6183,14.4850,11.3153,14.8822,9.0226,7.9434,9.8223,7.7083,9.5716,8.6007,9.5628,10.6113,10.3957,9.6696,4.4834,7.7658,7.1457,7.7081,9.1963,9.4682,8.8983,10.6509,6.8347,4.1145,5.0164,5.0941,5.0509,5.1639,8.5073,6.6409,7.3008,7.7191,4.5949,4.8848,5.2271,6.4736,4.9152,3.9422,6.0876,3.5507,4.0809,6.8975,5.0485,4.3153,4.2933,3.3511,2.9491,2.5332,2.5804,2.7231,3.4492,3.1220,2.3902,2.1239,5.2634,3.8420,3.5604,4.7740,5.1976,3.7353,4.8635,3.5595,3.1233,2.9775,2.4065,2.6466,2.3121,1.0034,0.2225,1.2394,1.0063,0.8754,0.7323,2.4254,1.5559,0.9960,1.0053,1.7262,0.9639,1.8062
45109.9166667,16.0550,19.0434,16.6539,18.4076,20.5391,13.4111,15.9675,11.4830,11.2859,9.0208,9.4326,8.2833,5.6777,8.0371,8.4748,7.7900,8.4676,7.8519,5.1208,5.9755,7.6967,5.2972,4.7604,6.6276,5.8673,10.8622,5.3468,3.9141,5.2516,3.5199,3.0777,1.1664,0.4703,2.5291,4.3142,2.5822,4.7772,6.3982,2.1777,8.1830,8.8750,6.8830,6.9546,9.1755,18.1878,13.5646,9.9058,11.3222,7.1557,8.0441,9.0775,11.7590,13.4163,13.5891,6.5937,13.0733,11.9209,11.7573,16.3929,12.7480,12.3147,10.6166,11.4046,10.8818,10.3451,10.2488,12.3523,12.3143,6.0215,6.4209,8.1942,10.6668,7.7065,5.0991,5.2295,8.2380,6.8209,7.4868,6.6120,12.5119,14.7994,13.4039,7.3323,4.8584,9.0508,7.7956,11.2116,11.0368,12.2639,5.5049,11.7561,15.6074,16.2698,14.7127,7.2805,8.0070,9.3475,8.1946,8.5113,7.0946,7.5822,13.7195,11.2001,11.3646,15.4466,16.7451,12.6044,15.0287,12.0583,17.1171,9.5183,8.3268,10.2519,7.8256,9.7853,8.9901,10.1306,11.1419,12.0363,11.4692,4.8768,8.7615,8.6017,9.0376,12.0567,11.9509,10.7086,12.2027,7.8732,5.1782,6.2229,6.3014,6.4927,6.7820,9.4076,7.5195,8.0675,8.1751,4.7851,5.0085,5.5707,6.8521,5.1469,3.8588,5.7857,3.5246,4.1311,6.6116,5.4952,4.6645,4.8719,3.9873,3.4165,3.7613,2.9108,3.0357,3.9232,3.5445,2.7482,2.6205,5.6501,4.4255,3.9048,4.9242,4.9603,3.9495,4.9427,3.8651,3.6938,3.2620,2.3166,2.7204,3.3772,2.8236,2.1540,2.5196,2.2403,1.8818,1.5968,2.9930,2.0728,1.4496,1.4124,1.9744,1.2364,1.9190
45109.9583333,16.1705,21.3919,17.5025,20.8905,24.6246,14.3812,18.4386,15.0973,15.0191,11.3451,13.2818,11.2486,7.8447,10.7358,11.6255,10.7170,11.4951,10.5190,6.8892,8.0596,10.0253,7.3674,6.1620,8.1586,7.4396,11.9721,6.8421,5.2071,6.6238,4.8159,5.0197,3.4075,2.7981,4.2054,5.6062,3.9532,5.4675,6.7297,3.1907,8.0859,8.6726,6.5731,6.7720,8.4970,16.7926,12.8485,8.6034,9.7754,5.9074,6.5442,7.4060,10.0634,11.6631,11.7164,5.2819,13.3221,12.1575,12.0028,15.8960,11.8843,11.4528,9.7913,11.8914,11.9365,10.7097,11.2610,13.0754,13.2476,6.8720,7.1715,9.0478,12.1049,9.3872,5.8327,5.6428,9.0273,7.6729,9.1750,8.2139,13.2738,14.5800,13.3540,7.3942,5.0312,9.1512,7.8528,11.1392,10.9729,12.0000,5.4059,11.6660,15.0636,15.5359,14.2317,6.8073,7.3563,8.4938,7.1577,7.5547,6.1964,6.6324,12.6518,10.2405,10.4763,14.9673,16.3225,11.9177,14.7300,11.9283,18.3157,9.4673,8.3211,10.3525,7.7927,9.8613,9.1872,10.4975,11.5434,13.2451,12.8014,5.0964,9.4228,9.5347,9.9254,14.3989,14.0448,12.2619,13.6950,8.8431,5.9987,7.3058,7.4797,7.9460,8.4970,10.8017,8.8744,9.4223,9.3280,5.6089,5.8090,6.5262,7.8619,5.9545,4.3964,6.1913,3.9749,4.5779,6.8378,6.1324,5.1593,5.4616,4.5165,3.8202,4.8441,3.2911,3.4328,4.4987,4.0700,3.1164,3.0485,6.1676,5.0213,4.3243,5.2537,5.0430,4.2978,5.2251,4.2763,4.3024,3.5804,2.3144,2.6442,3.7852,3.8488,3.3910,3.3425,3.1162,2.6197,2.2780,3.7900,2.7647,2.0088,1.9689,2.5508,1.7067,2.4086
