File Created:,Sun Jul 28 14:44:28 2024
Heat Source Version:,9.0.0b26
Simulation Name:,WFK23
User Text:,Westfork Kickapoo
Output:,Solar Radiation Flux above Topographic Features (watts/square meter)
""
Datetime,23.500,23.400,23.300,23.200,23.100,23.000,22.900,22.800,22.700,22.600,22.500,22.400,22.300,22.200,22.100,22.000,21.900,21.800,21.700,21.600,21.500,21.400,21.300,21.200,21.100,21.000,20.900,20.800,20.700,20.600,20.500,20.400,20.300,20.200,20.100,20.000,19.900,19.800,19.700,19.600,19.500,19.400,19.300,19.200,19.100,19.000,18.900,18.800,18.700,18.600,18.500,18.400,18.300,18.200,18.100,18.000,17.900,17.800,17.700,17.600,17.500,17.400,17.300,17.200,17.100,17.000,16.900,16.800,16.700,16.600,16.500,16.400,16.300,16.200,16.100,16.000,15.900,15.800,15.700,15.600,15.500,15.400,15.300,15.200,15.100,15.000,14.900,14.800,14.700,14.600,14.500,14.400,14.300,14.200,14.100,14.000,13.900,13.800,13.700,13.600,13.500,13.400,13.300,13.200,13.100,13.000,12.900,12.800,12.700,12.600,12.500,12.400,12.300,12.200,12.100,12.000,11.900,11.800,11.700,11.600,11.500,11.400,11.300,11.200,11.100,11.000,10.900,10.800,10.700,10.600,10.500,10.400,10.300,10.200,10.100,10.000,9.900,9.800,9.700,9.600,9.500,9.400,9.300,9.200,9.100,9.000,8.900,8.800,8.700,8.600,8.500,8.400,8.300,8.200,8.100,8.000,7.900,7.800,7.700,7.600,7.500,7.400,7.300,7.200,7.100,7.000,6.900,6.800,6.700,6.600,6.500,6.400,6.300,6.200,6.100,6.000,5.900,5.800,5.700,5.600,5.500,5.400,5.300,5.200,5.100,5.000,4.900,4.800,4.700,4.600,4.500,4.400,4.300,4.200,4.100,4.000,3.900,3.800,3.700,3.600,3.500,3.400,3.300,3.200,3.100,3.000,2.900,2.800,2.700,2.600,2.500,2.400,2.300,2.200,2.100,2.000,1.900,1.800,1.700,1.600,1.500,1.400,1.300,1.200,1.100,1.000,0.900,0.800,0.700,0.600,0.500,0.400,0.300,0.200,0.100,0.000
45108.0000000,0.0000,0.0000,0.0000,0.0000,0.0000,0.0000,0.0000,0.0000,0.0000,0.0000,0.0000,0.0000,0.0000,0.0000,0.0000,0.0000,0.0000,0.0000,0.0000,0.0000,0.0000,0.0000,0.0000,0.0000,0.0000,0.0000,0.0000,0.0000,0.0000,0.0000,0.0000,0.0000,0.0000,0.0000,0.0000,0.0000,0.0000,0.0000,0.0000,0.0000,0.0000,0.0000,0.0000,0.0000,0.0000,0.0000,0.0000,0.0000,0.0000,0.0000,0.0000,0.0000,0.0000,0.0000,0.0000,0.0000,0.0000,0.0000,0.0000,0.0000,0.0000,0.0000,0.0000,0.0000,0.0000,0.0000,0.0000,0.0000,0.0000,0.0000,0.0000,0.0000,0.0000,0.0000,0.0000,0.0000,0.0000,0.0000,0.0000,0.0000,0.0000,0.0000,0.0000,0.0000,0.0000,0.0000,0.0000,0.0000,0.0000,0.0000,0.0000,0.0000,0.0000,0.0000,0.0000,0.0000,0.0000,0.0000,0.0000,0.0000,0.0000,0.0000,0.0000,0.0000,0.0000,0.0000,0.0000,0.0000,0.0000,0.0000,0.0000,0.0000,0.0000,0.0000,0.0000,0.0000,0.0000,0.0000,0.0000,0.0000,0.0000,0.0000,0.0000,0.0000,0.0000,0.0000,0.0000,0.0000,0.0000,0.0000,0.0000,0.0000,0.0000,0.0000,0.0000,0.0000,0.0000,0.0000,0.0000,0.0000,0.0000,0.0000,0.0000,0.0000,0.0000,0.0000,0.0000,0.0000,0.0000,0.0000,0.0000,0.0000,0.0000,0.0000,0.0000,0.0000,0.0000,0.0000,0.0000,0.0000,0.0000,0.0000,0.0000,0.0000,0.0000,0.0000,0.0000,0.0000,0.0000,0.0000,0.0000,0.0000,0.0000,0.0000,0.0000,0.0000,0.0000,0.0000,0.0000,0.0000,0.0000,0.0000,0.0000,0.0000,0.0000,0.0000,0.0000,0.0000,0.0000,0.0000,0.0000,0.0000,0.0000,0.0000,0.0000,0.0000,0.0000,0.0000,0.0000,0.0000,0.0000,0.0000,0.0000,0.0000,0.0000,0.0000,0.0000,0.0000,0.0000,0.0000,0.0000,0.0000,0.0000,0.0000,0.0000,0.0000,0.0000,0.0000,0.0000,0.0000,0.0000,0.0000,0.0000,0.0000,0.0000,0.0000,0.0000,0.0000,0.0000,0.0000,0.0000,0.0000,0.0000,0.0000,0.0000,0.0000
45108.0416667,0.0000,0.0000,0.0000,0.0000,0.0000,0.0000,0.0000,0.0000,0.0000,0.0000,0.0000,0.0000,0.0000,0.0000,0.0000,0.0000,0.0000,0.0000,0.0000,0.0000,0.0000,0.0000,0.0000,0.0000,0.0000,0.0000,0.0000,0.0000,0.0000,0.0000,0.0000,0.0000,0.0000,0.0000,0.0000,0.0000,0.0000,0.0000,0.0000,0.0000,0.0000,0.0000,0.0000,0.0000,0.0000,0.0000,0.0000,0.0000,0.0000,0.0000,0.0000,0.0000,0.0000,0.0000,0.0000,0.0000,0.0000,0.0000,0.0000,0.0000,0.0000,0.0000,0.0000,0.0000,0.0000,0.0000,0.0000,0.0000,0.0000,0.0000,0.0000,0.0000,0.0000,0.0000,0.0000,0.0000,0.0000,0.0000,0.0000,0.0000,0.0000,0.0000,0.0000,0.0000,0.0000,0.0000,0.0000,0.0000,0.0000,0.0000,0.0000,0.0000,0.0000,0.0000,0.0000,0.0000,0.0000,0.0000,0.0000,0.0000,0.0000,0.0000,0.0000,0.0000,0.0000,0.0000,0.0000,0.0000,0.0000,0.0000,0.0000,0.0000,0.0000,0.0000,0.0000,0.0000,0.0000,0.0000,0.0000,0.0000,0.0000,0.0000,0.0000,0.0000,0.0000,0.0000,0.0000,0.0000,0.0000,0.0000,0.0000,0.0000,0.0000,0.0000,0.0000,0.0000,0.0000,0.0000,0.0000,0.0000,0.0000,0.0000,0.0000,0.0000,0.0000,0.0000,0.0000,0.0000,0.0000,0.0000,0.0000,0.0000,0.0000,0.0000,0.0000,0.0000,0.0000,0.0000,0.0000,0.0000,0.0000,0.0000,0.0000,0.0000,0.0000,0.0000,0.0000,0.0000,0.0000,0.0000,0.0000,0.0000,0.0000,0.0000,0.0000,0.0000,0.0000,0.0000,0.0000,0.0000,0.0000,0.0000,0.0000,0.0000,0.0000,0.0000,0.0000,0.0000,0.0000,0.0000,0.0000,0.0000,0.0000,0.0000,0.0000,0.0000,0.0000,0.0000,0.0000,0.0000,0.0000,0.0000,0.0000,0.0000,0.0000,0.0000,0.0000,0.0000,0.0000,0.0000,0.0000,0.0000,0.0000,0.0000,0.0000,0.0000,0.0000,0.0000,0.0000,0.0000,0.0000,0.0000,0.0000,0.0000,0.0000,0.0000,0.0000,0.0000,0.0000,0.0000,0.0000,0.0000,0.0000,0.0000,0.0000,0.0000
45108.0833333,0.0000,0.0000,0.0000,0.0000,0.0000,0.0000,0.0000,0.0000,0.0000,0.0000,0.0000,0.0000,0.0000,0.0000,0.0000,0.0000,0.0000,0.0000,0.0000,0.0000,0.0000,0.0000,0.0000,0.0000,0.0000,0.0000,0.0000,0.0000,0.0000,0.0000,0.0000,0.0000,0.0000,0.0000,0.0000,0.0000,0.0000,0.0000,0.0000,0.0000,0.0000,0.0000,0.0000,0.0000,0.0000,0.0000,0.0000,0.0000,0.0000,0.0000,0.0000,0.0000,0.0000,0.0000,0.0000,0.0000,0.0000,0.0000,0.0000,0.0000,0.0000,0.0000,0.0000,0.0000,0.0000,0.0000,0.0000,0.0000,0.0000,0.0000,0.0000,0.0000,0.0000,0.0000,0.0000,0.0000,0.0000,0.0000,0.0000,0.0000,0.0000,0.0000,0.0000,0.0000,0.0000,0.0000,0.0000,0.0000,0.0000,0.0000,0.0000,0.0000,0.0000,0.0000,0.0000,0.0000,0.0000,0.0000,0.0000,0.0000,0.0000,0.0000,0.0000,0.0000,0.0000,0.0000,0.0000,0.0000,0.0000,0.0000,0.0000,0.0000,0.0000,0.0000,0.0000,0.0000,0.0000,0.0000,0.0000,0.0000,0.0000,0.0000,0.0000,0.0000,0.0000,0.0000,0.0000,0.0000,0.0000,0.0000,0.0000,0.0000,0.0000,0.0000,0.0000,0.0000,0.0000,0.0000,0.0000,0.0000,0.0000,0.0000,0.0000,0.0000,0.0000,0.0000,0.0000,0.0000,0.0000,0.0000,0.0000,0.0000,0.0000,0.0000,0.0000,0.0000,0.0000,0.0000,0.0000,0.0000,0.0000,0.0000,0.0000,0.0000,0.0000,0.0000,0.0000,0.0000,0.0000,0.0000,0.0000,0.0000,0.0000,0.0000,0.0000,0.0000,0.0000,0.0000,0.0000,0.0000,0.0000,0.0000,0.0000,0.0000,0.0000,0.0000,0.0000,0.0000,0.0000,0.0000,0.0000,0.0000,0.0000,0.0000,0.0000,0.0000,0.0000,0.0000,0.0000,0.0000,0.0000,0.0000,0.0000,0.0000,0.0000,0.0000,0.0000,0.0000,0.0000,0.0000,0.0000,0.0000,0.0000,0.0000,0.0000,0.0000,0.0000,0.0000,0.0000,0.0000,0.0000,0.0000,0.0000,0.0000,0.0000,0.0000,0.0000,0.0000,0.0000,0.0000,0.0000,0.0000,0.0000,0.0000,0.0000,0.0000
45108.1250000,0.0000,0.0000,0.0000,0.0000,0.0000,0.0000,0.0000,0.0000,0.0000,0.0000,0.0000,0.0000,0.0000,0.0000,0.0000,0.0000,0.0000,0.0000,0.0000,0.0000,0.0000,0.0000,0.0000,0.0000,0.0000,0.0000,0.0000,0.0000,0.0000,0.0000,0.0000,0.0000,0.0000,0.0000,0.0000,0.0000,0.0000,0.0000,0.0000,0.0000,0.0000,0.0000,0.0000,0.0000,0.0000,0.0000,0.0000,0.0000,0.0000,0.0000,0.0000,0.0000,0.0000,0.0000,0.0000,0.0000,0.0000,0.0000,0.0000,0.0000,0.0000,0.0000,0.0000,0.0000,0.0000,0.0000,0.0000,0.0000,0.0000,0.0000,0.0000,0.0000,0.0000,0.0000,0.0000,0.0000,0.0000,0.0000,0.0000,0.0000,0.0000,0.0000,0.0000,0.0000,0.0000,0.0000,0.0000,0.0000,0.0000,0.0000,0.0000,0.0000,0.0000,0.0000,0.0000,0.0000,0.0000,0.0000,0.0000,0.0000,0.0000,0.0000,0.0000,0.0000,0.0000,0.0000,0.0000,0.0000,0.0000,0.0000,0.0000,0.0000,0.0000,0.0000,0.0000,0.0000,0.0000,0.0000,0.0000,0.0000,0.0000,0.0000,0.0000,0.0000,0.0000,0.0000,0.0000,0.0000,0.0000,0.0000,0.0000,0.0000,0.0000,0.0000,0.0000,0.0000,0.0000,0.0000,0.0000,0.0000,0.0000,0.0000,0.0000,0.0000,0.0000,0.0000,0.0000,0.0000,0.0000,0.0000,0.0000,0.0000,0.0000,0.0000,0.0000,0.0000,0.0000,0.0000,0.0000,0.0000,0.0000,0.0000,0.0000,0.0000,0.0000,0.0000,0.0000,0.0000,0.0000,0.0000,0.0000,0.0000,0.0000,0.0000,0.0000,0.0000,0.0000,0.0000,0.0000,0.0000,0.0000,0.0000,0.0000,0.0000,0.0000,0.0000,0.0000,0.0000,0.0000,0.0000,0.0000,0.0000,0.0000,0.0000,0.0000,0.0000,0.0000,0.0000,0.0000,0.0000,0.0000,0.0000,0.0000,0.0000,0.0000,0.0000,0.0000,0.0000,0.0000,0.0000,0.0000,0.0000,0.0000,0.0000,0.0000,0.0000,0.0000,0.0000,0.0000,0.0000,0.0000,0.0000,0.0000,0.0000,0.0000,0.0000,0.0000,0.0000,0.0000,0.0000,0.0000,0.0000,0.0000,0.0000,0.0000,0.0000
45108.1666667,0.0000,0.0000,0.0000,0.0000,0.0000,0.0000,0.0000,0.0000,0.0000,0.0000,0.0000,0.0000,0.0000,0.0000,0.0000,0.0000,0.0000,0.0000,0.0000,0.0000,0.0000,0.0000,0.0000,0.0000,0.0000,0.0000,0.0000,0.0000,0.0000,0.0000,0.0000,0.0000,0.0000,0.0000,0.0000,0.0000,0.0000,0.0000,0.0000,0.0000,0.0000,0.0000,0.0000,0.0000,0.0000,0.0000,0.0000,0.0000,0.0000,0.0000,0.0000,0.0000,0.0000,0.0000,0.0000,0.0000,0.0000,0.0000,0.0000,0.0000,0.0000,0.0000,0.0000,0.0000,0.0000,0.0000,0.0000,0.0000,0.0000,0.0000,0.0000,0.0000,0.0000,0.0000,0.0000,0.0000,0.0000,0.0000,0.0000,0.0000,0.0000,0.0000,0.0000,0.0000,0.0000,0.0000,0.0000,0.0000,0.0000,0.0000,0.0000,0.0000,0.0000,0.0000,0.0000,0.0000,0.0000,0.0000,0.0000,0.0000,0.0000,0.0000,0.0000,0.0000,0.0000,0.0000,0.0000,0.0000,0.0000,0.0000,0.0000,0.0000,0.0000,0.0000,0.0000,0.0000,0.0000,0.0000,0.0000,0.0000,0.0000,0.0000,0.0000,0.0000,0.0000,0.0000,0.0000,0.0000,0.0000,0.0000,0.0000,0.0000,0.0000,0.0000,0.0000,0.0000,0.0000,0.0000,0.0000,0.0000,0.0000,0.0000,0.0000,0.0000,0.0000,0.0000,0.0000,0.0000,0.0000,0.0000,0.0000,0.0000,0.0000,0.0000,0.0000,0.0000,0.0000,0.0000,0.0000,0.0000,0.0000,0.0000,0.0000,0.0000,0.0000,0.0000,0.0000,0.0000,0.0000,0.0000,0.0000,0.0000,0.0000,0.0000,0.0000,0.0000,0.0000,0.0000,0.0000,0.0000,0.0000,0.0000,0.0000,0.0000,0.0000,0.0000,0.0000,0.0000,0.0000,0.0000,0.0000,0.0000,0.0000,0.0000,0.0000,0.0000,0.0000,0.0000,0.0000,0.0000,0.0000,0.0000,0.0000,0.0000,0.0000,0.0000,0.0000,0.0000,0.0000,0.0000,0.0000,0.0000,0.0000,0.0000,0.0000,0.0000,0.0000,0.0000,0.0000,0.0000,0.0000,0.0000,0.0000,0.0000,0.0000,0.0000,0.0000,0.0000,0.0000,0.0000,0.0000,0.0000,0.0000,0.0000,0.0000,0.0000
45108.2083333,0.0000,0.0000,0.0000,0.0000,0.0000,0.0000,0.0000,0.0000,0.0000,0.0000,0.0000,0.0000,0.0000,0.0000,0.0000,0.0000,0.0000,0.0000,0.0000,0.0000,0.0000,0.0000,0.0000,0.0000,0.0000,0.0000,0.0000,0.0000,0.0000,0.0000,0.0000,0.0000,0.0000,0.0000,0.0000,0.0000,0.0000,0.0000,0.0000,0.0000,0.0000,0.0000,0.0000,0.0000,0.0000,0.0000,0.0000,0.0000,0.0000,0.0000,0.0000,0.0000,0.0000,0.0000,0.0000,0.0000,0.0000,0.0000,0.0000,0.0000,0.0000,0.0000,0.0000,0.0000,0.0000,0.0000,0.0000,0.0000,0.0000,0.0000,0.0000,0.0000,0.0000,0.0000,0.0000,0.0000,0.0000,0.0000,0.0000,0.0000,0.0000,0.0000,0.0000,0.0000,0.0000,0.0000,0.0000,0.0000,0.0000,0.0000,0.0000,0.0000,0.0000,0.0000,0.0000,0.0000,0.0000,0.0000,0.0000,0.0000,0.0000,0.0000,0.0000,0.0000,0.0000,0.0000,0.0000,0.0000,0.0000,0.0000,0.0000,0.0000,0.0000,0.0000,0.0000,0.0000,0.0000,0.0000,0.0000,0.0000,0.0000,0.0000,0.0000,0.0000,0.0000,0.0000,0.0000,0.0000,0.0000,0.0000,0.0000,0.0000,0.0000,0.0000,0.0000,0.0000,0.0000,0.0000,0.0000,0.0000,0.0000,0.0000,0.0000,0.0000,0.0000,0.0000,0.0000,0.0000,0.0000,0.0000,0.0000,0.0000,0.0000,0.0000,0.0000,0.0000,0.0000,0.0000,0.0000,0.0000,0.0000,0.0000,0.0000,0.0000,0.0000,0.0000,0.0000,0.0000,0.0000,0.0000,0.0000,0.0000,0.0000,0.0000,0.0000,0.0000,0.0000,0.0000,0.0000,0.0000,0.0000,0.0000,0.0000,0.0000,0.0000,0.0000,0.0000,0.0000,0.0000,0.0000,0.0000,0.0000,0.0000,0.0000,0.0000,0.0000,0.0000,0.0000,0.0000,0.0000,0.0000,0.0000,0.0000,0.0000,0.0000,0.0000,0.0000,0.0000,0.0000,0.0000,0.0000,0.0000,0.0000,0.0000,0.0000,0.0000,0.0000,0.0000,0.0000,0.0000,0.0000,0.0000,0.0000,0.0000,0.0000,0.0000,0.0000,0.0000,0.0000,0.0000,0.0000,0.0000,0.0000,0.0000,0.0000,0.0000
45108.2500000,17.6957,17.6937,17.6930,17.6907,17.6886,17.6866,17.6862,17.6862,17.6860,17.6858,17.6855,17.6853,17.6852,17.6850,17.6847,17.6846,17.6844,17.6842,17.6838,17.6835,17.6822,17.6804,17.6793,17.6777,17.6760,17.6744,17.6718,17.6710,17.6704,17.6700,17.6697,17.6689,17.6686,17.6681,17.6673,17.6667,17.6659,17.6654,17.6649,17.6651,17.6631,17.6620,17.6602,17.6586,17.6572,17.6572,17.6571,17.6568,17.6568,17.6556,17.6548,17.6548,17.6543,17.6536,17.6528,17.6528,17.6522,17.6532,17.6532,17.6533,17.6533,17.6533,17.6533,17.6532,17.6536,17.6426,17.6423,17.6421,17.6421,17.6420,17.6419,17.6419,17.6411,17.6411,17.6390,17.6387,17.6387,17.6388,17.6378,17.6337,17.6280,17.6280,17.6280,17.6281,17.6225,17.6228,17.6230,17.6234,17.6234,17.6235,17.6235,17.6242,17.6192,17.6200,17.6233,17.6197,17.6187,17.6139,17.6139,17.6140,17.6140,17.6132,17.6130,17.6128,17.6129,17.6130,17.6131,17.6111,17.6115,17.6120,17.6119,17.6109,17.6096,17.6083,17.6069,17.6044,17.6036,17.6020,17.6004,17.5994,17.5993,17.5987,17.5983,17.5979,17.5969,17.5969,17.5966,17.5960,17.5955,17.5951,17.5945,17.5942,17.5938,17.5931,17.5917,17.5922,17.5924,17.5909,17.5905,17.5927,17.5900,17.5895,17.5890,17.5886,17.5881,17.5879,17.5877,17.5859,17.5852,17.5844,17.5843,17.5845,17.5845,17.5843,17.5841,17.5835,17.5834,17.5830,17.5828,17.5828,17.5829,17.5829,17.5824,17.5823,17.5807,17.5801,17.5800,17.5799,17.5800,17.5799,17.5801,17.5800,17.5801,17.5801,17.5799,17.5800,17.5800,17.5800,17.5797,17.5801,17.5799,17.5786,17.5783,17.5776,17.5764,17.5764,17.5764,17.5764,17.5764,17.5764,17.5764,17.5764,17.5764,17.5764,17.5764,17.5764,17.5764,17.5764,17.5764,17.5764,17.5764,17.5764,17.5764,17.5764,17.5764,17.5764,17.5764,17.5764,17.5764,17.5764,17.5763,17.5763,17.5763,17.5763,17.5763,17.5763,17.5763,17.5763,17.5763,17.5763,17.5763,17.5763,17.5763,17.5763,17.5763,17.5763,17.5763,17.5763,17.5763,17.5763,17.5763,17.5763,17.5763,17.5763,17.5763,17.5763
45108.2916667,68.9230,68.9179,68.9160,68.9103,68.9048,68.8995,68.8984,68.8984,68.8981,68.8975,68.8968,68.8963,68.8960,68.8953,68.8947,68.8943,68.8938,68.8933,68.8922,68.8916,68.8881,68.8836,68.8807,68.8764,68.8722,68.8679,68.8612,68.8593,68.8576,68.8567,68.8558,68.8538,68.8530,68.8517,68.8497,68.8482,68.8461,68.8448,68.8434,68.8440,68.8388,68.8358,68.8312,68.8270,68.8234,68.8234,68.8232,68.8225,68.8224,68.8193,68.8173,68.8173,68.8160,68.8142,68.8120,68.8120,68.8106,68.8130,68.8131,68.8135,68.8135,68.8135,68.8134,68.8132,68.8142,68.7857,68.7850,68.7843,68.7843,68.7843,68.7838,68.7840,68.7819,68.7819,68.7763,68.7757,68.7756,68.7758,68.7732,68.7627,68.7479,68.7479,68.7480,68.7481,68.7336,68.7343,68.7349,68.7359,68.7359,68.7361,68.7363,68.7380,68.7250,68.7272,68.7356,68.7264,68.7238,68.7115,68.7115,68.7117,68.7115,68.7095,68.7091,68.7085,68.7087,68.7091,68.7094,68.7042,68.7053,68.7064,68.7063,68.7037,68.7002,68.6968,68.6932,68.6867,68.6847,68.6807,68.6765,68.6738,68.6735,68.6719,68.6709,68.6700,68.6673,68.6673,68.6664,68.6650,68.6637,68.6627,68.6612,68.6604,68.6593,68.6574,68.6540,68.6553,68.6556,68.6518,68.6507,68.6564,68.6494,68.6482,68.6469,68.6459,68.6445,68.6440,68.6436,68.6388,68.6370,68.6350,68.6347,68.6353,68.6352,68.6346,68.6341,68.6326,68.6323,68.6312,68.6308,68.6308,68.6311,68.6311,68.6299,68.6295,68.6254,68.6238,68.6235,68.6234,68.6235,68.6234,68.6237,68.6236,68.6237,68.6237,68.6233,68.6237,68.6236,68.6236,68.6228,68.6239,68.6233,68.6200,68.6191,68.6172,68.6143,68.6143,68.6143,68.6143,68.6143,68.6143,68.6143,68.6143,68.6142,68.6142,68.6142,68.6142,68.6142,68.6142,68.6142,68.6142,68.6142,68.6142,68.6142,68.6141,68.6141,68.6141,68.6141,68.6141,68.6141,68.6141,68.6141,68.6141,68.6141,68.6141,68.6140,68.6140,68.6140,68.6140,68.6140,68.6140,68.6140,68.6140,68.6140,68.6140,68.6140,68.6139,68.6139,68.6139,68.6139,68.6139,68.6139,68.6139,68.6139,68.6139,68.6139,68.6139
45108.3333333,166.9200,166.9101,166.9064,166.8953,166.8847,166.8744,166.8723,166.8723,166.8717,166.8706,166.8691,166.8682,166.8675,166.8663,166.8651,166.8642,166.8633,166.8623,166.8603,166.8591,166.8523,166.8435,166.8380,166.8296,166.8215,166.8131,166.8000,166.7963,166.7931,166.7913,166.7896,166.7858,166.7842,166.7816,166.7777,166.7747,166.7707,166.7682,166.7655,166.7667,166.7566,166.7507,166.7418,166.7337,166.7267,166.7266,166.7264,166.7250,166.7247,166.7188,166.7148,166.7149,166.7122,166.7088,166.7046,166.7046,166.7019,166.7066,166.7067,166.7074,166.7075,166.7075,166.7073,166.7069,166.7089,166.6536,166.6520,166.6508,166.6508,166.6507,166.6498,166.6501,166.6462,166.6461,166.6352,166.6341,166.6338,166.6342,166.6292,166.6089,166.5801,166.5802,166.5802,166.5805,166.5523,166.5537,166.5549,166.5567,166.5567,166.5572,166.5574,166.5608,166.5356,166.5399,166.5563,166.5382,166.5332,166.5093,166.5093,166.5097,166.5094,166.5055,166.5048,166.5035,166.5040,166.5047,166.5054,166.4952,166.4973,166.4995,166.4992,166.4942,166.4875,166.4809,166.4739,166.4613,166.4574,166.4495,166.4414,166.4362,166.4356,166.4325,166.4305,166.4287,166.4234,166.4235,166.4219,166.4190,166.4165,166.4146,166.4117,166.4101,166.4079,166.4043,166.3976,166.4001,166.4008,166.3935,166.3912,166.4023,166.3888,166.3864,166.3839,166.3820,166.3792,166.3783,166.3774,166.3682,166.3646,166.3608,166.3602,166.3613,166.3611,166.3600,166.3591,166.3561,166.3555,166.3534,166.3526,166.3526,166.3531,166.3531,166.3508,166.3500,166.3421,166.3390,166.3384,166.3382,166.3384,166.3382,166.3388,166.3387,166.3388,166.3388,166.3381,166.3387,166.3386,166.3387,166.3371,166.3391,166.3381,166.3317,166.3298,166.3262,166.3206,166.3206,166.3205,166.3205,166.3205,166.3205,166.3205,166.3205,166.3204,166.3204,166.3204,166.3204,166.3204,166.3203,166.3203,166.3203,166.3203,166.3203,166.3203,166.3202,166.3202,166.3202,166.3202,166.3202,166.3202,166.3201,166.3201,166.3201,166.3201,166.3201,166.3200,166.3200,166.3200,166.3200,166.3200,166.3200,166.3199,166.3199,166.3199,166.3199,166.3199,166.3198,166.3198,166.3198,166.3198,166.3198,166.3198,166.3197,166.3197,166.3197,166.3197,166.3197
45108.3750000,294.0449,294.0300,294.0245,294.0079,293.9921,293.9766,293.9734,293.9735,293.9725,293.9709,293.9687,293.9674,293.9663,293.9645,293.9628,293.9614,293.9600,293.9585,293.9555,293.9538,293.9436,293.9304,293.9221,293.9097,293.8975,293.8850,293.8653,293.8599,293.8551,293.8523,293.8498,293.8441,293.8417,293.8378,293.8320,293.8276,293.8216,293.8179,293.8138,293.8155,293.8005,293.7917,293.7783,293.7662,293.7558,293.7557,293.7553,293.7531,293.7528,293.7439,293.7379,293.7381,293.7341,293.7290,293.7226,293.7226,293.7186,293.7256,293.7259,293.7268,293.7270,293.7270,293.7267,293.7261,293.7291,293.6463,293.6441,293.6422,293.6421,293.6420,293.6408,293.6412,293.6353,293.6352,293.6188,293.6173,293.6168,293.6174,293.6098,293.5795,293.5365,293.5365,293.5366,293.5370,293.4949,293.4970,293.4987,293.5015,293.5015,293.5022,293.5026,293.5075,293.4699,293.4764,293.5008,293.4738,293.4664,293.4305,293.4305,293.4312,293.4307,293.4248,293.4238,293.4218,293.4226,293.4237,293.4247,293.4094,293.4125,293.4159,293.4155,293.4079,293.3979,293.3880,293.3776,293.3587,293.3528,293.3411,293.3290,293.3211,293.3202,293.3156,293.3126,293.3099,293.3021,293.3022,293.2997,293.2954,293.2917,293.2889,293.2845,293.2821,293.2789,293.2734,293.2634,293.2672,293.2682,293.2572,293.2538,293.2705,293.2502,293.2466,293.2429,293.2401,293.2359,293.2346,293.2332,293.2194,293.2140,293.2083,293.2074,293.2090,293.2087,293.2071,293.2058,293.2013,293.2004,293.1972,293.1961,293.1960,293.1969,293.1968,293.1934,293.1922,293.1803,293.1756,293.1748,293.1746,293.1748,293.1745,293.1754,293.1752,293.1754,293.1754,293.1743,293.1753,293.1752,293.1752,293.1729,293.1759,293.1743,293.1648,293.1620,293.1566,293.1482,293.1481,293.1481,293.1481,293.1480,293.1480,293.1480,293.1480,293.1479,293.1479,293.1479,293.1479,293.1478,293.1478,293.1478,293.1477,293.1477,293.1477,293.1477,293.1476,293.1476,293.1476,293.1476,293.1475,293.1475,293.1475,293.1474,293.1474,293.1474,293.1474,293.1473,293.1473,293.1473,293.1473,293.1472,293.1472,293.1472,293.1472,293.1471,293.1471,293.1471,293.1470,293.1470,293.1470,293.1470,293.1469,293.1469,293.1469,293.1469,293.1468,293.1468,293.1468
45108.4166667,477.2466,477.2261,477.2185,477.1954,477.1736,477.1522,477.1478,477.1479,477.1466,477.1444,477.1413,477.1394,477.1380,477.1354,477.1331,477.1312,477.1293,477.1271,477.1230,477.1207,477.1066,477.0883,477.0769,477.0597,477.0428,477.0255,476.9983,476.9908,476.9841,476.9803,476.9768,476.9689,476.9657,476.9603,476.9522,476.9461,476.9378,476.9327,476.9271,476.9294,476.9087,476.8965,476.8780,476.8613,476.8468,476.8466,476.8461,476.8431,476.8426,476.8303,476.8221,476.8224,476.8168,476.8097,476.8009,476.8009,476.7954,476.8051,476.8054,476.8068,476.8070,476.8070,476.8066,476.8058,476.8099,476.6954,476.6923,476.6896,476.6896,476.6894,476.6877,476.6883,476.6801,476.6800,476.6574,476.6552,476.6546,476.6554,476.6449,476.6029,476.5434,476.5435,476.5435,476.5442,476.4859,476.4888,476.4912,476.4950,476.4950,476.4960,476.4965,476.5034,476.4513,476.4603,476.4940,476.4568,476.4464,476.3969,476.3969,476.3977,476.3971,476.3890,476.3875,476.3848,476.3859,476.3874,476.3887,476.3677,476.3720,476.3766,476.3760,476.3655,476.3517,476.3380,476.3236,476.2975,476.2893,476.2730,476.2564,476.2455,476.2442,476.2379,476.2337,476.2300,476.2191,476.2193,476.2158,476.2099,476.2048,476.2008,476.1948,476.1914,476.1870,476.1794,476.1656,476.1708,476.1723,476.1570,476.1524,476.1754,476.1473,476.1424,476.1372,476.1333,476.1275,476.1257,476.1238,476.1047,476.0972,476.0894,476.0882,476.0903,476.0899,476.0877,476.0859,476.0797,476.0784,476.0741,476.0724,476.0723,476.0735,476.0735,476.0687,476.0671,476.0507,476.0441,476.0430,476.0427,476.0429,476.0426,476.0438,476.0436,476.0438,476.0438,476.0424,476.0437,476.0435,476.0436,476.0404,476.0446,476.0423,476.0292,476.0253,476.0178,476.0061,476.0061,476.0060,476.0060,476.0060,476.0059,476.0059,476.0059,476.0058,476.0058,476.0057,476.0057,476.0057,476.0056,476.0056,476.0056,476.0055,476.0055,476.0054,476.0054,476.0054,476.0053,476.0053,476.0053,476.0052,476.0052,476.0051,476.0051,476.0051,476.0050,476.0050,476.0050,476.0049,476.0049,476.0048,476.0048,476.0048,476.0047,476.0047,476.0047,476.0046,476.0046,476.0046,476.0045,476.0045,476.0044,476.0044,476.0044,476.0043,476.0043,476.0043,476.0042
45108.4583333,683.2400,683.2149,683.2057,683.1776,683.1511,683.1250,683.1196,683.1197,683.1182,683.1154,683.1117,683.1094,683.1077,683.1046,683.1017,683.0994,683.0971,683.0945,683.0895,683.0866,683.0695,683.0472,683.0333,683.0123,682.9918,682.9707,682.9376,682.9284,682.9203,682.9156,682.9113,682.9018,682.8978,682.8912,682.8814,682.8740,682.8639,682.8576,682.8508,682.8536,682.8284,682.8135,682.7910,682.7706,682.7531,682.7528,682.7521,682.7486,682.7479,682.7329,682.7229,682.7232,682.7165,682.7079,682.6971,682.6971,682.6904,682.7022,682.7026,682.7042,682.7046,682.7046,682.7040,682.7030,682.7080,682.5686,682.5648,682.5616,682.5615,682.5613,682.5592,682.5599,682.5499,682.5498,682.5223,682.5196,682.5189,682.5199,682.5071,682.4559,682.3834,682.3835,682.3836,682.3843,682.3134,682.3168,682.3198,682.3244,682.3245,682.3257,682.3263,682.3347,682.2712,682.2821,682.3233,682.2779,682.2653,682.2049,682.2049,682.2059,682.2052,682.1952,682.1935,682.1902,682.1915,682.1933,682.1950,682.1693,682.1745,682.1802,682.1795,682.1667,682.1498,682.1332,682.1156,682.0838,682.0739,682.0540,682.0337,682.0204,682.0189,682.0111,682.0061,682.0015,681.9883,681.9885,681.9843,681.9771,681.9708,681.9660,681.9586,681.9546,681.9491,681.9399,681.9231,681.9294,681.9312,681.9126,681.9070,681.9350,681.9008,681.8948,681.8885,681.8838,681.8767,681.8745,681.8721,681.8489,681.8398,681.8303,681.8287,681.8314,681.8309,681.8282,681.8259,681.8184,681.8169,681.8115,681.8096,681.8094,681.8109,681.8109,681.8051,681.8030,681.7830,681.7751,681.7738,681.7733,681.7736,681.7732,681.7746,681.7744,681.7746,681.7746,681.7729,681.7745,681.7743,681.7744,681.7706,681.7756,681.7728,681.7568,681.7521,681.7430,681.7287,681.7287,681.7286,681.7286,681.7286,681.7285,681.7285,681.7284,681.7284,681.7283,681.7283,681.7282,681.7282,681.7282,681.7281,681.7281,681.7280,681.7280,681.7279,681.7279,681.7278,681.7278,681.7277,681.7277,681.7277,681.7276,681.7276,681.7275,681.7275,681.7274,681.7274,681.7273,681.7273,681.7272,681.7272,681.7272,681.7271,681.7271,681.7270,681.7270,681.7269,681.7269,681.7268,681.7268,681.7268,681.7267,681.7267,681.7266,681.7266,681.7265,681.7265,681.7264
45108.5000000,759.0064,758.9798,758.9700,758.9402,758.9120,758.8844,758.8787,758.8788,758.8771,758.8742,758.8703,758.8678,758.8660,758.8627,758.8596,758.8573,758.8548,758.8520,758.8467,758.8437,758.8255,758.8018,758.7870,758.7648,758.7430,758.7207,758.6855,758.6758,758.6671,758.6622,758.6576,758.6475,758.6433,758.6363,758.6259,758.6180,758.6073,758.6006,758.5934,758.5964,758.5696,758.5539,758.5300,758.5084,758.4897,758.4894,758.4887,758.4849,758.4843,758.4683,758.4577,758.4581,758.4509,758.4417,758.4304,758.4304,758.4233,758.4357,758.4362,758.4379,758.4382,758.4382,758.4377,758.4366,758.4419,758.2940,758.2899,758.2865,758.2865,758.2862,758.2840,758.2848,758.2742,758.2741,758.2448,758.2420,758.2412,758.2423,758.2287,758.1744,758.0975,758.0976,758.0976,758.0985,758.0232,758.0268,758.0300,758.0349,758.0349,758.0362,758.0368,758.0457,757.9784,757.9900,758.0336,757.9855,757.9721,757.9080,757.9080,757.9091,757.9083,757.8978,757.8959,757.8924,757.8938,757.8957,757.8975,757.8703,757.8758,757.8818,757.8811,757.8675,757.8496,757.8320,757.8133,757.7795,757.7690,757.7479,757.7264,757.7122,757.7107,757.7024,757.6970,757.6922,757.6782,757.6784,757.6739,757.6663,757.6597,757.6545,757.6467,757.6424,757.6366,757.6269,757.6090,757.6157,757.6176,757.5979,757.5919,757.6216,757.5854,757.5790,757.5723,757.5673,757.5598,757.5574,757.5549,757.5303,757.5206,757.5105,757.5089,757.5117,757.5111,757.5083,757.5059,757.4979,757.4963,757.4906,757.4885,757.4884,757.4900,757.4899,757.4837,757.4816,757.4604,757.4519,757.4505,757.4500,757.4504,757.4499,757.4514,757.4512,757.4514,757.4514,757.4496,757.4513,757.4511,757.4512,757.4471,757.4525,757.4495,757.4326,757.4276,757.4179,757.4028,757.4027,757.4026,757.4026,757.4026,757.4025,757.4025,757.4024,757.4024,757.4023,757.4023,757.4022,757.4022,757.4021,757.4021,757.4020,757.4020,757.4019,757.4019,757.4018,757.4018,757.4017,757.4017,757.4016,757.4016,757.4015,757.4015,757.4015,757.4014,757.4014,757.4013,757.4013,757.4012,757.4012,757.4011,757.4011,757.4010,757.4010,757.4009,757.4009,757.4008,757.4008,757.4007,757.4007,757.4006,757.4006,757.4005,757.4005,757.4004,757.4004,757.4003,757.4003
45108.5416667,776.6886,776.6616,776.6516,776.6214,776.5927,776.5646,776.5588,776.5589,776.5572,776.5543,776.5503,776.5478,776.5460,776.5426,776.5394,776.5370,776.5345,776.5317,776.5263,776.5232,776.5047,776.4807,776.4656,776.4430,776.4209,776.3982,776.3624,776.3525,776.3438,776.3388,776.3341,776.3238,776.3196,776.3124,776.3019,776.2938,776.2830,776.2762,776.2688,776.2719,776.2446,776.2286,776.2044,776.1824,776.1634,776.1631,776.1624,776.1585,776.1579,776.1417,776.1308,776.1312,776.1239,776.1146,776.1031,776.1031,776.0958,776.1085,776.1090,776.1107,776.1111,776.1111,776.1105,776.1095,776.1148,775.9644,775.9603,775.9568,775.9568,775.9566,775.9543,775.9551,775.9443,775.9442,775.9145,775.9116,775.9108,775.9118,775.8980,775.8429,775.7647,775.7648,775.7648,775.7657,775.6891,775.6928,775.6960,775.7010,775.7011,775.7024,775.7030,775.7121,775.6436,775.6554,775.6998,775.6508,775.6372,775.5720,775.5721,775.5732,775.5724,775.5617,775.5598,775.5562,775.5576,775.5596,775.5614,775.5337,775.5393,775.5454,775.5447,775.5309,775.5127,775.4948,775.4758,775.4414,775.4307,775.4093,775.3874,775.3730,775.3714,775.3631,775.3576,775.3527,775.3384,775.3386,775.3341,775.3264,775.3196,775.3144,775.3064,775.3020,775.2962,775.2863,775.2681,775.2749,775.2769,775.2568,775.2507,775.2809,775.2441,775.2376,775.2308,775.2257,775.2181,775.2156,775.2131,775.1881,775.1782,775.1679,775.1663,775.1692,775.1686,775.1657,775.1633,775.1552,775.1535,775.1478,775.1456,775.1455,775.1471,775.1470,775.1407,775.1386,775.1170,775.1084,775.1070,775.1065,775.1068,775.1064,775.1079,775.1077,775.1079,775.1079,775.1061,775.1078,775.1076,775.1077,775.1035,775.1090,775.1060,775.0887,775.0836,775.0738,775.0584,775.0584,775.0583,775.0583,775.0582,775.0582,775.0581,775.0581,775.0580,775.0580,775.0579,775.0579,775.0578,775.0578,775.0577,775.0577,775.0576,775.0576,775.0575,775.0575,775.0574,775.0574,775.0573,775.0573,775.0573,775.0572,775.0572,775.0571,775.0571,775.0570,775.0570,775.0569,775.0569,775.0568,775.0568,775.0567,775.0567,775.0566,775.0566,775.0565,775.0565,775.0564,775.0564,775.0563,775.0563,775.0562,775.0562,775.0561,775.0561,775.0560,775.0560,775.0559
45108.5833333,679.1906,679.1652,679.1558,679.1274,679.1005,679.0740,679.0686,679.0687,679.0671,679.0643,679.0606,679.0582,679.0565,679.0533,679.0504,679.0481,679.0457,679.0431,679.0380,679.0351,679.0177,678.9952,678.9810,678.9597,678.9389,678.9176,678.8840,678.8747,678.8664,678.8617,678.8574,678.8477,678.8437,678.8370,678.8270,678.8195,678.8093,678.8029,678.7960,678.7989,678.7733,678.7582,678.7354,678.7147,678.6969,678.6966,678.6960,678.6923,678.6917,678.6765,678.6663,678.6667,678.6598,678.6511,678.6402,678.6402,678.6334,678.6453,678.6457,678.6474,678.6477,678.6477,678.6472,678.6462,678.6512,678.5099,678.5060,678.5027,678.5027,678.5025,678.5004,678.5011,678.4910,678.4909,678.4629,678.4602,678.4595,678.4605,678.4475,678.3956,678.3222,678.3223,678.3223,678.3231,678.2511,678.2546,678.2576,678.2623,678.2624,678.2636,678.2642,678.2727,678.2083,678.2194,678.2612,678.2151,678.2023,678.1411,678.1411,678.1422,678.1414,678.1314,678.1296,678.1262,678.1276,678.1294,678.1311,678.1051,678.1104,678.1161,678.1154,678.1024,678.0853,678.0685,678.0506,678.0184,678.0083,677.9882,677.9676,677.9541,677.9526,677.9447,677.9396,677.9350,677.9215,677.9217,677.9175,677.9102,677.9039,677.8990,677.8915,677.8874,677.8819,677.8725,677.8555,677.8619,677.8637,677.8448,677.8391,677.8675,677.8329,677.8268,677.8204,677.8156,677.8084,677.8061,677.8037,677.7802,677.7710,677.7613,677.7598,677.7625,677.7620,677.7593,677.7570,677.7493,677.7478,677.7424,677.7403,677.7402,677.7417,677.7417,677.7358,677.7337,677.7135,677.7054,677.7040,677.7036,677.7039,677.7035,677.7049,677.7047,677.7049,677.7049,677.7032,677.7048,677.7046,677.7047,677.7008,677.7059,677.7031,677.6869,677.6821,677.6728,677.6584,677.6584,677.6583,677.6583,677.6582,677.6582,677.6581,677.6581,677.6580,677.6580,677.6580,677.6579,677.6579,677.6578,677.6578,677.6577,677.6577,677.6576,677.6576,677.6575,677.6575,677.6574,677.6574,677.6574,677.6573,677.6573,677.6572,677.6572,677.6571,677.6571,677.6570,677.6570,677.6569,677.6569,677.6569,677.6568,677.6568,677.6567,677.6567,677.6566,677.6566,677.6565,677.6565,677.6564,677.6564,677.6563,677.6563,677.6563,677.6562,677.6562,677.6561,677.6561
45108.6250000,692.8160,692.7907,692.7814,692.7530,692.7262,692.6998,692.6944,692.6945,692.6929,692.6901,692.6864,692.6840,692.6823,692.6791,692.6762,692.6739,692.6716,692.6689,692.6639,692.6610,692.6437,692.6211,692.6070,692.5858,692.5651,692.5438,692.5102,692.5010,692.4928,692.4880,692.4837,692.4741,692.4701,692.4633,692.4535,692.4459,692.4357,692.4294,692.4225,692.4254,692.3998,692.3848,692.3620,692.3414,692.3236,692.3234,692.3227,692.3191,692.3185,692.3033,692.2931,692.2935,692.2866,692.2779,692.2671,692.2671,692.2603,692.2722,692.2726,692.2743,692.2746,692.2746,692.2741,692.2731,692.2781,692.1371,692.1332,692.1300,692.1300,692.1297,692.1276,692.1284,692.1182,692.1181,692.0903,692.0875,692.0868,692.0878,692.0749,692.0231,691.9499,691.9500,691.9500,691.9508,691.8790,691.8825,691.8855,691.8902,691.8902,691.8914,691.8921,691.9005,691.8363,691.8474,691.8890,691.8431,691.8303,691.7693,691.7693,691.7703,691.7696,691.7595,691.7577,691.7544,691.7558,691.7576,691.7593,691.7333,691.7386,691.7443,691.7436,691.7307,691.7136,691.6968,691.6790,691.6468,691.6368,691.6167,691.5961,691.5827,691.5812,691.5733,691.5682,691.5636,691.5502,691.5504,691.5462,691.5389,691.5326,691.5277,691.5202,691.5161,691.5107,691.5013,691.4843,691.4907,691.4925,691.4737,691.4680,691.4963,691.4618,691.4557,691.4493,691.4445,691.4374,691.4351,691.4327,691.4093,691.4000,691.3904,691.3889,691.3916,691.3911,691.3884,691.3861,691.3784,691.3769,691.3715,691.3695,691.3693,691.3709,691.3708,691.3649,691.3629,691.3427,691.3346,691.3333,691.3328,691.3331,691.3327,691.3342,691.3340,691.3342,691.3342,691.3324,691.3341,691.3338,691.3339,691.3300,691.3351,691.3323,691.3162,691.3114,691.3022,691.2878,691.2877,691.2877,691.2876,691.2876,691.2875,691.2875,691.2874,691.2874,691.2873,691.2873,691.2873,691.2872,691.2872,691.2871,691.2871,691.2870,691.2870,691.2869,691.2869,691.2868,691.2868,691.2867,691.2867,691.2867,691.2866,691.2866,691.2865,691.2865,691.2864,691.2864,691.2863,691.2863,691.2862,691.2862,691.2862,691.2861,691.2861,691.2860,691.2860,691.2859,691.2859,691.2858,691.2858,691.2857,691.2857,691.2857,691.2856,691.2856,691.2855,691.2855,691.2854
45108.6666667,510.1665,510.1451,510.1371,510.1131,510.0904,510.0681,510.0635,510.0636,510.0623,510.0599,510.0568,510.0548,510.0533,510.0506,510.0482,510.0463,510.0443,510.0420,510.0377,510.0353,510.0207,510.0016,509.9897,509.9717,509.9542,509.9362,509.9078,509.9000,509.8930,509.8891,509.8854,509.8772,509.8738,509.8682,509.8598,509.8534,509.8448,509.8394,509.8336,509.8360,509.8144,509.8017,509.7825,509.7651,509.7500,509.7498,509.7492,509.7462,509.7456,509.7328,509.7242,509.7245,509.7187,509.7114,509.7022,509.7022,509.6965,509.7065,509.7069,509.7083,509.7086,509.7086,509.7081,509.7073,509.7115,509.5923,509.5890,509.5863,509.5862,509.5860,509.5843,509.5849,509.5763,509.5762,509.5527,509.5504,509.5498,509.5506,509.5397,509.4959,509.4340,509.4340,509.4341,509.4347,509.3741,509.3770,509.3795,509.3835,509.3835,509.3846,509.3851,509.3923,509.3380,509.3473,509.3825,509.3437,509.3329,509.2813,509.2813,509.2822,509.2815,509.2730,509.2715,509.2687,509.2699,509.2714,509.2728,509.2509,509.2553,509.2602,509.2596,509.2486,509.2342,509.2200,509.2050,509.1777,509.1693,509.1523,509.1349,509.1235,509.1223,509.1156,509.1113,509.1074,509.0961,509.0963,509.0927,509.0865,509.0812,509.0771,509.0707,509.0673,509.0626,509.0548,509.0404,509.0458,509.0473,509.0314,509.0266,509.0505,509.0213,509.0162,509.0108,509.0068,509.0007,508.9988,508.9968,508.9769,508.9691,508.9610,508.9597,508.9620,508.9615,508.9593,508.9573,508.9509,508.9495,508.9450,508.9433,508.9432,508.9445,508.9444,508.9394,508.9377,508.9206,508.9138,508.9127,508.9123,508.9126,508.9122,508.9134,508.9133,508.9134,508.9134,508.9120,508.9134,508.9132,508.9132,508.9100,508.9143,508.9119,508.8982,508.8942,508.8864,508.8742,508.8742,508.8741,508.8741,508.8741,508.8740,508.8740,508.8739,508.8739,508.8739,508.8738,508.8738,508.8737,508.8737,508.8737,508.8736,508.8736,508.8736,508.8735,508.8735,508.8734,508.8734,508.8734,508.8733,508.8733,508.8732,508.8732,508.8732,508.8731,508.8731,508.8731,508.8730,508.8730,508.8729,508.8729,508.8729,508.8728,508.8728,508.8727,508.8727,508.8727,508.8726,508.8726,508.8725,508.8725,508.8725,508.8724,508.8724,508.8724,508.8723,508.8723,508.8722
45108.7083333,331.4811,331.4649,331.4589,331.4408,331.4237,331.4069,331.4034,331.4035,331.4025,331.4007,331.3983,331.3968,331.3957,331.3937,331.3918,331.3904,331.3889,331.3872,331.3839,331.3821,331.3710,331.3567,331.3477,331.3341,331.3209,331.3073,331.2859,331.2800,331.2747,331.2717,331.2690,331.2628,331.2603,331.2560,331.2497,331.2448,331.2383,331.2343,331.2299,331.2317,331.2154,331.2058,331.1913,331.1782,331.1668,331.1667,331.1662,331.1639,331.1635,331.1538,331.1473,331.1476,331.1432,331.1377,331.1307,331.1307,331.1264,331.1340,331.1343,331.1353,331.1355,331.1355,331.1352,331.1345,331.1378,331.0478,331.0453,331.0433,331.0432,331.0431,331.0418,331.0422,331.0358,331.0357,331.0179,331.0162,331.0157,331.0164,331.0081,330.9751,330.9283,330.9284,330.9284,330.9289,330.8832,330.8854,330.8873,330.8903,330.8903,330.8911,330.8915,330.8969,330.8559,330.8630,330.8895,330.8602,330.8521,330.8132,330.8132,330.8138,330.8134,330.8070,330.8058,330.8037,330.8045,330.8057,330.8068,330.7902,330.7936,330.7972,330.7968,330.7885,330.7777,330.7669,330.7556,330.7351,330.7287,330.7159,330.7028,330.6942,330.6932,330.6882,330.6849,330.6820,330.6735,330.6736,330.6709,330.6663,330.6622,330.6591,330.6543,330.6517,330.6482,330.6423,330.6314,330.6355,330.6367,330.6247,330.6210,330.6391,330.6171,330.6132,330.6091,330.6061,330.6015,330.6001,330.5985,330.5836,330.5777,330.5716,330.5706,330.5723,330.5720,330.5703,330.5688,330.5639,330.5629,330.5595,330.5582,330.5581,330.5591,330.5591,330.5553,330.5540,330.5411,330.5360,330.5351,330.5348,330.5350,330.5348,330.5357,330.5356,330.5357,330.5357,330.5346,330.5356,330.5355,330.5355,330.5331,330.5363,330.5345,330.5242,330.5212,330.5153,330.5061,330.5061,330.5061,330.5060,330.5060,330.5060,330.5059,330.5059,330.5059,330.5059,330.5058,330.5058,330.5058,330.5057,330.5057,330.5057,330.5056,330.5056,330.5056,330.5056,330.5055,330.5055,330.5055,330.5054,330.5054,330.5054,330.5054,330.5053,330.5053,330.5053,330.5052,330.5052,330.5052,330.5052,330.5051,330.5051,330.5051,330.5050,330.5050,330.5050,330.5049,330.5049,330.5049,330.5049,330.5048,330.5048,330.5048,330.5047,330.5047,330.5047,330.5047,330.5046
45108.7500000,162.6043,162.5949,162.5914,162.5808,162.5707,162.5609,162.5588,162.5589,162.5583,162.5572,162.5558,162.5550,162.5543,162.5531,162.5520,162.5512,162.5503,162.5493,162.5474,162.5463,162.5399,162.5314,162.5262,162.5182,162.5105,162.5025,162.4900,162.4865,162.4835,162.4817,162.4801,162.4765,162.4750,162.4725,162.4688,162.4659,162.4621,162.4598,162.4572,162.4583,162.4487,162.4431,162.4346,162.4269,162.4202,162.4201,162.4199,162.4185,162.4183,162.4126,162.4088,162.4090,162.4064,162.4032,162.3991,162.3991,162.3966,162.4010,162.4012,162.4018,162.4019,162.4019,162.4017,162.4013,162.4032,162.3505,162.3491,162.3479,162.3479,162.3478,162.3470,162.3473,162.3435,162.3434,162.3330,162.3320,162.3318,162.3321,162.3273,162.3080,162.2806,162.2806,162.2806,162.2809,162.2541,162.2554,162.2565,162.2583,162.2583,162.2588,162.2590,162.2622,162.2382,162.2423,162.2579,162.2407,162.2359,162.2131,162.2131,162.2135,162.2133,162.2095,162.2088,162.2076,162.2081,162.2088,162.2094,162.1997,162.2017,162.2038,162.2035,162.1987,162.1924,162.1861,162.1794,162.1674,162.1637,162.1562,162.1485,162.1435,162.1429,162.1400,162.1381,162.1364,162.1313,162.1314,162.1299,162.1271,162.1248,162.1229,162.1202,162.1186,162.1166,162.1131,162.1068,162.1091,162.1098,162.1028,162.1007,162.1112,162.0983,162.0961,162.0937,162.0919,162.0892,162.0884,162.0875,162.0787,162.0753,162.0717,162.0711,162.0721,162.0719,162.0709,162.0701,162.0672,162.0666,162.0646,162.0639,162.0638,162.0644,162.0644,162.0622,162.0614,162.0539,162.0509,162.0504,162.0502,162.0503,162.0502,162.0507,162.0506,162.0507,162.0507,162.0501,162.0507,162.0506,162.0506,162.0492,162.0511,162.0500,162.0440,162.0422,162.0388,162.0334,162.0334,162.0334,162.0333,162.0333,162.0333,162.0333,162.0333,162.0332,162.0332,162.0332,162.0332,162.0332,162.0332,162.0331,162.0331,162.0331,162.0331,162.0331,162.0331,162.0330,162.0330,162.0330,162.0330,162.0330,162.0330,162.0329,162.0329,162.0329,162.0329,162.0329,162.0329,162.0328,162.0328,162.0328,162.0328,162.0328,162.0328,162.0327,162.0327,162.0327,162.0327,162.0327,162.0327,162.0326,162.0326,162.0326,162.0326,162.0326,162.0326,162.0325,162.0325
45108.7916667,107.1576,107.1502,107.1474,107.1391,107.1313,107.1236,107.1220,107.1220,107.1216,107.1208,107.1197,107.1190,107.1185,107.1175,107.1167,107.1160,107.1153,107.1146,107.1131,107.1122,107.1072,107.1006,107.0965,107.0903,107.0842,107.0780,107.0682,107.0655,107.0631,107.0617,107.0604,107.0576,107.0565,107.0545,107.0516,107.0494,107.0464,107.0446,107.0426,107.0434,107.0359,107.0315,107.0249,107.0189,107.0137,107.0136,107.0134,107.0124,107.0122,107.0077,107.0048,107.0049,107.0029,107.0003,106.9972,106.9972,106.9952,106.9987,106.9988,106.9993,106.9994,106.9994,106.9992,106.9989,107.0004,106.9592,106.9581,106.9571,106.9571,106.9571,106.9565,106.9567,106.9537,106.9537,106.9455,106.9448,106.9445,106.9448,106.9411,106.9260,106.9046,106.9046,106.9046,106.9048,106.8839,106.8849,106.8858,106.8871,106.8872,106.8875,106.8877,106.8902,106.8714,106.8747,106.8868,106.8734,106.8697,106.8519,106.8519,106.8522,106.8520,106.8490,106.8485,106.8475,106.8479,106.8485,106.8490,106.8414,106.8429,106.8446,106.8444,106.8406,106.8356,106.8307,106.8255,106.8162,106.8132,106.8074,106.8014,106.7975,106.7970,106.7947,106.7932,106.7919,106.7880,106.7880,106.7868,106.7847,106.7828,106.7814,106.7792,106.7780,106.7764,106.7737,106.7688,106.7706,106.7712,106.7657,106.7640,106.7723,106.7622,106.7604,106.7586,106.7572,106.7551,106.7544,106.7537,106.7469,106.7442,106.7414,106.7409,106.7417,106.7416,106.7408,106.7401,106.7379,106.7374,106.7359,106.7353,106.7353,106.7357,106.7357,106.7340,106.7334,106.7275,106.7251,106.7247,106.7246,106.7247,106.7246,106.7250,106.7249,106.7250,106.7250,106.7245,106.7250,106.7249,106.7249,106.7238,106.7253,106.7245,106.7197,106.7184,106.7157,106.7115,106.7115,106.7114,106.7114,106.7114,106.7114,106.7114,106.7114,106.7114,106.7113,106.7113,106.7113,106.7113,106.7113,106.7113,106.7113,106.7113,106.7112,106.7112,106.7112,106.7112,106.7112,106.7112,106.7112,106.7111,106.7111,106.7111,106.7111,106.7111,106.7111,106.7111,106.7111,106.7110,106.7110,106.7110,106.7110,106.7110,106.7110,106.7110,106.7109,106.7109,106.7109,106.7109,106.7109,106.7109,106.7109,106.7109,106.7108,106.7108,106.7108,106.7108,106.7108
45108.8333333,26.3884,26.3858,26.3848,26.3820,26.3792,26.3765,26.3760,26.3760,26.3758,26.3756,26.3752,26.3749,26.3748,26.3744,26.3741,26.3739,26.3737,26.3734,26.3729,26.3726,26.3708,26.3686,26.3671,26.3650,26.3629,26.3607,26.3573,26.3564,26.3555,26.3550,26.3546,26.3536,26.3532,26.3525,26.3515,26.3508,26.3497,26.3491,26.3484,26.3487,26.3461,26.3446,26.3422,26.3402,26.3383,26.3383,26.3383,26.3379,26.3378,26.3363,26.3353,26.3353,26.3346,26.3337,26.3326,26.3326,26.3319,26.3331,26.3332,26.3333,26.3334,26.3334,26.3333,26.3332,26.3337,26.3194,26.3190,26.3187,26.3187,26.3187,26.3185,26.3185,26.3175,26.3175,26.3147,26.3144,26.3143,26.3144,26.3131,26.3079,26.3004,26.3005,26.3005,26.3005,26.2933,26.2936,26.2939,26.2944,26.2944,26.2945,26.2946,26.2954,26.2889,26.2901,26.2943,26.2896,26.2883,26.2821,26.2821,26.2823,26.2822,26.2812,26.2810,26.2806,26.2808,26.2810,26.2811,26.2785,26.2790,26.2796,26.2795,26.2782,26.2765,26.2748,26.2730,26.2697,26.2687,26.2667,26.2646,26.2633,26.2631,26.2623,26.2618,26.2613,26.2600,26.2600,26.2596,26.2588,26.2582,26.2577,26.2569,26.2565,26.2560,26.2550,26.2533,26.2539,26.2541,26.2522,26.2516,26.2545,26.2510,26.2504,26.2498,26.2493,26.2485,26.2483,26.2481,26.2457,26.2448,26.2438,26.2436,26.2439,26.2439,26.2436,26.2434,26.2426,26.2424,26.2419,26.2417,26.2417,26.2418,26.2418,26.2412,26.2410,26.2390,26.2382,26.2380,26.2380,26.2380,26.2380,26.2381,26.2381,26.2381,26.2381,26.2379,26.2381,26.2381,26.2381,26.2377,26.2382,26.2379,26.2363,26.2358,26.2349,26.2334,26.2334,26.2334,26.2334,26.2334,26.2334,26.2334,26.2334,26.2334,26.2334,26.2334,26.2334,26.2334,26.2334,26.2333,26.2333,26.2333,26.2333,26.2333,26.2333,26.2333,26.2333,26.2333,26.2333,26.2333,26.2333,26.2333,26.2333,26.2333,26.2333,26.2333,26.2333,26.2333,26.2333,26.2333,26.2332,26.2332,26.2332,26.2332,26.2332,26.2332,26.2332,26.2332,26.2332,26.2332,26.2332,26.2332,26.2332,26.2332,26.2332,26.2332,26.2332
45108.8750000,0.0000,0.0000,0.0000,0.0000,0.0000,0.0000,0.0000,0.0000,0.0000,0.0000,0.0000,0.0000,0.0000,0.0000,0.0000,0.0000,0.0000,0.0000,0.0000,0.0000,0.0000,0.0000,0.0000,0.0000,0.0000,0.0000,0.0000,0.0000,0.0000,0.0000,0.0000,0.0000,0.0000,0.0000,0.0000,0.0000,0.0000,0.0000,0.0000,0.0000,0.0000,0.0000,0.0000,0.0000,0.0000,0.0000,0.0000,0.0000,0.0000,0.0000,0.0000,0.0000,0.0000,0.0000,0.0000,0.0000,0.0000,0.0000,0.0000,0.0000,0.0000,0.0000,0.0000,0.0000,0.0000,0.0000,0.0000,0.0000,0.0000,0.0000,0.0000,0.0000,0.0000,0.0000,0.0000,0.0000,0.0000,0.0000,0.0000,0.0000,0.0000,0.0000,0.0000,0.0000,0.0000,0.0000,0.0000,0.0000,0.0000,0.0000,0.0000,0.0000,0.0000,0.0000,0.0000,0.0000,0.0000,0.0000,0.0000,0.0000,0.0000,0.0000,0.0000,0.0000,0.0000,0.0000,0.0000,0.0000,0.0000,0.0000,0.0000,0.0000,0.0000,0.0000,0.0000,0.0000,0.0000,0.0000,0.0000,0.0000,0.0000,0.0000,0.0000,0.0000,0.0000,0.0000,0.0000,0.0000,0.0000,0.0000,0.0000,0.0000,0.0000,0.0000,0.0000,0.0000,0.0000,0.0000,0.0000,0.0000,0.0000,0.0000,0.0000,0.0000,0.0000,0.0000,0.0000,0.0000,0.0000,0.0000,0.0000,0.0000,0.0000,0.0000,0.0000,0.0000,0.0000,0.0000,0.0000,0.0000,0.0000,0.0000,0.0000,0.0000,0.0000,0.0000,0.0000,0.0000,0.0000,0.0000,0.0000,0.0000,0.0000,0.0000,0.0000,0.0000,0.0000,0.0000,0.0000,0.0000,0.0000,0.0000,0.0000,0.0000,0.0000,0.0000,0.0000,0.0000,0.0000,0.0000,0.0000,0.0000,0.0000,0.0000,0.0000,0.0000,0.0000,0.0000,0.0000,0.0000,0.0000,0.0000,0.0000,0.0000,0.0000,0.0000,0.0000,0.0000,0.0000,0.0000,0.0000,0.0000,0.0000,0.0000,0.0000,0.0000,0.0000,0.0000,0.0000,0.0000,0.0000,0.0000,0.0000,0.0000,0.0000,0.0000,0.0000,0.0000,0.0000,0.0000,0.0000,0.0000,0.0000,0.0000,0.0000,0.0000
45108.9166667,0.0000,0.0000,0.0000,0.0000,0.0000,0.0000,0.0000,0.0000,0.0000,0.0000,0.0000,0.0000,0.0000,0.0000,0.0000,0.0000,0.0000,0.0000,0.0000,0.0000,0.0000,0.0000,0.0000,0.0000,0.0000,0.0000,0.0000,0.0000,0.0000,0.0000,0.0000,0.0000,0.0000,0.0000,0.0000,0.0000,0.0000,0.0000,0.0000,0.0000,0.0000,0.0000,0.0000,0.0000,0.0000,0.0000,0.0000,0.0000,0.0000,0.0000,0.0000,0.0000,0.0000,0.0000,0.0000,0.0000,0.0000,0.0000,0.0000,0.0000,0.0000,0.0000,0.0000,0.0000,0.0000,0.0000,0.0000,0.0000,0.0000,0.0000,0.0000,0.0000,0.0000,0.0000,0.0000,0.0000,0.0000,0.0000,0.0000,0.0000,0.0000,0.0000,0.0000,0.0000,0.0000,0.0000,0.0000,0.0000,0.0000,0.0000,0.0000,0.0000,0.0000,0.0000,0.0000,0.0000,0.0000,0.0000,0.0000,0.0000,0.0000,0.0000,0.0000,0.0000,0.0000,0.0000,0.0000,0.0000,0.0000,0.0000,0.0000,0.0000,0.0000,0.0000,0.0000,0.0000,0.0000,0.0000,0.0000,0.0000,0.0000,0.0000,0.0000,0.0000,0.0000,0.0000,0.0000,0.0000,0.0000,0.0000,0.0000,0.0000,0.0000,0.0000,0.0000,0.0000,0.0000,0.0000,0.0000,0.0000,0.0000,0.0000,0.0000,0.0000,0.0000,0.0000,0.0000,0.0000,0.0000,0.0000,0.0000,0.0000,0.0000,0.0000,0.0000,0.0000,0.0000,0.0000,0.0000,0.0000,0.0000,0.0000,0.0000,0.0000,0.0000,0.0000,0.0000,0.0000,0.0000,0.0000,0.0000,0.0000,0.0000,0.0000,0.0000,0.0000,0.0000,0.0000,0.0000,0.0000,0.0000,0.0000,0.0000,0.0000,0.0000,0.0000,0.0000,0.0000,0.0000,0.0000,0.0000,0.0000,0.0000,0.0000,0.0000,0.0000,0.0000,0.0000,0.0000,0.0000,0.0000,0.0000,0.0000,0.0000,0.0000,0.0000,0.0000,0.0000,0.0000,0.0000,0.0000,0.0000,0.0000,0.0000,0.0000,0.0000,0.0000,0.0000,0.0000,0.0000,0.0000,0.0000,0.0000,0.0000,0.0000,0.0000,0.0000,0.0000,0.0000,0.0000,0.0000,0.0000,0.0000,0.0000,0.0000,0.0000
45108.9583333,0.0000,0.0000,0.0000,0.0000,0.0000,0.0000,0.0000,0.0000,0.0000,0.0000,0.0000,0.0000,0.0000,0.0000,0.0000,0.0000,0.0000,0.0000,0.0000,0.0000,0.0000,0.0000,0.0000,0.0000,0.0000,0.0000,0.0000,0.0000,0.0000,0.0000,0.0000,0.0000,0.0000,0.0000,0.0000,0.0000,0.0000,0.0000,0.0000,0.0000,0.0000,0.0000,0.0000,0.0000,0.0000,0.0000,0.0000,0.0000,0.0000,0.0000,0.0000,0.0000,0.0000,0.0000,0.0000,0.0000,0.0000,0.0000,0.0000,0.0000,0.0000,0.0000,0.0000,0.0000,0.0000,0.0000,0.0000,0.0000,0.0000,0.0000,0.0000,0.0000,0.0000,0.0000,0.0000,0.0000,0.0000,0.0000,0.0000,0.0000,0.0000,0.0000,0.0000,0.0000,0.0000,0.0000,0.0000,0.0000,0.0000,0.0000,0.0000,0.0000,0.0000,0.0000,0.0000,0.0000,0.0000,0.0000,0.0000,0.0000,0.0000,0.0000,0.0000,0.0000,0.0000,0.0000,0.0000,0.0000,0.0000,0.0000,0.0000,0.0000,0.0000,0.0000,0.0000,0.0000,0.0000,0.0000,0.0000,0.0000,0.0000,0.0000,0.0000,0.0000,0.0000,0.0000,0.0000,0.0000,0.0000,0.0000,0.0000,0.0000,0.0000,0.0000,0.0000,0.0000,0.0000,0.0000,0.0000,0.0000,0.0000,0.0000,0.0000,0.0000,0.0000,0.0000,0.0000,0.0000,0.0000,0.0000,0.0000,0.0000,0.0000,0.0000,0.0000,0.0000,0.0000,0.0000,0.0000,0.0000,0.0000,0.0000,0.0000,0.0000,0.0000,0.0000,0.0000,0.0000,0.0000,0.0000,0.0000,0.0000,0.0000,0.0000,0.0000,0.0000,0.0000,0.0000,0.0000,0.0000,0.0000,0.0000,0.0000,0.0000,0.0000,0.0000,0.0000,0.0000,0.0000,0.0000,0.0000,0.0000,0.0000,0.0000,0.0000,0.0000,0.0000,0.0000,0.0000,0.0000,0.0000,0.0000,0.0000,0.0000,0.0000,0.0000,0.0000,0.0000,0.0000,0.0000,0.0000,0.0000,0.0000,0.0000,0.0000,0.0000,0.0000,0.0000,0.0000,0.0000,0.0000,0.0000,0.0000,0.0000,0.0000,0.0000,0.0000,0.0000,0.0000,0.0000,0.0000,0.0000,0.0000,0.0000,0.0000,0.0000
