File Created:,Mon Jul 29 22:26:34 2024
Heat Source Version:,9.0.0b26
Simulation Name:,WFK23
User Text:,Westfork Kickapoo
Output:,Streambed Conduction Flux (watts/square meter)
""
Datetime,23.500,23.400,23.300,23.200,23.100,23.000,22.900,22.800,22.700,22.600,22.500,22.400,22.300,22.200,22.100,22.000,21.900,21.800,21.700,21.600,21.500,21.400,21.300,21.200,21.100,21.000,20.900,20.800,20.700,20.600,20.500,20.400,20.300,20.200,20.100,20.000,19.900,19.800,19.700,19.600,19.500,19.400,19.300,19.200,19.100,19.000,18.900,18.800,18.700,18.600,18.500,18.400,18.300,18.200,18.100,18.000,17.900,17.800,17.700,17.600,17.500,17.400,17.300,17.200,17.100,17.000,16.900,16.800,16.700,16.600,16.500,16.400,16.300,16.200,16.100,16.000,15.900,15.800,15.700,15.600,15.500,15.400,15.300,15.200,15.100,15.000,14.900,14.800,14.700,14.600,14.500,14.400,14.300,14.200,14.100,14.000,13.900,13.800,13.700,13.600,13.500,13.400,13.300,13.200,13.100,13.000,12.900,12.800,12.700,12.600,12.500,12.400,12.300,12.200,12.100,12.000,11.900,11.800,11.700,11.600,11.500,11.400,11.300,11.200,11.100,11.000,10.900,10.800,10.700,10.600,10.500,10.400,10.300,10.200,10.100,10.000,9.900,9.800,9.700,9.600,9.500,9.400,9.300,9.200,9.100,9.000,8.900,8.800,8.700,8.600,8.500,8.400,8.300,8.200,8.100,8.000,7.900,7.800,7.700,7.600,7.500,7.400,7.300,7.200,7.100,7.000,6.900,6.800,6.700,6.600,6.500,6.400,6.300,6.200,6.100,6.000,5.900,5.800,5.700,5.600,5.500,5.400,5.300,5.200,5.100,5.000,4.900,4.800,4.700,4.600,4.500,4.400,4.300,4.200,4.100,4.000,3.900,3.800,3.700,3.600,3.500,3.400,3.300,3.200,3.100,3.000,2.900,2.800,2.700,2.600,2.500,2.400,2.300,2.200,2.100,2.000,1.900,1.800,1.700,1.600,1.500,1.400,1.300,1.200,1.100,1.000,0.900,0.800,0.700,0.600,0.500,0.400,0.300,0.200,0.100,0.000
45108.0000000,0.0000,0.0000,0.0000,0.0000,0.0000,0.0000,0.0000,0.0000,0.0000,0.0000,0.0000,0.0000,0.0000,0.0000,0.0000,0.0000,0.0000,0.0000,0.0000,0.0000,0.0000,0.0000,0.0000,0.0000,0.0000,0.0000,0.0000,0.0000,0.0000,0.0000,0.0000,0.0000,0.0000,0.0000,0.0000,0.0000,0.0000,0.0000,0.0000,0.0000,0.0000,0.0000,0.0000,0.0000,0.0000,0.0000,0.0000,0.0000,0.0000,0.0000,0.0000,0.0000,0.0000,0.0000,0.0000,0.0000,0.0000,0.0000,0.0000,0.0000,0.0000,0.0000,0.0000,0.0000,0.0000,0.0000,0.0000,0.0000,0.0000,0.0000,0.0000,0.0000,0.0000,0.0000,0.0000,0.0000,0.0000,0.0000,0.0000,0.0000,0.0000,0.0000,0.0000,0.0000,0.0000,0.0000,0.0000,0.0000,0.0000,0.0000,0.0000,0.0000,0.0000,0.0000,0.0000,0.0000,0.0000,0.0000,0.0000,0.0000,0.0000,0.0000,0.0000,0.0000,0.0000,0.0000,0.0000,0.0000,0.0000,0.0000,0.0000,0.0000,0.0000,0.0000,0.0000,0.0000,0.0000,0.0000,0.0000,0.0000,0.0000,0.0000,0.0000,0.0000,0.0000,0.0000,0.0000,0.0000,0.0000,0.0000,0.0000,0.0000,0.0000,0.0000,0.0000,0.0000,0.0000,0.0000,0.0000,0.0000,0.0000,0.0000,0.0000,0.0000,0.0000,0.0000,0.0000,0.0000,0.0000,0.0000,0.0000,0.0000,0.0000,0.0000,0.0000,0.0000,0.0000,0.0000,0.0000,0.0000,0.0000,0.0000,0.0000,0.0000,0.0000,0.0000,0.0000,0.0000,0.0000,0.0000,0.0000,0.0000,0.0000,0.0000,0.0000,0.0000,0.0000,0.0000,0.0000,0.0000,0.0000,0.0000,0.0000,0.0000,0.0000,0.0000,0.0000,0.0000,0.0000,0.0000,0.0000,0.0000,0.0000,0.0000,0.0000,0.0000,0.0000,0.0000,0.0000,0.0000,0.0000,0.0000,0.0000,0.0000,0.0000,0.0000,0.0000,0.0000,0.0000,0.0000,0.0000,0.0000,0.0000,0.0000,0.0000,0.0000,0.0000,0.0000,0.0000,0.0000,0.0000,0.0000,0.0000,0.0000,0.0000,0.0000,0.0000,0.0000,0.0000,0.0000,0.0000,0.0000,0.0000,0.0000,0.0000,0.0000
45108.0416667,3.0573,3.4078,3.3667,3.4123,3.7635,3.6031,4.3095,10.1522,10.4190,9.8077,9.7472,9.2959,8.1169,10.8393,9.8354,8.2990,6.8504,5.6584,4.5351,3.5633,3.2980,3.0613,2.8475,2.8603,2.7261,3.0014,2.8966,2.5965,3.1674,2.7548,2.6551,2.4876,2.4097,2.4735,2.5369,2.4971,2.7099,2.7709,2.4788,5.5537,5.5793,5.4285,5.2900,5.2291,4.9664,4.1504,3.5014,6.4264,5.6595,5.2490,5.9546,5.6896,5.4804,5.3331,4.4476,4.3352,3.6812,3.3942,3.9883,3.7441,3.5957,3.4616,3.3023,3.1503,2.8762,2.7010,2.5706,3.6021,1.6720,1.2335,1.3006,1.4599,1.4961,1.3324,1.2906,1.7157,1.8273,3.5377,3.6692,4.2278,4.6309,4.9233,4.7738,5.3060,5.5212,5.5363,5.9172,5.6812,5.6976,5.1852,5.2707,5.9397,5.6066,5.1784,4.3277,4.2706,4.0617,3.9125,3.7639,3.5038,3.3452,3.3506,10.2810,10.1322,10.2806,9.8691,8.9907,10.7392,8.6641,7.3419,5.3493,3.8341,4.2052,3.6726,3.5313,3.2063,3.0872,3.1409,3.0608,2.9260,2.3087,2.3638,2.5315,2.5239,2.5243,2.4355,2.3053,2.5263,2.3267,1.9763,1.9761,1.8479,1.7604,1.7246,2.2503,2.1337,2.0500,2.1504,2.1876,2.0896,1.9221,1.9411,1.7751,1.7017,1.8264,1.4935,1.4686,1.8321,1.7974,1.7549,1.7495,1.4759,1.3114,1.1867,1.0844,1.2339,1.5319,1.5138,3.1248,3.1777,3.6080,3.9964,5.6531,5.7865,5.7988,5.3306,5.4694,4.8928,4.5052,3.7967,2.8743,5.4846,5.2877,4.9723,4.5559,4.1649,3.6879,3.4617,3.1350,3.2466,3.1153,2.9012,2.8732,3.0900,2.8745,2.9962,2.7902,2.7308,2.6819,2.6409,2.6050,2.5716,2.5389,2.5057,2.4714,2.4363,2.4011,2.3670,2.3351,2.3065,2.2821,2.2623,2.2472,2.2365,2.2300,2.2269,2.2267,2.2287,2.2325,2.2377,2.2437,2.2505,2.2578,2.2654,2.2734,2.2815,2.2899,2.2985,2.3073,2.3162,2.3253,2.3346,2.3440,2.3536,2.3634,2.3734,2.3835,2.3938,2.4042,2.4149,2.4256,2.4366,2.4476,2.4587,2.4696,2.4803
45108.0833333,5.3030,5.9929,5.8659,5.8627,6.4583,5.7325,6.5864,10.9074,11.8413,10.6136,10.9417,11.0278,9.6520,13.5968,14.0579,13.5427,13.2962,12.4906,10.7701,9.8453,9.9603,8.8281,7.8223,7.8400,7.1803,7.2309,6.2614,5.3369,5.8163,4.8812,5.0006,4.7702,4.7077,4.5882,4.6102,4.3823,4.6472,4.6940,4.0830,7.0629,7.1744,6.8919,6.5991,6.7543,7.4626,7.1759,6.5621,8.8526,8.0717,7.2851,8.4534,8.6425,8.7004,8.6369,6.5489,8.2337,7.6592,7.3611,8.0095,7.4211,7.0983,6.6839,6.4241,6.1989,5.6080,5.4545,5.3747,6.0322,3.6118,3.0064,2.9722,2.9932,2.8412,2.4148,2.1473,2.8132,2.8483,4.3298,4.3841,5.0019,5.4495,5.7154,5.2471,5.3200,5.8755,5.8042,6.9815,6.6739,7.2651,6.2908,7.3031,8.3628,8.3475,8.2307,6.5795,7.2554,7.3000,6.9729,6.9752,6.5857,6.5241,7.0330,11.2834,11.2578,12.2089,12.2237,11.2411,13.5384,11.4913,12.9111,10.6213,9.4653,9.9628,8.9687,9.0511,7.9333,7.8191,8.0705,7.5059,6.9702,5.1936,5.5894,5.0901,5.1404,5.1048,4.8890,4.4973,4.6156,4.0986,3.1810,3.3851,3.3118,3.3185,3.3568,3.9302,3.6943,3.5355,3.7252,3.4204,3.3848,3.1654,3.3515,3.0485,3.0138,3.2977,2.5671,2.6696,3.3017,3.0836,2.9040,2.9325,2.5981,2.5371,2.4804,2.0818,2.3682,2.7074,2.4745,3.6322,3.7065,4.6207,4.7701,6.0457,6.4139,6.3776,5.6141,6.5730,5.8118,6.4468,6.0341,4.5453,7.0176,7.5580,7.9112,7.6070,7.0960,6.2691,6.3117,5.9079,6.6133,6.3015,5.7297,5.6739,6.0950,5.4003,5.8493,5.2796,5.1553,5.0324,4.9117,4.7939,4.6795,4.5695,4.4647,4.3656,4.2729,4.1870,4.1082,4.0366,3.9719,3.9140,3.8623,3.8164,3.7755,3.7391,3.7066,3.6774,3.6511,3.6275,3.6062,3.5873,3.5707,3.5564,3.5444,3.5349,3.5278,3.5231,3.5207,3.5207,3.5227,3.5268,3.5326,3.5400,3.5487,3.5587,3.5697,3.5816,3.5942,3.6074,3.6212,3.6354,3.6500,3.6649,3.6800,3.6944,3.7070
45108.1250000,6.6923,7.9087,7.7488,7.7598,8.7873,7.3779,8.4881,11.4782,12.8743,10.9713,11.4196,11.5701,9.4965,13.9076,14.8950,14.5752,15.1676,14.8424,12.5680,12.3592,14.0325,12.3145,11.0196,12.2150,11.7875,12.8426,11.0255,9.6367,10.5012,8.6775,8.8094,8.1135,7.6470,7.0192,6.8511,6.2750,6.5808,6.5559,5.4553,8.3939,8.4967,7.9677,7.4213,7.6451,9.0454,8.8891,8.0381,9.7759,8.8991,7.7540,9.4382,10.0818,10.3666,10.3297,6.9341,10.4131,9.8729,9.6375,10.6804,9.8511,9.5750,9.0715,8.9785,8.9501,8.1081,8.1639,8.3466,8.6609,5.5612,4.8921,4.9118,4.8941,4.5595,3.7603,3.1985,4.2046,4.0759,5.3273,5.2477,5.8890,6.3338,6.5068,5.6704,5.3150,6.0399,5.7680,7.4100,6.8183,7.6928,6.1048,7.6932,8.9420,9.0310,9.0185,6.4065,7.6831,7.9711,7.4984,7.7117,7.2401,7.3920,8.6990,11.2173,11.3448,12.9639,13.2270,11.8904,14.3167,11.5681,15.0960,11.9620,11.1917,12.2211,10.8901,11.7203,9.8935,10.4255,11.8063,11.2796,10.9742,8.2092,9.8510,8.7661,9.2319,9.2323,8.7329,7.7445,7.5884,6.4473,4.6571,4.9890,4.8451,4.8654,4.9391,5.6157,5.1843,4.9131,5.2272,4.4921,4.4817,4.1364,4.4784,3.9573,3.9252,4.4062,3.1791,3.4268,4.4770,4.0693,3.7653,3.8872,3.4928,3.5671,3.6218,2.8442,3.3530,3.8126,3.3247,4.1388,4.2126,5.5730,5.4338,6.3508,6.8599,6.7149,5.6119,7.0849,5.9539,7.1905,6.7435,4.4898,6.9441,8.0985,9.1642,9.0119,8.3874,7.1879,7.5544,7.0909,8.6287,8.1576,7.1997,7.2015,8.0180,6.8075,7.8113,6.8872,6.8107,6.7301,6.6457,6.5581,6.4676,6.3746,6.2797,6.1834,6.0860,5.9880,5.8899,5.7921,5.6951,5.5993,5.5052,5.4133,5.3239,5.2376,5.1546,5.0754,5.0002,4.9294,4.8631,4.8015,4.7446,4.6924,4.6448,4.6018,4.5631,4.5286,4.4979,4.4709,4.4473,4.4269,4.4094,4.3947,4.3826,4.3730,4.3656,4.3604,4.3574,4.3564,4.3573,4.3600,4.3645,4.3706,4.3781,4.3864,4.3942
45108.1666667,8.1320,9.8634,9.5867,9.5595,11.0402,8.8191,10.1847,12.0060,13.7833,11.2634,11.7961,11.9874,9.3582,14.0290,15.3623,15.0079,15.9822,15.6406,12.5244,12.4844,15.3456,12.8406,11.1298,13.3759,13.2045,15.7428,13.1057,11.5584,13.8034,11.6008,12.8441,12.1929,11.7707,10.6706,10.2994,9.1971,9.4328,9.1423,7.3063,10.1306,10.1122,9.2462,8.3941,8.6153,10.5443,10.3063,9.0489,10.2154,9.1158,7.6412,9.6842,10.6378,11.0515,10.9892,6.5109,11.4564,10.8938,10.6918,12.1592,11.0450,10.8031,10.2017,10.2948,10.5175,9.4416,9.8320,10.5972,10.8869,7.3993,6.7840,6.9580,6.9596,6.4452,5.2887,4.3658,5.8827,5.5902,6.6518,6.4235,7.0866,7.5204,7.5908,6.3798,5.6497,6.5066,6.0590,8.0816,7.2031,8.2916,6.1490,8.1260,9.4358,9.4950,9.4494,5.9810,7.5758,7.9535,7.3059,7.5966,6.9705,7.1857,9.0623,10.5127,10.6882,12.7836,13.2140,11.5414,14.0519,10.7215,15.8334,11.7308,11.0243,12.4250,10.7170,12.0792,9.6064,10.5589,12.9300,12.4031,12.3503,8.6635,11.8243,10.3935,11.8902,12.5801,12.5690,11.4018,11.2786,9.5187,6.7086,7.3359,7.1743,7.2274,7.3194,8.0988,7.2991,6.7679,7.1224,5.8078,5.7422,5.1933,5.6602,4.8640,4.8017,5.4714,3.7060,4.0601,5.5424,4.9045,4.4541,4.6521,4.1707,4.3872,4.5819,3.3934,4.1503,4.7750,4.0096,4.5745,4.6630,6.4678,6.0451,6.6624,7.2824,7.0252,5.6286,7.4882,6.0060,7.6663,7.0872,4.2034,6.5609,8.0297,9.5739,9.4492,8.6553,7.0950,7.6790,7.1322,9.4216,8.7816,7.4599,7.5155,8.7202,7.0406,8.5800,7.3320,7.3221,7.3079,7.2895,7.2667,7.2395,7.2078,7.1719,7.1316,7.0873,7.0389,6.9866,6.9308,6.8715,6.8092,6.7440,6.6762,6.6062,6.5343,6.4609,6.3862,6.3107,6.2346,6.1583,6.0823,6.0067,5.9320,5.8585,5.7865,5.7163,5.6482,5.5825,5.5194,5.4592,5.4021,5.3481,5.2975,5.2504,5.2067,5.1665,5.1299,5.0967,5.0669,5.0404,5.0172,4.9969,4.9797,4.9652,4.9536,4.9462
45108.2083333,8.0819,10.4517,10.2410,10.3117,12.4311,9.4643,11.2718,12.2603,14.4996,11.4859,12.1347,12.3940,9.3383,14.1894,15.7818,15.3487,16.5890,16.1451,12.2673,12.2364,15.9792,12.7046,10.5848,13.4791,13.3535,17.0592,13.4665,11.5817,14.9523,12.2614,14.7906,14.4672,14.6834,13.5267,13.4240,12.0946,12.6599,12.3588,9.7462,12.6417,12.5073,11.2534,10.0485,10.2163,12.5516,12.0197,10.2063,10.7757,9.3708,7.6097,9.8718,11.0067,11.4531,11.3100,6.0187,11.9766,11.3013,11.0754,12.9017,11.4662,11.2117,10.4845,10.7102,11.1359,9.8157,10.4996,11.8627,12.2675,8.6999,8.3307,8.8073,8.9306,8.2754,6.8035,5.4778,7.6779,7.2340,8.1642,7.7853,8.4959,8.9325,8.8999,7.2960,6.2162,7.1943,6.5842,8.9631,7.8034,9.0868,6.4365,8.7355,10.0848,10.0876,9.9798,5.8019,7.5832,8.0010,7.2018,7.5198,6.7507,6.9691,9.2444,9.8073,9.9823,12.3831,12.8971,10.9135,13.4046,9.6029,15.7935,10.8308,10.0971,11.7313,9.7549,11.4512,8.5631,9.7333,12.7965,12.2236,12.3105,7.8758,12.0739,10.2896,12.6321,14.0699,14.7596,13.6064,13.7916,11.5095,7.7287,8.8794,8.9623,9.3286,9.6973,10.9022,9.8757,9.1889,9.7184,7.7312,7.6061,6.7892,7.3609,6.2007,6.0480,6.8711,4.4754,4.8784,6.7889,5.8683,5.2373,5.4630,4.8241,5.1285,5.4321,3.8254,4.8184,5.6204,4.5681,4.9251,5.0222,7.2589,6.5575,6.9304,7.6468,7.2894,5.6512,7.8172,6.0326,8.0238,7.3060,3.9709,6.1830,7.8257,9.7057,9.5574,8.5914,6.7423,7.4408,6.8063,9.6596,8.8498,7.2252,7.2995,8.7897,6.7400,8.6606,7.1372,7.1560,7.1727,7.1874,7.1998,7.2098,7.2175,7.2226,7.2252,7.2251,7.2223,7.2166,7.2080,7.1964,7.1819,7.1642,7.1434,7.1196,7.0926,7.0626,7.0296,6.9937,6.9549,6.9134,6.8694,6.8229,6.7741,6.7233,6.6706,6.6163,6.5606,6.5037,6.4459,6.3875,6.3286,6.2695,6.2106,6.1520,6.0940,6.0368,5.9808,5.9261,5.8729,5.8214,5.7719,5.7245,5.6794,5.6372,5.5991,5.5709
45108.2500000,7.8181,10.5494,10.2277,10.2490,12.7752,9.0515,11.1556,11.5316,14.1165,10.6943,11.4478,11.8215,8.5641,13.6035,15.5229,15.1430,16.6828,16.2040,11.7685,11.7970,16.1810,12.2841,9.9057,13.2125,13.0676,17.5885,13.1115,10.9756,15.1089,11.9133,15.3485,15.1816,15.8852,14.5890,14.7811,13.3125,14.3845,14.3215,11.0914,14.3642,14.2748,12.7324,11.2854,11.5163,14.4176,13.7513,11.4365,11.4388,9.7949,7.7817,10.1578,11.3640,11.7381,11.4408,5.5762,12.2520,11.4220,11.0832,13.0674,11.2515,10.9140,10.0626,10.4222,11.0354,9.5042,10.4062,12.2195,12.7089,9.2595,9.2021,9.9917,10.2727,9.5289,7.9072,6.1614,9.0983,8.5100,9.3347,8.7783,9.4662,9.8242,9.6412,7.6312,6.2553,7.3904,6.6893,9.4289,8.0200,9.5020,6.4006,8.9769,10.3491,10.2939,10.1642,5.4658,7.4114,7.8547,6.9047,7.2242,6.3507,6.5604,9.1108,8.9052,9.0479,11.5946,12.1287,9.9114,12.3660,8.3610,15.2405,9.6409,8.8825,10.5792,8.4301,10.2535,7.1662,8.4044,11.8275,11.1849,11.3434,6.5673,11.3009,9.2750,12.1545,14.1548,15.3946,14.1660,14.6041,11.8193,7.3018,8.8983,9.2539,9.9817,10.7045,12.5021,11.4210,10.7808,11.7589,9.1804,9.2267,8.3079,9.1388,7.6509,7.4809,8.5334,5.4735,5.9804,8.3402,7.0696,6.2271,6.4638,5.6346,5.9623,6.3245,4.2666,5.4155,6.3211,4.9360,5.0683,5.1481,7.7289,6.7049,6.8397,7.5929,7.1141,5.2810,7.7038,5.7068,8.0165,7.2286,3.6480,5.7096,7.4392,9.5289,9.3194,8.1880,6.1342,6.8826,6.1786,9.3612,8.3500,6.4708,6.5159,8.1519,5.8351,7.9784,6.2824,6.3342,6.3814,6.4242,6.4625,6.4967,6.5269,6.5536,6.5769,6.5972,6.6147,6.6296,6.6421,6.6523,6.6604,6.6663,6.6702,6.6719,6.6717,6.6693,6.6649,6.6583,6.6496,6.6387,6.6256,6.6102,6.5926,6.5727,6.5506,6.5262,6.4995,6.4706,6.4396,6.4064,6.3712,6.3340,6.2949,6.2541,6.2116,6.1676,6.1223,6.0757,6.0281,5.9796,5.9304,5.8808,5.8310,5.7818,5.7351,5.6973
45108.2916667,7.0041,10.0237,9.6365,9.5917,12.4661,8.0757,10.2646,10.0261,12.7745,9.0485,9.7718,10.1236,6.7423,11.7351,13.8370,13.5075,15.3197,14.8593,10.0959,10.2455,15.2024,10.8487,8.4150,12.0233,11.9133,17.1502,11.8670,9.5394,14.2353,10.6205,14.7422,14.6522,15.7005,14.2098,14.5502,12.8462,14.3029,14.3560,10.4529,14.2304,14.1469,12.3512,10.6428,10.9941,14.7090,13.9896,11.3260,11.0206,9.3008,7.1820,9.7403,11.0535,11.4074,10.9839,4.7298,11.8115,10.8588,10.4362,12.5490,10.3119,9.8294,8.7836,9.1149,9.8184,8.1590,9.2046,11.4080,12.0080,8.8179,9.1563,10.2930,10.7003,9.8459,8.0911,6.0676,9.6998,8.9280,9.6674,8.8676,9.5377,9.9039,9.4843,7.0105,5.3581,6.4826,5.6693,8.6401,6.9558,8.5624,5.1279,7.8442,9.2586,9.1683,8.9719,3.9544,5.9811,6.4776,5.5153,5.8102,4.8963,5.1204,7.8351,7.2922,7.3958,9.9963,10.4900,8.0758,10.4443,6.3856,13.7018,7.7459,7.0633,8.8288,6.6481,8.4832,5.4140,6.5774,10.1208,9.3887,9.5510,4.7235,9.5727,7.4132,10.5617,12.8881,14.4991,13.1252,13.7468,10.4718,5.5683,7.3710,7.9048,8.9040,9.9205,12.2866,11.1660,10.6192,12.1112,9.0111,9.2937,8.3865,9.6562,7.9429,7.8975,9.3534,5.6802,6.4243,9.4410,7.8299,6.8087,7.1351,6.1867,6.6365,7.0860,4.6333,5.9823,6.9863,5.2535,5.1163,5.0538,7.9407,6.5146,6.4023,7.1384,6.5518,4.4908,6.9883,4.7590,7.1840,6.3318,2.6895,4.6241,6.3945,8.6610,8.3995,7.1874,5.0029,5.7418,4.9791,8.3498,7.2008,5.1202,5.0676,6.7214,4.2562,6.3744,4.5059,4.5332,4.5612,4.5899,4.6193,4.6488,4.6792,4.7097,4.7402,4.7705,4.8003,4.8294,4.8574,4.8840,4.9089,4.9316,4.9521,4.9700,4.9853,4.9978,5.0076,5.0146,5.0188,5.0198,5.0192,5.0159,5.0102,5.0022,4.9920,4.9795,4.9649,4.9484,4.9297,4.9096,4.8864,4.8614,4.8345,4.8056,4.7746,4.7417,4.7065,4.6690,4.6296,4.5872,4.5382,4.4910,4.4413,4.3904,4.3390,4.2971
45108.3333333,4.6991,7.9725,7.7380,7.7586,11.1143,6.3452,8.6847,8.0333,11.0354,7.2505,7.9582,8.3039,4.9681,9.4846,11.6297,11.2997,13.1988,12.6239,7.7246,7.9262,13.2772,8.6336,6.3115,10.0375,9.9627,15.8773,9.9724,7.5811,12.7098,8.8102,13.4042,13.3288,14.5666,12.8742,13.3635,11.5244,13.3698,13.5115,9.0077,13.2520,13.1377,11.1534,9.1905,9.6580,14.1775,13.2074,10.2418,9.7645,7.9735,5.8931,8.5737,9.9490,10.3165,9.8262,3.4596,10.7246,9.7757,9.3920,11.7557,9.1945,8.6139,7.4304,7.6601,8.3825,6.6953,7.6792,9.9830,10.5582,7.4877,8.2831,9.8331,10.4028,9.4759,7.6024,5.5135,9.7465,8.8357,9.5826,8.5727,9.3308,9.9108,9.2736,6.3638,4.5335,5.5277,4.6961,7.8409,5.9168,7.5868,3.9753,6.6386,8.0378,7.8800,7.4916,2.3408,4.2556,4.7518,3.9024,4.0765,3.1467,3.3347,6.0548,5.1294,5.2495,7.8154,8.3056,5.8143,8.0706,4.1242,11.5288,5.4642,4.8411,6.6791,4.5956,6.3559,3.5060,4.4614,8.0040,7.2529,7.4514,2.8788,7.5396,5.3107,8.5273,10.9899,12.8753,11.3785,12.1741,8.5110,3.6168,5.3810,5.9317,6.9883,8.1310,10.8276,9.6628,9.2027,11.1083,7.6515,8.0704,7.2080,8.9111,7.0600,7.1721,9.0466,4.9248,5.9005,9.6432,7.7533,6.6300,7.1353,6.1922,6.9104,7.5408,4.8128,6.4584,7.6544,5.6153,5.2241,5.0305,8.4267,6.4748,6.2103,6.9392,6.3551,4.0191,6.4893,4.0234,6.3292,5.3843,1.7535,3.3720,5.0090,7.3590,7.0372,5.9326,3.6179,4.3362,3.5676,7.0555,5.9852,3.7676,3.6110,5.2494,2.7550,4.7168,2.6442,2.6814,2.7157,2.7470,2.7753,2.8004,2.8243,2.8460,2.8653,2.8827,2.8981,2.9121,2.9248,2.9363,2.9471,2.9571,2.9667,2.9768,2.9845,2.9918,2.9985,3.0043,3.0091,3.0126,3.0150,3.0160,3.0153,3.0128,3.0083,3.0015,2.9924,2.9811,2.9670,2.9502,2.9309,2.9083,2.8793,2.8247,2.7821,2.7332,2.6813,2.6287,2.5747,2.5191,2.4622,2.4047,2.3465,2.2882,2.2279,2.1810
45108.3750000,1.7661,5.0084,4.9307,4.9594,8.6571,3.6661,5.9401,5.0234,8.1965,4.5278,5.2132,5.6025,2.5511,6.1999,8.4182,8.2699,10.5248,9.6576,4.9525,4.9357,10.4923,5.5914,3.5557,7.2787,7.2331,13.5613,7.1806,4.8687,10.2946,6.2651,11.1318,11.0872,12.5237,10.4755,10.7089,8.5728,10.8827,11.4381,6.6460,11.3441,11.1886,9.1554,6.9902,7.6063,12.7454,11.4110,8.2684,7.7608,5.9600,4.0802,6.9282,7.9333,8.2245,7.3722,1.2282,8.3219,7.3569,7.1559,9.6692,6.9184,6.6840,5.0803,5.2466,6.1062,4.7310,5.6118,8.2059,8.3540,4.9823,6.5477,8.4243,9.1664,8.3181,6.2615,4.4035,8.8951,7.8762,8.6388,7.4200,8.2130,9.2045,8.2799,4.9044,3.4313,3.8538,3.1509,6.4514,4.3468,5.9715,2.3852,4.6727,5.9626,5.9709,5.4970,0.1086,1.8663,2.4273,1.8622,1.8275,1.2127,0.9895,3.7255,2.1819,2.5539,4.9633,5.2692,2.3774,4.7540,1.0136,8.4106,2.3778,1.8416,3.7429,1.9263,3.7351,1.2197,1.6904,5.1006,4.4021,4.6352,0.6011,5.1183,2.7656,5.8589,8.3101,10.4430,8.8537,9.7468,5.8250,1.3778,3.0562,3.6043,4.6246,5.7818,8.4269,7.2281,6.8438,9.1935,5.3910,5.6791,4.9151,6.9465,4.9986,5.2744,7.5167,3.2199,4.3248,8.6643,6.4732,5.3132,5.9507,5.1747,6.2951,7.1690,4.3551,6.3314,7.7748,5.3827,4.8813,4.5355,8.9207,5.9808,5.6895,6.2656,5.7866,3.2787,5.5198,3.1004,5.1025,4.0499,0.5135,1.8861,3.2713,5.8095,5.1601,4.4704,1.9001,2.5460,1.7711,5.3676,4.6650,2.3031,2.0067,3.6338,1.1797,2.8359,0.3362,0.3974,0.4547,0.5072,0.5561,0.5992,0.6408,0.6787,0.7128,0.7431,0.7697,0.7926,0.8128,0.8292,0.8423,0.8528,0.8597,0.8642,0.8654,0.8640,0.8601,0.8536,0.8447,0.8333,0.8198,0.8041,0.7861,0.7640,0.7238,0.6288,0.5525,0.4864,0.4195,0.3545,0.2860,0.2194,0.1539,0.0861,0.0190,-0.0488,-0.1175,-0.1864,-0.2561,-0.3265,-0.3975,-0.4687,-0.5401,-0.6110,-0.6868,-0.7429
45108.4166667,-2.5012,0.5445,0.7802,0.8679,5.7807,-0.4785,1.6194,0.7130,4.3354,0.2663,0.9325,1.4083,-1.0967,1.5454,3.7914,3.9461,6.8627,5.4587,1.5761,1.1389,6.9674,2.1920,0.5304,4.1330,4.0924,10.9603,3.1306,0.9116,6.3298,1.9375,6.5768,6.9217,9.0943,7.1161,7.2386,4.6923,6.3833,6.5562,1.8168,7.5884,6.3155,4.8196,2.6877,3.6221,10.6284,7.6284,4.0102,3.8589,2.4395,1.0524,4.5734,5.2394,5.3819,4.4473,-1.9383,4.5885,3.3516,3.7973,6.4462,2.4219,2.9734,0.6755,0.8113,1.8914,1.2136,1.9189,5.4382,5.4823,1.3791,3.8856,6.3405,6.5850,6.1802,3.8967,2.5586,7.8072,5.5869,7.3384,4.4946,5.3404,8.2923,6.6242,1.4527,0.8370,0.0090,-0.3502,3.1158,0.9271,2.6263,-0.2785,1.7167,2.4421,2.3832,1.4037,-3.8913,-2.8206,-1.9713,-1.8914,-2.0717,-1.7416,-2.5829,0.7826,-1.8683,-0.8383,1.4333,1.4034,-1.7787,-0.0380,-3.3903,4.0440,-1.7213,-2.0217,-0.1340,-1.4738,0.7375,-1.3541,-1.7528,1.3282,1.1274,0.8768,-2.9212,1.4681,-1.0854,2.2290,3.7194,6.1339,4.4747,5.6378,1.3434,-2.7052,-0.9763,-0.4643,0.6728,1.9642,4.5591,2.9473,3.0297,6.2419,2.3562,2.0877,1.3832,3.8578,1.9244,1.8612,4.3853,-0.0756,1.3241,5.9941,3.5048,1.6612,2.9217,2.0653,3.8081,5.1809,2.5003,4.8075,7.2757,3.7332,3.8043,2.4879,8.4087,4.9207,4.4864,4.0711,4.4265,1.4270,3.3850,1.3309,2.9331,1.8956,-1.3929,-0.1826,0.7683,3.6992,2.8839,2.6119,-0.5549,0.5612,-0.8182,3.6945,2.8369,0.3218,-0.1228,1.5550,-0.7970,0.4624,-2.7729,-2.6273,-2.4896,-2.3604,-2.2396,-2.1312,-2.0285,-1.9354,-1.8521,-1.7788,-1.7149,-1.6604,-1.6138,-1.5756,-1.5448,-1.5206,-1.5090,-1.5782,-1.6904,-1.8020,-1.8949,-1.9898,-2.0869,-2.1849,-2.2828,-2.3738,-2.4708,-2.5620,-2.6535,-2.7411,-2.8323,-2.9200,-3.0081,-3.0941,-3.1824,-3.2692,-3.3551,-3.4425,-3.5293,-3.6164,-3.7037,-3.7910,-3.8784,-3.9660,-4.0535,-4.1407,-4.2274,-4.3128,-4.4066,-4.4729
45108.4583333,-8.2052,-5.7244,-4.7974,-4.8238,1.7070,-6.6103,-4.5821,-4.9956,-0.0153,-5.0720,-5.2586,-5.0740,-6.5672,-5.1746,-3.7761,-2.8769,1.8475,-0.2565,-2.1425,-3.3355,1.5044,-3.3525,-4.2401,-0.4858,-0.0698,8.3137,-1.7936,-4.0468,2.5721,-2.4110,2.5760,1.8396,5.0382,3.4109,3.0540,-0.3081,1.2188,-0.2088,-5.7834,1.6909,-0.0417,-3.1637,-5.1771,-3.6578,6.6957,1.9120,-2.3118,-1.9044,-2.8561,-3.3100,1.7416,2.2294,2.0174,1.5658,-4.7770,0.6173,-1.5532,0.4965,2.9047,-3.4824,-1.8573,-5.1352,-5.0774,-3.6536,-2.4933,-2.5122,0.9325,0.7300,-3.3792,0.1543,4.4605,3.6935,3.9452,0.4754,-0.1105,6.1868,1.8407,5.3847,0.3799,1.5000,7.7720,4.8851,-2.5065,-2.2299,-4.4679,-4.0159,-1.1378,-4.3472,-0.4722,-3.7455,-2.0854,-1.2860,-1.4655,-3.1474,-7.9858,-8.2724,-7.4764,-6.5329,-7.0977,-5.4572,-7.2545,-3.9345,-7.5958,-5.7717,-3.4308,-3.5810,-6.7677,-6.2698,-9.2824,-1.4432,-6.3206,-6.0877,-4.6512,-6.1915,-3.1845,-4.6870,-6.4249,-3.9379,-3.2550,-3.4469,-6.9914,-2.5679,-5.8744,-2.3786,-2.8426,0.9807,-0.6972,0.9532,-3.6466,-7.4072,-5.6199,-5.1104,-3.5161,-1.7067,1.0736,-2.6326,-3.2510,0.9177,-2.1072,-2.1296,-3.9801,-0.6868,-2.4734,-3.3428,0.1331,-4.5455,-2.5756,3.3642,0.3538,-2.0566,-0.1259,-1.9788,-0.8188,1.3367,-0.7676,1.8840,5.0102,0.4505,0.9742,-1.1687,6.9197,3.1728,2.2485,0.9543,1.8513,-1.0562,1.4440,-1.3913,-0.4122,-1.3009,-4.2268,-2.9007,-2.6717,1.0609,0.1154,0.6346,-3.5436,-1.5057,-3.8118,2.4153,1.3076,-1.4263,-2.0594,-0.3085,-2.6329,-2.2017,-6.6904,-7.0137,-7.2515,-7.3981,-7.4573,-7.4491,-7.3843,-7.2474,-7.0636,-6.8768,-6.7050,-6.5922,-6.5204,-6.4715,-6.4667,-6.4711,-6.4920,-6.5237,-6.5628,-6.6069,-6.6470,-6.6916,-6.7405,-6.7937,-6.8508,-6.9072,-6.9721,-7.0367,-7.1052,-7.1741,-7.2484,-7.3230,-7.4001,-7.4780,-7.5596,-7.6418,-7.7251,-7.8108,-7.8974,-7.9853,-8.0744,-8.1642,-8.2547,-8.3460,-8.4376,-8.5293,-8.6210,-8.7116,-8.8152,-8.8856
45108.5000000,-12.7929,-11.5082,-9.0649,-8.3311,-2.5794,-12.0899,-12.4506,-14.6193,-7.6736,-11.0006,-11.4684,-13.1179,-14.1008,-13.0380,-12.4798,-13.9272,-8.8977,-11.5634,-12.9124,-13.9023,-7.0670,-12.9528,-12.3113,-8.9804,-6.9569,2.5293,-6.9751,-10.8186,-2.9678,-8.9835,-2.7531,-4.5793,-0.2537,-1.2963,-0.4304,-3.5756,-1.6455,-3.4399,-10.9321,-2.1074,-4.5757,-9.5878,-14.0170,-12.7274,1.1394,-6.3440,-11.2916,-10.6468,-12.6977,-13.1238,-7.5526,-5.9201,-4.9070,-5.5325,-11.2025,-6.6759,-6.9457,-1.7869,1.0929,-5.4758,-4.8276,-9.5027,-12.5746,-11.5738,-9.9634,-9.4557,-3.9178,-3.5963,-9.7224,-5.5186,-0.7958,-2.6917,-1.4549,-3.4193,-3.0948,4.6009,-0.2792,3.9616,-4.1649,-3.2201,7.6053,3.4649,-4.3398,-5.6961,-11.0162,-10.1560,-4.6978,-10.1479,-4.3874,-7.6713,-6.2857,-5.2794,-5.6065,-8.4419,-13.4351,-15.5338,-14.8663,-12.0349,-15.2405,-13.7428,-14.4351,-11.4682,-12.9444,-11.1182,-8.7078,-8.9335,-11.9747,-11.6014,-15.5303,-8.6038,-13.4388,-13.0825,-9.5726,-11.7011,-8.5625,-9.0094,-12.3721,-8.1427,-7.6094,-7.9036,-11.8331,-7.6697,-10.2404,-7.6830,-7.8544,-5.6463,-7.3111,-4.7936,-9.2325,-11.3735,-10.2979,-10.9938,-10.5919,-8.8583,-4.6991,-7.6950,-7.9493,-4.3762,-8.1200,-7.9230,-9.1457,-5.8458,-7.3170,-7.9306,-4.8270,-9.9486,-7.8023,-0.8651,-6.2346,-7.6131,-6.1473,-6.8651,-4.8495,-3.6003,-4.2930,0.6014,2.8870,-0.8232,-2.3783,-4.9744,3.8757,-0.6603,-2.2702,-3.9050,-2.3997,-4.6868,-2.8876,-6.1079,-5.9196,-6.5096,-8.5756,-7.3799,-7.6764,-3.4872,-4.0998,-2.3174,-7.5484,-4.3306,-6.7597,0.3235,-0.7400,-3.4207,-4.0097,-1.9477,-4.0117,-4.1515,-8.1972,-8.6090,-9.0169,-9.4203,-9.8180,-10.2149,-10.5966,-10.9346,-11.2260,-11.4836,-11.7052,-11.9128,-12.0898,-12.2241,-12.3340,-12.4004,-12.4341,-12.4373,-12.4137,-12.3678,-12.2994,-12.2204,-12.1365,-12.0529,-11.9739,-11.8998,-11.8398,-11.7894,-11.7525,-11.7268,-11.7156,-11.7143,-11.7238,-11.7417,-11.7691,-11.8030,-11.8428,-11.8889,-11.9396,-11.9947,-12.0539,-12.1165,-12.1824,-12.2511,-12.3225,-12.3960,-12.4712,-12.5472,-12.6406,-12.6987
45108.5416667,-15.8984,-15.6150,-11.8789,-10.4912,-4.4931,-12.8448,-14.3895,-19.2401,-11.9988,-13.5672,-14.3238,-16.4712,-17.1766,-17.3348,-17.7375,-19.6013,-15.9620,-18.7655,-19.3319,-21.0305,-15.0055,-22.1655,-20.0197,-20.2165,-15.9484,-6.2188,-14.5335,-18.2626,-9.5774,-16.1458,-8.0758,-10.8043,-6.0300,-4.1609,-3.1741,-6.3896,-4.1171,-5.9302,-14.6637,-4.2607,-6.4971,-10.7406,-17.6847,-16.9271,-1.1079,-11.9547,-16.4185,-14.8721,-18.1452,-18.6149,-12.6012,-12.5140,-11.9455,-12.0407,-17.0390,-16.8349,-16.3309,-8.1056,-2.9201,-9.0369,-8.3956,-12.2971,-18.0614,-17.2741,-14.9251,-13.7451,-8.9803,-8.5870,-16.1864,-10.6555,-4.8325,-6.8120,-8.9852,-10.5449,-8.8253,0.3345,-3.7355,1.3030,-7.4342,-6.3225,9.3492,4.5003,-3.2975,-4.8421,-13.8206,-11.9555,-6.3559,-13.6224,-7.1586,-10.0168,-8.7998,-7.4324,-7.6707,-11.3448,-14.9903,-17.3990,-17.0394,-12.0991,-16.8855,-16.0663,-17.2193,-16.1465,-16.3115,-14.9426,-13.0024,-13.5159,-16.3501,-16.4075,-20.9830,-15.3526,-18.7040,-18.0985,-13.4649,-14.6788,-12.6728,-12.0607,-17.3789,-12.3043,-12.3137,-11.5743,-14.8054,-12.1976,-14.2034,-12.5666,-12.4177,-10.1154,-11.8311,-8.7885,-13.0244,-13.5113,-13.3267,-13.6512,-15.2796,-14.4680,-8.7371,-12.3440,-12.3835,-8.6033,-11.5347,-12.1045,-13.0800,-10.1745,-11.2067,-11.6962,-9.0818,-12.8109,-11.7777,-4.9128,-12.4133,-13.0996,-11.0266,-12.9155,-11.0811,-10.7699,-9.4404,-2.8379,-0.9093,-3.2584,-4.5702,-7.9708,1.8348,-2.6809,-3.8655,-4.6917,-2.1147,-5.1775,-4.6034,-8.3655,-10.0155,-10.7981,-11.4763,-11.1559,-11.6752,-8.0757,-8.7527,-6.1137,-11.6136,-8.3044,-9.9234,-2.3967,-3.1924,-5.5606,-5.9605,-3.5387,-5.1446,-5.6352,-9.1117,-9.3719,-9.6487,-9.9387,-10.2383,-10.5515,-10.8620,-11.1519,-11.4199,-11.6764,-11.9217,-12.1732,-12.4209,-12.6574,-12.8960,-13.1227,-13.3432,-13.5565,-13.7614,-13.9564,-14.1363,-14.3043,-14.4591,-14.5994,-14.7242,-14.8304,-14.9221,-14.9949,-15.0512,-15.0902,-15.1154,-15.1258,-15.1246,-15.1130,-15.0946,-15.0704,-15.0429,-15.0151,-14.9881,-14.9639,-14.9440,-14.9292,-14.9207,-14.9187,-14.9236,-14.9353,-14.9535,-14.9773,-15.0263,-15.0466
45108.5833333,-14.5022,-11.8580,-9.0697,-6.7533,-0.8923,-8.5765,-11.1853,-16.3141,-10.5137,-11.0599,-12.5489,-15.5471,-16.2164,-17.8492,-18.9176,-20.8257,-18.1406,-20.7833,-20.2580,-22.5284,-17.5809,-25.2570,-20.7378,-25.1657,-19.9774,-11.0988,-20.6122,-23.1243,-14.9142,-21.6402,-15.8984,-17.9404,-12.6212,-7.2889,-5.3222,-7.8631,-4.7534,-6.1313,-15.6245,-3.8541,-5.5893,-8.9865,-17.6690,-17.5303,-0.6415,-13.5297,-17.0095,-14.5541,-18.6031,-18.8123,-13.4405,-14.2451,-13.7446,-13.2435,-16.9305,-21.9596,-21.5648,-14.2651,-5.8285,-11.2035,-10.3549,-13.4626,-21.1240,-21.0868,-18.0693,-14.4816,-10.9442,-11.1214,-21.0670,-14.9473,-8.1563,-8.6964,-9.8344,-14.3843,-11.3510,-3.3784,-7.2411,-4.5307,-11.9335,-9.6277,9.2859,4.5494,-2.7636,-4.0941,-13.0427,-10.3405,-5.1301,-11.1780,-5.5567,-7.9778,-7.2035,-5.7610,-6.0819,-10.6757,-13.2759,-16.0124,-15.7460,-9.0900,-14.6793,-14.0913,-15.2622,-15.3988,-14.5457,-13.3942,-11.8513,-12.6606,-15.3660,-16.2639,-21.0121,-18.6774,-21.0898,-20.7705,-15.6257,-15.9118,-14.7818,-13.0598,-19.8073,-14.9974,-17.0640,-13.7056,-15.0652,-13.7941,-15.0488,-14.5296,-17.0373,-13.3958,-14.2629,-10.3257,-13.8404,-12.6327,-14.5788,-14.1649,-16.8800,-16.8026,-10.0640,-13.9992,-16.1218,-11.2106,-12.6281,-13.3110,-13.7837,-10.8815,-10.9088,-11.4580,-9.8707,-12.2917,-11.9823,-5.6150,-14.6857,-14.9892,-12.7951,-15.5477,-14.6175,-16.0606,-12.6556,-6.0320,-4.5186,-5.4764,-6.2906,-10.2083,0.0671,-4.0070,-4.5699,-4.4892,-0.8190,-4.1219,-4.0362,-8.1376,-10.9383,-11.9777,-11.3542,-11.9626,-13.0536,-10.3016,-11.0415,-7.4755,-11.5582,-9.4919,-10.6973,-3.3703,-3.9344,-5.9975,-6.3600,-3.8406,-4.9951,-5.8601,-8.8609,-9.0169,-9.1743,-9.3328,-9.4920,-9.6600,-9.8220,-9.9697,-10.1039,-10.2336,-10.3606,-10.4983,-10.6409,-10.7840,-10.9379,-11.0931,-11.2541,-11.4203,-11.5909,-11.7650,-11.9390,-12.1150,-12.2921,-12.4695,-12.6462,-12.8198,-12.9928,-13.1614,-13.3262,-13.4855,-13.6403,-13.7881,-13.9291,-14.0620,-14.1873,-14.3034,-14.4100,-14.5073,-14.5945,-14.6718,-14.7393,-14.7970,-14.8456,-14.8855,-14.9175,-14.9424,-14.9610,-14.9740,-15.0052,-15.0000
45108.6250000,-14.2088,-9.4097,-6.2883,-6.2962,2.9895,-4.3721,-7.5061,-14.3194,-6.8583,-6.2501,-7.5211,-10.3776,-10.7489,-13.5102,-14.9083,-17.0662,-16.2654,-19.4500,-18.2474,-20.9165,-17.3550,-24.9466,-19.2075,-22.9108,-19.6714,-11.4475,-22.0662,-23.4250,-16.7913,-22.6951,-20.4110,-22.9221,-18.7084,-11.3524,-8.0314,-8.8700,-5.4867,-6.7971,-16.2717,-3.8018,-5.1505,-7.2531,-16.6451,-14.8841,0.3995,-14.0621,-16.5389,-13.3675,-17.4214,-14.8829,-11.9762,-13.9111,-13.7533,-12.9350,-15.3535,-23.9441,-23.2827,-17.0121,-6.6323,-11.7120,-11.0636,-13.7659,-22.7392,-23.2345,-19.7464,-16.8025,-11.5751,-10.8687,-23.0108,-17.4284,-10.3290,-10.8976,-11.4271,-14.2280,-7.9715,-3.2672,-6.7178,-6.6195,-13.3476,-7.4917,9.7970,4.3825,-3.0549,-4.5217,-11.8432,-10.2415,-5.8256,-11.1258,-6.1816,-8.1220,-7.1656,-4.9633,-4.5076,-8.7202,-10.8920,-11.7472,-10.5017,-3.1262,-9.6201,-9.6347,-11.0307,-12.1774,-11.1111,-10.1368,-8.6093,-9.8222,-12.5120,-13.8700,-18.1828,-18.2675,-19.5429,-19.4952,-14.5685,-14.3587,-14.3078,-11.8943,-17.6353,-15.2395,-19.2721,-16.8444,-14.8520,-14.7448,-15.0888,-15.6467,-18.0644,-16.1159,-16.6964,-12.3989,-15.1696,-13.2961,-14.2765,-15.4271,-17.6441,-17.8227,-10.5751,-14.5853,-16.3286,-12.8137,-13.1897,-14.1004,-13.8092,-12.9463,-12.2278,-11.0183,-9.4709,-11.2817,-11.3026,-4.1976,-13.7181,-13.2849,-11.1176,-13.6920,-14.2250,-17.7058,-11.5165,-6.6067,-6.3268,-6.5374,-7.3737,-11.8487,-1.7391,-6.8801,-5.4954,-4.9191,-0.6408,-4.1659,-4.3377,-9.8829,-11.3771,-11.8822,-9.9381,-10.9174,-12.4192,-10.4902,-11.3325,-7.1819,-10.2381,-9.0741,-9.9747,-3.0772,-3.5378,-5.4083,-5.7947,-3.3246,-4.2568,-5.3633,-8.0403,-8.1441,-8.2462,-8.3477,-8.4491,-8.5595,-8.6637,-8.7586,-8.8445,-8.9276,-9.0085,-9.0962,-9.1860,-9.2745,-9.3684,-9.4610,-9.5555,-9.6517,-9.7496,-9.8491,-9.9484,-10.0499,-10.1537,-10.2602,-10.3695,-10.4806,-10.5959,-10.7135,-10.8343,-10.9573,-11.0838,-11.2121,-11.3425,-11.4743,-11.6076,-11.7412,-11.8748,-12.0083,-12.1405,-12.2712,-12.3998,-12.5257,-12.6483,-12.7672,-12.8819,-12.9917,-13.0962,-13.1937,-13.3054,-13.3611
45108.6666667,-16.1504,-12.6008,-8.8723,-8.1589,5.5220,-2.8130,-2.2869,-9.9180,-2.2046,-1.0795,-1.2725,-2.8447,-2.6264,-5.4416,-7.7895,-8.5023,-6.6942,-9.5587,-8.3171,-12.4311,-9.3507,-16.7801,-12.6276,-16.1052,-15.7669,-7.6899,-19.1408,-20.2390,-16.7079,-20.7508,-21.3622,-24.1146,-20.8937,-13.7002,-10.7627,-9.8135,-5.9697,-6.0789,-14.1439,-1.3069,0.5372,-2.0852,-8.7798,-5.8274,8.2353,-8.9629,-11.5532,-8.2847,-13.1120,-10.2924,-7.3430,-9.2634,-9.4622,-8.5523,-9.9172,-22.0725,-21.8806,-16.5715,-4.4177,-8.7463,-7.2738,-9.8585,-19.0269,-20.9903,-18.0609,-17.5558,-14.4848,-11.7513,-22.6494,-17.0417,-10.6829,-11.6324,-12.6246,-13.6165,-6.7325,-3.5564,-4.9476,-5.5725,-10.7424,-1.6866,15.3885,10.6290,1.6995,0.9299,-2.7871,-3.2548,2.3844,-2.6183,1.6960,-0.8332,-0.1426,2.5488,2.2560,-3.2715,-7.2657,-9.2676,-8.1128,-0.3510,-5.1373,-3.3350,-4.4428,-3.6449,-5.4741,-5.1546,-2.2987,-3.0176,-6.5814,-7.0587,-11.7910,-13.9191,-14.8918,-15.0824,-11.1421,-10.1313,-9.1868,-7.4850,-11.9935,-9.5975,-14.2653,-13.0975,-10.6226,-11.4125,-12.7715,-13.8675,-15.4563,-14.0295,-14.8217,-10.7206,-13.2636,-11.3749,-13.1391,-14.4670,-17.6758,-18.5157,-11.1337,-14.7143,-15.6808,-12.8545,-13.0093,-14.4849,-13.6462,-13.2859,-12.3739,-9.9269,-8.4186,-9.4525,-10.4016,-3.3001,-13.0660,-12.3414,-11.2972,-12.1594,-12.1323,-15.6598,-8.2934,-5.2120,-3.6570,-3.5471,-4.0221,-8.4914,1.3330,-4.7227,-2.3700,-1.3389,3.3351,-1.5149,-1.2484,-8.1614,-9.8286,-10.8602,-7.9042,-9.7070,-10.9559,-9.0724,-9.7397,-5.0763,-7.2689,-7.0569,-7.8810,0.0139,-0.1850,-1.8542,-2.1379,0.4299,-0.4240,-1.5352,-4.0970,-4.2830,-4.4868,-4.7024,-4.9231,-5.1512,-5.3652,-5.5608,-5.7352,-5.8912,-6.0292,-6.1560,-6.2700,-6.3705,-6.4642,-6.5485,-6.6272,-6.7020,-6.7740,-6.8442,-6.9121,-6.9799,-7.0480,-7.1170,-7.1870,-7.2575,-7.3302,-7.4038,-7.4789,-7.5553,-7.6336,-7.7132,-7.7945,-7.8771,-7.9618,-8.0479,-8.1357,-8.2255,-8.3170,-8.4103,-8.5053,-8.6020,-8.7003,-8.8001,-8.9011,-9.0029,-9.1050,-9.2053,-9.3230,-9.3797
45108.7083333,-13.5192,-12.2041,-9.0255,-8.5535,4.3095,-2.9223,-2.6381,-9.0054,-0.5269,-0.3638,-0.4939,-1.4674,-1.0691,-3.0871,-4.5841,-4.1075,-1.3446,-2.5704,-0.5439,-3.0142,-0.4146,-6.0477,-2.2960,-5.5874,-5.6014,2.6581,-8.7723,-9.8702,-9.5331,-13.2540,-16.2515,-20.3128,-19.3629,-13.0387,-10.6536,-9.8565,-4.9793,-4.8652,-12.4475,-2.1826,-0.7177,-2.4827,-7.6742,-4.4704,12.2865,-2.6052,-4.7917,-0.4173,-5.3499,-2.5594,-0.7038,-1.3146,-1.3618,-1.8027,-2.1086,-14.9840,-15.1326,-10.7692,1.2908,-3.9493,-2.9247,-5.2331,-13.1233,-15.2639,-10.9904,-12.1915,-10.0384,-8.7597,-20.4504,-16.3748,-11.4981,-10.6586,-12.3718,-13.0733,-6.4427,-3.2745,-5.0348,-5.3062,-8.6971,1.2316,17.6755,13.3419,3.4199,2.6069,1.4342,-0.0244,7.2004,3.0836,7.6938,3.9226,5.2953,10.3999,10.9811,5.7606,1.3293,-0.5225,0.1889,6.5029,2.2207,3.1478,2.0353,3.8039,-0.4939,0.9353,3.8281,3.6243,-0.8889,-0.3485,-4.7256,-6.9891,-7.4366,-8.2411,-5.6858,-4.6552,-4.4707,-2.7243,-6.6335,-5.4251,-9.1965,-8.4322,-5.5018,-6.1282,-7.6513,-8.4734,-11.3210,-9.7935,-10.2427,-6.2005,-8.2011,-6.2181,-8.4574,-9.3520,-13.0369,-14.6363,-8.6026,-12.0974,-12.9290,-11.0693,-10.4444,-12.0955,-12.2932,-12.0185,-11.2421,-8.9320,-9.0294,-8.5609,-9.4844,-3.4576,-11.5543,-10.4689,-9.9575,-10.4078,-10.7321,-13.6769,-5.5643,-2.8951,-1.6649,-2.0636,-2.2455,-5.0514,4.3147,-1.0069,1.3026,2.7310,7.1745,0.9501,2.6168,-4.1282,-5.8718,-6.8406,-4.2808,-6.1909,-8.2926,-6.3720,-6.8347,-2.1844,-3.7909,-3.7047,-4.9824,2.9517,2.9952,1.4524,1.3487,4.1144,3.1363,2.6732,0.2829,0.2970,0.2993,0.2900,0.2692,0.2286,0.1840,0.1336,0.0773,0.0123,-0.0615,-0.1480,-0.2444,-0.3481,-0.4615,-0.5797,-0.7029,-0.8292,-0.9569,-1.0841,-1.2083,-1.3292,-1.4456,-1.5569,-1.6624,-1.7614,-1.8550,-1.9426,-2.0250,-2.1024,-2.1762,-2.2462,-2.3136,-2.3786,-2.4423,-2.5048,-2.5666,-2.6283,-2.6901,-2.7522,-2.8150,-2.8785,-2.9430,-3.0084,-3.0750,-3.1425,-3.2107,-3.2781,-3.3645,-3.3965
45108.7500000,-8.5229,-8.7208,-6.2635,-6.1540,4.7952,-1.5466,-1.7235,-7.2449,0.0032,0.1458,-0.0128,-0.8104,-0.5791,-2.0415,-3.2724,-2.7524,-0.0600,-0.6790,1.1156,-0.3910,2.4150,-2.0073,1.2454,-0.7880,-0.3399,8.7478,-1.1561,-1.6591,-1.5195,-4.2558,-7.9660,-12.2028,-12.8226,-7.8648,-6.7404,-6.6525,-2.8061,-2.1048,-8.5186,-0.3680,0.5817,-1.0053,-5.4362,-2.8054,14.0820,0.5278,-1.2324,3.2805,-0.8731,1.5289,3.3181,3.7275,4.7365,4.0774,3.2406,-7.4064,-7.4074,-3.7611,6.8012,1.9233,2.6457,0.4723,-6.3900,-8.6109,-4.6695,-6.1526,-4.1541,-3.8242,-15.4937,-13.4989,-10.4447,-10.0618,-11.5096,-11.7539,-5.6254,-3.8991,-5.2398,-5.1621,-7.5937,2.3818,17.4069,13.8669,4.5929,3.6874,3.4538,2.2132,9.8014,6.3604,10.9742,6.8964,9.0351,15.0531,15.5851,10.8232,5.9232,5.0593,5.8630,10.8674,7.5992,8.0557,7.4140,10.3245,5.2258,6.6049,9.3876,9.8407,5.3888,6.3292,2.0602,0.3111,-0.2679,-1.3871,0.3616,1.0133,0.9241,2.1446,-1.0436,-0.4734,-3.6623,-3.3572,-1.1484,-1.5661,-3.1262,-3.8437,-6.4040,-4.7624,-4.6414,-0.5516,-2.3532,-0.7228,-2.7166,-3.5105,-6.7571,-8.6828,-4.0970,-7.2341,-7.9706,-6.9116,-5.9099,-7.8579,-8.1108,-8.6885,-7.8364,-6.0821,-7.1932,-5.9508,-7.3036,-3.6079,-9.8821,-8.8843,-9.0306,-9.1918,-9.8230,-12.5086,-4.5792,-3.0807,-2.0773,-2.0973,-1.8851,-3.4878,5.2695,0.4042,2.6961,4.6769,8.7017,2.9622,5.5418,-0.3462,-1.7363,-2.3915,-0.4217,-1.8755,-4.0582,-2.6407,-2.8413,1.4315,0.0669,0.0804,-1.2369,5.8220,6.1994,4.6055,4.5985,7.4489,6.1048,6.4222,3.9554,4.1307,4.3002,4.4516,4.5829,4.6802,4.7557,4.7964,4.8062,4.7793,4.7140,4.6638,4.6374,4.6262,4.6194,4.6137,4.6043,4.5894,4.5676,4.5386,4.5029,4.4596,4.4090,4.3515,4.2873,4.2176,4.1420,4.0621,3.9781,3.8914,3.8021,3.7117,3.6207,3.5301,3.4403,3.3522,3.2662,3.1827,3.1021,3.0244,2.9498,2.8782,2.8095,2.7435,2.6799,2.6186,2.5597,2.5040,2.4324,2.4109
45108.7916667,-2.5190,-3.4236,-1.6220,-1.7941,7.5410,1.6885,1.2100,-3.6829,2.0238,1.9252,1.6131,0.7547,0.6502,-0.3430,-1.6162,-1.3072,0.9409,0.4370,1.7360,0.5641,3.2316,-0.5731,1.8392,0.5995,1.1139,9.8348,1.0604,0.8499,1.7175,-0.0231,-2.5402,-5.8543,-6.2759,-1.7240,-0.9397,-1.0524,1.8433,2.3377,-3.2990,2.9955,3.4686,1.8870,-2.0136,-0.0017,15.6020,2.8594,1.2009,4.9140,1.4617,3.2352,5.0848,5.8334,7.3372,6.8348,4.9274,-2.6467,-2.3076,1.0061,10.5426,6.1527,6.8529,4.9666,-0.6827,-2.6667,0.6858,-0.7047,1.0595,0.8950,-9.7238,-8.9992,-7.3282,-7.6095,-9.0501,-9.4056,-4.0359,-3.6773,-4.9217,-4.8998,-6.9162,1.7031,15.3747,12.2693,3.8279,2.8611,2.8980,1.9820,9.1187,5.9961,10.6112,6.4140,9.3885,15.4690,16.3731,12.4504,6.9883,7.3184,8.3519,12.1654,9.8710,9.9662,9.7860,13.6888,8.1975,9.5763,12.7348,13.4528,9.3473,10.6736,6.6589,6.4711,5.4526,4.4238,5.9107,6.0080,6.1076,6.4121,4.1623,4.7926,2.0525,2.0848,3.0334,2.9831,1.5036,0.7740,-1.5925,-0.4024,-0.2502,3.5835,1.7917,2.6151,1.4353,0.8444,-1.5343,-3.1220,0.4635,-2.0307,-2.6071,-2.0164,-1.0985,-3.0067,-3.3105,-4.2243,-3.4955,-2.3421,-3.8235,-2.4343,-3.8243,-1.7540,-6.6519,-5.7943,-6.4668,-6.8312,-8.0546,-10.9161,-3.8479,-3.1436,-2.5242,-2.3295,-1.9751,-3.2153,4.2492,0.1213,2.1422,4.0395,7.4176,2.5535,5.4504,0.6696,-0.0354,-0.1058,1.3003,0.7648,-0.7048,0.6431,0.6083,4.3457,3.0054,3.1826,2.1057,8.3484,8.7614,6.9587,6.9965,9.8965,8.0113,9.0732,6.3405,6.4882,6.6409,6.7922,6.9471,7.0954,7.2511,7.4063,7.5637,7.7175,7.8685,8.0129,8.1490,8.2783,8.3969,8.5052,8.5996,8.6783,8.7396,8.7822,8.8054,8.8092,8.7903,8.7501,8.6898,8.6092,8.5096,8.4236,8.3534,8.2956,8.2461,8.2021,8.1607,8.1200,8.0784,8.0349,7.9888,7.9398,7.8877,7.8327,7.7749,7.7147,7.6525,7.5886,7.5235,7.4578,7.3922,7.3282,7.2505,7.2184
45108.8333333,3.3256,2.5288,3.8305,3.5291,11.7883,6.0118,5.5947,1.0889,5.6999,5.1906,4.8145,3.9109,3.3305,2.7856,1.4574,1.4024,3.0569,2.3456,2.9801,1.8657,4.2874,0.8600,2.4568,1.6970,2.0863,10.1784,2.1868,1.8467,2.9499,1.4326,-0.2504,-2.8098,-2.7737,1.6486,2.6889,2.8276,5.6949,6.3839,1.5009,6.9957,7.3775,5.8230,2.3620,3.9039,17.9684,6.0566,4.1468,6.9282,3.7046,4.7409,6.5573,7.3592,8.7535,8.3324,5.3380,0.3937,0.8015,3.7065,12.4482,8.4053,9.0892,7.4443,2.9356,1.3883,4.1349,3.1748,5.1605,5.0565,-4.2626,-4.1631,-3.2714,-3.8865,-5.2903,-5.8529,-1.4116,-1.8458,-3.0941,-3.2650,-5.0058,2.3033,14.4957,11.6994,3.9908,2.9587,3.0721,2.2434,8.6428,5.6504,9.9669,5.6358,8.9233,14.7051,15.6678,12.2767,6.2355,7.2808,8.4047,11.1952,9.6769,9.4797,9.6373,14.2583,9.6866,10.9099,14.4136,15.3015,11.3379,12.8887,8.7970,10.4371,8.8472,8.0412,9.6241,9.1632,9.7726,9.0760,7.8706,9.1441,6.8495,6.8555,6.3524,7.3262,5.6981,5.3997,3.3986,4.2744,4.1648,7.3929,5.3626,4.9411,4.4555,4.0061,2.3250,1.1042,3.9793,1.8693,1.5221,2.1963,2.8371,1.3265,1.0038,0.2276,0.7307,1.5144,0.1994,1.1109,-0.0154,1.3259,-2.5876,-1.9566,-2.8654,-3.4352,-5.0187,-7.9894,-1.9755,-1.8231,-1.5766,-1.3130,-0.9174,-2.0246,4.0282,0.5160,2.1412,3.8144,6.5280,2.3692,5.1028,1.0886,0.7035,0.7539,1.4834,1.6775,0.8609,2.3065,2.4840,5.5942,4.2252,4.6289,3.8229,9.6916,9.9894,8.0435,8.2175,11.2706,8.9262,10.7620,7.9487,8.0947,8.2376,8.3742,8.5073,8.6325,8.7618,8.8903,9.0213,9.1516,9.2833,9.4148,9.5462,9.6797,9.8129,9.9476,10.0819,10.2157,10.3486,10.4798,10.6093,10.7364,10.8586,10.9761,11.0886,11.1936,11.2913,11.3801,11.4581,11.5257,11.5811,11.6240,11.6537,11.6701,11.6732,11.6633,11.6407,11.6075,11.5654,11.5171,11.4651,11.4122,11.3598,11.3087,11.2595,11.2133,11.1678,11.1233,11.0686,11.0495
45108.8750000,7.5101,7.5151,8.6102,8.4525,16.3784,10.3862,10.5960,6.2867,10.4276,9.3955,9.1736,8.3982,7.2115,7.4445,6.2643,5.8925,7.1240,6.1721,5.9816,4.7853,7.0758,3.7427,4.4879,4.0811,4.2507,11.8042,4.3429,3.6736,4.8300,3.1476,1.8740,-0.3301,-0.2492,3.7111,4.8757,5.0564,8.0738,9.1131,4.6468,10.1349,10.7957,9.3822,6.3585,7.7617,21.0429,10.3367,8.1688,10.1365,6.9983,7.2737,9.1909,10.0749,11.2891,10.8399,6.7206,3.9474,4.0922,6.4824,14.5141,10.6527,11.2327,9.6688,6.0282,4.7663,6.7424,6.1454,8.3174,8.4553,0.3909,0.3325,0.9999,0.4085,-0.8649,-1.5825,1.7789,1.4154,0.2758,0.0370,-1.4074,4.9162,15.8097,13.3908,6.3209,5.1713,5.4265,4.5786,10.3862,7.4540,11.4557,6.9307,10.3620,15.7109,16.5384,13.4571,6.8287,8.1835,9.2081,11.0866,10.0769,9.5535,9.8064,14.7984,10.1862,11.3683,15.2816,16.4416,12.6299,14.5067,10.1384,13.3684,10.7805,10.0143,11.7827,10.8003,11.9830,10.3568,10.0713,12.2440,10.3735,10.5017,8.5278,10.8997,9.0493,9.6187,8.3885,9.3605,9.0629,11.9003,9.4383,7.5192,7.6528,7.2932,6.1534,5.2841,7.8168,5.8308,5.4003,6.1271,6.0959,4.9608,4.5218,4.1227,4.2849,4.8542,4.1027,4.1154,3.4827,4.9328,1.7241,2.1079,1.2864,0.5734,-1.0214,-3.8702,0.8552,0.8815,1.0102,1.1896,1.5562,0.6317,5.6812,2.6725,3.9002,5.3912,7.4974,3.8445,6.3536,2.7655,2.4451,2.2544,2.1908,2.6451,2.2010,3.6376,3.8820,6.3084,4.8821,5.4447,4.7949,10.4325,10.5292,8.4717,8.7691,11.9569,9.2636,11.7856,9.0036,9.2019,9.3940,9.5777,9.7552,9.9233,10.0913,10.2555,10.4186,10.5781,10.7354,10.8894,11.0400,11.1888,11.3343,11.4780,11.6189,11.7574,11.8937,12.0280,12.1610,12.2927,12.4225,12.5510,12.6789,12.8052,12.9308,13.0551,13.1775,13.2986,13.4175,13.5342,13.6482,13.7590,13.8661,13.9690,14.0668,14.1597,14.2467,14.3277,14.4021,14.4694,14.5294,14.5817,14.6262,14.6637,14.6933,14.7151,14.7194,14.7377
45108.9166667,10.9486,11.8434,12.5323,12.3364,20.0023,13.2992,14.1640,9.9404,13.9160,12.1762,12.2134,11.7235,9.9415,11.3520,10.7226,10.3262,11.5215,10.5015,9.4336,8.3654,10.8192,7.3272,7.2811,7.3807,7.3175,14.3341,7.0611,6.0548,7.3676,5.4132,4.5423,2.4984,2.3945,5.5783,6.5709,6.5031,9.3840,10.4806,6.1501,11.6877,12.4704,11.0187,8.2960,9.6636,22.6726,13.4810,11.2133,12.6579,9.8123,9.3801,11.6406,12.7782,13.8941,13.3875,8.0628,7.6939,7.6004,9.4447,16.7191,12.7767,13.1133,11.5150,8.6498,7.7107,8.9186,8.6623,10.9384,11.1426,4.0252,3.9615,4.5626,4.0694,2.9151,2.2237,4.3868,4.6502,3.5807,3.2952,2.0041,7.4041,16.9705,14.7818,8.0964,6.7372,7.2909,6.4452,12.0520,9.1725,13.0715,8.2658,12.0092,17.0150,17.7399,15.0334,7.8515,9.6095,10.5686,11.6149,10.9767,10.1571,10.4166,15.5545,11.2323,12.1019,16.0252,17.1262,13.2091,15.3114,10.6243,15.2536,11.6308,10.8675,12.7499,11.2520,12.8502,10.4217,10.7911,13.7258,12.1044,12.3242,9.0930,12.8163,10.7200,12.2715,11.9802,13.3254,12.8855,15.5084,12.5474,9.1727,10.0722,10.0019,9.4961,9.0879,11.6062,9.6297,9.0589,9.9194,8.9654,8.1333,7.4773,7.4550,7.0790,7.4463,7.2790,6.1003,5.9814,7.9521,5.0814,5.1457,4.6149,3.9331,2.7433,0.3807,3.5942,3.8168,3.9868,3.8010,4.0511,3.3205,7.8087,5.0253,5.8298,7.1512,8.6629,5.2856,7.8172,4.4847,4.5247,4.1770,3.3353,4.0079,3.8419,5.1654,5.2705,6.9608,5.3466,5.9354,5.2766,10.6048,10.3542,8.0900,8.3630,11.5184,8.4947,11.4390,8.6551,8.8819,9.1108,9.3387,9.5660,9.7890,10.0129,10.2343,10.4538,10.6692,10.8807,11.0871,11.2881,11.4846,11.6754,11.8616,12.0426,12.2187,12.3902,12.5573,12.7206,12.8803,13.0358,13.1880,13.3374,13.4834,13.6268,13.7674,13.9049,14.0401,14.1728,14.3030,14.4310,14.5567,14.6803,14.8018,14.9210,15.0385,15.1540,15.2678,15.3796,15.4895,15.5975,15.7032,15.8066,15.9080,16.0062,16.0998,16.1779,16.2488
45108.9583333,12.9819,15.0023,15.4420,15.3045,23.0743,15.4921,17.0957,12.7470,16.7013,14.1427,14.3716,14.0423,11.4852,14.0018,13.9083,13.4791,14.8483,13.8810,11.8950,11.0873,14.1742,10.3551,9.6140,10.4940,10.3454,17.3227,9.9749,8.5714,10.3028,7.8968,7.5702,5.6300,5.3662,7.7392,8.5029,8.0391,10.6924,11.6312,7.1281,12.6113,13.3535,11.7117,9.1007,10.3666,23.1051,15.0961,12.5788,13.6077,10.9819,9.9512,12.6949,14.2445,15.4478,14.9897,8.5048,10.5843,10.3564,11.8142,18.6359,14.5799,14.7203,13.0490,10.8111,10.1539,10.6052,10.6523,13.0941,13.3070,6.6901,6.6999,7.4262,7.1031,5.9888,5.1279,6.1394,7.4016,6.3639,6.1212,4.9123,9.6060,18.0415,16.0273,9.5370,7.8760,8.7053,7.7617,13.3046,10.3475,14.1788,8.9761,13.0535,17.7921,18.4198,16.0293,8.2370,10.3918,11.3485,11.7473,11.4343,10.4011,10.7111,16.0964,12.0232,12.7308,16.7604,17.8441,13.8042,16.0222,10.9372,16.6614,11.9197,11.0191,12.9785,11.0519,12.9352,9.9188,10.6932,14.2234,12.7475,12.9977,8.7179,13.4256,11.0408,13.4179,14.0154,15.7895,15.1737,17.7052,14.1667,9.4856,11.0271,11.2552,11.3734,11.5192,14.4037,12.4879,11.8912,13.1582,11.2307,10.7273,9.8469,10.3094,9.3444,9.5790,10.0472,7.5427,7.8474,10.6045,7.8034,7.4814,7.2108,6.3888,5.6612,3.9008,5.5487,6.2503,6.6950,6.0129,6.1285,5.5978,10.0028,7.2787,7.7216,8.9648,9.9638,6.6647,9.3527,6.0503,6.5228,5.9677,4.2467,5.1554,5.3288,6.6904,6.6733,7.7281,5.9055,6.5066,5.7909,10.8927,10.3212,7.8782,8.0834,11.1294,7.8776,10.9848,8.1592,8.3216,8.4892,8.6603,8.8355,9.0126,9.1957,9.3824,9.5736,9.7677,9.9648,10.1640,10.3648,10.5675,10.7709,10.9751,11.1790,11.3825,11.5848,11.7856,11.9846,12.1814,12.3751,12.5657,12.7532,12.9369,13.1169,13.2930,13.4648,13.6328,13.7967,13.9566,14.1125,14.2646,14.4131,14.5579,14.6991,14.8371,14.9720,15.1041,15.2334,15.3601,15.4843,15.6062,15.7258,15.8435,15.9587,16.0700,16.1679,16.2509
45109.0000000,14.6541,17.7598,17.9282,17.8202,25.8588,17.2604,19.5726,14.9775,19.0337,15.6441,16.0583,15.8780,12.5729,16.0543,16.4931,15.9976,17.5564,16.5667,13.5774,12.9431,16.8147,12.5046,11.1145,12.8446,12.6828,20.0170,12.4111,10.6406,13.1273,10.2498,10.7511,8.9732,8.7035,10.3216,10.9137,10.0262,12.5173,13.2725,8.4465,13.8903,14.5206,12.6171,10.0074,11.1233,23.4748,16.2653,13.3163,13.9298,11.3215,9.7823,12.8809,14.7412,16.0040,15.5818,8.1410,12.3493,12.0325,13.2230,19.8372,15.6979,15.7436,14.0527,12.4099,12.0939,11.9047,12.2966,15.0276,15.2492,8.7138,8.7807,9.7309,9.6259,8.5070,7.3641,7.3312,9.7530,8.7217,8.5922,7.4251,11.6072,19.1019,17.2462,10.8336,8.8606,9.9767,8.9230,14.5577,11.4815,15.3151,9.6809,14.1005,18.6140,19.1280,16.9773,8.5633,11.0294,11.9712,11.8392,11.7601,10.5350,10.8648,16.4635,12.4595,13.0519,17.2196,18.3202,14.1765,16.5520,11.1418,17.8781,12.1316,11.0988,13.1098,10.8553,12.9198,9.5010,10.5030,14.4501,13.0495,13.2844,8.2289,13.5451,10.8943,13.8660,15.1987,17.3301,16.4668,18.9277,14.7932,9.1031,11.0607,11.4990,12.1007,12.7322,16.0988,14.2185,13.6342,15.4526,12.5961,12.4606,11.4257,12.4735,10.9796,11.1960,12.3786,8.6082,9.3189,13.0389,10.1617,9.4625,9.4686,8.4406,8.1377,6.9378,7.0450,8.3104,9.1344,7.8588,7.8455,7.4794,12.1338,9.3441,9.4845,10.7330,11.2969,7.9471,10.9308,7.5223,8.5250,7.7483,5.1045,6.2605,6.7679,8.2566,8.1203,8.6197,6.5726,7.2020,6.4215,11.4171,10.5774,7.9940,8.1472,11.0968,7.7031,10.8910,8.0481,8.1551,8.2668,8.3822,8.5016,8.6235,8.7510,8.8825,9.0187,9.1585,9.3024,9.4498,9.6006,9.7552,9.9129,10.0742,10.2383,10.4054,10.5752,10.7475,10.9222,11.0991,11.2776,11.4576,11.6389,11.8210,12.0038,12.1869,12.3695,12.5519,12.7333,12.9136,13.0924,13.2694,13.4443,13.6169,13.7867,13.9539,14.1182,14.2795,14.4377,14.5928,14.7446,14.8933,15.0388,15.1812,15.3200,15.4538,15.5736,15.6709
45109.0416667,15.1916,19.3595,19.3677,19.3403,27.8230,18.2097,21.2983,16.5078,20.8262,16.6585,17.2733,17.2551,13.2845,17.5409,18.4912,17.9304,19.7156,18.6894,14.7199,14.2226,18.9041,14.0091,12.0316,14.5412,14.3552,22.1844,14.1444,11.9940,15.3403,11.9537,13.4465,11.8892,11.8140,12.7987,13.3473,12.0880,14.5606,15.2015,9.9705,15.3973,15.9290,13.7531,11.0925,12.0748,24.0647,17.4671,14.0189,14.1556,11.4849,9.5338,12.8389,14.8791,16.1146,15.6604,7.5273,13.3257,12.8538,13.7782,20.2273,15.9719,15.9337,14.2259,13.0968,13.1217,12.4059,13.1636,16.3259,16.6589,10.2119,10.3675,11.5779,11.6853,10.5091,9.0324,8.0801,11.6630,10.6006,10.6020,9.4201,13.2018,19.8836,18.1542,11.7271,9.4342,10.8299,9.6742,15.5090,12.2965,16.1976,10.1338,14.9142,19.2685,19.6918,17.7643,8.7748,11.5232,12.4646,11.8952,11.9962,10.6160,10.9588,16.7382,12.6028,13.0983,17.3796,18.4892,14.2454,16.7243,11.0717,18.7347,12.1384,11.0392,13.0902,10.6028,12.7910,9.1153,10.2611,14.5068,13.1564,13.3763,7.8196,13.4960,10.6430,14.0248,15.9317,18.3326,17.1690,19.5364,14.8376,8.4641,10.6322,11.1886,12.1148,13.1055,16.9077,15.0085,14.4138,16.7626,13.0554,13.2390,12.0822,13.6884,11.7378,11.9929,13.8832,9.0184,10.1062,14.8423,11.8200,10.7974,11.1356,9.9878,10.1684,9.5550,8.2200,10.0689,11.3338,9.4125,9.2316,9.0089,14.1203,11.1478,11.0201,12.3178,12.4945,8.9972,12.3677,8.7578,10.3665,9.3759,5.8187,7.2288,8.0857,9.7851,9.5408,9.5460,7.2562,7.9276,7.0712,12.0540,10.9692,8.2478,8.3536,11.2255,7.7169,10.9524,8.0919,8.1552,8.2230,8.2946,8.3701,8.4485,8.5319,8.6191,8.7106,8.8057,8.9047,9.0071,9.1128,9.2223,9.3350,9.4513,9.5708,9.6935,9.8194,9.9484,10.0805,10.2156,10.3533,10.4939,10.6371,10.7828,10.9310,11.0815,11.2339,11.3884,11.5447,11.7026,11.8620,12.0226,12.1843,12.3468,12.5099,12.6736,12.8374,13.0012,13.1649,13.3281,13.4907,13.6524,13.8129,13.9723,14.1295,14.2828,14.4231,14.5349
45109.0833333,15.3513,20.4273,20.2858,20.3303,29.3021,18.7125,22.4687,17.4011,21.9899,17.1114,17.9029,18.0281,13.4877,18.4049,19.8676,19.2857,21.3592,20.3214,15.4458,15.0581,20.5659,15.0708,12.5893,15.7932,15.5913,24.0300,15.4567,12.9149,17.0950,13.1390,15.6107,14.2619,14.4574,14.8721,15.4650,13.8660,16.4670,17.0901,11.3903,16.9456,17.4362,15.0049,12.2685,13.1665,24.9164,18.8246,14.8630,14.5469,11.7677,9.4971,12.9335,15.0860,16.2591,15.7481,7.1408,14.0770,13.3961,14.0609,20.3475,15.9440,15.7914,14.0270,13.2699,13.5447,12.3535,13.3882,16.9418,17.4165,11.0891,11.4240,12.9760,13.3479,12.1149,10.2694,8.5531,13.2537,12.1447,12.3133,11.1015,14.6099,20.6189,18.9973,12.4946,9.8945,11.5270,10.2521,16.3121,12.9355,16.9184,10.4326,15.5482,19.7865,20.1271,18.3816,8.8570,11.8346,12.7882,11.8825,12.1288,10.6301,10.9864,16.9316,12.5413,12.9708,17.3550,18.4789,14.1509,16.6985,10.8347,19.2653,11.9373,10.7931,12.8862,10.2542,12.5309,8.7174,9.9505,14.4153,13.1159,13.3310,7.4593,13.3364,10.3510,14.0290,16.4218,19.0602,17.5998,19.8817,14.6848,7.8917,10.1187,10.7166,11.8353,13.0741,17.2341,15.2737,14.6350,17.4260,12.9774,13.3806,12.1046,14.1618,11.8299,12.1184,14.6156,8.8763,10.2346,15.9065,12.7199,11.4344,12.0881,10.8606,11.5405,11.5463,8.9441,11.3831,13.1559,10.6100,10.2797,10.2000,15.9269,12.7235,12.3820,13.7815,13.6328,9.9327,13.7321,9.8462,12.0641,10.8401,6.3907,8.0341,9.2375,11.2160,10.8861,10.4628,7.9268,8.6587,7.7275,12.7987,11.5038,8.6499,8.7235,11.5565,7.9450,11.2238,8.3319,8.3563,8.3845,8.4161,8.4514,8.4896,8.5325,8.5791,8.6301,8.6848,8.7436,8.8061,8.8723,8.9425,9.0162,9.0936,9.1745,9.2589,9.3466,9.4376,9.5319,9.6293,9.7297,9.8331,9.9394,10.0484,10.1602,10.2747,10.3916,10.5111,10.6330,10.7572,10.8836,11.0121,11.1427,11.2753,11.4096,11.5458,11.6836,11.8231,11.9640,12.1063,12.2499,12.3946,12.5402,12.6867,12.8333,12.9782,13.1131,13.2208
45109.1250000,15.2344,21.0695,20.8206,20.9470,30.4390,18.9658,23.3352,18.0357,22.9109,17.4090,18.3530,18.5976,13.5794,18.9687,20.8708,20.2538,22.6062,21.5582,15.8733,15.5813,21.8836,15.8181,12.9326,16.7475,16.5500,25.6734,16.5293,13.6375,18.6259,14.1031,17.5082,16.3374,16.8197,16.6863,17.3498,15.4098,18.2124,18.8661,12.6422,18.4524,18.9485,16.2785,13.4518,14.3219,26.0032,20.3980,15.9427,15.2172,12.3265,9.7927,13.3378,15.5836,16.6960,16.1246,7.1558,14.9882,14.0916,14.5188,20.6570,16.0988,15.8266,13.9920,13.5051,13.9561,12.3409,13.5555,17.3784,17.9031,11.5021,11.9920,13.8972,14.5623,13.2985,11.1451,8.8131,14.5692,13.4350,13.8068,12.5697,15.9125,21.3771,19.8650,13.2548,10.3813,12.2416,10.8662,17.2025,13.6641,17.7629,10.8734,16.3146,20.4702,20.7329,19.1350,9.1044,12.2654,13.2257,12.0453,12.3975,10.7943,11.1512,17.2294,12.5480,12.9110,17.3628,18.4886,14.0854,16.6741,10.6423,19.6831,11.7295,10.5401,12.6496,9.9283,12.2491,8.3752,9.6492,14.2555,13.0036,13.2216,7.1776,13.1516,10.0926,13.9842,16.7921,19.6633,17.9446,20.1655,14.5562,7.5337,9.7520,10.3594,11.5884,12.9926,17.4295,15.3926,14.6948,17.8379,12.7711,13.3129,11.9272,14.3099,11.6705,11.9663,14.9258,8.5406,10.0484,16.4730,13.1189,11.6208,12.5268,11.2234,12.3285,12.9027,9.2340,12.1958,14.4837,11.3641,10.9411,11.0051,17.4338,13.9872,13.4892,15.0366,14.6234,10.7047,14.9831,10.8022,13.6622,12.2212,6.9309,8.8224,10.3498,12.6401,12.2301,11.4224,8.6309,9.4343,8.4266,13.6702,12.1877,9.1947,9.2507,12.0914,8.3668,11.7201,8.7802,8.7820,8.7867,8.7938,8.8037,8.8159,8.8314,8.8498,8.8713,8.8958,8.9234,8.9540,8.9876,9.0244,9.0642,9.1074,9.1536,9.2031,9.2558,9.3116,9.3708,9.4332,9.4986,9.5673,9.6391,9.7139,9.7919,9.8728,9.9565,10.0431,10.1325,10.2245,10.3192,10.4164,10.5161,10.6181,10.7225,10.8290,10.9378,11.0486,11.1615,11.2764,11.3931,11.5117,11.6319,11.7538,11.8768,11.9992,12.1144,12.2066
45109.1666667,14.7258,21.1608,20.8451,21.0555,31.0527,18.8113,23.7295,18.2957,23.4694,17.4433,18.5303,18.8957,13.5157,19.2690,21.5669,20.9281,23.5481,22.4857,16.0897,15.8688,22.8807,16.2803,13.0709,17.3922,17.2018,27.0188,17.2923,14.1024,19.8577,14.8142,19.1178,18.1167,18.9144,18.2697,19.0205,16.7417,19.7783,20.4753,13.6824,19.7868,20.3037,17.3938,14.4555,15.3310,27.0925,21.9697,17.0467,15.9436,12.9686,10.2075,13.8805,16.2381,17.3170,16.6948,7.3923,16.0329,14.9373,15.1551,21.1756,16.4608,16.0779,14.1735,13.8944,14.4821,12.5005,13.8436,17.8688,18.3595,11.7094,12.2639,14.4529,15.3689,14.0591,11.6346,8.8171,15.5027,14.3504,14.9340,13.6645,16.9062,21.9201,20.5106,13.7701,10.6538,12.7295,11.2769,17.9296,14.2406,18.4938,11.2244,17.0033,21.1286,21.3414,19.8902,9.3834,12.7285,13.7106,12.3013,12.7428,11.0535,11.4160,17.6256,12.6829,12.9844,17.4793,18.5936,14.1164,16.6985,10.5352,20.0628,11.5776,10.3478,12.4488,9.6721,12.0000,8.1105,9.3914,14.0690,12.8499,13.0641,6.9389,12.9302,9.8334,13.8651,17.0141,20.1042,18.1649,20.3441,14.4019,7.2740,9.4634,10.0759,11.3750,12.8954,17.5507,15.4468,14.6974,18.1265,12.5604,13.1927,11.7199,14.3287,11.4530,11.7396,15.0314,8.2003,9.7709,16.7492,13.2341,11.5645,12.6483,11.2668,12.6901,13.7333,9.2049,12.5701,15.3192,11.6915,11.2011,11.3869,18.5077,14.8139,14.1980,15.9076,15.2752,11.1445,15.9132,11.4474,14.9702,13.3529,7.3096,9.4505,11.3157,13.9671,13.5016,12.3523,9.3040,10.1921,9.1079,14.5880,12.9266,9.7767,9.8211,12.7061,8.8415,12.2997,9.2845,9.2717,9.2611,9.2525,9.2461,9.2415,9.2395,9.2398,9.2426,9.2477,9.2553,9.2652,9.2775,9.2923,9.3096,9.3294,9.3518,9.3767,9.4042,9.4342,9.4670,9.5023,9.5403,9.5809,9.6243,9.6703,9.7190,9.7704,9.8244,9.8811,9.9405,10.0026,10.0673,10.1346,10.2045,10.2770,10.3520,10.4295,10.5095,10.5919,10.6767,10.7638,10.8532,10.9449,11.0387,11.1345,11.2319,11.3297,11.4225,11.4969
45109.2083333,14.1258,21.0000,20.6348,20.9235,31.3791,18.4953,23.8522,18.3127,23.7394,17.2783,18.4784,18.9411,13.2860,19.2995,21.9516,21.3143,24.2066,23.1514,16.1561,15.9971,23.6527,16.5770,13.1165,17.8511,17.6715,28.1762,17.8766,14.4192,20.8581,15.3231,20.4546,19.6175,20.7531,19.6450,20.5110,17.9110,21.2209,21.9840,14.5981,21.0473,21.6000,18.4504,15.3838,16.2817,28.2147,23.5140,18.1168,16.6738,13.6012,10.6374,14.4623,16.9505,18.0270,17.3727,7.7227,17.1514,15.8831,15.9362,21.9045,17.0392,16.5643,14.5927,14.4821,15.1882,12.8833,14.3304,18.5305,18.9384,11.9038,12.4561,14.8742,16.0068,14.6313,11.9028,8.7225,16.1837,15.0055,15.8056,14.5090,17.7138,22.3678,21.0559,14.1745,10.8458,13.1038,11.5762,18.5395,14.7007,19.1174,11.4887,17.5953,21.7300,21.9112,20.5922,9.6240,13.1446,14.1637,12.5753,13.1000,11.3413,11.7200,18.0877,12.8315,13.1057,17.6658,18.7907,14.2579,16.8251,10.5513,20.4875,11.5405,10.2706,12.3599,9.5535,11.8750,7.9947,9.2651,13.9766,12.7830,12.9865,6.8149,12.7727,9.6531,13.7637,17.1901,20.4701,18.3310,20.4812,14.2649,7.0973,9.2420,9.8492,11.1892,12.7952,17.6348,15.4800,14.6933,18.3664,12.4053,13.0992,11.5629,14.3358,11.2880,11.5622,15.0972,7.9671,9.5494,16.9363,13.2860,11.4863,12.6832,11.2080,12.8408,14.2469,9.0598,12.7187,15.8641,11.8125,11.2718,11.5410,19.2945,15.3672,14.6629,16.5343,15.7249,11.4008,16.6115,11.8667,15.9922,14.2040,7.4983,9.8611,12.0491,15.0917,14.6005,13.1603,9.8705,10.8600,9.7119,15.4928,13.6748,10.3656,10.4134,13.3855,9.3654,12.9630,9.8516,9.8321,9.8137,9.7963,9.7800,9.7649,9.7514,9.7395,9.7295,9.7211,9.7147,9.7101,9.7074,9.7068,9.7082,9.7117,9.7173,9.7250,9.7349,9.7469,9.7611,9.7775,9.7960,9.8168,9.8399,9.8652,9.8927,9.9225,9.9546,9.9889,10.0255,10.0644,10.1056,10.1491,10.1949,10.2429,10.2932,10.3459,10.4008,10.4580,10.5175,10.5792,10.6432,10.7095,10.7779,10.8486,10.9210,10.9944,11.0646,11.1214
45109.2500000,13.4855,20.5609,20.0714,20.3405,31.0567,17.6192,23.2955,17.7375,23.3775,16.5747,17.8681,18.4401,12.6617,18.8624,21.8124,21.1886,24.3030,23.2571,15.8016,15.7443,23.8956,16.4297,12.8247,17.8837,17.7116,28.7526,17.9284,14.3357,21.3854,15.4814,21.3685,20.6766,22.1386,20.5744,21.5304,18.6347,22.1785,22.9985,15.0869,21.8356,22.3846,18.9838,15.7984,16.7303,28.8892,24.6363,18.8235,17.0961,13.9868,10.8365,14.7884,17.3824,18.4384,17.7276,7.7573,17.9833,16.5820,16.4639,22.3413,17.2962,16.7358,14.7300,14.8259,15.7005,13.1483,14.7180,19.0926,19.4110,12.1176,12.6298,15.1535,16.4026,14.9313,11.9776,8.5064,16.5068,15.2517,16.1894,14.8049,17.8937,22.1465,20.8612,13.8320,10.3544,12.7818,11.2417,18.4940,14.5340,19.1174,11.1924,17.5793,21.7289,21.8921,20.7337,9.4163,13.1301,14.1909,12.4294,13.0156,11.2086,11.6118,18.1200,12.6159,12.8575,17.4400,18.5594,13.9950,16.6121,10.3623,20.6862,11.3986,10.1429,12.1858,9.3430,11.6249,7.7544,9.0158,13.7050,12.5128,12.7066,6.5917,12.4961,9.3859,13.5230,17.1364,20.5528,18.2154,20.3004,13.8789,6.7733,8.8967,9.5171,10.8814,12.5267,17.4618,15.2635,14.4512,18.3043,12.0490,12.8140,11.2700,14.1451,10.9803,11.2448,14.9342,7.6517,9.2464,16.8759,13.0930,11.1994,12.4949,11.0072,12.8026,14.4991,8.8058,12.6076,16.0165,11.5879,10.9713,11.2993,19.5469,15.3642,14.5649,16.5445,15.5611,11.0784,16.6926,11.7440,16.4701,14.5881,7.3993,9.9570,12.4202,15.8119,15.2778,13.5618,10.0410,11.1224,9.9104,15.9550,13.9451,10.4454,10.4753,13.5213,9.3247,13.0710,9.8746,9.8826,9.8878,9.8900,9.8897,9.8869,9.8825,9.8767,9.8698,9.8621,9.8541,9.8459,9.8378,9.8300,9.8229,9.8164,9.8109,9.8065,9.8032,9.8012,9.8007,9.8017,9.8042,9.8084,9.8143,9.8219,9.8313,9.8426,9.8557,9.8706,9.8875,9.9063,9.9270,9.9496,9.9742,10.0007,10.0291,10.0595,10.0919,10.1263,10.1627,10.2010,10.2413,10.2836,10.3278,10.3741,10.4220,10.4710,10.5182,10.5553
45109.2916667,11.5288,18.6972,18.1737,18.4013,29.2737,15.4435,21.2445,15.7131,21.5042,14.5109,15.8214,16.4528,10.7046,16.9516,20.1344,19.5862,22.9219,21.9155,14.1903,14.2713,22.8223,15.0383,11.4346,16.7201,16.5708,28.0264,16.6632,12.9866,20.5620,14.3965,20.9938,20.4532,22.2684,20.3376,21.3527,18.1860,21.9111,22.7045,14.2672,21.3106,21.7279,18.0654,14.6771,15.6229,28.0659,24.0931,17.9460,16.1027,13.0502,9.8386,13.9284,16.6006,17.6479,16.8698,6.6889,17.4704,16.0053,15.7660,21.5737,16.2830,15.6103,13.5254,13.7230,14.7606,12.0946,13.8179,18.4852,18.8730,11.8007,12.4502,15.0656,16.2981,14.6465,11.4767,7.8790,16.1542,14.6887,15.6362,14.0077,16.8811,20.7775,19.3393,12.0826,8.4825,10.8450,9.2816,16.6233,12.5089,17.1494,9.0841,15.5448,19.7104,19.8788,18.8303,7.4021,11.2411,12.3777,10.5869,11.1886,9.3945,9.8549,16.4382,10.9552,11.1907,15.7781,16.8680,12.2892,15.0007,8.9089,19.6535,10.2193,9.1269,11.2206,8.3831,10.6187,6.8072,8.0098,12.6406,11.4035,11.5691,5.5772,11.4026,8.3224,12.4563,16.1228,19.6102,17.0762,19.0814,12.4699,5.5534,7.6474,8.3032,9.7051,11.3693,16.3473,14.1121,13.3010,17.2683,10.7986,11.6099,10.1141,13.1005,9.8826,10.1641,13.9469,6.6374,8.2475,16.0301,12.0988,10.1333,11.4903,10.0578,12.0444,13.9958,8.0396,11.9151,15.4739,10.7387,9.9803,10.2380,18.8406,14.3198,13.4064,15.4187,14.2987,9.6442,15.4809,10.3624,15.5273,13.6401,6.2537,8.9438,11.6718,15.4349,14.8763,12.9789,9.2495,10.3865,9.0997,15.3533,13.1804,9.4398,9.3563,12.4039,8.0340,11.7761,8.4132,8.4234,8.4338,8.4439,8.4540,8.4631,8.4722,8.4806,8.4882,8.4951,8.5011,8.5063,8.5106,8.5139,8.5161,8.5172,8.5172,8.5161,8.5140,8.5108,8.5069,8.5022,8.4968,8.4900,8.4846,8.4787,8.4729,8.4674,8.4623,8.4578,8.4539,8.4507,8.4484,8.4479,8.4467,8.4472,8.4487,8.4511,8.4548,8.4599,8.4658,8.4724,8.4801,8.4873,8.4869,8.4940,8.5014,8.5091,8.5139,8.5175
45109.3333333,7.7540,14.8720,14.5256,14.8182,25.8700,12.0501,17.8829,12.4548,18.3898,11.4853,12.7850,13.4556,7.9370,13.7802,17.0929,16.6509,20.1191,19.0636,11.3350,11.5590,20.4103,12.5023,9.0923,14.4651,14.3411,26.1982,14.4459,10.7639,18.6949,12.3405,19.4129,18.9541,20.9948,18.7136,19.8515,16.5917,20.6036,21.4275,12.5844,19.9400,20.2370,16.4120,12.8434,13.8144,26.4981,22.4704,16.0185,14.1423,11.0853,7.9768,12.0782,14.6974,15.6884,14.8327,4.7795,15.6979,14.2617,14.0257,19.8903,14.4240,13.6550,11.5190,11.7119,12.8353,10.2012,11.8675,16.6000,17.0619,10.4977,11.5900,14.4772,15.7741,13.9949,10.6163,7.1167,15.5323,13.8632,14.8492,12.9875,15.7322,19.4792,17.8529,10.3938,6.7850,8.8352,7.2968,14.5009,10.2365,14.7553,6.7567,12.9283,16.9695,17.0583,15.9205,4.6603,8.3214,9.4584,7.8154,8.3158,6.5802,7.0210,13.4741,7.9739,8.2619,12.7206,13.8138,9.3254,12.1028,6.3085,17.2232,7.8998,6.9791,9.2133,6.5041,8.6941,5.1064,6.1445,10.7410,9.5441,9.7518,4.0544,9.6909,6.6142,10.7057,14.3502,17.9231,15.2600,17.2469,10.5190,3.9704,5.9296,6.5338,7.8591,9.4907,14.3438,12.1162,11.3430,15.3646,8.8913,9.6323,8.2179,11.3055,8.1338,8.4536,12.2684,5.1248,6.6957,14.5385,10.5335,8.5642,9.9246,8.5271,10.6328,12.7458,6.8378,10.7495,14.4271,9.5442,8.6259,8.7518,17.7566,12.7609,11.8438,13.8456,12.7567,7.9400,13.7435,8.5072,13.7195,11.8339,4.4840,7.0709,9.8440,13.8977,13.3374,11.5370,7.5900,8.7824,7.4936,13.9243,11.8823,7.9630,7.7675,10.8033,6.3599,9.9487,6.3048,6.3287,6.3500,6.3687,6.3852,6.3983,6.4105,6.4206,6.4288,6.4351,6.4398,6.4433,6.4450,6.4458,6.4458,6.4446,6.4433,6.4443,6.4394,6.4353,6.4302,6.4246,6.4180,6.4107,6.4023,6.3929,6.3824,6.3709,6.3580,6.3442,6.3292,6.3131,6.2958,6.2775,6.2579,6.2370,6.2112,6.1552,6.1152,6.0689,6.0227,5.9792,5.9366,5.8944,5.8534,5.8132,5.7746,5.7378,5.6980,5.6687
45109.3750000,2.6581,9.4214,9.3977,9.7911,20.9056,7.4194,13.0508,7.9585,13.9035,7.3357,8.6211,9.3767,4.3765,9.5429,12.8830,12.6190,16.3264,14.8205,7.4774,7.4198,16.4427,8.4268,5.4846,10.9019,10.8532,22.8988,10.9679,7.5090,15.7225,9.3146,16.6250,16.2104,18.2415,15.2153,15.8550,12.2419,16.8902,18.4626,9.6850,17.3170,17.6403,13.9152,10.2868,11.4035,24.0879,19.9281,13.4057,11.5830,8.5989,5.7855,9.9580,11.6817,12.3290,10.8666,1.4929,12.0942,10.6363,10.6357,16.3167,10.9223,10.6906,7.9666,8.2299,9.6029,7.4211,8.9081,13.8065,13.6226,7.1264,9.5259,12.6693,14.2220,12.6162,9.0072,5.9662,14.1544,12.4276,13.4380,11.4025,13.9377,17.7989,15.8820,8.1938,5.4231,6.3938,5.1332,12.2018,7.9030,12.0744,4.4128,9.6183,13.2689,13.5842,12.4744,1.0973,4.4716,5.7056,4.4712,4.6999,3.5441,3.2350,9.6016,3.2828,4.0052,8.1046,8.9560,4.0191,7.2500,1.8919,12.8632,3.6855,2.9636,5.4031,3.1061,5.5268,2.2190,2.6611,7.2272,6.2486,6.5644,1.5059,7.1824,3.9036,7.8453,11.4775,15.2493,12.4708,14.3569,7.6053,1.8141,3.7477,4.3046,5.4355,6.9028,11.2550,9.1933,8.5647,12.7847,6.1360,6.5610,5.4225,8.6449,5.5260,5.9778,9.9015,3.1553,4.6060,12.4103,8.2622,6.3741,7.6128,6.4483,8.7341,10.8896,5.3420,9.2201,12.9505,7.8775,6.9830,6.8600,16.8604,10.5041,9.7553,11.3997,10.5239,5.8029,10.9812,6.1292,10.8382,8.8746,1.8329,4.2234,6.8256,11.3489,10.3412,9.2271,4.8608,6.0680,4.8390,11.4132,9.9772,5.7835,5.3758,8.3965,3.9554,7.2111,2.9382,3.1173,3.2824,3.4299,3.5613,3.6744,3.7750,3.8612,3.9338,3.9929,4.0409,4.0783,4.1058,4.1244,4.1365,4.1410,4.1408,4.1348,4.1247,4.1108,4.0934,4.0730,4.0496,4.0236,3.9950,3.9639,3.9300,3.8900,3.8162,3.6217,3.4862,3.3555,3.2227,3.0910,2.9665,2.8437,2.7228,2.6043,2.4924,2.3854,2.2828,2.1853,2.0919,2.0023,1.9169,1.8349,1.7569,1.6828,1.6045,1.5469
45109.4166667,-3.6357,2.3110,2.6335,3.0662,15.7715,0.4670,5.6106,1.1558,7.7222,0.3533,1.6547,2.6318,-1.3355,3.2493,6.7148,6.9475,11.9098,9.2084,3.3522,2.3307,11.5311,3.9159,1.3767,6.6476,6.5318,19.1885,5.0980,1.8410,9.9983,3.1032,9.9120,10.3409,13.7133,10.6148,10.9527,6.5761,9.5628,10.2596,2.0933,11.4066,9.6720,7.0427,3.7822,5.3734,20.6973,14.2727,7.0276,5.9391,3.8073,1.6998,7.2255,8.3605,8.6269,6.9281,-2.9914,6.7095,4.4439,5.5003,10.9784,3.4180,4.7938,0.8211,1.2251,2.9711,1.9905,3.1476,9.7274,9.4206,1.7475,5.6849,9.7148,10.2084,9.6308,5.7865,3.4811,12.8053,8.8833,11.8508,6.8860,9.2335,16.0911,13.0736,2.5189,1.6980,0.2972,-0.3656,6.5785,2.4103,6.5599,0.5479,5.2077,7.4848,7.6418,5.9264,-5.1410,-3.1738,-1.5580,-1.8851,-1.7786,-1.0178,-2.6043,4.9794,-3.0632,-1.0164,2.7331,2.9722,-2.4272,-0.1934,-5.0208,6.2232,-2.5372,-2.8810,-0.6196,-2.1935,1.2915,-1.4965,-2.4780,1.6262,1.7610,1.2149,-3.8432,2.1880,-1.5676,3.0634,4.9722,9.1864,6.4325,8.6310,1.5414,-3.9797,-1.7252,-1.1218,0.3216,2.0539,5.9183,3.1484,3.3127,8.9301,2.4823,1.7303,0.6932,4.3886,1.5272,1.1719,5.2533,-1.3593,0.5952,8.1208,3.9359,0.8014,3.0545,1.6454,4.5804,7.3051,2.2898,6.1186,11.3953,4.5147,4.8561,2.9309,14.8689,8.0117,7.1108,6.5650,7.2100,2.0606,6.3593,2.6453,6.5230,4.5942,-1.8792,0.2640,2.1102,7.4233,6.2305,5.7795,0.2874,2.5163,0.1461,8.3617,6.6526,2.3185,1.7881,4.9349,0.6892,3.3991,-2.1699,-1.8580,-1.5544,-1.2628,-0.9834,-0.7214,-0.4707,-0.2359,-0.0181,0.1818,0.3646,0.5298,0.6776,0.8083,0.9235,1.0219,1.1003,1.1109,0.8797,0.7376,0.5781,0.4343,0.2885,0.1406,-0.0103,-0.1515,-0.2970,-0.4460,-0.5978,-0.7522,-0.9029,-1.0580,-1.2168,-1.3784,-1.5390,-1.7017,-1.8656,-2.0293,-2.1895,-2.3466,-2.5007,-2.6509,-2.7975,-2.9404,-3.0791,-3.2138,-3.3438,-3.4683,-3.5973,-3.6910
45109.4583333,-14.5253,-9.7392,-8.1137,-7.3785,7.6829,-9.4298,-4.4505,-7.4719,1.2882,-7.0607,-6.8104,-6.2731,-8.7443,-5.8525,-3.5164,-2.3119,5.5696,1.9327,-0.9263,-3.0074,4.6760,-2.7546,-4.3989,0.8923,1.3315,16.3520,-0.3277,-3.6418,6.2247,-1.5655,5.7929,4.4911,9.3812,6.7701,6.8187,1.5963,4.3689,2.3388,-7.0463,4.1714,1.8751,-3.4813,-6.6786,-4.6422,14.8690,6.8632,-1.3107,-1.7459,-3.2506,-4.1292,3.6317,5.0454,5.2797,4.5175,-5.2473,2.8863,-0.8885,2.6483,7.6938,-3.0087,-0.1279,-5.7174,-5.7679,-4.0118,-2.7283,-2.7525,3.7913,3.4819,-4.3406,0.5874,7.2582,6.2634,6.8047,1.4402,0.0583,10.9633,4.3374,10.1370,2.4373,5.2740,16.3810,12.1135,-1.0624,-0.4835,-4.0251,-3.8466,1.5610,-3.7591,3.4694,-2.7548,1.5658,4.0028,4.0131,1.4651,-8.6553,-9.1718,-8.0875,-7.4657,-8.0076,-5.4301,-8.4594,-1.0003,-11.0953,-7.6786,-3.6723,-3.2750,-8.2027,-7.8105,-12.2173,-0.7201,-8.2120,-7.9837,-6.5978,-8.4365,-3.7883,-5.6539,-8.4176,-5.2719,-3.5519,-3.8166,-8.7224,-2.6519,-7.4080,-2.4340,-3.1063,3.2096,0.5994,3.5043,-3.6334,-8.9330,-6.6494,-6.1392,-4.1551,-1.7241,2.3441,-3.4004,-4.3628,2.4878,-2.4754,-2.7750,-5.5047,-0.7819,-3.2214,-4.8441,0.4163,-6.3099,-3.7071,5.1937,0.7188,-3.2012,-0.2176,-3.2977,-1.6663,1.8565,-2.0762,1.7957,7.9067,0.0644,1.1830,-1.8420,12.4080,5.7626,4.4112,2.4331,3.8237,-0.7687,4.0707,-0.3949,2.3321,0.4672,-5.2859,-3.4079,-2.8147,3.4880,2.2861,2.8483,-3.8211,-0.3783,-3.9210,6.4233,4.5427,0.2486,-0.3382,2.9187,-1.0568,0.5496,-6.5229,-6.9548,-7.2774,-7.4803,-7.5652,-7.5526,-7.4580,-7.2852,-6.9815,-6.6854,-6.4184,-6.1933,-6.0131,-5.8511,-5.7217,-5.6374,-5.5499,-5.4753,-5.4117,-5.3430,-5.3010,-5.2561,-5.2234,-5.2029,-5.1944,-5.1886,-5.1958,-5.2157,-5.2482,-5.2930,-5.3453,-5.4104,-5.4876,-5.5757,-5.6717,-5.7775,-5.8918,-6.0134,-6.1394,-6.2698,-6.4040,-6.5409,-6.6803,-6.8217,-6.9643,-7.1076,-7.2505,-7.3914,-7.5405,-7.6460
45109.5000000,-23.3177,-20.9163,-17.4259,-15.8542,-2.8947,-19.9918,-18.1575,-22.0800,-11.3048,-16.8579,-16.8278,-18.2131,-19.4431,-16.8662,-15.3861,-16.7852,-8.6494,-12.5455,-14.5794,-16.0227,-6.1679,-14.4441,-14.0319,-9.2847,-6.8769,8.7934,-6.5800,-11.5547,-0.3401,-8.9021,-0.0366,-2.3974,3.8962,2.0487,3.6045,-1.1567,2.0991,-0.1855,-11.3637,0.5428,-2.5801,-10.0468,-15.9172,-14.2278,8.4132,-2.6449,-11.5541,-11.9885,-14.8643,-15.7165,-7.7809,-5.1160,-3.4213,-4.2294,-12.7858,-5.3794,-6.4987,0.6219,5.9837,-4.4439,-2.8237,-9.6692,-13.2299,-11.8764,-10.1254,-9.5458,-1.1195,-1.2572,-11.4321,-6.1813,0.5665,-1.7035,0.0813,-3.2428,-3.5200,8.5721,1.5635,8.0662,-3.0550,-0.6237,15.4576,9.8790,-3.1722,-4.7201,-11.4659,-10.5385,-1.9940,-9.7283,-0.3588,-6.4864,-2.5261,0.1317,0.0008,-3.6484,-13.5065,-15.9452,-15.0371,-12.1555,-15.9268,-13.7394,-15.2763,-8.7740,-17.7754,-14.6025,-10.7977,-10.4677,-14.8222,-14.6073,-19.5288,-9.4715,-16.4289,-15.9355,-12.1272,-14.5878,-10.1587,-10.7318,-15.2013,-10.1226,-8.7690,-9.1629,-14.1840,-8.7131,-12.2849,-8.6721,-8.8852,-4.6624,-7.0410,-3.1394,-9.6953,-12.8028,-11.3345,-12.1624,-11.5441,-9.2047,-3.5916,-8.3312,-8.9014,-3.2469,-8.9116,-8.8879,-10.7180,-6.3025,-8.2764,-9.4641,-4.9777,-11.8315,-9.1222,0.4552,-6.6718,-8.9944,-6.7200,-8.1366,-5.7611,-3.6894,-5.6175,0.5196,4.9567,-1.3882,-3.1630,-6.5550,7.6530,0.3530,-1.7658,-4.0589,-2.0214,-5.4361,-1.6633,-6.2671,-4.3995,-5.6584,-9.8013,-8.5322,-8.6241,-2.1523,-2.9503,-0.9607,-8.5309,-3.8723,-7.3399,3.4197,1.5389,-2.5257,-3.0364,0.4471,-3.0648,-2.1230,-8.1622,-8.6175,-9.0654,-9.5071,-9.9421,-10.3755,-10.7949,-11.1811,-11.4712,-11.7390,-11.9794,-12.1876,-12.3588,-12.4731,-12.5435,-12.5834,-12.5642,-12.5025,-12.4023,-12.2584,-12.0996,-11.9122,-11.7136,-11.5108,-11.3097,-11.1090,-10.9201,-10.7461,-10.5887,-10.4492,-10.3248,-10.2195,-10.1324,-10.0628,-10.0079,-9.9689,-9.9446,-9.9339,-9.9345,-9.9464,-9.9688,-10.0011,-10.0427,-10.0933,-10.1520,-10.2183,-10.2912,-10.3693,-10.4659,-10.5308
45109.5416667,-29.2286,-29.3315,-24.3474,-22.1307,-10.4076,-24.6406,-25.0751,-31.6283,-21.0923,-23.7548,-24.1706,-26.1922,-26.4756,-25.2068,-24.9103,-26.6754,-20.3481,-23.9879,-24.7240,-26.6437,-17.9065,-27.5365,-24.9753,-24.6695,-19.1073,-3.5970,-16.8924,-21.5593,-9.3170,-18.4075,-7.0155,-10.4394,-3.4691,-1.6848,-0.0319,-4.8825,-1.3392,-3.6327,-16.1896,-2.8367,-5.6037,-12.0410,-21.0525,-20.0509,4.6545,-9.9932,-17.9495,-17.3229,-21.6007,-22.6594,-14.2721,-13.6624,-12.7024,-12.9400,-20.6021,-18.5480,-18.5974,-7.6995,0.2397,-9.4132,-8.0388,-13.7031,-20.6313,-19.3858,-16.6950,-14.9571,-7.4288,-7.4147,-18.8864,-12.1510,-4.4467,-7.1158,-9.9108,-12.4524,-11.0767,2.5168,-3.4182,3.8129,-8.0713,-5.8879,15.7715,9.2578,-3.3729,-5.3161,-16.2883,-14.3709,-5.8791,-15.8739,-5.6772,-11.1902,-7.4072,-4.2841,-4.2534,-8.6295,-16.5459,-18.9852,-18.3562,-12.8387,-18.5305,-17.2677,-19.1281,-15.2000,-21.4921,-19.2549,-16.5423,-16.8360,-20.8438,-21.3894,-27.0274,-18.9086,-23.6803,-22.6997,-17.4198,-18.7312,-15.8781,-15.1023,-21.9484,-15.6997,-15.1447,-14.1351,-18.1678,-14.7497,-17.4632,-15.1646,-14.8907,-10.7852,-13.2904,-8.9183,-15.0251,-16.0445,-15.6063,-15.7970,-17.7081,-16.4452,-8.6517,-13.8983,-14.0784,-8.2897,-12.8635,-13.7052,-15.1485,-11.4206,-12.8646,-13.8468,-10.1611,-15.2101,-13.8960,-4.6461,-14.5481,-15.8124,-12.7492,-15.3860,-13.1159,-12.2636,-11.5668,-3.3173,0.1782,-4.1368,-5.9884,-10.3728,4.1606,-2.8829,-4.5667,-5.9636,-2.7210,-6.8575,-5.0169,-10.1406,-10.6816,-12.0126,-14.0349,-13.4531,-13.8261,-8.3907,-9.3033,-6.3395,-14.1070,-9.4346,-11.7768,-0.9541,-2.6391,-6.2132,-6.5358,-2.8393,-5.6762,-5.3372,-10.3236,-10.6089,-10.9117,-11.2283,-11.5544,-11.8922,-12.2274,-12.5474,-12.8085,-13.0643,-13.3135,-13.5557,-13.7902,-14.0050,-14.2109,-14.4177,-14.6041,-14.7797,-14.9437,-15.0875,-15.2257,-15.3424,-15.4436,-15.5279,-15.5942,-15.6365,-15.6595,-15.6627,-15.6462,-15.6106,-15.5548,-15.4833,-15.3979,-15.3009,-15.1936,-15.0802,-14.9632,-14.8451,-14.7275,-14.6130,-14.5037,-14.4012,-14.3070,-14.2222,-14.1475,-14.0833,-14.0297,-13.9869,-13.9733,-13.9532
45109.5833333,-32.2099,-29.6153,-25.6747,-21.6823,-11.3744,-23.1514,-25.5732,-31.2609,-23.1325,-23.6813,-25.2397,-28.5817,-28.3261,-28.6711,-29.5068,-31.4689,-26.6926,-29.9457,-28.9645,-31.4730,-24.1839,-34.2894,-28.1475,-33.6683,-26.5228,-12.3365,-26.7561,-29.4785,-17.6020,-26.7821,-18.0468,-20.2027,-12.3389,-6.0543,-3.3232,-7.4967,-3.0402,-4.8509,-18.4360,-3.4763,-5.6038,-10.9552,-22.3551,-22.1544,3.6671,-13.3730,-19.7948,-17.8946,-23.1929,-24.0314,-16.3383,-16.8474,-15.9584,-15.3311,-21.3902,-25.7086,-25.6439,-15.9792,-3.7939,-12.4959,-11.1843,-15.7907,-25.3223,-24.8836,-21.3333,-15.9828,-10.5003,-11.4334,-25.4493,-17.5878,-8.5978,-9.3368,-10.7437,-17.6125,-14.5582,-2.7356,-8.4234,-4.5441,-14.4529,-10.8322,14.7100,8.1939,-3.4886,-5.3338,-18.0940,-13.6655,-5.8969,-14.2368,-5.3756,-10.2942,-7.2696,-4.2089,-4.4255,-9.9751,-16.3870,-19.1989,-18.6977,-10.7137,-17.6402,-16.7849,-18.5559,-16.1998,-21.6223,-19.4746,-17.1801,-17.6308,-21.0597,-22.4896,-28.1501,-24.3451,-27.7240,-27.0677,-20.8799,-21.0476,-19.4317,-17.1952,-26.1205,-19.9654,-22.3356,-17.4503,-19.1265,-17.4227,-19.1594,-18.4086,-21.6942,-15.8700,-17.3083,-11.8389,-16.9145,-15.7502,-18.1977,-17.2532,-20.5698,-20.1315,-10.6762,-16.4420,-19.5891,-12.2034,-14.7743,-15.6333,-16.3302,-12.4340,-12.4298,-13.4330,-11.1400,-14.6542,-14.1029,-5.2648,-17.5754,-18.1865,-14.8892,-18.8321,-17.6822,-19.0706,-15.6627,-7.1113,-4.4965,-6.7292,-8.2033,-13.3672,1.3398,-5.0258,-5.9581,-6.2473,-1.5405,-5.8022,-4.9896,-10.6058,-12.9183,-14.6510,-14.8044,-16.2293,-17.1005,-12.7412,-13.5803,-9.2497,-14.9474,-11.9262,-13.6216,-3.2686,-4.7418,-7.7844,-8.0681,-4.4086,-6.4854,-6.8806,-10.9705,-11.1644,-11.3572,-11.5487,-11.7382,-11.9313,-12.1167,-12.2894,-12.4201,-12.5486,-12.6758,-12.8028,-12.9307,-13.0523,-13.1760,-13.3096,-13.4385,-13.5695,-13.7023,-13.8309,-13.9657,-14.0954,-14.2245,-14.3521,-14.4773,-14.5961,-14.7115,-14.8228,-14.9292,-15.0302,-15.1235,-15.2106,-15.2908,-15.3631,-15.4263,-15.4805,-15.5251,-15.5595,-15.5826,-15.5945,-15.5952,-15.5848,-15.5637,-15.5326,-15.4921,-15.4434,-15.3876,-15.3266,-15.2822,-15.2248
45109.6250000,-29.4365,-24.5841,-20.4376,-20.3447,-6.0131,-15.8209,-20.1122,-28.6226,-18.9333,-17.2602,-18.8032,-22.3369,-21.4476,-23.6562,-25.0642,-27.4052,-25.4672,-29.3944,-27.2864,-30.5361,-25.1865,-35.2928,-27.3038,-31.6865,-27.2330,-13.7394,-29.6566,-30.8918,-20.7717,-28.9155,-24.7848,-27.3213,-20.5781,-10.9124,-5.6833,-7.2299,-2.2295,-4.0324,-18.2809,-2.1638,-3.5668,-7.1603,-19.8570,-17.2209,5.7807,-13.5905,-18.6818,-15.6919,-21.3307,-18.2432,-13.8773,-15.9409,-15.5095,-14.3311,-19.0652,-28.2724,-27.8957,-19.6247,-3.9627,-11.7747,-10.6033,-14.4497,-26.1440,-26.5851,-22.7682,-18.2480,-10.0330,-9.5787,-27.7674,-20.5404,-10.7082,-11.2515,-11.8837,-16.2693,-8.5710,-0.9898,-5.9699,-6.0482,-14.8913,-5.6346,17.4785,10.2188,-1.2508,-3.3528,-13.5303,-11.0821,-4.5925,-11.9761,-4.2784,-8.6656,-5.6230,-1.7828,-1.1944,-6.4161,-12.5030,-12.8067,-10.9219,-1.6991,-10.0251,-10.1252,-12.2769,-11.5452,-16.7857,-15.0393,-12.9672,-14.0326,-17.3230,-19.4286,-24.8155,-24.4511,-26.2632,-25.9536,-19.6413,-19.0113,-18.6747,-15.3748,-22.7838,-19.6953,-25.1422,-21.6468,-18.6696,-18.2009,-18.5951,-19.0826,-21.8561,-18.6448,-19.8628,-13.8933,-17.9697,-16.3329,-17.4004,-19.0288,-21.8380,-21.7606,-10.8601,-16.5475,-19.0876,-13.5880,-14.8408,-16.0137,-15.7065,-14.9509,-14.0553,-12.2987,-9.7472,-12.9312,-12.8366,-2.2968,-15.5747,-15.1252,-11.5848,-15.3055,-16.1066,-20.4788,-13.2314,-6.5823,-5.6092,-6.6032,-8.0974,-14.0736,0.4156,-7.3811,-5.4061,-4.9192,0.7358,-3.7763,-3.6970,-11.7929,-12.5308,-13.8008,-12.2891,-14.7087,-16.4011,-13.4257,-14.4352,-9.1781,-13.3355,-11.5416,-12.7215,-2.9871,-4.2448,-6.8075,-7.0349,-3.4574,-4.9850,-5.8066,-9.1786,-9.2620,-9.3480,-9.4376,-9.5314,-9.6357,-9.7393,-9.8398,-9.9160,-9.9948,-10.0757,-10.1581,-10.2416,-10.3199,-10.3979,-10.4805,-10.5571,-10.6323,-10.7061,-10.7748,-10.8464,-10.9136,-10.9806,-11.0474,-11.1146,-11.1799,-11.2464,-11.3143,-11.3835,-11.4543,-11.5256,-11.5985,-11.6729,-11.7484,-11.8240,-11.8999,-11.9756,-12.0504,-12.1233,-12.1940,-12.2619,-12.3264,-12.3871,-12.4435,-12.4951,-12.5416,-12.5823,-12.6166,-12.6611,-12.6697
45109.6666667,-26.2955,-24.1932,-19.7268,-19.1140,-0.0446,-10.9488,-10.7457,-20.5077,-11.2971,-8.6916,-8.9020,-10.7414,-8.6227,-11.5063,-14.5736,-15.1535,-12.2270,-15.9024,-13.6007,-19.0697,-14.7750,-24.4463,-18.6079,-22.9130,-22.6274,-10.0509,-26.9092,-27.5542,-21.7723,-26.9987,-26.8343,-29.6368,-24.0570,-14.6434,-9.8545,-8.7620,-3.0691,-3.0212,-15.0097,2.4195,5.8442,1.3335,-7.5002,-3.2485,17.6549,-5.5755,-10.8161,-7.3557,-14.2432,-11.0714,-6.5892,-8.8023,-9.2085,-8.0438,-11.4305,-25.1912,-25.4335,-18.6210,-0.6844,-7.5627,-5.2358,-8.9015,-20.6366,-22.8812,-19.9392,-18.6547,-13.3865,-9.8748,-26.3150,-19.1032,-10.4197,-11.6833,-13.1000,-14.6403,-6.4040,-0.7502,-2.7459,-3.9596,-10.6934,2.9733,25.1766,18.7686,5.0253,4.0294,-0.4181,-1.2659,7.4876,0.4639,7.4961,2.1659,5.0323,9.6972,9.1173,2.1989,-6.5298,-8.1648,-6.3356,3.2796,-2.6360,-0.1220,-1.9858,1.3302,-6.7483,-6.4365,-3.0441,-3.8546,-8.7322,-9.1237,-15.3976,-18.3162,-19.8892,-19.9485,-15.1484,-13.4584,-11.8475,-9.6948,-15.4165,-12.1478,-18.5262,-16.7195,-13.0115,-13.6223,-15.5799,-16.7750,-18.0705,-15.4155,-16.9705,-11.3384,-15.0988,-13.5297,-15.4433,-17.0690,-21.2494,-22.0963,-11.0351,-16.4302,-18.0576,-13.6490,-14.7971,-16.5545,-15.2607,-14.9684,-13.8755,-10.2799,-7.6924,-10.0317,-11.1476,-0.4066,-14.4675,-13.6251,-11.5839,-12.7217,-12.4712,-16.7875,-8.3787,-4.1714,-1.3952,-2.1981,-2.9948,-8.8749,5.2828,-3.9736,-0.6992,0.3800,6.5481,-0.1281,1.1029,-9.0062,-9.5620,-11.4849,-8.5296,-11.4764,-13.0226,-10.5142,-11.6691,-5.9069,-9.0479,-8.8185,-10.0256,1.0344,-0.0907,-2.4448,-2.6549,0.8723,-0.5428,-1.5276,-4.6368,-4.8134,-5.0076,-5.2127,-5.4210,-5.6315,-5.8270,-6.0033,-6.1431,-6.2649,-6.3692,-6.4577,-6.5325,-6.5921,-6.6428,-6.6905,-6.7301,-6.7666,-6.8014,-6.8328,-6.8670,-6.8993,-6.9326,-6.9671,-7.0026,-7.0376,-7.0738,-7.1110,-7.1491,-7.1879,-7.2267,-7.2664,-7.3067,-7.3477,-7.3890,-7.4309,-7.4735,-7.5167,-7.5602,-7.6040,-7.6483,-7.6929,-7.7380,-7.7833,-7.8288,-7.8742,-7.9193,-7.9627,-8.0193,-8.0364
45109.7083333,-20.1844,-21.0127,-17.0515,-16.6609,0.9336,-7.8168,-8.2347,-16.3582,-5.7095,-5.1204,-5.6824,-7.0859,-4.8861,-7.3231,-9.6898,-8.8488,-5.0029,-6.4695,-2.8867,-6.0672,-2.9535,-9.8658,-4.4940,-8.8997,-9.1891,3.7240,-13.7630,-14.4814,-13.5555,-18.2068,-21.1173,-25.8617,-23.3793,-15.0734,-10.7917,-9.9850,-2.1447,-2.0962,-14.3307,-0.5589,2.3606,-0.7872,-7.3769,-2.6687,23.0665,2.7810,-2.3334,3.5339,-4.0368,-0.9020,2.1541,2.4474,2.1356,0.6654,-1.1539,-15.9119,-16.7147,-11.2650,7.3120,-1.6231,-0.0826,-3.3617,-13.1662,-15.7018,-10.4769,-12.0668,-7.7740,-6.1261,-23.4476,-17.9425,-11.1862,-9.0587,-12.2955,-13.8138,-6.1074,0.4109,-2.7228,-3.5934,-7.6810,7.7559,28.6857,22.4478,6.1931,4.9955,4.9513,1.5637,13.2081,7.0678,14.4744,6.3982,10.0511,19.1502,19.8442,13.0888,3.3785,1.9799,3.2715,10.9607,5.7877,7.1130,5.4680,11.0199,0.7808,3.3865,6.7742,6.7407,-0.4343,1.0705,-5.4535,-8.6616,-9.9500,-11.1526,-8.3298,-6.5756,-6.1049,-3.7369,-8.7944,-7.1248,-12.2317,-11.0238,-6.6918,-6.6458,-9.3909,-9.8439,-13.3774,-10.4865,-11.8584,-6.2640,-9.4988,-8.1342,-10.7647,-11.3239,-16.3010,-18.0167,-7.9757,-13.4250,-14.8724,-11.7926,-12.1050,-14.1561,-14.8339,-14.1776,-13.4797,-9.7200,-9.6163,-9.9009,-10.6813,-0.6394,-12.7145,-11.3457,-9.9884,-10.5790,-10.6503,-13.8721,-4.3178,-0.1491,2.0296,-0.0730,-0.5227,-3.8825,10.1131,1.6252,4.7601,6.3731,12.2671,2.3176,6.1976,-4.4956,-5.0252,-6.8784,-4.7963,-6.7722,-9.4766,-6.4207,-7.3800,-1.5066,-4.0430,-4.0312,-6.4446,5.2146,4.1857,1.8263,1.6773,5.3371,3.6928,3.1947,0.1950,0.1355,0.0714,0.0029,-0.0693,-0.1512,-0.2311,-0.3108,-0.3801,-0.4530,-0.5297,-0.6105,-0.6954,-0.7814,-0.8707,-0.9651,-1.0584,-1.1517,-1.2438,-1.3312,-1.4167,-1.4955,-1.5687,-1.6356,-1.6961,-1.7491,-1.7962,-1.8377,-1.8745,-1.9070,-1.9357,-1.9619,-1.9862,-2.0093,-2.0314,-2.0531,-2.0748,-2.0968,-2.1188,-2.1412,-2.1639,-2.1871,-2.2106,-2.2347,-2.2590,-2.2837,-2.3084,-2.3321,-2.3702,-2.3717
45109.7500000,-13.0647,-15.5094,-12.3070,-12.2577,2.4845,-4.6191,-5.5415,-12.1365,-2.7759,-1.9907,-2.5223,-3.6313,-1.7727,-3.5798,-5.6723,-5.1263,-1.8773,-2.8716,0.1218,-2.0397,0.9758,-4.2459,0.4429,-2.5076,-2.1643,12.3754,-2.8468,-2.9740,-2.8088,-6.2289,-10.5803,-15.7340,-15.5448,-9.1853,-6.5914,-6.8462,-0.0259,1.9574,-9.0691,2.0238,3.9905,0.9836,-4.7016,-0.8628,26.3127,7.2385,2.4323,9.0699,2.0076,4.5661,7.5185,9.5794,11.3052,8.8625,6.1429,-5.4815,-6.1461,-1.7394,14.7814,6.3778,7.4224,4.2957,-4.0840,-6.6508,-1.8162,-3.6415,1.1597,1.1692,-16.8452,-14.1376,-9.6857,-7.8824,-10.6120,-11.5606,-4.5606,0.3045,-2.1692,-2.2541,-4.8960,11.9335,30.5190,25.5110,9.9611,8.4166,9.9124,6.5742,19.2950,14.0368,21.2929,12.4855,16.8170,27.7498,27.4084,20.6625,10.1140,9.6283,10.7835,16.6879,12.6626,13.0960,11.9937,19.6148,8.6172,11.3467,14.5992,16.1904,8.9462,11.7407,4.8396,2.6518,0.6915,-1.4081,0.2677,1.3882,1.3080,3.0726,-1.3495,-0.6501,-5.0051,-4.5294,-1.3141,-0.4878,-3.7038,-3.6642,-6.4394,-3.0777,-3.5611,2.5767,-0.9090,-0.1833,-2.8565,-3.4007,-7.9652,-10.4268,-1.9168,-7.1460,-8.4803,-6.3392,-6.1976,-8.9087,-9.5742,-10.1335,-9.3290,-6.0663,-7.6300,-6.9533,-8.4391,-1.5744,-11.0447,-9.8895,-9.4783,-9.5782,-9.8918,-12.5329,-2.9399,-0.4830,1.5408,0.0419,0.3434,-0.9697,13.3142,4.7443,8.0289,10.9219,16.3990,6.6747,12.4373,2.1650,1.8377,0.1255,0.8379,-0.5817,-3.5377,-1.0274,-1.3948,4.3694,1.9794,1.9472,-0.8884,9.8694,9.8058,7.2709,7.2233,11.1327,8.9803,9.4861,6.1138,6.4033,6.6820,6.9146,7.0957,7.2030,7.2420,7.1791,7.0337,6.7817,6.4119,6.1188,5.9261,5.8025,5.7189,5.6557,5.6056,5.5606,5.5172,5.4748,5.4299,5.3845,5.3372,5.2880,5.2369,5.1849,5.1315,5.0768,5.0214,4.9656,4.9102,4.8553,4.8015,4.7491,4.6988,4.6507,4.6053,4.5626,4.5231,4.4867,4.4533,4.4227,4.3949,4.3695,4.3463,4.3250,4.3056,4.2888,4.2591,4.2669
45109.7916667,-3.9566,-7.3302,-5.2267,-5.7789,6.2321,-0.1932,-1.6467,-7.2413,-0.0096,0.5401,-0.1135,-1.1790,0.1685,-0.7154,-2.5985,-2.1033,0.7141,0.0427,2.3546,0.6168,3.2531,-1.2993,2.1020,-0.0134,0.2851,13.6658,0.1940,0.3631,1.3404,-0.6539,-3.5305,-7.6562,-7.3729,-1.6128,0.3783,-0.2306,5.0810,7.3355,-2.6330,6.3525,7.5142,4.5313,-0.5682,2.4358,28.3610,10.1560,5.5671,11.1692,5.1919,6.8407,9.9463,12.3840,15.3021,12.9862,8.5824,1.2064,0.8879,4.8102,19.6100,11.8392,12.7252,9.9067,3.1135,0.8305,4.7903,3.2038,8.3499,7.9328,-8.9332,-8.0193,-5.4667,-4.7666,-7.4686,-8.4994,-2.6082,0.5829,-1.6973,-1.6890,-3.9506,10.7547,27.8206,23.4149,9.1359,7.3944,9.1729,6.5880,18.9179,14.0069,21.5430,12.5955,18.3460,29.2226,29.4971,23.9649,12.6978,13.9658,15.3835,19.6243,16.7639,16.5328,16.0052,24.8934,14.1756,16.6169,20.2812,21.8962,15.0437,18.7205,11.9952,12.5277,9.7222,7.5798,8.9084,9.0523,9.0985,9.5424,6.2481,6.8976,3.0086,2.9699,4.3055,5.3431,2.4728,2.3152,-0.0944,2.5914,2.2885,8.5740,4.9374,4.7178,3.2566,2.8377,-0.4343,-2.4051,4.8324,0.7343,-0.2995,1.2311,1.1036,-1.9070,-2.8077,-4.0226,-3.5668,-1.2010,-3.3813,-2.5255,-4.1590,0.2594,-7.2955,-6.3534,-6.7207,-7.0921,-8.1439,-11.0115,-2.7407,-1.1530,0.4473,-0.7232,-0.1812,-1.0774,11.8880,4.2996,7.2572,10.0911,14.6228,6.2826,12.7397,4.1126,4.9588,4.3591,4.1150,4.0572,2.1480,4.5706,4.3366,9.5489,6.9816,7.2932,4.8121,14.4189,14.7608,11.8361,11.8730,16.0377,13.0136,14.6297,10.4290,10.5948,10.7809,10.9689,11.1724,11.3770,11.5993,11.8208,12.0569,12.2863,12.5138,12.7279,12.9355,13.1254,13.2947,13.4357,13.5451,13.6165,13.6456,13.6295,13.5637,13.4521,13.2867,13.0727,12.8164,12.5197,12.1913,11.9100,11.6840,11.5052,11.3649,11.2544,11.1664,11.0947,11.0346,10.9823,10.9351,10.8911,10.8491,10.8084,10.7684,10.7290,10.6900,10.6515,10.6138,10.5769,10.5413,10.5082,10.4633,10.4565
45109.8333333,5.2363,2.0524,3.1897,2.1521,12.0789,5.6012,3.8604,-1.3835,4.0531,3.9926,3.1163,1.8497,2.3997,1.9721,0.0485,0.1696,2.3476,1.5951,3.1361,1.7710,4.2268,0.2148,2.6233,1.2595,1.4867,13.5126,1.3642,1.3223,2.4273,0.7067,-1.3327,-4.6495,-4.0119,1.5508,3.6444,3.3880,8.3700,10.6373,1.9651,10.0231,10.9267,8.0273,3.4353,5.7665,29.3457,12.5740,7.8845,12.2645,6.9221,7.6160,10.7433,13.1444,15.8640,13.9019,8.0302,4.2618,4.1274,7.5163,21.0243,13.7493,14.5317,11.9720,6.5373,4.7790,7.8508,6.8757,12.3701,12.3856,-2.0316,-1.7944,-0.2909,-0.3164,-3.0769,-4.4660,0.1377,2.1682,-0.2102,-0.5295,-2.7300,9.7144,24.8986,20.7890,7.5853,5.6348,7.2696,5.0167,16.2862,11.4317,18.6724,9.6863,15.9757,26.3123,26.8688,22.1950,10.2835,12.7154,14.3806,17.2962,15.5096,14.9090,15.0046,24.6919,16.3541,18.4518,22.8418,24.5344,17.8900,21.6882,14.8570,18.3708,14.7893,13.0883,14.6858,13.8786,14.5879,13.4772,11.6146,13.0855,9.6598,9.4510,8.6935,10.7432,7.7538,7.8559,5.6463,7.6648,6.9437,12.2116,8.3146,6.6675,6.2526,6.0466,3.8911,2.4769,8.4424,5.0224,4.5434,6.4606,6.0668,3.8104,2.9907,2.0259,2.1555,3.8068,1.8718,2.0833,0.6792,3.7441,-2.5352,-2.0115,-2.9058,-3.6570,-5.2580,-8.3681,-1.5694,-0.7433,0.3064,-0.7044,-0.1384,-1.0391,9.8868,3.2263,5.5767,8.1069,11.6487,4.4762,10.6015,3.3153,4.8562,4.6714,3.6275,4.8577,4.1848,6.9411,7.0397,11.2803,8.5112,9.2059,7.2677,16.3963,16.5571,13.3028,13.5146,18.0042,14.1761,17.0002,12.5408,12.6728,12.8086,12.9376,13.0668,13.1921,13.3281,13.4628,13.6091,13.7550,13.9065,14.0582,14.2183,14.3819,14.5500,14.7213,14.8954,15.0716,15.2485,15.4256,15.5998,15.7731,15.9378,16.0949,16.2430,16.3760,16.4946,16.5927,16.6713,16.7253,16.7536,16.7539,16.7255,16.6685,16.5837,16.4722,16.3335,16.1756,16.0019,15.8206,15.6386,15.4643,15.3014,15.1520,15.0173,14.8996,14.7935,14.6964,14.6025,14.5575
45109.8750000,12.4543,10.6720,11.3533,10.3406,19.3951,12.4468,11.2145,5.8740,10.2437,9.4054,8.5207,7.1507,6.6934,6.6615,4.6898,4.2234,5.6084,4.4662,5.0175,3.6182,5.8239,2.1154,3.5478,2.6608,2.7367,13.6064,2.6497,2.3486,3.4539,1.7701,0.1358,-2.7071,-2.1891,2.7231,4.7248,4.5452,9.3245,11.7243,4.0270,11.8213,12.9278,10.2883,6.3117,8.3573,30.2324,15.1993,10.4361,13.7578,8.8626,8.7365,11.9207,14.2944,16.7024,14.9470,7.9768,6.8252,6.4954,9.2632,21.5660,14.6599,15.2679,12.8639,8.5614,7.2302,9.3490,8.8782,14.3091,14.8026,2.9061,3.2231,4.5318,4.4517,1.9040,0.2830,3.5261,5.3948,3.0714,2.6088,0.5903,11.2204,24.6652,20.9262,8.7733,6.6787,8.1589,6.0328,16.0760,11.2199,17.8640,8.9181,15.0971,24.5385,24.9610,20.7225,8.4767,11.2117,12.7701,14.5876,13.4723,12.5136,12.8108,22.4973,16.5783,18.4102,23.4492,25.3180,18.8756,22.8461,15.6587,21.5938,16.6215,15.1936,17.2499,15.6802,17.2526,14.7891,14.2991,17.0678,14.2179,14.1601,11.4233,15.1087,11.9576,12.9747,11.5377,13.2887,12.1156,16.5152,12.0905,8.8110,9.0658,8.8372,7.3680,6.3505,11.4501,8.2818,7.7178,9.6611,8.5285,6.9995,6.2473,5.9210,5.7659,7.0481,6.0524,5.3317,4.6477,7.6320,2.4390,2.6802,1.7943,0.7989,-1.0060,-4.1623,1.0515,1.5076,2.2156,1.2553,1.7313,0.8406,9.9740,4.1564,5.8735,8.0808,10.7374,4.5313,9.9336,3.5243,4.9669,4.5441,2.8111,4.4577,4.4726,7.3464,7.6244,10.8525,8.0571,9.0511,7.5243,16.2820,16.0702,12.6102,12.9646,17.6328,13.2789,17.0782,12.7177,12.9441,13.1652,13.3727,13.5715,13.7586,13.9450,14.1223,14.3001,14.4699,14.6360,14.7951,14.9531,15.1070,15.2579,15.4059,15.5513,15.6949,15.8368,15.9781,16.1180,16.2596,16.3989,16.5386,16.6793,16.8187,16.9590,17.0977,17.2367,17.3738,17.5092,17.6413,17.7697,17.8930,18.0103,18.1202,18.2197,18.3106,18.3900,18.4574,18.5117,18.5519,18.5774,18.5876,18.5822,18.5637,18.5307,18.4827,18.4167,18.3766
45109.9166667,17.1855,17.2753,17.6274,16.7534,25.6465,17.6929,17.5118,12.1088,16.2176,14.4522,13.8674,12.7390,11.3072,12.1494,10.5831,9.7909,10.7126,9.2041,8.6297,7.1637,9.2498,5.4927,5.9550,5.4585,5.2485,14.9231,4.7521,4.0962,5.1492,3.3360,2.0174,-0.5202,-0.2522,3.8359,5.5571,5.2255,9.5858,11.8560,4.8122,12.3723,13.5364,11.0005,7.4963,9.3670,30.0270,16.9147,12.2299,14.8432,10.4936,9.6981,13.0696,15.5483,17.7423,16.1572,8.3008,9.5517,9.0516,11.2310,22.3869,15.6701,16.0197,13.6713,10.3062,9.3537,10.5747,10.4981,15.7356,16.4164,6.1601,6.6439,8.0394,8.1533,5.9328,4.4324,6.2946,8.8237,6.6878,6.2436,4.3998,13.5348,25.3907,21.9812,10.6636,8.3988,9.9468,7.9748,17.2474,12.4704,18.7147,9.8335,15.9524,24.5369,24.7828,20.9225,8.5584,11.3963,12.7519,13.6320,12.9067,11.6209,11.8935,21.1795,16.7059,18.1620,23.5034,25.3506,18.9508,23.0627,15.5205,23.3991,16.9856,15.6153,17.9840,15.7257,17.9253,14.3857,14.8468,18.7465,16.3073,16.4245,12.0212,17.3777,14.0630,16.2946,16.0242,18.0939,16.7078,20.6148,15.6533,10.8062,11.8420,11.7895,11.0111,10.4512,15.0674,11.9259,11.1065,12.9948,10.8336,9.6801,8.6975,8.8136,8.1032,9.0060,8.8377,6.8990,6.8646,10.3199,5.8435,5.8075,5.3080,4.4639,3.1609,0.5494,4.0685,4.6372,5.2946,4.1421,4.4916,3.7099,11.6202,6.4051,7.5207,9.4313,11.2917,5.7695,10.6178,4.8292,6.2082,5.4836,3.1884,4.7999,5.0676,7.7214,7.8665,10.0994,7.2205,8.2579,6.9216,15.1469,14.5237,10.9139,11.2747,15.8799,11.2287,15.5425,11.3168,11.5935,11.8721,12.1457,12.4163,12.6805,12.9450,13.2029,13.4600,13.7094,13.9535,14.1892,14.4201,14.6437,14.8603,15.0695,15.2714,15.4663,15.6542,15.8357,16.0105,16.1805,16.3434,16.5011,16.6545,16.8021,16.9461,17.0851,17.2211,17.3532,17.4823,17.6081,17.7310,17.8512,17.9690,18.0844,18.1962,18.3067,18.4146,18.5207,18.6246,18.7262,18.8255,18.9219,19.0151,19.1061,19.1928,19.2722,19.3357,19.3934
45109.9583333,19.4668,21.5704,21.7345,21.0902,30.3599,21.1040,22.1958,16.6162,20.8957,18.0665,17.8703,17.0630,14.5514,16.5144,15.6776,14.8412,15.8469,14.2787,12.5554,11.2410,13.7763,9.6988,9.2563,9.4129,8.9905,17.9233,8.1194,6.9586,8.0871,5.8351,4.7809,2.3449,2.2639,5.4560,6.8215,6.2026,10.0916,12.0823,5.4085,12.6917,13.7852,11.2272,8.0117,9.6734,29.1748,17.6271,12.8972,14.9616,11.0482,9.7262,13.3490,16.0375,18.1706,16.8052,8.2274,11.6875,11.1040,12.8513,23.1628,16.6116,16.7698,14.4595,11.8614,11.2421,11.6519,11.9060,17.0021,17.7390,8.3368,8.8957,10.4769,10.8239,8.8351,7.3175,7.9004,11.5248,9.6011,9.3218,7.6288,15.6289,26.1745,23.0853,12.3868,9.8821,11.6076,9.7245,18.5897,13.8461,19.8537,10.9273,17.1562,25.0797,25.2272,21.7506,9.2412,12.2490,13.4913,13.6510,13.2454,11.7386,12.0070,20.9319,17.0611,18.2129,23.7595,25.5306,19.0924,23.2171,15.2617,24.5816,16.7583,15.2975,17.8671,15.0743,17.6861,13.4060,14.4471,19.1955,17.0187,17.2259,11.4719,18.0341,14.4780,17.7574,18.6454,21.2320,19.7073,23.3973,17.8697,11.5970,13.3961,13.6514,13.6217,13.6839,18.3619,15.3259,14.4026,16.5393,13.3105,12.4991,11.2316,11.8032,10.4354,10.9968,11.5287,8.2180,8.5879,12.6773,8.5203,8.0852,7.8607,6.9207,6.1837,4.3020,6.1066,7.1535,8.0771,6.5810,6.8453,6.2984,13.6816,8.8728,9.5306,11.3035,12.5239,7.4362,12.0498,6.6498,8.1824,7.1812,4.2468,5.8180,6.2786,8.7286,8.6672,10.0301,7.0590,8.0222,6.7530,14.4027,13.4133,9.7342,10.0201,14.3873,9.6415,14.0565,9.9600,10.1789,10.4047,10.6327,10.8645,11.0977,11.3372,11.5780,11.8240,12.0705,12.3188,12.5665,12.8158,13.0644,13.3122,13.5583,13.8021,14.0432,14.2810,14.5153,14.7451,14.9712,15.1912,15.4062,15.6160,15.8192,16.0170,16.2080,16.3934,16.5722,16.7448,16.9112,17.0713,17.2254,17.3737,17.5163,17.6525,17.7842,17.9107,18.0329,18.1510,18.2652,18.3759,18.4834,18.5878,18.6905,18.7902,18.8850,18.9672,19.0373
45110.0000000,20.4819,24.3773,24.3487,23.9004,33.7616,23.0777,25.4081,19.5679,24.2004,20.2686,20.4593,19.9734,16.3919,19.4812,19.4703,18.6762,20.0303,18.5345,15.6148,14.5783,18.0356,13.4324,12.1757,13.3004,12.8302,21.6718,11.9136,10.2634,11.9312,9.1305,8.6166,6.2317,5.8266,8.0705,9.0369,8.0052,11.4159,13.0347,6.5012,13.3845,14.3396,11.6886,8.6420,10.0793,28.4176,18.0795,13.1734,14.6339,10.9977,9.2671,13.0424,15.8706,17.9383,16.7543,7.6688,12.9453,12.3081,13.7322,23.4327,17.0511,17.1036,14.8656,12.9539,12.6959,12.4423,13.0432,18.1437,18.8894,9.9087,10.4694,12.2542,12.8174,10.9525,9.2379,8.7050,13.4959,11.7235,11.6629,10.0681,17.1845,26.6313,23.8357,13.5840,10.7909,12.7506,10.9201,19.6476,14.9100,20.8213,11.7665,18.2413,25.6743,25.7818,22.6843,9.9456,13.1944,14.3931,13.9814,13.8491,12.1813,12.4775,21.1795,17.1357,18.1061,23.8779,25.6387,19.2056,23.3092,15.0819,25.6045,16.5546,14.9737,17.6470,14.4600,17.3026,12.5495,13.9012,19.2109,17.1900,17.4174,10.6999,17.9823,14.1961,18.2339,20.0880,23.1294,21.3898,24.9288,18.8005,11.3802,13.7328,14.2534,14.8618,15.5326,20.5583,17.6557,16.7501,19.4112,15.1804,14.8059,13.3624,14.5434,12.5816,12.9800,14.2764,9.6205,10.3687,15.2772,11.2000,10.3359,10.3365,9.1117,8.7719,7.4690,7.5865,9.1741,10.4487,8.4607,8.5631,8.2097,15.5040,10.8944,11.1965,12.9453,13.6492,8.8067,13.4725,8.2950,10.2533,9.0645,5.4029,7.0299,7.7902,10.2110,9.9891,10.6300,7.5627,8.4687,7.2262,14.4045,13.1129,9.4126,9.6150,13.7057,8.9766,13.3167,9.3602,9.4989,9.6453,9.7962,9.9530,10.1140,10.2828,10.4560,10.6365,10.8211,11.0108,11.2040,11.4024,11.6044,11.8100,12.0186,12.2299,12.4436,12.6593,12.8767,13.0951,13.3149,13.5345,13.7542,13.9737,14.1919,14.4092,14.6244,14.8378,15.0486,15.2564,15.4609,15.6617,15.8584,16.0508,16.2387,16.4210,16.5989,16.7714,16.9389,17.1013,17.2585,17.4107,17.5577,17.6998,17.8376,17.9703,18.0958,18.2070,18.2964
45110.0416667,20.3765,25.8074,25.6624,25.4235,36.0032,23.9663,27.4604,21.4601,26.5589,21.6001,22.1456,21.9420,17.3795,21.6037,22.3256,21.5084,23.2323,21.7806,17.6325,16.8445,21.4329,16.1525,14.1504,16.3531,15.9175,25.1657,15.1778,13.0458,15.6723,12.2753,12.7251,10.5139,10.0606,11.4643,12.1569,10.6907,13.7529,15.0068,8.3851,14.9186,15.6723,12.8415,9.8409,11.0396,28.2463,18.8055,13.6118,14.5218,10.9951,8.9396,12.7378,15.5854,17.5203,16.4411,7.0597,13.6454,12.9042,14.0383,23.2271,16.9805,16.9447,14.7689,13.4270,13.5048,12.7059,13.6412,18.8696,19.7103,11.0301,11.6120,13.6269,14.4012,12.5886,10.5606,9.1022,14.9803,13.2922,13.4612,11.9136,18.3393,26.8489,24.3050,14.3673,11.2999,13.4808,11.6573,20.3736,15.6008,21.4801,12.2410,19.0073,26.0655,26.1599,23.4123,10.3825,13.8984,15.1007,14.2363,14.3402,12.5510,12.8932,21.4661,17.0741,17.8896,23.8258,25.5706,19.1381,23.2538,14.8265,26.3702,16.3153,14.6735,17.4234,13.9819,16.9702,11.9494,13.4794,19.1704,17.2620,17.4885,10.1347,17.7939,13.8239,18.3652,20.9794,24.3648,22.3327,25.7185,18.9984,10.7607,13.4162,14.0922,15.1497,16.3022,21.7247,18.8957,18.0092,21.2567,16.0967,16.1425,14.5813,16.4240,13.9511,14.3258,16.4508,10.5649,11.7274,17.6483,13.5392,12.3010,12.6114,11.1647,11.2557,10.5104,9.0316,11.1893,12.8692,10.2872,10.2043,9.9636,17.4221,12.8440,12.8146,14.5771,14.8253,10.0465,14.8878,9.7362,12.2020,10.8098,6.3228,8.1699,9.2743,11.8136,11.4782,11.5194,8.3312,9.2359,8.0033,14.8946,13.3609,9.6477,9.7914,13.6590,8.9726,13.2210,9.3884,9.4643,9.5464,9.6325,9.7237,9.8190,9.9209,10.0274,10.1405,10.2581,10.3811,10.5085,10.6416,10.7794,10.9220,11.0691,11.2206,11.3764,11.5363,11.7001,11.8675,12.0389,12.2130,12.3901,12.5703,12.7527,12.9376,13.1241,13.3126,13.5023,13.6931,13.8846,14.0765,14.2685,14.4602,14.6514,14.8413,15.0303,15.2178,15.4037,15.5876,15.7694,15.9488,16.1255,16.2994,16.4705,16.6379,16.7991,16.9458,17.0616
45110.0833333,20.2906,26.9083,26.5863,26.4743,37.7267,24.3937,28.8289,22.5638,28.0818,22.1677,22.9991,23.0295,17.6386,22.7577,24.2211,23.4558,25.6412,24.2604,18.9579,18.3705,24.1118,18.0756,15.4009,18.6092,18.2120,28.1258,17.6912,15.0643,18.8294,14.7688,16.4248,14.4748,14.2403,14.9456,15.5574,13.7082,16.6725,17.7017,10.8130,17.1810,17.7828,14.7430,11.7100,12.7162,28.9507,20.2006,14.6324,14.9567,11.4417,9.1113,12.8746,15.6714,17.4267,16.3854,6.8316,14.3272,13.4151,14.2594,22.9635,16.7983,16.6527,14.4999,13.5858,13.9194,12.6479,13.8394,19.1921,20.1360,11.7160,12.3701,14.6482,15.6499,13.8667,11.5104,9.3100,16.1660,14.5262,14.9271,13.3955,19.2785,26.9899,24.6646,14.9498,11.6248,14.0031,12.1641,20.9387,16.1061,21.9877,12.5425,19.5939,26.3474,26.4286,23.9809,10.6320,14.3885,15.6069,14.3786,14.6721,12.7811,13.1661,21.6772,16.8239,17.5331,23.6065,25.3536,18.9441,23.0471,14.5063,26.9072,16.0299,14.3603,17.1555,13.5574,16.6327,11.4778,13.1103,19.0636,17.2521,17.4877,9.7515,17.6078,13.5275,18.4244,21.6596,25.3335,22.9914,26.2282,18.9699,10.2052,12.9782,13.7164,15.0513,16.5413,22.3020,19.4731,18.5617,22.3248,16.3276,16.6932,15.0177,17.4391,14.5215,14.9098,17.8001,10.8567,12.3776,19.3438,15.1358,13.5851,14.2585,12.6991,13.3238,13.2213,10.2772,13.0579,15.2373,12.0214,11.7662,11.6493,19.5176,14.8494,14.5318,16.3591,16.2072,11.3544,16.4760,11.1945,14.2039,12.5616,7.1755,9.2534,10.7043,13.4519,13.0175,12.5371,9.1824,10.1217,8.8720,15.6492,13.9078,10.1559,10.2615,13.9821,9.3102,13.5113,9.7601,9.7954,9.8355,9.8788,9.9262,9.9770,10.0330,10.0927,10.1576,10.2264,10.2995,10.3764,10.4581,10.5439,10.6338,10.7279,10.8261,10.9283,11.0345,11.1447,11.2587,11.3769,11.4984,11.6237,11.7528,11.8851,12.0210,12.1599,12.3021,12.4473,12.5953,12.7459,12.8990,13.0544,13.2119,13.3714,13.5322,13.6948,13.8587,14.0238,14.1899,14.3568,14.5244,14.6923,14.8604,15.0286,15.1960,15.3602,15.5126,15.6333
45110.1250000,19.5659,27.1603,26.7563,26.7961,38.7448,24.2867,29.5949,23.1621,29.1288,22.3900,23.4669,23.6906,17.6134,23.3402,25.4060,24.6312,27.2239,25.8854,19.5353,19.1320,25.9898,19.2098,15.9857,20.1044,19.7642,30.4793,19.4731,16.3875,21.3111,16.5610,19.4787,17.7961,17.9146,18.0032,18.6606,16.4608,19.5386,20.4865,13.1862,19.6414,20.1686,16.9101,13.7925,14.6908,30.2525,22.1459,16.1793,15.9265,12.3760,9.7816,13.5274,16.2589,17.8217,16.7707,7.0498,15.2636,14.1408,14.6955,22.9320,16.7958,16.5174,14.3507,13.7417,14.2483,12.5582,13.9146,19.3211,20.2938,12.0333,12.7603,15.2892,16.5095,14.7446,12.1119,9.3306,17.0390,15.4322,16.0557,14.5145,19.9598,26.9802,24.8423,15.2877,11.7355,14.2852,12.4284,21.3006,16.4016,22.3099,12.6658,19.9807,26.4852,26.5554,24.3718,10.7204,14.6851,15.9238,14.3988,14.8402,12.8651,13.2852,21.7652,16.3331,16.9644,23.1299,24.8838,18.5212,22.5976,14.0321,27.1409,15.6216,13.9627,16.7780,13.0947,16.2114,11.0121,12.6981,18.8157,17.0845,17.3329,9.3945,17.3343,13.2011,18.3529,22.1060,26.0562,23.4399,26.5558,18.8494,9.7856,12.5890,13.3542,14.8610,16.5820,22.6047,19.7363,18.7705,22.9452,16.2282,16.8076,15.0166,17.8771,14.5814,14.9692,18.4751,10.6925,12.4538,20.3295,15.9768,14.1599,15.1612,13.5320,14.6919,15.2536,11.0107,14.4043,17.1372,13.2894,12.8954,12.9303,21.3966,16.5638,16.0175,17.9659,17.4736,12.4671,17.9897,12.5000,16.1448,14.2692,7.9753,10.2820,12.0855,15.1056,14.5737,13.6205,10.0504,11.0418,9.7434,16.5390,14.5980,10.7629,10.8370,14.4742,9.7636,13.9666,10.2418,10.2481,10.2587,10.2723,10.2895,10.3097,10.3342,10.3619,10.3940,10.4292,10.4681,10.5102,10.5561,10.6055,10.6584,10.7147,10.7745,10.8377,10.9043,10.9744,11.0479,11.1249,11.2051,11.2886,11.3756,11.4656,11.5590,11.6555,11.7551,11.8578,11.9636,12.0722,12.1837,12.2979,12.4149,12.5345,12.6564,12.7809,12.9077,13.0369,13.1682,13.3017,13.4373,13.5747,13.7139,13.8549,13.9968,14.1377,14.2703,14.3756
45110.1666667,18.5923,26.8969,26.4234,26.5902,39.1622,23.7520,29.7660,23.2002,29.5655,22.1390,23.4229,23.8212,17.2341,23.4595,26.0645,25.2958,28.2702,26.9532,19.6764,19.3911,27.2405,19.7551,16.0787,20.9431,20.6481,32.2090,20.5734,17.0713,23.0968,17.6732,21.8357,20.4204,20.9639,20.4850,21.2571,18.7116,22.0365,22.9939,15.1630,21.9002,22.4303,18.9554,15.7210,16.5959,31.8043,24.3367,17.9700,17.2112,13.6058,10.7503,14.5658,17.2815,18.6908,17.6211,7.6483,16.5634,15.2169,15.5044,23.3321,17.1816,16.7590,14.5457,14.1464,14.7611,12.6891,14.1369,19.5260,20.4303,12.1433,12.8965,15.6396,17.0583,15.2973,12.4047,9.1913,17.6149,16.0345,16.8802,15.3263,20.4349,26.8716,24.9014,15.4701,11.7288,14.4143,12.5351,21.5072,16.5403,22.4805,12.6593,20.2002,26.5002,26.5606,24.6028,10.6834,14.8113,16.0725,14.3181,14.8760,12.8360,13.2822,21.7319,15.8582,16.4048,22.5887,24.3209,18.0030,22.0040,13.4487,27.0761,15.0641,13.4337,16.2537,12.5495,15.6768,10.5079,12.2144,18.4216,16.7670,17.0314,9.0160,16.9504,12.8093,18.1318,22.3181,26.5289,23.6764,26.7033,18.6341,9.4254,12.2140,12.9918,14.6111,16.5018,22.7413,19.8355,18.8205,23.3345,16.0299,16.7514,14.8607,18.0401,14.4439,14.8151,18.7832,10.3827,12.2682,20.8608,16.3526,14.3152,15.5581,13.8371,15.4252,16.5738,11.2436,15.1681,18.4454,14.0138,13.5188,13.6949,22.8440,17.8156,17.1016,19.2118,18.4415,13.2471,19.2334,13.4944,17.8240,15.7420,8.5764,11.1493,13.3230,16.6872,16.0817,14.7105,10.8988,11.9654,10.6040,17.5381,15.4098,11.4565,11.5088,15.1246,10.3264,14.5786,10.8268,10.8079,10.7924,10.7796,10.7699,10.7630,10.7599,10.7598,10.7636,10.7705,10.7809,10.7944,10.8116,10.8320,10.8558,10.8829,10.9132,10.9467,10.9835,11.0234,11.0663,11.1126,11.1617,11.2139,11.2691,11.3272,11.3883,11.4522,11.5190,11.5887,11.6611,11.7362,11.8141,11.8946,11.9778,12.0635,12.1517,12.2424,12.3356,12.4312,12.5293,12.6297,12.7324,12.8374,12.9446,13.0541,13.1651,13.2762,13.3816,13.4658
45110.2083333,17.6709,26.4344,25.8865,26.1413,39.2240,23.0375,29.5932,22.9237,29.6123,21.6296,23.0682,23.6016,16.6513,23.1407,26.2073,25.4632,28.8019,27.5257,19.4901,19.3127,28.0227,19.9203,15.9084,21.3610,21.1035,33.4756,21.2055,17.3443,24.3425,18.2841,23.5842,22.4062,23.3936,22.3847,23.3051,20.4199,24.0636,25.0805,16.6445,23.7803,24.3470,20.6442,17.2642,18.1703,33.2906,26.4756,19.7189,18.5114,14.8621,11.7452,15.7225,18.5007,19.8238,18.7492,8.4102,18.1311,16.5869,16.6486,24.1634,17.9723,17.4203,15.1500,14.9114,15.6084,13.1892,14.6945,20.0343,20.7878,12.2724,12.9706,15.8577,17.4266,15.6439,12.5057,8.9781,17.9603,16.3934,17.4404,15.8662,20.7056,26.6397,24.8193,15.4917,11.6069,14.4009,12.5110,21.5816,16.5608,22.5395,12.5782,20.3092,26.4402,26.4949,24.7370,10.6010,14.8524,16.1328,14.1977,14.8437,12.7556,13.2205,21.6428,15.3874,15.8710,22.0396,23.7499,17.4979,21.4122,12.9194,26.8828,14.4981,12.8843,15.6719,11.9836,15.0774,9.9882,11.6792,17.8965,16.3092,16.5873,8.6022,16.4586,12.3515,17.7738,22.3124,26.7652,23.7179,26.6788,18.3294,9.0905,11.8414,12.6251,14.3142,16.3241,22.7334,19.8004,18.7508,23.5495,15.7833,16.6105,14.6525,18.0651,14.2467,14.6013,18.9102,10.0873,12.0271,21.1505,16.4965,14.2853,15.6989,13.8853,15.7808,17.3970,11.1987,15.5229,19.2766,14.3312,13.7585,14.0457,23.8583,18.6184,17.7800,20.0606,19.0608,13.6773,20.1323,14.1383,19.1525,16.8911,8.9379,11.7877,14.3292,18.0854,17.4314,15.6926,11.6305,12.7940,11.3682,18.5355,16.2317,12.1340,12.1778,15.8302,10.9034,15.2594,11.4433,11.4122,11.3833,11.3561,11.3310,11.3077,11.2869,11.2683,11.2524,11.2388,11.2278,11.2191,11.2132,11.2099,11.2093,11.2115,11.2165,11.2243,11.2349,11.2485,11.2648,11.2843,11.3065,11.3316,11.3597,11.3906,11.4244,11.4610,11.5005,11.5427,11.5877,11.6354,11.6858,11.7388,11.7944,11.8525,11.9130,11.9761,12.0416,12.1096,12.1799,12.2526,12.3276,12.4049,12.4844,12.5662,12.6499,12.7341,12.8146,12.8791
45110.2500000,16.3519,25.3402,24.7098,24.9981,38.4019,21.6223,28.5913,22.1123,29.0489,20.6390,22.1890,22.8410,15.7066,22.3831,25.7866,25.0375,28.6316,27.3702,18.7581,18.7061,28.0670,19.4824,15.2816,21.1711,20.9446,33.9487,21.1143,17.0516,24.8773,18.3276,24.6425,23.6819,25.0949,23.5534,24.5936,21.3775,25.3030,26.3705,17.3644,24.8708,25.4461,21.4921,17.9746,18.9361,34.1014,27.9585,20.8575,19.2418,15.6174,12.2572,16.4288,19.3101,20.5793,19.4927,8.7514,19.4231,17.7478,17.6037,24.8208,18.5449,17.8772,15.5812,15.5567,16.4044,13.7101,15.3023,20.6076,21.1850,12.4885,13.0828,15.9923,17.6181,15.7748,12.4314,8.6647,17.9743,16.3625,17.5368,15.8932,20.4085,25.8031,24.0524,14.8142,10.8523,13.7348,11.8802,21.0048,15.9567,21.9574,11.9227,19.7697,25.7366,25.7893,24.2468,10.0388,14.4069,15.7087,13.6203,14.3282,12.2242,12.7093,21.0776,14.5285,14.9544,21.0382,22.7090,16.5647,20.4038,12.1395,26.3291,13.7533,12.2078,14.9120,11.2600,14.2669,9.2942,10.9502,17.0737,15.5288,15.8077,7.9969,15.6855,11.6580,17.0853,21.8678,26.5007,23.2733,26.1448,17.6167,8.5040,11.2240,12.0328,13.7699,15.8503,22.3461,19.4028,18.3366,23.3451,15.2473,16.1764,14.2136,17.7750,13.8098,14.1505,18.6851,9.6378,11.6109,21.0685,16.2794,13.9465,15.4971,13.6611,15.7907,17.7931,10.9251,15.4794,19.5733,14.1724,13.5427,13.9024,24.2485,18.7611,17.7955,20.1962,18.9807,13.4355,20.3203,14.1261,19.8147,17.4454,8.8920,11.9649,14.8531,18.9952,18.2971,16.2268,11.9255,13.1903,11.7014,19.0961,16.5825,12.3010,12.3182,16.0070,10.9192,15.3964,11.5173,11.5063,11.4931,11.4774,11.4598,11.4403,11.4200,11.3988,11.3775,11.3561,11.3353,11.3150,11.2959,11.2780,11.2615,11.2466,11.2334,11.2221,11.2127,11.2053,11.1999,11.1968,11.1958,11.1971,11.2007,11.2065,11.2147,11.2252,11.2382,11.2536,11.2713,11.2915,11.3141,11.3392,11.3667,11.3965,11.4288,11.4634,11.5005,11.5399,11.5817,11.6258,11.6723,11.7210,11.7721,11.8254,11.8806,11.9370,11.9912,12.0336
45110.2916667,14.5449,23.5169,22.7760,22.9852,36.4994,19.2778,26.3485,19.7288,26.8293,18.1858,19.7732,20.5161,13.4237,20.2428,23.9233,23.2489,27.0875,25.8579,16.8884,16.9628,26.8035,17.8210,13.5907,19.7472,19.5515,33.0435,19.6430,15.4476,23.9629,17.0530,24.2773,23.5186,25.3698,23.4044,24.5450,21.0290,25.2004,26.2447,16.6416,24.5122,24.9738,20.7525,17.0050,18.0044,33.3368,27.6873,20.2921,18.4796,14.9270,11.4337,15.8146,18.7855,20.0299,18.9242,7.8491,19.2755,17.5482,17.2727,24.3018,17.8847,17.1103,14.7518,14.8368,15.8361,12.9968,14.7339,20.2010,20.7708,12.3118,12.9688,15.8971,17.4460,15.4473,11.9025,8.0538,17.4587,15.6743,16.8483,14.9816,19.1190,24.0557,22.2086,12.9702,8.9497,11.6894,9.8550,18.8504,13.7437,19.6619,9.7095,17.4637,23.2754,23.3403,21.9406,7.8929,12.2807,13.6229,11.5294,12.2400,10.1785,10.7070,18.9409,12.4694,12.8466,18.7956,20.3847,14.3549,18.1735,10.2414,24.5836,12.0334,10.6881,13.3857,9.8264,12.7203,7.9361,9.4928,15.4559,13.9115,14.1731,6.6478,14.0985,10.1828,15.5496,20.4010,25.1327,21.7439,24.5213,15.8542,7.0315,9.6855,10.5271,12.3048,14.4125,20.9403,18.0088,16.9682,22.1187,13.7981,14.8032,12.8986,16.6067,12.5778,12.9372,17.6179,8.5113,10.5036,20.1733,15.2388,12.8151,14.4569,12.6683,15.0384,17.3623,10.1098,14.8055,19.1277,13.3645,12.5287,12.8536,23.6194,17.8103,16.7187,19.1797,17.8024,12.0854,19.2349,12.8714,19.0759,16.6819,7.8157,11.0712,14.2667,18.8144,18.0877,15.7875,11.2615,12.5962,11.0339,18.6368,15.9548,11.4391,11.3491,15.0333,9.7838,14.2636,10.2356,10.2308,10.2238,10.2146,10.2040,10.1915,10.1789,10.1654,10.1519,10.1381,10.1243,10.1104,10.0967,10.0831,10.0691,10.0550,10.0406,10.0260,10.0109,9.9957,9.9802,9.9648,9.9493,9.9327,9.9185,9.9047,9.8918,9.8797,9.8684,9.8583,9.8497,9.8423,9.8364,9.8332,9.8294,9.8276,9.8272,9.8284,9.8311,9.8359,9.8416,9.8486,9.8571,9.8653,9.8639,9.8723,9.8794,9.8873,9.8939,9.8993
45110.3333333,11.1042,19.9823,19.3649,19.5889,33.2493,15.9595,23.0190,16.3214,23.5292,14.9135,16.4503,17.1974,10.3151,16.8753,20.6574,20.0381,23.9140,22.5496,13.5441,13.8117,24.0387,14.8882,10.8755,17.1390,16.9375,30.8650,17.0295,12.7945,21.7849,14.6010,22.4454,21.7672,23.7827,21.3204,22.6578,19.1026,23.6681,24.7533,14.6916,22.9612,23.3028,18.9192,14.9433,16.0007,31.5403,25.9924,18.3506,16.4505,12.9320,9.4961,13.9429,16.8220,17.9175,16.7106,5.6592,17.4500,15.7901,15.5231,22.5333,16.0022,15.1136,12.7199,12.8307,13.9499,11.1515,12.8059,18.1802,18.7898,11.0661,12.2128,15.3470,16.8611,14.7134,10.9884,7.2865,16.6475,14.6579,15.8298,13.7010,17.5290,22.2089,20.1723,10.8884,6.9065,9.2048,7.4821,16.1785,11.0247,16.7148,7.0543,14.3615,19.9047,19.9059,18.4507,4.8339,8.9936,10.3283,8.4254,9.0063,7.0347,7.5187,15.4340,8.9712,9.3722,14.9771,16.5229,10.7176,14.4991,7.1023,21.3229,9.0849,7.9495,10.7484,7.4034,10.1592,5.7249,6.9964,12.8160,11.3535,11.6693,4.6471,11.7151,7.8393,13.1108,17.9201,22.7655,19.2892,22.0354,13.3149,5.0106,7.5046,8.2928,9.9561,11.9923,18.2905,15.4460,14.4890,19.6630,11.3612,12.3032,10.5472,14.4244,10.4653,10.8893,15.6479,6.7179,8.6866,18.4580,13.4401,10.9949,12.6660,10.9371,13.4898,16.0287,8.7542,13.5224,18.0084,12.0227,10.9740,11.1439,22.4426,15.9931,14.9007,17.3309,16.0103,10.0725,17.2249,10.7497,17.0671,14.7312,5.8186,9.0204,12.3253,17.2365,16.4997,14.3430,9.4716,10.8951,9.3211,17.0799,14.5967,9.7857,9.5069,13.1485,7.7473,12.0584,7.6281,7.6891,7.7434,7.7914,7.8323,7.8655,7.8940,7.9179,7.9358,7.9483,7.9560,7.9582,7.9564,7.9512,7.9420,7.9306,7.9168,7.9059,7.8849,7.8653,7.8441,7.8211,7.7968,7.7720,7.7465,7.7201,7.6928,7.6646,7.6355,7.6054,7.5746,7.5426,7.5100,7.4761,7.4413,7.4050,7.3604,7.2605,7.1908,7.1097,7.0290,6.9519,6.8792,6.8082,6.7400,6.6744,6.6119,6.5533,6.4944,6.4500
45110.3750000,3.5894,12.1117,11.9920,12.4100,26.1594,9.3885,16.4271,10.3672,17.8118,9.6419,11.2401,12.1753,5.9757,11.9850,15.8035,15.3851,19.9010,17.8860,9.3291,9.1296,19.3701,10.0287,6.4582,12.7302,12.5733,26.6264,12.5788,8.6117,17.9423,10.8052,18.9566,18.4192,20.8839,17.6076,18.2851,14.2096,19.1691,20.8278,10.8132,19.4233,19.6149,15.3075,11.2394,12.4265,27.9674,22.5562,14.8642,12.9883,9.6664,6.5375,11.2712,13.4691,14.4237,12.5289,2.0090,13.4178,11.5814,11.4517,18.1625,11.6713,11.4807,8.4057,8.5322,9.8792,7.6689,9.1523,15.0761,15.0286,7.5607,9.9436,13.3591,14.9672,13.0751,9.1249,5.8845,14.8582,12.6933,13.8192,11.4250,14.8284,19.4452,17.1612,7.8312,4.8598,5.8820,4.3845,12.5691,7.4236,12.5993,3.5597,9.8243,14.8191,15.1125,13.7831,0.3945,4.0569,5.3794,3.8936,4.1896,2.9725,2.6885,10.3313,3.1397,4.1745,9.3439,10.5914,4.4386,8.5738,1.8163,15.9149,4.2162,3.3140,6.0980,3.2055,6.1525,2.3045,2.8378,8.2833,7.0197,7.3908,1.2892,8.3248,4.3420,9.3121,13.9161,18.8745,15.3982,18.0348,9.4419,2.1029,4.4539,5.2930,6.9256,8.9215,14.4630,11.6845,10.7906,16.3573,8.0656,8.5175,6.9556,10.8383,7.0230,7.5513,12.3491,3.9782,5.8867,15.5156,10.4381,8.0797,9.6917,8.2447,11.0201,13.7095,6.7710,11.4674,16.0226,9.8409,8.7016,8.6319,20.9654,13.1783,12.2710,14.2822,13.0961,7.3164,13.8275,7.8459,13.7456,11.3696,2.7508,5.7066,8.8000,14.2607,13.1049,11.6453,6.3310,7.7432,6.2012,14.1349,12.3882,7.4587,7.0815,10.7667,5.4574,9.3639,4.2181,4.2578,4.2964,4.3360,4.3749,4.4106,4.4482,4.4857,4.5221,4.5571,4.5908,4.6220,4.6509,4.6771,4.6994,4.7175,4.7324,4.7417,4.7469,4.7472,4.7429,4.7335,4.7193,4.7008,4.6779,4.6507,4.6193,4.5813,4.5180,4.3704,4.2560,4.1526,4.0475,3.9469,3.8404,3.7388,3.6367,3.5377,3.4352,3.3295,3.2209,3.1099,2.9986,2.8857,2.7726,2.6592,2.5465,2.4362,2.3229,2.2390
45110.4166667,-5.3838,2.0859,2.4225,2.9310,17.7489,-0.1833,6.3023,1.0861,8.8467,0.3157,1.9917,3.2460,-1.6173,3.7885,7.9086,8.1736,13.6757,11.0263,3.9432,3.2330,13.6602,4.8733,1.8824,7.8520,7.6512,21.6881,5.9449,2.2349,11.2177,3.7238,11.3805,11.6102,15.1394,11.8451,12.2775,7.6554,11.3253,12.3501,3.0177,12.7220,11.1799,7.8777,4.1454,5.6985,22.9639,15.5506,7.4686,6.3491,3.8975,1.5086,7.1134,8.6012,9.1738,7.1732,-3.3426,7.2323,5.0118,5.7435,11.9937,3.8381,4.8713,0.8695,1.1723,2.8630,1.6716,2.8492,9.8224,9.6382,2.0281,5.9578,9.9365,10.6818,9.6291,5.6772,3.2133,12.7538,8.7537,11.3557,6.4174,9.3561,16.3200,12.9964,1.4710,0.2291,-0.8286,-1.6028,6.2078,1.3452,6.1498,-1.2194,3.9654,7.5484,7.5724,5.6153,-6.7738,-4.4265,-2.6891,-3.1951,-3.0465,-2.6124,-3.9665,4.1913,-4.3381,-2.3637,2.1307,2.7290,-3.4933,-0.2623,-5.9020,7.8813,-2.8707,-3.2218,-0.5348,-2.5229,1.0567,-2.1501,-2.8370,1.9973,1.6697,1.2354,-4.3674,2.3610,-1.7402,3.4807,6.4678,11.6477,8.1170,10.8733,2.2107,-4.2408,-1.7265,-0.9248,0.8559,2.9627,8.0690,4.9428,4.9217,11.4283,3.4615,3.0131,1.7368,5.9533,2.3651,2.2427,7.0298,-0.9081,1.2217,10.3213,5.1127,1.8090,4.2106,2.7900,6.2226,9.3828,3.1456,7.7026,13.4782,5.8264,5.6975,4.0416,17.7733,9.5832,8.5409,8.6737,8.8399,2.8089,8.4318,3.5198,8.6480,6.4238,-1.2902,1.4093,3.8352,9.8405,8.4740,7.5597,1.4433,3.6829,1.2322,10.4052,8.3037,3.2558,2.7050,6.3806,1.3416,4.7235,-1.2834,-0.9727,-0.6811,-0.4088,-0.1588,0.0637,0.2652,0.4418,0.5930,0.7196,0.8230,0.9047,0.9675,1.0139,1.0457,1.0651,1.0702,1.0151,0.7292,0.5222,0.3487,0.1718,-0.0208,-0.1800,-0.3501,-0.5163,-0.6699,-0.8229,-0.9755,-1.1198,-1.2628,-1.3943,-1.5197,-1.6356,-1.7507,-1.8580,-1.9619,-2.0607,-2.1594,-2.2585,-2.3584,-2.4592,-2.5601,-2.6623,-2.7655,-2.8700,-2.9755,-3.0809,-3.1963,-3.2823
45110.4583333,-16.2773,-10.5726,-9.1301,-8.4117,8.3714,-10.7906,-5.0378,-8.8372,0.7075,-8.4958,-7.9744,-7.3149,-10.5330,-6.7865,-3.8934,-2.7331,5.5908,2.0451,-1.8955,-3.6780,5.2426,-3.0989,-5.0346,0.8416,1.2761,17.7601,-0.1578,-3.7891,6.7310,-1.6204,6.4124,4.9087,9.8387,6.9730,7.1210,1.6966,5.0789,3.3700,-7.0000,4.5317,2.4801,-3.2731,-6.8847,-4.9120,16.1747,7.4181,-1.5744,-2.1773,-4.0089,-5.0988,2.5845,4.3300,4.8782,3.7826,-6.3407,2.1265,-1.6123,1.6389,7.5147,-3.5003,-0.9074,-6.4785,-6.6923,-5.0215,-3.9285,-3.8515,3.2291,3.1091,-4.6580,0.3032,6.9139,6.1858,6.3170,1.0485,-0.4283,10.5568,4.0327,9.3895,1.8462,5.1924,16.1347,11.6897,-2.1344,-1.8844,-5.3256,-5.4012,0.4782,-5.2532,2.2390,-4.8217,-0.2750,3.2512,3.1175,0.2935,-10.6664,-11.1866,-10.1535,-9.6699,-10.2431,-7.9356,-10.7344,-2.8953,-13.3993,-10.0097,-5.4330,-4.7016,-10.2201,-9.0996,-14.0886,-0.6798,-9.7614,-9.4950,-7.7378,-9.7142,-5.0487,-7.0232,-9.5148,-5.8241,-4.4135,-4.5186,-9.6607,-3.2584,-8.1257,-2.7436,-2.3883,4.6670,1.3433,4.7020,-3.7849,-9.6558,-7.3326,-6.7565,-4.6510,-2.0140,3.1259,-2.7232,-3.7146,4.0097,-2.2660,-2.3144,-5.1189,0.0513,-2.9327,-4.2976,1.5318,-6.2191,-3.5325,6.6335,1.3551,-2.7131,0.2998,-2.8022,-0.6561,3.2032,-1.7819,2.6868,9.3292,0.8884,1.6255,-1.1777,14.5437,6.7239,5.3310,3.9909,4.9402,-0.4728,5.4218,0.0012,3.7893,1.5836,-5.2274,-3.0465,-1.8607,5.1304,3.8811,3.9889,-3.0992,0.2826,-3.2374,7.8509,5.7020,0.8527,0.2791,3.9907,-0.6225,1.5587,-5.8327,-6.2727,-6.6143,-6.8438,-6.9624,-6.9877,-6.9314,-6.8218,-6.5608,-6.2971,-6.0526,-5.8198,-5.6496,-5.5181,-5.3988,-5.3059,-5.2328,-5.1770,-5.1375,-5.1153,-5.0958,-5.0956,-5.1254,-5.1520,-5.2069,-5.2788,-5.3596,-5.4557,-5.5652,-5.6806,-5.8050,-5.9298,-6.0570,-6.1831,-6.3127,-6.4397,-6.5662,-6.6900,-6.8140,-6.9377,-7.0608,-7.1831,-7.3035,-7.4226,-7.5399,-7.6555,-7.7691,-7.8795,-7.9991,-8.0798
45110.5000000,-24.9164,-21.8588,-18.6789,-17.4745,-3.3257,-21.9896,-19.5372,-23.7322,-12.5961,-18.9057,-18.7857,-19.9735,-21.6629,-18.4709,-16.7089,-17.9688,-9.7275,-13.4854,-16.2786,-17.4979,-7.0138,-15.8340,-15.4933,-10.2663,-7.9268,8.6034,-7.9420,-12.8882,-1.2001,-9.8471,-0.4659,-2.7394,3.6087,1.5188,2.8413,-2.1780,1.4434,-0.5848,-12.2484,-0.2929,-3.3290,-10.9077,-16.8878,-15.0814,8.6682,-3.0206,-12.4557,-12.9601,-15.9683,-16.8484,-9.0274,-6.4475,-4.6958,-5.7138,-14.2333,-6.7497,-7.8352,-1.3065,4.4487,-6.3389,-4.9867,-11.6272,-15.0304,-13.5470,-11.7275,-11.0900,-2.6247,-2.7189,-12.2921,-6.9592,-0.3054,-2.1872,-0.6996,-4.0425,-4.3143,7.4469,0.4424,6.4442,-4.3293,-1.5259,14.1043,8.3188,-5.2157,-6.7301,-13.2255,-12.2841,-3.6104,-11.5291,-2.1545,-8.7810,-5.0186,-1.6003,-1.9181,-5.7774,-15.8176,-18.3217,-17.4330,-14.6538,-18.3213,-16.3098,-17.8378,-11.4661,-20.2891,-17.3557,-13.4486,-13.0350,-17.8747,-17.1261,-22.1368,-10.7668,-18.7079,-18.1003,-14.2678,-16.6636,-12.4600,-12.9664,-17.1932,-12.0021,-10.9361,-11.2117,-15.9205,-10.4161,-13.9351,-10.0506,-9.5112,-4.5149,-7.4305,-3.1742,-10.7975,-14.0832,-12.6226,-13.2716,-12.4205,-9.8600,-3.5379,-8.6015,-9.3325,-3.0335,-9.6245,-9.4553,-11.3290,-6.5748,-8.9297,-9.8809,-4.9145,-12.3184,-9.5044,0.9968,-6.5803,-8.9542,-6.5487,-7.9750,-5.3349,-2.8822,-5.6502,0.7234,5.5208,-1.4224,-3.3305,-6.6156,8.7685,0.5047,-1.5861,-3.3128,-1.6618,-5.8658,-1.2165,-6.5556,-3.6890,-5.1629,-10.0085,-8.2893,-7.9414,-1.0287,-1.9766,-0.4655,-8.3049,-3.7915,-7.2282,4.0398,1.8653,-2.6908,-3.2309,0.5720,-3.4611,-2.0676,-8.3790,-8.8243,-9.2590,-9.6835,-10.0991,-10.5122,-10.9112,-11.2980,-11.5810,-11.8430,-12.0797,-12.2711,-12.4446,-12.5803,-12.6607,-12.6987,-12.6940,-12.6489,-12.5677,-12.4564,-12.3107,-12.1487,-11.9850,-11.8030,-11.6316,-11.4685,-11.3136,-11.1756,-11.0564,-10.9534,-10.8704,-10.8023,-10.7512,-10.7147,-10.6958,-10.6900,-10.6982,-10.7182,-10.7511,-10.7961,-10.8519,-10.9173,-10.9907,-11.0715,-11.1583,-11.2502,-11.3459,-11.4436,-11.5572,-11.6337
45110.5416667,-31.2690,-30.2011,-23.7924,-20.6285,-6.3252,-20.9579,-20.3512,-28.1706,-17.4365,-20.6837,-20.9723,-23.0039,-24.1322,-23.0181,-22.4860,-24.2688,-17.9650,-21.6642,-23.2678,-25.4950,-16.0568,-25.9794,-24.2039,-23.6533,-18.3923,-1.1058,-15.1556,-20.6955,-8.3714,-17.7913,-6.7574,-10.3857,-3.3559,-1.0451,1.5855,-2.9368,1.4554,-0.4098,-13.9169,-0.6246,-2.5526,-8.7921,-17.8587,-17.4381,7.5157,-7.3125,-15.8551,-15.3112,-19.8751,-20.9600,-13.0268,-11.9119,-10.5276,-10.7373,-18.2186,-17.3505,-18.1309,-7.8247,0.9985,-7.9333,-6.2485,-11.6248,-18.7609,-18.4548,-16.4504,-14.9546,-6.5940,-6.3844,-18.6050,-12.2384,-4.1771,-5.7607,-8.1323,-11.1998,-9.9446,3.4358,-1.8975,5.2560,-6.2535,-2.8153,18.1625,12.6141,0.2070,-1.5735,-11.8613,-10.9458,-2.2882,-12.1322,-1.9857,-7.7109,-4.1322,-0.3062,-0.4559,-5.2651,-13.5853,-16.6370,-16.0751,-10.7906,-15.8822,-14.7461,-16.7511,-12.9926,-21.3031,-18.9322,-15.8041,-15.6658,-19.8119,-20.3076,-26.3334,-18.0287,-23.8710,-23.2366,-18.0845,-18.8333,-15.9142,-14.7468,-21.4026,-15.6901,-14.9075,-14.2744,-17.8306,-14.8601,-17.3316,-14.8873,-13.7553,-9.0986,-11.7666,-6.8674,-13.7050,-14.8843,-14.9392,-15.5623,-17.5016,-16.3693,-7.9298,-12.6625,-12.9414,-6.6195,-11.6401,-12.2999,-13.8284,-9.8153,-11.4774,-12.3310,-8.2624,-13.7246,-12.6386,-2.8558,-12.5158,-14.2013,-11.4216,-13.9559,-11.5891,-10.6723,-10.7524,-2.4937,2.2645,-2.1848,-3.8280,-7.6297,8.0156,0.5984,-0.6702,-1.1859,1.7806,-2.7916,-0.2650,-6.2735,-6.6415,-8.9337,-12.0258,-12.0592,-11.9991,-5.8996,-6.5991,-4.0145,-11.6885,-6.9927,-9.1445,2.1861,0.7228,-2.9902,-3.1703,0.9097,-2.1922,-1.3257,-6.5796,-6.9073,-7.2532,-7.6119,-7.9793,-8.3578,-8.7315,-9.1022,-9.4043,-9.6972,-9.9793,-10.2386,-10.4971,-10.7431,-10.9661,-11.1760,-11.3726,-11.5561,-11.7270,-11.8857,-12.0245,-12.1507,-12.2691,-12.3621,-12.4449,-12.5115,-12.5580,-12.5879,-12.6012,-12.5952,-12.5734,-12.5334,-12.4788,-12.4104,-12.3336,-12.2484,-12.1589,-12.0669,-11.9767,-11.8906,-11.8107,-11.7387,-11.6756,-11.6228,-11.5809,-11.5502,-11.5307,-11.5211,-11.5376,-11.5270
45110.5833333,-34.8271,-34.6822,-30.6171,-27.3191,-16.4345,-28.6518,-29.7465,-33.6374,-24.1854,-24.9969,-25.6209,-27.4177,-26.1810,-25.9197,-25.9759,-27.3014,-22.3246,-25.5961,-25.3142,-27.5829,-20.9316,-30.0749,-25.4462,-29.4584,-24.1130,-10.0188,-23.7185,-26.4537,-15.8494,-23.9533,-15.0055,-17.4568,-10.3657,-6.2972,-4.1434,-8.0036,-3.0873,-3.8669,-15.8301,-2.1617,-4.0822,-9.2784,-18.8479,-18.3275,6.4844,-9.3002,-16.2496,-15.2637,-19.8292,-20.2660,-14.0824,-14.4083,-13.5278,-13.4300,-18.5125,-21.6454,-21.6211,-12.6455,-2.7497,-11.7632,-10.6989,-15.1759,-22.8636,-21.9536,-18.2793,-14.6594,-9.0331,-10.2194,-22.7614,-16.3952,-8.8411,-10.1202,-11.4241,-15.8068,-12.9642,-2.4889,-7.5630,-2.6552,-12.3220,-8.5335,13.5776,7.4814,-4.2860,-5.9932,-16.5769,-13.2157,-4.9894,-13.0149,-3.7946,-8.5537,-5.2914,-1.3613,-1.2300,-6.0741,-12.3866,-14.8412,-14.3111,-7.8083,-13.7583,-12.8926,-14.4874,-12.1836,-20.7909,-18.9161,-16.7923,-17.1153,-20.5615,-21.7097,-26.0620,-21.6996,-25.3527,-24.7780,-20.0502,-20.2438,-19.2054,-17.0301,-24.6665,-20.0988,-21.0485,-17.5556,-18.0627,-17.1723,-18.6622,-17.9333,-19.6911,-14.3798,-15.9307,-10.6271,-16.1150,-14.6644,-16.1264,-15.5684,-17.8785,-17.3765,-9.5746,-15.2183,-17.3889,-10.9309,-14.1276,-14.7075,-15.3308,-11.3199,-11.4652,-12.2084,-9.7597,-13.1169,-12.3359,-3.8913,-14.6441,-15.4521,-12.9551,-16.1827,-15.0381,-15.7319,-13.4138,-6.4926,-3.5608,-6.7083,-8.2646,-12.5169,2.2667,-4.7954,-5.6391,-5.5057,-1.7080,-6.0731,-3.4978,-8.8539,-8.8836,-10.2694,-11.0518,-12.4039,-13.1830,-8.7067,-9.8242,-6.7026,-12.7215,-9.8071,-11.5606,-1.3876,-2.9281,-6.3436,-6.6338,-2.7995,-5.4177,-4.9282,-9.2841,-9.2834,-9.2684,-9.2444,-9.2179,-9.2024,-9.1904,-9.1929,-9.1698,-9.1677,-9.1886,-9.2257,-9.2944,-9.3854,-9.4892,-9.6101,-9.7448,-9.8905,-10.0447,-10.2051,-10.3641,-10.5253,-10.6909,-10.8475,-11.0052,-11.1595,-11.3069,-11.4497,-11.5871,-11.7164,-11.8389,-11.9514,-12.0548,-12.1476,-12.2316,-12.3046,-12.3671,-12.4183,-12.4594,-12.4902,-12.5109,-12.5217,-12.5227,-12.5148,-12.4986,-12.4752,-12.4456,-12.4115,-12.3986,-12.3668
45110.6250000,-33.5049,-30.7369,-26.3054,-26.9801,-12.7032,-22.4595,-26.7537,-34.6304,-25.1239,-23.9328,-25.4970,-28.6473,-27.4035,-28.8451,-29.4807,-30.7560,-27.6319,-30.5601,-28.5179,-30.7882,-25.0385,-34.2845,-27.2005,-29.8577,-26.5500,-12.6661,-28.2292,-29.6414,-20.2310,-27.7215,-22.9325,-25.4262,-18.9268,-11.0778,-6.6582,-8.4831,-4.0142,-6.0089,-19.6748,-4.6636,-6.3443,-10.0681,-21.5131,-18.6582,3.7809,-14.2860,-19.6484,-16.7865,-21.6418,-18.2359,-14.6381,-16.3318,-15.7714,-14.9859,-19.3306,-27.0300,-26.5678,-18.6744,-4.6377,-12.6761,-11.7498,-15.6439,-26.1229,-26.3737,-22.6928,-19.5297,-11.0737,-10.4646,-26.2410,-19.6468,-10.9165,-12.2784,-13.3096,-16.6217,-9.0728,-2.8731,-7.6613,-6.9871,-15.7834,-6.3923,13.6328,6.5379,-5.0377,-6.9648,-15.8947,-14.5971,-8.4032,-15.8841,-8.3688,-12.7511,-9.9686,-5.5299,-4.7668,-9.5083,-15.6449,-15.5335,-13.3969,-5.0587,-12.4703,-12.4108,-14.1940,-13.0349,-19.7201,-17.9937,-15.9836,-16.8997,-20.1680,-21.7959,-26.2966,-25.0389,-26.9101,-26.1877,-20.5811,-19.6864,-19.6086,-16.2450,-22.7039,-20.6797,-25.0917,-22.7256,-19.0926,-19.2751,-19.6210,-20.3116,-22.0029,-19.4728,-21.0342,-15.3299,-19.8870,-18.0664,-18.5103,-20.4382,-22.3676,-21.9275,-11.8521,-17.1429,-18.7158,-13.7807,-15.5726,-16.6534,-16.4215,-15.7182,-15.0696,-13.2543,-10.7122,-14.0030,-13.7938,-3.3876,-15.5223,-15.2361,-12.1334,-15.0750,-15.3823,-18.7081,-12.4458,-6.6524,-5.3389,-7.0777,-8.7266,-14.2733,0.1246,-8.5024,-6.6088,-6.0307,-1.2604,-5.9837,-5.0294,-13.3036,-12.5445,-13.7417,-13.0321,-14.4988,-15.4608,-11.7200,-12.6342,-8.2505,-12.6989,-10.8585,-12.1387,-2.4100,-3.8495,-6.8614,-7.2217,-3.6207,-5.7102,-6.1208,-9.9604,-10.1572,-10.3486,-10.5320,-10.7054,-10.8741,-11.0231,-11.1565,-11.2417,-11.3087,-11.3574,-11.3828,-11.3974,-11.3973,-11.3793,-11.3511,-11.3154,-11.2751,-11.2336,-11.1941,-11.1556,-11.1246,-11.1057,-11.0922,-11.0932,-11.1066,-11.1311,-11.1681,-11.2171,-11.2756,-11.3437,-11.4182,-11.4987,-11.5831,-11.6714,-11.7609,-11.8513,-11.9408,-12.0293,-12.1159,-12.1997,-12.2801,-12.3561,-12.4275,-12.4937,-12.5542,-12.6088,-12.6566,-12.7172,-12.7373
45110.6666667,-28.2840,-28.5413,-24.1921,-24.3792,-6.2384,-15.6092,-16.2647,-25.5886,-16.8803,-13.9710,-14.6696,-16.7348,-14.2188,-17.5213,-20.8377,-21.2363,-18.2537,-21.5832,-19.2254,-23.9966,-19.6446,-28.3871,-22.8515,-25.6808,-25.8333,-11.9949,-27.7529,-28.4584,-22.9465,-27.4578,-26.0916,-28.6940,-23.2894,-15.3054,-10.9639,-9.8111,-3.9632,-3.5060,-14.9880,0.7621,3.2096,-1.6582,-9.6990,-5.4454,14.4172,-7.3589,-13.1527,-9.9483,-16.2490,-12.9371,-9.2716,-11.0173,-10.7939,-9.8104,-12.7842,-25.7575,-26.0779,-19.5057,-2.8074,-9.3179,-7.3105,-10.9577,-21.7209,-23.7143,-20.6585,-20.1414,-14.4833,-10.6842,-25.8094,-19.1257,-11.2393,-12.7231,-14.1490,-15.1497,-7.1258,-2.5685,-4.2329,-4.8173,-11.4604,2.1134,22.1621,16.1376,3.1411,2.2326,-2.0357,-3.1643,4.5969,-2.0758,4.4227,-0.2587,1.5805,5.9538,5.4739,-1.2846,-9.4591,-11.9012,-10.5543,-1.7135,-7.2963,-4.8620,-6.6086,-3.6392,-10.8302,-10.6199,-7.2947,-7.8952,-12.2076,-12.6586,-17.6963,-20.2192,-21.6253,-21.7317,-17.6584,-15.9102,-14.6194,-12.1815,-17.2391,-14.8596,-20.2725,-19.2231,-14.6336,-15.5989,-16.9403,-18.1638,-18.3120,-16.1612,-17.7354,-12.3062,-16.2975,-14.4032,-16.5377,-18.7563,-22.5653,-23.4454,-13.1627,-17.7224,-18.3909,-14.2243,-15.5387,-17.2168,-16.1403,-16.0781,-15.0174,-11.5334,-9.0438,-11.4293,-12.6713,-2.5286,-15.1179,-14.5803,-13.1109,-13.9039,-13.4413,-16.8014,-9.0679,-5.2293,-1.9345,-2.7637,-3.7057,-9.2176,4.8471,-4.5233,-1.0876,0.1844,5.5273,-0.4663,0.3765,-9.4795,-9.5867,-11.7660,-9.5552,-12.3256,-13.5305,-10.4611,-11.2745,-6.1791,-9.2941,-8.8905,-9.9481,0.7331,-0.1237,-2.5030,-2.6106,1.0310,-0.5303,-1.0764,-4.3647,-4.5350,-4.7330,-4.9514,-5.1825,-5.4259,-5.6616,-5.8908,-6.0874,-6.2710,-6.4405,-6.5920,-6.7340,-6.8634,-6.9773,-7.0800,-7.1718,-7.2532,-7.3247,-7.3866,-7.4363,-7.4770,-7.5108,-7.5321,-7.5472,-7.5551,-7.5552,-7.5502,-7.5411,-7.5282,-7.5135,-7.4972,-7.4812,-7.4662,-7.4544,-7.4459,-7.4421,-7.4432,-7.4504,-7.4639,-7.4838,-7.5101,-7.5422,-7.5800,-7.6227,-7.6698,-7.7201,-7.7714,-7.8391,-7.8582
45110.7083333,-24.1623,-26.8711,-22.7742,-22.8298,-7.0967,-13.6843,-14.6932,-21.1960,-12.8213,-9.7358,-10.2864,-11.6937,-8.4947,-11.7196,-14.4983,-13.8870,-10.6685,-12.3927,-8.6140,-11.8340,-9.5542,-15.6200,-10.4430,-14.5494,-15.2622,-3.8897,-17.7287,-18.1739,-17.4360,-21.1632,-23.5059,-27.2819,-24.3672,-17.0988,-13.3385,-11.9638,-5.3858,-4.1039,-13.6773,-0.2624,2.2107,-1.2383,-7.2941,-2.7382,19.3001,1.5723,-2.7973,1.0948,-4.5177,-1.4090,0.8154,-0.1963,-0.0441,-0.1854,-1.6913,-15.9019,-16.8866,-11.8138,3.1732,-3.6539,-2.2706,-5.4655,-14.6827,-16.8687,-12.7462,-13.7047,-9.6782,-7.3381,-22.3044,-17.7271,-11.8191,-11.9363,-13.5662,-14.1373,-6.6594,-2.6470,-4.1153,-4.1108,-8.7500,4.6881,23.9128,18.8647,6.1734,5.2888,3.4960,2.2534,11.2221,5.9786,12.8054,7.7219,10.6364,16.8522,17.4321,11.5727,3.9727,1.8542,2.6111,9.5411,4.5009,5.6860,3.7987,6.5281,-2.0329,-1.2598,1.6406,1.3596,-3.0557,-3.0147,-6.8388,-10.3942,-10.5798,-11.4265,-9.2827,-7.6409,-7.7432,-5.2534,-9.9509,-9.6048,-14.0995,-13.7094,-8.6872,-10.6882,-11.6052,-13.1360,-14.4823,-12.0754,-12.4703,-7.0021,-9.5464,-6.6991,-9.1739,-10.9019,-15.0826,-17.0543,-9.5610,-13.7853,-14.4256,-11.6480,-11.7393,-13.6254,-13.4499,-13.9157,-12.8674,-10.1567,-9.4313,-9.6730,-10.9523,-3.1575,-13.0686,-12.0045,-11.2263,-11.6069,-11.7359,-14.6639,-6.3724,-3.3970,-0.6083,-1.4421,-1.7701,-5.2837,7.4102,-0.3686,2.8892,4.6644,9.5885,3.2112,5.3006,-3.1770,-3.5763,-5.3954,-3.1888,-5.8841,-8.1635,-5.8268,-6.5097,-1.7195,-3.9100,-3.7868,-4.9557,4.5230,4.0419,2.0351,2.0907,5.6300,4.1536,4.2902,1.4916,1.6181,1.7320,1.8324,1.9180,1.9804,2.0320,2.0656,2.0962,2.1079,2.1007,2.0774,2.0332,1.9721,1.8983,1.8112,1.7133,1.6068,1.4943,1.3778,1.2616,1.1456,1.0303,0.9212,0.8154,0.7153,0.6220,0.5352,0.4550,0.3822,0.3161,0.2576,0.2061,0.1616,0.1230,0.0908,0.0642,0.0428,0.0259,0.0127,0.0027,-0.0047,-0.0102,-0.0145,-0.0182,-0.0220,-0.0262,-0.0303,-0.0531,-0.0372
45110.7500000,-16.7229,-21.3896,-18.2995,-18.8485,-6.4998,-11.2718,-13.3664,-18.1610,-11.8069,-8.5251,-9.2064,-10.3760,-7.0734,-9.5890,-11.9805,-11.0179,-7.9799,-8.8611,-4.9175,-6.9187,-5.1804,-9.3272,-4.4984,-7.9449,-8.1544,2.1351,-9.2769,-8.9920,-9.6233,-11.9682,-16.2100,-20.4562,-19.7804,-13.9899,-11.8996,-11.2332,-6.1626,-4.9343,-12.9331,-1.6553,0.5070,-2.2522,-7.1877,-3.2142,19.1045,3.3037,0.1407,4.4539,0.2808,3.0076,5.4463,5.6342,6.7161,6.2907,4.3397,-6.9818,-7.5378,-3.2664,9.7328,3.3476,4.2873,1.2510,-6.8972,-9.4095,-5.6776,-7.1959,-4.3368,-3.3685,-16.9737,-14.3563,-10.4421,-10.9934,-12.4656,-12.6580,-5.8456,-3.5130,-4.6915,-4.5005,-8.2517,4.6721,21.7667,17.4114,5.5417,4.4613,3.7070,2.6240,11.7728,7.2162,13.9116,8.5496,12.5065,20.0267,20.6014,15.6635,7.8413,7.3702,8.5654,14.0997,10.4822,11.2344,10.2271,14.3061,5.4500,6.3594,8.9334,9.1560,4.7398,4.9536,0.9827,-2.2511,-2.3378,-3.0583,-1.5770,-0.2378,-0.5864,1.3836,-2.4452,-2.7631,-6.5144,-6.5748,-2.4427,-4.5721,-5.8672,-7.9064,-9.8945,-8.1896,-8.2644,-3.1717,-5.4736,-2.7032,-4.6702,-5.7788,-9.0598,-11.0750,-5.4205,-9.2602,-9.8686,-8.2270,-7.7673,-9.7939,-9.4890,-10.4786,-9.1825,-7.1715,-7.7211,-6.7868,-8.3343,-3.3461,-11.0663,-10.0650,-10.0745,-10.2075,-10.7382,-13.5073,-5.3183,-3.8608,-1.6766,-2.1061,-1.9534,-4.2441,7.3330,-0.0249,2.9060,5.0570,9.4050,3.3715,6.7705,-0.7173,-0.6653,-1.7082,0.0371,-1.3043,-3.2499,-1.3458,-1.8444,2.4913,0.4065,0.3463,-1.0358,7.1456,7.0384,4.7507,4.6297,7.9580,5.9648,6.6676,3.6129,3.9196,4.2152,4.4982,4.7456,4.9452,5.1059,5.1965,5.2332,5.1853,5.0289,4.9401,4.9305,4.9695,5.0346,5.1086,5.1825,5.2511,5.3113,5.3614,5.4016,5.4301,5.4458,5.4515,5.4448,5.4270,5.3993,5.3619,5.3157,5.2624,5.2026,5.1383,5.0703,5.0001,4.9285,4.8568,4.7859,4.7167,4.6498,4.5857,4.5249,4.4679,4.4148,4.3659,4.3212,4.2807,4.2446,4.2134,4.1677,4.1625
45110.7916667,-8.4139,-13.8844,-11.6789,-12.6358,-3.0956,-6.6981,-9.5179,-13.2404,-8.9227,-5.8007,-6.7779,-8.1047,-5.2431,-7.4248,-10.0017,-9.3023,-6.9414,-7.4659,-3.7307,-5.1950,-3.9583,-6.9572,-2.8926,-5.7033,-5.6572,3.5366,-5.9529,-5.1593,-5.7430,-6.7013,-10.5808,-14.2726,-14.0440,-8.7734,-7.3731,-7.0399,-3.4546,-2.0950,-9.0515,-0.2244,1.0175,-1.6305,-5.9658,-2.8923,18.3260,3.1143,0.2836,4.3554,0.9603,3.0480,5.6336,6.5240,8.8897,8.4066,5.3666,-2.4296,-2.5136,1.4260,13.2089,7.4622,8.3941,5.8241,-0.7748,-3.0166,0.2714,-1.2240,1.6928,1.7865,-11.1971,-9.9753,-7.5781,-8.6386,-10.0651,-10.2577,-4.2844,-3.4617,-4.6242,-4.4503,-7.6428,3.5874,19.1925,15.2917,4.4479,3.3210,2.9364,2.0626,10.5531,6.3267,12.6750,7.0710,11.6211,19.0695,19.8677,15.6348,7.3492,8.0808,9.4338,13.6588,11.1062,11.3742,11.0133,16.7322,9.1382,10.2724,13.1580,13.6541,9.4959,10.8253,6.8313,5.3010,4.4506,3.3144,4.4226,5.0233,4.7965,5.8308,2.9520,2.7738,-0.3752,-0.5651,2.1557,0.8564,-0.1810,-2.0388,-4.0905,-3.2511,-3.4846,1.3923,-1.1675,0.6969,-0.9222,-2.0937,-4.8056,-6.6410,-1.9431,-4.8197,-5.1671,-4.0822,-3.4798,-5.8462,-5.7517,-7.1142,-5.9399,-4.2373,-5.4803,-4.0568,-5.5497,-2.5116,-8.4625,-7.4603,-7.9501,-8.0754,-9.1330,-12.0398,-4.4933,-3.8815,-2.3822,-2.5332,-2.1212,-3.8880,6.1906,-0.2388,2.3553,4.2874,7.9127,2.6397,6.3915,0.0274,0.2634,-0.1133,0.8195,0.5577,-0.7100,1.2805,1.1197,5.3727,3.4025,3.6630,2.3675,9.7389,10.1611,7.7405,7.7101,11.1323,8.6435,9.9105,6.1995,6.2727,6.3584,6.4619,6.5805,6.7067,6.8584,7.0196,7.2072,7.4017,7.6080,7.8168,8.0283,8.2346,8.4333,8.6191,8.7850,8.9243,9.0321,9.1042,9.1382,9.1308,9.0833,8.9927,8.8647,8.7013,8.5116,8.3592,8.2504,8.1784,8.1346,8.1116,8.1024,8.1013,8.1036,8.1063,8.1067,8.1036,8.0957,8.0827,8.0645,8.0412,8.0132,7.9812,7.9456,7.9071,7.8667,7.8261,7.7696,7.7529
45110.8333333,1.3484,-3.9801,-2.7093,-4.0527,3.2658,-0.0087,-3.3038,-6.5997,-3.9868,-1.4086,-2.6547,-4.2061,-1.9901,-3.9214,-6.7119,-6.4876,-5.0591,-5.7960,-2.5842,-3.9208,-3.3318,-5.5257,-2.2717,-4.7200,-4.6620,3.1614,-4.7765,-3.8890,-4.5761,-4.8178,-8.1948,-11.1002,-10.7676,-5.6020,-4.2644,-3.6568,-0.6155,0.6292,-4.8646,2.4815,3.4249,1.0353,-2.6648,-0.3641,18.3269,4.0860,1.2020,4.5320,1.4373,2.8358,5.1851,6.1456,8.3760,8.0630,4.2897,-0.7386,-0.4842,3.0688,13.8947,8.7042,9.6433,7.4795,2.2477,0.5382,3.3329,2.3413,5.6075,5.9924,-5.3284,-4.9962,-3.6709,-5.0753,-6.5380,-6.9502,-1.9920,-2.1544,-3.3693,-3.4330,-6.2026,3.3034,17.2007,13.6630,3.8217,2.6920,2.4732,1.6963,9.2461,5.3085,11.1192,5.5529,10.1864,17.1885,18.0264,14.3173,5.8242,7.1447,8.4920,11.5732,9.8135,9.6895,9.6878,15.9397,10.6792,11.7033,15.0109,15.7032,11.6845,13.3837,9.4042,10.1764,8.9885,8.1247,9.3360,9.2251,9.4627,9.2916,7.4990,7.8828,5.1355,4.7991,5.6748,5.3923,4.1303,2.7153,0.7780,1.3027,0.9858,5.0852,2.6530,3.4586,2.5497,1.6515,-0.4299,-2.0561,1.3228,-1.1958,-1.3591,-0.3961,0.2576,-1.7052,-1.6883,-3.0372,-2.0718,-0.9148,-2.3179,-1.0361,-2.4179,-0.6968,-5.3856,-4.5675,-5.4057,-5.6382,-7.0293,-9.9466,-3.3093,-3.2989,-2.3751,-2.3128,-1.6686,-3.1165,5.0769,-0.3259,1.7989,3.4983,6.4248,1.9474,5.4057,0.1857,0.5555,0.4096,0.8879,1.3300,0.5870,2.5154,2.5550,6.1050,4.1861,4.6571,3.6943,10.5663,10.9396,8.5048,8.6934,12.2859,9.4525,11.5768,7.9932,8.1196,8.2393,8.3561,8.4647,8.5638,8.6679,8.7664,8.8735,8.9776,9.0856,9.1943,9.3076,9.4237,9.5460,9.6726,9.8041,9.9406,10.0814,10.2272,10.3765,10.5279,10.6814,10.8326,10.9818,11.1238,11.2591,11.3821,11.4927,11.5872,11.6634,11.7198,11.7551,11.7689,11.7612,11.7332,11.6857,11.6233,11.5494,11.4690,11.3871,11.3084,11.2359,11.1712,11.1152,11.0685,11.0290,10.9951,10.9540,10.9471
45110.8750000,9.7137,5.7810,6.6116,5.3491,11.7514,8.2205,5.3879,1.8414,3.6128,5.4059,4.1502,2.5124,3.7493,2.1106,-0.8024,-1.1794,-0.6400,-1.7735,0.6320,-0.8563,-0.8117,-2.5852,-0.2456,-2.5081,-2.6182,3.9540,-2.7871,-2.1261,-3.1213,-3.1794,-6.4584,-8.9165,-8.7079,-3.8448,-2.4900,-1.6609,1.2179,2.6340,-1.7544,4.8521,5.9182,3.9146,0.8609,2.7609,19.6330,6.7098,3.8069,6.4063,3.4565,4.2150,6.3306,7.2512,9.1496,8.8175,4.5007,1.1883,1.2906,4.2906,14.1663,9.3992,10.2696,8.3693,4.2048,2.8709,5.0391,4.4670,7.8339,8.6508,-0.6274,-0.4127,0.5904,-0.7017,-2.0493,-2.6834,1.1434,0.8223,-0.3453,-0.5354,-2.8692,5.2949,17.6767,14.5788,5.6652,4.4813,4.4179,3.6098,10.2804,6.5488,11.7730,6.2327,10.7268,17.1571,17.8627,14.4841,5.8681,7.3561,8.5468,10.6743,9.4683,9.0115,9.1301,15.3893,12.0361,12.9348,16.5982,17.4568,13.4492,15.3469,10.8973,13.4108,11.1651,10.4042,11.9153,11.2132,12.1494,10.9009,10.2434,11.7118,9.5055,9.3530,8.5047,9.7756,8.2221,7.6677,6.1977,6.5761,6.0218,9.4561,6.8021,6.1397,5.8118,5.0817,3.5478,2.2622,4.9774,2.7403,2.4844,3.2635,3.4980,1.9311,1.8068,0.7443,1.4374,2.2268,1.1599,1.9143,0.9253,2.2135,-1.4784,-0.8504,-1.7720,-2.2218,-3.8579,-6.7972,-1.2521,-1.5380,-0.9827,-0.7984,-0.0862,-1.2382,5.4423,0.9798,2.6669,4.1829,6.5073,2.6980,5.7500,1.3239,1.5662,1.2946,1.2756,2.0260,1.6272,3.4509,3.5941,6.3822,4.5485,5.1504,4.3917,10.8093,10.9481,8.4906,8.7962,12.4186,9.3230,12.0850,8.7196,8.9052,9.0844,9.2600,9.4287,9.5892,9.7525,9.9107,10.0733,10.2316,10.3896,10.5440,10.6968,10.8460,10.9930,11.1362,11.2756,11.4114,11.5435,11.6729,11.7995,11.9236,12.0466,12.1673,12.2877,12.4062,12.5253,12.6433,12.7620,12.8806,12.9991,13.1174,13.2351,13.3518,13.4665,13.5787,13.6867,13.7905,13.8886,13.9801,14.0638,14.1387,14.2041,14.2592,14.3035,14.3376,14.3609,14.3737,14.3673,14.3762
45110.9166667,14.6450,12.7016,13.2779,12.2263,18.4761,14.0416,12.3358,8.6020,10.4085,11.2216,10.3259,9.0114,9.2578,8.6790,6.1952,5.5222,5.5872,4.1217,5.4831,3.9264,3.7450,1.9614,3.3390,1.3918,1.0035,6.3470,0.3142,0.6284,-0.5990,-0.7369,-3.9853,-6.2749,-6.4798,-2.2790,-1.1888,-0.4275,2.1001,3.5033,-0.0963,5.9412,7.0780,5.3283,2.8058,4.5008,20.1975,8.9434,6.2245,8.3247,5.7342,5.9287,8.0344,9.0387,10.6673,10.2723,5.4081,3.8341,3.7556,6.1449,14.9365,10.3106,10.9247,9.1186,5.8231,4.8093,6.3230,6.0590,9.3412,10.3277,2.6623,2.9789,3.9220,2.9020,1.7598,1.2336,3.8486,4.0364,2.9539,2.7049,0.6849,7.6503,18.5449,15.7600,7.5159,6.1750,6.4231,5.6184,11.8347,8.2971,13.1704,7.5709,12.0979,18.0283,18.6177,15.6096,6.8733,8.6004,9.6545,10.9320,10.1140,9.3632,9.5026,15.6437,13.2461,13.9728,17.8580,18.7744,14.6699,16.8069,11.9366,16.0052,12.5255,11.6620,13.3335,11.9895,13.3993,11.1754,11.2821,13.6701,11.7824,11.7757,9.3991,12.2993,10.4778,11.0937,10.4884,11.2017,10.5436,13.5699,10.5725,8.3803,8.7946,8.3548,7.4035,6.5165,8.9061,6.7359,6.2891,6.9964,6.5187,5.2872,4.9464,4.2249,4.4500,4.9463,4.3031,4.1459,3.6180,5.0081,1.9221,2.2937,1.5459,1.0918,-0.3495,-2.9848,1.2750,0.9803,1.3010,1.3426,1.9329,1.0034,6.5749,2.7352,3.9618,5.2738,7.0182,3.6589,6.4840,2.6338,2.9783,2.6278,2.1214,2.9992,2.8521,4.4951,4.5706,6.6056,4.7471,5.3738,4.6771,10.6020,10.4072,7.8600,8.1555,11.6595,8.3480,11.4776,8.2784,8.5011,8.7244,8.9491,9.1714,9.3894,9.6097,9.8259,10.0440,10.2572,10.4681,10.6742,10.8767,11.0741,11.2677,11.4563,11.6400,11.8191,11.9933,12.1635,12.3295,12.4913,12.6497,12.8036,12.9542,13.1001,13.2429,13.3813,13.5164,13.6479,13.7758,13.9004,14.0219,14.1404,14.2563,14.3697,14.4805,14.5896,14.6970,14.8029,14.9075,15.0108,15.1131,15.2140,15.3135,15.4118,15.5080,15.6004,15.6777,15.7486
45110.9583333,16.8517,17.0628,17.5272,16.7959,23.4832,17.8073,17.4275,13.2360,15.4193,15.0818,14.6166,13.6745,12.7619,13.6517,11.9804,11.3297,11.5616,10.1199,10.3361,8.9659,9.3211,7.1970,7.6211,6.4111,5.8550,10.6163,4.8140,4.5726,3.4107,2.8043,-0.2957,-2.5667,-3.2510,0.1466,0.8599,1.3132,3.3873,4.5360,1.2752,6.6762,7.7436,6.0755,3.8688,5.3536,20.0468,10.1890,7.5389,9.2441,6.9608,6.6837,8.9934,10.2666,11.8387,11.4942,6.0368,6.3107,6.1480,8.0920,16.0873,11.5610,11.9514,10.1721,7.5447,6.7644,7.6101,7.5579,10.7101,11.6568,4.8565,5.2745,6.3422,5.6692,4.6867,4.1255,5.5988,6.7624,5.7940,5.6339,3.8813,9.9554,19.6207,17.1184,9.3286,7.7153,8.2896,7.4007,13.4061,9.9287,14.5630,8.7441,13.4245,18.9687,19.4668,16.7833,7.7654,9.7901,10.7902,11.4057,10.9263,9.9559,10.1482,16.2973,13.9190,14.5647,18.7261,19.7271,15.4965,17.8255,12.4909,18.0039,13.2889,12.2994,14.1516,12.2845,14.0819,11.1119,11.7334,14.8989,13.1965,13.2451,9.4773,13.6144,11.4030,13.0131,13.2860,14.4530,13.6869,16.5301,13.0778,9.4067,10.5511,10.4714,10.1805,9.8661,12.4432,10.3744,9.8408,10.7742,9.4237,8.5044,7.8817,7.6097,7.2515,7.5313,7.4143,6.0632,5.9446,7.8618,5.0696,5.1033,4.5486,3.9237,2.8046,0.6425,3.5180,3.5734,3.9518,3.7043,4.0904,3.3747,8.3803,4.9448,5.7768,6.9727,8.2236,5.0920,7.8160,4.2449,4.7290,4.1945,3.0337,3.9799,4.0836,5.6521,5.6487,7.0446,5.1238,5.7523,5.0601,10.6002,10.1198,7.5127,7.7620,11.0921,7.6676,10.9216,7.8255,8.0033,8.1845,8.3702,8.5581,8.7469,8.9417,9.1382,9.3406,9.5445,9.7514,9.9594,10.1693,10.3797,10.5911,10.8021,11.0125,11.2217,11.4291,11.6348,11.8381,12.0386,12.2363,12.4303,12.6209,12.8071,12.9897,13.1675,13.3413,13.5108,13.6759,13.8367,13.9932,14.1456,14.2939,14.4382,14.5784,14.7151,14.8482,14.9778,15.1043,15.2276,15.3481,15.4657,15.5806,15.6933,15.8033,15.9093,16.0021,16.0820
45111.0000000,18.2795,20.3510,20.5478,19.9844,27.2403,20.0428,20.9003,16.4171,19.1236,17.5488,17.4918,16.8997,14.8103,17.3965,16.5760,15.9309,16.5074,15.1371,14.0611,12.9885,14.3976,11.6624,11.1974,11.1208,10.5738,15.4984,9.5705,8.7982,8.3405,7.1394,4.6305,2.3633,1.3056,3.8413,4.1679,4.1821,5.8318,6.6377,3.3992,8.3174,9.1778,7.4279,5.3438,6.5676,20.2290,11.3727,8.5717,10.0188,7.8069,7.0760,9.5384,11.0059,12.5155,12.2062,6.1740,8.1829,7.9861,9.6121,17.0877,12.6792,12.9573,11.2469,9.2438,8.7542,9.0308,9.2296,12.3606,13.2307,6.5959,6.9657,8.1673,7.8047,6.9019,6.1918,6.6282,8.9095,8.0342,8.0336,6.4869,11.9084,20.5536,18.3233,10.8349,8.9659,9.9136,8.9458,15.0056,11.5363,16.0848,9.9523,14.9118,20.1714,20.5965,18.2006,8.7607,11.1071,12.0778,12.1276,11.9125,10.7374,10.9692,17.1772,14.4248,14.9862,19.3919,20.4570,16.0694,18.6723,12.8786,19.6931,13.7964,12.6721,14.6765,12.3895,14.4851,10.9621,11.9342,15.7447,14.1675,14.2640,9.4184,14.4908,11.9149,14.3368,15.3790,16.9476,15.9595,18.6513,14.6315,9.6676,11.3569,11.5554,11.8189,12.0479,15.0423,13.0593,12.5212,13.9385,11.6881,11.1717,10.3445,10.6743,9.7365,9.9326,10.4672,7.8190,8.1228,10.8460,8.0980,7.7453,7.4332,6.5831,5.8182,4.1308,5.5205,6.0676,6.6486,5.9286,6.2115,5.6759,10.5366,7.3046,7.7778,8.9358,9.7476,6.6656,9.5101,6.0331,6.8520,6.1278,4.1857,5.3372,5.6633,7.2056,7.0715,7.8801,5.8279,6.4483,5.7162,10.9874,10.2537,7.5915,7.7929,10.9608,7.4780,10.7789,7.7719,7.9096,8.0512,8.1972,8.3459,8.4963,8.6519,8.8097,8.9728,9.1380,9.3065,9.4773,9.6510,9.8268,10.0054,10.1858,10.3682,10.5524,10.7381,10.9254,11.1140,11.3036,11.4942,11.6851,11.8766,12.0675,12.2585,12.4484,12.6376,12.8255,13.0118,13.1963,13.3786,13.5587,13.7361,13.9109,14.0824,14.2510,14.4164,14.5786,14.7374,14.8928,15.0449,15.1936,15.3388,15.4809,15.6192,15.7523,15.8714,15.9686
45111.0416667,17.8508,21.5675,21.5665,21.1546,29.0941,20.3366,22.4246,17.4873,20.8141,18.0317,18.3593,18.1132,14.9948,18.7277,18.8732,18.3948,19.5707,18.3886,16.0367,15.3409,18.0122,14.4598,13.1640,14.3169,13.8182,19.2992,12.9008,11.6238,12.3289,10.5234,9.1355,7.0148,5.9165,7.6924,7.7636,7.3290,8.6844,9.1555,5.7074,10.1175,10.7270,8.8015,6.7194,7.6887,20.4061,12.3702,9.3324,10.3006,8.1671,7.0437,9.6047,11.1943,12.5903,12.2414,5.7576,9.1489,8.8500,10.1364,17.1222,12.7579,12.9320,11.2874,9.8369,9.6600,9.4901,10.0026,13.3326,14.2318,7.9521,8.2805,9.5438,9.3386,8.3698,7.4341,6.9531,10.2082,9.3132,9.3940,7.8991,12.6898,20.3635,18.3123,10.9984,8.8432,10.1243,9.1014,15.3239,11.8420,16.4006,9.9610,15.2560,20.3392,20.7501,18.6862,8.8569,11.5844,12.5836,12.1473,12.1661,10.8439,11.1445,17.4772,14.1438,14.6505,19.2634,20.3909,15.8797,18.6594,12.6026,20.6726,13.7861,12.6206,14.7151,12.0919,14.3828,10.4586,11.6563,15.9348,14.4142,14.5378,8.9613,14.6985,11.8378,14.9081,16.5902,18.5199,17.2618,19.7990,15.1992,9.2641,11.3199,11.7247,12.4055,13.0605,16.4675,14.4820,13.9112,15.8363,12.6933,12.5630,11.5829,12.5423,11.0754,11.2876,12.5386,8.6805,9.4374,13.1203,10.2666,9.5422,9.5579,8.5917,8.3022,7.1531,7.0488,8.1360,8.9956,7.6702,7.6795,7.3074,12.2882,9.0369,9.1758,10.3165,10.7075,7.5472,10.6598,7.1641,8.5096,7.6643,4.9393,6.3133,6.9760,8.6352,8.3940,8.6714,6.4431,7.0695,6.2655,11.3384,10.3351,7.5805,7.7054,10.6944,7.1493,10.4257,7.4749,7.5635,7.6578,7.7580,7.8626,7.9708,8.0851,8.2030,8.3266,8.4534,8.5842,8.7181,8.8554,8.9955,9.1388,9.2846,9.4329,9.5835,9.7363,9.8913,10.0483,10.2071,10.3678,10.5299,10.6937,10.8585,11.0247,11.1916,11.3597,11.5285,11.6979,11.8678,12.0381,12.2086,12.3791,12.5496,12.7196,12.8893,13.0584,13.2267,13.3940,13.5603,13.7252,13.8887,14.0504,14.2104,14.3679,14.5209,14.6605,14.7711
45111.0833333,17.3039,22.3204,22.1366,21.8668,30.5074,20.3609,23.4040,18.0503,21.8038,17.9313,18.4908,18.4075,14.3518,19.0839,19.9172,19.3960,21.0141,19.9124,16.3050,15.8921,19.9454,15.5667,13.5742,15.9379,15.5617,21.9918,14.9475,13.1405,15.1452,12.6183,12.5867,10.7390,9.8902,11.0468,11.0918,10.2642,11.6143,11.9101,8.0616,12.2814,12.6956,10.5543,8.3967,9.1494,21.0235,13.5234,10.1243,10.6299,8.4078,6.9686,9.5753,11.2114,12.4672,12.0660,5.2922,9.6644,9.2136,10.2058,16.7707,12.4153,12.4567,10.8176,9.7583,9.7952,9.2060,9.9411,13.4478,14.4544,8.6125,9.0826,10.5652,10.6044,9.5747,8.2603,7.0704,11.1910,10.2320,10.4292,8.9718,13.2919,20.1470,18.2353,11.0417,8.6432,10.1140,8.9651,15.2244,11.6572,16.1475,9.4288,14.9153,19.8147,20.1762,18.3456,8.1972,11.1645,12.1956,11.4292,11.6423,10.2305,10.5937,17.0343,13.3154,13.7869,18.5514,19.7359,15.1408,18.0762,11.7909,20.8559,13.1457,11.9770,14.1934,11.3836,13.8360,9.7090,11.0540,15.6945,14.2441,14.3938,8.3155,14.4449,11.3702,14.9190,17.1749,19.4358,17.8960,20.3209,15.1843,8.5837,10.8123,11.3315,12.3042,13.3061,17.1332,15.1108,14.4888,16.8837,12.9241,13.0680,11.9261,13.4336,11.5044,11.7436,13.6651,8.7685,9.8741,14.5634,11.5788,10.5534,10.8951,9.8108,10.0304,9.4948,8.0484,9.7632,11.0463,9.1240,8.9380,8.6900,14.0167,10.6766,10.5427,11.7233,11.7651,8.4474,11.8199,8.1532,9.9335,8.8707,5.3369,6.8957,7.8801,9.7476,9.4437,9.2939,6.9018,7.5723,6.7166,11.7306,10.5295,7.7146,7.7954,10.6549,7.0910,10.3149,7.4087,7.4414,7.4782,7.5199,7.5658,7.6157,7.6716,7.7322,7.7992,7.8712,7.9488,8.0314,8.1193,8.2120,8.3097,8.4119,8.5184,8.6289,8.7432,8.8612,8.9825,9.1070,9.2345,9.3646,9.4973,9.6321,9.7693,9.9081,10.0490,10.1914,10.3353,10.4807,10.6272,10.7750,10.9238,11.0735,11.2239,11.3751,11.5270,11.6793,11.8322,11.9854,12.1388,12.2924,12.4460,12.5994,12.7521,12.9022,13.0412,13.1513
45111.1250000,16.7029,22.7395,22.4444,22.3336,31.7021,20.3739,24.2853,18.6202,22.8363,18.0763,18.8497,18.9187,14.1561,19.5822,20.9621,20.3310,22.2525,21.0972,16.3300,15.9980,21.1904,15.9985,13.4158,16.7044,16.3987,23.8559,16.0869,13.7882,17.1120,13.8486,15.2398,13.7031,13.2632,13.8663,14.0249,12.8386,14.4187,14.7134,10.3464,14.5062,14.8969,12.5982,10.3694,11.0397,22.3907,15.4161,11.6288,11.5629,9.2159,7.4994,10.1388,11.7884,12.8899,12.4150,5.4121,10.5158,9.8747,10.5964,16.7899,12.4307,12.3438,10.6925,9.9188,10.1011,9.1380,10.0013,13.5700,14.5335,8.8209,9.4107,11.1614,11.5072,10.4845,8.9036,7.1745,12.1168,11.1473,11.5123,10.1166,14.1060,20.3059,18.5560,11.4773,8.8710,10.5198,9.2906,15.6246,11.9966,16.4426,9.5074,15.1174,19.8172,20.0924,18.4092,8.0135,11.0673,12.0707,11.0431,11.3604,9.8581,10.2189,16.6557,12.5589,12.9824,17.8148,19.0373,14.4085,17.3581,10.9605,20.7395,12.3832,11.2001,13.4829,10.5871,13.1213,8.9391,10.3530,15.2270,13.8623,14.0583,7.7333,14.0683,10.8905,14.7949,17.5579,20.1468,18.3569,20.7086,15.1081,8.0958,10.3760,10.9462,12.0990,13.3491,17.5346,15.4550,14.7778,17.5930,12.9321,13.2811,12.0002,13.9476,11.6345,11.8888,14.3629,8.6425,9.9699,15.5375,12.3980,11.1223,11.7505,10.5575,11.2351,11.2842,8.6610,10.9745,12.7443,10.2530,9.9100,9.8223,15.6912,12.2206,11.8982,13.1994,12.9682,9.4661,13.2019,9.3216,11.5934,10.3034,5.9732,7.6192,8.8674,10.9508,10.5709,10.0411,7.4690,8.1889,7.2803,12.3336,10.9760,8.1055,8.1706,10.9658,7.3874,10.6069,7.7395,7.7490,7.7613,7.7767,7.7946,7.8151,7.8392,7.8662,7.8973,7.9315,7.9692,8.0103,8.0551,8.1033,8.1554,8.2110,8.2705,8.3337,8.4006,8.4715,8.5462,8.6248,8.7074,8.7936,8.8837,8.9773,9.0746,9.1752,9.2793,9.3864,9.4966,9.6097,9.7254,9.8437,9.9643,10.0872,10.2121,10.3389,10.4674,10.5976,10.7293,10.8623,10.9966,11.1320,11.2684,11.4056,11.5431,11.6791,11.8063,11.9075
45111.1666667,15.8263,22.5531,22.1363,22.1133,32.0745,19.7282,24.3530,18.6503,23.3021,17.8075,18.7694,19.0048,13.7727,19.7190,21.6255,20.9670,23.2172,22.0363,16.3143,16.0516,22.1507,16.2151,13.1809,17.1224,16.8189,25.1282,16.5972,13.8672,18.2904,14.3291,16.9871,15.7007,15.7024,15.7877,16.1031,14.5714,16.4784,16.8403,11.8605,16.2939,16.6339,14.1086,11.7416,12.3767,23.5132,17.1760,13.0530,12.4642,10.0714,8.0907,10.8024,12.5085,13.4894,12.9326,5.6873,11.4927,10.6669,11.1180,16.9403,12.5423,12.3278,10.6579,10.1065,10.3995,9.1264,10.0811,13.6778,14.5616,8.8488,9.4448,11.3398,11.8809,10.8255,9.0915,6.9360,12.5441,11.5649,12.0609,10.6754,14.3570,19.9502,18.3305,11.3418,8.6012,10.4139,9.1601,15.6125,11.9587,16.4155,9.3306,15.0765,19.6342,19.8698,18.3716,7.8406,10.9907,11.9823,10.7327,11.1275,9.5710,9.9289,16.3062,12.0255,12.3642,17.1458,18.3353,13.6736,16.5953,10.1707,20.3814,11.5518,10.3673,12.6272,9.7033,12.2226,8.0809,9.4941,14.4390,13.1352,13.3610,7.0156,13.3803,10.1853,14.3179,17.4805,20.3844,18.4027,20.7042,14.7477,7.5564,9.8487,10.4686,11.7449,13.1649,17.6203,15.4804,14.7486,17.9043,12.6611,13.1641,11.7805,14.0530,11.4333,11.6937,14.5888,8.2756,9.7427,15.9801,12.6591,11.1678,12.0343,10.7903,11.8697,12.4369,8.8065,11.5867,13.7912,10.7440,10.3262,10.3735,16.8047,13.1379,12.6429,14.0666,13.5858,9.8885,14.0595,9.9808,12.8717,11.4525,6.4242,8.2754,9.8010,12.1279,11.6651,10.7738,7.9948,8.7571,7.7745,12.8951,11.3617,8.3947,8.4290,11.1737,7.5382,10.7697,7.9071,7.9011,7.8984,7.8989,7.9022,7.9079,7.9167,7.9278,7.9420,7.9583,7.9771,7.9981,8.0215,8.0472,8.0753,8.1058,8.1388,8.1742,8.2122,8.2529,8.2962,8.3423,8.3912,8.4428,8.4973,8.5546,8.6148,8.6779,8.7440,8.8129,8.8849,8.9598,9.0376,9.1184,9.2021,9.2886,9.3780,9.4702,9.5651,9.6627,9.7629,9.8656,9.9708,10.0782,10.1878,10.2994,10.4125,10.5255,10.6324,10.7172
45111.2083333,14.5506,21.7908,21.3479,21.4560,31.9764,18.8611,24.0467,18.3547,23.3566,17.2815,18.3777,18.7234,13.1464,19.4266,21.7674,21.0986,23.6792,22.5188,16.0430,15.8627,22.7806,16.2420,12.9027,17.3505,17.0677,26.1978,16.9562,13.8491,19.1378,14.5052,18.1977,17.0971,17.4811,17.0515,17.5176,15.6274,17.8951,18.3476,12.7022,17.6323,17.9915,15.2537,12.7447,13.3907,24.4683,18.6676,14.1550,13.1840,10.6930,8.4774,11.3245,13.1257,14.0380,13.4305,5.9088,12.4206,11.4323,11.6726,17.2102,12.7661,12.4344,10.7299,10.3437,10.7163,9.1624,10.1742,13.7736,14.5545,8.7681,9.3540,11.3766,12.0919,10.9809,8.9949,6.5584,12.6634,11.6577,12.2990,10.9336,14.3960,19.4854,17.9813,11.0790,8.2455,10.1427,8.8410,15.3301,11.6381,16.0684,8.8791,14.6962,19.1335,19.3390,17.9947,7.3976,10.5960,11.5947,10.2154,10.6852,9.1180,9.4885,15.8144,11.5088,11.8069,16.5389,17.7127,13.0650,15.9289,9.5253,19.9591,10.7874,9.5913,11.7997,8.9137,11.3697,7.3514,8.7094,13.6115,12.3611,12.5851,6.3198,12.5336,9.3632,13.5806,17.0482,20.2098,18.0645,20.3369,14.1188,6.9159,9.1553,9.7977,11.1523,12.7065,17.4014,15.2363,14.4778,17.9262,12.2402,12.8453,11.3867,13.8971,11.0585,11.3169,14.5276,7.8198,9.3387,16.0930,12.6273,10.9771,11.9966,10.6594,12.0236,13.0261,8.6179,11.7748,14.3903,10.8825,10.4182,10.5610,17.5467,13.6938,13.0623,14.6204,13.9424,10.0630,14.6065,10.3013,13.7227,12.1533,6.5029,8.5502,10.3786,13.0254,12.5400,11.3662,8.4092,9.2430,8.2081,13.4722,11.7998,8.7430,8.7623,11.4936,7.7969,11.0466,8.1613,8.1290,8.0990,8.0715,8.0466,8.0242,8.0052,7.9892,7.9768,7.9676,7.9619,7.9595,7.9604,7.9646,7.9719,7.9823,7.9956,8.0117,8.0305,8.0520,8.0760,8.1024,8.1312,8.1623,8.1957,8.2313,8.2691,8.3090,8.3512,8.3955,8.4420,8.4907,8.5416,8.5948,8.6503,8.7080,8.7680,8.8303,8.8950,8.9620,9.0314,9.1032,9.1773,9.2538,9.3325,9.4136,9.4966,9.5804,9.6604,9.7245
45111.2500000,13.2028,20.6398,20.1109,20.2616,31.1121,17.4225,23.0068,17.5289,22.8184,16.3190,17.5309,18.0044,12.2877,18.8017,21.4989,20.8277,23.6572,22.5006,15.4529,15.3670,22.8969,15.8903,12.3859,17.2041,16.9479,26.7437,16.8974,13.6003,19.6384,14.5175,19.1159,18.1794,18.9027,17.9438,18.5029,16.2566,18.8041,19.3103,13.0672,18.4217,18.7796,15.8240,13.1978,13.8857,25.0117,19.7744,14.9237,13.6717,11.1415,8.7206,11.7054,13.5930,14.4378,13.7678,5.9829,13.2277,12.1108,12.1468,17.4013,12.8740,12.4311,10.7187,10.5354,11.0393,9.2663,10.3437,13.9177,14.5258,8.6751,9.2092,11.2656,12.0944,10.9361,8.7934,6.1616,12.5490,11.4925,12.2234,10.8472,14.0470,18.6176,17.1774,10.3764,7.5241,9.5052,8.2315,14.7336,11.0481,15.4489,8.2386,14.0534,18.3468,18.5129,17.3241,6.7997,10.0126,10.9958,9.5026,10.0034,8.4425,8.8093,15.0207,10.7433,11.0012,15.6311,16.7815,12.2069,15.0477,8.8414,19.4023,10.0672,8.9066,11.0053,8.1765,10.5132,6.6539,7.9420,12.6963,11.4844,11.7012,5.6785,11.6399,8.5528,12.7303,16.3728,19.6937,17.3821,19.5792,13.2064,6.1812,8.3451,9.0021,10.3851,11.9999,16.8152,14.6445,13.8813,17.5477,11.5711,12.2827,10.8264,13.4893,10.5216,10.7810,14.1945,7.3067,8.8488,15.9144,12.3272,10.5758,11.7215,10.3618,11.9282,13.2759,8.2794,11.6448,14.5531,10.6463,10.1577,10.3748,17.8156,13.7617,13.0181,14.6759,13.8176,9.7946,14.6875,10.2184,14.1663,12.5014,6.3911,8.5997,10.6588,13.5745,13.0441,11.6090,8.4851,9.3898,8.3117,13.7046,11.8723,8.7037,8.7020,11.4258,7.6548,10.9556,8.0721,8.0641,8.0532,8.0398,8.0240,8.0061,7.9870,7.9668,7.9464,7.9258,7.9057,7.8862,7.8677,7.8505,7.8350,7.8211,7.8093,7.7995,7.7920,7.7870,7.7844,7.7843,7.7870,7.7922,7.8000,7.8105,7.8236,7.8393,7.8575,7.8782,7.9013,7.9268,7.9545,7.9845,8.0167,8.0510,8.0874,8.1258,8.1662,8.2086,8.2529,8.2992,8.3474,8.3975,8.4495,8.5034,8.5589,8.6153,8.6692,8.7114
45111.2916667,11.4088,18.8735,18.3058,18.4557,29.5036,15.4315,21.1391,15.7971,21.2523,14.4882,15.7146,16.2337,10.5086,17.0875,20.0544,19.4380,22.5199,21.4014,13.9908,14.0101,22.0467,14.6626,11.1320,16.1961,15.9789,26.3513,15.9030,12.4540,19.1198,13.6154,19.0468,18.2977,19.4150,18.0479,18.6995,16.1292,18.9262,19.4122,12.5465,18.3111,18.5642,15.3743,12.5434,13.2568,24.5257,19.6371,14.4817,13.0951,10.5736,8.0660,11.2259,13.2065,14.0339,13.3234,5.3245,13.1343,11.9604,11.8767,16.9656,12.3036,11.7451,9.9730,9.8751,10.4938,8.6009,9.7700,13.4418,13.9957,8.2564,8.8476,10.9458,11.7877,10.5127,8.1862,5.5259,12.0136,10.8158,11.5497,10.0535,12.9782,17.1500,15.6397,8.8594,5.9820,7.8452,6.5765,12.9523,9.2401,13.5392,6.4315,12.1006,16.2719,16.4316,15.3378,5.0532,8.2229,9.2263,7.7688,8.2563,6.7486,7.1355,13.1741,9.0885,9.3248,13.8364,14.9334,10.4362,13.2436,7.3019,17.9616,8.6495,7.6442,9.7336,7.0160,9.2348,5.5876,6.7600,11.3345,10.1291,10.3203,4.5842,10.2544,7.2705,11.3511,15.0258,18.4254,15.9574,18.0741,11.5793,4.8670,6.9169,7.5787,8.9722,10.6072,15.4776,13.3073,12.5613,16.3659,10.2008,10.9709,9.5632,12.3691,9.3536,9.6394,13.1876,6.2705,7.8212,15.1050,11.4036,9.5879,10.8142,9.4770,11.2471,12.8875,7.5749,11.0870,14.2052,9.9915,9.4324,9.6042,17.4250,13.1242,12.2783,13.9968,13.0137,8.8212,13.9144,9.2759,13.5916,11.8794,5.5202,7.8822,10.1602,13.3772,12.8150,11.2090,7.9198,8.8638,7.7246,13.2481,11.2961,7.9643,7.8651,10.5488,6.6902,9.9281,6.9449,6.9320,6.9187,6.9053,6.8918,6.8779,6.8648,6.8518,6.8393,6.8271,6.8153,6.8039,6.7926,6.7814,6.7699,6.7583,6.7462,6.7337,6.7207,6.7073,6.6936,6.6798,6.6659,6.6514,6.6383,6.6257,6.6140,6.6033,6.5937,6.5853,6.5783,6.5728,6.5690,6.5675,6.5665,6.5676,6.5705,6.5750,6.5814,6.5897,6.5996,6.6106,6.6234,6.6365,6.6434,6.6571,6.6698,6.6837,6.6954,6.7051
45111.3333333,8.2274,15.6007,15.1951,15.4179,26.7042,12.5970,18.3760,12.9724,18.6952,11.9612,13.2137,13.8093,8.2871,14.4293,17.5855,17.0575,20.2035,18.9817,11.4782,11.6582,20.1304,12.5341,9.1724,14.3580,14.1433,25.1030,14.1458,10.6295,17.8042,11.9823,18.0236,17.3420,18.5817,16.7528,17.6296,15.0027,18.2314,18.7791,11.3867,17.5991,17.7635,14.4355,11.3813,12.1575,23.6828,18.7986,13.3553,11.9130,9.3235,6.8568,10.0612,11.9458,12.6169,11.7901,3.8127,11.9334,10.8237,10.7614,15.8874,11.1273,10.4644,8.6704,8.5866,9.2963,7.4250,8.4898,12.0185,12.5272,7.1518,8.1044,10.3815,11.2486,9.8459,7.3464,4.8632,11.3469,9.9922,10.7430,9.0828,11.8226,15.8244,14.1811,7.3562,4.4885,5.9955,4.8386,11.0191,7.2891,11.4132,4.5622,9.8416,13.8097,13.9116,12.7397,2.8392,5.7989,6.7946,5.5349,5.8880,4.4521,4.7916,10.5465,6.3697,6.6445,10.8773,11.9751,7.6497,10.4568,4.9251,15.4840,6.3592,5.5130,7.7090,5.1840,7.2775,3.9329,4.8344,9.3021,8.1797,8.4280,3.1249,8.4433,5.4705,9.4698,13.0909,16.6044,14.0580,16.1623,9.6053,3.3516,5.2345,5.8183,7.0617,8.5857,13.2750,11.1815,10.5132,14.3192,8.1468,8.8662,7.5931,10.5716,7.6138,7.9614,11.5838,4.8103,6.3306,13.7443,9.9631,8.1285,9.3871,8.0873,10.0203,11.8487,6.5244,10.1388,13.4294,9.0227,8.2606,8.3165,16.7150,11.8515,11.0330,12.7625,11.8672,7.4346,12.5750,7.8105,12.2134,10.5252,4.0819,6.3876,8.7371,12.2423,11.6585,10.2127,6.6013,7.6220,6.4689,12.1095,10.3571,6.7484,6.4627,9.0980,5.1167,8.1917,4.8562,4.9330,4.9991,5.0567,5.1052,5.1433,5.1751,5.1982,5.2141,5.2231,5.2262,5.2240,5.2178,5.2071,5.1941,5.1784,5.1610,5.1457,5.1241,5.1034,5.0808,5.0579,5.0342,5.0101,4.9849,4.9596,4.9338,4.9072,4.8800,4.8519,4.8229,4.7929,4.7620,4.7297,4.6966,4.6618,4.6203,4.5264,4.4520,4.3655,4.2829,4.2060,4.1312,4.0586,3.9892,3.9249,3.8653,3.8110,3.7568,3.7170
45111.3750000,1.2161,8.2628,8.3987,8.8767,20.3684,6.7580,12.5787,7.9909,14.0247,7.6380,8.9818,9.7794,4.8144,9.9841,13.3103,13.0806,17.0133,15.1720,8.0731,7.8044,16.5006,8.6338,5.6657,10.9979,10.8338,22.1628,10.8365,7.5127,15.1477,9.2450,15.6701,15.1247,16.7442,13.9905,14.1900,10.9778,14.7495,16.0227,8.5928,15.3326,15.3596,12.1309,8.9660,9.9100,21.6627,16.7606,11.2003,9.7321,7.2449,5.0256,8.6081,9.7344,10.2158,8.5892,0.9867,8.8958,7.5754,7.6839,12.5579,7.8495,7.9439,5.3690,5.3287,6.2911,4.9994,5.8678,9.9281,9.5952,3.9942,6.2036,8.7296,9.7400,8.5894,5.7485,3.7526,9.8833,8.3922,9.1365,7.2996,9.7191,13.7376,11.8679,4.9454,3.1743,3.3698,2.4475,8.3023,4.5852,8.2716,1.9223,6.2389,9.7419,10.2079,9.1858,-0.7844,1.8057,2.8469,1.9997,2.0907,1.4524,0.9304,6.5968,1.5258,2.5044,6.3586,7.1621,2.2901,5.5027,0.4239,11.0246,2.2321,1.5435,3.7815,1.6719,4.0590,1.1794,1.3059,5.5206,4.6173,4.9348,0.3872,5.8765,2.6483,6.4238,9.9037,13.5828,11.0187,13.0423,6.5429,1.0911,2.8944,3.5154,4.7094,6.1839,10.1060,8.0714,7.4582,11.7022,5.4116,5.5865,4.4996,7.5348,4.6636,5.1435,8.8719,2.5448,4.0275,11.4194,7.5645,5.7773,6.9574,5.9113,8.0770,10.0438,4.9981,8.6099,12.0025,7.3430,6.5894,6.3963,16.0805,9.7162,9.1288,10.4287,9.7025,5.3690,9.8893,5.5894,9.5399,7.7876,1.4548,3.6743,5.8389,9.9469,8.8668,8.2342,4.0567,5.0855,3.9490,9.8171,8.8913,5.0725,4.6554,7.3682,3.3910,6.0951,1.8945,1.9766,2.0525,2.1250,2.1942,2.2570,2.3214,2.3826,2.4411,2.4964,2.5483,2.5961,2.6398,2.6781,2.7109,2.7390,2.7598,2.7756,2.7839,2.7863,2.7824,2.7725,2.7565,2.7350,2.7079,2.6760,2.6393,2.5955,2.5236,2.3426,2.2171,2.0819,1.9605,1.8326,1.7128,1.5930,1.4729,1.3524,1.2329,1.1103,0.9852,0.8596,0.7326,0.6050,0.4780,0.3531,0.2308,0.1124,-0.0076,-0.0960
45111.4166667,-1.8471,3.9621,4.0042,4.2861,16.3373,2.1571,6.8951,2.6997,8.7643,2.0940,3.1198,3.7646,-0.4877,3.4445,6.7992,7.0881,12.5060,10.3257,4.5345,3.7989,12.6327,5.0521,2.4626,7.5384,7.3710,19.4754,6.8788,3.4804,11.1353,4.8659,11.1836,11.3534,14.5019,12.1401,12.5570,8.8548,11.3990,11.5494,3.8630,11.5446,10.4426,7.5654,4.3303,5.4811,18.9036,12.9541,6.7775,5.5708,3.4741,1.7932,6.5193,7.9746,8.7608,7.3055,-0.5614,6.5322,4.4717,5.2612,10.1839,3.9729,4.9228,1.4440,1.0447,1.9132,1.3096,1.9479,7.3747,7.3907,0.6928,3.4006,6.7188,7.0803,6.6264,3.4635,2.1063,9.0155,6.2302,8.2600,4.8714,7.3376,13.3517,10.9329,2.5226,1.7388,0.4799,-0.3485,4.9086,1.1882,4.6705,-0.1299,3.8261,6.4633,6.9774,5.6113,-3.7546,-2.5166,-1.5914,-1.7886,-1.9475,-1.4926,-2.6863,3.3241,-2.4276,-0.6804,3.0679,3.5989,-1.4041,0.6255,-4.2283,6.0072,-2.0891,-2.4902,-0.5032,-2.0793,0.8482,-1.2902,-2.0408,1.5387,1.3461,1.1863,-3.1504,2.0717,-1.2842,2.7035,4.9989,8.9047,6.6333,8.9868,2.4276,-2.6170,-0.9275,-0.2830,1.1369,2.9221,6.5702,4.0559,3.7612,9.0091,3.1917,2.6249,1.4455,4.5837,2.0558,1.8507,5.3970,-0.6379,0.9378,8.0342,4.4042,1.9634,3.6395,2.1572,4.5079,6.8826,2.4170,6.0538,10.4828,4.9887,4.9320,3.7734,14.6740,8.3104,7.6900,7.9665,8.1338,3.5484,7.5849,3.8833,7.2940,5.4490,-0.5059,1.3392,2.8560,7.4208,6.3622,6.0758,1.3948,2.9239,1.1590,8.0247,7.1896,3.5351,3.2193,6.1587,2.4819,4.8308,-0.0529,-0.0926,-0.1192,-0.1317,-0.1320,-0.1263,-0.1068,-0.0805,-0.0486,-0.0130,0.0255,0.0654,0.1062,0.1465,0.1859,0.2247,0.2596,0.2790,0.2234,0.1985,0.1634,0.1353,0.1075,0.0792,0.0490,0.0251,-0.0091,-0.0380,-0.0621,-0.0981,-0.1344,-0.1840,-0.2298,-0.2887,-0.3508,-0.4209,-0.4987,-0.5839,-0.6753,-0.7755,-0.8835,-0.9974,-1.1172,-1.2417,-1.3699,-1.5000,-1.6312,-1.7614,-1.8977,-1.9916
45111.4583333,-8.7491,-3.9313,-3.1029,-2.7667,9.6066,-4.6997,-0.0421,-3.2944,3.5463,-3.0102,-2.5022,-1.9386,-4.8902,-2.4997,-0.1815,0.3515,6.2957,3.8946,-0.2754,-1.1394,6.6976,-0.5314,-2.1476,2.8162,3.1103,15.7725,2.1510,-0.8437,7.4734,1.2694,7.7162,7.2665,11.0738,9.1064,9.4094,5.4899,8.2430,7.6238,-0.3097,8.1098,6.4264,2.5808,-0.5118,0.8980,15.7204,8.4797,2.0764,1.4177,-0.4291,-1.3977,3.7773,4.9323,5.4495,4.5509,-2.7243,3.7606,1.5784,3.3723,7.9651,0.5817,2.0760,-1.6413,-1.9959,-0.9511,-0.4932,-0.5761,3.9941,3.6461,-2.5390,0.5807,4.8297,4.6042,4.5246,0.8025,0.1623,7.1704,3.1749,6.2572,1.6552,4.1080,12.0462,8.8882,-0.4259,-0.7118,-2.4428,-2.3987,2.3366,-1.8126,2.7358,-2.0210,1.2690,3.7793,4.1836,2.4217,-5.7103,-5.3338,-4.4481,-3.9417,-4.4687,-3.3730,-5.0462,0.0039,-6.7828,-4.8629,-1.4325,-1.0371,-5.5471,-4.2032,-8.0863,1.4111,-5.4484,-5.4654,-3.9277,-5.4974,-2.6249,-4.1850,-5.7245,-2.9344,-2.6989,-2.8066,-6.1768,-1.6114,-4.9814,-1.3182,-0.4681,4.2018,2.0625,4.6624,-1.6536,-5.7555,-4.1415,-3.5229,-1.9192,0.0284,3.5493,-0.1512,-0.9300,4.4891,-0.3295,-0.5774,-2.3188,1.1107,-1.1275,-1.7202,2.1026,-3.3811,-1.6756,5.5671,1.6889,-0.8259,1.0785,-0.8968,0.7226,3.2270,-0.3221,3.0825,7.4093,1.6590,1.6110,0.0450,11.7479,5.4966,4.6090,4.5409,5.1064,0.8571,5.1558,1.1546,4.2827,2.8135,-2.1978,-0.7558,0.2433,5.0637,3.9210,4.0746,-0.9107,1.0742,-1.1407,6.5328,5.3968,1.6655,1.2066,4.1124,0.5581,2.3976,-2.8788,-3.0871,-3.2405,-3.3354,-3.3771,-3.3833,-3.3578,-3.3221,-3.2160,-3.1320,-3.0802,-3.0653,-3.0856,-3.1265,-3.1977,-3.2736,-3.3564,-3.4394,-3.5178,-3.5800,-3.6362,-3.6751,-3.7027,-3.7196,-3.7268,-3.7194,-3.7102,-3.6892,-3.6581,-3.6296,-3.5965,-3.5692,-3.5367,-3.5119,-3.4886,-3.4713,-3.4604,-3.4567,-3.4598,-3.4724,-3.4942,-3.5246,-3.5640,-3.6118,-3.6677,-3.7307,-3.8002,-3.8748,-3.9678,-4.0305
45111.5000000,-19.1363,-15.9664,-13.3670,-12.0041,-0.6633,-14.4239,-11.6874,-14.9596,-6.6220,-11.0539,-10.6690,-11.3413,-13.1054,-11.2123,-9.4092,-10.3090,-4.0985,-6.7045,-10.0360,-10.7810,-1.8977,-9.5703,-9.8091,-5.6011,-4.0696,9.1115,-3.7270,-7.7683,1.2636,-5.4995,1.8493,0.6197,5.3690,3.9439,5.2954,1.6021,4.7831,3.9641,-5.3045,4.1162,2.0693,-3.1207,-7.8829,-6.5251,10.8954,1.7737,-5.0635,-5.6049,-8.1702,-8.9624,-3.5818,-1.6491,-0.3829,-1.4879,-8.1035,-2.7163,-3.4986,0.6276,5.4572,-1.9238,-1.2024,-5.8185,-8.4461,-7.5743,-6.5762,-6.0782,0.0934,0.0587,-7.3867,-3.7743,0.6661,-0.4016,0.1017,-2.5503,-2.3268,5.3756,0.9314,4.4890,-2.5688,-0.4806,10.7894,6.6268,-2.7480,-4.4268,-8.5540,-8.1571,-1.7387,-7.5021,-1.6423,-6.1155,-3.3045,-0.7057,-0.4079,-3.0491,-10.7463,-11.8052,-10.9714,-8.8152,-11.3386,-10.3020,-10.8731,-6.3386,-12.1211,-10.2064,-6.9019,-6.5843,-10.6089,-9.6513,-13.7359,-5.4012,-11.5864,-11.3143,-8.1490,-10.0320,-7.1932,-7.7448,-10.5266,-6.6426,-6.5227,-6.7599,-10.1966,-6.2913,-8.9288,-6.3126,-5.5532,-2.3302,-4.3765,-1.2061,-7.1224,-9.6256,-8.6394,-9.0088,-8.3432,-6.5037,-2.0191,-4.9848,-5.3505,-0.5960,-5.6808,-5.6289,-6.8174,-3.4452,-5.3216,-5.7113,-2.3173,-7.8382,-5.9762,1.7099,-3.9037,-5.5319,-4.0675,-5.0911,-2.9473,-1.2571,-3.2525,1.6598,5.0589,0.2527,-1.6512,-3.6763,8.0053,1.3347,-0.1585,-0.5905,0.4556,-3.1028,0.3648,-3.8604,-1.5904,-2.7236,-6.6355,-5.3007,-4.7191,0.4597,-0.3076,0.8556,-4.7458,-1.8641,-4.1559,4.0713,2.9098,-0.7190,-1.1995,1.8280,-1.4517,-0.2165,-5.0632,-5.3763,-5.6866,-5.9920,-6.2918,-6.5916,-6.8765,-7.1502,-7.3564,-7.5479,-7.7221,-7.8769,-8.0101,-8.1147,-8.2030,-8.2634,-8.3041,-8.3263,-8.3322,-8.3184,-8.2966,-8.2628,-8.2247,-8.1852,-8.1473,-8.1084,-8.0777,-8.0478,-8.0186,-7.9976,-7.9779,-7.9648,-7.9486,-7.9367,-7.9235,-7.9107,-7.8981,-7.8855,-7.8726,-7.8611,-7.8513,-7.8430,-7.8369,-7.8335,-7.8329,-7.8351,-7.8407,-7.8496,-7.8820,-7.8921
45111.5416667,-10.0613,-9.7097,-8.3230,-8.2214,0.4142,-12.8213,-14.0567,-20.5633,-13.8368,-16.8358,-17.6495,-19.5703,-20.8481,-20.1173,-19.4121,-20.4959,-15.3371,-17.5594,-19.4506,-20.3925,-12.2160,-20.7002,-18.7432,-17.6653,-13.6244,-0.8943,-12.6230,-16.2545,-6.6293,-13.9484,-4.7281,-6.5698,-1.2108,-0.3593,0.4012,-3.8346,-0.6629,-1.7094,-12.0019,-0.8616,-2.9643,-7.5954,-14.7141,-13.2661,6.6924,-5.5616,-11.7830,-11.3884,-15.0123,-15.7632,-9.3802,-9.0332,-8.2868,-8.8274,-15.1098,-12.7249,-12.2254,-5.0755,1.4058,-6.2604,-6.1723,-10.4657,-15.7301,-14.5124,-12.4003,-10.9838,-5.9046,-5.9392,-14.0834,-8.7762,-3.3229,-4.9447,-7.6114,-9.7643,-8.0403,1.0308,-3.1895,1.0194,-6.7409,-4.9811,11.0821,5.5921,-3.9773,-5.9558,-13.8061,-12.2376,-5.9524,-13.6120,-7.1335,-11.1921,-8.8649,-6.1637,-5.9279,-9.4367,-15.5180,-16.8643,-16.3009,-11.8013,-16.2002,-15.7608,-16.6915,-14.0636,-16.7960,-15.5102,-13.0379,-13.2714,-17.0410,-16.7339,-21.2397,-13.9897,-18.3364,-17.4960,-12.9701,-14.1477,-12.4209,-11.9781,-16.7504,-11.6386,-12.1654,-11.1922,-14.2573,-11.5897,-13.7477,-12.0677,-11.3116,-8.1633,-10.4618,-6.9511,-12.6206,-13.5157,-13.1888,-13.0165,-14.0996,-12.7877,-6.6389,-10.6024,-10.8270,-5.9967,-10.3665,-11.0992,-12.1009,-9.0338,-10.4720,-10.7503,-7.7468,-12.0783,-10.9930,-3.0581,-10.8863,-11.5373,-9.2623,-11.4153,-9.3277,-8.3123,-8.1119,-1.3010,1.1291,-2.4240,-4.0900,-7.5564,4.5867,-2.1715,-3.5659,-3.6088,-1.5063,-5.8017,-3.9200,-8.6279,-8.2418,-9.2444,-11.4435,-10.4827,-10.1221,-5.5285,-6.3921,-4.2728,-10.2778,-7.1877,-8.8621,-0.1283,-1.2974,-4.6806,-5.0787,-1.8243,-4.6452,-4.0342,-8.3488,-8.6008,-8.8570,-9.1132,-9.3669,-9.6238,-9.8689,-10.1083,-10.3041,-10.4958,-10.6839,-10.8687,-11.0504,-11.2247,-11.4002,-11.5679,-11.7318,-11.8905,-12.0422,-12.1811,-12.3118,-12.4278,-12.5310,-12.6206,-12.6961,-12.7543,-12.8008,-12.8303,-12.8433,-12.8463,-12.8362,-12.8187,-12.7893,-12.7553,-12.7149,-12.6713,-12.6261,-12.5806,-12.5356,-12.4933,-12.4542,-12.4183,-12.3862,-12.3578,-12.3329,-12.3111,-12.2922,-12.2763,-12.2858,-12.2768
45111.5833333,-18.5040,-13.3502,-11.5017,-8.6313,0.4481,-11.5177,-12.9006,-18.6246,-12.3145,-13.6389,-15.2445,-18.4261,-19.7044,-21.2777,-22.5914,-25.0637,-22.2422,-25.0429,-25.5918,-27.3642,-20.5157,-29.9794,-24.4982,-28.7775,-22.7023,-10.7136,-23.8107,-25.4872,-15.0944,-22.6470,-15.4133,-16.4701,-10.1676,-5.0460,-3.4823,-7.4349,-3.9183,-5.2343,-17.1470,-4.1005,-6.1646,-10.3211,-20.3340,-19.8680,2.0925,-12.3057,-17.1008,-15.0422,-19.5732,-20.5013,-14.0549,-14.6031,-13.8344,-13.5258,-19.0216,-21.8082,-21.0134,-14.4639,-3.6212,-10.6117,-10.3209,-13.7692,-21.8084,-21.3464,-18.4149,-13.3154,-9.9106,-10.7655,-21.2358,-14.3968,-7.4730,-7.6865,-9.1951,-15.1976,-12.2885,-4.1154,-8.4800,-7.5300,-14.2802,-11.6288,8.5120,2.6315,-6.3916,-8.0993,-18.8759,-14.3380,-8.5589,-15.0091,-9.4459,-12.9407,-11.5320,-9.1710,-9.3514,-14.0819,-18.4967,-20.5177,-20.1972,-13.2764,-19.2866,-19.0705,-20.1736,-19.0398,-20.9818,-19.5815,-17.5027,-17.8932,-21.0565,-21.0604,-25.5164,-21.5013,-24.4552,-23.5843,-17.9445,-18.2587,-17.3816,-15.6576,-22.8808,-17.3829,-20.6582,-15.8368,-16.9864,-15.3641,-16.7880,-16.3228,-19.3160,-14.3830,-15.8013,-11.3137,-16.1310,-14.9984,-17.3443,-16.0587,-18.6758,-18.1772,-10.1374,-14.8103,-17.8682,-11.2327,-13.7546,-14.4778,-14.9030,-11.5851,-11.7658,-12.3443,-10.5926,-13.7380,-13.1906,-5.4591,-16.2171,-16.4618,-13.4478,-16.4863,-14.8753,-15.6583,-13.1752,-5.5115,-3.7584,-5.6217,-7.1147,-11.4828,1.2508,-5.0980,-6.0451,-5.4739,-1.9682,-6.4807,-5.6550,-10.9056,-12.3168,-13.7061,-14.1819,-14.7945,-14.9839,-11.2042,-12.0722,-8.5836,-13.1649,-11.2305,-12.5231,-3.8332,-5.0693,-8.1097,-8.5355,-5.3259,-7.4997,-7.7308,-11.3698,-11.5494,-11.7273,-11.9028,-12.0762,-12.2547,-12.4255,-12.5952,-12.7376,-12.8805,-13.0244,-13.1697,-13.3165,-13.4617,-13.6114,-13.7592,-13.9078,-14.0562,-14.2033,-14.3450,-14.4848,-14.6182,-14.7469,-14.8704,-14.9887,-15.0995,-15.2064,-15.3055,-15.3966,-15.4835,-15.5628,-15.6375,-15.7031,-15.7633,-15.8155,-15.8605,-15.8984,-15.9288,-15.9517,-15.9679,-15.9775,-15.9804,-15.9773,-15.9686,-15.9547,-15.9361,-15.9136,-15.8883,-15.8838,-15.8615
45111.6250000,-19.3670,-11.6463,-9.0785,-9.5051,4.6476,-5.6488,-8.0957,-17.4892,-9.4046,-8.9049,-10.1592,-13.2909,-14.1569,-16.8997,-18.2553,-20.4671,-19.4399,-22.8964,-22.5018,-25.6430,-20.6684,-30.5162,-24.0725,-27.8740,-24.5348,-13.1808,-27.8269,-29.0199,-20.6379,-27.5088,-24.4763,-25.8564,-20.2237,-11.5325,-7.1463,-8.0829,-3.3689,-4.5063,-17.3868,-3.0742,-4.2921,-7.2295,-18.5202,-15.9437,3.1001,-14.4652,-18.5256,-15.2370,-20.3822,-17.6799,-13.9000,-15.6779,-15.1950,-14.2022,-18.2487,-26.8994,-26.3806,-20.7914,-6.2745,-11.9852,-11.3297,-14.0595,-24.4569,-25.3047,-22.3780,-18.3565,-11.9679,-10.6564,-24.6759,-17.9778,-9.7516,-9.7302,-10.7761,-14.6034,-7.4052,-2.3398,-6.1887,-8.4022,-14.5113,-6.4812,12.4604,6.2058,-2.5230,-4.2408,-13.1556,-10.7526,-6.5899,-12.4548,-8.0934,-10.9143,-10.0455,-7.3024,-7.0506,-12.0862,-15.8495,-16.8121,-15.5959,-7.0093,-13.9883,-14.1882,-15.8172,-16.5485,-17.9569,-16.9482,-15.3314,-16.2604,-19.1474,-20.1513,-24.7268,-24.4567,-25.8378,-25.2698,-19.2645,-18.4054,-18.2935,-15.2763,-21.3794,-18.5018,-24.3025,-21.2506,-18.4061,-18.0330,-18.1096,-18.5113,-20.5901,-17.8242,-19.0375,-13.9630,-17.7603,-16.0799,-17.5416,-19.0066,-21.6915,-21.7809,-12.1403,-16.3829,-18.6587,-13.6994,-14.8858,-16.1724,-15.8737,-15.5649,-14.8837,-12.9106,-10.6282,-13.1859,-13.3914,-4.2570,-15.6333,-15.0908,-12.1140,-15.1312,-15.3512,-18.9045,-12.5755,-6.4692,-5.5641,-6.0402,-7.2515,-12.4181,0.2135,-6.8521,-5.2403,-3.9330,0.6955,-3.8429,-4.2199,-11.7431,-12.7221,-13.9872,-12.6580,-14.6376,-15.7370,-13.0797,-13.9301,-9.3549,-12.4945,-11.4305,-12.2339,-3.9844,-4.7841,-7.1281,-7.4379,-4.3548,-5.7004,-6.6167,-9.5898,-9.7717,-9.9562,-10.1419,-10.3279,-10.5203,-10.7049,-10.8872,-11.0478,-11.2053,-11.3593,-11.5097,-11.6564,-11.7972,-11.9369,-12.0715,-12.2036,-12.3332,-12.4602,-12.5826,-12.7034,-12.8202,-12.9346,-13.0467,-13.1567,-13.2634,-13.3695,-13.4724,-13.5720,-13.6711,-13.7674,-13.8630,-13.9548,-14.0455,-14.1330,-14.2182,-14.3008,-14.3805,-14.4572,-14.5311,-14.6019,-14.6694,-14.7335,-14.7938,-14.8502,-14.9023,-14.9498,-14.9918,-15.0462,-15.0570
45111.6666667,-20.8174,-15.7676,-12.6135,-12.3772,4.5863,-6.2473,-5.0032,-13.1865,-4.9419,-3.6705,-3.5431,-4.7616,-4.1337,-6.9702,-8.9560,-9.8743,-8.0351,-11.0534,-10.0237,-14.2832,-10.6621,-19.1692,-14.1532,-18.4510,-18.0067,-8.7885,-23.1045,-23.6328,-19.6918,-24.3781,-25.7456,-28.0944,-24.3402,-16.3383,-12.6938,-11.8786,-6.7832,-6.1112,-15.7648,-0.6712,1.8393,-0.7513,-8.6901,-5.1319,12.2618,-7.4496,-11.2258,-8.0619,-13.6798,-10.6589,-7.6348,-9.9013,-10.2729,-9.3539,-11.1043,-23.6615,-23.5580,-19.0355,-4.4437,-9.6750,-8.2273,-10.6997,-20.5008,-22.4239,-19.6839,-18.4003,-14.7293,-12.1242,-24.1269,-17.8420,-10.6589,-11.1643,-12.4180,-13.7171,-6.3051,-2.6404,-4.3513,-6.6012,-11.1047,-0.6697,17.4968,12.0842,2.1197,1.4166,-2.9922,-2.4535,3.5788,-1.5864,2.6809,-0.2150,0.6044,3.9512,3.4839,-2.5180,-7.0364,-9.0533,-8.0822,0.2244,-5.1392,-3.6572,-5.2367,-4.9296,-8.6955,-8.6579,-6.8045,-7.7608,-11.3925,-11.7962,-16.1071,-19.4392,-19.9777,-19.8666,-15.7502,-14.0771,-13.6598,-10.9647,-15.9893,-13.9789,-19.6015,-17.7749,-13.6417,-15.2319,-15.9816,-17.4425,-19.1831,-16.7710,-17.6892,-12.8509,-15.7347,-12.9993,-14.9279,-16.2537,-19.7864,-20.8573,-12.6584,-16.9067,-18.5085,-14.8132,-15.1507,-16.5245,-15.2483,-15.2377,-14.1111,-11.3755,-9.7140,-10.6791,-11.9021,-4.0256,-15.1269,-14.1356,-12.4471,-13.4754,-13.2056,-16.7488,-9.2570,-5.5918,-3.8604,-4.1164,-4.5764,-9.1756,2.6280,-4.9560,-2.5741,-0.9742,3.9574,-1.8239,-0.8737,-8.8028,-9.7006,-11.0657,-8.0459,-10.7350,-12.3193,-10.5328,-11.6285,-6.8361,-9.0833,-9.1447,-9.8399,-1.2171,-1.8026,-3.7705,-4.0260,-1.1219,-2.1688,-3.1350,-5.6803,-5.7593,-5.8493,-5.9481,-6.0535,-6.1708,-6.2846,-6.4006,-6.5054,-6.6127,-6.7226,-6.8355,-6.9516,-7.0695,-7.1922,-7.3162,-7.4428,-7.5709,-7.6996,-7.8267,-7.9533,-8.0769,-8.1981,-8.3165,-8.4318,-8.5429,-8.6515,-8.7559,-8.8561,-8.9540,-9.0484,-9.1411,-9.2300,-9.3174,-9.4023,-9.4854,-9.5669,-9.6469,-9.7255,-9.8031,-9.8797,-9.9552,-10.0298,-10.1032,-10.1753,-10.2460,-10.3149,-10.3807,-10.4621,-10.4958
45111.7083333,-19.5534,-17.4808,-14.4307,-14.1316,1.8351,-7.0241,-6.2784,-12.7037,-3.3274,-3.2823,-3.4035,-4.2861,-3.5235,-5.5149,-6.7256,-6.1704,-3.0803,-4.0235,-1.7879,-4.1249,-1.1745,-7.3451,-2.7724,-6.6977,-6.6005,3.5576,-10.6758,-11.3254,-11.3048,-15.3606,-19.2631,-23.2741,-22.3632,-15.5287,-12.7369,-12.3814,-6.2164,-5.7075,-15.2182,-3.8550,-2.0257,-3.7189,-9.7038,-5.8123,15.2962,-1.4838,-4.9086,0.1507,-5.7043,-2.6516,-0.7128,-0.8114,-0.7591,-1.7431,-2.1829,-15.9779,-16.3664,-12.7151,2.1156,-4.4522,-3.6007,-5.8891,-14.2861,-16.5806,-12.0256,-13.1680,-10.2615,-9.1152,-22.2061,-17.5895,-12.1008,-10.0824,-12.4925,-13.6265,-6.5467,-2.3591,-4.8051,-6.4034,-8.8069,3.1371,20.7349,15.6786,4.0166,3.0500,1.8772,0.4257,8.5303,4.1878,8.7517,3.8597,5.2361,11.7955,12.4425,6.7466,1.3380,-0.5385,0.1122,6.9399,2.3846,3.2382,2.0535,4.4701,-2.0118,-0.0425,2.1981,1.9040,-3.0844,-2.4564,-6.7575,-10.9496,-10.9841,-12.0204,-9.7807,-8.0184,-8.5324,-5.6055,-10.1055,-9.6669,-14.1020,-12.9615,-8.2247,-9.7078,-10.9024,-12.0758,-15.5782,-13.2004,-13.8304,-9.1078,-11.3172,-8.6244,-11.4670,-12.1640,-16.2682,-17.9806,-10.5920,-14.2678,-15.3446,-12.8364,-12.2354,-14.1311,-14.5085,-14.5618,-13.7042,-10.8919,-11.2411,-10.2914,-11.3650,-4.4564,-13.6885,-12.2518,-11.3374,-11.8487,-12.1179,-15.0048,-6.2639,-2.9773,-1.6619,-2.6951,-2.8669,-5.5928,5.6839,-0.8644,1.5113,3.4905,8.2827,0.6282,3.0455,-4.9999,-6.2113,-7.4951,-4.9679,-7.0441,-9.3791,-7.1231,-7.7324,-2.6868,-4.2258,-4.4286,-5.9817,2.7744,2.4975,0.7605,0.6222,3.5607,2.4995,1.8370,-0.5908,-0.6633,-0.7427,-0.8265,-0.9128,-1.0074,-1.0950,-1.1815,-1.2570,-1.3310,-1.4035,-1.4749,-1.5459,-1.6160,-1.6881,-1.7607,-1.8354,-1.9124,-1.9916,-2.0719,-2.1548,-2.2386,-2.3240,-2.4108,-2.4988,-2.5871,-2.6768,-2.7666,-2.8561,-2.9464,-3.0364,-3.1268,-3.2159,-3.3049,-3.3927,-3.4795,-3.5651,-3.6493,-3.7319,-3.8131,-3.8928,-3.9709,-4.0474,-4.1223,-4.1955,-4.2670,-4.3364,-4.4025,-4.4824,-4.5094
45111.7500000,-16.9033,-17.2195,-14.6453,-14.5715,-1.2992,-8.2613,-8.1700,-12.6217,-4.6411,-4.1325,-4.1623,-4.6662,-3.6397,-5.0580,-6.0087,-5.3282,-2.4409,-2.8266,-0.7600,-2.0885,0.9104,-3.7564,0.2399,-2.2212,-1.5724,9.2064,-2.8052,-2.6382,-2.5952,-5.2295,-9.7388,-13.9170,-14.7043,-9.3553,-8.0686,-8.3898,-3.6511,-2.7334,-10.6319,-1.7595,-0.6207,-2.2070,-7.3026,-4.3085,16.3886,0.7710,-2.0014,3.1498,-1.6106,1.0508,2.9364,3.8545,5.0776,3.9621,3.0936,-7.9648,-7.9646,-4.8531,8.0306,2.0354,2.6376,0.4954,-6.7703,-9.1871,-4.9740,-6.4571,-3.9726,-3.9210,-16.7953,-14.6079,-11.2666,-9.9753,-11.9910,-12.4379,-5.9250,-3.4251,-5.2909,-6.3165,-7.9235,3.9891,19.8106,15.6813,4.8909,3.8873,3.7982,2.6450,11.2480,7.6423,12.4164,7.3933,9.6844,17.2279,17.6074,12.4667,6.5989,5.7959,6.5271,11.8303,8.3184,8.6118,7.8358,11.3023,4.3812,6.1574,8.2823,8.7672,4.0596,5.2163,1.2437,-2.1019,-1.9330,-3.0436,-1.7051,-0.3998,-1.2609,0.9832,-2.8726,-3.3919,-7.1810,-6.8056,-2.9611,-4.5966,-5.9435,-7.3258,-10.6390,-8.3974,-8.2337,-3.5261,-5.3425,-2.6140,-5.1097,-5.8074,-9.4643,-11.7362,-6.5056,-10.0314,-11.0108,-9.5422,-8.2445,-10.1624,-10.1676,-10.9446,-9.7549,-7.6476,-9.2298,-7.2722,-8.8911,-4.9504,-12.0273,-10.7518,-10.7540,-10.8967,-11.5218,-14.1726,-5.5187,-3.8098,-2.7391,-3.1365,-2.7811,-4.2232,6.3048,0.1988,2.5891,5.0763,9.4007,2.5146,6.0506,-0.9528,-1.8298,-2.6549,-0.6610,-2.2251,-4.6567,-3.0668,-3.4304,1.2398,-0.1480,-0.3410,-1.8794,5.7769,6.0402,4.2255,4.1634,7.1626,5.7244,5.9598,3.4474,3.7244,3.9823,4.2190,4.4130,4.5525,4.6468,4.6690,4.6250,4.5093,4.2865,4.1038,3.9803,3.8949,3.8283,3.7708,3.7155,3.6597,3.6022,3.5438,3.4838,3.4236,3.3629,3.3022,3.2417,3.1818,3.1217,3.0623,3.0033,2.9438,2.8842,2.8238,2.7634,2.7019,2.6399,2.5771,2.5135,2.4491,2.3840,2.3181,2.2516,2.1846,2.1171,2.0494,1.9817,1.9142,1.8474,1.7826,1.7029,1.6713
45111.7916667,-8.4152,-10.6197,-9.1339,-9.7230,0.5966,-5.2023,-6.3392,-10.1013,-4.4360,-3.9110,-4.3284,-5.0634,-4.1522,-5.1889,-6.2377,-5.5727,-3.0113,-3.0214,-1.1362,-2.0489,0.6521,-3.1361,-0.0465,-1.7128,-1.0239,9.1061,-1.3404,-0.9270,-0.1985,-1.6350,-4.7098,-7.8570,-8.1938,-3.0692,-2.0015,-2.3695,1.2379,2.3118,-4.6355,2.2012,2.6174,0.9553,-3.5272,-1.3412,17.8473,2.6469,-0.0247,4.3586,0.2922,2.2792,4.1014,5.2257,7.2544,6.1461,4.1978,-3.7963,-3.4865,-0.5822,10.9315,5.6039,6.2615,4.4742,-1.3593,-3.4534,0.2317,-1.1175,1.5128,1.1029,-10.7214,-9.9110,-8.1270,-7.7459,-9.7026,-10.2355,-4.5176,-3.6947,-5.4225,-6.3115,-7.6521,2.6340,17.0549,13.4006,3.6069,2.5895,2.7276,1.8546,9.9010,6.5552,11.3685,6.2523,9.4454,16.9444,17.7224,13.4824,7.0630,7.5933,8.6171,12.6425,10.2061,10.1602,9.9353,14.7659,8.4479,10.1362,12.5985,13.2192,8.7875,10.6054,6.5893,5.0473,4.5703,3.4009,4.4894,5.1139,4.5865,5.7978,3.0328,2.7076,-0.4271,-0.3302,2.0916,0.9635,-0.2109,-1.7337,-4.9723,-3.7119,-3.6456,0.8487,-1.0440,0.8807,-0.8869,-1.5694,-4.3469,-6.2690,-2.1054,-4.7093,-5.4017,-4.6694,-3.3965,-5.6895,-5.8892,-7.2192,-6.1328,-4.5499,-6.6267,-4.2757,-5.8440,-3.8395,-9.1353,-7.9053,-8.4654,-8.6575,-9.9528,-12.8948,-4.9977,-4.3072,-3.7481,-3.7379,-3.1891,-4.3383,4.6632,-0.5645,1.6045,3.8505,7.4657,1.7166,5.4913,-0.2305,-0.5856,-0.6383,0.7400,0.3582,-1.2976,0.2422,0.1152,4.4558,3.0376,3.1081,1.7546,8.4773,9.0715,7.0510,7.0441,10.1278,8.1047,9.0409,5.9335,6.0466,6.1692,6.3068,6.4554,6.6076,6.7804,6.9559,7.1440,7.3412,7.5407,7.7355,7.9274,8.1109,8.2794,8.4310,8.5595,8.6592,8.7261,8.7574,8.7494,8.7010,8.6135,8.4829,8.3140,8.1131,7.8803,7.6746,7.5042,7.3643,7.2500,7.1554,7.0764,7.0082,6.9481,6.8934,6.8423,6.7935,6.7462,6.6996,6.6533,6.6072,6.5610,6.5147,6.4681,6.4213,6.3746,6.3288,6.2682,6.2481
45111.8333333,0.7074,-1.8536,-1.0458,-1.9447,6.3290,1.1077,-0.5471,-4.1404,-0.2250,0.0564,-0.7073,-1.8045,-1.3141,-2.4442,-4.0620,-4.0469,-2.4950,-2.8485,-1.3684,-2.2344,-0.1093,-3.1252,-0.7478,-1.9939,-1.3745,7.7147,-1.3468,-0.9537,-0.1425,-1.1356,-3.3970,-5.7528,-5.6163,-0.5663,0.7785,0.8670,4.3706,5.6959,-0.0192,6.0310,6.4303,4.8878,1.0498,2.7119,19.7829,5.6533,2.8594,6.2265,2.5177,3.7422,5.3948,6.3861,8.1394,7.1700,4.3080,-1.1902,-0.8176,1.7005,11.9817,7.1108,7.7147,6.1461,1.4959,-0.1598,2.8881,1.9735,4.8754,4.8411,-5.0665,-4.9033,-4.0339,-4.1821,-6.0484,-6.7332,-2.0042,-2.2642,-3.9634,-4.9736,-6.1705,2.4446,15.2101,11.8992,3.0544,2.0446,2.1976,1.4233,8.5149,5.3210,9.8080,4.7453,8.1698,15.1601,16.0085,12.3578,5.5319,6.7394,7.8546,10.7678,9.1598,8.8516,8.9955,14.4854,9.9612,11.4590,14.4763,15.3170,11.1245,13.2073,9.1767,9.8547,8.8352,7.9113,9.1088,8.9953,9.0480,8.9807,7.3571,7.7102,5.0625,5.0187,5.6890,5.6664,4.3535,3.2807,0.4053,1.2003,1.0701,4.7507,2.8291,3.5669,2.5617,1.9851,-0.0968,-1.7340,1.2467,-0.9447,-1.3230,-0.6298,0.5946,-1.2190,-1.3714,-2.6644,-1.7518,-0.7220,-2.7907,-0.7932,-2.2434,-1.4662,-5.5598,-4.5816,-5.5347,-5.8563,-7.5245,-10.5582,-3.6255,-3.6670,-3.5760,-3.2739,-2.6366,-3.6561,3.4437,-0.8788,0.8918,2.8080,5.7058,0.9821,4.3324,-0.2736,-0.4104,-0.2429,0.6540,1.0955,0.1309,1.6987,1.8213,5.4383,4.0023,4.3458,3.3735,9.6009,10.0843,7.9791,8.1613,11.4145,8.9498,10.7754,7.6870,7.8266,7.9590,8.0885,8.2103,8.3230,8.4410,8.5525,8.6666,8.7836,8.9014,9.0185,9.1392,9.2634,9.3907,9.5211,9.6547,9.7909,9.9306,10.0722,10.2149,10.3578,10.5010,10.6394,10.7727,10.9004,11.0181,11.1229,11.2144,11.2887,11.3442,11.3783,11.3914,11.3820,11.3507,11.2975,11.2237,11.1327,11.0282,10.9145,10.7962,10.6782,10.5640,10.4557,10.3551,10.2635,10.1801,10.1044,10.0253,9.9889
45111.8750000,8.0442,6.3818,6.9080,6.0973,13.5238,8.2646,6.9982,3.2649,6.3238,6.1293,5.3603,4.1964,4.0619,3.1895,1.3716,0.8389,1.5175,0.6366,1.4237,0.2163,1.6131,-1.0349,0.4879,-0.7478,-0.4466,7.4753,-0.4705,-0.3247,0.2413,-0.6406,-2.6030,-4.5316,-4.3394,0.3121,1.7669,2.0548,5.5658,7.2050,2.2903,8.1797,8.9233,7.6230,4.4142,5.9390,21.8579,9.3414,6.5377,9.0372,5.6329,6.1271,7.8473,8.8550,10.3476,9.4385,5.6473,2.1408,2.2363,4.2624,13.4562,8.8978,9.3743,7.8750,4.0934,2.6795,4.9248,4.2936,7.1350,7.4036,-0.6940,-0.5767,0.0740,-0.1226,-1.7501,-2.4911,1.1252,0.7503,-0.7804,-1.7800,-2.7674,4.5713,15.8961,13.0109,5.0327,3.9625,4.1642,3.3676,9.5873,6.4866,10.5606,5.5274,8.9186,15.2530,15.9541,12.6365,5.4988,6.8786,7.8691,9.8444,8.7670,8.1848,8.4112,13.9883,10.9872,12.2642,15.7135,16.7322,12.6404,14.8479,10.4276,12.9647,10.8571,10.0653,11.5696,10.8439,11.6483,10.4533,9.9314,11.3887,9.2700,9.3382,8.2676,9.8035,8.2136,8.0217,5.8868,6.5655,6.2243,9.3217,7.0942,6.2930,5.9589,5.4652,3.9664,2.6884,5.0564,3.0604,2.6076,3.1441,3.7952,2.3733,2.1263,1.1627,1.8043,2.5207,1.0031,2.2577,1.2983,1.8756,-1.2823,-0.5360,-1.5200,-2.0246,-3.8918,-6.9701,-1.2259,-1.6097,-1.7866,-1.3509,-0.7193,-1.5982,3.9941,0.4763,1.8559,3.4907,5.7649,1.8574,4.6794,0.8145,0.5640,0.5564,0.9239,1.6115,1.0519,2.5586,2.7994,5.6486,4.2254,4.7476,4.0148,9.8546,10.0995,7.9365,8.2439,11.5738,8.7960,11.3155,8.3610,8.5598,8.7510,8.9376,9.1165,9.2866,9.4585,9.6236,9.7881,9.9516,10.1121,10.2679,10.4213,10.5718,10.7186,10.8615,11.0006,11.1356,11.2677,11.3965,11.5225,11.6462,11.7690,11.8892,12.0081,12.1273,12.2456,12.3627,12.4801,12.5967,12.7126,12.8268,12.9401,13.0512,13.1597,13.2646,13.3645,13.4591,13.5472,13.6279,13.7001,13.7627,13.8150,13.8561,13.8856,13.9038,13.9103,13.9056,13.8821,13.8761
45111.9166667,12.5771,12.3957,12.7232,12.0710,19.2974,13.3361,12.9915,9.1371,12.1051,11.1847,10.7247,9.8414,8.9719,9.1406,7.6984,6.9709,7.3073,6.1268,6.0701,4.7729,5.8860,3.2620,3.9370,2.8864,2.8041,9.5004,2.2113,1.9640,2.1604,1.0985,-0.8503,-2.6763,-2.7906,1.1274,2.3777,2.5775,5.8152,7.4852,3.0912,8.8027,9.7267,8.4995,5.7642,7.2455,22.5097,11.8248,9.1417,11.0881,8.1403,7.9811,10.0431,11.2978,12.6927,11.8628,7.0346,5.8825,5.8013,7.3716,15.5713,11.0992,11.3525,9.8319,6.8320,5.7105,7.1656,6.7911,9.4596,9.6990,2.6071,2.7151,3.3242,3.2205,1.8537,1.2464,3.6719,3.8673,2.5291,1.6284,0.7881,7.0389,16.9884,14.4246,7.0545,5.8200,6.2738,5.4869,11.3038,8.3071,12.2002,7.0868,10.6438,16.4329,17.0126,14.0632,6.6200,8.2431,9.1251,10.2758,9.5614,8.7220,8.9287,14.4344,12.1944,13.1891,16.8650,17.9015,13.7439,16.0725,11.2289,15.3350,11.9659,11.1063,12.7971,11.4498,12.7857,10.6194,10.8476,13.2624,11.4743,11.6498,9.0616,12.1929,10.3256,11.2724,10.1905,11.1856,10.7168,13.4798,10.8118,8.4140,8.8891,8.6508,7.7969,6.9853,9.1617,7.2031,6.6046,7.1340,6.9219,5.8096,5.3395,4.7278,4.8546,5.2826,4.3360,4.4436,3.9798,4.8949,2.2578,2.7012,1.9463,1.4668,-0.0868,-2.7822,1.5604,1.2317,0.9761,1.2478,1.7453,1.0063,5.5919,2.5759,3.5405,4.9145,6.5988,3.2195,5.7461,2.3734,2.2210,2.0552,1.8720,2.6281,2.3099,3.6278,3.7748,5.8544,4.3414,4.8978,4.2370,9.6343,9.5452,7.2697,7.5701,10.8162,7.7957,10.7122,7.8604,8.0953,8.3304,8.5665,8.8002,9.0296,9.2608,9.4870,9.7117,9.9338,10.1517,10.3637,10.5713,10.7739,10.9710,11.1626,11.3487,11.5293,11.7050,11.8758,12.0418,12.2034,12.3615,12.5146,12.6638,12.8099,12.9520,13.0900,13.2248,13.3559,13.4836,13.6076,13.7288,13.8470,13.9625,14.0753,14.1855,14.2935,14.3996,14.5039,14.6065,14.7073,14.8065,14.9039,14.9993,15.0929,15.1838,15.2707,15.3430,15.4092
45111.9583333,14.9076,16.3263,16.4780,15.9849,23.4264,16.3828,17.0986,13.0485,16.2194,14.3611,14.2414,13.6578,11.8655,13.3566,12.6060,11.9338,12.4784,11.3221,10.3120,9.2255,10.7875,7.8780,7.7503,7.3688,7.0827,13.1897,6.1503,5.4402,5.6561,4.1722,2.3364,0.4222,-0.1623,2.8485,3.6921,3.5580,6.3142,7.7151,3.5192,8.9279,9.7995,8.4704,5.9927,7.3413,21.9250,12.7234,10.0122,11.5562,8.9732,8.2616,10.7563,12.3842,13.8463,13.1652,7.3320,8.6029,8.4703,9.7396,17.3071,12.8933,13.0104,11.4745,9.1650,8.3647,9.0921,9.0154,11.6895,11.8690,5.2130,5.2670,5.9174,5.8979,4.6500,3.9809,5.2538,6.3698,5.1678,4.4180,3.6382,9.0264,17.7860,15.4800,8.4943,7.0112,7.7525,6.9146,12.5860,9.5915,13.4117,8.0695,11.9183,17.3080,17.8149,15.2309,7.3790,9.3430,10.2064,10.6959,10.3046,9.2837,9.5285,15.0912,13.0481,13.8579,17.7793,18.8347,14.5569,16.9988,11.7095,17.1879,12.5508,11.5583,13.3893,11.5186,13.2306,10.3297,11.0282,14.1904,12.5760,12.7749,8.9005,13.2110,10.9837,12.8912,12.8101,14.2392,13.6319,16.2443,13.0340,9.1590,10.3885,10.4809,10.3086,10.0893,12.5336,10.6473,10.0113,10.8505,9.6584,8.8864,8.1704,8.0383,7.5561,7.7896,7.4810,6.2319,6.2013,7.7877,5.3210,5.3636,4.8374,4.2200,3.0802,0.9156,3.7309,3.7837,3.6974,3.6026,3.9680,3.4045,7.5436,4.7888,5.3877,6.5965,7.7625,4.6539,7.1095,3.9766,4.0821,3.7355,2.8659,3.7321,3.6675,4.8920,4.9103,6.3094,4.6655,5.2075,4.5378,9.5426,9.1350,6.7644,6.9976,10.0612,6.9040,9.9357,7.1443,7.3299,7.5196,7.7142,7.9114,8.1100,8.3144,8.5200,8.7292,8.9413,9.1550,9.3692,9.5845,9.8004,10.0162,10.2313,10.4454,10.6579,10.8688,11.0774,11.2833,11.4863,11.6866,11.8826,12.0748,12.2635,12.4477,12.6272,12.8025,12.9730,13.1389,13.2999,13.4566,13.6088,13.7567,13.9002,14.0395,14.1748,14.3063,14.4342,14.5586,14.6796,14.7976,14.9124,15.0244,15.1338,15.2402,15.3427,15.4323,15.5085
45112.0000000,14.9688,17.9805,18.0511,17.7719,25.7381,17.4770,19.2894,15.3332,18.9459,16.1075,16.3438,16.0570,13.3165,16.4792,16.3995,15.6830,16.4976,15.3310,13.1905,12.3537,14.8284,11.3893,10.5049,11.1336,10.8217,17.0488,9.9559,8.7946,9.6285,7.6458,6.4019,4.4834,3.6012,5.7204,6.1680,5.5904,7.8557,8.8539,4.6110,9.9721,10.5816,8.9837,6.5699,7.6582,21.3120,13.0450,10.0633,11.6248,9.0869,7.8920,10.6186,12.4430,13.8811,13.2798,6.6685,9.9170,9.7374,10.7932,17.9731,13.6173,13.6806,12.1706,10.5044,10.0872,10.2150,10.5103,13.4144,13.8126,7.3070,7.3321,8.1122,8.1933,6.9589,6.0148,6.2539,8.3831,7.2283,6.6483,5.8607,10.6108,18.3457,16.2390,9.4767,7.8239,8.8231,7.8770,13.5258,10.4528,14.2425,8.5942,12.7478,17.8103,18.2397,15.9577,7.6482,9.9239,10.7915,10.7546,10.6209,9.4525,9.7350,15.3721,13.7521,14.3748,18.4934,19.5270,15.0653,17.8787,12.0949,18.7530,12.8970,11.7528,13.6856,11.4080,13.3810,9.9639,10.9458,14.6696,13.1520,13.3402,8.5029,13.5964,11.0363,13.6637,14.4189,16.2053,15.3457,17.8320,14.0062,8.9351,10.6769,11.0167,11.3990,11.7315,14.6509,12.8235,12.2125,13.5835,11.4224,11.0525,10.1635,10.6534,9.5997,9.7802,10.2227,7.6087,8.0136,10.5370,8.0400,7.6717,7.4035,6.5642,5.8317,4.1886,5.4492,6.0212,6.2336,5.6130,6.0697,5.6114,9.6974,7.0695,7.3063,8.4207,9.1214,6.0736,8.6193,5.5087,5.9782,5.4184,3.7548,5.2234,5.3624,6.5341,6.3604,7.1332,5.2994,5.8057,5.0764,9.7877,9.0986,6.6521,6.8082,9.6722,6.4594,9.4722,6.7422,6.8606,6.9848,7.1153,7.2503,7.3891,7.5348,7.6840,7.8387,7.9983,8.1620,8.3290,8.5000,8.6745,8.8521,9.0325,9.2155,9.4007,9.5880,9.7771,9.9676,10.1593,10.3524,10.5456,10.7391,10.9329,11.1262,11.3187,11.5104,11.7006,11.8892,12.0756,12.2600,12.4419,12.6211,12.7973,12.9702,13.1398,13.3060,13.4687,13.6277,13.7831,13.9347,14.0826,14.2267,14.3671,14.5035,14.6345,14.7517,14.8465
45112.0416667,14.3321,18.6470,18.5763,18.4575,27.0399,17.5042,20.3219,15.8021,19.8542,16.0372,16.6037,16.6137,13.0407,17.0813,17.9560,17.5215,19.0495,18.1153,14.8827,14.3701,18.0298,13.8684,12.2410,13.9513,13.6522,20.4413,12.9655,11.3196,13.1519,10.5944,10.3907,8.6410,7.8137,9.2061,9.4648,8.4826,10.4809,11.1618,6.6881,11.7304,12.2004,10.3757,7.9868,8.8692,21.6246,13.9819,10.5973,11.6181,9.1102,7.5696,10.4444,12.3993,13.7733,13.1996,6.0770,10.7141,10.3811,11.2047,18.0385,13.6791,13.6668,12.1498,10.9959,10.9167,10.5304,11.1792,14.4395,15.0312,8.8255,8.9640,10.0042,10.2602,9.0110,7.6931,7.0442,10.2161,9.0644,8.6822,7.8634,12.1152,19.0037,17.0778,10.4416,8.4752,9.7339,8.6848,14.4347,11.2633,15.0811,9.1061,13.5728,18.3713,18.7191,16.6738,7.8960,10.4145,11.2807,10.8255,10.8795,9.5798,9.8855,15.6572,13.3264,13.9480,18.4104,19.5899,15.0886,18.0615,12.0331,19.9806,13.0931,11.8802,13.9049,11.3297,13.5026,9.7280,10.8866,15.0468,13.5891,13.7601,8.2233,13.8237,10.9817,14.1433,15.6030,17.6922,16.5223,18.8915,14.4506,8.5056,10.5189,10.9878,11.7422,12.4957,15.8934,14.0491,13.4314,15.3561,12.2741,12.2568,11.2213,12.3435,10.7822,10.9918,12.2252,8.3680,9.1932,12.8146,10.1959,9.4698,9.5316,8.5194,8.2601,7.1835,6.9487,8.1311,8.7713,7.5586,7.7378,7.4484,11.8743,9.1707,9.1528,10.2934,10.6150,7.4987,10.3192,7.0891,8.0408,7.2453,4.7057,6.2245,6.7991,8.2020,7.9666,8.2445,6.2237,6.7701,5.9893,10.5820,9.6557,7.1298,7.2255,9.9339,6.6773,9.6465,6.9504,6.9996,7.0539,7.1143,7.1798,7.2501,7.3276,7.4103,7.4994,7.5948,7.6959,7.8022,7.9140,8.0310,8.1530,8.2795,8.4105,8.5455,8.6846,8.8274,8.9737,9.1232,9.2762,9.4317,9.5899,9.7508,9.9138,10.0787,10.2455,10.4138,10.5834,10.7540,10.9255,11.0977,11.2703,11.4431,11.6157,11.7881,11.9600,12.1313,12.3016,12.4708,12.6387,12.8050,12.9696,13.1323,13.2923,13.4480,13.5906,13.7042
45112.0833333,13.2476,18.4976,18.3398,18.3690,27.5445,16.9557,20.6452,15.9947,20.4488,15.8135,16.6155,16.8018,12.5173,17.3808,18.8156,18.2990,20.2056,19.2966,14.9289,14.6740,19.6235,14.7112,12.4939,15.3456,15.1685,22.9165,14.8564,12.7712,15.8415,12.6397,13.7420,12.2332,11.6969,12.4642,12.7246,11.3994,13.4092,13.9583,9.1172,13.9678,14.3366,12.2576,9.8184,10.5564,22.6475,15.5592,11.7485,12.1568,9.5591,7.7128,10.6276,12.5956,13.8321,13.2241,5.7666,11.3932,10.8743,11.4675,17.9756,13.5769,13.4683,11.9170,11.1419,11.3095,10.4616,11.3625,14.9054,15.6050,9.6559,9.9937,11.3727,11.8649,10.6186,9.0040,7.6024,11.8192,10.6655,10.4917,9.6145,13.4808,19.6459,17.8710,11.2740,8.9960,10.4949,9.3450,15.2704,11.9785,15.8661,9.5525,14.3390,18.9360,19.2167,17.3845,8.1578,10.8991,11.7744,10.9755,11.1744,9.7653,10.0831,15.9378,12.7890,13.3205,17.9393,19.1599,14.5807,17.6229,11.3870,20.4212,12.7054,11.5235,13.6800,10.9262,13.2790,9.2995,10.6088,15.1415,13.7576,13.9518,7.9628,13.9314,10.8857,14.4698,16.5378,18.9148,17.4226,19.6839,14.6708,8.1274,10.2754,10.8148,11.8130,12.8687,16.6686,14.7521,14.0881,16.4944,12.5719,12.8132,11.6326,13.2817,11.2709,11.5115,13.4438,8.5385,9.6926,14.3695,11.5674,10.5334,10.9457,9.8414,10.1195,9.6737,8.0563,9.8773,11.0273,9.1691,9.1030,8.9536,13.9205,11.0292,10.7878,12.0063,11.9918,8.7026,11.9247,8.4742,10.0270,9.0145,5.5649,7.1727,8.0941,9.7476,9.4254,9.2484,6.9969,7.6112,6.7727,11.4071,10.2767,7.6552,7.7248,10.3661,7.0479,10.0456,7.3661,7.3886,7.4143,7.4436,7.4757,7.5104,7.5492,7.5908,7.6361,7.6851,7.7376,7.7935,7.8533,7.9169,7.9845,8.0561,8.1318,8.2116,8.2957,8.3842,8.4769,8.5739,8.6753,8.7808,8.8903,9.0039,9.1213,9.2423,9.3668,9.4946,9.6256,9.7594,9.8959,10.0351,10.1766,10.3202,10.4658,10.6132,10.7622,10.9126,11.0644,11.2172,11.3710,11.5255,11.6805,11.8359,11.9909,12.1437,12.2863,12.3998
45112.1250000,11.8639,17.6559,17.4030,17.5137,27.1136,15.7134,20.0355,15.3341,20.1204,14.8712,15.8618,16.2239,11.5384,16.9996,18.9732,18.4749,20.7579,19.8545,14.5343,14.3853,20.3020,14.6571,11.9550,15.5874,15.4305,24.0695,15.3201,12.8204,17.1393,13.3038,15.8391,14.6426,14.5986,14.8027,15.1846,13.5251,15.7360,16.2770,10.9358,15.6605,16.0083,13.6881,11.1740,11.8674,23.6255,17.1749,12.9853,12.7586,10.1430,8.0431,11.0077,12.9970,14.0983,13.4259,5.7220,12.0869,11.3415,11.6781,17.8300,13.3440,13.1063,11.4981,10.9904,11.3273,10.0896,11.1582,14.8959,15.6375,9.8852,10.3973,12.0781,12.7808,11.5220,9.6985,7.6829,12.8526,11.6919,11.7113,10.7427,14.2840,19.8030,18.1408,11.5291,8.9744,10.6821,9.4546,15.5809,12.1688,16.1480,9.5258,14.6069,19.0490,19.2782,17.6513,8.0458,10.9901,11.8863,10.8047,11.1200,9.6342,9.9723,15.9102,11.9208,12.3867,17.0761,18.3168,13.7096,16.7605,10.4559,20.2444,11.8827,10.7233,12.9313,10.0793,12.5094,8.4581,9.8376,14.5912,13.2743,13.5064,7.3300,13.5172,10.3965,14.3257,16.9348,19.6297,17.8614,20.0465,14.5359,7.6326,9.8384,10.4275,11.5924,12.8666,16.9931,14.9841,14.2611,17.0721,12.4174,12.8479,11.5461,13.5984,11.2149,11.4707,13.9550,8.2493,9.6160,15.1618,12.1428,10.8453,11.5552,10.3958,11.1785,11.3525,8.5279,10.9269,12.6028,10.1099,9.8213,9.8218,15.4366,12.3081,11.8824,13.2114,12.9009,9.3963,13.0911,9.3836,11.6160,10.4240,6.1128,7.8600,9.1402,11.1013,10.7012,10.1099,7.6065,8.2897,7.3732,12.1172,10.7773,8.0243,8.0601,10.6628,7.2476,10.2845,7.5824,7.5810,7.5828,7.5880,7.5963,7.6072,7.6220,7.6394,7.6601,7.6841,7.7110,7.7406,7.7732,7.8088,7.8472,7.8884,7.9325,7.9795,8.0293,8.0821,8.1378,8.1964,8.2582,8.3228,8.3905,8.4614,8.5354,8.6124,8.6928,8.7762,8.8629,8.9528,9.0459,9.1422,9.2417,9.3443,9.4499,9.5586,9.6702,9.7846,9.9018,10.0216,10.1439,10.2685,10.3954,10.5243,10.6546,10.7846,10.9075,11.0055
45112.1666667,10.6969,16.7531,16.4160,16.5805,26.4597,14.5096,19.1986,14.4591,19.3950,13.7087,14.7784,15.2108,10.2956,16.0806,18.4326,17.9368,20.5413,19.6745,13.6727,13.6298,20.3357,14.1475,11.1663,15.3311,15.2007,24.6255,15.2465,12.3945,17.6429,13.1851,16.8723,15.9216,16.3705,16.0703,16.6447,14.6737,17.2273,17.8522,11.9033,16.8785,17.2149,14.6145,11.9747,12.6513,24.2740,18.4163,13.8304,12.9268,10.3147,8.0252,11.0768,13.1687,14.2226,13.5371,5.6497,12.6982,11.7790,11.9200,17.7752,13.2159,12.8595,11.1888,10.8591,11.2933,9.7173,10.8625,14.6780,15.3798,9.6738,10.3103,12.2613,13.1671,11.8873,9.8380,7.3815,13.3450,12.1751,12.4032,11.3585,14.6704,19.6552,18.0956,11.4629,8.6914,10.5394,9.2362,15.5068,11.9796,16.0225,9.1548,14.4494,18.7579,18.9370,17.4745,7.5898,10.6540,11.5689,10.2929,10.6982,9.1699,9.5229,15.5055,10.8380,11.2531,15.9348,17.1807,12.6023,15.5947,9.3277,19.5712,10.7846,9.6647,11.8792,9.0364,11.4692,7.4885,8.8620,13.6812,12.4296,12.6771,6.4960,12.6670,9.5426,13.6654,16.7215,19.7270,17.7520,19.9169,14.0325,6.9979,9.1938,9.8164,11.0944,12.5370,16.9582,14.8781,14.1074,17.2597,12.0143,12.5630,11.1590,13.5029,10.8329,11.0869,13.9864,7.7221,9.1875,15.4055,12.1876,10.6832,11.6027,10.3666,11.5380,12.2461,8.4519,11.3216,13.4949,10.4448,9.9753,10.0989,16.3725,12.9919,12.4221,13.8895,13.3455,9.6410,13.7867,9.8177,12.6945,11.3361,6.2735,8.1707,9.7964,12.1117,11.6700,10.7347,8.0033,8.7686,7.7879,12.7080,11.1930,8.3170,8.3342,10.9334,7.4256,10.5065,7.7654,7.7391,7.7154,7.6943,7.6758,7.6598,7.6472,7.6374,7.6308,7.6276,7.6275,7.6304,7.6366,7.6460,7.6584,7.6739,7.6925,7.7139,7.7383,7.7655,7.7955,7.8283,7.8639,7.9021,7.9429,7.9865,8.0326,8.0812,8.1324,8.1861,8.2423,8.3010,8.3622,8.4259,8.4920,8.5607,8.6318,8.7054,8.7816,8.8603,8.9415,9.0252,9.1115,9.2003,9.2916,9.3854,9.4811,9.5778,9.6700,9.7442
45112.2083333,9.2523,15.3950,15.0600,15.3098,25.3967,13.1779,18.1467,13.5167,18.5836,12.6654,13.8013,14.3034,9.3473,15.2224,17.8179,17.2887,20.0852,19.2024,12.7171,12.7129,19.9470,13.3748,10.2592,14.7262,14.6257,24.7102,14.8377,11.7791,17.7458,12.8225,17.4341,16.6796,17.5488,16.7634,17.4985,15.2199,18.1146,18.8457,12.3032,17.7076,18.1046,15.2756,12.5351,13.2463,24.8752,19.5631,14.5476,13.2048,10.5078,8.0420,11.1574,13.2937,14.2757,13.5588,5.5126,13.1533,12.0887,12.0831,17.7179,13.1151,12.6890,10.9960,10.8418,11.3867,9.5551,10.7679,14.6299,15.1729,9.3388,9.9999,12.1467,13.2278,11.9308,9.6813,6.9401,13.5047,12.3376,12.7804,11.6855,14.8406,19.3897,17.9406,11.3122,8.3979,10.3520,9.0106,15.3975,11.7934,15.8923,8.8609,14.3027,18.4906,18.6206,17.2913,7.2341,10.3374,11.2504,9.8367,10.2955,8.7430,9.0905,15.0456,9.8959,10.2475,14.8333,16.0565,11.5523,14.4192,8.2895,18.7049,9.6876,8.6062,10.7630,8.0027,10.3660,6.5581,7.8747,12.6285,11.4510,11.7127,5.7113,11.6958,8.6420,12.8175,16.1964,19.4548,17.3143,19.4676,13.3283,6.3518,8.4792,9.1136,10.4493,12.0030,16.6509,14.5424,13.7604,17.2080,11.5434,12.1856,10.7294,13.2778,10.4195,10.6681,13.8594,7.2595,8.7423,15.4305,12.0514,10.3980,11.4510,10.1264,11.5502,12.6688,8.1390,11.3389,13.9405,10.4252,9.8086,10.0193,16.8891,13.2550,12.5690,14.1784,13.4513,9.5892,14.1374,9.9396,13.4045,11.8994,6.2341,8.2130,10.1358,12.8085,12.3521,11.1366,8.2156,9.0703,8.0481,13.1811,11.5279,8.5480,8.5675,11.1993,7.6106,10.7630,7.9877,7.9572,7.9276,7.8990,7.8715,7.8450,7.8201,7.7965,7.7747,7.7547,7.7365,7.7201,7.7058,7.6937,7.6837,7.6760,7.6706,7.6676,7.6671,7.6692,7.6739,7.6812,7.6912,7.7038,7.7192,7.7373,7.7581,7.7815,7.8076,7.8364,7.8677,7.9016,7.9380,7.9769,8.0182,8.0620,8.1081,8.1566,8.2073,8.2604,8.3156,8.3732,8.4329,8.4948,8.5589,8.6250,8.6930,8.7619,8.8281,8.8815
45112.2500000,8.2627,14.2343,13.8106,14.0422,24.0859,11.7589,16.7859,12.3126,17.3754,11.3517,12.5020,13.0540,8.2166,14.0396,16.8379,16.3426,19.3077,18.4473,11.7037,11.7540,19.2791,12.4808,9.3517,13.9262,13.8262,24.3083,14.0679,10.9329,17.3739,12.1505,17.4814,16.9132,18.1766,16.9572,17.8263,15.2815,18.4482,19.2569,12.2177,17.9947,18.4223,15.3753,12.5571,13.3176,25.0293,20.2778,14.9127,13.3326,10.6356,8.0479,11.2452,13.4331,14.3574,13.6053,5.4456,13.5967,12.3793,12.2065,17.6049,12.9074,12.3856,10.6688,10.6804,11.3466,9.3137,10.5924,14.4975,14.8752,8.9678,9.6067,11.8397,13.0247,11.6960,9.2969,6.3849,13.3020,12.1138,12.7093,11.5541,14.5284,18.6469,17.2640,10.6597,7.6848,9.7257,8.4050,14.8696,11.2335,15.3797,8.2727,13.8022,17.8822,17.9832,16.8063,6.7225,9.8554,10.7695,9.2537,9.7427,8.1960,8.5386,14.4137,9.0017,9.2855,13.6941,14.8586,10.4658,13.2134,7.3369,17.6982,8.6237,7.5947,9.6256,6.9822,9.2050,5.6280,6.8537,11.4139,10.2974,10.5583,4.8929,10.5597,7.6392,11.7432,15.3191,18.7555,16.4796,18.5947,12.3256,5.5912,7.6270,8.2682,9.6190,11.2209,15.9832,13.8723,13.0987,16.7597,10.8320,11.5615,10.1198,12.7943,9.8415,10.0942,13.4730,6.7497,8.2341,15.1989,11.6991,9.9595,11.1159,9.7664,11.3611,12.7966,7.7436,11.1111,14.0163,10.1155,9.4239,9.6814,17.0039,13.1106,12.3394,14.0417,13.1491,9.1684,14.0380,9.6669,13.6491,12.0367,5.9554,8.0254,10.1573,13.1229,12.6350,11.1726,8.0932,9.0206,7.9654,13.2677,11.4653,8.3743,8.3828,11.0339,7.3657,10.5877,7.7970,7.7919,7.7838,7.7731,7.7599,7.7445,7.7278,7.7097,7.6909,7.6717,7.6523,7.6330,7.6140,7.5955,7.5776,7.5606,7.5445,7.5294,7.5156,7.5030,7.4919,7.4822,7.4741,7.4677,7.4629,7.4600,7.4590,7.4599,7.4627,7.4676,7.4746,7.4837,7.4949,7.5084,7.5240,7.5419,7.5621,7.5845,7.6092,7.6362,7.6654,7.6969,7.7306,7.7665,7.8047,7.8449,7.8872,7.9307,7.9730,8.0064
45112.2916667,6.5426,12.2355,11.7815,11.9626,21.7938,9.5535,14.4545,10.1153,15.1031,9.1498,10.2606,10.8311,6.2739,11.9105,14.7895,14.3367,17.3869,16.5514,9.7825,9.9320,17.5618,10.7015,7.7251,12.2873,12.2143,22.8601,12.3639,9.2716,15.9808,10.6415,16.5042,16.1014,17.7268,16.1528,17.0909,14.3233,17.6515,18.4585,11.0411,17.0478,17.4097,14.1602,11.2472,12.0311,23.8082,19.4983,13.8914,12.2297,9.6491,7.0608,10.3328,12.5739,13.4771,12.7033,4.5634,13.0758,11.8154,11.5382,16.7222,11.8992,11.2649,9.5115,9.6260,10.4144,8.3055,9.6550,13.6241,13.9420,8.2462,8.9377,11.1894,12.3606,10.9389,8.4189,5.4866,12.4651,11.1482,11.7522,10.4284,13.1186,16.7970,15.3320,8.7237,5.7208,7.6712,6.3772,12.7332,9.0761,13.1746,6.1580,11.5937,15.5485,15.6484,14.6155,4.7735,7.8891,8.8381,7.3362,7.8312,6.3590,6.7260,12.4451,7.2051,7.4366,11.6081,12.6744,8.4280,11.0798,5.6293,15.8504,6.9796,6.1092,8.0283,5.5465,7.5759,4.2908,5.3662,9.6111,8.5115,8.7335,3.5375,8.7674,6.0367,9.9560,13.5493,17.0446,14.6390,16.6665,10.3620,4.0844,5.9925,6.6560,8.0125,9.6279,14.3934,12.3041,11.5634,15.3413,9.3115,10.1005,8.7409,11.4946,8.5447,8.8181,12.2804,5.6386,7.1127,14.1860,10.5957,8.8219,10.0491,8.7763,10.5530,12.2727,6.9587,10.3835,13.4625,9.2757,8.4409,8.6582,16.2569,12.0892,11.2335,12.9551,11.9291,7.8611,12.8772,8.4018,12.7473,11.1147,4.9193,7.0655,9.3664,12.5863,12.0638,10.4221,7.2250,8.1732,7.0774,12.4542,10.5112,7.3012,7.2277,9.8087,6.0923,9.2200,6.3815,6.3634,6.3487,6.3368,6.3272,6.3192,6.3130,6.3074,6.3022,6.2971,6.2917,6.2856,6.2789,6.2711,6.2623,6.2524,6.2413,6.2291,6.2158,6.2015,6.1864,6.1707,6.1544,6.1377,6.1209,6.1042,6.0876,6.0713,6.0555,6.0404,6.0259,6.0122,5.9995,5.9878,5.9771,5.9676,5.9594,5.9524,5.9468,5.9427,5.9400,5.9385,5.9387,5.9402,5.9425,5.9469,5.9531,5.9605,5.9665,5.9706
45112.3333333,4.7412,10.0727,9.6820,9.8788,19.5044,7.6388,12.2768,8.1295,12.8880,7.1719,8.1497,8.6269,4.4038,9.2705,12.1097,11.7216,14.7982,14.0235,7.4778,7.6719,15.2573,8.5263,5.8106,10.1751,10.1385,20.8973,10.3665,7.3727,14.1137,8.7552,14.8551,14.5756,16.4560,14.6641,15.7287,12.8701,16.3989,17.2365,9.5657,15.7851,16.1076,12.7589,9.7887,10.5785,22.3034,18.1558,12.3185,10.6444,8.0907,5.6287,8.8551,11.0774,11.9748,11.2455,3.3922,11.8684,10.6170,10.3473,15.4803,10.6604,10.0024,8.2543,8.3704,9.1860,7.0607,8.3630,12.2905,12.6165,7.1165,7.9705,10.3616,11.5978,10.1350,7.4633,4.6974,11.6249,10.2290,10.9047,9.4749,12.0240,15.4857,13.9818,7.4530,4.5165,6.2160,4.9519,10.9681,7.2983,11.1781,4.4286,9.4683,13.1754,13.1924,12.1190,2.7426,5.5273,6.4183,5.0721,5.4823,4.1132,4.4519,9.8374,5.0261,5.2460,9.1540,10.1684,6.1683,8.6148,3.6190,13.4110,4.9234,4.2100,6.0733,3.8668,5.7139,2.8448,3.7414,7.6719,6.6655,6.8888,2.2564,6.9049,4.3835,8.0122,11.5053,14.9945,12.5339,14.5111,8.2918,2.6377,4.2750,4.8465,6.0767,7.6060,12.2714,10.2544,9.5832,13.3874,7.4571,8.2384,6.9790,9.7468,6.9070,7.2047,10.6587,4.3108,5.6926,12.7233,9.1491,7.4181,8.6479,7.4197,9.2757,11.1665,5.8890,9.3236,12.5526,8.2757,7.4308,7.5895,15.4115,11.0309,10.1770,11.9236,10.8822,6.7961,11.7481,7.2231,11.5811,9.8575,3.7511,5.7508,8.0538,11.4530,10.9377,9.2803,6.0638,7.0260,5.9604,11.3782,9.4646,6.2548,6.1434,8.6617,5.0459,8.0026,5.1594,5.1433,5.1230,5.0992,5.0725,5.0428,5.0123,4.9806,4.9486,4.9166,4.8851,4.8544,4.8249,4.7969,4.7704,4.7455,4.7222,4.7011,4.6803,4.6610,4.6425,4.6247,4.6075,4.5903,4.5733,4.5560,4.5384,4.5204,4.5017,4.4825,4.4626,4.4420,4.4207,4.3987,4.3761,4.3528,4.3280,4.2934,4.2621,4.2290,4.1968,4.1647,4.1337,4.1036,4.0749,4.0481,4.0234,4.0007,3.9770,3.9593
45112.3750000,1.2251,6.1502,6.0542,6.3494,15.8390,4.5545,8.9719,5.1892,9.9468,4.7107,5.6714,6.2239,2.5528,6.1719,8.9558,8.7142,11.7712,10.7843,4.6904,4.7525,12.2031,5.6127,3.3605,7.5124,7.5182,18.2504,7.7196,4.9734,11.7149,6.4415,12.6074,12.3719,14.2439,12.0171,12.8572,9.8482,13.8047,15.0781,7.4647,14.0089,14.2584,10.9824,7.9712,8.8630,20.6244,16.4008,10.4980,8.9168,6.4252,4.2355,7.3988,9.0272,9.6695,8.7074,1.3845,9.5175,8.3188,8.2236,13.2052,8.4803,8.0925,6.0819,6.2468,7.2448,5.4272,6.6228,10.5193,10.4701,4.9320,6.5220,9.0302,10.3670,8.9648,6.1636,3.8538,10.4662,9.0472,9.8418,8.2683,10.6422,14.1396,12.4644,5.9287,3.5059,4.4935,3.4636,9.2702,5.6637,9.2692,2.9609,7.2385,10.6326,10.7697,9.6664,0.5982,3.0711,3.9881,2.9998,3.1653,2.1393,2.0454,7.0830,1.8802,2.2834,5.7917,6.6174,2.5892,5.1177,0.7145,10.0514,2.0025,1.4562,3.3738,1.5528,3.3369,0.8437,1.2797,4.9397,4.0901,4.3651,0.4578,4.7436,2.2776,5.6013,8.9496,12.5025,10.0108,11.9148,5.8258,1.0039,2.4889,2.9527,3.9608,5.2882,9.5466,7.6691,7.1300,10.9378,5.0432,5.6593,4.6436,7.4787,4.7614,5.1590,8.6128,2.6952,3.9737,10.8994,7.2794,5.6129,6.7536,5.6981,7.6694,9.6176,4.6647,8.0599,11.3209,6.9582,6.1100,6.0771,14.5493,9.3406,8.6104,10.2111,9.3229,5.2634,9.8614,5.5402,9.6463,7.9184,2.1033,3.8890,6.0921,9.7617,8.9883,7.7381,4.3031,5.2559,4.2365,9.7141,8.1367,4.7452,4.4555,6.9153,3.3326,6.0107,2.8148,2.9274,3.0278,3.1159,3.1908,3.2516,3.3029,3.3430,3.3729,3.3926,3.4036,3.4062,3.4011,3.3891,3.3710,3.3472,3.3191,3.2866,3.2508,3.2120,3.1708,3.1277,3.0831,3.0372,2.9905,2.9431,2.8950,2.8451,2.7805,2.6393,2.5428,2.4408,2.3370,2.2358,2.1399,2.0459,1.9541,1.8655,1.7795,1.6976,1.6193,1.5439,1.4720,1.4033,1.3379,1.2757,1.2170,1.1615,1.1031,1.0599
45112.4166667,-0.3196,3.7820,3.6969,3.8692,13.7146,2.2201,5.7916,2.3670,7.0807,1.8040,2.4536,2.7998,-0.3500,1.8815,4.4656,4.5328,8.5128,7.1357,2.1731,1.7414,8.9353,2.7040,0.8268,4.5932,4.5943,15.7143,4.5660,1.8909,8.4546,3.1045,8.9426,9.1274,11.9594,9.9563,10.8525,7.5331,10.6426,11.2052,3.5934,10.9304,10.4284,7.4692,4.4439,5.5025,18.4509,13.4596,7.1604,5.8035,3.6121,1.9251,5.8277,7.5511,8.3369,7.3998,0.0973,7.2435,5.4842,5.9545,11.0576,5.3227,5.6336,2.9618,2.8065,3.7299,2.5254,3.5315,8.4433,8.6382,2.2597,4.3429,7.5017,8.3595,7.4416,4.3339,2.6210,9.7025,7.3593,9.0989,6.4072,8.8564,13.8913,11.8130,4.1994,2.5889,2.4058,1.4468,6.7729,3.1488,6.6057,1.4870,5.5063,8.2826,8.5100,7.1623,-1.4417,0.0008,0.8036,0.3487,0.2799,0.0936,-0.5152,4.6949,-0.5421,0.4266,3.7542,4.3011,0.1286,1.6774,-2.5570,6.2184,-1.1923,-1.5722,0.1353,-1.2463,0.8904,-0.9205,-1.2447,1.8379,1.5277,1.4929,-2.0931,1.9290,-0.6140,2.7490,5.1522,8.8323,6.6381,8.8089,2.7572,-1.6045,-0.2999,0.1410,1.2355,2.6958,6.5257,4.2624,3.9197,8.4177,2.9839,2.9577,1.8899,4.7829,2.4252,2.3920,5.7222,0.1949,1.5486,8.2580,4.8713,2.7774,4.2309,2.8672,4.9304,7.1213,2.7322,6.1069,10.1004,5.1835,4.9014,4.1278,13.5511,8.2522,7.5141,8.3550,8.1412,3.8828,8.0242,4.1305,7.7121,5.8874,0.3709,1.9450,3.6485,7.7110,6.9626,6.0859,2.2602,3.5475,2.0946,8.3111,6.9469,3.6914,3.4508,6.0563,2.7161,4.9972,1.1499,1.0954,1.0554,1.0298,1.0173,1.0143,1.0263,1.0488,1.0805,1.1195,1.1646,1.2139,1.2655,1.3178,1.3689,1.4173,1.4612,1.4919,1.4759,1.4687,1.4599,1.4389,1.4174,1.3907,1.3649,1.3286,1.2930,1.2526,1.2072,1.1554,1.0972,1.0277,0.9478,0.8589,0.7633,0.6602,0.5507,0.4366,0.3185,0.1984,0.0772,-0.0447,-0.1660,-0.2860,-0.4039,-0.5189,-0.6302,-0.7366,-0.8451,-0.9185
45112.4583333,-0.9276,2.4716,2.5562,2.6655,12.4040,1.0667,4.1276,0.9135,5.6833,0.6919,0.9487,1.0243,-1.5059,-0.7515,1.0038,0.9943,5.0016,3.4825,-0.3896,-0.9293,5.4414,-0.2826,-1.5289,1.7604,1.9584,13.1270,1.9959,-0.3506,6.1457,1.0703,6.6573,6.5117,9.6442,7.9705,8.9641,5.7634,9.0692,9.2626,1.6775,9.0509,8.3044,4.9219,1.9451,3.0260,16.4497,10.8565,4.5086,3.3685,1.2825,0.1346,4.0151,5.6588,6.5106,5.9752,-0.5977,5.8050,4.1092,5.1799,10.2307,4.1312,4.6791,1.8808,1.5125,2.3030,1.5747,2.0676,6.4222,6.4611,0.2181,2.3958,6.0475,6.7399,6.0685,2.7434,1.6228,8.6226,5.8923,8.2571,5.1445,7.7569,13.8591,11.5725,3.7169,2.3195,1.8923,1.3328,6.2689,2.5198,6.3947,1.4725,5.0904,7.8388,8.0497,6.4334,-1.3113,-0.5131,0.1368,0.1279,-0.2508,-0.2023,-1.0192,3.3967,-1.9779,-0.9760,2.0956,2.5788,-1.1689,-0.2669,-3.8691,3.8116,-2.6643,-2.9494,-1.5463,-2.7541,-0.8973,-2.1471,-2.9433,-0.5423,-0.6175,-0.6055,-3.3772,-0.1489,-2.4671,0.4145,2.0408,6.0038,4.0360,6.4048,0.7531,-2.6830,-1.6443,-1.3299,-0.3129,1.0949,4.6666,1.9298,1.3293,5.7100,1.0071,1.0658,-0.2100,2.6528,0.5927,0.3874,3.6446,-1.2456,-0.0494,6.4630,3.0996,1.1240,2.5396,0.9474,2.5057,4.6024,1.0224,4.1823,8.1010,3.3370,3.1635,2.2352,12.0046,6.8722,6.1339,6.9440,7.0054,2.9905,7.1795,3.2099,6.4862,4.7915,-0.0665,1.1360,2.3873,6.4400,5.6742,5.0927,1.2921,2.6778,1.1318,7.6384,6.3270,3.1902,2.9537,5.5837,2.4595,4.4740,0.5625,0.4374,0.3306,0.2446,0.1783,0.1248,0.0877,0.0574,0.0475,0.0456,0.0360,0.0162,-0.0097,-0.0495,-0.0919,-0.1415,-0.1875,-0.2310,-0.2660,-0.2954,-0.3123,-0.3232,-0.3216,-0.3115,-0.2900,-0.2660,-0.2330,-0.1964,-0.1578,-0.1197,-0.0839,-0.0551,-0.0341,-0.0213,-0.0160,-0.0201,-0.0334,-0.0554,-0.0864,-0.1254,-0.1724,-0.2273,-0.2894,-0.3583,-0.4333,-0.5139,-0.5991,-0.6871,-0.7870,-0.8539
45112.5000000,-0.4590,2.3193,2.8042,3.0070,12.0464,0.7886,2.7429,-0.9508,4.0446,-0.1149,-0.1144,-0.7100,-2.8867,-3.1041,-1.9276,-2.6379,1.0256,-0.6923,-3.9885,-4.6119,1.6050,-3.9982,-4.4927,-1.9053,-1.2609,9.5500,-0.8867,-3.4292,2.9016,-2.0503,3.5031,3.0809,6.5663,5.2866,6.6584,3.7096,7.2249,7.4403,-0.3398,7.4783,6.5729,2.8347,-0.7394,0.3156,14.4809,7.9076,1.5241,0.6150,-1.7727,-2.6414,0.9796,2.6623,3.7261,3.1609,-2.7547,2.7069,1.7329,3.7547,8.9461,3.0437,3.3424,0.3907,-0.8711,-0.1204,-0.4670,0.1842,4.9283,5.0139,-1.9753,0.2266,3.8466,4.2144,3.7566,0.9215,0.4653,7.4255,4.6249,7.2129,3.2197,5.7462,13.3217,10.6349,2.8535,0.9349,-0.3331,-0.6343,4.9957,0.6785,5.0348,0.3155,3.7028,6.5509,6.8025,4.8235,-2.5063,-2.1822,-1.5022,-0.7150,-1.9498,-1.9835,-2.3160,1.5460,-2.3039,-1.5230,1.2498,1.4843,-2.1030,-1.5326,-5.1273,1.3511,-4.5278,-4.7629,-2.8136,-4.0267,-2.4672,-3.1542,-4.4760,-1.9528,-2.1559,-2.2277,-4.6522,-2.1199,-3.9666,-1.8629,-0.5264,2.6763,0.8687,3.4589,-1.7704,-4.1045,-3.4179,-3.5009,-2.9265,-1.6856,2.0211,-0.3361,-0.7030,3.2017,-1.2664,-1.1584,-2.1279,0.5336,-1.2460,-1.3463,1.4879,-2.9770,-1.8982,4.4026,0.4312,-1.0374,0.0457,-1.1043,0.5136,2.1301,-0.3824,3.1729,6.5097,2.3721,1.6066,0.4578,10.0817,4.8426,3.8989,4.6866,4.9846,1.2557,5.0626,1.0460,3.9437,2.5052,-1.6304,-0.3170,0.6835,4.7506,4.1021,3.9924,0.0676,1.6847,0.1761,6.7996,5.5420,2.4519,2.1772,4.8556,1.8611,3.6092,-0.0941,-0.2287,-0.3616,-0.4927,-0.6222,-0.7552,-0.8814,-1.0052,-1.1127,-1.2083,-1.2989,-1.3839,-1.4593,-1.5306,-1.5917,-1.6476,-1.6932,-1.7315,-1.7602,-1.7830,-1.7966,-1.8068,-1.8099,-1.8093,-1.8034,-1.7983,-1.7892,-1.7792,-1.7686,-1.7580,-1.7477,-1.7397,-1.7336,-1.7288,-1.7243,-1.7206,-1.7176,-1.7148,-1.7127,-1.7111,-1.7103,-1.7111,-1.7137,-1.7187,-1.7266,-1.7376,-1.7522,-1.7702,-1.8071,-1.8222
45112.5416667,-3.5847,-0.9177,-0.2316,-0.1143,8.3737,-2.6824,-1.5556,-5.8899,-0.4288,-3.5877,-3.7259,-4.4777,-6.2677,-6.9557,-6.3611,-7.2255,-4.2696,-5.9815,-8.5026,-9.2267,-3.6180,-9.6404,-8.8179,-7.8262,-6.0180,3.7800,-6.2127,-8.3313,-2.0275,-7.0781,-0.8441,-1.5205,2.2169,1.9315,2.6082,-0.6986,2.5765,2.5212,-5.4900,3.4078,2.1400,-1.3622,-6.1158,-4.7485,10.9916,2.5734,-3.2821,-3.4006,-6.1716,-6.7737,-2.6200,-1.9773,-1.3039,-1.6719,-7.3086,-3.3446,-3.4012,0.0701,5.8251,-0.5957,-0.8559,-3.7876,-6.3869,-5.1696,-4.5487,-3.3306,0.8226,1.0014,-5.8548,-2.6180,1.3620,1.1279,-0.9882,-3.5794,-2.9150,4.3131,1.2883,4.0210,-0.4544,1.6444,11.8452,7.9746,-0.2105,-2.3802,-5.6937,-5.0923,0.4951,-4.8640,-0.2124,-4.7360,-1.6321,1.3459,1.6723,-0.7351,-7.1677,-6.6835,-5.9902,-3.7789,-6.1528,-6.4671,-6.7821,-3.7038,-6.1523,-5.4809,-2.8748,-2.8438,-6.2652,-5.5777,-9.1332,-2.9088,-7.7058,-7.5442,-4.7571,-5.8457,-4.9697,-5.2769,-7.6767,-4.5255,-5.3451,-4.8196,-7.2105,-5.2116,-6.9069,-5.4619,-4.5155,-1.5631,-3.5799,-0.9040,-5.9858,-7.3168,-6.8124,-6.5063,-6.6440,-5.5504,-1.1625,-4.1711,-4.4215,-0.5874,-4.6037,-4.9341,-5.7496,-3.2638,-4.7931,-4.8164,-2.2914,-6.0633,-5.2534,1.1291,-4.0926,-4.9053,-3.4320,-5.0613,-3.4126,-2.0808,-3.1379,1.3296,3.7367,0.2273,-0.8164,-2.9666,6.8932,1.3254,0.2778,1.1810,2.0586,-2.1885,0.8043,-3.4135,-1.2837,-2.2862,-5.2925,-4.0928,-3.0152,0.9348,0.2440,0.7862,-3.4334,-1.7289,-3.0128,4.0043,2.6292,-0.5590,-0.9405,1.8435,-1.0865,0.2204,-3.4324,-3.5608,-3.6852,-3.8048,-3.9191,-4.0348,-4.1399,-4.2410,-4.3302,-4.4116,-4.4916,-4.5708,-4.6474,-4.7259,-4.8023,-4.8802,-4.9556,-5.0300,-5.1011,-5.1703,-5.2342,-5.2956,-5.3507,-5.4009,-5.4440,-5.4834,-5.5154,-5.5418,-5.5627,-5.5789,-5.5907,-5.6003,-5.6077,-5.6133,-5.6169,-5.6196,-5.6216,-5.6231,-5.6246,-5.6260,-5.6276,-5.6299,-5.6327,-5.6363,-5.6406,-5.6457,-5.6515,-5.6581,-5.6863,-5.6941
45112.5833333,-8.5778,-2.9373,-2.4877,-0.7990,8.0036,-2.9360,-2.8380,-7.7679,-2.8945,-5.2191,-6.0378,-7.7966,-9.9061,-10.9300,-10.9613,-12.0434,-9.5674,-11.0769,-12.6300,-13.7177,-8.0794,-15.1600,-12.0866,-14.2693,-10.8407,-1.0240,-12.2969,-13.5838,-6.5755,-12.3372,-7.4353,-7.7819,-3.4455,-0.8195,0.2264,-3.1833,0.1695,-0.3754,-9.8807,0.4725,-0.7945,-3.9971,-10.9966,-10.1976,7.4248,-3.1812,-8.1675,-7.0652,-10.6820,-11.2804,-6.5854,-6.4418,-5.5779,-5.2120,-10.6799,-10.0427,-9.6951,-6.1513,2.9558,-3.1757,-3.3794,-6.0441,-10.9943,-10.3916,-9.2045,-5.5174,-2.4507,-2.8450,-11.4968,-6.6315,-1.1303,-0.3137,-1.7458,-7.3610,-5.5908,1.3875,-1.9330,-1.2389,-5.2151,-2.3032,11.4820,7.1169,-0.9719,-3.1599,-9.0804,-6.6202,-1.3702,-6.3486,-2.3151,-6.6326,-4.3053,-1.5780,-1.6244,-5.2704,-10.9313,-11.1126,-10.5466,-6.2157,-9.9546,-10.4621,-10.9312,-8.7317,-10.1094,-9.2860,-6.6650,-6.7003,-9.9172,-9.4770,-13.5471,-8.5597,-12.5360,-12.1208,-7.8388,-8.4324,-7.6856,-7.2590,-11.4281,-7.3425,-10.0693,-6.9188,-8.8782,-7.0866,-8.6384,-7.9160,-9.5638,-5.5625,-7.2182,-3.8150,-8.6089,-8.8808,-10.2113,-9.3182,-10.5725,-9.9073,-3.8536,-7.4649,-9.5964,-4.3880,-7.2530,-7.7077,-8.2549,-5.4308,-6.1640,-6.4060,-4.5635,-7.8483,-7.3395,-0.6042,-8.0770,-8.5877,-6.5795,-9.0527,-7.5989,-7.3417,-6.6707,-1.0376,1.0252,-1.2467,-2.3333,-5.4411,5.2418,-0.2203,-1.0350,0.2928,2.3254,-2.2894,-0.3633,-5.3417,-5.0389,-6.5628,-8.6098,-8.3169,-7.5637,-3.8208,-4.3981,-2.5871,-6.0846,-4.8874,-5.9358,1.6911,0.4095,-2.6200,-2.9848,0.0068,-2.5445,-1.8574,-5.3383,-5.5063,-5.6746,-5.8415,-6.0059,-6.1734,-6.3300,-6.4808,-6.6194,-6.7476,-6.8689,-6.9833,-7.0896,-7.1910,-7.2851,-7.3749,-7.4583,-7.5369,-7.6099,-7.6789,-7.7422,-7.8023,-7.8573,-7.9087,-7.9554,-8.0002,-8.0408,-8.0787,-8.1141,-8.1475,-8.1791,-8.2100,-8.2400,-8.2691,-8.2968,-8.3231,-8.3481,-8.3713,-8.3927,-8.4119,-8.4291,-8.4441,-8.4571,-8.4680,-8.4769,-8.4840,-8.4895,-8.4933,-8.5174,-8.5149
45112.6250000,-11.6700,-3.4252,-2.3108,-3.5285,9.6477,-1.0245,-2.1690,-9.9834,-2.8260,-3.9643,-4.7193,-6.7370,-8.7569,-10.2464,-10.4483,-11.6615,-10.8681,-13.1194,-14.0813,-15.8683,-10.7675,-18.6410,-14.2956,-15.0224,-13.4741,-2.8554,-15.8749,-16.2089,-9.3847,-14.6822,-12.0447,-12.6006,-8.7656,-3.7925,-1.1049,-2.8066,0.7781,-0.5175,-11.1419,0.0847,-1.0969,-3.3565,-11.7866,-9.3678,6.4162,-7.2034,-11.5079,-9.5557,-13.8027,-11.3156,-8.6784,-9.7956,-9.2004,-8.2728,-13.1001,-15.6982,-14.7470,-11.3828,0.8945,-5.0635,-5.3017,-7.7043,-14.6192,-14.2591,-12.4471,-8.9151,-3.4607,-2.8261,-15.2948,-10.0875,-3.1345,-2.6359,-3.4775,-7.5040,-1.9862,2.5612,-0.3511,-2.2878,-6.1058,1.5674,14.0590,8.5429,0.0335,-2.5046,-7.3510,-6.6677,-2.2268,-7.0925,-3.6028,-7.5986,-5.5315,-2.4351,-2.0639,-5.8558,-11.3320,-9.9815,-8.1525,-2.1754,-7.7377,-8.9097,-10.0116,-9.1548,-11.7842,-10.9893,-8.2337,-8.6953,-11.8484,-11.9800,-16.2382,-12.9006,-15.7904,-15.3071,-10.1187,-10.1866,-9.9369,-8.8124,-12.0815,-9.4382,-14.3074,-11.7714,-10.5821,-8.7481,-9.5619,-9.2611,-10.5040,-8.6275,-10.2925,-6.3213,-10.6613,-10.6728,-10.8880,-12.0519,-13.0384,-12.5172,-4.9469,-9.1956,-11.1226,-7.2579,-9.1921,-10.0060,-9.7848,-8.9536,-8.8520,-7.1660,-5.0492,-8.4463,-8.1458,0.4932,-8.5324,-8.3144,-6.0748,-8.6303,-8.4877,-10.2686,-6.6684,-1.7072,-0.7638,-2.2709,-3.6753,-7.8359,3.5865,-3.5992,-1.9143,-0.1915,2.9300,-1.9514,-0.6964,-7.8988,-6.5778,-7.8579,-8.6055,-9.6891,-9.6288,-6.6424,-7.3906,-4.5197,-7.4189,-6.7614,-7.6212,0.2631,-0.9615,-3.7421,-4.0549,-0.9346,-3.0714,-2.8677,-6.0108,-6.1186,-6.2242,-6.3279,-6.4305,-6.5396,-6.6428,-6.7470,-6.8482,-6.9486,-7.0508,-7.1547,-7.2592,-7.3658,-7.4723,-7.5798,-7.6860,-7.7910,-7.8932,-7.9928,-8.0880,-8.1795,-8.2655,-8.3464,-8.4211,-8.4911,-8.5548,-8.6131,-8.6660,-8.7142,-8.7578,-8.7979,-8.8348,-8.8686,-8.8993,-8.9274,-8.9531,-8.9765,-8.9979,-9.0172,-9.0346,-9.0504,-9.0644,-9.0770,-9.0880,-9.0976,-9.1057,-9.1124,-9.1384,-9.1362
45112.6666667,-7.9713,-2.1405,-1.0664,-1.9325,15.9717,2.8901,5.7616,-4.1893,2.9477,2.1603,2.2572,1.2142,-0.2335,-2.1101,-3.7949,-3.8271,-1.7103,-3.8955,-4.8341,-8.6547,-3.6758,-11.9599,-9.3442,-9.8789,-11.4571,-0.3213,-14.7263,-15.2690,-11.3335,-14.8526,-14.4265,-15.1855,-11.5700,-6.2457,-3.3951,-2.8176,1.5916,2.1131,-7.2602,4.9427,7.6904,3.9743,-1.6790,2.1522,16.7564,-0.9500,-5.9111,-3.7679,-9.6683,-7.3836,-4.4433,-5.8461,-5.9108,-5.0241,-8.7808,-16.3264,-16.1844,-13.4240,1.4161,-3.6801,-2.7072,-5.2125,-12.4867,-13.5620,-12.2345,-11.1090,-7.4456,-3.7956,-15.8593,-10.1396,-3.6767,-3.4278,-4.7987,-6.7668,-1.2389,2.9753,2.5305,-0.0226,-2.5802,9.3441,22.3758,17.5214,6.6337,4.9616,4.3616,2.4089,9.3672,4.5579,8.0223,3.2100,4.9684,8.5144,7.7722,2.0782,-5.6000,-6.5577,-5.3955,1.0598,-3.0219,-1.7391,-3.0709,-0.2952,-3.7576,-4.4618,-0.7923,-1.3473,-6.1398,-5.4225,-11.0043,-10.8651,-13.8581,-13.9999,-10.0382,-9.3418,-7.6423,-7.3013,-9.8432,-6.3162,-11.8063,-10.4381,-8.5962,-7.0900,-9.1107,-8.9622,-8.2781,-6.1553,-7.8446,-3.7017,-7.8788,-8.1846,-9.4410,-10.6985,-13.1783,-13.5487,-5.1634,-9.1877,-10.3406,-7.1409,-9.2237,-10.6809,-9.9666,-9.6675,-9.4244,-6.3475,-3.9769,-6.8493,-7.5977,1.5311,-8.5966,-8.2261,-7.1786,-7.9601,-7.0810,-8.9452,-4.3060,-0.8731,2.0969,0.8998,0.1554,-4.1859,7.7919,-0.5334,2.4507,4.6478,8.5062,1.9794,3.8041,-5.2359,-4.3374,-6.4756,-5.9137,-7.3621,-7.5973,-5.0700,-5.9850,-2.4163,-4.7780,-5.2609,-6.2152,3.1622,2.1707,-0.3262,-0.5068,2.7513,0.8758,0.8946,-2.0362,-2.1833,-2.3532,-2.5403,-2.7382,-2.9467,-3.1478,-3.3425,-3.5243,-3.6924,-3.8471,-3.9887,-4.1171,-4.2351,-4.3430,-4.4436,-4.5373,-4.6262,-4.7107,-4.7924,-4.8711,-4.9483,-5.0235,-5.0975,-5.1696,-5.2413,-5.3113,-5.3802,-5.4477,-5.5139,-5.5787,-5.6422,-5.7043,-5.7645,-5.8225,-5.8783,-5.9314,-5.9817,-6.0291,-6.0734,-6.1144,-6.1523,-6.1870,-6.2186,-6.2471,-6.2726,-6.2952,-6.3144,-6.3484,-6.3463
45112.7083333,-5.4986,-1.1550,0.3169,-0.0050,17.4206,5.5588,8.6548,-0.1781,8.3117,6.3500,6.5098,5.8287,4.1450,2.7263,1.4980,1.9935,4.7347,3.8455,3.5445,1.2988,5.9132,-0.6250,1.5852,0.9393,-0.5457,10.8846,-3.4035,-4.3788,-3.5771,-7.3894,-9.4312,-11.8679,-10.5859,-6.1134,-3.5928,-3.2188,2.7014,3.7541,-5.3602,4.9505,7.4738,4.7470,0.3884,4.4739,22.9864,7.9100,3.3852,6.6597,0.6745,2.7369,4.8491,4.8061,4.7691,4.1048,1.3329,-7.3854,-8.0783,-6.1364,8.0728,1.7238,2.0993,-0.3522,-6.5861,-7.9909,-5.3677,-6.0358,-3.1492,-0.9640,-13.9580,-9.7816,-4.5253,-2.2604,-4.3235,-6.3098,-1.3531,3.8687,2.9039,1.4238,0.4132,13.2995,26.4761,22.1726,10.0482,8.1353,9.9846,7.0441,16.3682,12.0701,16.5797,10.0353,13.1774,19.6495,20.0346,14.7567,6.4709,5.8819,6.6928,11.7106,8.0938,8.3347,6.9925,10.7335,3.3927,4.2079,7.9276,8.0327,2.3479,3.8090,-1.6900,-2.2411,-4.9989,-6.2228,-3.8819,-3.2383,-2.6942,-2.0229,-4.7279,-2.8028,-7.2206,-6.5408,-4.5643,-3.5268,-5.6840,-5.2701,-5.7141,-2.9438,-3.8490,0.7666,-2.6660,-2.8148,-4.2111,-4.8039,-7.6034,-8.5782,-1.3912,-5.3778,-6.4057,-4.0217,-5.3840,-7.0142,-7.5597,-7.2711,-7.2660,-4.7269,-4.0522,-5.4575,-6.2071,1.7312,-6.6302,-5.9500,-5.4210,-6.1132,-5.7402,-7.1229,-1.8079,1.5803,4.2960,2.4946,2.0903,-0.3912,11.5423,4.2621,7.0641,9.7583,13.5061,5.5011,9.1427,0.3965,1.0612,-1.0116,-1.0155,-2.2896,-3.3692,-0.6895,-1.3938,2.2260,0.2123,-0.1186,-1.6214,7.7789,7.0085,4.5953,4.5498,8.0009,5.9579,6.5886,3.7072,3.7191,3.7235,3.7211,3.7121,3.6899,3.6669,3.6368,3.6011,3.5583,3.5069,3.4464,3.3770,3.2977,3.2096,3.1125,3.0083,2.8977,2.7828,2.6647,2.5460,2.4274,2.3113,2.1987,2.0909,1.9879,1.8911,1.8001,1.7151,1.6356,1.5612,1.4913,1.4252,1.3626,1.3031,1.2461,1.1912,1.1383,1.0871,1.0373,0.9890,0.9419,0.8962,0.8517,0.8086,0.7669,0.7271,0.6899,0.6388,0.6307
45112.7500000,-5.7665,-2.8571,-1.4883,-1.7615,13.8300,2.9661,6.1866,-0.6314,7.6660,5.7439,6.3128,6.3303,4.7663,4.6206,4.2417,4.9277,7.8126,7.3082,6.3401,4.9135,9.6403,3.8036,5.3409,5.7235,4.8915,17.1997,4.1531,3.4227,4.6701,1.5922,-0.6645,-3.5404,-3.7600,-0.7481,0.3905,-0.2770,4.5236,6.0706,-2.6018,5.9081,7.8204,5.2608,1.3859,4.8337,25.1013,11.2238,7.1565,10.6328,5.5255,6.8880,9.4202,10.7041,11.9538,10.6297,6.7142,1.2399,0.7707,2.3000,14.7857,8.6311,8.7378,6.3122,0.9430,-0.6787,1.5401,0.5131,3.1918,3.6470,-9.2994,-7.1875,-3.7403,-2.1081,-4.0135,-5.3877,-1.1956,3.0759,2.2897,1.4431,0.7521,13.9617,25.5018,21.9398,10.1023,7.8490,10.5198,7.8757,18.4292,14.4434,19.6066,12.2449,16.8079,25.0738,25.0221,20.3356,10.9463,11.9284,13.0649,16.6334,14.1507,13.8454,13.2360,19.0163,9.4080,10.4984,14.0249,15.0961,9.3155,11.3675,5.5236,6.0465,2.8557,1.4867,3.1115,3.2838,3.5238,3.7612,1.4275,2.6902,-1.0305,-0.8825,0.2891,1.4889,-1.1813,-0.9860,-1.6528,0.8736,0.2905,5.0350,1.3045,0.7870,-0.1872,-0.4029,-2.5224,-3.6680,2.4493,-1.4091,-2.3017,-0.4202,-1.5347,-3.2430,-3.5803,-3.6859,-3.5259,-1.4508,-1.8079,-2.5335,-3.4639,2.1069,-4.5556,-4.1587,-4.2165,-4.6919,-4.6758,-6.0074,-0.8768,1.1004,3.4147,1.7730,1.6464,0.4733,12.4083,4.9416,7.4915,10.7288,14.0256,6.2406,11.7164,3.4687,4.9114,3.4486,2.5255,2.1453,1.2303,3.6900,3.2423,6.5819,4.2398,4.0466,2.1336,10.8156,10.5201,7.6455,7.5204,11.1114,8.3494,9.8350,6.4449,6.7534,7.0517,7.3293,7.5823,7.7728,7.9054,7.9686,7.9331,7.8049,7.5561,7.3067,7.1707,7.1000,7.0662,7.0508,7.0433,7.0371,7.0289,7.0165,6.9996,6.9773,6.9499,6.9173,6.8798,6.8370,6.7896,6.7377,6.6816,6.6217,6.5584,6.4921,6.4236,6.3535,6.2825,6.2114,6.1409,6.0715,6.0039,5.9385,5.8757,5.8158,5.7589,5.7051,5.6545,5.6071,5.5627,5.5220,5.4676,5.4510
45112.7916667,-2.3721,-0.7771,-0.0407,-0.6177,12.6740,2.5501,4.9037,-0.9181,5.6758,3.5276,3.8685,3.7831,2.0233,3.0084,3.0498,3.9188,7.0773,7.1964,5.9133,5.1708,10.2152,4.7932,5.5311,6.6980,6.1730,18.1801,6.0110,5.1480,7.3309,4.7137,3.9837,1.7410,1.9118,4.5916,5.5718,4.5356,8.3911,10.2909,1.9387,8.8202,9.8222,6.9963,3.2321,5.8111,25.5765,11.9808,7.7677,10.5965,6.1762,6.7298,9.6693,11.5461,14.0196,12.7009,7.2421,5.3796,5.0807,6.5386,17.8229,11.9486,12.0183,9.7887,5.6418,4.3251,5.9775,5.2079,8.6759,8.6070,-4.0055,-3.2293,-1.1288,-0.3354,-2.3263,-3.9366,-0.5892,2.4950,1.5070,0.9146,0.1601,11.5969,22.2412,18.9908,7.9048,5.5536,8.0211,5.7891,15.9144,11.8540,17.2993,9.5108,15.0905,23.3897,23.7252,19.8825,9.5875,11.9568,13.4060,15.7688,14.2783,13.5618,13.5681,21.1333,12.0951,13.2999,17.1657,18.3650,12.8124,15.7548,9.8512,12.6764,8.6842,7.1033,8.5306,7.9498,8.4004,7.7405,6.1556,7.5681,4.3877,4.2686,4.0104,5.6005,3.2412,3.4682,2.9407,4.7423,3.9260,8.6627,4.5316,3.2170,2.6984,2.3266,0.7953,-0.0704,5.4402,2.4660,1.9262,3.6944,2.4437,0.4754,-0.1539,-0.5907,-0.7082,0.9478,0.2895,-0.3598,-1.1700,2.9042,-2.3710,-2.0681,-2.4299,-2.9469,-3.3525,-4.8250,-0.5595,0.8423,2.7005,1.1959,1.1771,0.2532,11.0280,4.2647,6.3729,9.2779,11.8307,5.0532,10.8166,3.6266,5.5474,4.7788,3.0215,3.5615,3.4414,6.1842,6.0550,9.1945,6.7399,7.0791,5.3425,13.4477,13.5088,10.4153,10.4512,14.3198,10.9238,13.1751,9.0516,9.0856,9.1286,9.1854,9.2648,9.3498,9.4573,9.5888,9.7334,9.8986,10.0724,10.2608,10.4535,10.6460,10.8271,11.0017,11.1580,11.2887,11.3880,11.4528,11.4734,11.4495,11.3806,11.2695,11.1182,10.9364,10.7337,10.5445,10.3799,10.2421,10.1302,10.0408,9.9700,9.9134,9.8672,9.8278,9.7925,9.7592,9.7262,9.6926,9.6576,9.6210,9.5824,9.5421,9.5001,9.4568,9.4126,9.3686,9.3116,9.2907
45112.8333333,2.2970,3.3296,3.6048,2.8708,14.3502,4.7933,6.6191,1.4507,6.6867,4.3511,4.4415,4.1067,2.1695,3.3863,3.1595,3.4829,6.0059,5.8846,4.1540,3.6215,8.5799,3.6047,3.8555,5.5337,5.3256,16.9518,5.7094,4.7739,7.6500,5.1135,5.4690,3.7741,4.3729,6.8519,8.0363,7.1389,10.9841,12.9268,5.2998,11.7948,12.6613,9.8725,6.3701,8.3838,26.5351,13.8620,9.2543,11.1087,6.9239,6.6819,9.5939,11.4388,13.6429,12.4985,6.0168,6.7393,6.5411,7.8604,18.3182,12.7507,12.8776,10.8490,7.6909,6.8209,7.8529,7.5935,11.4601,11.7295,0.8924,1.1383,2.5294,2.8145,0.7519,-1.1449,1.2649,3.5932,2.3691,1.6986,0.7961,10.4277,19.9272,16.9016,6.6271,4.2884,6.3541,4.4030,13.5768,9.4797,14.7435,6.9912,12.6987,20.4886,20.8978,17.5510,6.8611,9.6918,11.1766,12.5558,11.7286,10.7299,11.0598,19.0937,11.9708,13.0948,17.5074,18.9167,13.6209,16.8092,10.9658,16.1664,11.5753,10.4194,12.1374,10.9114,11.9485,10.1931,9.5960,11.7277,9.0115,8.8225,6.9615,9.4080,6.9305,7.5106,7.1203,8.5917,7.4948,11.4637,7.2218,4.9617,5.0514,4.8100,3.8440,3.2267,7.6992,5.0191,4.5829,6.4421,4.9722,3.6218,3.0534,2.8988,2.5887,3.7037,3.2828,2.2125,1.5998,4.7961,0.4061,0.4311,-0.1512,-0.8642,-1.5519,-3.1065,0.1582,1.1348,2.6111,1.2293,1.3005,0.5222,9.6591,3.7561,5.3350,7.8822,9.7417,3.9387,9.2274,3.1093,5.2289,4.5973,2.4437,3.6057,4.0263,6.8534,6.8870,9.2170,6.6355,7.3033,5.9495,13.7016,13.5184,10.2662,10.4668,14.5517,10.6888,13.8752,9.8271,9.9693,10.1100,10.2501,10.3925,10.5245,10.6569,10.7893,10.9142,11.0373,11.1524,11.2663,11.3755,11.4811,11.5808,11.6821,11.7832,11.8857,11.9899,12.0984,12.2080,12.3200,12.4343,12.5510,12.6668,12.7815,12.8918,12.9969,13.0946,13.1807,13.2538,13.3109,13.3498,13.3696,13.3696,13.3493,13.3074,13.2456,13.1671,13.0755,12.9756,12.8737,12.7735,12.6769,12.5858,12.5028,12.4261,12.3528,12.2776,12.2409
45112.8750000,6.5387,7.8789,7.9640,7.3386,17.7834,8.4954,10.3431,5.4507,9.8551,7.2597,7.2945,6.8640,4.6804,6.0939,5.7736,5.6239,7.5015,6.9632,4.7316,3.9889,8.4186,3.7273,3.4284,4.9974,4.7436,15.5732,5.1641,4.0473,7.1030,4.5682,5.6357,4.4043,5.3180,7.4773,8.8393,7.9752,11.9129,14.0031,6.8461,13.4521,14.4930,11.8344,8.6642,10.4558,27.6927,16.4077,11.5842,12.6796,8.7345,7.8540,10.8000,12.6506,14.5326,13.4325,6.2675,8.6091,8.0909,9.0470,18.5772,13.1382,13.1577,11.1962,8.7986,8.2536,8.6211,8.7624,12.8037,13.4123,4.2862,4.6240,5.9905,6.3174,4.4199,2.3985,3.7977,6.2060,4.9304,4.3290,3.4285,11.6555,20.1072,17.3931,7.9215,5.6103,7.3954,5.5926,13.7968,9.6920,14.5878,6.9696,12.4313,19.5086,19.7638,16.6849,5.9757,8.7070,10.0042,10.6225,10.1728,8.9606,9.3159,17.1482,11.4804,12.4440,17.1217,18.6287,13.4926,16.7667,10.7229,17.5652,12.0004,11.0364,13.0842,11.3790,13.0693,10.4619,10.7829,13.9310,11.7619,11.7906,8.5588,12.3331,9.7529,11.2095,11.4541,12.9640,11.5847,14.9613,10.3911,6.9419,7.5002,7.2999,6.7444,6.3989,10.3024,7.7631,7.1926,9.0013,6.9611,6.0051,5.3112,5.4938,4.8884,5.6579,5.7941,4.0866,3.9227,7.0768,3.4229,3.2702,2.8076,1.9733,1.1954,-0.3520,1.8365,2.6336,3.8825,2.5394,2.6165,1.9660,9.7606,4.6236,5.7439,7.9818,9.2693,4.2911,8.9798,3.6286,5.5749,4.7556,2.2854,3.5488,4.2089,6.9659,7.0537,8.6219,6.0519,6.8784,5.7698,13.0942,12.5956,9.3092,9.5974,13.6818,9.5939,13.3243,9.4762,9.6686,9.8563,10.0401,10.2228,10.3963,10.5696,10.7430,10.9120,11.0810,11.2457,11.4103,11.5720,11.7307,11.8838,12.0353,12.1830,12.3271,12.4668,12.6034,12.7343,12.8604,12.9819,13.0996,13.2125,13.3216,13.4267,13.5293,13.6299,13.7283,13.8255,13.9214,14.0164,14.1103,14.2031,14.2947,14.3839,14.4705,14.5541,14.6339,14.7092,14.7786,14.8418,14.8974,14.9446,14.9840,15.0145,15.0332,15.0338,15.0432
45112.9166667,9.4189,11.4581,11.3741,10.8584,20.7019,11.2333,13.4544,8.7472,12.8545,9.8603,10.0448,9.7627,7.2988,9.4465,9.3697,8.9810,10.5179,9.6912,6.9392,6.1300,10.1881,5.6198,4.8433,6.3144,5.9093,15.7099,5.8959,4.5407,7.3921,4.6918,5.9551,4.8647,5.7545,7.3906,8.7272,7.7774,11.6432,13.7546,6.9560,13.6295,14.7834,12.1710,9.2681,10.9514,27.6664,17.9913,13.1179,13.7173,10.1764,8.7780,11.9387,13.9796,15.7028,14.6719,6.8915,10.9484,10.2198,10.8384,19.4912,14.0473,13.8674,11.8800,10.0695,9.7622,9.4692,9.8583,13.8444,14.4795,6.4182,6.8756,8.3590,8.8571,7.1747,5.3095,5.6646,8.7779,7.5603,7.1182,6.2143,13.2751,20.7262,18.2659,9.3834,7.0006,8.7582,7.1098,14.7845,10.7423,15.4646,7.9418,13.3368,19.8117,19.9482,17.1789,6.5461,9.2268,10.3465,10.3285,10.1078,8.7338,9.0205,16.4258,11.5555,12.2635,16.9220,18.3423,13.2518,16.4812,10.2865,18.2046,11.6646,10.6795,12.8352,10.7129,12.7502,9.5381,10.3760,14.2173,12.3873,12.5628,8.2870,13.2018,10.5317,12.9826,14.1488,16.1604,14.7167,17.8245,12.9194,8.3164,9.5040,9.5474,9.5042,9.5475,13.2663,10.7640,10.0209,11.8579,9.0559,8.3755,7.4648,7.9502,6.8944,7.3644,7.9826,5.3946,5.5910,9.0094,5.7371,5.3357,5.1185,4.3082,3.8399,2.6674,3.6829,4.5955,5.7991,4.2941,4.2839,3.7929,10.6813,6.0717,6.7618,8.7224,9.4924,5.0902,9.3858,4.5981,6.5497,5.5878,2.8392,4.0716,4.8185,7.3509,7.3146,8.1676,5.5879,6.4058,5.4011,12.1592,11.3210,8.0330,8.2915,12.1650,8.0179,11.9105,8.2803,8.4800,8.6819,8.8861,9.0933,9.2976,9.5039,9.7120,9.9180,10.1243,10.3275,10.5302,10.7298,10.9263,11.1176,11.3064,11.4912,11.6720,11.8486,12.0217,12.1899,12.3538,12.5135,12.6697,12.8215,12.9696,13.1136,13.2543,13.3918,13.5255,13.6561,13.7832,13.9067,14.0267,14.1431,14.2561,14.3651,14.4705,14.5727,14.6718,14.7681,14.8616,14.9529,15.0418,15.1286,15.2143,15.2983,15.3779,15.4455,15.5061
45112.9583333,11.6105,14.5408,14.2945,13.8834,23.4962,13.5277,16.2020,11.4174,15.4004,11.8390,12.1550,11.9767,9.0239,11.9875,12.3376,11.8830,13.4614,12.5801,9.2637,8.5690,12.7492,8.1172,6.8987,8.5846,8.1167,17.2963,7.8396,6.2045,8.9859,5.9879,7.3407,6.2095,6.8463,7.8122,8.9162,7.6976,11.2868,13.1956,6.5772,13.1615,14.3004,11.6548,8.9139,10.4630,26.6462,18.3114,13.3337,13.6016,10.3930,8.6151,12.0488,14.3783,16.1060,15.2228,6.9045,12.6528,11.8413,12.2711,20.3729,14.9538,14.6656,12.6769,11.3685,11.3015,10.4317,11.0446,15.0105,15.5466,7.8350,8.3025,9.9507,10.6306,9.0680,7.1673,6.5892,10.6652,9.5137,9.3224,8.4127,14.6134,21.2654,19.0442,10.5682,8.0350,9.8633,8.2867,15.7033,11.6661,16.3133,8.7525,14.2330,20.2664,20.3446,17.8805,7.2000,9.9561,10.9968,10.5136,10.5010,9.0367,9.3146,16.4296,11.8658,12.4141,17.0748,18.4221,13.3550,16.4757,10.1114,18.7377,11.2963,10.1920,12.3613,9.9568,12.1498,8.6051,9.6732,13.9073,12.2763,12.4848,7.4587,12.9632,10.1420,13.2687,15.2207,17.7290,16.2034,19.2062,13.9288,8.3533,10.0816,10.4193,10.9270,11.4858,15.4629,13.0946,12.3467,14.5319,10.9502,10.5905,9.4851,10.3847,8.8388,9.1157,10.2484,6.6443,7.1283,11.0576,7.9017,7.1863,7.1579,6.1778,6.0043,5.2489,5.0587,6.3062,7.6590,5.8631,5.7784,5.4465,11.9172,7.6518,8.0040,9.7988,10.1542,6.1024,10.2064,5.7471,7.8226,6.7022,3.5467,4.7911,5.6604,8.0646,7.9073,8.1825,5.5963,6.3681,5.4094,11.6510,10.5477,7.3175,7.5122,11.0929,7.0260,10.8176,7.3893,7.5285,7.6723,7.8208,7.9749,8.1308,8.2921,8.4587,8.6283,8.8026,8.9793,9.1600,9.3433,9.5287,9.7147,9.9029,10.0920,10.2815,10.4709,10.6604,10.8485,11.0352,11.2203,11.4037,11.5845,11.7629,11.9384,12.1112,12.2811,12.4478,12.6114,12.7717,12.9285,13.0818,13.2316,13.3777,13.5200,13.6585,13.7935,13.9250,14.0531,14.1778,14.2993,14.4175,14.5326,14.6452,14.7548,14.8593,14.9518,15.0287
45113.0000000,12.8283,16.6913,16.3615,16.0904,25.7792,15.1886,18.4707,13.4152,17.5113,13.3672,13.8593,13.8162,10.3364,13.8963,14.7145,14.2112,15.9444,15.0355,11.0516,10.5043,15.1249,10.2471,8.6025,10.7603,10.3241,19.3639,10.0308,8.1451,11.2501,7.9408,9.6536,8.5164,8.9735,9.2824,10.1240,8.5686,11.8155,13.3990,6.8318,12.9880,14.0151,11.2854,8.6351,10.0032,25.4980,18.1618,12.9968,12.7611,9.7964,7.7777,11.3624,13.9085,15.6527,14.9099,6.2730,13.3804,12.5403,12.8645,20.6295,15.2696,14.9612,13.0262,12.1978,12.4313,11.1214,12.0190,16.1497,16.5581,8.9565,9.3787,11.1829,12.0135,10.4801,8.3853,7.0232,12.0340,10.8994,10.9654,10.0185,15.5431,21.5349,19.5276,11.3278,8.5571,10.5140,8.9850,16.3476,12.3020,16.9697,9.3031,14.9772,20.6966,20.7550,18.5828,7.7467,10.6524,11.6638,10.8126,10.9726,9.4369,9.7314,16.7009,11.6353,12.1450,16.8952,18.2744,13.3102,16.2885,9.9336,19.2361,11.1189,9.9515,12.1031,9.5264,11.7720,8.0697,9.2224,13.6458,12.1361,12.3283,6.8620,12.5763,9.6345,13.1420,15.6515,18.4897,16.7672,19.6418,13.9667,7.7276,9.7385,10.2538,11.1517,12.1333,16.4750,14.2255,13.5350,16.2368,11.9417,11.9686,10.7733,12.2196,10.2581,10.5059,12.2667,7.6701,8.4859,13.1565,9.9696,8.9487,9.1507,7.9734,8.0891,7.7171,6.3211,7.9760,9.5675,7.3644,6.9895,6.7936,13.1904,9.0710,9.1652,10.8851,10.9048,7.0354,11.1481,6.8559,9.2177,7.9620,4.2995,5.3826,6.4645,8.8877,8.6639,8.4877,5.8901,6.6491,5.7222,11.5801,10.2808,7.1296,7.2742,10.5858,6.6518,10.2828,7.0497,7.1377,7.2297,7.3259,7.4270,7.5304,7.6388,7.7521,7.8688,7.9902,8.1149,8.2441,8.3769,8.5131,8.6519,8.7945,8.9401,9.0885,9.2397,9.3937,9.5496,9.7077,9.8677,10.0296,10.1928,10.3575,10.5231,10.6897,10.8572,11.0249,11.1930,11.3609,11.5285,11.6953,11.8611,12.0257,12.1886,12.3496,12.5086,12.6655,12.8201,12.9722,13.1218,13.2687,13.4129,13.5545,13.6931,13.8266,13.9481,14.0459
45113.0416667,13.8198,18.5277,18.1297,17.9900,27.9060,16.6562,20.4878,15.3960,19.6765,14.9544,15.5952,15.6438,11.6097,15.8532,17.0409,16.4071,18.2670,17.2770,12.5518,12.0736,17.2779,12.0205,9.9455,12.6447,12.2485,21.4819,12.0554,9.8610,13.5422,9.8398,12.1909,11.1578,11.6680,11.4456,12.1648,10.3077,13.3581,14.6728,8.0275,13.9459,14.7940,11.9124,9.2631,10.4118,25.0963,18.3890,12.9204,12.3869,9.4363,7.2464,10.7834,13.3540,15.0055,14.3268,5.6013,13.5353,12.6246,12.8623,20.3783,15.0804,14.7687,12.8877,12.4554,12.9710,11.3112,12.4901,16.8940,17.3809,9.8176,10.2503,12.2660,13.2779,11.7410,9.3452,7.3593,13.2306,12.0777,12.4083,11.4156,16.4629,21.9221,20.1003,12.0712,9.1268,11.1982,9.6536,17.0310,12.9255,17.6295,9.7903,15.6803,21.1608,21.2046,19.2745,8.1897,11.2617,12.2757,11.1455,11.4524,9.8541,10.1703,17.0371,11.9543,12.3361,17.0485,18.3571,13.3952,16.3201,9.8597,19.6160,10.9405,9.7397,11.9015,9.2517,11.5386,7.7972,9.0028,13.5561,12.1632,12.3561,6.6448,12.4125,9.4026,13.1270,16.0517,19.1136,17.1386,19.8679,13.8176,7.1893,9.2674,9.8332,10.9375,12.1919,16.8348,14.6178,13.9330,17.0956,12.1536,12.4789,11.2050,13.1653,10.8546,11.1413,13.5472,8.0794,9.2227,14.7751,11.5048,10.2387,10.7500,9.4654,9.9790,10.0740,7.5282,9.6799,11.6220,8.9324,8.4836,8.3573,14.9197,10.8438,10.6850,12.3770,12.0966,8.2350,12.4508,8.1234,10.7940,9.3375,5.0389,6.3268,7.5350,9.9788,9.6456,9.0722,6.4064,7.1575,6.2279,11.8520,10.4076,7.3209,7.4356,10.5489,6.7377,10.2360,7.1591,7.2126,7.2693,7.3293,7.3930,7.4586,7.5280,7.6011,7.6771,7.7568,7.8394,7.9257,8.0152,8.1078,8.2032,8.3020,8.4039,8.5088,8.6166,8.7276,8.8412,8.9575,9.0764,9.1982,9.3223,9.4490,9.5780,9.7095,9.8433,9.9792,10.1173,10.2573,10.3990,10.5424,10.6873,10.8336,10.9808,11.1289,11.2778,11.4273,11.5774,11.7276,11.8780,12.0283,12.1783,12.3281,12.4769,12.6227,12.7583,12.8672
45113.0833333,14.5171,19.9973,19.5304,19.5005,29.7506,17.7701,22.1531,16.8577,21.4310,16.1352,16.9495,17.1383,12.6210,17.4074,19.0685,18.4340,20.5616,19.5449,14.1054,13.6864,19.5108,13.7807,11.2861,14.5053,14.1227,23.7057,14.0082,11.4703,15.8290,11.6483,14.7333,13.8127,14.4977,13.8127,14.5197,12.3900,15.4298,16.6004,9.7537,15.6428,16.3912,13.3656,10.6824,11.6808,25.7013,19.4940,13.6789,12.8011,9.8191,7.4834,10.9207,13.4341,14.9275,14.2381,5.5114,13.9017,12.8323,12.9304,20.1545,14.8664,14.5075,12.6401,12.4850,13.2042,11.2466,12.6353,17.2901,17.8990,10.4109,10.9065,13.1575,14.3659,12.8218,10.1630,7.6716,14.3394,13.1616,13.7447,12.6914,17.3789,22.3977,20.7388,12.7993,9.6741,11.8871,10.3239,17.8265,13.6486,18.4416,10.3865,16.5331,21.8372,21.8673,20.1435,8.7338,11.9838,13.0060,11.6321,12.0486,10.3757,10.7088,17.5607,12.4060,12.7298,17.4707,18.7584,13.8116,16.6850,10.1607,20.2976,11.1092,9.8323,11.9484,9.2319,11.5068,7.7421,8.9513,13.5630,12.2481,12.4413,6.5968,12.3847,9.3543,13.2447,16.5178,19.7964,17.6014,20.2090,13.8460,7.0065,9.0724,9.6366,10.8355,12.2446,17.0907,14.8386,14.1044,17.6052,12.0995,12.6043,11.2348,13.5701,10.9564,11.2600,14.1841,8.0199,9.3859,15.7343,12.3345,10.8622,11.6789,10.3566,11.3295,11.9658,8.3643,11.0502,13.4392,10.2360,9.7413,9.7516,16.7579,12.6385,12.2857,14.0372,13.5009,9.5278,14.0281,9.5488,12.6625,10.9954,5.9583,7.4872,8.9020,11.4679,11.0305,10.0935,7.2885,8.0505,7.0759,12.6029,11.0100,7.9189,7.9996,10.9779,7.2095,10.6297,7.6310,7.6526,7.6777,7.7063,7.7386,7.7736,7.8122,7.8545,7.8998,7.9486,8.0002,8.0553,8.1133,8.1742,8.2375,8.3039,8.3730,8.4447,8.5190,8.5960,8.6753,8.7571,8.8414,8.9281,9.0172,9.1087,9.2025,9.2988,9.3975,9.4986,9.6020,9.7077,9.8157,9.9258,10.0381,10.1525,10.2687,10.3869,10.5069,10.6287,10.7522,10.8773,11.0040,11.1322,11.2617,11.3926,11.5243,11.6550,11.7786,11.8782
45113.1250000,14.7987,20.9677,20.4510,20.5221,31.1743,18.4500,23.3669,17.8796,22.7792,16.9207,17.8908,18.1989,13.2139,18.5385,20.6142,19.9509,22.3636,21.3343,15.1983,14.8849,21.4224,15.1794,12.3140,16.0942,15.7519,25.8410,15.7421,12.8780,17.9626,13.2797,17.1505,16.3366,17.2523,16.1395,16.8887,14.4825,17.6308,18.7313,11.5430,17.6629,18.3493,15.1498,12.3753,13.2870,26.8923,21.1488,14.9806,13.8080,10.7587,8.2562,11.6558,14.1159,15.4506,14.7182,5.9199,14.6955,13.4329,13.3686,20.2890,14.9593,14.5107,12.6096,12.6198,13.4496,11.2113,12.7109,17.5084,18.1718,10.7137,11.2886,13.7698,15.1699,13.6128,10.7363,7.8423,15.2316,14.0261,14.8474,13.7200,18.1352,22.7819,21.2555,13.3368,10.0333,12.3837,10.7872,18.4678,14.1955,19.1047,10.8003,17.2273,22.4179,22.4466,20.9119,9.1322,12.5842,13.6376,12.0566,12.5708,10.8277,11.1875,18.0955,12.7935,13.0790,17.8719,19.1507,14.1979,17.0563,10.4663,21.0218,11.3911,10.0804,12.1711,9.3987,11.6679,7.8749,9.0843,13.7320,12.4565,12.6307,6.6659,12.4456,9.3766,13.3660,16.9103,20.3817,17.9967,20.5134,13.9037,6.9494,9.0052,9.5760,10.8403,12.3596,17.3660,15.0736,14.2848,18.0396,12.0708,12.6725,11.2047,13.7846,10.9190,11.2057,14.4927,7.8166,9.2847,16.2412,12.6867,11.0349,12.0695,10.6880,12.0405,13.1749,8.6712,11.8320,14.6821,10.9796,10.4657,10.6139,18.2081,13.9714,13.4760,15.3472,14.5972,10.4465,15.3652,10.6720,14.3726,12.5407,6.7305,8.5827,10.2894,13.0962,12.5787,11.3064,8.2976,9.1101,8.0661,13.6560,11.9066,8.7378,8.7901,11.7131,7.8944,11.3164,8.3145,8.3075,8.3036,8.3028,8.3054,8.3107,8.3193,8.3314,8.3464,8.3649,8.3863,8.4110,8.4388,8.4696,8.5032,8.5400,8.5797,8.6222,8.6676,8.7159,8.7668,8.8204,8.8765,8.9353,8.9966,9.0604,9.1266,9.1952,9.2662,9.3394,9.4150,9.4928,9.5728,9.6549,9.7391,9.8253,9.9134,10.0035,10.0955,10.1894,10.2851,10.3826,10.4820,10.5831,10.6859,10.7905,10.8964,11.0023,11.1031,11.1846
45113.1666667,14.5588,21.3049,20.7691,20.9428,32.0264,18.6144,24.0306,18.3925,23.6367,17.2730,18.3917,18.8179,13.4376,19.1180,21.6148,20.9636,23.6940,22.6661,15.8685,15.6433,22.8933,16.1138,12.9120,17.2205,16.9169,27.6183,17.0219,13.8466,19.7018,14.5112,19.2291,18.5356,19.7423,18.2240,19.0560,16.3703,19.7108,20.7996,13.1776,19.6111,20.3007,16.9314,14.0411,14.9381,28.3818,23.0978,16.5799,15.1849,12.0491,9.3479,12.8226,15.2782,16.4911,15.7108,6.6831,15.9328,14.4669,14.2426,20.9083,15.4975,14.9414,12.9763,13.0819,13.9664,11.4607,13.0059,17.8534,18.4672,10.8674,11.4685,14.1347,15.6985,14.1158,11.0470,7.8470,15.8537,14.6202,15.6634,14.4603,18.6743,23.0113,21.5969,13.6618,10.1995,12.6725,11.0404,18.9152,14.5416,19.5754,11.0201,17.7159,22.8325,22.8604,21.4878,9.3320,12.9722,14.0629,12.3090,12.9051,11.0971,11.4846,18.4864,13.0600,13.3174,18.1723,19.4484,14.4729,17.3363,10.6722,21.6505,11.6198,10.2952,12.3857,9.5635,11.8456,8.0165,9.2406,13.9394,12.6930,12.8586,6.7884,12.5873,9.4827,13.5478,17.3057,20.9287,18.3462,20.7713,13.9389,6.9053,8.9421,9.5115,10.8158,12.4135,17.5496,15.2276,14.4046,18.3806,12.0505,12.7290,11.1968,13.9544,10.9043,11.1734,14.7164,7.6907,9.1943,16.5849,12.8825,11.0854,12.2527,10.7805,12.3767,13.8864,8.6707,12.1815,15.4337,11.2888,10.7706,11.0179,19.2050,14.8045,14.2101,16.2184,15.2898,10.9421,16.3040,11.3670,15.6871,13.7120,7.1648,9.3650,11.4163,14.5686,14.0111,12.4403,9.1931,10.1000,8.9830,14.7844,12.8787,9.5772,9.6169,12.5682,8.6230,12.1331,9.0645,9.0403,9.0180,8.9977,8.9796,8.9634,8.9496,8.9384,8.9294,8.9231,8.9192,8.9181,8.9195,8.9237,8.9303,8.9398,8.9520,8.9669,8.9846,9.0050,9.0281,9.0539,9.0824,9.1137,9.1475,9.1840,9.2232,9.2649,9.3093,9.3562,9.4057,9.4577,9.5121,9.5689,9.6281,9.6895,9.7532,9.8190,9.8870,9.9571,10.0292,10.1034,10.1795,10.2575,10.3374,10.4192,10.5025,10.5862,10.6664,10.7313
45113.2083333,13.9498,21.1020,20.5463,20.7977,32.2616,18.2603,24.0860,18.3857,23.9364,17.1439,18.3869,18.9198,13.2437,19.2135,22.0672,21.4242,24.4536,23.4355,16.0599,15.9262,23.8469,16.5686,13.1025,17.8795,17.6189,28.9678,17.8353,14.3824,20.9811,15.2961,20.8480,20.2714,21.8036,19.8992,20.8407,17.8706,21.4563,22.5632,14.4320,21.1982,21.8986,18.3317,15.2922,16.2120,29.7077,24.9134,18.0737,16.4228,13.2452,10.3347,13.9877,16.5373,17.7102,16.9105,7.5106,17.4160,15.7843,15.4303,21.9299,16.4224,15.7713,13.7349,13.9075,14.8289,12.0724,13.6402,18.4995,19.0022,11.0792,11.6232,14.3994,16.0691,14.4287,11.1657,7.7404,16.2233,14.9470,16.1758,14.8886,18.9378,23.0033,21.6773,13.7110,10.1209,12.6894,11.0296,19.0819,14.6153,19.7685,10.9947,17.9244,22.9925,23.0233,21.7960,9.3117,13.1104,14.2388,12.3443,13.0065,11.1471,11.5608,18.6663,13.0766,13.3243,18.2478,19.5340,14.5414,17.4261,10.7122,22.0953,11.7174,10.3934,12.4938,9.6276,11.9276,8.0614,9.3045,14.0563,12.8299,12.9945,6.8403,12.6807,9.5506,13.6904,17.6328,21.4009,18.6401,20.9864,13.9611,6.8761,8.8944,9.4571,10.7788,12.4215,17.6469,15.2846,14.4231,18.5712,11.9500,12.6823,11.1083,13.9952,10.8150,11.0757,14.8078,7.5584,9.0811,16.7831,12.9559,11.0535,12.3171,10.7829,12.5457,14.3340,8.5877,12.3252,15.8948,11.3832,10.8570,11.1674,19.8718,15.2905,14.6185,16.7510,15.6696,11.1394,16.8946,11.7187,16.6009,14.4876,7.3091,9.8001,12.1776,15.7086,15.1309,13.2929,9.8001,10.8193,9.6331,15.7348,13.6771,10.2128,10.2537,13.2934,9.1772,12.8384,9.6667,9.6404,9.6149,9.5902,9.5665,9.5436,9.5219,9.5015,9.4822,9.4643,9.4477,9.4326,9.4191,9.4072,9.3968,9.3883,9.3816,9.3768,9.3740,9.3732,9.3745,9.3779,9.3835,9.3913,9.4013,9.4137,9.4284,9.4454,9.4649,9.4867,9.5110,9.5377,9.5669,9.5984,9.6323,9.6687,9.7074,9.7484,9.7918,9.8375,9.8854,9.9357,9.9881,10.0428,10.0996,10.1586,10.2195,10.2814,10.3413,10.3901
45113.2500000,13.5293,20.8809,20.2256,20.4705,32.1462,17.6350,23.7095,17.9740,23.7183,16.5676,17.8801,18.4823,12.6221,18.7566,21.9027,21.2747,24.5537,23.5476,15.7200,15.6881,24.1543,16.4670,12.8338,17.9796,17.7553,29.6586,18.0237,14.3963,21.6609,15.5717,21.9098,21.4646,23.3373,21.0478,22.0951,18.8465,22.6703,23.7987,15.1647,22.2541,22.9455,19.1540,15.9669,16.9226,30.5461,26.2087,19.0528,17.1373,13.9380,10.8226,14.6748,17.3495,18.5101,17.6930,7.8706,18.6025,16.8793,16.4262,22.7960,17.1767,16.4583,14.3882,14.6976,15.7337,12.7834,14.4188,19.3157,19.6958,11.4501,11.8927,14.6957,16.4110,14.6870,11.2190,7.6278,16.4046,15.0435,16.4107,15.0201,18.8780,22.6445,21.3472,13.3473,9.6829,12.3195,10.6577,18.8227,14.2779,19.5127,10.5785,17.6570,22.6636,22.6863,21.5970,8.9073,12.8288,13.9884,11.9821,12.6874,10.8004,11.2341,18.4009,12.7691,12.9930,17.9306,19.2036,14.2051,17.1226,10.4383,22.1680,11.5319,10.2431,12.3433,9.4449,11.7503,7.8660,9.1320,13.9111,12.6977,12.8677,6.6987,12.5667,9.4334,13.6255,17.7212,21.6129,18.6847,20.9485,13.7798,6.7087,8.7290,9.3017,10.6393,12.3080,17.5802,15.1812,14.2858,18.5488,11.7074,12.4818,10.8949,13.8510,10.5794,10.8248,14.6694,7.3074,8.8383,16.7293,12.7948,10.8251,12.1635,10.6173,12.5078,14.5313,8.4028,12.2580,16.0453,11.2310,10.6630,11.0155,20.1234,15.3474,14.5884,16.8085,15.5890,10.9166,17.0020,11.6427,17.0297,14.8198,7.1916,9.8884,12.5385,16.4126,15.8079,13.7295,10.0120,11.1332,9.8839,16.2697,14.0404,10.3929,10.4235,13.5517,9.2521,13.0711,9.8019,9.7972,9.7897,9.7797,9.7674,9.7531,9.7372,9.7202,9.7022,9.6838,9.6651,9.6465,9.6280,9.6100,9.5925,9.5757,9.5596,9.5446,9.5305,9.5175,9.5056,9.4949,9.4855,9.4775,9.4708,9.4656,9.4619,9.4599,9.4594,9.4606,9.4636,9.4684,9.4750,9.4835,9.4938,9.5062,9.5204,9.5367,9.5549,9.5752,9.5976,9.6221,9.6486,9.6772,9.7080,9.7408,9.7756,9.8119,9.8476,9.8761
45113.2916667,11.9739,19.4080,18.7233,18.9284,30.7367,15.8513,22.0396,16.2430,22.1871,14.8440,16.1834,16.8459,10.9849,17.1456,20.4900,19.8990,23.3755,22.3697,14.2578,14.3375,23.2155,15.1769,11.5213,16.9123,16.7289,29.0734,16.9136,13.1815,21.0347,14.6515,21.7213,21.3974,23.6297,21.0391,22.1787,18.6846,22.7290,23.8265,14.6659,22.0766,22.6467,18.6154,15.1974,16.1801,30.0458,26.0153,18.5896,16.5424,13.3711,10.1432,14.1901,16.9529,18.1007,17.2413,7.0611,18.4344,16.6795,16.1678,22.4726,16.6753,15.8901,13.7576,14.1342,15.3105,12.2868,14.0675,19.2054,19.6160,11.5111,12.0212,14.8489,16.4847,14.5988,10.9562,7.3205,16.1980,14.6441,16.0312,14.3988,17.9936,21.5169,20.0934,11.9851,8.2695,10.7847,9.1309,17.2632,12.6237,17.8513,8.9069,15.9471,20.8891,20.9126,19.8961,7.2267,11.1827,12.3811,10.3838,11.0660,9.1958,9.6628,16.7993,11.3020,11.5126,16.4333,17.6638,12.6706,15.6497,9.1145,21.1671,10.4257,9.2828,11.4474,8.5473,10.8276,6.9782,8.2039,12.9657,11.7205,11.8852,5.7952,11.6647,8.5513,12.7830,16.9209,20.9039,17.8333,20.0279,12.7238,5.7748,7.7990,8.4068,9.7783,11.4523,16.7388,14.3139,13.4224,17.7588,10.7525,11.5611,10.0135,13.0563,9.7404,9.9946,13.8982,6.5166,8.0549,16.0544,11.9830,9.9539,11.3324,9.8316,11.8710,14.0850,7.7807,11.6933,15.5956,10.5407,9.8273,10.1205,19.5289,14.4820,13.6162,15.8637,14.5438,9.7176,15.9892,10.4902,16.2548,14.0435,6.2429,9.0686,11.9558,16.1756,15.5480,13.3155,9.3899,10.5754,9.2557,15.8767,13.5078,9.6270,9.5621,12.7267,8.2459,12.1035,8.6677,8.6800,8.6895,8.6965,8.7010,8.7030,8.7035,8.7023,8.6996,8.6957,8.6907,8.6847,8.6778,8.6700,8.6612,8.6515,8.6407,8.6290,8.6163,8.6027,8.5883,8.5731,8.5573,8.5404,8.5229,8.5071,8.4908,8.4745,8.4584,8.4430,8.4281,8.4137,8.4001,8.3874,8.3760,8.3645,8.3537,8.3441,8.3353,8.3277,8.3212,8.3151,8.3101,8.3051,8.2920,8.2852,8.2762,8.2685,8.2606,8.2548
45113.3333333,8.3035,15.7920,15.3897,15.7581,27.8320,13.0106,19.2839,13.4495,19.6020,12.3547,13.7144,14.4167,8.7175,14.5292,18.0002,17.4991,21.1981,20.1221,11.9548,12.0948,21.2902,13.0962,9.5715,15.0654,14.9270,27.7118,15.1670,11.3533,19.5660,12.9327,20.4952,20.2736,22.8648,20.0024,21.2424,17.5965,21.9515,23.0973,13.5098,21.2335,21.7495,17.5873,13.9822,15.0127,29.0934,25.0274,17.3116,15.1592,11.9363,8.7694,12.9428,15.7393,16.9066,16.0204,5.7521,17.3604,15.6121,15.1541,21.5368,15.6009,14.7826,12.5535,12.8845,14.1277,11.1518,12.8981,18.1504,18.5603,10.7845,11.6600,14.7575,16.4761,14.5159,10.6186,7.1076,16.0783,14.3604,15.8400,14.0438,17.5326,21.0510,19.5145,11.3306,7.6327,9.8552,8.1817,16.0898,11.3357,16.3894,7.5654,14.2912,19.0715,19.0234,17.8926,5.4473,9.1647,10.3345,8.5213,9.0962,7.2795,7.7090,14.6576,8.8179,9.1254,13.9874,15.2320,10.3520,13.3261,7.0279,19.1707,8.5755,7.5309,9.8253,7.0491,9.3106,5.6764,6.7733,11.5073,10.3042,10.5012,4.5979,10.3448,7.2432,11.4424,15.5871,19.6742,16.5180,18.7204,11.3404,4.6508,6.5656,7.1342,8.4817,10.2147,15.4086,12.9620,12.0796,16.5168,9.5523,10.2394,8.7039,11.8108,8.5285,8.8030,12.7324,5.4770,6.9686,15.0448,10.9334,8.9163,10.2679,8.7310,10.8197,13.1433,6.9351,10.9072,14.9330,9.8010,8.8945,9.0741,18.8119,13.4706,12.6168,14.8889,13.6233,8.6711,14.8933,9.2771,15.0186,12.7515,4.9551,7.6025,10.5378,15.0535,14.4558,12.3193,8.2362,9.4750,8.1611,15.0552,12.8531,8.8792,8.7850,12.0177,7.4723,11.2386,7.5228,7.4861,7.4535,7.4254,7.4015,7.3807,7.3651,7.3534,7.3445,7.3380,7.3337,7.3304,7.3282,7.3267,7.3248,7.3230,7.3204,7.3171,7.3131,7.3075,7.3004,7.2921,7.2827,7.2718,7.2599,7.2467,7.2326,7.2172,7.2008,7.1835,7.1652,7.1458,7.1259,7.1050,7.0832,7.0608,7.0370,7.0062,6.9744,6.9429,6.9133,6.8841,6.8558,6.8268,6.7974,6.7654,6.7311,6.6957,6.6569,6.6288
45113.3750000,3.5831,10.7129,10.6433,11.1503,23.3078,8.8293,14.9921,9.2960,15.5447,8.6559,10.0790,10.9467,5.7529,10.5976,14.2634,14.0537,17.8638,16.6157,8.7676,8.8261,18.2746,9.9942,6.8973,12.4288,12.3551,25.4588,12.6279,8.9794,17.4847,10.6989,18.5307,18.2846,20.6740,17.1944,18.1325,14.2613,19.3810,21.2397,11.6225,19.7307,20.2059,16.1136,12.4099,13.6026,27.8833,23.6362,15.8180,13.6573,10.4295,7.4378,11.6197,13.5565,14.3171,13.1779,3.2478,14.8411,13.1931,13.0138,19.2675,13.4618,12.9535,10.2801,10.7330,12.2477,9.5708,11.2219,16.3999,16.1820,8.4005,10.4528,13.7686,15.7132,13.8302,9.8082,6.6655,15.4889,13.8015,15.4677,13.4355,16.7070,20.3652,18.5914,10.2779,7.1331,8.5087,7.1349,15.0776,10.3635,15.1743,6.6224,12.5052,16.9637,17.1126,15.9518,3.3971,6.9842,8.2812,6.8214,7.1472,5.7227,5.5305,12.3452,5.3512,5.8896,10.3679,11.3945,6.2458,9.5931,3.7353,15.7563,5.2789,4.4189,6.9620,4.5579,6.9598,3.4610,4.1072,8.8882,7.8925,8.2064,2.8253,8.5165,5.2721,9.3814,13.5777,17.8825,14.6347,16.7885,9.3932,3.2713,5.1839,5.6422,6.7464,8.2725,13.1664,10.9486,10.2637,14.7405,7.5712,8.1498,6.9250,10.2206,6.9686,7.3831,11.3900,4.3724,5.7882,13.8603,9.6533,7.6075,8.8396,7.4714,9.6765,11.9930,6.0713,10.0434,14.0809,8.8219,7.8420,7.7920,18.3714,11.8303,11.1273,13.1716,12.1082,7.2132,12.9527,7.6069,12.9694,10.6641,3.1677,5.5747,8.4279,13.2915,12.3082,10.7197,6.2854,7.5607,6.3124,13.3520,11.5513,7.2199,6.8926,10.1272,5.4921,9.0918,4.9079,5.1410,5.3530,5.5420,5.7096,5.8520,5.9739,6.0734,6.1512,6.2085,6.2473,6.2693,6.2772,6.2732,6.2591,6.2381,6.2110,6.1801,6.1465,6.1114,6.0754,6.0389,6.0024,5.9658,5.9291,5.8923,5.8549,5.8147,5.7505,5.5620,5.4380,5.3158,5.1876,5.0630,4.9339,4.8092,4.6865,4.5684,4.4589,4.3598,4.2705,4.1899,4.1179,4.0528,3.9938,3.9388,3.8871,3.8386,3.7858,3.7468
45113.4166667,-5.1455,1.2802,1.9229,2.7675,16.8557,0.7699,6.7463,2.1810,9.3348,1.7279,3.2899,4.4910,0.3333,4.5770,8.4018,8.7112,13.9626,11.4475,5.0792,4.1278,13.8948,5.9271,3.1772,8.7330,8.6577,22.5818,7.5878,4.1009,12.7730,5.4225,12.8715,13.5296,17.2451,13.5615,14.1456,9.3652,12.8097,13.8174,4.7233,14.5987,13.4778,10.2909,6.8155,8.5206,25.5094,19.1197,10.5664,8.9951,6.5716,4.1673,9.9942,11.4318,11.8097,10.1736,-0.6097,10.4307,7.8373,8.7995,14.9904,6.8776,8.1475,4.1138,4.7214,6.6475,5.1618,6.6227,13.6577,13.1635,3.7564,7.4612,11.6948,12.5912,11.7970,7.3809,4.8648,15.0228,11.0718,14.6244,9.7388,12.8389,19.7930,16.8851,5.5158,4.3352,3.3334,2.4919,10.4508,5.8316,10.6672,3.7922,9.4325,12.4620,12.5406,10.8401,-1.8227,0.5198,2.2269,1.6220,1.8688,2.3957,0.8960,9.2663,-0.2685,1.7672,6.0658,6.5459,0.8041,3.1524,-2.3373,10.1252,-0.0862,-0.6437,1.7713,-0.0026,3.5936,0.5168,-0.2723,4.1460,4.2904,3.7380,-1.8405,4.4466,0.5890,5.4663,8.0168,12.7824,9.5866,12.0794,4.2683,-1.8077,0.5128,1.0574,2.5270,4.3728,8.7696,5.7856,5.8328,11.8075,4.7407,4.1113,2.9743,6.7906,3.7387,3.3741,7.6703,0.6246,2.5643,10.6670,6.3335,3.0978,5.3222,3.6518,6.4765,9.3175,3.8070,7.8149,13.4624,6.2929,6.5000,4.7016,17.3829,10.2844,9.3768,9.1919,9.7005,4.2842,9.1934,4.9213,9.4548,7.1020,-0.0823,2.1049,4.3283,10.0715,8.9236,8.0608,2.4074,4.7348,2.3436,11.1856,9.1756,4.6317,4.2057,7.6787,3.1079,6.2390,0.5736,0.8716,1.1633,1.4475,1.7246,1.9895,2.2476,2.4948,2.7298,2.9518,3.1603,3.3544,3.5339,3.6985,3.8474,3.9808,4.0956,4.1617,3.9986,3.9073,3.8105,3.6967,3.5729,3.4410,3.3026,3.1592,3.0240,2.8837,2.7391,2.5987,2.4424,2.2852,2.1204,1.9520,1.7744,1.5948,1.4122,1.2294,1.0499,0.8760,0.7079,0.5459,0.3907,0.2419,0.0998,-0.0364,-0.1666,-0.2896,-0.4135,-0.5036
45113.4583333,-14.1433,-9.4530,-7.8770,-6.9285,8.9849,-9.2212,-3.8197,-7.0054,2.1385,-6.5376,-6.1438,-5.4964,-8.0320,-4.4877,-1.8411,-0.5551,7.7588,4.3364,1.0041,-0.8917,7.4665,-0.5709,-2.4546,3.2976,3.8453,20.2787,2.4616,-1.2008,9.3834,1.0908,9.3638,8.4101,13.8056,10.6553,10.9515,5.1414,8.3921,6.5588,-3.8369,8.1142,6.0369,0.2118,-3.0890,-0.8574,20.6864,12.5559,3.0264,2.1439,0.3082,-0.9869,7.2269,9.0288,9.3157,8.5513,-2.4301,7.5973,3.4689,6.9872,12.6744,1.1780,3.9133,-1.8370,-1.5285,0.5562,1.2883,1.6146,8.6927,8.1051,-1.5201,3.2500,10.1707,9.5863,9.9208,3.7784,2.0544,13.9961,7.1396,13.5734,5.6922,9.2842,20.7402,16.4438,2.2312,2.2601,-0.7237,-0.6326,6.1447,0.2330,8.4116,0.8832,6.4187,9.6584,9.6142,7.1157,-5.0139,-4.8006,-3.4727,-3.1652,-3.4909,-1.1700,-4.0342,4.4076,-8.0450,-4.6521,-0.0452,0.5980,-4.7416,-4.0611,-9.2035,3.8633,-5.1359,-5.0258,-3.3411,-5.5769,-0.7151,-3.0943,-5.6817,-2.0215,-0.3963,-0.7226,-6.3569,0.2625,-4.7070,0.5977,0.6020,7.5796,4.4219,7.6478,-0.3252,-6.4280,-3.8838,-3.3621,-1.2294,1.4282,6.1325,0.2538,-1.0042,6.2432,0.5722,0.4008,-2.5158,2.2707,-0.5338,-2.1178,3.4365,-3.9424,-1.3011,8.4788,3.6194,-0.3325,2.7287,-0.4579,1.2658,4.9293,0.2821,4.5003,10.8996,2.6362,3.4272,0.5896,15.7854,8.8139,7.2795,5.7151,7.0220,2.1093,7.5943,2.4277,5.9194,3.6374,-2.9737,-1.1442,-0.0435,6.7290,5.5154,5.6952,-1.2539,2.3199,-1.2987,9.9216,7.6100,2.9526,2.4642,6.1634,1.6912,3.8837,-3.3315,-3.7476,-4.0643,-4.2673,-4.3537,-4.3388,-4.2358,-4.0735,-3.8176,-3.4669,-3.1335,-2.8361,-2.5615,-2.3608,-2.1841,-2.0455,-1.9363,-1.8482,-1.7750,-1.7123,-1.6436,-1.5833,-1.5309,-1.4868,-1.4510,-1.4237,-1.3968,-1.3799,-1.3732,-1.3718,-1.3896,-1.4172,-1.4596,-1.5143,-1.5852,-1.6679,-1.7627,-1.8677,-1.9804,-2.0988,-2.2223,-2.3503,-2.4818,-2.6163,-2.7533,-2.8924,-3.0329,-3.1727,-3.3192,-3.4265
45113.5000000,-17.6507,-15.5366,-12.2272,-9.4562,5.3260,-12.5902,-10.4724,-15.5623,-5.1677,-11.0340,-10.8596,-12.6111,-14.4065,-11.9560,-10.1987,-11.9777,-3.4610,-7.5262,-10.3576,-11.9738,-0.9024,-9.7339,-10.3194,-5.6520,-3.2524,15.3587,-0.6904,-6.3175,5.4081,-4.2193,5.5440,3.2296,9.8094,7.7347,10.6637,5.7466,10.1244,8.2731,-4.6273,8.0619,5.8010,-2.3333,-8.4555,-7.3469,16.9884,6.3176,-4.2217,-5.2136,-8.5750,-9.9904,-1.9755,1.9153,4.0881,3.1184,-6.9558,1.8885,-0.1675,7.2027,14.4887,3.8540,5.5727,-1.7105,-5.3961,-4.7937,-4.4811,-3.7900,5.9941,6.2186,-6.6429,-1.9084,5.2994,4.1300,4.9244,0.7217,-0.1016,13.7929,7.3791,14.6796,3.9655,7.6515,23.8590,19.0365,5.2035,2.6789,-3.2219,-3.4906,5.8277,-2.2594,7.7921,0.4241,6.2553,10.1284,10.1449,6.5170,-6.1931,-7.9388,-6.8493,-4.6423,-7.6800,-5.8797,-7.0997,0.7082,-10.1946,-7.0707,-2.5075,-1.9079,-6.8969,-6.9374,-13.5232,-2.4058,-11.4123,-11.4120,-7.1965,-9.9297,-4.7758,-5.8568,-9.9437,-4.3643,-2.7491,-2.9635,-9.1600,-3.2451,-7.1533,-3.0634,-2.3053,2.8369,-0.1635,4.1007,-3.4133,-7.8209,-6.2896,-7.2924,-6.8547,-4.7295,1.4549,-2.6414,-3.1692,3.1590,-3.4671,-3.1823,-5.2131,-0.5530,-2.9218,-4.0562,0.8385,-6.8673,-4.5020,5.8697,-1.4816,-4.3619,-2.1899,-4.1308,-1.6801,0.5442,-2.3907,4.1436,9.7967,3.2762,1.6078,-1.0113,14.3891,7.0320,4.8192,3.3460,5.2085,1.5590,6.1578,0.4867,2.7577,0.4363,-5.2877,-4.1677,-3.8864,3.1612,2.4158,3.7344,-3.8398,0.5846,-2.8159,9.0847,7.1305,2.8355,2.5929,6.7347,2.6998,4.5842,-1.6270,-2.0254,-2.4257,-2.8274,-3.2292,-3.6353,-4.0344,-4.4273,-4.7675,-5.0304,-5.2706,-5.4828,-5.6453,-5.7865,-5.8717,-5.9137,-5.9119,-5.8669,-5.7811,-5.6582,-5.4940,-5.3052,-5.0990,-4.8826,-4.6628,-4.4459,-4.2313,-4.0296,-3.8437,-3.6720,-3.5250,-3.3961,-3.2882,-3.1989,-3.1300,-3.0773,-3.0405,-3.0175,-3.0061,-3.0047,-3.0128,-3.0300,-3.0557,-3.0899,-3.1322,-3.1827,-3.2409,-3.3048,-3.3844,-3.4304
45113.5416667,-22.0214,-21.7793,-18.5695,-16.3118,-3.5811,-18.8952,-18.2479,-23.1551,-12.9355,-16.2344,-16.1393,-17.6639,-17.9568,-17.0179,-16.1437,-17.9015,-11.1872,-15.0593,-16.8281,-18.7277,-9.6869,-18.8374,-17.4487,-16.1468,-12.3166,4.5153,-10.1627,-14.1743,-2.1432,-10.9046,0.4865,-1.5623,5.5223,5.2132,7.3633,2.3053,6.9986,5.7506,-6.8290,6.7410,4.5639,-2.5147,-10.0096,-8.5812,16.5113,2.8968,-7.0595,-7.7210,-12.0948,-13.2577,-5.7313,-4.1312,-2.9782,-3.7556,-12.7237,-6.8809,-7.5637,1.3936,10.1068,-0.3031,1.0423,-4.8984,-9.5962,-7.8041,-6.0977,-4.6266,3.1838,2.6121,-11.0141,-5.7469,1.3934,-0.5358,-2.4992,-6.0375,-5.3996,8.7335,3.0431,10.4142,0.2279,3.5695,23.2235,17.3835,3.6637,0.7191,-6.8422,-5.4319,4.0409,-5.0448,5.1793,-2.0759,3.7713,8.0218,8.2436,4.3245,-6.9297,-7.9590,-7.0823,-3.2909,-7.7928,-6.9832,-8.2694,-2.4017,-11.9704,-9.7688,-6.0511,-5.9148,-10.5524,-10.7020,-16.7027,-7.3274,-14.4826,-14.3213,-9.7170,-11.8576,-8.7598,-9.1410,-14.3679,-8.5530,-8.1494,-7.1820,-12.0286,-7.6255,-10.6491,-7.4602,-6.5078,-1.1058,-3.9113,0.6105,-6.4862,-9.1924,-8.1140,-8.2061,-9.0194,-7.5162,-0.7340,-5.8733,-6.4429,-0.3926,-6.2573,-6.5796,-8.1372,-4.0239,-5.9970,-6.7154,-2.4994,-8.6280,-7.0972,2.8601,-5.9858,-7.6781,-5.3013,-8.2371,-6.3145,-4.9070,-5.8134,1.4440,5.6276,0.3285,-1.5557,-4.8901,10.4827,2.9996,1.1494,0.5247,3.0795,-1.3360,2.5821,-3.0759,-1.2883,-2.9019,-6.8147,-6.1867,-6.0691,-0.1738,-1.2264,0.5713,-6.6985,-2.9491,-5.5532,5.9088,3.8630,-0.3268,-0.5519,3.7415,-0.0855,1.6596,-3.7422,-3.8633,-3.9807,-4.0950,-4.2073,-4.3259,-4.4428,-4.5658,-4.6685,-4.7399,-4.8222,-4.9164,-5.0111,-5.1279,-5.2442,-5.3683,-5.4979,-5.6304,-5.7633,-5.8935,-6.0119,-6.1231,-6.2248,-6.3147,-6.3907,-6.4510,-6.4900,-6.5109,-6.5129,-6.4931,-6.4583,-6.4047,-6.3359,-6.2527,-6.1589,-6.0553,-5.9448,-5.8297,-5.7118,-5.5933,-5.4767,-5.3644,-5.2580,-5.1594,-5.0697,-4.9902,-4.9214,-4.8637,-4.8358,-4.8047
45113.5833333,-24.9336,-21.9622,-19.7804,-15.9739,-4.6404,-18.0811,-19.9151,-24.5291,-16.9136,-18.5653,-19.8035,-22.7943,-23.0141,-23.0580,-23.1578,-24.8604,-19.2272,-22.2433,-22.3220,-24.2896,-16.1087,-26.0860,-21.2111,-25.0634,-19.2154,-3.5203,-19.5672,-22.0391,-9.9869,-19.3172,-10.2765,-11.4480,-3.3000,0.8532,3.9162,-0.8442,4.3823,3.0586,-11.3042,4.2648,2.4135,-3.8832,-14.2130,-13.5644,13.7159,-1.7317,-10.0437,-9.1436,-14.4298,-15.8355,-8.1755,-7.5186,-6.4326,-6.4411,-14.9040,-14.2836,-14.8327,-6.9167,6.0004,-3.7879,-2.7175,-7.8435,-15.4816,-14.5534,-12.3496,-6.9692,-0.4958,-1.2914,-16.4962,-9.7656,-1.3829,-1.7893,-3.0697,-10.9155,-9.1294,3.7079,-2.1006,1.7311,-7.0855,-2.8409,20.6595,14.4419,1.2549,-1.7784,-11.9958,-7.9413,1.1361,-6.9404,2.2211,-5.0235,0.4180,4.7825,4.8298,-0.1000,-10.4728,-11.2679,-10.3141,-4.1119,-9.8569,-9.5732,-10.6886,-5.7803,-14.2833,-12.1411,-8.5983,-8.5805,-12.8629,-13.2895,-19.5925,-12.8620,-18.7389,-18.3929,-12.4322,-13.6237,-11.4881,-10.8031,-18.1172,-11.7879,-14.4861,-9.9154,-13.4369,-10.3232,-12.8880,-11.1796,-13.7455,-6.7741,-8.8231,-3.2986,-9.7719,-10.9103,-12.3395,-11.0462,-13.0925,-12.0280,-2.8201,-8.3769,-11.5952,-3.6730,-8.0080,-8.5052,-9.6643,-5.4071,-6.4598,-7.4206,-4.3928,-9.6762,-8.6607,1.4366,-10.2368,-11.3741,-8.2123,-11.9737,-10.3559,-10.5850,-9.4403,-1.2119,2.1538,-1.4462,-3.1049,-7.5523,8.1002,0.7994,-0.6411,-0.4432,3.2799,-1.7648,1.0124,-5.5347,-5.4637,-7.5184,-10.1704,-10.3339,-10.1142,-4.7404,-5.5645,-2.4311,-8.1526,-5.5804,-7.5853,3.7627,1.6580,-2.3447,-2.6305,1.6764,-1.7845,-0.7320,-5.5760,-5.7596,-5.9401,-6.1160,-6.2855,-6.4533,-6.6078,-6.7529,-6.8684,-6.9449,-7.0102,-7.0650,-7.1025,-7.1391,-7.1614,-7.1778,-7.1898,-7.1987,-7.2060,-7.2127,-7.2157,-7.2210,-7.2297,-7.2425,-7.2601,-7.2829,-7.3081,-7.3386,-7.3737,-7.4113,-7.4547,-7.4997,-7.5468,-7.5938,-7.6407,-7.6848,-7.7251,-7.7600,-7.7878,-7.8070,-7.8171,-7.8175,-7.8078,-7.7882,-7.7589,-7.7204,-7.6738,-7.6204,-7.5815,-7.5312
45113.6250000,-24.7468,-19.1242,-16.0750,-16.0740,-0.4334,-11.5856,-15.0283,-22.5396,-13.3056,-12.8702,-14.1657,-17.5162,-17.4909,-18.5292,-19.6390,-21.9733,-19.5224,-23.5119,-22.7906,-25.6816,-19.1019,-29.2465,-22.6961,-25.2065,-21.7898,-6.1748,-23.5935,-24.7321,-14.0302,-22.3407,-17.2730,-18.7290,-11.6972,-4.4269,0.9194,-1.3116,4.7361,3.2763,-12.1275,4.8657,3.6919,-1.0466,-12.8198,-10.0015,14.5225,-3.8007,-11.0891,-8.9631,-14.8131,-12.5315,-7.5855,-8.2977,-7.4527,-6.7111,-14.2964,-17.9452,-18.1882,-11.4772,5.1105,-3.9330,-3.0595,-7.4992,-17.4335,-17.3499,-15.0742,-10.4107,-1.3107,-0.4499,-19.3810,-12.5521,-2.6658,-2.9133,-3.7530,-9.4834,-3.1601,5.9983,0.8673,0.9534,-7.0368,2.8131,24.0757,16.9585,3.7804,0.3893,-7.6675,-5.9655,1.7807,-5.8573,2.0944,-4.9137,0.2842,5.2144,5.7813,0.8163,-9.5600,-8.1519,-5.8079,1.9486,-5.2801,-6.0341,-7.6511,-4.2533,-11.7545,-10.0661,-6.5376,-7.0756,-11.3386,-12.2992,-18.8150,-14.8240,-19.4225,-19.2654,-12.7004,-12.9303,-11.8102,-10.2807,-15.9378,-11.9862,-17.5584,-14.2379,-13.6007,-11.1611,-12.5398,-11.6978,-13.5917,-9.4660,-11.6385,-5.6979,-11.5514,-12.4436,-12.6561,-14.0782,-15.8705,-15.1525,-4.1173,-9.7433,-12.3424,-5.9799,-9.1083,-9.8740,-9.9624,-8.3464,-8.5286,-6.7889,-3.3040,-8.6458,-8.0821,4.0457,-8.9167,-9.1741,-5.8916,-9.7324,-9.8377,-12.6955,-8.1287,-1.1434,0.9580,-1.5312,-3.1282,-8.4471,7.4660,-1.3988,0.1421,1.1730,5.8616,0.3540,2.2984,-6.9678,-5.7160,-7.6865,-9.0657,-10.1505,-10.6968,-6.5300,-7.5270,-3.4632,-8.0006,-6.3509,-7.8507,3.2520,1.3348,-2.2725,-2.4610,1.9069,-1.0713,-0.3884,-4.6155,-4.7104,-4.8091,-4.9117,-5.0181,-5.1338,-5.2480,-5.3649,-5.4703,-5.5569,-5.6430,-5.7278,-5.8052,-5.8852,-5.9572,-6.0252,-6.0890,-6.1479,-6.2015,-6.2493,-6.2881,-6.3210,-6.3481,-6.3695,-6.3855,-6.3964,-6.4009,-6.4015,-6.3988,-6.3924,-6.3859,-6.3781,-6.3706,-6.3638,-6.3590,-6.3559,-6.3552,-6.3569,-6.3609,-6.3669,-6.3751,-6.3852,-6.3971,-6.4104,-6.4247,-6.4395,-6.4543,-6.4681,-6.4960,-6.4963
45113.6666667,-21.7616,-19.0962,-15.9587,-15.6794,4.1625,-8.4114,-7.2432,-16.0301,-7.1963,-5.7658,-5.6698,-7.1920,-5.8427,-7.1961,-9.5695,-10.1558,-6.6538,-10.4650,-9.6824,-14.9309,-9.4837,-19.4855,-15.0662,-17.7396,-18.3665,-3.9194,-22.1900,-22.8990,-16.3667,-21.8334,-20.2761,-21.9253,-15.7441,-8.5068,-3.5317,-3.3198,3.1714,3.6749,-9.4275,8.7968,12.4307,6.5948,-1.6208,2.8192,25.4820,3.3762,-4.0751,-1.6915,-8.8861,-6.7912,-1.6279,-2.6802,-2.6869,-1.8664,-8.2906,-16.3170,-17.0720,-11.5711,7.2941,-0.8067,1.1671,-3.2056,-13.1578,-14.6290,-13.1657,-11.3316,-4.8604,-1.0825,-18.7031,-11.6768,-2.8273,-3.5216,-4.9376,-7.7558,-1.4933,6.4513,4.3561,3.3393,-2.7921,11.2953,31.7777,25.4225,9.8357,7.4779,5.0222,3.5038,13.9019,6.4906,14.0540,6.1600,11.0735,16.7478,16.0632,9.3208,-3.4760,-3.7130,-1.7979,6.1347,0.9996,2.7994,1.1122,6.7342,-2.2862,-2.3226,2.3667,1.9261,-4.0394,-3.3837,-10.8812,-10.0138,-14.5738,-14.8707,-9.8813,-9.3478,-6.8364,-6.4746,-10.7647,-6.2408,-12.6638,-10.8259,-9.3498,-7.6490,-10.4498,-10.1574,-10.1531,-6.2842,-8.7031,-2.9990,-8.6454,-9.6413,-10.7710,-12.1144,-15.2995,-15.5703,-4.3278,-9.9321,-11.7875,-6.6031,-9.8243,-11.0997,-10.2360,-9.1052,-9.0609,-5.5672,-1.8372,-6.4859,-6.9976,5.4937,-8.4052,-8.2953,-6.2613,-7.6829,-6.7926,-9.6718,-4.3300,0.4610,4.4892,2.1859,1.2128,-4.1316,11.9110,1.4873,4.4078,6.1008,11.3102,3.5997,6.8678,-4.3419,-2.7920,-5.4699,-5.3976,-7.0125,-7.4457,-3.8748,-5.1726,-0.7182,-4.5608,-4.4263,-5.9314,6.5455,4.6801,1.2079,1.0349,5.4004,2.5041,3.0626,-0.9197,-1.0656,-1.2285,-1.4024,-1.5810,-1.7640,-1.9360,-2.0983,-2.2391,-2.3530,-2.4530,-2.5401,-2.6123,-2.6785,-2.7340,-2.7838,-2.8295,-2.8723,-2.9132,-2.9527,-2.9891,-3.0249,-3.0602,-3.0948,-3.1286,-3.1614,-3.1916,-3.2203,-3.2473,-3.2714,-3.2945,-3.3149,-3.3332,-3.3489,-3.3625,-3.3735,-3.3819,-3.3877,-3.3907,-3.3910,-3.3887,-3.3843,-3.3779,-3.3701,-3.3610,-3.3512,-3.3409,-3.3301,-3.3347,-3.3155
45113.7083333,-17.8368,-17.7674,-14.6833,-14.3630,3.9941,-6.1550,-5.5290,-12.5453,-2.2666,-2.7999,-3.1238,-4.3679,-3.1266,-4.2958,-6.0387,-5.2726,-0.7836,-2.2244,-0.1231,-2.9467,1.5818,-5.7494,-1.6626,-4.4230,-5.3698,9.3228,-9.5429,-10.5310,-8.7931,-13.9566,-15.5798,-19.3019,-16.1848,-9.9174,-5.4134,-5.4602,3.1081,3.5937,-9.8635,5.1105,8.2618,3.8197,-2.4006,2.4356,30.0135,10.6578,3.3233,8.1493,0.2811,2.3154,6.2289,7.5965,7.6557,5.9342,1.0445,-8.0963,-9.5018,-5.2613,14.1591,4.0114,5.2174,1.2867,-6.9151,-8.6910,-5.1299,-6.0669,-0.4807,1.6133,-16.6428,-11.1739,-4.0046,-1.3754,-4.6310,-7.4904,-1.8740,7.3393,4.1112,3.5951,-0.0838,15.7941,35.2056,28.9856,10.8453,8.2870,9.9572,5.8873,19.2509,12.4295,20.5159,9.7771,15.5475,25.6304,26.1990,19.5957,5.9343,5.9537,7.4227,13.6007,9.1878,9.8427,8.4064,16.1751,4.2903,6.6391,11.3531,11.7373,3.5316,5.9849,-1.9750,-1.4401,-5.8770,-7.2822,-4.1429,-3.4702,-2.1416,-1.4089,-5.2662,-2.2900,-7.4461,-6.2645,-4.2888,-2.1588,-5.7458,-4.7422,-6.7228,-2.5092,-4.6722,1.1750,-3.9768,-5.1074,-6.7934,-7.0380,-10.9161,-11.9070,-1.4120,-7.1305,-8.8228,-4.9054,-7.4251,-9.0962,-10.2282,-8.8440,-9.2080,-5.6620,-4.3237,-6.9399,-7.1640,4.6912,-7.3806,-6.7743,-5.3018,-6.2280,-5.5531,-7.3664,-0.9711,3.9492,7.4094,3.7903,3.2189,0.2605,16.3308,6.5404,9.2871,11.5519,16.5142,5.5251,11.3965,-0.4564,1.0922,-1.5231,-2.2763,-3.0864,-4.4520,-0.1894,-1.2529,3.3250,-0.0937,-0.0141,-2.6985,10.4088,8.5739,5.0458,4.9000,9.3815,6.2511,7.1954,3.2638,3.1815,3.0970,3.0114,2.9255,2.8343,2.7482,2.6624,2.5831,2.5126,2.4416,2.3695,2.2982,2.2224,2.1467,2.0689,1.9897,1.9097,1.8300,1.7515,1.6770,1.6056,1.5383,1.4757,1.4182,1.3658,1.3195,1.2781,1.2412,1.2091,1.1796,1.1534,1.1295,1.1077,1.0872,1.0681,1.0502,1.0334,1.0179,1.0037,0.9908,0.9793,0.9693,0.9608,0.9539,0.9485,0.9449,0.9436,0.9297,0.9445
45113.7500000,-8.3176,-10.3651,-8.5532,-9.0632,5.7643,-2.9628,-3.3864,-9.3508,-0.5770,-0.9884,-1.3909,-2.3584,-1.2922,-2.2396,-3.6051,-3.0508,0.8141,-0.1639,1.3579,-0.4541,3.8494,-1.9318,1.6042,0.1931,0.0508,16.2646,-0.3007,-0.6329,0.7026,-3.1297,-5.9672,-10.2286,-9.4154,-5.0302,-2.3158,-3.4746,3.9035,6.1533,-6.2286,5.8984,8.1280,3.9421,-1.4717,2.4869,31.7372,13.5062,6.5450,12.1039,4.8059,6.2689,10.0743,13.1134,15.1658,12.3965,6.7965,0.6115,-0.5974,2.7250,20.0588,10.4414,11.1801,7.4912,0.5812,-1.2585,1.9475,0.8059,6.9047,7.2840,-11.2188,-8.3487,-3.3852,-1.1264,-4.0147,-6.1542,-1.3036,6.4225,3.7606,3.9906,1.4564,18.7183,35.6494,30.5944,13.1278,10.2571,13.2718,9.3346,23.9334,17.8633,25.9708,14.5196,20.9816,33.0147,32.4267,25.8662,11.5197,12.4176,13.7582,18.2073,14.8645,14.6664,13.7666,23.5333,10.7163,13.1789,17.5481,19.5227,11.2368,14.9344,6.6435,8.2623,3.2204,1.0777,3.0869,3.2110,3.8893,4.2156,0.7946,2.7527,-1.6537,-1.1748,-0.0007,2.7601,-1.3017,0.0431,-1.2820,3.2573,1.8730,8.2641,2.7535,1.2040,-0.5066,-0.6671,-4.1323,-5.8273,3.3366,-2.2560,-3.8031,-0.7045,-2.7473,-4.9982,-5.9624,-5.6747,-5.8508,-2.7485,-3.1214,-4.6462,-5.5690,3.0254,-6.6348,-6.2632,-5.6677,-6.0794,-5.6333,-6.9624,-0.4595,2.6977,5.9088,2.8218,2.9037,1.9586,18.4548,8.3842,11.2323,14.7181,19.2534,8.4789,16.3592,4.8557,6.7539,4.3936,2.4305,2.2307,0.5603,4.2698,3.7107,8.1785,4.7259,4.8351,1.6661,13.8427,12.9672,9.2017,9.1029,13.7744,10.1544,11.9907,7.6780,7.9862,8.2736,8.5261,8.7272,8.8643,8.9071,8.8561,8.6830,8.4047,7.9928,7.5944,7.3407,7.1716,7.0558,6.9701,6.9012,6.8412,6.7857,6.7326,6.6815,6.6310,6.5807,6.5304,6.4800,6.4295,6.3796,6.3297,6.2797,6.2304,6.1809,6.1322,6.0842,6.0374,5.9918,5.9481,5.9063,5.8668,5.8299,5.7958,5.7646,5.7362,5.7106,5.6876,5.6671,5.6489,5.6330,5.6199,5.5952,5.6012
45113.7916667,-1.5709,-3.6913,-2.2270,-2.7945,9.8743,2.0788,1.4594,-3.6743,3.1635,2.5744,1.9868,0.8716,1.2333,0.1159,-1.3212,-1.0436,2.1717,1.4649,2.4267,0.9511,4.8719,-0.1801,2.2379,1.4485,1.3861,16.4386,1.6796,1.4867,3.5402,0.9729,-0.3056,-3.4931,-2.3673,1.6912,3.9659,2.5171,8.4418,11.1228,-0.3056,9.6733,11.0151,6.8775,1.9163,4.9723,32.9990,15.1998,8.3991,13.0454,6.7152,7.4151,11.3419,14.7148,18.1343,15.5104,8.5460,6.0696,5.1505,8.1562,23.8230,14.8574,15.4316,12.0851,6.6186,5.0385,7.4465,6.5265,13.1424,13.0642,-4.6746,-3.4317,-0.0785,1.3079,-1.5279,-3.9014,0.0077,6.2006,3.7075,4.2220,2.0399,17.3041,33.0090,28.5555,12.3895,9.3854,12.4171,9.1780,23.2689,17.3850,25.7557,14.1679,21.9006,33.8106,33.7905,28.3397,13.4067,15.8766,17.4857,20.4937,18.2498,17.4391,17.0886,28.1448,15.6459,17.9016,22.5938,24.5464,16.6733,21.2286,12.9500,17.0545,11.0948,8.7451,10.4734,9.7819,10.5499,9.8559,7.3749,9.2730,5.4085,5.4082,4.8719,7.5768,3.9900,5.0699,4.1956,7.9762,6.6944,13.3723,7.6367,5.3214,4.5553,4.3504,1.9840,0.7839,9.0029,4.6108,3.4403,6.0563,3.7962,1.0821,-0.1814,-0.5644,-1.0528,1.2695,0.2731,-0.9402,-2.0471,4.1978,-3.5550,-3.2836,-3.4131,-4.1727,-4.5416,-6.1751,-0.7338,1.6491,4.4359,1.7887,2.1229,1.4826,16.7181,7.6891,10.2637,13.6490,17.3168,8.0038,16.3380,6.3819,9.1366,7.7926,4.9503,5.8691,5.2081,8.9584,8.6172,12.7528,9.1504,9.7157,6.9180,18.0114,17.7186,13.6820,13.7189,18.6634,14.3258,17.0971,11.9026,11.9913,12.0930,12.2103,12.3465,12.5007,12.6656,12.8503,13.0409,13.2501,13.4571,13.6672,13.8742,14.0602,14.2346,14.3885,14.5118,14.5958,14.6346,14.6230,14.5617,14.4385,14.2564,14.0197,13.7252,13.3853,13.0031,12.6635,12.3807,12.1509,11.9663,11.8194,11.7023,11.6082,11.5311,11.4665,11.4106,11.3610,11.3157,11.2735,11.2334,11.1950,11.1579,11.1219,11.0869,11.0531,11.0206,10.9905,10.9505,10.9449
45113.8333333,5.9335,3.8933,4.4262,3.3471,13.8867,6.0665,5.2710,0.6867,6.1276,5.0858,4.4905,3.4792,3.3824,2.9914,1.5692,1.5041,3.9054,2.9476,3.2055,1.9250,5.2680,0.7208,2.2888,1.9080,1.8020,15.1992,1.8990,1.6026,3.7318,1.5188,0.9652,-1.5578,-0.1218,3.8613,6.2483,5.2643,10.8994,13.6559,3.6874,12.7201,13.8523,9.9331,5.4470,7.8552,33.4539,17.1628,10.3457,13.7196,8.0493,7.8808,11.6370,14.7878,17.8696,15.6053,7.5849,8.1396,7.4528,10.0218,24.3566,15.9424,16.4583,13.4638,9.2400,8.1860,9.8409,9.5348,16.4744,16.7957,1.3751,1.8495,4.1320,4.7851,1.8815,-0.6138,2.1290,7.1497,4.5751,4.7827,2.5564,15.4906,29.4628,25.3122,10.2984,7.2041,9.9926,7.2435,20.3388,14.5393,22.7314,11.2762,19.4633,30.7721,31.0480,26.4693,11.1456,14.6355,16.4436,18.1901,16.8959,15.7368,15.9471,27.5346,17.1818,19.1065,24.4498,26.4626,18.9103,23.4993,15.3805,22.2989,15.7481,13.8627,15.7742,14.1961,15.4647,13.3651,12.1269,14.6679,11.2286,11.0514,8.7565,12.2194,8.6435,9.8809,9.1251,12.2445,10.5966,16.2214,10.3656,6.9608,7.1405,7.1418,5.7391,4.9840,11.8589,8.0963,7.4554,10.4718,8.0741,6.2124,5.1143,4.9823,4.2313,5.8331,5.0302,3.3251,2.3972,7.1650,0.5731,0.4586,-0.1323,-1.1676,-2.0746,-4.0289,0.1361,1.7087,3.8519,1.4201,1.7380,1.0975,14.1733,6.1567,8.1145,11.1598,13.8707,5.8360,13.7088,5.2426,8.6841,7.8199,4.4673,6.4384,6.8191,10.7925,10.7120,13.8411,10.0530,11.0050,8.7868,19.3332,18.8153,14.5257,14.7560,19.9907,14.9712,18.9308,13.6563,13.7961,13.9316,14.0649,14.1958,14.3249,14.4504,14.5783,14.7011,14.8299,14.9537,15.0803,15.2096,15.3343,15.4660,15.5996,15.7374,15.8778,16.0210,16.1664,16.3164,16.4638,16.6087,16.7516,16.8857,17.0121,17.1244,17.2225,17.3003,17.3580,17.3897,17.3941,17.3687,17.3130,17.2269,17.1111,16.9666,16.7966,16.6078,16.4063,16.2006,15.9986,15.8063,15.6271,15.4633,15.3170,15.1874,15.0705,14.9610,14.9014
45113.8750000,13.3529,12.5592,12.5479,11.3808,20.8636,12.5455,11.9509,7.0157,11.2067,9.3565,8.6082,7.3562,6.2712,6.3676,4.9059,4.4053,6.1663,5.0212,4.5938,3.3954,6.3741,2.2324,3.0280,2.8658,2.6303,14.5197,2.5183,1.9418,3.7626,1.5926,1.1976,-0.9712,0.2815,3.7459,5.9979,5.1466,10.4978,13.3214,4.4438,13.1643,14.4735,10.9091,7.0026,9.1314,32.9720,18.5322,11.8341,14.2884,9.1920,8.3734,12.0835,15.1169,17.8265,15.8065,7.1504,9.6096,8.7118,10.7141,23.7320,15.7142,16.0390,13.2358,9.9678,9.2796,10.1247,10.2873,17.1263,17.9941,5.3148,5.9312,8.0347,8.6102,5.8594,3.1541,4.7198,9.4286,6.8744,6.9454,4.8085,15.8760,28.2366,24.4213,10.5361,7.4193,9.8466,7.2724,18.9982,13.1904,20.7665,9.5548,17.4610,27.8407,28.0333,23.9219,8.6114,12.2825,14.0081,14.8163,14.1432,12.7275,13.1402,24.4944,16.7831,18.4216,24.2558,26.3540,19.0542,23.6494,15.3212,24.3768,16.6758,15.1464,17.5089,15.3133,17.3618,14.1265,14.1310,17.8326,14.9697,14.9369,10.9463,15.7391,12.0910,14.0746,13.9716,16.7649,14.6884,19.4119,13.1741,8.4763,9.1840,9.1439,8.3142,7.9001,13.8983,10.4081,9.6887,12.6768,9.6611,8.4812,7.4577,7.9079,6.9456,8.1967,8.2895,5.8595,5.6247,10.2529,4.7136,4.3889,3.8440,2.6142,1.4928,-0.5692,2.2644,3.4390,5.1675,2.8827,3.1500,2.4545,13.5625,6.4725,7.7973,10.4526,12.3297,5.3656,12.2672,4.7780,7.9525,6.8896,3.1766,5.4664,6.4306,10.4784,10.5792,12.7400,9.0057,10.2258,8.4409,18.4752,17.5730,13.1695,13.5082,18.7970,13.3937,18.1278,13.0482,13.2537,13.4511,13.6419,13.8267,14.0065,14.1809,14.3546,14.5227,14.6926,14.8567,15.0197,15.1811,15.3350,15.4889,15.6389,15.7862,15.9296,16.0695,16.2060,16.3415,16.4722,16.5996,16.7258,16.8480,16.9692,17.0873,17.2047,17.3194,17.4338,17.5459,17.6560,17.7633,17.8674,17.9673,18.0622,18.1505,18.2309,18.3033,18.3655,18.4168,18.4556,18.4812,18.4923,18.4882,18.4694,18.4366,18.3879,18.3214,18.2770
45113.9166667,18.5557,19.7209,19.4616,18.4703,27.8751,18.5319,18.9410,13.6075,17.5623,14.8121,14.2910,13.1686,11.0840,11.6552,10.4080,9.4517,10.5699,8.9861,7.5879,6.2778,9.0158,4.9599,4.9975,5.0842,4.6934,15.2890,4.3081,3.4833,5.0941,2.8790,2.5285,0.5213,1.3572,4.0787,5.9596,4.9964,9.8091,12.4180,4.3534,12.7203,14.0666,10.7218,7.2823,9.2131,31.6332,19.0857,12.6157,14.5160,10.0291,8.7284,12.5061,15.5691,18.0569,16.2948,7.2316,11.4571,10.4580,11.9957,23.8281,16.1070,16.1992,13.5045,10.9973,10.5887,10.6667,11.1050,17.5637,18.5756,7.5482,8.3725,10.6139,11.4329,9.0310,6.5114,6.9321,12.1332,9.7823,9.9204,7.9419,17.5373,28.4896,25.0201,12.0991,8.9501,11.2727,8.9059,19.6962,13.9971,21.1113,10.1975,17.8111,27.2458,27.2590,23.4803,8.4033,11.9531,13.4395,13.4773,13.1091,11.4443,11.7958,22.4785,16.5714,17.8486,23.8661,25.9003,18.7400,23.3449,14.8089,25.3757,16.4553,14.9675,17.5867,14.8512,17.4093,13.3312,14.1346,18.7974,16.3663,16.5178,11.1719,17.3436,13.6554,16.7112,17.6824,20.7580,18.5177,22.7325,16.1172,10.1759,11.5044,11.5845,11.3084,11.2708,16.7474,13.3107,12.3555,15.2385,11.3810,10.5361,9.3114,10.1274,8.7049,9.5751,10.3839,6.9652,7.2716,12.2371,7.4041,6.8737,6.7023,5.6419,4.9894,3.4158,4.8381,6.1106,7.7559,5.4157,5.5984,5.0015,14.7791,8.4131,9.1942,11.5332,12.7064,6.5364,12.6675,5.8973,8.7834,7.4109,3.4202,5.4957,6.5461,10.2803,10.2521,11.5039,7.8107,9.0425,7.4966,16.8630,15.6091,11.2077,11.5562,16.6787,11.1786,16.2386,11.4259,11.6738,11.9205,12.1661,12.4098,12.6511,12.8889,13.1256,13.3570,13.5877,13.8119,14.0325,14.2490,14.4571,14.6620,14.8607,15.0544,15.2421,15.4242,15.6009,15.7739,15.9407,16.1021,16.2597,16.4116,16.5597,16.7027,16.8420,16.9763,17.1075,17.2342,17.3571,17.4759,17.5910,17.7022,17.8099,17.9138,18.0141,18.1116,18.2059,18.2977,18.3867,18.4732,18.5570,18.6378,18.7161,18.7917,18.8614,18.9179,18.9690
45113.9583333,20.9163,24.2368,23.9011,23.2054,33.1853,22.4439,24.2395,18.5119,22.8236,19.0245,18.9262,18.1485,14.9996,16.5794,15.9829,14.9168,15.9794,14.2257,11.7455,10.4535,13.4221,9.0782,8.2961,8.8127,8.2188,17.8719,7.4228,6.1585,7.7236,5.2011,4.9842,3.0445,3.4930,5.4686,6.9483,5.7671,9.9822,12.2166,4.6995,12.6072,13.8357,10.5732,7.4262,9.1082,30.0950,19.0528,12.6836,14.1526,10.1416,8.4786,12.3409,15.4924,17.8749,16.3860,7.0395,12.8654,11.8584,13.0797,24.0338,16.6179,16.5801,14.0143,12.1646,12.0438,11.4845,12.1799,18.3430,19.3331,9.0145,9.8262,12.2027,13.2480,11.0994,8.6815,8.0610,14.1456,12.0530,12.4007,10.5812,19.0694,28.8828,25.7703,13.6069,10.3520,12.7502,10.5536,20.8492,15.2564,22.1173,11.3822,18.9514,27.6723,27.6115,24.2049,9.2987,12.8606,14.2036,13.6530,13.5269,11.7021,12.0125,22.0865,16.8647,17.8611,23.9812,25.9135,18.8213,23.3494,14.5765,26.1841,16.1061,14.5162,17.2498,14.1080,16.9451,12.3296,13.5669,18.8711,16.7037,16.9308,10.5282,17.5951,13.7708,17.6956,19.7017,23.2522,20.9457,24.9388,17.9388,10.8735,12.8509,13.2056,13.5655,14.0674,19.5398,16.2359,15.1946,18.2578,13.5243,12.9829,11.5120,12.6992,10.7228,11.2593,12.6496,8.1079,8.7284,14.1528,9.6426,8.7812,8.8512,7.6977,7.5202,6.5651,6.5364,8.2232,10.0734,7.5083,7.6413,7.2715,16.4258,10.5786,10.9663,13.1617,13.7876,8.1466,13.9199,7.6525,10.5750,8.9762,4.5872,6.5008,7.6140,11.0442,10.8061,11.2696,7.5952,8.7137,7.2687,15.9133,14.3510,10.0147,10.2882,15.0761,9.6562,14.6594,10.0974,10.2917,10.4908,10.6947,10.9029,11.1149,11.3299,11.5494,11.7705,11.9960,12.2218,12.4495,12.6785,12.9055,13.1336,13.3604,13.5860,13.8094,14.0303,14.2482,14.4640,14.6752,14.8822,15.0855,15.2835,15.4772,15.6654,15.8490,16.0268,16.2001,16.3678,16.5303,16.6875,16.8394,16.9861,17.1278,17.2642,17.3957,17.5227,17.6452,17.7635,17.8778,17.9884,18.0952,18.1985,18.2987,18.3960,18.4881,18.5683,18.6357
45114.0000000,21.6817,26.8622,26.4450,26.0113,36.7843,24.5259,27.6748,21.5327,26.3714,21.4567,21.7857,21.3666,17.1344,19.9390,20.2025,19.2196,20.6552,18.9797,15.3579,14.3087,18.1128,13.2353,11.6819,13.0335,12.3799,21.7529,11.4153,9.6452,11.5816,8.5261,8.6587,6.6885,6.7564,7.9269,8.9959,7.4998,11.1712,12.9954,5.8049,13.0940,14.1689,10.9266,7.9651,9.3956,28.9553,19.0645,12.6692,13.5401,9.8628,7.9390,11.8002,14.9701,17.2321,15.9556,6.4818,13.5414,12.5276,13.5048,23.7739,16.6454,16.5414,14.1185,12.8518,13.0469,11.9913,12.9822,19.0564,20.0150,10.1447,10.8757,13.3554,14.5572,12.5228,9.9811,8.4746,15.4313,13.5097,14.0842,12.3615,19.9628,28.8134,26.0179,14.4274,10.9759,13.5195,11.4433,21.5220,16.0107,22.7668,12.0988,19.8140,28.0320,27.9861,24.9838,10.1049,13.8416,15.1488,14.1410,14.2495,12.3259,12.6629,22.3570,16.9617,17.8072,24.0706,25.9750,18.9836,23.3505,14.4768,26.9827,15.9489,14.2679,17.0434,13.6176,16.5859,11.6542,13.0995,18.7845,16.7693,16.9965,9.8693,17.3900,13.4187,17.9144,20.7307,24.6497,22.1744,25.9876,18.5531,10.5979,13.0291,13.6170,14.5185,15.5519,21.2988,18.1632,17.1637,20.6844,15.1344,14.9981,13.3924,15.1117,12.6382,13.0238,15.0697,9.4053,10.3406,16.4190,12.0013,10.7754,11.0420,9.6275,9.7692,9.2837,7.8157,9.9601,12.0823,9.1319,9.0615,8.8656,17.8149,12.2471,12.3337,14.4893,14.6775,9.3517,15.0779,9.1267,12.3934,10.6735,5.7400,7.5489,8.9191,12.2870,11.9284,11.7692,8.1024,9.1534,7.7700,15.8352,14.0263,9.7746,9.9660,14.4030,9.1282,13.9365,9.6017,9.7171,9.8383,9.9655,10.0987,10.2377,10.3822,10.5333,10.6892,10.8521,11.0190,11.1914,11.3687,11.5488,11.7338,11.9220,12.1137,12.3079,12.5045,12.7031,12.9040,13.1056,13.3078,13.5109,13.7134,13.9160,14.1174,14.3180,14.5167,14.7140,14.9090,15.1014,15.2908,15.4771,15.6599,15.8391,16.0141,16.1849,16.3516,16.5140,16.6721,16.8259,16.9753,17.1203,17.2609,17.3974,17.5296,17.6554,17.7681,17.8585
45114.0416667,21.9708,28.6125,28.0820,27.8357,39.3980,25.7083,30.0022,23.6108,29.0075,23.0601,23.7473,23.6112,18.3801,22.4204,23.4175,22.4253,24.2558,22.6407,17.8135,17.0100,21.9668,16.3864,14.1177,16.5330,15.9396,25.6701,15.1249,12.8531,15.6884,12.0146,12.9656,11.0589,10.9684,11.3660,12.1060,10.2171,13.4633,14.8734,7.7335,14.5535,15.3956,12.0618,9.1534,10.3257,28.5353,19.5061,12.9791,13.3891,9.8495,7.7114,11.4566,14.5199,16.5830,15.4248,5.9660,13.8149,12.7341,13.4815,23.1448,16.2562,16.0867,13.7766,12.9718,13.4383,11.9782,13.2341,19.3198,20.3719,10.9201,11.6391,14.2583,15.6112,13.6280,10.8514,8.6354,16.3457,14.5109,15.2905,13.6053,20.4947,28.5064,25.9686,14.8125,11.1997,13.8622,11.8385,21.7850,16.3013,22.9843,12.3098,20.1990,28.0183,28.0013,25.3662,10.4160,14.3702,15.6916,14.3284,14.6480,12.6566,13.0483,22.4962,17.0747,17.7700,24.1094,25.9638,19.0344,23.3567,14.3894,27.6248,15.8183,14.0939,16.9044,13.3068,16.3536,11.2621,12.8239,18.7581,16.8576,17.0756,9.4926,17.2124,13.1298,17.9769,21.4015,25.5649,22.8304,26.4456,18.5696,10.0097,12.6550,13.3584,14.6135,16.0426,22.0885,19.0477,18.0786,22.1025,15.7983,16.0475,14.3620,16.6669,13.7734,14.1467,16.9206,10.2252,11.5276,18.4673,14.0373,12.4977,13.0517,11.4538,11.9719,11.9575,9.1193,11.7557,14.2062,10.7569,10.5397,10.4212,19.3969,13.9383,13.7248,15.8624,15.6553,10.4428,16.2366,10.3796,14.0528,12.1748,6.5573,8.6022,10.2231,13.6355,13.1744,12.4962,8.7843,9.8238,8.4750,16.1758,14.1795,9.9989,10.1397,14.3092,9.1722,13.8157,9.6722,9.7351,9.8022,9.8738,9.9497,10.0300,10.1145,10.2043,10.2980,10.3975,10.5009,10.6093,10.7226,10.8395,10.9617,11.0881,11.2191,11.3542,11.4935,11.6368,11.7844,11.9353,12.0897,12.2476,12.4083,12.5721,12.7383,12.9071,13.0777,13.2505,13.4246,13.6001,13.7765,13.9535,14.1308,14.3082,14.4852,14.6615,14.8372,15.0118,15.1851,15.3569,15.5270,15.6951,15.8610,16.0245,16.1853,16.3408,16.4836,16.5966
45114.0833333,21.5232,29.3812,28.7885,28.7286,41.1164,26.1006,31.4138,24.7308,30.6865,23.7923,24.7893,24.9073,18.8440,23.8948,25.6379,24.7127,27.0324,25.5012,19.5367,18.9322,25.0758,18.7054,15.7797,19.2132,18.6880,29.1102,18.1147,15.3257,19.3244,14.9577,17.0644,15.3478,15.4092,15.1637,15.7739,13.5084,16.5837,17.6975,10.3534,16.9223,17.5708,14.0857,11.1336,12.0930,29.1386,20.7487,13.9823,13.8896,10.3948,8.0632,11.6845,14.6038,16.4377,15.3296,5.9250,14.2645,13.0418,13.5456,22.6216,15.9078,15.6407,13.3908,12.9093,13.5595,11.7491,13.1823,19.2526,20.3933,11.3159,12.0837,14.8816,16.4074,14.4670,11.4629,8.7021,17.0704,15.2934,16.2715,14.6000,20.9186,28.2124,25.8965,15.0875,11.3254,14.0872,12.0876,21.9509,16.4708,23.0932,12.3871,20.4219,27.8918,27.8832,25.5460,10.4858,14.6116,15.9440,14.2998,14.7784,12.7252,13.1600,22.4504,16.8043,17.4314,23.8742,25.7356,18.9047,23.2013,14.2319,28.1201,15.6991,13.9631,16.7869,13.0867,16.1758,11.0107,12.6374,18.7393,16.9344,17.1564,9.3069,17.1215,12.9834,18.0783,21.9969,26.3649,23.3636,26.7928,18.5204,9.5939,12.2942,13.0240,14.4729,16.1565,22.4324,19.4004,18.4030,22.8376,15.8566,16.3760,14.6001,17.3948,14.1364,14.5229,17.9548,10.3858,11.9972,19.8283,15.3257,13.5293,14.4192,12.7459,13.7508,14.3075,10.2108,13.4018,16.2851,12.2964,11.9499,11.9400,21.2058,15.7399,15.2709,17.4466,16.8943,11.6500,17.6280,11.6995,15.8125,13.7171,7.3245,9.5873,11.4945,15.0570,14.5119,13.3868,9.5699,10.6321,9.2806,16.7989,14.6393,10.4814,10.5860,14.5722,9.5156,14.0546,10.0363,10.0628,10.0928,10.1265,10.1640,10.2051,10.2500,10.2991,10.3517,10.4090,10.4697,10.5344,10.6032,10.6750,10.7511,10.8307,10.9141,11.0009,11.0913,11.1851,11.2827,11.3835,11.4875,11.5951,11.7057,11.8198,11.9369,12.0572,12.1805,12.3069,12.4362,12.5683,12.7030,12.8403,12.9800,13.1219,13.2659,13.4118,13.5596,13.7089,13.8598,14.0120,14.1654,14.3197,14.4747,14.6301,14.7856,14.9387,15.0821,15.1961
45114.1250000,20.7638,29.5372,28.8821,28.9726,42.1288,25.9368,32.1109,25.1854,31.6613,23.9389,25.1939,25.5229,18.7759,24.5600,26.9603,26.0800,28.8780,27.4224,20.4094,20.0001,27.3262,20.1598,16.6800,21.0634,20.6239,31.9143,20.3182,17.0526,22.2760,17.1983,20.5830,19.1043,19.5118,18.7301,19.3828,16.7807,19.9516,20.9415,13.1911,19.8568,20.3932,16.7182,13.6469,14.4757,30.6782,22.8242,15.7382,15.1360,11.5889,9.0312,12.5841,15.3597,16.9558,15.8453,6.3984,15.1598,13.7542,14.0135,22.5393,15.9404,15.5526,13.3176,13.0494,13.8042,11.6773,13.1990,19.1772,20.3097,11.4402,12.2423,15.2086,16.9041,15.0032,11.8185,8.6516,17.5854,15.8624,17.0364,15.3696,21.2332,27.9154,25.7968,15.2734,11.3852,14.2340,12.2514,22.0737,16.5927,23.1741,12.4348,20.5965,27.7672,27.7611,25.6761,10.5095,14.7666,16.1057,14.2390,14.8328,12.7256,13.1847,22.3335,16.3948,16.9492,23.4326,25.2831,18.5414,22.7963,13.8613,28.2990,15.4113,13.7091,16.5476,12.8017,15.9198,10.7405,12.4113,18.6300,16.9078,17.1433,9.1461,17.0042,12.8424,18.1225,22.4596,27.0397,23.8182,27.1068,18.5189,9.3928,12.0994,12.8373,14.4016,16.2550,22.7027,19.6438,18.5893,23.3309,15.7762,16.4540,14.5727,17.7127,14.1420,14.5146,18.4476,10.1993,11.9929,20.5739,15.9563,13.9411,15.1146,13.3838,14.8590,16.0014,10.7998,14.5369,17.9114,13.3852,12.9442,13.0735,22.8327,17.2812,16.6203,18.9004,18.0626,12.7029,19.0043,12.9201,17.5769,15.2782,8.0837,10.5807,12.7807,16.5559,15.9225,14.3902,10.4061,11.5107,10.1212,17.6080,15.2912,11.0990,11.1764,15.0576,10.0102,14.5144,10.5521,10.5532,10.5573,10.5647,10.5752,10.5889,10.6057,10.6261,10.6494,10.6764,10.7064,10.7397,10.7764,10.8158,10.8588,10.9048,10.9541,11.0065,11.0620,11.1205,11.1825,11.2472,11.3150,11.3859,11.4597,11.5365,11.6160,11.6985,11.7838,11.8719,11.9627,12.0562,12.1523,12.2509,12.3520,12.4556,12.5616,12.6698,12.7804,12.8932,13.0083,13.1254,13.2447,13.3661,13.4893,13.6143,13.7408,13.8668,13.9863,14.0818
45114.1666667,19.7830,29.2052,28.5030,28.7173,42.5513,25.3708,32.2480,25.1466,32.0770,23.6629,25.1232,25.6239,18.3590,24.6094,27.5695,26.7231,29.9587,28.5599,20.6183,20.3597,28.7624,20.8383,16.9044,22.0964,21.7327,33.9547,21.6710,17.9691,24.3870,18.6037,23.2903,22.0592,22.9148,21.6471,22.4386,19.5200,22.9670,23.9722,15.6872,22.6881,23.2298,19.3729,16.1537,16.9663,32.7368,25.4456,18.0189,16.9644,13.3222,10.4940,14.1052,16.7961,18.1845,17.0405,7.3525,16.6265,15.0007,15.0148,23.0516,16.4961,15.9660,13.7001,13.5638,14.3681,11.9423,13.4951,19.3295,20.3501,11.4871,12.2588,15.3371,17.1614,15.2760,11.9309,8.4725,17.8509,16.1715,17.5258,15.8547,21.3489,27.5045,25.5598,15.2790,11.2937,14.2131,12.2480,22.0512,16.5738,23.1289,12.3694,20.6405,27.5620,27.5631,25.7025,10.4555,14.8173,16.1665,14.1279,14.8096,12.6641,13.1411,22.1644,15.9991,16.4816,22.9484,24.7662,18.1062,22.2805,13.4036,28.2217,14.9730,13.3021,16.1339,12.3805,15.4984,10.3522,12.0405,18.3198,16.6716,16.9274,8.8831,16.7425,12.5925,18.0097,22.7009,27.4920,24.0863,27.2683,18.4288,9.2051,11.9054,12.6555,14.3032,16.2849,22.8756,19.7992,18.7045,23.7041,15.6929,16.4816,14.5183,17.9024,14.0887,14.4360,18.7274,9.9930,11.8676,21.0074,16.2594,14.0606,15.4268,13.6088,15.4319,17.0637,10.9498,15.1349,18.9749,13.9504,13.4478,13.6999,24.0253,18.3431,17.5440,19.9625,18.8902,13.3766,20.0770,13.7974,19.0701,16.6056,8.6407,11.4069,13.9392,18.0114,17.3145,15.4191,11.2297,12.4025,10.9562,18.5386,16.0645,11.7851,11.8416,15.6853,10.5777,15.1086,11.1377,11.1175,11.0999,11.0851,11.0729,11.0636,11.0570,11.0536,11.0528,11.0553,11.0605,11.0688,11.0802,11.0941,11.1111,11.1311,11.1539,11.1796,11.2082,11.2396,11.2739,11.3110,11.3508,11.3934,11.4386,11.4867,11.5373,11.5907,11.6466,11.7053,11.7665,11.8303,11.8965,11.9653,12.0365,12.1101,12.1860,12.2643,12.3448,12.4277,12.5128,12.6001,12.6896,12.7812,12.8749,12.9705,13.0679,13.1656,13.2587,13.3333
45114.2083333,18.6430,28.4848,27.7571,28.0784,42.4852,24.5234,31.9498,24.7395,32.0447,23.0848,24.7025,25.3399,17.7164,24.3576,27.7497,26.9004,30.4914,29.1154,20.3870,20.2306,29.5535,20.9599,16.6833,22.5113,22.2110,35.3440,22.3639,18.2828,25.7738,19.3186,25.2207,24.2193,25.5515,23.8177,24.7851,21.5387,25.3492,26.4281,17.4993,24.9662,25.5580,21.4949,18.0943,18.9650,34.6732,28.0232,20.2803,18.8156,15.1166,11.9995,15.8258,18.5708,19.8574,18.7062,8.5655,18.5939,16.7681,16.5750,24.2449,17.6809,17.0116,14.6806,14.6251,15.4475,12.7199,14.2699,19.9319,20.7539,11.6597,12.3241,15.4535,17.3571,15.4523,11.9239,8.2656,17.9546,16.2959,17.8036,16.1202,21.3100,27.0085,25.2135,15.1470,11.0949,14.0569,12.1067,21.8812,16.4125,22.9392,12.1829,20.5309,27.2401,27.2518,25.5889,10.3008,14.7357,16.0972,13.9340,14.6843,12.5183,13.0119,21.9298,15.5339,15.9716,22.4039,24.1977,17.6379,21.7301,12.9506,28.0049,14.4973,12.8488,15.6492,11.9191,15.0036,9.9302,11.6036,17.8770,16.2893,16.5556,8.5382,16.3304,12.2166,17.7107,22.6907,27.6813,24.1274,27.2334,18.2037,8.9622,11.6427,12.4034,14.1081,16.1861,22.8976,19.8128,18.6935,23.9152,15.5470,16.4218,14.4074,17.9760,13.9876,14.3193,18.8790,9.8171,11.7293,21.2817,16.4159,14.0765,15.5761,13.6719,15.7328,17.7399,10.9164,15.4263,19.6622,14.2091,13.6574,13.9974,24.8636,19.0260,18.1262,20.6877,19.4242,13.7521,20.8428,14.3511,20.2171,17.5983,8.9376,11.9558,14.8233,19.2489,18.5188,16.3097,11.9040,13.1709,11.6681,19.4527,16.8321,12.4344,12.4846,16.3553,11.1396,15.7577,11.7337,11.7023,11.6724,11.6441,11.6176,11.5929,11.5700,11.5494,11.5307,11.5145,11.5003,11.4886,11.4793,11.4722,11.4677,11.4657,11.4661,11.4691,11.4747,11.4828,11.4935,11.5068,11.5226,11.5411,11.5621,11.5857,11.6118,11.6405,11.6717,11.7055,11.7417,11.7804,11.8216,11.8652,11.9112,11.9596,12.0103,12.0633,12.1186,12.1762,12.2361,12.2982,12.3625,12.4290,12.4976,12.5683,12.6408,12.7142,12.7847,12.8414
45114.2500000,17.3918,27.3651,26.5461,26.8775,41.6057,23.0403,30.8359,23.6700,31.2469,21.8838,23.6148,24.3806,16.6072,23.5387,27.2941,26.4684,30.3488,28.9924,19.6722,19.6278,29.6279,20.4957,16.0134,22.2849,22.0165,35.8462,22.2327,17.9211,26.3074,19.3221,26.3012,25.5064,27.2993,25.0934,26.2137,22.6447,26.7922,27.9412,18.3811,26.3033,26.9135,22.6029,19.0172,19.9666,35.7851,29.8130,21.7792,19.9444,16.2549,12.8443,16.9481,19.8255,21.0716,19.9170,9.2226,20.2830,18.3468,17.9801,25.3488,18.7350,17.9618,15.6040,15.7080,16.6383,13.6683,15.2710,20.8135,21.4094,12.0662,12.5620,15.6281,17.5148,15.5419,11.8525,8.0386,17.8428,16.1408,17.7198,15.9688,20.7982,25.9925,24.2665,14.3925,10.3277,13.3135,11.4159,21.1167,15.6786,22.1554,11.4609,19.8108,26.3054,26.3231,24.8668,9.6725,14.1674,15.5375,13.2681,14.0609,11.9028,12.4110,21.1852,14.8504,15.2150,21.5188,23.2428,16.7929,20.8101,12.2529,27.4321,13.8202,12.2394,14.9591,11.2679,14.2703,9.3024,10.9452,17.1209,15.5714,15.8392,7.9892,15.6336,11.5979,17.0842,22.2492,27.3774,23.6832,26.6887,17.5511,8.4304,11.0937,11.8822,13.6267,15.7586,22.5192,19.4409,18.3149,23.6992,15.0835,16.0479,14.0392,17.7247,13.6248,13.9470,18.6811,9.4550,11.3963,21.1971,16.2201,13.7837,15.3972,13.4879,15.7407,18.0604,10.6961,15.3794,19.8858,14.0552,13.4217,13.8251,25.1109,19.0693,18.0617,20.7187,19.2746,13.4754,20.9247,14.2824,20.7381,18.0394,8.8707,12.1021,15.2693,20.0277,19.2591,16.7628,12.1473,13.5061,11.9462,19.9267,17.1272,12.5732,12.6018,16.5031,11.1475,15.8733,11.7959,11.7837,11.7694,11.7530,11.7348,11.7152,11.6944,11.6730,11.6510,11.6292,11.6074,11.5861,11.5655,11.5457,11.5271,11.5097,11.4937,11.4792,11.4664,11.4552,11.4460,11.4387,11.4332,11.4298,11.4285,11.4292,11.4321,11.4371,11.4443,11.4538,11.4654,11.4793,11.4954,11.5137,11.5343,11.5571,11.5821,11.6093,11.6388,11.6704,11.7043,11.7403,11.7785,11.8188,11.8613,11.9059,11.9524,12.0001,12.0464,12.0826
45114.2916667,15.6480,25.5834,24.6957,24.9731,39.8658,20.8737,28.7538,21.5125,29.2252,19.6289,21.3608,22.1695,14.4135,21.4479,25.4557,24.6947,28.8400,27.5274,17.8472,17.9309,28.4696,18.9110,14.3968,20.9510,20.7262,35.1275,20.8902,16.4093,25.5169,18.1071,26.0137,25.3992,27.6390,25.0463,26.3011,22.4335,26.8947,28.0505,17.8219,26.1887,26.7198,22.1508,18.2998,19.3207,35.3907,29.8941,21.5846,19.5276,15.8760,12.2830,16.6979,19.7140,20.9614,19.8060,8.5869,20.5560,18.5837,18.1232,25.3398,18.6046,17.7417,15.3187,15.5070,16.5771,13.4739,15.2202,20.8922,21.4365,12.2321,12.7444,15.7866,17.5594,15.4336,11.5355,7.6988,17.4588,15.5948,17.1491,15.2029,19.6491,24.4456,22.6346,12.8545,8.7769,11.5751,9.7043,19.1676,13.7167,20.0386,9.5308,17.6840,23.9643,23.9869,22.6412,7.7332,12.1821,13.5706,11.3426,12.1127,10.0077,10.5452,19.1141,13.0203,13.3585,19.5397,21.1939,14.8789,18.8266,10.5913,25.8463,12.3007,10.8945,13.6178,10.0154,12.9152,8.1188,9.6654,15.6930,14.1436,14.3944,6.7918,14.2245,10.2863,15.7092,20.9113,26.1074,22.2891,25.2031,15.9834,7.1260,9.7323,10.5449,12.3180,14.4624,21.2324,18.1752,17.0800,22.5683,13.7879,14.8167,12.8685,16.6807,12.5393,12.8824,17.7320,8.4724,10.4319,20.4034,15.3057,12.8001,14.4836,12.6125,15.0639,17.6464,9.9989,14.7995,19.4874,13.3640,12.5715,12.9222,24.5395,18.2370,17.1139,19.8147,18.2444,12.2943,19.9363,13.1504,20.0181,17.2985,7.8785,11.2427,14.6846,19.8109,19.0293,16.3570,11.5482,12.9767,11.3555,19.5266,16.5957,11.8321,11.7624,15.6666,10.1648,14.8964,10.6809,10.6825,10.6804,10.6749,10.6666,10.6555,10.6432,10.6296,10.6150,10.6000,10.5846,10.5692,10.5538,10.5383,10.5229,10.5071,10.4911,10.4748,10.4583,10.4414,10.4243,10.4070,10.3897,10.3724,10.3537,10.3379,10.3220,10.3070,10.2926,10.2791,10.2668,10.2556,10.2456,10.2372,10.2313,10.2240,10.2188,10.2152,10.2129,10.2121,10.2129,10.2145,10.2175,10.2209,10.2177,10.2166,10.2145,10.2149,10.2149,10.2154
45114.3333333,12.4721,22.2347,21.4408,21.6953,36.7109,17.6288,25.4719,18.0910,25.9525,16.4099,18.1082,18.9484,11.4479,18.2316,22.3416,21.6272,25.7873,24.2941,14.5594,14.8276,25.7536,15.9945,11.6953,18.3623,18.1285,33.0117,18.2928,13.7785,23.4121,15.7167,24.2720,23.7121,26.1083,23.0162,24.4701,20.5644,25.4531,26.6571,15.9198,24.7033,25.1266,20.3917,16.2779,17.3839,33.7637,28.4104,19.8769,17.7110,14.0764,10.4833,15.0467,18.0091,19.1090,17.8479,6.4695,18.9886,17.1028,16.6734,23.8958,17.0470,16.1364,13.6284,13.8357,15.0373,11.9935,13.6711,19.2578,19.8267,11.3927,12.3622,15.5546,17.2370,14.9534,10.9172,7.2285,16.8510,14.7807,16.2779,14.0669,18.1596,22.7269,20.7366,10.9700,6.9555,9.3165,7.5681,16.6695,11.2202,17.2743,7.1430,14.7974,20.7693,20.7281,19.3248,4.9625,9.1643,10.5293,8.5117,9.1291,7.1172,7.5971,15.7770,9.8419,10.1883,16.0026,17.5919,11.4965,15.3815,7.6772,22.7930,9.5697,8.3592,11.1774,7.7687,10.5365,6.0540,7.3269,13.2198,11.7450,12.0504,4.9308,12.0174,8.1035,13.4348,18.5577,23.8378,19.9595,22.8286,13.6055,5.2421,7.7131,8.4829,10.1407,12.2188,18.7082,15.7413,14.7301,20.2135,11.5096,12.4456,10.6425,14.5995,10.5423,10.9525,15.8535,6.7914,8.7378,18.7663,13.5962,11.0788,12.7885,10.9993,13.6164,16.3711,8.7602,13.6024,18.3999,12.0968,11.0650,11.2673,23.3378,16.4430,15.3251,17.9705,16.4804,10.3266,17.9481,11.1090,18.0493,15.4010,5.9929,9.3103,12.8199,18.2647,17.4429,14.9495,9.7964,11.2994,9.6671,17.9555,15.2675,10.2127,9.9515,13.8089,8.1443,12.7068,8.0656,8.1367,8.1999,8.2586,8.3113,8.3567,8.3981,8.4329,8.4616,8.4845,8.5015,8.5132,8.5202,8.5218,8.5198,8.5136,8.5041,8.4924,8.4815,8.4623,8.4419,8.4198,8.3963,8.3711,8.3439,8.3165,8.2879,8.2584,8.2278,8.1961,8.1633,8.1299,8.0951,8.0591,8.0220,7.9836,7.9411,7.8795,7.7737,7.6834,7.6016,7.5242,7.4469,7.3703,7.2953,7.2228,7.1527,7.0859,7.0189,6.9678
45114.3750000,5.3729,14.7751,14.4930,14.9445,30.0563,11.4441,19.2359,12.2261,20.2682,11.1567,12.9170,13.9506,7.1289,12.9631,17.2022,16.7776,21.5677,19.3435,10.1005,9.8656,20.8941,10.9207,7.1345,13.8701,13.6711,28.7380,13.7703,9.5458,19.5386,11.8197,20.6773,20.1823,22.7744,18.6190,19.2797,14.8280,20.4160,22.5146,11.8897,21.1081,21.3800,16.8021,12.5765,13.8407,30.3291,25.0856,16.4705,14.3388,10.8859,7.5605,12.4532,14.4056,15.2099,13.2209,2.2698,14.5756,12.5577,12.3811,19.2790,12.6296,12.4382,9.0935,9.4076,10.9217,8.5225,10.0034,16.0565,15.7068,7.6394,10.2951,13.7941,15.5851,13.5335,9.2322,6.0305,15.1757,12.9886,14.4931,11.9322,15.5181,19.9730,17.7150,7.9692,5.1554,5.8868,4.4432,13.0494,7.6824,13.1211,3.6463,10.0067,15.3616,15.7139,14.4676,0.1971,3.9711,5.4066,3.8634,4.1892,3.0920,2.5741,10.5488,3.7207,4.8274,10.1038,11.3469,4.7678,9.2243,2.1841,17.1233,4.4104,3.4326,6.3114,3.4339,6.4920,2.5025,2.9207,8.5278,7.3330,7.7265,1.5683,8.6967,4.5429,9.6070,14.5723,19.9754,16.0836,18.8306,9.7656,2.3754,4.7280,5.4926,7.0253,8.9765,14.5880,11.8284,10.9556,16.7804,7.9912,8.4227,6.9373,10.9530,7.0535,7.6556,12.6062,4.1261,6.0319,15.8832,10.7034,8.2182,9.8237,8.3738,11.2239,14.0821,6.8565,11.6206,16.4396,9.9624,8.8549,8.7744,22.0911,13.4711,12.6559,14.7438,13.4215,7.5116,14.2217,7.9971,14.2813,11.6216,2.5942,5.7734,9.0647,15.0897,13.7269,12.1866,6.4623,7.9716,6.4000,14.7709,12.9763,7.6651,7.2071,11.0593,5.4331,9.5420,4.0396,4.1912,4.3285,4.4556,4.5729,4.6772,4.7768,4.8672,4.9492,5.0228,5.0884,5.1462,5.1968,5.2396,5.2753,5.3056,5.3280,5.3455,5.3558,5.3605,5.3595,5.3526,5.3402,5.3222,5.2984,5.2698,5.2358,5.1949,5.1265,4.9124,4.7730,4.6142,4.4523,4.2946,4.1469,3.9997,3.8529,3.7068,3.5652,3.4244,3.2850,3.1482,3.0128,2.8792,2.7479,2.6196,2.4944,2.3734,2.2512,2.1582
45114.4166667,-5.6837,2.7847,3.2765,4.0901,21.0075,0.9855,8.3955,2.7808,11.5460,1.8383,3.7094,5.0922,-0.3552,4.9679,9.4043,9.6175,16.0053,12.6503,5.2201,4.0410,15.2818,5.8244,2.5244,8.9938,8.7074,24.1809,7.0763,3.0060,12.7579,4.5641,12.8567,13.4927,17.6835,13.5432,13.9364,8.6061,12.0971,13.0846,3.1121,13.8053,12.4442,8.6701,4.7645,6.4819,25.3284,17.8975,8.7053,7.3033,4.8493,2.2990,8.8298,10.4089,10.9818,8.6764,-2.6762,8.7232,5.7561,6.6757,13.2221,4.2205,5.8310,1.1351,1.5471,3.3742,2.2534,3.4803,11.3240,10.9176,1.8011,6.0991,10.4795,11.1651,10.3783,5.8768,3.4637,13.6738,9.1439,12.5557,7.0230,10.2150,17.8650,14.4121,1.8266,1.2252,-0.6258,-1.4488,6.6040,1.5151,6.5516,-0.5556,4.9350,8.4158,8.5982,6.7776,-6.7230,-4.6989,-2.9611,-3.4646,-3.2926,-2.2609,-4.1743,4.8840,-4.2641,-1.6581,3.2149,3.8785,-2.9861,0.2636,-5.8935,9.0119,-2.7629,-3.2035,-0.5911,-2.5571,1.5829,-1.6662,-2.7625,2.1206,2.1543,1.5668,-4.3517,2.7859,-1.7311,3.8110,6.8238,12.5174,8.7604,11.7186,2.5398,-4.2276,-1.6651,-0.8423,1.0176,3.2868,8.2730,4.9106,4.9041,12.1760,3.8371,2.9936,1.6961,6.0341,2.4900,2.1156,7.0693,-1.0096,1.2365,10.5723,5.4545,1.8143,4.4270,2.7360,6.2210,9.6840,3.1691,7.8161,14.2881,5.9779,6.1674,4.2758,19.4170,10.4725,9.4702,9.2079,9.5986,3.3926,9.0415,4.1942,9.4895,6.8665,-1.3756,1.2892,3.7286,10.4875,8.9787,8.1498,1.3946,3.9494,1.2338,11.2160,9.2205,3.9244,3.4221,7.4098,2.1341,5.6478,-1.0555,-0.7869,-0.5281,-0.2780,-0.0385,0.1846,0.3990,0.5988,0.7833,0.9523,1.1057,1.2439,1.3677,1.4773,1.5738,1.6589,1.7298,1.7631,1.5623,1.4423,1.2702,1.1253,0.9858,0.8457,0.7033,0.5743,0.4296,0.2971,0.1738,0.0378,-0.0916,-0.2243,-0.3604,-0.4997,-0.6371,-0.7782,-0.9227,-1.0701,-1.2176,-1.3673,-1.5188,-1.6705,-1.8233,-1.9766,-2.1297,-2.2818,-2.4326,-2.5805,-2.7323,-2.8456
45114.4583333,-15.8534,-9.5461,-8.1584,-7.3670,11.2009,-10.5898,-3.9734,-8.0138,2.5966,-8.0115,-7.4345,-6.6265,-10.1162,-6.4532,-3.2273,-1.8009,7.7984,3.7294,-0.2354,-2.3187,7.2238,-1.9692,-4.1262,2.3878,2.8330,20.7165,1.0049,-3.0064,8.4691,-0.5769,8.1913,7.0155,12.7666,9.2405,9.3154,3.0852,6.3225,4.2774,-6.7004,5.7827,3.2294,-2.9423,-6.5152,-4.3101,18.7089,9.5750,-0.5220,-1.2703,-3.0597,-4.2699,4.4567,6.2819,6.7280,5.4983,-5.4811,4.2952,-0.1264,3.5246,9.4320,-2.8175,0.3709,-5.8983,-5.7888,-3.8692,-2.6439,-2.7448,4.8454,4.3431,-4.6478,0.6451,7.8014,6.9179,7.4136,1.3524,-0.1039,11.6387,4.2345,10.6102,2.1442,5.7472,17.8230,13.0471,-2.0422,-1.1959,-5.1530,-4.9350,1.3777,-4.7933,3.3599,-3.8474,1.0216,4.4503,4.4466,1.7984,-10.2064,-10.8645,-9.7020,-9.1570,-9.6830,-6.7276,-10.1416,-1.6782,-13.1863,-9.3313,-4.5103,-3.7958,-9.9245,-8.7975,-14.1597,0.5167,-9.3936,-9.0609,-7.4308,-9.5989,-4.3502,-6.5149,-9.4877,-5.7384,-4.0024,-4.2775,-9.6528,-2.7401,-8.1055,-2.4154,-2.2430,5.5569,1.9263,5.5178,-3.4575,-9.6603,-7.0863,-6.4065,-4.0485,-1.1156,3.9369,-2.3679,-3.6770,4.7782,-1.6546,-1.9849,-5.0569,0.1851,-2.8253,-4.4846,1.5902,-6.2990,-3.4444,7.0980,1.7046,-2.6012,0.7553,-2.5837,-0.4588,3.7028,-1.5560,2.9886,10.0970,0.9180,1.8178,-1.1481,16.1141,7.5943,6.0450,4.3151,5.6151,0.1679,6.1811,0.7175,4.7846,2.3572,-4.8140,-2.6256,-1.5317,6.1037,4.5866,4.8135,-3.0023,0.7808,-3.1409,8.9426,6.6671,1.4863,0.9313,4.9646,0.0523,2.3924,-5.6506,-6.1252,-6.4925,-6.7368,-6.8577,-6.8734,-6.7972,-6.6614,-6.4611,-6.1337,-5.8242,-5.5264,-5.3057,-5.1159,-5.0002,-4.9033,-4.8387,-4.7957,-4.7681,-4.7345,-4.7256,-4.7093,-4.7006,-4.6999,-4.7073,-4.7123,-4.7359,-4.7588,-4.7831,-4.8236,-4.8664,-4.9178,-4.9775,-5.0449,-5.1162,-5.1947,-5.2802,-5.3718,-5.4675,-5.5686,-5.6744,-5.7841,-5.8980,-6.0157,-6.1366,-6.2600,-6.3856,-6.5116,-6.6471,-6.7458
45114.5000000,-22.7119,-19.3522,-16.2032,-14.2075,1.9369,-19.7620,-16.8629,-21.8765,-9.4944,-16.9357,-16.7623,-18.5242,-20.5819,-16.5650,-14.8673,-17.0613,-7.6148,-12.4498,-15.5418,-17.0739,-5.0894,-14.8727,-14.8122,-9.1205,-6.6218,12.2755,-5.6620,-11.3604,1.4815,-8.3967,1.8206,-0.6082,6.5696,3.8276,6.0051,0.5036,4.3826,2.0626,-10.9105,2.2146,-1.1544,-9.9150,-16.2371,-14.5373,11.6232,-0.5186,-11.4706,-12.1797,-15.3347,-16.4383,-7.8066,-4.2783,-2.1947,-3.6778,-13.1174,-4.3815,-6.0853,1.4662,7.7939,-3.9344,-2.1033,-9.9128,-13.5813,-12.3060,-10.7050,-10.1318,-0.2903,-0.3799,-11.9701,-6.4964,0.6259,-0.9440,0.5066,-3.3612,-3.7053,9.4222,1.8110,8.9486,-3.1317,-0.0397,17.2722,11.2387,-3.4419,-5.0994,-12.3899,-11.5450,-2.1423,-10.8078,-0.4459,-7.3027,-2.8657,0.7057,0.5617,-3.2515,-14.8573,-17.7921,-16.8209,-13.9114,-17.8058,-15.1725,-16.7142,-9.4052,-18.6546,-15.2112,-10.9121,-10.4716,-15.9341,-15.3650,-21.3994,-9.1620,-18.4094,-17.9116,-13.7078,-16.5697,-11.3767,-11.9467,-16.7048,-10.9937,-9.4823,-9.8472,-15.2614,-9.2395,-13.2082,-9.1718,-8.7487,-3.2454,-6.4824,-1.8750,-9.9685,-13.6208,-12.0737,-13.0002,-12.1963,-9.5292,-3.1169,-7.9762,-8.6927,-1.7257,-8.8705,-8.6143,-10.5611,-5.6346,-8.0007,-9.1926,-4.0125,-11.8420,-8.9045,2.0526,-6.1150,-8.7603,-6.0902,-7.8084,-5.1168,-2.4641,-5.4190,1.4707,6.8727,-0.4887,-2.5994,-5.7095,11.2096,2.2819,-0.2470,-2.3240,-0.3966,-4.2366,0.5472,-5.0167,-2.0817,-3.9609,-9.3945,-7.7307,-7.5669,0.2007,-0.8342,0.8709,-7.7301,-2.7125,-6.6083,5.8747,3.6106,-1.2099,-1.6586,2.5488,-1.7732,-0.1553,-6.9237,-7.3942,-7.8645,-8.3336,-8.8015,-9.2725,-9.7345,-10.1884,-10.6060,-10.9184,-11.2027,-11.4349,-11.6465,-11.7980,-11.9191,-11.9756,-11.9838,-11.9444,-11.8615,-11.7284,-11.5750,-11.3870,-11.1830,-10.9709,-10.7582,-10.5437,-10.3472,-10.1594,-9.9844,-9.8344,-9.7004,-9.5867,-9.4926,-9.4168,-9.3555,-9.3101,-9.2792,-9.2614,-9.2543,-9.2584,-9.2725,-9.2956,-9.3276,-9.3678,-9.4155,-9.4700,-9.5307,-9.5962,-9.6783,-9.7337
45114.5416667,-26.2862,-25.3650,-20.4204,-17.6310,-2.5686,-20.7972,-20.1457,-27.8470,-16.0475,-20.4733,-20.8286,-23.2677,-24.4215,-21.8825,-21.3805,-23.9170,-16.7057,-21.4897,-23.4092,-25.8752,-15.6981,-26.6507,-24.9493,-24.0266,-18.7065,-0.1653,-15.6316,-20.9699,-7.4097,-17.5055,-4.9899,-8.3351,-0.4067,0.6027,3.1115,-2.2596,2.1296,0.0544,-14.0946,0.6893,-2.0275,-9.4915,-18.7701,-17.9708,9.4535,-6.2939,-16.2894,-15.8785,-20.5982,-21.8372,-13.2331,-11.8998,-10.6002,-11.3897,-19.6505,-16.7659,-17.4995,-6.3007,2.6834,-7.7812,-5.9796,-12.2680,-19.1458,-18.0517,-15.6577,-14.3476,-5.3384,-5.2649,-18.6548,-12.0532,-4.0107,-6.5358,-8.9187,-11.8554,-10.5160,3.9736,-2.1996,5.8102,-6.7197,-3.6031,19.0434,12.5081,-1.3460,-3.2648,-14.3007,-12.6839,-3.4158,-14.0723,-3.0399,-9.1462,-4.9533,-1.0376,-1.0503,-5.6631,-15.1297,-18.1935,-17.6286,-12.1940,-17.9071,-16.3537,-18.3263,-13.8549,-20.8594,-18.3041,-15.0188,-15.0399,-19.8296,-19.9557,-26.4277,-16.9834,-23.8502,-23.2182,-17.9129,-19.4151,-16.1463,-15.2815,-22.3814,-16.0966,-15.3059,-14.4660,-18.5526,-14.9902,-17.8163,-15.1457,-14.1391,-8.8571,-11.9489,-6.8802,-14.2093,-15.5516,-15.1983,-15.6702,-17.5100,-16.1565,-7.8942,-13.1170,-13.4331,-6.6380,-12.3354,-12.9475,-14.4415,-10.2841,-11.9734,-12.9041,-8.6358,-14.3935,-12.9898,-2.6582,-13.0637,-14.6368,-11.7568,-14.4688,-12.0528,-10.7828,-10.9262,-2.3296,2.2244,-2.8655,-4.6176,-8.5823,8.3395,-0.0090,-1.8840,-2.8995,0.2367,-4.2390,-1.3666,-7.3732,-6.9936,-9.0489,-12.2959,-11.8238,-11.9415,-5.3581,-6.3940,-3.7456,-12.1866,-7.2849,-9.8949,2.3717,0.4473,-3.7292,-3.9412,0.4526,-3.0915,-1.9944,-7.5802,-7.8418,-8.1256,-8.4266,-8.7407,-9.0701,-9.4008,-9.7357,-10.0561,-10.3162,-10.5727,-10.8118,-11.0587,-11.2886,-11.5240,-11.7416,-11.9521,-12.1541,-12.3467,-12.5205,-12.6901,-12.8388,-12.9723,-13.0889,-13.1870,-13.2598,-13.3163,-13.3463,-13.3504,-13.3363,-13.2981,-13.2405,-13.1654,-13.0751,-12.9706,-12.8568,-12.7369,-12.6139,-12.4899,-12.3685,-12.2522,-12.1428,-12.0424,-11.9522,-11.8731,-11.8055,-11.7497,-11.7053,-11.6886,-11.6645
45114.5833333,-25.8026,-23.2877,-19.9556,-16.1280,-2.9398,-18.9718,-20.7069,-27.2830,-17.9794,-20.3126,-21.6385,-24.9082,-25.0622,-24.3478,-24.7278,-27.1093,-21.4624,-25.6982,-25.8149,-28.5940,-20.5466,-31.5151,-26.4448,-31.2050,-24.7770,-8.6984,-24.8482,-28.2035,-15.8515,-25.5639,-15.9361,-18.2266,-9.6573,-4.6659,-1.3618,-5.8423,-0.6025,-1.9855,-16.3314,-0.2002,-2.4130,-8.7017,-19.8068,-19.6871,8.3620,-9.0551,-17.3059,-15.6768,-21.0143,-22.0010,-14.4641,-14.4562,-13.4877,-13.6235,-19.9534,-23.2310,-23.8038,-14.0661,-1.9668,-11.6085,-10.0413,-15.1551,-24.0544,-23.4835,-20.1074,-15.4937,-8.7394,-9.3242,-24.0059,-16.7030,-8.0624,-9.1302,-10.4171,-16.5780,-13.7850,-1.6663,-7.6143,-2.8724,-13.5003,-9.6056,16.0307,9.4370,-3.3715,-5.1158,-17.6633,-13.1790,-4.5685,-13.3718,-3.6363,-8.9926,-5.4061,-1.5106,-1.5634,-6.9117,-14.5112,-17.4814,-16.9952,-9.5755,-16.2906,-15.1716,-16.9443,-14.2510,-18.7934,-16.7775,-14.3838,-14.9325,-19.2464,-20.2394,-26.2608,-21.3134,-26.3258,-25.8875,-20.2208,-20.6433,-18.9704,-16.7838,-25.5564,-19.8829,-21.7716,-17.5193,-19.0239,-17.5922,-19.3617,-18.4854,-21.0758,-14.4834,-16.4269,-10.5826,-16.6004,-15.4578,-17.6399,-16.8259,-19.8257,-19.3044,-10.1419,-15.8141,-18.6914,-10.8538,-14.4159,-15.0875,-15.8173,-11.7195,-12.0428,-13.0471,-10.3398,-14.1370,-13.4479,-4.1627,-16.3774,-17.2080,-14.1674,-17.7091,-16.3698,-17.1973,-14.6878,-6.4358,-3.1213,-6.2702,-7.5797,-12.2159,4.1889,-3.4121,-4.6052,-4.6744,-0.3809,-4.9312,-2.8134,-8.8181,-9.6520,-11.5968,-12.7048,-13.2907,-14.0521,-8.9236,-10.0829,-6.4466,-12.8488,-9.7368,-11.7270,-0.4298,-2.2599,-5.9670,-6.2387,-2.0626,-4.9354,-4.5009,-9.1479,-9.2653,-9.3803,-9.4930,-9.6050,-9.7236,-9.8387,-9.9573,-10.0692,-10.1449,-10.2259,-10.3043,-10.3990,-10.4936,-10.6044,-10.7155,-10.8343,-10.9596,-11.0909,-11.2213,-11.3609,-11.4983,-11.6375,-11.7775,-11.9175,-12.0529,-12.1899,-12.3211,-12.4466,-12.5706,-12.6876,-12.7992,-12.9045,-13.0025,-13.0913,-13.1713,-13.2417,-13.3017,-13.3502,-13.3873,-13.4127,-13.4261,-13.4280,-13.4187,-13.3989,-13.3693,-13.3312,-13.2863,-13.2564,-13.2120
45114.6250000,-22.7073,-17.8904,-14.1673,-14.0637,2.6788,-10.7647,-14.1118,-23.5936,-13.4797,-13.7527,-15.2677,-18.9571,-18.8225,-20.1190,-21.4499,-24.1274,-21.1601,-25.7585,-24.6646,-27.9287,-21.7545,-32.3631,-25.6044,-29.4683,-25.5382,-10.4926,-27.6093,-29.5920,-19.5351,-28.0588,-23.3100,-26.0281,-18.9114,-10.8783,-5.4925,-7.3064,-1.3398,-2.8312,-17.6263,-0.4929,-1.9114,-6.5207,-18.5175,-16.2651,8.7838,-10.6386,-17.3822,-14.4100,-19.8485,-17.2038,-12.6586,-14.0547,-13.4697,-12.9869,-17.8007,-26.2603,-26.6996,-18.5602,-3.3767,-11.8487,-10.4447,-14.7511,-25.8026,-26.4364,-22.9852,-19.3198,-10.4533,-9.2566,-26.4785,-19.5355,-10.1302,-11.2183,-12.1257,-16.0727,-8.8444,-0.9815,-6.1935,-5.1902,-14.7006,-5.9465,17.4398,10.2873,-2.0358,-3.9416,-14.1583,-11.6650,-4.8547,-12.7276,-4.5655,-9.2782,-6.0473,-1.6000,-0.9757,-6.1337,-13.1191,-13.9461,-12.1553,-3.4042,-10.9997,-10.6452,-12.5947,-11.4308,-13.7717,-12.1614,-9.8960,-10.9517,-15.0206,-16.6783,-22.4585,-21.1627,-24.5062,-24.4158,-18.7158,-18.1183,-17.7885,-14.6674,-21.8991,-19.3151,-24.1272,-21.3804,-18.6125,-18.6771,-19.0931,-19.5531,-21.9669,-18.1022,-19.8494,-13.7574,-18.5911,-16.6921,-17.8958,-19.5229,-22.2699,-22.2269,-11.9071,-17.0978,-19.2558,-13.2820,-15.1942,-16.3222,-16.0920,-14.9899,-14.3891,-12.8767,-10.1226,-13.2216,-13.1881,-2.8932,-15.5763,-15.4160,-12.3847,-15.5686,-15.9600,-19.4943,-13.1662,-6.8666,-5.0077,-6.7253,-7.9054,-13.3393,2.1921,-6.3488,-4.8865,-4.2583,0.8442,-3.8559,-2.8339,-10.9219,-10.8685,-12.3945,-11.7153,-12.8420,-14.1035,-10.1715,-11.2736,-6.7487,-11.4450,-9.5205,-10.9265,-0.5387,-2.0855,-5.2448,-5.5237,-1.6245,-3.8840,-4.0714,-8.0186,-8.1616,-8.3056,-8.4493,-8.5918,-8.7390,-8.8777,-9.0132,-9.1368,-9.2263,-9.3096,-9.3803,-9.4511,-9.5108,-9.5711,-9.6217,-9.6690,-9.7136,-9.7565,-9.7947,-9.8370,-9.8770,-9.9192,-9.9643,-10.0132,-10.0636,-10.1211,-10.1813,-10.2448,-10.3151,-10.3889,-10.4674,-10.5502,-10.6368,-10.7258,-10.8176,-10.9115,-11.0067,-11.1022,-11.1976,-11.2922,-11.3853,-11.4762,-11.5644,-11.6492,-11.7298,-11.8055,-11.8750,-11.9539,-11.9885
45114.6666667,-16.5161,-14.3193,-10.9453,-10.6975,8.0701,-4.7223,-4.9474,-14.5253,-5.2618,-4.1912,-4.8612,-7.3160,-6.2114,-9.6881,-12.2513,-13.5133,-10.2344,-14.4044,-12.7906,-17.4750,-13.2487,-22.7088,-17.5441,-22.0368,-21.2569,-7.9888,-24.0170,-25.4126,-20.1241,-25.9448,-25.1681,-28.2682,-23.0031,-15.3473,-10.5824,-10.1417,-3.5369,-2.4581,-14.2875,2.7659,4.5357,-0.2905,-9.0719,-5.5940,17.1978,-3.3398,-9.6369,-6.7166,-12.5572,-9.8761,-6.0225,-7.5100,-7.0825,-6.3509,-9.4252,-22.3117,-23.4977,-16.9422,-1.1033,-8.0133,-6.0649,-9.9568,-20.7284,-22.8187,-19.8035,-18.5989,-12.6421,-9.3821,-24.9960,-18.7289,-10.7832,-11.9876,-12.9330,-14.7683,-7.3185,-1.4672,-3.8256,-3.4825,-10.7906,0.5193,23.3492,17.5502,5.0454,3.9285,-2.1235,-1.1448,6.5689,-0.1028,7.1327,2.6049,5.2029,9.4868,9.3692,3.0048,-4.8917,-7.5066,-6.5353,1.8573,-3.9986,-2.1874,-3.8911,-1.6915,-3.7511,-3.2584,0.0834,-0.5364,-4.9281,-6.0343,-11.5768,-13.5206,-16.0956,-16.8043,-12.9837,-11.8614,-11.1491,-8.7902,-14.5674,-12.6227,-17.7988,-16.5063,-12.8018,-14.5206,-15.3657,-16.8894,-18.3104,-15.1008,-16.3998,-10.7087,-14.5329,-12.0030,-14.4595,-16.4801,-20.4442,-21.7185,-12.6110,-16.8217,-17.9628,-13.1049,-14.1095,-15.5797,-14.7140,-14.5427,-13.4770,-11.0756,-8.7848,-10.5309,-11.7159,-2.8695,-14.5136,-14.0108,-12.4922,-13.6986,-13.5815,-17.0176,-9.3683,-5.3892,-2.3630,-2.9571,-3.3671,-8.3234,5.8091,-2.6225,-0.0943,1.1198,6.2738,1.0395,1.9336,-6.5544,-7.3037,-9.3350,-7.3036,-9.0942,-10.5710,-7.5104,-8.3811,-3.6033,-6.8639,-6.1419,-7.1181,3.0357,2.1322,-0.3546,-0.4115,3.3425,1.5399,1.4309,-1.9418,-2.0470,-2.1759,-2.3236,-2.4850,-2.6620,-2.8367,-3.0116,-3.1782,-3.3189,-3.4523,-3.5735,-3.6914,-3.7982,-3.9026,-3.9975,-4.0875,-4.1729,-4.2541,-4.3287,-4.4023,-4.4700,-4.5345,-4.5958,-4.6541,-4.7079,-4.7609,-4.8103,-4.8567,-4.9031,-4.9476,-4.9918,-5.0363,-5.0816,-5.1275,-5.1752,-5.2249,-5.2772,-5.3320,-5.3898,-5.4508,-5.5149,-5.5824,-5.6530,-5.7267,-5.8031,-5.8815,-5.9598,-6.0521,-6.0910
45114.7083333,-9.7538,-9.2334,-6.3077,-6.1104,10.6392,-0.4156,-0.7205,-8.5567,-0.1625,0.6487,0.1525,-1.6732,-0.5043,-3.5341,-5.6345,-6.0765,-2.6412,-5.2736,-2.7706,-5.8795,-2.8622,-9.7301,-5.0748,-9.7393,-9.4479,1.3608,-12.4611,-13.4594,-12.3939,-17.2184,-20.1834,-24.3747,-21.8961,-15.4075,-11.8392,-11.4502,-5.3448,-4.1684,-13.7835,0.7800,2.8130,-0.6376,-7.3029,-3.5749,19.9227,3.1221,-1.4801,1.8998,-2.7844,-0.1710,2.6433,1.8282,2.2803,2.4600,0.4269,-12.3645,-13.6842,-8.4272,5.4229,-1.3555,0.0129,-3.4204,-12.6848,-15.0756,-11.6092,-11.9241,-8.1009,-6.3288,-21.0571,-16.8677,-10.9565,-11.4552,-12.4145,-13.6047,-6.6330,-2.1332,-4.0154,-3.2621,-8.7030,2.1525,23.4148,18.5607,6.6880,5.5870,2.0013,2.6472,11.0267,5.6527,12.9710,8.2372,12.0161,17.7621,18.6258,13.3256,5.8715,4.2288,5.0852,11.7104,6.9100,7.8412,6.3293,8.5808,4.9114,5.6796,8.9112,8.6344,4.2136,3.5525,-1.0420,-3.2428,-4.8210,-5.7796,-3.4295,-2.4300,-2.5574,-0.5549,-5.3716,-5.0134,-9.3194,-8.7958,-5.1379,-7.8546,-8.5211,-10.7302,-13.1923,-10.6888,-11.3592,-6.1443,-8.7264,-5.5014,-7.9559,-9.5815,-13.4381,-15.3902,-9.0643,-12.8630,-13.9209,-10.7644,-10.6770,-12.3433,-11.9491,-12.3559,-11.0928,-9.2874,-8.4346,-8.2273,-9.4780,-3.0895,-12.0255,-11.0530,-10.3238,-11.0762,-11.5573,-14.7107,-6.7284,-4.0521,-1.6219,-1.9841,-1.8436,-5.1455,7.1503,0.1747,2.5996,4.2103,8.8320,3.5594,5.4892,-1.6128,-2.3316,-3.8759,-1.8184,-3.4693,-5.3563,-2.9607,-3.6635,0.6282,-1.7859,-1.3558,-2.2804,6.6023,5.9659,3.7528,3.8054,7.3860,5.5385,6.1055,3.1413,3.2442,3.3386,3.4241,3.4995,3.5569,3.6081,3.6459,3.6732,3.7001,3.7122,3.7126,3.6952,3.6662,3.6211,3.5665,3.5011,3.4268,3.3452,3.2602,3.1695,3.0785,2.9867,2.8952,2.8051,2.7184,2.6330,2.5517,2.4743,2.3991,2.3277,2.2593,2.1935,2.1304,2.0700,2.0117,1.9554,1.9008,1.8479,1.7963,1.7457,1.6960,1.6469,1.5980,1.5492,1.5002,1.4512,1.4033,1.3409,1.3240
45114.7500000,-4.6890,-5.0461,-2.6428,-2.6224,12.0414,2.0748,1.8958,-4.5328,2.7576,3.3520,3.0524,1.7221,2.5348,0.3425,-1.3199,-1.5073,1.6522,-0.2971,1.8785,-0.2302,2.4996,-2.8752,1.0137,-2.4389,-1.9268,8.1711,-3.5050,-3.7757,-3.5238,-6.8798,-11.0110,-15.4284,-14.9563,-9.9252,-8.0148,-8.2878,-3.9281,-3.1614,-11.1059,0.5907,2.0581,-0.9705,-6.5052,-3.3989,19.1523,4.4692,0.8856,4.5002,1.0657,3.2463,6.1305,6.4579,7.7935,7.9865,5.3167,-4.2153,-4.9387,-0.4186,11.7733,5.5755,6.6451,3.5787,-4.2939,-6.7077,-3.5684,-4.4035,-1.6429,-1.1404,-15.0991,-13.0329,-9.2323,-10.1627,-11.0592,-11.7438,-5.4741,-2.8237,-4.3684,-3.6078,-8.0083,2.0325,21.0863,16.9342,5.9409,4.7101,2.4966,2.9906,11.3739,6.7342,13.7644,8.7032,13.3510,19.9112,21.0269,16.6273,8.7309,8.7022,9.9366,15.0508,11.6970,12.2197,11.5789,15.3170,10.6384,11.6421,15.2133,15.5577,11.1947,11.1800,6.6559,5.6241,3.8781,2.9099,4.6669,5.1094,5.0251,6.0289,2.5401,2.7298,-0.8509,-0.6809,1.8348,-0.1973,-1.1186,-3.3866,-6.2414,-4.6671,-5.3255,-0.8872,-3.2140,-0.5902,-2.6367,-3.9626,-7.1899,-9.2496,-4.7505,-7.9549,-8.8005,-6.8039,-6.1735,-7.9740,-7.6723,-8.6983,-7.3958,-6.1628,-6.4143,-5.3153,-6.7615,-2.8283,-9.7036,-8.7253,-8.6553,-8.9922,-9.7963,-12.7761,-5.0976,-3.7637,-1.9750,-2.0456,-1.6301,-3.8457,6.8292,0.6409,2.8132,4.6790,8.6513,3.7677,6.5558,0.5531,0.3886,-0.5169,0.9914,0.1428,-1.2681,0.8737,0.4827,4.2221,2.1069,2.4733,1.5221,9.3844,8.9144,6.5770,6.6104,10.0783,7.7749,9.0276,5.9771,6.1620,6.3390,6.5074,6.6636,6.7992,6.9176,7.0120,7.0850,7.1389,7.1637,7.1873,7.2359,7.3009,7.3701,7.4418,7.5104,7.5739,7.6307,7.6814,7.7224,7.7558,7.7801,7.7952,7.8009,7.7984,7.7861,7.7661,7.7388,7.7035,7.6622,7.6151,7.5630,7.5070,7.4480,7.3866,7.3236,7.2596,7.1955,7.1315,7.0682,7.0059,6.9447,6.8850,6.8267,6.7701,6.7154,6.6637,6.5997,6.5778
45114.7916667,0.2085,-0.4263,1.3730,1.1863,14.0244,4.6502,4.4509,-1.1548,4.7848,4.8689,4.5810,3.4374,3.6313,2.2268,0.9338,0.9019,3.8335,2.3763,3.9538,2.4627,5.1680,0.5847,3.4135,1.0960,1.5966,10.9194,0.6650,0.5909,1.1085,-1.1812,-4.5607,-8.2238,-8.0095,-3.5052,-2.2041,-2.6544,0.4538,0.7833,-5.9462,3.1238,3.8875,0.9407,-3.8770,-1.6343,18.5732,4.7907,1.4136,4.5456,1.6952,3.2448,6.0707,6.9147,8.7594,9.0683,5.4257,-0.6503,-0.8036,3.3072,14.4941,8.9550,10.0337,7.4835,1.2189,-0.7368,1.9978,1.3057,3.9165,3.9986,-8.6222,-7.9116,-5.6872,-7.1123,-8.1595,-8.9542,-3.5797,-2.4951,-4.0068,-3.4909,-7.2361,1.3037,18.2994,14.5813,4.5420,3.2618,1.7195,2.0477,9.7086,5.4668,11.9853,6.7409,11.7808,18.3092,19.6111,15.9351,7.5509,8.6537,10.0719,13.8523,11.6004,11.6932,11.6167,16.5449,12.2915,13.4016,17.5196,18.2565,14.0330,14.9357,10.4461,11.7483,9.4415,8.6118,10.3374,10.0462,10.4572,10.1657,8.0153,8.8051,5.7648,5.7724,6.4396,5.8612,4.7403,3.0998,0.5046,1.4854,0.7110,4.4994,2.1067,3.4449,2.0740,0.8979,-1.7004,-3.6071,-0.4009,-3.1148,-3.8764,-2.6511,-1.9609,-3.7397,-3.5986,-4.8468,-3.7030,-2.8882,-3.6386,-2.3287,-3.6968,-1.3975,-6.7125,-5.8283,-6.2737,-6.6375,-7.8823,-10.8827,-3.9809,-3.4735,-2.2837,-2.1568,-1.6171,-3.3134,5.5618,0.2838,2.1111,3.8419,7.0901,2.8326,5.8053,0.8216,1.0216,0.5770,1.4290,1.3854,0.6407,2.7936,2.6874,5.8986,3.9575,4.5056,3.7074,10.8936,10.4973,8.0573,8.1722,11.6540,8.9161,10.8410,7.6292,7.7638,7.8951,8.0255,8.1566,8.2844,8.4161,8.5487,8.6857,8.8291,8.9741,9.1204,9.2623,9.4036,9.5392,9.6701,9.7931,9.9066,10.0092,10.1004,10.1776,10.2425,10.2930,10.3301,10.3553,10.3702,10.3753,10.3838,10.3984,10.4174,10.4400,10.4641,10.4879,10.5100,10.5292,10.5443,10.5546,10.5596,10.5592,10.5531,10.5415,10.5246,10.5026,10.4758,10.4448,10.4100,10.3722,10.3328,10.2796,10.2601
45114.8333333,3.9294,3.6107,5.0019,4.7851,16.3397,7.3044,7.4109,2.3821,7.4061,6.9382,6.7229,5.7292,5.2624,4.7593,3.5664,3.2898,5.6736,4.2749,5.0461,3.8723,6.6046,2.5117,4.3798,3.0476,3.4978,12.2115,2.9755,2.7993,3.6341,1.7299,-0.8399,-3.8105,-3.4970,0.6925,1.9612,1.7051,4.4901,4.8380,-0.7863,6.7302,7.2779,4.5121,0.3535,1.9671,19.7016,6.7366,3.2196,5.5572,2.7955,3.6656,6.1481,6.9879,8.6094,8.8364,4.4979,0.8031,0.8195,4.3954,14.6575,9.6062,10.6494,8.5086,3.6542,2.2679,4.5458,4.3024,7.1996,7.5867,-2.9107,-2.7147,-1.3479,-2.9243,-4.0436,-5.0086,-0.6946,-0.4829,-2.0249,-1.8347,-5.0803,2.0563,16.9980,13.6223,4.4752,3.1651,2.0388,2.1458,8.8889,4.9408,10.7766,5.5037,10.4351,16.5625,17.7648,14.5225,5.9071,7.4833,8.8507,11.5076,10.0057,9.7273,9.9138,15.3933,11.7766,12.8667,17.4131,18.4585,14.3126,15.8767,11.2443,14.8162,11.7679,11.1867,13.1658,12.2174,13.3334,11.8269,10.9522,12.7857,10.2624,10.3344,9.1260,10.3971,8.8966,8.2947,6.3323,7.1724,6.2612,9.4324,6.8292,6.5295,6.0100,5.1433,3.2551,1.6994,4.0726,1.6020,0.8353,1.6423,2.0180,0.4688,0.4067,-0.7806,0.0341,0.4729,-0.3688,0.5702,-0.5542,0.8820,-3.3013,-2.6040,-3.3022,-3.7415,-5.2431,-8.2220,-2.3052,-2.3450,-1.6648,-1.4436,-0.9219,-2.2903,4.8539,0.3905,1.8336,3.3463,5.9222,2.2569,5.0259,0.8584,1.1644,0.8394,1.1679,1.5421,1.2528,3.3447,3.4133,5.9766,4.1342,4.8143,4.1849,10.8691,10.3818,7.8955,8.1128,11.6062,8.5793,11.1215,7.9974,8.1795,8.3554,8.5265,8.6928,8.8514,9.0079,9.1599,9.3100,9.4602,9.6075,9.7528,9.8931,10.0322,10.1679,10.3023,10.4347,10.5652,10.6940,10.8220,10.9475,11.0723,11.1946,11.3144,11.4316,11.5454,11.6550,11.7600,11.8601,11.9538,12.0409,12.1208,12.1929,12.2571,12.3135,12.3620,12.4029,12.4366,12.4644,12.4871,12.5060,12.5222,12.5366,12.5496,12.5613,12.5719,12.5812,12.5886,12.5832,12.5958
45114.8750000,7.2236,7.5899,8.6874,8.5593,19.3810,10.4196,11.0649,6.2292,10.7146,9.6367,9.5733,8.7677,7.6063,8.0295,7.1472,6.7365,8.7903,7.3899,7.2380,6.1133,8.9148,4.9508,5.8351,5.2175,5.4949,13.8018,5.2238,4.7066,5.8691,3.9297,2.0825,-0.4122,-0.0790,3.6654,4.9620,4.7611,7.5610,8.1589,3.1577,10.0047,10.6979,8.1943,4.6064,5.9564,22.1550,10.3445,6.7119,8.2932,5.5215,5.7391,8.0241,8.8477,10.1796,10.2316,5.2730,3.1845,2.9569,5.8694,15.1941,10.4205,11.2823,9.3078,5.4138,4.3101,5.9339,5.9577,9.0494,9.8246,1.2671,1.5424,2.7640,1.4633,0.4512,-0.5684,2.5901,2.9204,1.5006,1.5547,-1.1976,4.9235,18.1516,15.1872,6.8110,5.3878,4.6599,4.5160,10.5528,6.8035,12.0223,6.6845,11.4233,17.0556,18.0343,15.0327,6.2334,7.9150,9.0915,10.8292,9.8048,9.1869,9.4166,15.0309,11.4999,12.4751,17.2354,18.4554,14.2942,16.2280,11.1918,16.4280,12.3392,11.7622,14.0047,12.5222,14.2821,11.8309,11.9430,14.8909,12.8435,13.0977,10.2093,13.3458,11.4569,12.1677,11.2277,12.4036,11.4609,14.3422,11.3078,9.1469,9.4596,8.8953,7.7016,6.6486,8.8291,6.5215,5.7102,6.4382,6.1329,4.8412,4.4786,3.5977,3.9202,4.1119,3.5287,3.5812,2.8155,4.1459,0.7207,1.1458,0.3924,-0.2459,-1.8133,-4.6630,0.0887,-0.0930,0.3422,0.5395,0.9777,-0.1044,5.7866,2.0023,3.1073,4.4523,6.4597,3.2476,5.7545,2.1057,2.3278,1.8495,1.5981,2.0364,1.9467,3.8864,4.0125,5.9670,4.1959,4.9264,4.3914,10.6573,10.0917,7.6356,7.9454,11.4197,8.2558,11.2299,8.2272,8.4333,8.6323,8.8259,9.0150,9.1979,9.3798,9.5592,9.7383,9.9185,10.0977,10.2762,10.4513,10.6254,10.7965,10.9656,11.1317,11.2946,11.4542,11.6109,11.7637,11.9138,12.0602,12.2033,12.3434,12.4805,12.6145,12.7458,12.8749,13.0012,13.1251,13.2466,13.3655,13.4820,13.5959,13.7070,13.8151,13.9200,14.0215,14.1194,14.2134,14.3032,14.3886,14.4694,14.5453,14.6164,14.6827,14.7434,14.7887,14.8360
45114.9166667,9.5984,10.7376,11.4693,11.3225,21.5332,12.2856,13.5331,8.9342,13.1842,11.4244,11.5861,11.0663,9.3044,10.7769,10.3786,9.9412,11.8597,10.5078,9.4571,8.5333,11.5739,7.5485,7.6123,7.7154,7.8057,15.6520,7.3915,6.5313,8.0395,5.9087,4.7423,2.5399,2.7679,5.8325,6.9929,6.6441,9.3486,10.0579,5.3749,11.8041,12.5714,10.1708,7.0041,8.2520,23.5786,13.2684,9.6859,10.7211,8.1780,7.7862,10.1545,11.1284,12.2630,12.1374,6.4707,6.2100,5.7719,8.0123,16.3124,11.5686,12.1073,10.1681,7.0711,6.2204,7.1809,7.3721,10.3955,11.2121,4.0263,4.4323,5.6358,4.6586,3.7871,2.9738,4.9076,5.9464,4.6627,4.6548,2.2482,7.4485,19.0235,16.3434,8.4865,6.8630,6.6567,6.3599,12.1406,8.5803,13.4699,7.9839,12.7732,18.0225,18.8463,16.1825,7.2173,9.1517,10.1997,11.1220,10.4481,9.5522,9.7704,15.3798,11.5648,12.3257,17.0423,18.2463,13.9955,16.1633,10.8669,17.3194,12.2109,11.5243,13.8228,11.8536,13.9529,10.7977,11.4979,15.1980,13.4221,13.7746,9.6559,14.2454,12.0341,13.9594,14.1162,15.8456,14.8928,17.6573,14.1259,10.2928,11.5059,11.3962,10.9786,10.5456,12.9298,10.7188,9.8808,10.8072,9.5906,8.6612,8.0472,7.6495,7.3632,7.4158,7.2905,6.1240,5.8344,7.5588,4.4897,4.5502,3.9336,3.1792,1.8275,-0.6824,2.6622,2.5867,2.8870,2.7773,3.0223,2.1525,7.1856,3.7808,4.5057,5.6678,7.1187,4.1780,6.6191,3.3402,3.7631,3.2295,2.4495,2.9686,3.0233,4.7273,4.7410,6.0658,4.2650,4.9422,4.3882,10.1262,9.3485,6.8471,7.1178,10.4115,7.1402,10.3037,7.4224,7.6459,7.8702,8.0955,8.3209,8.5441,8.7672,8.9885,9.2085,9.4275,9.6435,9.8565,10.0645,10.2693,10.4694,10.6659,10.8583,11.0469,11.2318,11.4137,11.5920,11.7677,11.9404,12.1103,12.2776,12.4424,12.6046,12.7641,12.9214,13.0758,13.2276,13.3767,13.5230,13.6665,13.8072,13.9452,14.0802,14.2124,14.3420,14.4690,14.5933,14.7150,14.8343,14.9511,15.0653,15.1771,15.2862,15.3913,15.4823,15.5610
45114.9583333,10.4243,12.4823,13.0187,12.9530,22.8837,13.2680,15.1563,10.6245,14.7820,12.3343,12.6781,12.3595,9.9626,12.4330,12.5250,12.0876,14.0528,12.8126,10.8879,10.1980,13.7518,9.5239,8.8984,9.7900,9.7898,17.5337,9.3669,8.1306,10.1185,7.6388,7.1939,5.2077,5.3424,7.6896,8.6704,8.0300,10.5930,11.2523,6.5517,12.6770,13.4155,10.9811,8.0456,9.1861,23.8303,14.7877,11.1412,11.7893,9.4349,8.5219,11.1813,12.4836,13.6240,13.4497,7.0320,8.7273,8.1853,9.9367,17.5194,12.7880,13.0662,11.1239,8.6537,8.0026,8.3178,8.6318,11.5730,12.2830,5.7735,6.2433,7.5289,6.8687,6.0504,5.2198,6.0422,8.0689,6.8956,6.9392,4.8005,9.3206,19.5015,17.0631,9.5489,7.6684,7.9124,7.4156,13.0924,9.5917,14.2389,8.4992,13.4171,18.3844,19.0931,16.7392,7.5259,9.7555,10.7666,11.0740,10.7198,9.6451,9.9094,15.6109,11.4439,12.0753,16.7639,17.9525,13.6281,15.9305,10.3869,17.7209,11.6939,10.8713,13.1785,10.8835,13.1653,9.6036,10.6154,14.7830,13.1696,13.5217,8.5177,13.9222,11.3943,14.1603,15.2302,17.4459,16.3965,19.1199,15.0338,9.8594,11.7296,12.0091,12.2938,12.5236,15.4548,13.3868,12.6316,14.0671,11.8852,11.3777,10.5492,10.8021,9.8930,9.9256,10.4598,7.9135,8.1302,10.6953,7.7332,7.3984,7.0181,6.0873,5.1111,3.0927,4.9258,5.2623,5.6741,5.1039,5.1066,4.4060,9.0413,5.8122,6.1815,7.2172,8.1722,5.3125,7.7522,4.5921,5.2155,4.5302,3.1101,3.7323,3.9799,5.5806,5.5025,6.3056,4.4605,5.0852,4.4906,9.7728,8.8120,6.2970,6.4957,9.5449,6.2601,9.3827,6.5933,6.7508,6.9122,7.0780,7.2481,7.4211,7.5990,7.7807,7.9669,8.1578,8.3523,8.5499,8.7493,8.9511,9.1542,9.3586,9.5635,9.7685,9.9730,10.1769,10.3793,10.5804,10.7792,10.9756,11.1695,11.3606,11.5487,11.7337,11.9157,12.0945,12.2701,12.4426,12.6119,12.7782,12.9416,13.1020,13.2596,13.4144,13.5666,13.7161,13.8630,14.0074,14.1492,14.2886,14.4254,14.5597,14.6912,14.8185,14.9323,15.0258
45115.0000000,10.5966,13.4256,13.7659,13.7540,23.5105,13.5041,15.9586,11.5000,15.6443,12.5787,13.0882,12.9552,10.0379,13.3941,13.9612,13.5221,15.5783,14.4153,11.6498,11.1428,15.2815,10.7580,9.5598,11.2017,11.1671,19.0596,10.8456,9.2854,11.9166,9.0768,9.4664,7.6975,7.8329,9.5045,10.3387,9.3771,11.8354,12.4090,7.5411,13.3916,14.0550,11.5247,8.7140,9.7323,23.7052,15.6414,11.7944,12.0338,9.7480,8.4005,11.3059,12.8935,14.0625,13.8658,6.8116,10.2873,9.7058,11.1100,18.2357,13.5507,13.6864,11.7956,9.9172,9.5322,9.3208,9.8200,12.7975,13.3486,7.0416,7.4691,8.8429,8.4538,7.6179,6.6181,6.4973,9.5050,8.3941,8.5349,6.5948,10.5974,19.5952,17.3768,10.1116,7.9841,8.6307,7.9722,13.6745,10.2025,14.7015,8.7099,13.7791,18.5144,19.1156,17.0229,7.5590,10.0247,11.0036,10.8210,10.7043,9.4868,9.7798,15.5523,11.0868,11.6176,16.2684,17.4540,13.1099,15.4880,9.8358,17.8689,11.1236,10.2030,12.4711,9.9817,12.3259,8.5791,9.7319,14.1430,12.6450,12.9723,7.4842,13.2511,10.5095,13.7946,15.5425,18.0876,16.8328,19.4739,14.8428,8.7786,10.9806,11.4891,12.2570,13.0019,16.4924,14.5163,13.8494,15.8946,12.8142,12.7452,11.7837,12.7541,11.3041,11.4191,12.7206,8.8726,9.5908,13.2273,10.2261,9.5233,9.4771,8.4126,7.9304,6.4982,6.7922,7.7092,8.4157,7.2661,7.0283,6.4974,11.1391,7.9340,7.9981,8.9897,9.5141,6.6040,9.1889,5.9969,6.9186,6.0432,3.9065,4.6040,5.0213,6.5702,6.3786,6.7233,4.8020,5.3841,4.7418,9.6655,8.5582,6.0554,6.1937,9.0111,5.7802,8.7957,6.1210,6.2239,6.3311,6.4427,6.5585,6.6777,6.8016,6.9295,7.0618,7.1990,7.3401,7.4853,7.6336,7.7858,7.9412,8.1001,8.2621,8.4271,8.5950,8.7658,8.9389,9.1146,9.2923,9.4717,9.6529,9.8353,10.0187,10.2029,10.3876,10.5723,10.7569,10.9409,11.1241,11.3062,11.4869,11.6660,11.8433,12.0185,12.1915,12.3622,12.5304,12.6961,12.8592,13.0197,13.1775,13.3326,13.4845,13.6318,13.7655,13.8724
45115.0416667,10.5226,13.9831,14.1600,14.1987,23.8519,13.5005,16.4193,12.0153,16.1734,12.5801,13.2129,13.2114,9.8664,13.9839,14.9385,14.4628,16.6132,15.5003,11.9763,11.6010,16.3198,11.4706,9.8066,12.0865,12.0306,20.1938,11.8291,9.9592,13.2560,10.0377,11.3081,9.7841,10.0542,11.1486,11.9266,10.6732,13.1233,13.6463,8.5274,14.2228,14.8099,12.1598,9.4095,10.3129,23.6519,16.3429,12.2145,12.0902,9.7667,8.0795,11.1221,12.8877,14.0345,13.7905,6.2925,11.1248,10.4669,11.5799,18.3677,13.7182,13.7521,11.9165,10.5506,10.4454,9.8066,10.5365,13.7051,14.2238,8.0217,8.4120,9.8991,9.7521,8.8482,7.5539,6.6737,10.5518,9.4548,9.7126,7.9176,11.5346,19.5256,17.4982,10.4159,8.0818,9.0476,8.2399,14.0005,10.5265,14.9194,8.7000,13.9078,18.4571,18.9694,17.1034,7.4321,10.0786,11.0410,10.4886,10.5561,9.2389,9.5524,15.3659,10.6671,11.1162,15.7023,16.8749,12.5369,14.9663,9.2608,17.7920,10.5016,9.5278,11.7440,9.1740,11.5203,7.7486,8.9551,13.4693,12.0748,12.3775,6.6885,12.5310,9.6777,13.2571,15.5127,18.2906,16.7997,19.3365,14.2378,7.6963,9.9799,10.5824,11.6269,12.7130,16.6417,14.6807,14.0405,16.6066,12.7328,12.9940,11.9163,13.5083,11.6097,11.8256,13.8582,8.9335,10.0700,14.8082,11.7123,10.7084,11.0470,9.9239,10.0252,9.2700,8.1103,9.6984,10.8481,9.0673,8.6549,8.2980,13.2667,9.9821,9.7939,10.8235,10.9817,7.9192,10.7857,7.4406,8.7673,7.6895,4.7711,5.6486,6.2541,7.8235,7.5106,7.4452,5.4046,5.9556,5.2484,9.9207,8.6845,6.1840,6.2666,8.8830,5.7131,8.6012,6.0224,6.0714,6.1252,6.1839,6.2473,6.3149,6.3877,6.4650,6.5473,6.6348,6.7269,6.8235,6.9240,7.0289,7.1375,7.2502,7.3665,7.4864,7.6098,7.7366,7.8665,7.9997,8.1358,8.2747,8.4165,8.5609,8.7079,8.8573,9.0091,9.1630,9.3190,9.4769,9.6365,9.7977,9.9604,10.1243,10.2892,10.4550,10.6214,10.7883,10.9554,11.1225,11.2895,11.4560,11.6219,11.7868,11.9502,12.1101,12.2577,12.3746
45115.0833333,10.2373,14.1868,14.2267,14.3045,23.8820,13.2427,16.5492,12.2055,16.4020,12.3741,13.1074,13.2201,9.5707,14.1890,15.5140,15.0372,17.3115,16.2451,12.0745,11.7967,17.0214,11.8505,9.8239,12.6075,12.5317,20.9928,12.4269,10.2920,14.2078,10.6212,12.7178,11.4140,11.8739,12.4572,13.2364,11.7265,14.2533,14.7826,9.3818,15.0200,15.5675,12.8075,10.0905,10.9173,23.7364,17.0895,12.6706,12.1942,9.8187,7.8746,10.9778,12.8490,13.9381,13.6243,5.8632,11.6627,10.8851,11.7217,18.1937,13.5497,13.4788,11.6755,10.7116,10.8367,9.8334,10.7607,14.1455,14.6976,8.6684,9.0911,10.7280,10.8146,9.8363,8.2515,6.7683,11.3919,10.2793,10.6464,8.9444,12.2508,19.3654,17.4980,10.5550,8.0486,9.2675,8.3411,14.1734,10.6866,15.0025,8.5961,13.9109,18.2962,18.7273,17.0579,7.2402,10.0114,10.9570,10.1181,10.3201,8.9352,9.2602,15.0805,10.1694,10.5553,15.0562,16.2149,11.9196,14.3584,8.6901,17.5657,9.8904,8.8947,11.0305,8.4486,10.7439,7.0406,8.2439,12.7509,11.4473,11.7313,6.0473,11.8057,8.9323,12.6625,15.2974,18.2577,16.5527,18.9813,13.5268,6.8238,9.0555,9.6822,10.8643,12.1527,16.3739,14.3887,13.7325,16.6842,12.1638,12.6346,11.4497,13.4864,11.2311,11.5055,14.1046,8.3949,9.7920,15.4427,12.2254,10.9803,11.6657,10.5313,11.2097,11.1507,8.7134,10.9510,12.6168,10.2147,9.6903,9.5286,15.0402,11.6205,11.2421,12.3803,12.2329,8.9656,12.2448,8.6889,10.5552,9.3050,5.5816,6.6913,7.5521,9.2498,8.8371,8.4045,6.2035,6.7570,5.9761,10.5207,9.1581,6.6258,6.6605,9.1276,5.9822,8.7752,6.2556,6.2592,6.2673,6.2801,6.2974,6.3189,6.3453,6.3762,6.4118,6.4524,6.4975,6.5472,6.6010,6.6593,6.7217,6.7883,6.8591,6.9338,7.0126,7.0953,7.1817,7.2720,7.3658,7.4632,7.5641,7.6683,7.7757,7.8863,8.0000,8.1166,8.2360,8.3581,8.4829,8.6101,8.7397,8.8716,9.0056,9.1417,9.2797,9.4196,9.5612,9.7044,9.8491,9.9952,10.1425,10.2907,10.4394,10.5867,10.7247,10.8341
45115.1250000,9.8179,14.1424,14.0821,14.2030,23.7277,12.8766,16.4910,12.1243,16.3642,11.9986,12.8112,13.0162,9.1581,14.0931,15.7259,15.2455,17.6434,16.6239,11.9231,11.7309,17.4094,11.9590,9.6700,12.8516,12.7694,21.5426,12.7618,10.4034,14.8533,10.9230,13.7576,12.6503,13.3207,13.4455,14.2546,12.5059,15.1542,15.7169,10.0077,15.6801,16.2151,13.3532,10.6490,11.4344,23.8621,17.8175,13.1248,12.3582,9.9319,7.7992,10.9371,12.8861,13.9182,13.5394,5.6337,12.1379,11.2267,11.8172,17.9995,13.3466,13.1667,11.3719,10.7023,10.9904,9.6669,10.7246,14.2657,14.8362,8.9490,9.4491,11.2710,11.6017,10.5678,8.7296,6.7859,12.0641,10.9371,11.4253,9.7944,12.8713,19.2387,17.5109,10.6779,8.0296,9.4384,8.4074,14.2985,10.7866,15.0338,8.4757,13.8591,18.0956,18.4496,16.9416,7.0295,9.8715,10.8001,9.7510,10.0505,8.6238,8.9515,14.7423,9.6832,10.0126,14.4022,15.5357,11.3015,13.7244,8.1290,17.2020,9.2713,8.2777,10.3274,7.7892,10.0084,6.4358,7.6051,12.0337,10.8142,11.0795,5.5123,11.0830,8.2448,12.0192,14.9358,18.0437,16.1639,18.4984,12.7998,6.1408,8.2591,8.8777,10.1175,11.5229,15.9318,13.9226,13.2403,16.4655,11.4606,12.0485,10.7772,13.0972,10.5854,10.8768,13.8604,7.6581,9.1610,15.4599,12.1295,10.7000,11.6277,10.4567,11.5837,12.1316,8.6655,11.4403,13.6146,10.6629,10.0569,10.0767,16.2167,12.6395,12.1365,13.4324,13.0458,9.5698,13.3216,9.5358,12.0156,10.6282,6.1311,7.5112,8.6885,10.6269,10.1573,9.4078,7.0216,7.6226,6.7721,11.3303,9.8514,7.2543,7.2598,9.6496,6.4809,9.2407,6.7353,6.7042,6.6766,6.6527,6.6326,6.6160,6.6035,6.5951,6.5909,6.5912,6.5957,6.6045,6.6173,6.6344,6.6556,6.6809,6.7104,6.7439,6.7813,6.8228,6.8682,6.9175,6.9705,7.0273,7.0878,7.1520,7.2197,7.2910,7.3657,7.4438,7.5252,7.6099,7.6977,7.7886,7.8825,7.9793,8.0790,8.1813,8.2864,8.3940,8.5040,8.6165,8.7312,8.8481,8.9671,9.0879,9.2102,9.3323,9.4478,9.5396
45115.1666667,9.2928,13.8734,13.7375,13.8969,23.3649,12.3811,16.2326,11.9689,16.2256,11.5974,12.4579,12.7252,8.7348,13.8228,15.6992,15.2129,17.7173,16.7372,11.6151,11.4877,17.5336,11.8512,9.3819,12.8575,12.7758,21.8437,12.8629,10.3382,15.2483,11.0266,14.5123,13.5782,14.4636,14.1743,15.0256,13.0588,15.8460,16.4564,10.4410,16.1842,16.7252,13.7720,11.0696,11.8397,23.9822,18.4994,13.5574,12.5342,10.0766,7.8037,10.9716,12.9912,13.9821,13.5517,5.5635,12.6281,11.5957,11.9765,17.9049,13.2441,12.9678,11.1781,10.7337,11.1437,9.5509,10.6903,14.3232,14.8573,8.9928,9.5410,11.5280,12.0841,11.0084,8.9764,6.6894,12.5271,11.3985,12.0155,10.4430,13.3493,19.0806,17.4827,10.7453,7.9899,9.5549,8.4507,14.4099,10.8800,15.0808,8.4085,13.8421,17.9468,18.2317,16.8624,6.9002,9.7774,10.6851,9.4758,9.8410,8.3875,8.7080,14.4330,9.3572,9.6240,13.8734,14.9629,10.7972,13.1414,7.6540,16.7994,8.7152,7.7297,9.6790,7.2131,9.3330,5.9216,7.0367,11.3336,10.1904,10.4394,5.0659,10.3954,7.6342,11.3786,14.4910,17.7110,15.6917,17.9385,12.0912,5.6025,7.5869,8.1834,9.4324,10.8942,15.4037,13.3868,12.6878,16.1057,10.7706,11.4272,10.1071,12.5916,9.9201,10.2071,13.4236,6.9780,8.4859,15.1766,11.7607,10.2023,11.2771,10.0572,11.4763,12.4843,8.2539,11.3930,13.9920,10.5859,9.9651,10.1158,16.8343,13.1001,12.5111,13.9680,13.3896,9.7306,13.9363,9.9333,13.0273,11.5321,6.3562,8.0261,9.5327,11.7798,11.2866,10.2632,7.6816,8.3649,7.4547,12.1417,10.5548,7.8653,7.8620,10.2458,7.0083,9.8095,7.2831,7.2382,7.1953,7.1545,7.1159,7.0794,7.0455,7.0141,6.9855,6.9598,6.9370,6.9173,6.9004,6.8867,6.8762,6.8689,6.8650,6.8644,6.8673,6.8737,6.8835,6.8969,6.9138,6.9343,6.9584,6.9861,7.0173,7.0520,7.0903,7.1320,7.1772,7.2258,7.2778,7.3331,7.3916,7.4534,7.5183,7.5863,7.6573,7.7313,7.8083,7.8880,7.9706,8.0558,8.1437,8.2340,8.3264,8.4197,8.5088,8.5800
45115.2083333,8.4800,13.2268,13.0664,13.2822,22.6982,11.6850,15.7328,11.5874,15.8884,11.0966,12.0110,12.3491,8.3120,13.5008,15.5689,15.0716,17.6522,16.6933,11.2425,11.1527,17.4771,11.6143,9.0290,12.7022,12.6220,21.9475,12.7923,10.1434,15.4252,10.9607,15.0060,14.2303,15.3347,14.6800,15.5840,13.4204,16.3526,17.0155,10.7031,16.5448,17.0976,14.0576,11.3466,12.1146,24.0477,19.0787,13.9083,12.6796,10.1985,7.8212,11.0193,13.1081,14.0762,13.6111,5.5672,13.1054,11.9717,12.1844,17.9085,13.2473,12.8936,11.1106,10.8435,11.3518,9.5367,10.7331,14.4281,14.8988,8.9514,9.5002,11.6118,12.3571,11.2360,9.0247,6.4952,12.7801,11.6533,12.4008,10.8792,13.6678,18.8608,17.3835,10.7322,7.9005,9.5871,8.4286,14.4525,10.9100,15.0805,8.3248,13.7999,17.7981,18.0307,16.7879,6.8070,9.7052,10.5994,9.2754,9.6908,8.2266,8.5422,14.2002,9.0767,9.3082,13.4331,14.4906,10.4114,12.6850,7.3198,16.4436,8.2755,7.2941,9.1376,6.7586,8.7678,5.5274,6.5765,10.7081,9.6313,9.8596,4.7079,9.7655,7.1012,10.7609,13.9990,17.2975,15.1703,17.3362,11.4178,5.1675,7.0139,7.5802,8.8080,10.2862,14.8318,12.8231,12.1168,15.6625,10.1230,10.8156,9.4787,12.0468,9.2962,9.5727,12.9157,6.4102,7.8729,14.7627,11.3018,9.6671,10.8212,9.5580,11.1460,12.4823,7.7347,11.0808,14.0051,10.2577,9.6244,9.8631,17.0548,13.1831,12.5378,14.1384,13.4095,9.6105,14.1911,9.9966,13.6253,12.0287,6.3052,8.2187,10.0279,12.6084,12.1166,10.8617,8.0949,8.8759,7.9178,12.8058,11.1229,8.3288,8.3320,10.7616,7.4278,10.3218,7.7481,7.7032,7.6590,7.6157,7.5732,7.5316,7.4913,7.4523,7.4148,7.3790,7.3449,7.3126,7.2820,7.2534,7.2267,7.2022,7.1798,7.1597,7.1418,7.1264,7.1134,7.1029,7.0950,7.0897,7.0871,7.0873,7.0903,7.0961,7.1049,7.1166,7.1312,7.1489,7.1696,7.1933,7.2201,7.2499,7.2828,7.3187,7.3577,7.3997,7.4447,7.4927,7.5437,7.5975,7.6543,7.7137,7.7757,7.8393,7.9008,7.9506
45115.2500000,7.8827,12.5787,12.2817,12.4383,21.6015,10.5914,14.6891,10.7588,15.0154,10.1119,11.0446,11.4456,7.4752,12.6755,14.9253,14.4702,17.1249,16.2171,10.5815,10.5788,17.0437,11.0866,8.4764,12.2579,12.1651,21.5609,12.2908,9.6386,15.1876,10.5994,15.1087,14.4798,15.7859,14.7728,15.6987,13.3680,16.3785,17.0692,10.5588,16.4118,16.9374,13.8036,11.1094,11.8798,23.6093,19.1623,13.8361,12.4361,10.0131,7.5672,10.7596,12.8903,13.8181,13.3037,5.2767,13.2656,12.0769,12.1219,17.5803,12.8953,12.4651,10.7224,10.6745,11.3320,9.3714,10.6371,14.3636,14.7607,8.8505,9.3697,11.4986,12.3507,11.1744,8.8553,6.1451,12.6746,11.5101,12.3308,10.8115,13.4082,18.0308,16.6058,10.0394,7.1917,8.9902,7.8418,13.9031,10.3758,14.5183,7.7379,13.2130,17.0989,17.2905,16.2054,6.3215,9.2610,10.1482,8.7202,9.1683,7.7185,8.0347,13.5950,8.5201,8.7058,12.6584,13.6610,9.6933,11.9288,6.8156,15.8876,7.7561,6.8289,8.5350,6.2350,8.1076,5.0327,6.0221,9.9346,8.9014,9.1060,4.2602,9.0238,6.4870,10.0041,13.2821,16.5936,14.3612,16.4047,10.5032,4.5943,6.3316,6.8879,8.0826,9.5346,14.0173,12.0330,11.3303,14.9224,9.2993,10.0317,8.7382,11.3088,8.5463,8.8070,12.1718,5.7766,7.1878,14.0797,10.5989,8.9374,10.1460,8.9186,10.6116,12.1963,7.1234,10.5023,13.5998,9.5897,8.9440,9.2358,16.7157,12.6905,11.9808,13.6581,12.7857,8.9109,13.7843,9.4901,13.6067,11.9768,5.9300,8.0113,10.0635,12.9243,12.4196,10.9515,8.0246,8.8900,7.8910,12.9288,11.1097,8.1859,8.1745,10.6302,7.1862,10.1758,7.5759,7.5649,7.5501,7.5317,7.5101,7.4856,7.4589,7.4302,7.4000,7.3688,7.3369,7.3046,7.2721,7.2398,7.2079,7.1765,7.1459,7.1163,7.0877,7.0603,7.0342,7.0095,6.9863,6.9647,6.9448,6.9267,6.9103,6.8959,6.8834,6.8729,6.8644,6.8581,6.8540,6.8521,6.8524,6.8551,6.8600,6.8674,6.8772,6.8895,6.9042,6.9214,6.9412,6.9635,6.9884,7.0158,7.0456,7.0774,7.1089,7.1335
45115.2916667,7.9390,12.5797,12.1364,12.1830,21.0912,10.0586,13.9579,9.7946,13.8759,8.9005,9.7220,10.0468,6.1252,11.1198,13.4285,12.9988,15.7096,14.8486,9.1454,9.2174,15.8337,9.8194,7.2833,11.1282,11.0652,20.5722,11.1566,8.4763,14.2389,9.5395,14.4515,13.9704,15.4979,14.2360,15.1943,12.7161,15.8126,16.4740,9.7027,15.6106,16.0423,12.8257,10.0632,10.8327,22.4396,18.2627,12.7974,11.3660,8.9923,6.5915,9.8052,11.9560,12.8709,12.3351,4.3827,12.5746,11.3858,11.3609,16.6791,11.9458,11.4415,9.6776,9.6974,10.4564,8.4365,9.7811,13.6453,14.0795,8.3603,8.9918,11.2099,12.1210,10.8492,8.3515,5.6405,12.2919,11.0210,11.8885,10.2948,12.7519,17.0050,15.5318,8.9673,6.0845,7.7819,6.5986,12.5619,8.9916,13.0297,6.3141,11.6531,15.4482,15.6156,14.5837,4.8827,7.7789,8.6857,7.3128,7.7470,6.3402,6.6757,12.1003,7.3552,7.5112,11.3192,12.2490,8.3641,10.5429,5.6362,14.6480,6.6259,5.8267,7.5317,5.3500,7.1178,4.2383,5.1283,8.8552,7.8420,8.0145,3.4251,7.9131,5.4847,8.8557,12.0819,15.3639,13.0413,14.9918,9.1021,3.5625,5.1705,5.7033,6.8656,8.2789,12.7005,10.7519,10.0804,13.6751,8.0272,8.7578,7.5301,10.1273,7.4063,7.6738,11.0252,4.8084,6.1575,13.0211,9.5293,7.8656,9.0733,7.8690,9.6496,11.4155,6.2808,9.6760,12.8875,8.7324,8.0148,8.2419,15.9398,11.7500,10.9867,12.7132,11.7715,7.8043,12.7748,8.3651,12.7241,11.0614,4.8924,7.0803,9.3218,12.4801,11.9824,10.4102,7.3469,8.2682,7.2271,12.4284,10.5440,7.4672,7.3816,9.8473,6.3081,9.2845,6.5693,6.5664,6.5592,6.5485,6.5350,6.5188,6.5016,6.4834,6.4647,6.4459,6.4271,6.4084,6.3896,6.3706,6.3512,6.3313,6.3105,6.2888,6.2661,6.2424,6.2177,6.1921,6.1658,6.1388,6.1099,6.0827,6.0554,6.0282,6.0014,5.9748,5.9487,5.9236,5.8991,5.8759,5.8548,5.8322,5.8116,5.7921,5.7738,5.7567,5.7413,5.7265,5.7130,5.7002,5.6854,5.6647,5.6473,5.6332,5.6195,5.6097
45115.3333333,6.4996,11.2784,10.9945,11.1012,20.0723,9.1608,13.0725,8.7597,12.9278,8.0416,8.8053,9.0931,5.2715,9.6831,11.9283,11.4336,13.9330,12.8394,7.1754,7.3073,14.0455,8.0381,5.6942,9.5297,9.4357,19.1196,9.5807,6.9163,12.8766,8.0845,13.2634,12.8243,14.3334,12.7274,13.8255,11.4332,14.7950,15.5018,8.5409,14.6225,14.9687,11.7566,8.8925,9.7084,21.3270,17.0945,11.5080,10.0795,7.6803,5.4305,8.5642,10.5502,11.3019,10.6614,2.9610,11.1565,10.0728,10.1050,15.4449,10.6845,10.1580,8.3552,8.3743,9.2218,7.2950,8.4992,12.2152,12.6442,7.2535,8.2504,10.6868,11.6851,10.3373,7.7046,5.1824,11.8994,10.5277,11.4827,9.7913,12.2074,16.3583,14.8005,8.1547,5.2866,6.7175,5.6139,11.5053,7.8989,11.8196,5.2663,10.3196,13.9819,14.0854,12.9483,3.4816,6.2253,7.1264,5.9384,6.2380,4.8611,5.1388,10.3452,5.6576,5.8303,9.3762,10.2772,6.5167,8.6528,4.0281,12.8754,5.0100,4.2707,6.0808,4.0470,5.7110,3.0641,3.7106,7.3604,6.4269,6.6484,2.3842,6.6111,4.1694,7.4579,10.5912,13.9134,11.5615,13.4954,7.6311,2.5090,3.9825,4.4332,5.4403,6.7507,10.8922,9.0220,8.4229,11.9548,6.4364,7.0292,5.9187,8.6028,5.9911,6.3040,9.6258,3.6675,4.9529,11.7761,8.2866,6.6457,7.8245,6.6370,8.4671,10.3086,5.3538,8.7462,12.0317,7.8127,7.0012,7.0784,15.1900,10.5450,9.8384,11.5657,10.7537,6.6002,11.5469,7.0606,11.3934,9.7493,3.5740,5.6994,7.9448,11.3676,10.8361,9.4724,6.0977,7.0911,6.0430,11.4020,9.7929,6.4546,6.2114,8.6877,4.9948,7.8714,4.7482,4.8330,4.9076,4.9745,5.0336,5.0840,5.1277,5.1638,5.1922,5.2145,5.2298,5.2393,5.2422,5.2403,5.2339,5.2230,5.2090,5.1923,5.1757,5.1523,5.1278,5.1015,5.0733,5.0440,5.0132,4.9812,4.9477,4.9134,4.8781,4.8415,4.8037,4.7646,4.7240,4.6822,4.6388,4.5936,4.5444,4.4770,4.3630,4.2685,4.1805,4.0953,4.0097,3.9247,3.8414,3.7606,3.6823,3.6077,3.5337,3.4789
45115.3750000,2.2039,6.9962,7.1067,7.3680,16.4430,5.8169,9.7894,5.5905,10.0266,5.4049,6.2758,6.7783,3.3448,6.9991,9.3587,9.0793,12.0449,10.1676,4.8581,4.4111,11.1527,4.9373,2.9504,6.8688,6.7470,16.4205,6.7704,4.3230,10.4939,5.7108,10.9837,10.5633,12.1137,9.5635,9.8673,7.0623,11.0354,12.6080,5.9090,12.2986,12.5151,9.5864,6.6677,7.6326,19.2774,15.0675,9.4272,8.0849,5.8155,3.8577,7.1786,8.1160,8.5560,7.1871,-0.0054,7.7988,6.6097,6.8839,11.9261,7.3832,7.5321,4.9589,5.0791,6.2196,4.9229,5.9032,10.0258,9.5082,3.9694,6.3803,9.0663,10.2301,9.0958,6.1821,4.1372,10.5503,9.1335,10.2069,8.2950,10.5105,14.6933,12.9707,6.1647,4.3161,4.3697,3.5344,9.3661,5.7766,9.3539,3.1308,7.3082,10.6531,11.1765,10.1852,0.3255,2.9308,3.9820,3.1768,3.2451,2.6451,2.0102,7.3023,1.8572,2.7314,5.8800,6.4511,2.0350,4.7704,0.4315,9.3290,1.6260,0.9596,2.8725,1.2086,3.2022,0.8332,0.6957,4.2184,3.5074,3.8010,0.1501,4.6656,1.8531,4.9767,7.9873,11.4490,9.0872,10.9354,5.1558,0.7169,2.1686,2.6103,3.5045,4.6930,8.0272,6.3259,5.8379,9.6787,4.0141,4.1033,3.2588,6.0196,3.5281,4.0156,7.3710,1.8628,3.1543,9.8092,6.2944,4.6662,5.7492,4.8149,6.8113,8.6822,4.1051,7.4370,10.7238,6.3661,5.5416,5.3339,14.7326,8.4708,8.0976,9.3348,8.6793,4.6798,8.8685,4.8825,8.6610,6.9987,1.0156,3.1432,5.1879,9.1893,8.1198,7.6691,3.6551,4.6841,3.6479,9.1945,8.4374,4.7710,4.3341,6.8878,3.1193,5.6828,1.6339,1.8139,1.9841,2.1404,2.2849,2.4157,2.5379,2.6496,2.7507,2.8415,2.9232,2.9958,3.0587,3.1124,3.1594,3.1963,3.2270,3.2486,3.2637,3.2706,3.2710,3.2646,3.2515,3.2322,3.2068,3.1756,3.1384,3.0947,3.0287,2.8260,2.6818,2.5136,2.3474,2.1872,2.0366,1.8862,1.7365,1.5878,1.4434,1.2997,1.1573,1.0175,0.8791,0.7424,0.6080,0.4767,0.3485,0.2249,0.1005,0.0078
45115.4166667,-6.6036,-2.0784,-1.2187,-0.5689,10.4950,-1.8875,2.0569,-1.1452,4.2329,-1.2461,-0.1689,0.7205,-1.8079,1.3226,4.0380,4.4075,8.9865,6.0254,2.2244,0.8709,7.9817,2.0820,0.3427,4.2148,3.9450,13.9704,2.1809,-0.2796,5.7040,0.3712,5.0658,5.6738,8.6163,6.0465,5.9959,2.3286,4.2101,4.7781,-1.2552,6.6075,5.2558,3.1100,0.5157,1.9260,15.8363,9.4128,3.3083,2.7316,1.3726,0.0886,5.0185,5.5731,5.7598,3.9952,-3.7652,3.3243,1.2150,2.4885,7.2364,0.3989,2.2601,-1.6290,-1.4009,0.0654,-0.0247,0.7201,6.5942,5.9770,-0.9468,2.8882,6.3413,6.4324,6.4420,3.2110,1.8953,9.4022,5.7139,8.6338,3.9124,5.8787,13.1181,10.2447,0.5535,0.7687,-1.4734,-1.7524,3.9694,0.5256,3.9598,-0.3597,3.3598,5.1521,5.6171,4.1417,-5.5927,-4.2842,-2.8119,-2.7193,-2.7117,-1.3567,-3.2581,3.5383,-4.0500,-1.6871,1.3574,1.4342,-3.5311,-1.7123,-5.6279,3.7945,-3.5092,-3.7974,-2.0477,-3.0656,0.1012,-1.8764,-3.4078,-0.3417,0.0105,-0.6859,-4.5759,0.3819,-2.9981,0.7771,1.9617,5.6835,3.3698,5.4404,-0.6497,-4.9004,-3.0523,-2.4928,-1.2077,0.3473,3.1688,0.8308,1.1500,6.4530,1.0355,-0.1405,-0.8638,2.2607,-0.0158,-0.4720,2.9556,-2.4121,-0.7116,5.6256,2.0891,-0.7287,1.3320,0.1268,2.7772,5.2299,1.2026,4.4949,9.3785,3.1425,3.5804,1.6122,12.9282,6.2548,5.6573,4.6897,5.6823,1.2447,4.6061,1.8225,4.8220,3.1753,-2.3627,-0.4848,0.8421,5.6699,4.4268,4.6259,-0.5443,1.5274,-0.6729,6.6238,5.6532,1.8481,1.3515,4.1489,0.5233,2.6718,-2.7169,-2.4170,-2.1249,-1.8446,-1.5764,-1.3252,-1.0854,-0.8613,-0.6538,-0.4630,-0.2882,-0.1291,0.0145,0.1433,0.2597,0.3619,0.4520,0.5106,0.3663,0.2483,0.0820,-0.0495,-0.1774,-0.3079,-0.4265,-0.5638,-0.6899,-0.8188,-0.9505,-1.0849,-1.2135,-1.3462,-1.4826,-1.6223,-1.7602,-1.9022,-2.0475,-2.1957,-2.3442,-2.4952,-2.6479,-2.8012,-2.9557,-3.1109,-3.2660,-3.4203,-3.5733,-3.7230,-3.8767,-3.9897
45115.4583333,-15.4122,-12.3907,-10.7588,-10.1495,2.7161,-12.1770,-8.6141,-10.3971,-2.8853,-9.7315,-9.8420,-9.4731,-10.4841,-8.5227,-6.8525,-5.3053,2.5640,-1.1077,-1.8272,-3.9666,1.8037,-4.2299,-5.0986,-0.7692,-0.2998,12.1783,-2.4886,-5.1106,2.8227,-3.5238,1.8452,0.6593,5.0329,2.9887,2.4632,-2.2529,-0.7790,-3.2683,-10.3929,-0.6651,-3.2619,-7.7999,-10.0825,-8.1439,10.0896,1.9510,-5.0348,-4.9361,-5.6083,-5.7122,1.5190,2.3469,2.3372,1.4883,-6.2450,-0.3678,-3.9286,-0.0533,3.9595,-6.2439,-2.9093,-8.3974,-8.3718,-6.6981,-4.4928,-4.9161,0.8606,0.1475,-6.5812,-1.7729,4.3209,2.7815,3.9157,-0.9841,-1.4682,7.5307,0.8330,6.5595,-1.2362,1.1250,12.6601,8.3516,-4.0608,-2.5757,-6.7835,-6.0437,-1.6220,-6.3376,0.3868,-4.4073,-1.0159,0.9297,1.2419,-0.9823,-9.8228,-10.7483,-9.6625,-8.6422,-9.1974,-6.0002,-9.2379,-2.5457,-12.4418,-8.7924,-5.4676,-5.2502,-9.7513,-9.6753,-13.1359,-2.9465,-8.8960,-8.3708,-7.3847,-8.9288,-4.4501,-5.7822,-9.0835,-6.7626,-4.8873,-5.3315,-9.2289,-3.9377,-8.4459,-4.2773,-5.8059,0.0145,-2.3605,0.3039,-5.8842,-10.1003,-7.9724,-7.4801,-5.5623,-3.2289,-0.2139,-5.5384,-6.6005,-0.0068,-3.7533,-4.3809,-6.9948,-2.8704,-4.8050,-6.5632,-1.8962,-7.4723,-4.9939,2.7968,-1.2158,-4.7952,-1.8693,-4.6881,-3.1868,0.0477,-3.0203,0.3155,5.8178,-1.5044,-0.4344,-3.4895,10.1297,3.7158,2.4246,-0.0060,1.8553,-2.0256,1.8261,-1.7139,0.2997,-1.1304,-5.9163,-4.2325,-4.0783,1.8276,0.5353,1.7105,-4.7583,-1.3675,-4.9083,4.7583,3.3798,-0.5307,-1.1305,1.8002,-1.7114,-0.6076,-7.5493,-8.0080,-8.3538,-8.5741,-8.6672,-8.6503,-8.5383,-8.3629,-8.1508,-7.7748,-7.4149,-7.0935,-6.8256,-6.5922,-6.4382,-6.3103,-6.2191,-6.1562,-6.1123,-6.0664,-6.0477,-6.0235,-6.0087,-6.0025,-5.9936,-6.0043,-6.0138,-6.0321,-6.0588,-6.0937,-6.1306,-6.1762,-6.2302,-6.2919,-6.3577,-6.4313,-6.5121,-6.5998,-6.6921,-6.7905,-6.8944,-7.0027,-7.1159,-7.2333,-7.3543,-7.4782,-7.6044,-7.7312,-7.8681,-7.9677
45115.5000000,-21.7521,-20.7409,-16.9864,-13.8553,-1.3628,-16.0646,-15.3175,-19.3643,-10.0739,-14.0429,-14.1166,-16.1913,-16.5855,-15.4941,-14.7445,-16.6236,-8.4776,-12.9444,-13.3675,-15.2493,-6.2368,-13.0767,-12.8212,-9.4639,-7.1428,8.1201,-4.6728,-9.4874,-0.2509,-8.1706,-1.2877,-3.9405,1.5536,0.6138,3.0167,-0.7061,1.8515,-0.8142,-10.6979,-0.4134,-3.1857,-10.2379,-15.3367,-14.6865,6.0697,-4.5533,-12.6005,-12.5646,-14.7928,-14.9416,-8.0413,-4.7896,-2.7519,-3.8095,-10.4003,-6.1445,-7.7307,0.1421,5.8568,-3.2982,-1.0468,-8.3147,-12.5105,-12.6128,-10.9023,-10.9674,-2.2693,-1.9656,-11.9901,-7.2764,-0.8947,-2.8055,-1.2778,-4.1335,-3.6565,7.2739,1.1768,7.8153,-2.6790,-0.0725,16.1451,11.4869,-0.3463,-1.5408,-8.7689,-8.6264,-2.0331,-8.8297,-0.3925,-4.7298,-1.2102,1.3498,1.6777,-1.7809,-11.0390,-14.2721,-13.5317,-10.5599,-13.7968,-11.0582,-12.4767,-6.4033,-15.6406,-12.0516,-8.5315,-8.1461,-12.1002,-12.6966,-17.7308,-9.5427,-15.5767,-15.1642,-11.4269,-13.4388,-8.4082,-8.3488,-13.1120,-8.7565,-6.7358,-7.0453,-11.7516,-7.2350,-10.6303,-7.6938,-8.6134,-4.5020,-6.6355,-2.9138,-8.5689,-11.0394,-10.1478,-11.4269,-11.3921,-9.6981,-5.2614,-8.5329,-8.7938,-3.3203,-8.1207,-8.1601,-9.8419,-5.8284,-7.2234,-8.5330,-4.5869,-10.4525,-8.3299,-0.0555,-6.4592,-8.9810,-6.9761,-8.6197,-6.5575,-4.9658,-6.0917,-0.3971,4.4873,-0.8709,-2.4889,-5.1855,8.4180,1.9535,-0.0622,-2.3621,0.0980,-2.2352,0.5699,-3.4789,-3.0318,-4.6955,-8.5412,-7.8571,-8.5862,-2.2439,-2.8877,-0.5432,-7.5205,-3.2003,-6.5123,3.9138,3.0207,-0.3514,-0.6341,2.7349,-0.1815,0.5332,-5.3160,-5.8122,-6.3078,-6.8029,-7.2958,-7.7901,-8.2727,-8.7444,-9.1979,-9.5173,-9.8045,-10.0540,-10.2605,-10.4024,-10.5104,-10.5515,-10.5412,-10.4829,-10.3796,-10.2261,-10.0521,-9.8439,-9.6209,-9.3911,-9.1544,-8.9331,-8.7184,-8.5212,-8.3444,-8.1893,-8.0523,-7.9378,-7.8448,-7.7716,-7.7144,-7.6744,-7.6500,-7.6396,-7.6408,-7.6537,-7.6773,-7.7102,-7.7524,-7.8030,-7.8613,-7.9265,-7.9979,-8.0731,-8.1628,-8.2108
45115.5416667,-27.1760,-28.3719,-25.2213,-23.0020,-12.8902,-25.0912,-25.7241,-28.7461,-19.5911,-21.0945,-21.1490,-22.7223,-21.3736,-20.9340,-20.8249,-22.4591,-16.0203,-20.1996,-19.7232,-21.7975,-14.9523,-22.0840,-19.9601,-19.6333,-16.0537,-2.6995,-14.1353,-16.9848,-7.2137,-14.0142,-5.2934,-7.4496,-1.5224,-1.1104,0.1961,-3.6810,-0.9053,-2.8576,-11.9127,-1.0319,-3.9071,-9.9012,-16.0645,-14.9729,5.9290,-7.6782,-15.1738,-15.0310,-18.1890,-18.0381,-11.9205,-11.1925,-10.3218,-11.2126,-16.4205,-14.7665,-14.6863,-5.4190,1.3587,-7.5615,-5.6836,-11.4100,-16.1611,-14.7614,-11.4946,-11.1179,-5.0014,-5.8218,-16.3543,-11.3505,-5.4032,-8.3476,-9.2646,-11.0450,-9.0604,1.7732,-3.5370,3.1187,-6.5695,-4.4283,14.7743,9.0775,-2.5029,-3.9721,-12.5082,-10.4058,-3.7965,-11.2807,-2.8446,-6.8612,-3.5561,-0.7678,-0.2969,-3.9742,-11.3436,-13.9868,-13.5736,-9.2007,-13.9613,-12.2297,-13.7482,-9.8665,-18.5779,-16.0361,-13.4971,-13.5542,-16.9471,-17.4979,-21.3601,-14.8934,-18.8607,-18.2419,-14.3356,-15.8262,-13.0390,-12.3458,-18.0314,-13.5163,-12.6561,-11.6750,-14.6977,-11.6375,-13.9712,-11.8292,-12.5800,-8.1646,-10.0363,-6.1580,-11.2816,-11.8828,-11.3574,-11.6577,-12.8031,-11.7556,-7.0978,-11.5765,-11.9343,-6.9665,-10.9388,-11.5439,-12.6911,-9.3473,-10.3053,-11.1768,-8.0571,-12.0840,-10.8297,-3.2437,-10.9055,-12.1261,-10.0801,-12.5892,-11.1972,-10.4444,-9.3928,-3.3072,-0.1752,-4.3117,-6.0975,-9.5025,3.6569,-2.8339,-4.5144,-6.0799,-3.0117,-5.9482,-3.7493,-7.5335,-7.3206,-8.0406,-9.7318,-9.7723,-10.7910,-5.8395,-6.8585,-4.1514,-10.6881,-7.1347,-9.6303,0.1306,-0.9173,-4.1437,-4.4117,-0.9485,-3.5904,-2.9722,-7.8350,-7.9470,-8.0514,-8.1517,-8.2515,-8.3621,-8.4766,-8.6056,-8.7516,-8.8397,-8.9476,-9.0755,-9.2222,-9.3734,-9.5496,-9.7248,-9.9058,-10.0891,-10.2701,-10.4372,-10.6028,-10.7484,-10.8788,-10.9912,-11.0779,-11.1482,-11.1908,-11.2097,-11.2048,-11.1768,-11.1237,-11.0507,-10.9602,-10.8547,-10.7357,-10.6085,-10.4763,-10.3424,-10.2092,-10.0803,-9.9583,-9.8448,-9.7420,-9.6509,-9.5724,-9.5067,-9.4539,-9.4138,-9.4064,-9.3905
45115.5833333,-31.1430,-29.4447,-27.1348,-23.2366,-14.2390,-24.5219,-27.9824,-31.1363,-24.8531,-24.8120,-26.3580,-29.5663,-28.3123,-29.0975,-29.7629,-31.1364,-25.4971,-28.5110,-26.3833,-28.3512,-21.9396,-30.1668,-24.3943,-29.2928,-23.2672,-10.6460,-23.7642,-25.2988,-15.0174,-22.7736,-15.9467,-17.0898,-9.7670,-4.5854,-2.3243,-6.0331,-2.8259,-5.0615,-16.3082,-3.5684,-6.0857,-11.2488,-20.4837,-20.2781,3.1041,-12.3464,-18.1269,-16.5491,-20.7169,-21.0533,-14.5219,-14.7754,-14.0304,-14.1319,-19.0472,-22.7810,-22.5460,-14.1398,-2.9679,-11.1889,-9.6104,-14.4956,-22.4760,-21.9782,-18.2109,-13.5084,-8.7926,-9.8597,-22.0542,-15.5303,-8.3332,-9.7987,-10.1670,-16.4835,-13.4782,-3.8363,-9.2500,-6.1648,-14.4919,-11.5037,11.8618,5.8067,-5.1180,-6.6992,-18.3552,-13.4108,-7.2794,-13.8099,-6.4917,-10.4625,-7.6638,-4.7652,-4.4813,-9.2026,-15.5056,-17.9339,-17.3975,-10.4027,-16.4755,-15.2582,-16.6076,-13.8654,-20.6392,-18.3699,-16.2778,-16.6701,-19.8014,-21.0766,-25.4529,-21.7642,-24.3528,-23.4124,-17.9103,-18.3097,-16.4615,-14.5949,-22.6116,-17.2917,-19.6105,-14.7773,-16.6958,-14.9884,-16.8764,-16.1989,-20.5446,-14.2744,-15.2903,-10.3085,-14.7991,-13.8536,-16.0192,-14.6865,-17.1690,-16.4595,-8.9521,-13.8283,-16.9866,-9.9887,-12.4058,-13.3073,-14.1697,-10.7100,-10.8159,-12.0827,-10.2422,-13.3630,-12.6788,-4.9449,-15.6379,-16.2508,-13.2598,-16.5869,-15.4742,-16.4816,-13.2876,-5.9623,-3.6804,-5.9358,-7.6055,-12.2703,1.0321,-5.2340,-6.4954,-7.2707,-2.9712,-6.5194,-5.6972,-10.4313,-12.2417,-13.4764,-13.7978,-14.5233,-15.3426,-10.9168,-11.6451,-7.5257,-12.4645,-10.0930,-11.9570,-2.3298,-3.4688,-6.4792,-6.8277,-3.3846,-5.6083,-5.8139,-10.0798,-10.3097,-10.5336,-10.7500,-10.9567,-11.1586,-11.3427,-11.5139,-11.6707,-11.7584,-11.8309,-11.8895,-11.9356,-11.9623,-11.9883,-12.0000,-12.0072,-12.0126,-12.0178,-12.0194,-12.0305,-12.0419,-12.0603,-12.0864,-12.1169,-12.1594,-12.2064,-12.2606,-12.3206,-12.3851,-12.4503,-12.5166,-12.5822,-12.6451,-12.7022,-12.7532,-12.7964,-12.8305,-12.8538,-12.8662,-12.8670,-12.8558,-12.8332,-12.7994,-12.7552,-12.7015,-12.6398,-12.5723,-12.5232,-12.4639
45115.6250000,-31.7498,-27.4813,-24.2174,-24.4333,-11.2522,-18.9855,-24.1774,-30.3212,-22.1725,-19.8755,-21.5098,-25.1119,-23.5093,-26.3718,-28.0847,-30.1035,-27.7989,-31.7402,-28.7873,-31.5692,-26.6325,-35.2124,-27.5181,-30.8567,-27.2183,-14.3066,-29.0617,-29.2163,-19.6728,-26.4892,-23.3361,-24.7651,-18.4356,-9.8642,-5.0408,-6.0391,-1.7485,-4.2491,-16.8376,-2.3715,-4.3642,-8.0211,-19.0146,-16.7273,3.6976,-14.7947,-19.4976,-16.4814,-21.2610,-17.8469,-14.1342,-15.9556,-15.5312,-14.8547,-18.9223,-27.1309,-26.5886,-19.4338,-4.4857,-11.9113,-10.5499,-14.6696,-25.1633,-25.5260,-21.6512,-17.4966,-9.8644,-9.1451,-25.1893,-18.5145,-9.7160,-11.1717,-11.1759,-15.2479,-7.4429,-1.8110,-6.6262,-7.5754,-15.2371,-6.6224,14.3934,7.3394,-3.5004,-5.3470,-14.9932,-12.3807,-7.6794,-13.7313,-7.6221,-11.1820,-8.7044,-5.2380,-4.4038,-9.0954,-15.1783,-15.2703,-13.2649,-4.5317,-12.1204,-12.1781,-14.1191,-13.0891,-18.2817,-16.4998,-14.4649,-15.4731,-18.5270,-20.2542,-24.8343,-24.3174,-25.6521,-25.0434,-18.9799,-18.3278,-17.7111,-14.9344,-21.3067,-18.5879,-24.0080,-20.3737,-17.6784,-16.6199,-17.1450,-17.2841,-21.0593,-17.7967,-18.9288,-13.4866,-17.2920,-16.0551,-16.8247,-18.3452,-20.5602,-20.1914,-10.6241,-15.5898,-18.1327,-12.7225,-13.7798,-14.8495,-14.4733,-13.6716,-12.7842,-11.1046,-8.8416,-12.0709,-11.9018,-2.1240,-14.3521,-14.1062,-11.0787,-14.5052,-15.2555,-19.1251,-12.2938,-6.2912,-5.3845,-6.4437,-8.0304,-13.6387,-0.2020,-8.0516,-6.1721,-6.1413,-0.8253,-4.7609,-4.9025,-12.4164,-12.9949,-14.1010,-12.9148,-14.8155,-16.4594,-13.3685,-14.2670,-9.1721,-12.8301,-11.4136,-12.6997,-3.4064,-4.3826,-6.9351,-7.1838,-3.7226,-5.3705,-6.0315,-9.5501,-9.6696,-9.7933,-9.9220,-10.0556,-10.2002,-10.3439,-10.4917,-10.6421,-10.7553,-10.8680,-10.9792,-11.0879,-11.1871,-11.2875,-11.3771,-11.4604,-11.5369,-11.6058,-11.6625,-11.7150,-11.7555,-11.7880,-11.8129,-11.8278,-11.8391,-11.8426,-11.8416,-11.8371,-11.8304,-11.8209,-11.8115,-11.8031,-11.7966,-11.7919,-11.7905,-11.7930,-11.7993,-11.8093,-11.8232,-11.8405,-11.8607,-11.8833,-11.9074,-11.9323,-11.9569,-11.9802,-12.0012,-12.0370,-12.0411
45115.6666667,-28.8858,-27.8980,-24.6271,-24.6506,-7.3749,-16.4384,-16.9032,-24.3050,-16.8901,-13.3010,-13.5695,-15.3678,-12.2252,-15.8637,-19.2511,-19.6255,-16.4202,-20.3669,-17.3357,-22.8298,-19.0397,-27.6285,-22.0410,-25.6033,-26.1989,-14.3954,-30.0621,-29.7032,-24.1906,-27.9562,-28.0940,-29.5320,-23.8008,-15.0894,-10.4602,-8.7458,-3.9591,-4.0663,-14.1977,1.8311,4.9792,-0.0448,-7.5103,-3.4988,14.6577,-7.9796,-12.8245,-9.6529,-15.8281,-12.6001,-8.5915,-10.9498,-11.4558,-10.5501,-13.3777,-26.6017,-26.6388,-20.6868,-3.3506,-9.6174,-7.1546,-11.3273,-22.0925,-24.1261,-21.1631,-19.7864,-14.8190,-10.7022,-25.1472,-18.0309,-10.2215,-12.2642,-12.7511,-13.7877,-5.8662,-1.8081,-3.2913,-5.5840,-11.4284,1.4992,21.7185,15.4204,2.2442,1.5914,-2.4768,-3.2039,3.9216,-1.9148,3.5867,-0.5883,1.1678,5.1304,4.5373,-2.1022,-10.3350,-12.3158,-10.7572,-1.6483,-7.2373,-4.1954,-6.2497,-3.0937,-9.4034,-9.5936,-6.3510,-7.2396,-11.9203,-12.0435,-17.4400,-20.3726,-21.4468,-21.2336,-16.8026,-15.2984,-13.2100,-11.5795,-16.7145,-13.4028,-19.9118,-17.9232,-14.2011,-14.1927,-16.1656,-17.1084,-18.7473,-15.7350,-17.1010,-11.9115,-15.4409,-14.1909,-15.9993,-17.4504,-21.1546,-21.8194,-11.8325,-16.7319,-18.4407,-14.2616,-15.3891,-16.8819,-15.3242,-15.1339,-13.9026,-10.2720,-7.6700,-10.2475,-11.2593,-1.0496,-14.3105,-13.6004,-11.8011,-12.6158,-12.3852,-16.4517,-8.6999,-5.1157,-2.2324,-2.8125,-3.6566,-9.5677,3.7980,-5.6837,-2.2691,-1.6344,4.2574,-1.8505,-0.9195,-10.4640,-10.8896,-12.7632,-9.6441,-12.2535,-13.7590,-11.4478,-12.6508,-7.0914,-9.8884,-10.1867,-11.3425,-0.7357,-1.6495,-3.9543,-4.2046,-0.8656,-2.2823,-3.2720,-6.4077,-6.6098,-6.8276,-7.0540,-7.2820,-7.5115,-7.7259,-7.9275,-8.1135,-8.2561,-8.3823,-8.4936,-8.5921,-8.6757,-8.7551,-8.8246,-8.8895,-8.9517,-9.0117,-9.0676,-9.1253,-9.1796,-9.2332,-9.2858,-9.3352,-9.3849,-9.4309,-9.4746,-9.5156,-9.5534,-9.5866,-9.6163,-9.6421,-9.6640,-9.6812,-9.6947,-9.7044,-9.7106,-9.7133,-9.7132,-9.7107,-9.7062,-9.7003,-9.6935,-9.6863,-9.6792,-9.6723,-9.6657,-9.6772,-9.6622
45115.7083333,-21.4057,-23.3520,-20.4582,-20.6569,-5.1116,-11.7757,-13.2938,-19.2792,-10.7903,-8.9417,-9.9092,-11.7506,-8.7344,-12.5601,-15.5733,-14.7081,-10.7435,-12.2384,-7.5057,-10.6909,-8.3725,-14.0460,-8.6027,-12.8570,-13.9080,-2.1012,-17.9782,-18.0986,-18.1833,-21.7801,-25.4248,-28.9461,-26.1755,-18.1955,-13.8011,-12.1769,-4.9696,-4.6380,-15.0244,-2.1715,0.6029,-2.8154,-8.1312,-3.4246,19.8462,0.5136,-4.1214,1.4201,-5.5367,-2.3150,0.1770,0.1840,-0.1507,-1.7752,-2.8496,-17.9958,-18.8892,-14.2850,3.3975,-4.7178,-3.0719,-6.6938,-15.7523,-18.1511,-13.0144,-14.6065,-10.7942,-8.4294,-23.6763,-18.0635,-11.8757,-10.4681,-12.6878,-13.7865,-6.2861,-1.0624,-3.5284,-5.1014,-8.2962,6.5261,26.0373,20.0823,4.8560,3.9839,3.7971,0.7962,10.6115,5.6826,11.5695,4.9591,7.2864,15.2362,15.8348,9.2880,0.5681,-1.6909,-0.8709,6.5482,1.4329,3.2056,1.2735,6.0510,-1.7178,0.2798,3.4214,3.1708,-3.4695,-2.1717,-7.7793,-11.6274,-12.3087,-13.4732,-11.0352,-9.3104,-8.6289,-6.3906,-11.1577,-9.6781,-14.8598,-13.5735,-9.0278,-8.9414,-11.4555,-11.8936,-15.4878,-12.1610,-13.0622,-7.6472,-10.4448,-9.0640,-11.8174,-12.3696,-16.9890,-18.6072,-9.4331,-14.1645,-15.5542,-12.6663,-12.8968,-14.9776,-15.5508,-15.2554,-14.4804,-10.7583,-10.5272,-10.8687,-11.6019,-2.0917,-13.3561,-12.0694,-10.9208,-11.1971,-11.2003,-14.1335,-5.0001,-1.3313,0.9682,-0.7745,-1.1130,-4.5867,8.5420,0.1695,3.4284,4.7059,10.3947,1.4834,4.4481,-5.5235,-6.4205,-8.3470,-5.8986,-7.9361,-10.6249,-7.8182,-8.6300,-2.8312,-4.8938,-5.3101,-7.5384,3.3081,2.6539,0.5581,0.4174,3.8181,2.4351,1.7715,-1.0943,-1.1926,-1.2980,-1.4090,-1.5239,-1.6482,-1.7692,-1.8926,-2.0179,-2.1261,-2.2360,-2.3481,-2.4626,-2.5764,-2.6950,-2.8124,-2.9301,-3.0472,-3.1623,-3.2723,-3.3799,-3.4803,-3.5748,-3.6628,-3.7429,-3.8177,-3.8852,-3.9470,-4.0036,-4.0556,-4.1030,-4.1471,-4.1886,-4.2278,-4.2645,-4.2997,-4.3334,-4.3657,-4.3963,-4.4255,-4.4531,-4.4789,-4.5030,-4.5251,-4.5452,-4.5631,-4.5786,-4.5908,-4.6160,-4.6037
45115.7500000,-14.1977,-17.8497,-15.5738,-16.1383,-3.6354,-8.5729,-10.6458,-14.9536,-7.7299,-5.5399,-6.4055,-7.8240,-4.8463,-8.4438,-11.3947,-10.8758,-7.9235,-9.1415,-4.8112,-7.0742,-5.3914,-9.2606,-4.2130,-7.5118,-7.7602,4.4702,-8.5871,-7.7550,-8.6674,-10.7706,-16.2047,-20.5223,-20.4504,-14.4094,-12.0040,-11.4090,-5.5051,-3.9216,-12.6868,-2.0379,0.0996,-2.8327,-7.3085,-3.3827,20.9409,3.3510,-0.3715,5.8070,0.0039,2.7947,5.2834,6.7543,8.0851,5.9765,4.3989,-7.9432,-8.5841,-4.8685,10.4675,2.8891,3.9921,0.5913,-7.4061,-10.0801,-5.3402,-7.3051,-3.6909,-2.8441,-18.2826,-15.4219,-11.4937,-10.5489,-12.3754,-12.6560,-5.7697,-2.1604,-4.0054,-4.8546,-6.9941,8.3646,25.8070,21.0047,6.8263,5.8061,6.8492,4.2816,14.9820,10.8966,16.9540,10.0563,13.3152,22.7448,22.7395,16.6396,7.7252,6.5294,7.3324,13.1214,9.0909,10.0291,8.6561,14.6311,5.8196,7.8844,10.7778,11.7064,5.3370,7.4452,1.9452,-1.2807,-2.0970,-3.7704,-2.4795,-1.2385,-1.3783,0.4552,-3.8730,-3.7119,-8.1808,-7.7333,-3.8871,-4.0221,-6.6767,-7.2269,-10.4129,-6.9803,-6.9247,-1.2064,-3.8756,-2.3842,-4.9594,-5.4683,-9.5978,-11.9018,-4.7024,-9.2395,-10.4710,-8.5719,-8.0968,-10.4627,-10.7713,-11.4849,-10.4815,-7.5522,-8.9786,-8.1050,-9.6412,-3.5595,-12.4165,-11.3153,-11.1218,-10.9628,-11.2012,-13.6735,-4.5162,-2.4532,-0.4070,-1.5097,-1.0733,-2.6873,10.2837,2.2030,5.4663,7.7411,12.9426,4.5732,9.2277,0.1483,-0.4052,-1.8703,-0.2407,-1.6962,-4.6665,-2.6629,-3.1852,2.2809,0.3220,-0.1106,-2.5001,7.0286,7.1615,4.9425,4.8431,8.3061,6.5309,6.7667,3.7353,4.0411,4.3253,4.5849,4.7884,4.9232,4.9955,4.9698,4.8545,4.6433,4.3218,3.9927,3.7797,3.6367,3.5299,3.4446,3.3684,3.2951,3.2221,3.1493,3.0737,2.9977,2.9203,2.8417,2.7631,2.6828,2.6030,2.5230,2.4433,2.3641,2.2866,2.2105,2.1361,2.0641,1.9949,1.9286,1.8655,1.8057,1.7494,1.6965,1.6470,1.6008,1.5576,1.5173,1.4798,1.4447,1.4123,1.3831,1.3406,1.3373
45115.7916667,-6.1433,-10.4934,-8.9639,-9.9110,-0.0661,-4.0992,-6.7744,-10.1854,-5.0011,-3.0150,-4.0535,-5.4808,-2.9963,-5.9094,-8.6990,-8.1810,-5.7709,-6.5871,-2.6518,-4.4926,-3.5192,-6.4734,-2.4847,-5.4073,-5.6263,5.0195,-6.0269,-4.9118,-5.5953,-6.1888,-10.5563,-13.9585,-13.8954,-8.2478,-6.5160,-6.2855,-2.0775,-0.3891,-8.0848,0.1191,1.3209,-1.4745,-5.4174,-2.3781,20.7236,3.9423,0.6350,6.1731,1.4626,3.5742,6.1995,8.1661,10.8366,8.9260,6.0768,-2.4221,-2.5819,0.8711,14.5589,7.7276,8.7298,5.8169,-0.6812,-3.1064,0.9445,-0.9260,2.8015,2.8970,-11.7319,-10.6082,-8.4608,-8.4445,-10.3004,-10.7326,-4.6972,-2.8786,-4.5917,-5.2325,-7.0053,6.3881,22.3898,18.1556,5.2995,4.1929,5.3832,3.4105,13.5836,9.7712,15.9798,8.9920,13.4274,22.8426,23.3880,18.4024,9.1454,9.5892,10.7283,15.1222,12.2818,12.6740,12.0074,19.2656,11.0675,12.9956,16.1218,17.1002,11.1338,13.9933,8.6005,7.5280,6.0666,4.2759,5.2229,5.7271,5.6137,6.5089,3.2063,3.2090,-0.6309,-0.6443,1.7335,1.4923,-0.7347,-1.7355,-4.8180,-2.4842,-2.4693,3.2405,0.4619,1.3862,-0.3818,-0.9014,-3.9835,-5.8761,0.2162,-3.1426,-3.9710,-2.7233,-2.2474,-5.0566,-5.5910,-6.9766,-6.1307,-3.8829,-5.9714,-4.5025,-6.1604,-2.5280,-9.3939,-8.3458,-8.8929,-9.0249,-10.1350,-12.9620,-4.7073,-3.6269,-2.1712,-2.8390,-2.1157,-3.3071,8.2134,1.2074,4.1692,6.3841,10.7505,3.6726,8.8344,1.3249,1.5815,1.1900,2.0707,1.9149,-0.0371,1.9571,1.7013,6.8104,4.8130,4.7572,2.6644,10.9997,11.5811,9.1237,9.0981,12.6821,10.2349,11.2625,7.4881,7.5598,7.6458,7.7543,7.8763,8.0088,8.1675,8.3338,8.5175,8.7131,8.9194,9.1210,9.3208,9.5116,9.6835,9.8337,9.9549,10.0394,10.0820,10.0794,10.0265,9.9234,9.7725,9.5701,9.3247,9.0436,8.7275,8.4419,8.2020,8.0044,7.8428,7.7098,7.5987,7.5039,7.4209,7.3459,7.2763,7.2104,7.1470,7.0853,7.0248,6.9654,6.9071,6.8498,6.7938,6.7393,6.6866,6.6372,6.5769,6.5586
45115.8333333,2.2739,-1.8858,-1.0796,-2.3405,5.4938,1.6577,-1.2415,-4.2562,-0.6184,0.8597,-0.3251,-1.8624,-0.0978,-2.5277,-5.4336,-5.3428,-3.7880,-4.7048,-1.3776,-2.8943,-2.3863,-4.5921,-1.4205,-3.8683,-4.0369,5.0002,-4.4082,-3.4004,-4.3158,-4.4778,-8.4434,-11.2222,-11.0360,-5.4612,-3.7059,-3.0520,0.7152,2.4063,-3.7427,3.1925,4.1093,1.5863,-1.8309,0.4437,20.9083,5.2836,1.9579,6.4587,2.2749,3.6254,6.0613,7.9371,10.4417,8.9176,5.0814,-0.3019,-0.1006,3.0423,15.5161,9.3551,10.3540,7.8966,2.7338,0.8623,4.2394,2.9569,6.9396,7.3135,-5.3193,-5.0890,-4.0479,-4.6498,-6.5658,-7.3036,-2.2876,-1.7925,-3.5695,-4.4004,-6.0398,5.2869,19.5495,15.6776,4.0237,2.8544,3.8862,2.2247,11.3326,7.6230,13.5064,6.6058,11.3905,20.2684,21.0105,16.7629,7.1949,8.5845,9.9013,13.1043,11.2367,11.2398,11.1476,18.9967,13.0428,14.7738,18.5490,19.7356,14.1093,17.1450,11.7842,13.2946,11.2840,9.8879,11.0306,10.7340,11.1195,10.6900,8.6605,9.2840,5.9784,5.7804,6.3347,6.9101,4.6775,3.8439,0.9106,2.4765,2.1436,6.8336,3.9914,3.8754,2.8923,2.4515,0.1807,-1.4016,3.2813,0.4866,0.1041,1.4900,2.0014,-0.1263,-0.5084,-1.7587,-1.0691,0.4815,-1.5683,-0.3586,-1.9091,0.1878,-5.3116,-4.5345,-5.5633,-5.9675,-7.6299,-10.7207,-3.5463,-3.2892,-2.4768,-2.8366,-2.0231,-3.1288,6.2885,0.3233,2.7313,4.6984,8.1973,2.2486,7.0030,0.8392,1.5069,1.4878,1.7800,2.6390,1.6932,3.8828,3.9701,8.2279,6.1568,6.5170,4.9720,12.7731,13.2315,10.6026,10.7877,14.6330,11.5930,13.7201,9.9001,10.0103,10.1163,10.2235,10.3239,10.4169,10.5168,10.6105,10.7074,10.8064,10.9104,11.0126,11.1198,11.2315,11.3464,11.4659,11.5898,11.7181,11.8503,11.9863,12.1236,12.2619,12.4006,12.5336,12.6606,12.7796,12.8868,12.9776,13.0519,13.1054,13.1344,13.1389,13.1164,13.0665,12.9899,12.8879,12.7613,12.6117,12.4469,12.2717,12.0933,11.9189,11.7534,11.5990,11.4573,11.3288,11.2141,11.1086,11.0051,10.9527
45115.8750000,10.2811,7.3360,7.6833,6.4210,13.2685,9.0429,6.5372,3.1915,5.8611,6.5635,5.3829,3.7849,4.5578,2.7788,-0.1345,-0.5630,0.1639,-1.0726,1.3751,-0.1800,-0.1027,-1.9190,0.3355,-1.8163,-2.0800,5.5923,-2.4442,-1.6653,-2.7780,-2.7719,-6.5506,-8.9724,-9.0454,-3.9709,-2.3827,-1.6015,1.8402,3.6363,-1.3407,5.0277,6.1016,4.0041,1.2103,3.1354,21.7082,7.6617,4.3991,7.9794,4.1700,4.8449,7.1004,8.8159,10.9562,9.5938,5.0543,1.6798,1.7339,4.3646,15.6119,9.9362,10.8218,8.6687,4.6021,3.1780,5.7952,5.0360,9.0552,9.8957,-0.3571,-0.1944,0.5441,-0.1079,-1.8688,-2.8077,1.0545,1.1659,-0.5500,-1.4565,-2.8851,6.7618,19.4029,15.9482,5.4331,4.2047,5.0977,3.5618,11.5329,7.8743,13.2174,6.4320,11.0897,19.1611,19.7747,15.9370,6.2420,7.9045,9.1134,11.3018,10.0586,9.6862,9.7923,17.5704,13.6130,15.1389,19.4383,20.8311,15.4342,18.6551,12.9805,16.6926,13.5270,12.4040,13.9669,12.9999,14.1543,12.5105,11.7755,13.5759,10.8905,10.8306,9.5365,11.6497,9.2833,9.2679,7.0167,8.2375,7.5491,11.4155,8.2376,6.6988,6.3351,5.8735,4.1735,2.8777,6.6229,4.0483,3.5620,4.7538,4.7372,3.1477,2.7735,1.9413,2.4219,3.5831,2.2087,2.8094,1.8525,3.6038,-0.7458,-0.1561,-1.1960,-1.7955,-3.7163,-6.9097,-1.0042,-1.1785,-0.7940,-0.9779,-0.2077,-1.2098,6.4053,1.3831,3.2286,4.9295,7.6483,2.6289,6.7066,1.4472,1.9485,1.7575,1.4763,2.6133,2.2230,4.4206,4.6831,8.0296,5.9756,6.6283,5.4585,12.8320,12.9820,10.2299,10.5641,14.5510,11.0858,14.1028,10.4420,10.6570,10.8619,11.0608,11.2478,11.4230,11.5972,11.7614,11.9222,12.0789,12.2331,12.3796,12.5228,12.6621,12.7962,12.9261,13.0518,13.1736,13.2918,13.4074,13.5197,13.6301,13.7399,13.8466,13.9525,14.0583,14.1637,14.2678,14.3728,14.4775,14.5812,14.6846,14.7864,14.8858,14.9820,15.0743,15.1605,15.2385,15.3091,15.3697,15.4197,15.4576,15.4828,15.4943,15.4915,15.4749,15.4461,15.4032,15.3425,15.3073
45115.9166667,16.7090,15.6254,15.6320,14.4817,21.1290,15.8289,14.2869,10.4293,12.8683,12.5460,11.6150,10.1982,9.8551,9.0746,6.5351,5.7536,5.9605,4.4010,5.7432,4.1487,4.0950,2.2656,3.5635,1.7863,1.3137,7.7333,0.5700,0.9597,-0.2926,-0.3958,-3.9901,-6.2084,-6.6360,-2.2551,-0.9848,-0.3118,2.6484,4.3112,0.1094,5.9593,7.0682,5.2122,2.8852,4.5903,21.8201,9.5533,6.4977,9.4371,6.1391,6.2500,8.5506,10.2873,12.1818,10.9561,5.7918,4.3456,4.2391,6.3409,16.3586,10.9250,11.5436,9.5090,6.2887,5.1963,7.0215,6.6221,10.4907,11.5262,3.0181,3.3407,4.1219,3.6837,2.2035,1.3872,4.0188,4.5948,3.0419,2.1882,0.9428,9.1929,20.3384,17.2336,7.5965,6.2149,7.1821,5.7641,13.0411,9.4651,14.4578,7.7316,12.3652,19.6864,20.1436,16.6730,6.9105,8.7456,9.7935,11.1037,10.2525,9.5336,9.6519,17.0938,14.2755,15.4919,20.0386,21.4480,16.0931,19.4216,13.3623,18.8827,14.3961,13.3044,15.1746,13.5534,15.2939,12.6160,12.8003,15.6888,13.4414,13.5476,10.5886,14.4016,11.8660,13.0474,11.9114,13.3803,12.5338,15.9356,12.3293,9.2433,9.6799,9.4082,8.3504,7.4682,10.7378,8.1978,7.4898,8.5358,7.6640,6.3744,5.7596,5.2490,5.2266,5.9871,5.2187,4.7792,4.3544,6.3239,2.7084,3.0543,2.3071,1.8045,0.2605,-2.4989,1.9621,1.8317,2.0683,1.7962,2.4445,1.5933,7.9667,3.6213,4.9234,6.3808,8.3918,4.0132,7.6071,2.9732,3.4120,2.9966,2.1696,3.2971,3.1383,5.0966,5.2580,7.7005,5.5772,6.2963,5.2873,12.1382,11.9192,9.0460,9.3907,13.3152,9.5742,13.0823,9.5563,9.8200,10.0825,10.3453,10.6034,10.8555,11.1085,11.3549,11.5984,11.8379,12.0737,12.3015,12.5241,12.7404,12.9493,13.1510,13.3453,13.5324,13.7122,13.8852,14.0511,14.2106,14.3646,14.5114,14.6526,14.7887,14.9197,15.0450,15.1664,15.2835,15.3960,15.5053,15.6110,15.7134,15.8128,15.9097,16.0039,16.0947,16.1840,16.2710,16.3563,16.4397,16.5214,16.6012,16.6788,16.7541,16.8276,16.8957,16.9498,17.0018
45115.9583333,20.0113,21.1598,21.0682,20.2023,27.3838,20.6112,20.4933,16.1100,18.9228,17.4140,16.9035,15.8228,14.2345,14.8038,12.9673,12.0465,12.2171,10.5275,10.5937,9.1050,9.5076,7.2822,7.6051,6.5224,5.8838,11.5842,4.7869,4.6229,3.5087,2.9566,-0.3667,-2.5590,-3.4034,0.1726,1.0565,1.4546,3.9108,5.2975,1.5070,6.8851,7.8926,6.1066,4.0379,5.5040,21.5202,10.7229,7.7264,10.1570,7.2554,6.8739,9.3507,11.2417,13.0522,12.0139,6.2315,6.7459,6.5778,8.2940,17.3919,12.1617,12.5778,10.6253,8.0939,7.2810,8.3561,8.2310,11.9256,12.9462,5.3245,5.7287,6.6693,6.4897,5.2216,4.4591,5.8956,7.4503,6.0926,5.4162,4.3136,11.4914,21.3884,18.6099,9.6048,7.9764,9.1442,7.7828,14.7440,11.1844,15.9949,9.1696,13.9694,20.7169,21.0790,17.9746,8.0141,10.1169,11.0863,11.6867,11.1618,10.1799,10.3293,17.5400,15.0031,15.9898,20.7534,22.1517,16.7566,20.1406,13.6308,20.5897,14.7425,13.5328,15.6133,13.4380,15.5824,12.1283,12.8930,16.6401,14.6590,14.8457,10.4545,15.5823,12.7641,15.0230,15.0195,16.9567,16.0084,19.2157,15.0952,10.4943,11.7600,11.8200,11.4960,11.2144,14.5728,12.1269,11.3366,12.5898,10.7415,9.7726,8.8734,8.7838,8.1313,8.5670,8.3940,6.6483,6.6142,9.0883,5.7946,5.7554,5.2274,4.5754,3.4642,1.2829,4.1847,4.4512,4.8317,4.2756,4.8042,4.1857,9.9741,6.0767,6.9441,8.2870,9.7104,5.7155,9.1346,4.8779,5.4901,4.8604,3.3607,4.5107,4.5661,6.3424,6.3388,7.9795,5.7502,6.4416,5.4770,11.8200,11.2560,8.3008,8.5813,12.3092,8.4369,12.0935,8.6665,8.8828,9.1031,9.3287,9.5560,9.7843,10.0182,10.2526,10.4902,10.7299,10.9720,11.2132,11.4552,11.6970,11.9373,12.1759,12.4122,12.6458,12.8760,13.1027,13.3250,13.5429,13.7565,13.9641,14.1663,14.3630,14.5538,14.7381,14.9167,15.0891,15.2550,15.4151,15.5691,15.7169,15.8590,15.9954,16.1261,16.2508,16.3707,16.4856,16.5961,16.7022,16.8044,16.9030,16.9980,17.0900,17.1796,17.2643,17.3369,17.4002
45116.0000000,21.3310,24.5325,24.3239,23.7064,31.6954,23.2332,24.5602,19.6563,23.0752,20.3066,20.2612,19.5788,16.7655,18.8702,17.9872,17.1280,17.6717,16.0410,14.7290,13.4975,14.9043,11.9889,11.3627,11.3226,10.6298,16.2709,9.4006,8.6261,8.1388,6.9446,4.2295,2.0241,0.8288,3.5287,4.0066,3.9877,5.9688,6.9926,3.3074,8.2101,9.0369,7.2014,5.2433,6.4587,21.3091,11.6427,8.5393,10.4332,7.7635,6.9539,9.5718,11.5747,13.3003,12.4058,6.0856,8.3327,8.1210,9.5408,17.9626,12.9144,13.2095,11.3578,9.4560,8.9682,9.4223,9.6125,13.2974,14.2692,7.0596,7.4461,8.5454,8.5767,7.3974,6.5019,6.8577,9.5143,8.2874,7.8278,6.7999,13.1319,21.9643,19.4696,10.8999,8.9725,10.3961,9.0525,15.9607,12.3742,17.1394,10.1104,15.2183,21.5537,21.8746,19.1354,8.8543,11.3050,12.2660,12.2834,12.0432,10.8542,11.0610,18.1811,15.4062,16.2359,21.2201,22.6328,17.1942,20.6355,13.7721,22.0143,14.9432,13.6106,15.8318,13.2201,15.6238,11.6222,12.7275,17.0934,15.2611,15.4617,9.9774,15.9801,12.8670,15.9460,16.9017,19.2551,18.1027,21.1735,16.4543,10.5577,12.4595,12.8159,13.1430,13.4732,17.2307,14.8958,14.1332,15.8977,13.0672,12.5298,11.4408,11.9661,10.7088,11.0025,11.5589,8.4343,8.8174,12.0929,8.8636,8.3952,8.0885,7.1467,6.3891,4.7004,5.9892,6.7598,7.3925,6.3663,6.6979,6.2522,11.8807,8.1996,8.6976,10.0090,10.9323,7.1179,10.6109,6.5381,7.5630,6.7716,4.4969,5.7732,6.1414,7.9059,7.7679,8.7281,6.3698,7.0449,6.0816,12.0357,11.1709,8.1572,8.3607,11.8643,7.9445,11.5948,8.2600,8.4063,8.5580,8.7163,8.8787,9.0447,9.2179,9.3946,9.5768,9.7638,9.9560,10.1510,10.3501,10.5527,10.7580,10.9658,11.1757,11.3874,11.6005,11.8148,12.0297,12.2450,12.4608,12.6756,12.8898,13.1030,13.3148,13.5244,13.7322,13.9374,14.1395,14.3387,14.5342,14.7259,14.9135,15.0969,15.2756,15.4490,15.6178,15.7815,15.9402,16.0937,16.2423,16.3858,16.5243,16.6579,16.7869,16.9089,17.0167,17.1039
45116.0416667,21.6450,26.5987,26.2716,25.8695,34.7746,24.6261,27.2612,21.9069,25.9595,21.9572,22.3074,21.9420,17.9549,21.4406,21.4711,20.6662,21.7289,20.2227,17.5048,16.5900,19.3694,15.5961,14.0979,15.3173,14.6824,20.8825,13.5975,12.1945,12.8013,10.8402,9.1669,7.0430,5.7444,7.6176,7.8056,7.3116,8.9704,9.6418,5.7723,10.3113,10.9161,8.9261,6.9493,7.9160,21.6787,12.8306,9.4698,10.8208,8.2146,7.0359,9.7220,11.7530,13.3449,12.5274,5.7960,9.3864,9.0724,10.2224,18.0925,13.1729,13.3598,11.5795,10.1994,10.0164,9.9412,10.4448,14.2569,15.2702,8.3552,8.7525,10.0515,10.2873,9.1189,7.9248,7.3657,11.0729,9.9016,9.6682,8.6643,14.3349,22.2598,20.0040,11.7297,9.5042,11.1620,9.7886,16.7497,13.0884,17.8590,10.5704,16.0157,22.0393,22.3360,19.9223,9.2551,12.0516,13.0428,12.5951,12.6007,11.2475,11.5216,18.6407,15.5842,16.2870,21.4593,22.8849,17.3919,20.8842,13.7217,23.0940,14.9651,13.5547,15.8985,12.9793,15.5719,11.2166,12.5368,17.3689,15.6422,15.8435,9.5781,16.1302,12.7649,16.4367,18.1770,20.8568,19.4090,22.3430,16.9986,10.1140,12.3922,12.9279,13.7253,14.5538,18.7795,16.4876,15.7457,18.1070,14.3220,14.2070,12.9760,14.1923,12.3905,12.6780,14.0684,9.6215,10.4660,14.8060,11.5154,10.6599,10.6749,9.5036,9.1805,8.0195,7.7247,9.0868,10.0777,8.4586,8.5766,8.2392,14.0049,10.3609,10.5129,11.8347,12.3092,8.4924,12.1728,8.0735,9.5695,8.5669,5.4126,6.9228,7.6315,9.5169,9.2756,9.6605,7.1457,7.8457,6.8669,12.6073,11.4956,8.4304,8.5783,11.9053,7.9677,11.5845,8.3252,8.4124,8.5042,8.6016,8.7031,8.8083,8.9199,9.0355,9.1566,9.2828,9.4146,9.5503,9.6911,9.8364,9.9859,10.1395,10.2969,10.4581,10.6227,10.7907,10.9617,11.1357,11.3127,11.4918,11.6731,11.8565,12.0417,12.2281,12.4160,12.6049,12.7943,12.9843,13.1745,13.3644,13.5540,13.7430,13.9308,14.1171,14.3021,14.4852,14.6663,14.8452,15.0217,15.1955,15.3665,15.5343,15.6988,15.8573,16.0014,16.1156
45116.0833333,21.4236,27.8074,27.3651,27.1429,36.9815,25.2400,29.0365,23.2448,27.9339,22.7984,23.4903,23.3971,18.3985,23.0240,23.8842,23.1018,24.6840,23.2571,19.1585,18.4958,22.7121,17.9869,15.7034,18.1683,17.6293,24.7723,16.8321,14.8256,16.8296,14.0496,13.7649,11.8384,10.7264,11.8771,11.9580,11.0025,12.5851,13.0231,8.7351,13.1088,13.5329,11.3295,9.2440,10.0130,22.8847,14.6636,10.9334,11.6932,9.0402,7.5214,10.2367,12.2361,13.6505,12.8438,5.7797,10.3916,9.9087,10.7852,18.1540,13.2996,13.3615,11.6085,10.6254,10.6807,10.1350,10.8864,14.8325,15.8932,9.2182,9.6804,11.2209,11.6767,10.4991,8.9874,7.6777,12.3466,11.1922,11.1793,10.1635,15.3069,22.4508,20.3975,12.3256,9.8210,11.6864,10.2698,17.3402,13.5834,18.3862,10.8289,16.5890,22.3552,22.6224,20.4830,9.4241,12.5126,13.5350,12.7071,12.9051,11.4137,11.7431,18.9086,15.3666,16.0012,21.3580,22.8293,17.3183,20.8641,13.5070,23.8675,14.8468,13.3916,15.8246,12.6924,15.4134,10.8405,12.2952,17.4740,15.8325,16.0449,9.2647,16.1716,12.6294,16.7511,19.1527,22.1248,20.3619,23.1683,17.2364,9.6640,12.1277,12.7508,13.8526,15.0406,19.6805,17.3531,16.5819,19.4822,14.8068,15.0192,13.6463,15.4802,13.1879,13.5031,15.6848,10.0667,11.3159,16.7824,13.3517,12.1618,12.5606,11.2682,11.5004,10.9755,9.1814,11.2124,12.6849,10.4108,10.3243,10.1183,16.3044,12.5628,12.4145,13.8059,13.8821,9.9302,13.9237,9.6492,11.6807,10.4247,6.3229,8.0424,9.0890,11.1730,10.8297,10.7025,7.9870,8.7331,7.7127,13.3892,12.0578,8.9183,9.0260,12.2381,8.2656,11.8759,8.6591,8.7064,8.7578,8.8138,8.8732,8.9359,9.0038,9.0750,9.1508,9.2309,9.3154,9.4035,9.4958,9.5922,9.6923,9.7963,9.9040,10.0154,10.1304,10.2491,10.3712,10.4968,10.6260,10.7583,10.8938,11.0324,11.1741,11.3185,11.4658,11.6157,11.7680,11.9226,12.0794,12.2382,12.3987,12.5609,12.7244,12.8889,13.0546,13.2211,13.3883,13.5559,13.7239,13.8919,14.0599,14.2274,14.3942,14.5576,14.7091,14.8291
45116.1250000,21.0470,28.5443,27.9770,27.8862,38.5991,25.3994,30.1735,23.9948,29.2549,23.1038,24.0655,24.1841,18.3467,23.8607,25.4443,24.6613,26.7364,25.3560,19.9792,19.5105,25.0902,19.4017,16.4412,20.0052,19.5476,27.7757,19.0203,16.4369,19.8882,16.2636,17.5065,15.8418,15.1344,15.6644,15.8075,14.4279,16.1816,16.5392,11.6497,16.1525,16.4673,14.0125,11.7529,12.4044,24.6922,17.0324,12.8735,13.0388,10.2830,8.4287,11.2016,13.1646,14.3915,13.5496,6.1410,11.6107,10.9095,11.5067,18.4079,13.5546,13.4679,11.6970,10.9969,11.2160,10.2434,11.1630,15.1898,16.2431,9.7026,10.2370,12.0194,12.6902,11.4935,9.7008,7.7913,13.3180,12.1661,12.3654,11.3138,16.0317,22.4977,20.6142,12.6806,9.9314,11.9710,10.5096,17.7099,13.8512,18.6988,10.8915,16.9282,22.4807,22.7178,20.8151,9.4054,12.7296,13.7814,12.6460,12.9919,11.3895,11.7581,18.9579,14.9850,15.5392,20.9987,22.4835,16.9544,20.5121,13.0337,24.2168,14.4821,13.0302,15.5294,12.2683,15.0735,10.3910,11.9289,17.3528,15.7829,16.0117,8.9178,16.0361,12.3818,16.8433,19.8095,23.0691,21.0199,23.7288,17.2881,9.2754,11.8227,12.4947,13.7977,15.2452,20.2310,17.8314,17.0017,20.3497,14.8867,15.3233,13.8069,16.1240,13.4043,13.7305,16.5656,9.9919,11.5205,17.9930,14.3724,12.8912,13.6387,12.2612,13.0556,13.2020,10.0535,12.7552,14.7843,11.8440,11.6054,11.5557,18.3726,14.4461,14.0568,15.5782,15.3125,11.1479,15.5808,11.0516,13.7228,12.2300,7.1711,9.1359,10.5266,12.8717,12.4229,11.8259,8.8651,9.6675,8.5772,14.3069,12.7629,9.5112,9.5825,12.7312,8.6834,12.3177,9.0964,9.1106,9.1287,9.1511,9.1770,9.2062,9.2400,9.2771,9.3183,9.3633,9.4125,9.4649,9.5212,9.5811,9.6444,9.7113,9.7815,9.8551,9.9320,10.0122,10.0956,10.1822,10.2721,10.3650,10.4609,10.5599,10.6619,10.7667,10.8745,10.9851,11.0984,11.2145,11.3331,11.4543,11.5780,11.7041,11.8324,11.9627,12.0953,12.2298,12.3663,12.5046,12.6447,12.7863,12.9294,13.0738,13.2190,13.3629,13.4981,13.6053
45116.1666667,20.1096,28.5103,27.9088,27.9826,39.5651,25.1255,30.7774,24.2864,30.1041,23.1035,24.3013,24.6038,18.1066,24.2860,26.4816,25.6709,28.1814,26.8097,20.2893,19.9488,26.7617,20.1664,16.6503,21.1265,20.7340,30.0908,20.4506,17.3277,22.1296,17.6498,20.3760,18.9701,18.7556,18.7132,19.0172,17.2304,19.3367,19.7407,14.1184,19.0319,19.3343,16.6216,14.1555,14.7836,26.8316,19.7234,15.1015,14.7311,11.8366,9.6430,12.5588,14.5346,15.6094,14.7217,6.8764,13.2010,12.2616,12.5980,19.1041,14.2010,13.9546,12.1265,11.6199,11.9421,10.5684,11.5863,15.6267,16.5852,9.9726,10.5363,12.5382,13.4133,12.1893,10.1231,7.7561,14.0261,12.8748,13.2912,12.2066,16.6045,22.5019,20.7723,12.9400,9.9877,12.1669,10.6601,17.9881,14.0295,18.9226,10.8948,17.1629,22.5359,22.7416,21.0344,9.3233,12.8187,13.8948,12.5224,12.9805,11.2920,11.6856,18.9050,14.6166,15.0989,20.6070,22.0879,16.5497,20.0844,12.5214,24.3012,13.9781,12.5233,15.0560,11.7328,14.5760,9.8722,11.4462,17.0241,15.5228,15.7719,8.5160,15.7289,12.0209,16.7301,20.1823,23.7235,21.4254,24.0710,17.2037,8.9297,11.4992,12.1989,13.6384,15.2822,20.5681,18.0991,17.2153,20.9460,14.8226,15.4132,13.7717,16.4537,13.3857,13.7053,17.0473,9.7455,11.4299,18.7215,14.8999,13.1731,14.1829,12.6942,13.9433,14.6895,10.3883,13.6812,16.2728,12.7087,12.3525,12.4526,20.0060,15.8580,15.2914,16.9901,16.4446,12.0375,16.9793,12.1540,15.5233,13.8164,7.8315,10.0805,11.8446,14.5330,14.0060,12.9928,9.7651,10.6475,9.4782,15.3779,13.6352,10.2417,10.2877,13.4308,9.2676,12.9663,9.6943,9.6787,9.6664,9.6577,9.6522,9.6499,9.6517,9.6567,9.6657,9.6785,9.6952,9.7154,9.7394,9.7670,9.7982,9.8329,9.8710,9.9125,9.9574,10.0056,10.0570,10.1116,10.1694,10.2302,10.2940,10.3609,10.4307,10.5033,10.5788,10.6571,10.7381,10.8218,10.9082,10.9971,11.0886,11.1826,11.2789,11.3775,11.4785,11.5817,11.6872,11.7948,11.9045,12.0163,12.1300,12.2456,12.3627,12.4796,12.5903,12.6785
45116.2083333,18.7797,27.8064,27.1932,27.4141,39.7658,24.3111,30.6943,24.0464,30.3678,22.6839,24.0909,24.5739,17.6162,24.3150,27.0668,26.2643,29.1974,27.8410,20.3453,20.0994,27.9828,20.5683,16.6161,21.8133,21.4660,31.9109,21.3806,17.7877,23.7936,18.5038,22.5896,21.4081,21.6957,21.0958,21.5887,19.3884,21.9283,22.4372,15.9948,21.4562,21.8085,18.8308,16.1394,16.8196,28.9479,22.4338,17.3472,16.4724,13.4552,10.9199,14.0821,16.1580,17.1501,16.2298,7.8204,15.1222,13.9597,14.0692,20.2839,15.2930,14.8992,12.9962,12.6378,13.0410,11.2914,12.3775,16.4058,17.1750,10.2688,10.7796,12.9399,13.9772,12.7046,10.3734,7.6601,14.5396,13.3813,14.0009,12.8803,17.0277,22.4415,20.8520,13.0987,9.9786,12.2772,10.7412,18.2037,14.1624,19.1126,10.9020,17.3723,22.6003,22.7816,21.2470,9.2875,12.9113,14.0065,12.4462,12.9875,11.2330,11.6424,18.8754,14.1989,14.6378,20.1738,21.6612,16.1492,19.6293,12.0631,24.2815,13.5042,12.0457,14.5715,11.2298,14.0617,9.3949,10.9614,16.5991,15.1527,15.4122,8.1116,15.3132,11.5950,16.4611,20.3135,24.1196,21.6128,24.2199,17.0101,8.6118,11.1711,11.8888,13.4193,15.2075,20.7429,18.2173,17.2936,21.3555,14.6963,15.4038,13.6710,16.6304,13.2949,13.6060,17.3357,9.5099,11.2739,19.1989,15.1867,13.2621,14.4629,12.8607,14.4425,15.6737,10.4342,14.1859,17.2820,13.1588,12.7082,12.9272,21.2119,16.8190,16.1186,18.0077,17.2296,12.5810,18.0437,12.9161,16.9954,15.0999,8.2669,10.7962,12.9419,16.0331,15.4575,14.0774,10.5756,11.5631,10.3176,16.4867,14.5587,10.9995,11.0362,14.2338,9.9165,13.7371,10.3803,10.3501,10.3219,10.2961,10.2724,10.2507,10.2318,10.2153,10.2015,10.1904,10.1823,10.1767,10.1742,10.1746,10.1779,10.1843,10.1936,10.2060,10.2215,10.2401,10.2617,10.2865,10.3145,10.3455,10.3796,10.4168,10.4570,10.5002,10.5464,10.5955,10.6475,10.7024,10.7601,10.8205,10.8835,10.9493,11.0176,11.0883,11.1615,11.2372,11.3152,11.3955,11.4782,11.5631,11.6501,11.7392,11.8301,11.9214,12.0085,12.0781
45116.2500000,17.8131,27.1081,26.3570,26.5851,39.4123,23.0985,29.9511,23.2593,29.9160,21.6711,23.2092,23.8292,16.6017,23.6692,26.8907,26.1237,29.4401,28.1275,19.8758,19.7676,28.5283,20.4398,16.2084,21.9658,21.6548,33.0186,21.6596,17.7444,24.7830,18.8152,24.1144,23.1295,23.8978,22.7326,23.3882,20.7764,23.7206,24.3255,17.0767,23.1165,23.4877,20.2059,17.2856,18.0419,30.4211,24.5347,19.0120,17.7180,14.6331,11.7654,15.2199,17.4490,18.4008,17.4464,8.4121,16.8572,15.5278,15.4300,21.3979,16.2710,15.7462,13.7887,13.6213,14.1625,12.0918,13.2741,17.3151,17.8794,10.6794,11.0827,13.2907,14.4006,13.0387,10.4718,7.4807,14.7669,13.5503,14.3044,13.1018,16.9611,21.8679,20.3487,12.6533,9.4311,11.8305,10.3051,17.8675,13.7658,18.7625,10.4266,17.0405,22.1343,22.2999,20.9547,8.8713,12.6195,13.7375,12.0162,12.6185,10.8311,11.2585,18.4706,13.5739,13.9491,19.4254,20.8785,15.4109,18.8589,11.4121,23.9366,12.8711,11.4585,13.9285,10.5959,13.3680,8.7820,10.3250,15.9235,14.5131,14.7750,7.5782,14.6724,10.9923,15.9136,20.0525,24.0611,21.3565,23.9012,16.4442,8.0817,10.6241,11.3705,12.9635,14.8446,20.5454,17.9828,17.0380,21.3619,14.2964,15.1142,13.3503,16.5030,12.9781,13.2834,17.2889,9.1404,10.9562,19.3190,15.1289,13.0577,14.4136,12.7638,14.6041,16.2380,10.2570,14.3008,17.7795,13.1548,12.6299,12.9311,21.8326,17.1599,16.3277,18.3628,17.3657,12.5025,18.4507,13.0682,17.8510,15.8286,8.3179,11.1117,13.6129,17.1040,16.4815,14.7647,10.9952,12.0924,10.7722,17.2186,15.0770,11.3154,11.3308,14.5924,10.0879,14.0567,10.6119,10.5974,10.5808,10.5625,10.5427,10.5219,10.5007,10.4793,10.4582,10.4377,10.4182,10.3996,10.3824,10.3667,10.3526,10.3403,10.3299,10.3215,10.3152,10.3111,10.3093,10.3097,10.3126,10.3179,10.3256,10.3358,10.3486,10.3639,10.3818,10.4024,10.4255,10.4513,10.4796,10.5106,10.5443,10.5805,10.6193,10.6606,10.7045,10.7509,10.7998,10.8512,10.9050,10.9612,11.0198,11.0806,11.1435,11.2074,11.2689,11.3172
45116.2916667,16.0680,25.4745,24.6452,24.8292,37.9848,21.0017,28.0908,21.2711,28.1901,19.5757,21.1540,21.8480,14.5421,21.7398,25.2903,24.5690,28.1998,26.9195,18.1411,18.1873,27.6604,19.0082,14.6864,20.8514,20.5957,32.7454,20.5667,16.4325,24.3802,17.8833,24.2932,23.4913,24.7420,23.0892,23.8766,20.8752,24.1791,24.8022,16.7235,23.3192,23.5954,19.9879,16.7564,17.5836,30.3621,24.9370,19.0192,17.4734,14.3881,11.2995,15.0767,17.4604,18.4043,17.4132,7.7960,17.2625,15.8500,15.6132,21.4441,16.1007,15.4479,13.3982,13.3437,14.0509,11.7827,13.1307,17.3711,17.8756,10.7573,11.2079,13.4551,14.5038,12.9580,10.1494,7.0290,14.5010,13.0927,13.8571,12.4184,15.9256,20.4001,18.7767,11.0338,7.7173,10.0071,8.4891,16.0019,11.8098,16.7680,8.4452,15.0206,19.9949,20.1648,18.9463,6.9462,10.7497,11.9152,10.1730,10.7770,9.0094,9.4799,16.6128,11.7246,12.0665,17.4644,18.8643,13.4657,16.9148,9.7299,22.5171,11.3628,10.1189,12.6007,9.3211,11.9971,7.5525,9.0025,14.4893,13.0652,13.3095,6.3282,13.2530,9.6454,14.5593,18.8162,22.9509,20.0605,22.5364,14.8713,6.7146,9.2160,10.0013,11.6473,13.5704,19.3672,16.7823,15.8529,20.3656,12.9934,13.9032,12.1801,15.5223,11.8892,12.2181,16.4182,8.1128,9.9702,18.6497,14.2652,12.0785,13.5464,11.9224,14.0278,16.0061,9.5623,13.8027,17.5475,12.5011,11.8015,12.0683,21.4827,16.4518,15.4800,17.6015,16.4339,11.3350,17.6197,12.0064,17.3563,15.2926,7.3773,10.3901,13.2239,17.1459,16.4871,14.5279,10.4929,11.6741,10.2650,16.9746,14.6462,10.6089,10.5135,13.8021,9.0856,13.1008,9.4784,9.4787,9.4764,9.4719,9.4651,9.4559,9.4459,9.4346,9.4225,9.4098,9.3970,9.3839,9.3706,9.3572,9.3437,9.3301,9.3163,9.3022,9.2881,9.2741,9.2601,9.2464,9.2332,9.2204,9.2070,9.1962,9.1861,9.1774,9.1702,9.1641,9.1595,9.1564,9.1549,9.1554,9.1590,9.1614,9.1664,9.1730,9.1813,9.1913,9.2033,9.2166,9.2313,9.2470,9.2606,9.2670,9.2783,9.2922,9.3038,9.3132
45116.3333333,12.8616,22.2678,21.5554,21.7638,35.2585,17.9686,25.1532,18.1228,25.2779,16.5751,18.1413,18.8711,11.6984,18.5647,22.3229,21.6655,25.3803,23.9500,14.9687,15.2157,25.2773,16.2901,12.1092,18.4867,18.2251,31.1195,18.2576,13.9997,22.6487,15.7256,22.9778,22.2611,23.7187,21.5047,22.5527,19.4443,23.2673,23.9575,15.1755,22.3344,22.5112,18.6730,15.1250,16.0399,29.2782,23.9352,17.6430,15.9501,12.8135,9.6868,13.6502,16.0153,16.8140,15.7114,5.8570,16.0068,14.6344,14.4089,20.3047,14.7758,14.0425,11.8758,11.8428,12.6803,10.3834,11.6610,15.8453,16.3744,9.8490,10.7591,13.2357,14.2688,12.5360,9.4848,6.4515,13.9931,12.3596,13.1346,11.4179,14.6488,18.9057,17.1028,9.2458,5.9121,7.8105,6.3628,13.6467,9.3587,14.1322,6.0108,12.2146,16.9654,17.0568,15.7683,4.0926,7.7176,8.8905,7.3231,7.8050,6.1016,6.5320,13.4201,8.4759,8.8345,13.9359,15.3189,10.0985,13.5383,6.7990,19.6127,8.6111,7.5540,10.1675,7.0688,9.6398,5.4807,6.6724,12.0911,10.7468,11.0484,4.4823,11.0707,7.4520,12.3286,16.5967,20.8784,17.8689,20.3343,12.5402,4.8073,7.1701,7.9070,9.4373,11.3121,16.9371,14.4217,13.5743,18.1648,10.7381,11.5598,9.9561,13.5100,9.9072,10.3099,14.6439,6.4210,8.2765,17.1671,12.6555,10.4185,11.9391,10.3509,12.6648,14.8844,8.3342,12.7061,16.6655,11.3381,10.4057,10.5311,20.5836,14.8727,13.8966,16.0189,14.9036,9.5148,15.8920,10.1115,15.6318,13.5787,5.4975,8.4933,11.4731,15.8199,15.1265,13.3078,8.8620,10.1502,8.7138,15.6345,13.5123,9.1163,8.8169,12.0893,7.1471,11.0399,6.9471,7.0202,7.0871,7.1466,7.1995,7.2430,7.2815,7.3128,7.3390,7.3585,7.3723,7.3806,7.3842,7.3839,7.3794,7.3718,7.3615,7.3494,7.3416,7.3214,7.3018,7.2813,7.2587,7.2363,7.2123,7.1871,7.1609,7.1335,7.1051,7.0759,7.0459,7.0151,6.9832,6.9509,6.9173,6.8826,6.8445,6.7871,6.6736,6.5883,6.5119,6.4320,6.3546,6.2786,6.2062,6.1362,6.0708,6.0099,5.9487,5.9029
45116.3750000,5.7230,14.8803,14.6672,15.0824,28.8397,11.8029,19.0874,12.4303,19.9095,11.5089,13.1862,14.1575,7.5733,13.8775,17.7601,17.2931,21.6519,19.3695,10.6804,10.3791,20.6872,11.3363,7.6116,14.1877,13.9756,27.2885,13.9834,9.9667,19.1781,12.1106,19.8619,19.2130,20.9772,17.5865,17.8453,14.1324,18.7944,20.4277,11.5580,19.3258,19.3529,15.6238,11.8807,12.9674,26.5495,21.3233,14.7481,13.0454,10.0281,7.1052,11.4306,12.8115,13.3383,11.4441,1.8694,11.9990,10.4560,10.4560,16.1063,10.7057,10.6555,7.6194,7.7228,8.9052,7.2141,8.3067,13.0443,12.5685,6.1768,8.7127,11.5566,12.7169,11.1766,7.7925,5.1897,12.4448,10.6530,11.4680,9.3923,12.2452,16.4831,14.4392,6.3885,4.1490,4.4167,3.2564,10.1953,5.9121,10.1683,2.5323,7.5860,11.8184,12.2964,11.1432,-0.6634,2.5906,3.8466,2.6953,2.8970,2.0849,1.5067,8.2770,2.4915,3.6163,8.1710,9.1892,3.3953,7.4639,1.2988,14.1208,3.4759,2.6184,5.2880,2.6845,5.5652,1.8936,2.2068,7.3801,6.3108,6.7167,1.0870,7.8274,3.9155,8.6034,12.7759,17.2662,14.2104,16.5973,8.8382,1.9834,4.2172,4.9512,6.3850,8.1561,12.9361,10.5836,9.8470,14.8702,7.2297,7.5394,6.2350,9.9071,6.4474,7.0403,11.4827,3.7414,5.6124,14.4229,9.8307,7.5983,9.1034,7.8046,10.3929,12.7768,6.4684,10.8347,14.9047,9.3165,8.2824,8.1165,19.6653,12.1212,11.4664,13.0286,12.0054,6.7735,12.3545,7.0951,12.1102,10.0215,2.1386,5.0884,7.8699,12.8922,11.6257,10.7288,5.5964,6.9264,5.5278,12.6281,11.3846,6.6700,6.1761,9.4942,4.5225,8.0177,2.9716,3.1201,3.2568,3.3851,3.5043,3.6108,3.7109,3.8016,3.8847,3.9592,4.0258,4.0847,4.1352,4.1803,4.2171,4.2461,4.2696,4.2848,4.2942,4.2971,4.2935,4.2841,4.2681,4.2473,4.2207,4.1888,4.1518,4.1087,4.0434,3.8389,3.6857,3.5219,3.3583,3.2063,3.0468,2.8953,2.7447,2.5995,2.4507,2.3062,2.1647,2.0217,1.8816,1.7430,1.6069,1.4730,1.3428,1.2172,1.0904,0.9947
45116.4166667,-4.7398,3.6027,4.0931,4.8416,20.4373,1.8020,8.7495,3.2766,11.4552,2.3581,4.1511,5.4649,0.1389,6.1006,10.3220,10.5258,16.5835,13.2206,6.1556,4.9244,15.6057,6.5768,3.2447,9.6179,9.2768,23.1333,7.5108,3.5366,12.6580,5.0477,12.4917,13.0512,16.4892,13.0294,13.0345,8.3278,10.9484,11.6042,3.1859,12.5664,11.0447,8.0220,4.5437,6.1008,22.1110,14.7473,7.5293,6.5045,4.4157,2.1859,8.2219,9.3115,9.6332,7.3669,-2.7544,6.7217,4.1910,5.1930,10.5362,2.7571,4.4652,0.0849,0.3003,1.8230,1.3307,2.2525,8.7864,8.2311,0.6204,4.6954,8.3880,8.5300,8.2008,4.5148,2.6657,11.0156,6.9298,9.6297,4.6733,7.0906,14.3160,11.0916,0.2995,0.2475,-1.9384,-2.5092,4.0203,-0.0699,3.8243,-1.5584,2.7065,5.1369,5.4508,3.7652,-7.4823,-5.8742,-4.2990,-4.4549,-4.3913,-3.1443,-5.0880,2.8284,-5.1470,-2.5755,1.6204,2.0604,-4.1428,-1.2114,-6.6218,6.3300,-3.5560,-3.9049,-1.4913,-3.2315,0.7254,-2.2380,-3.4282,1.0498,1.1349,0.5296,-4.9021,1.9074,-2.3852,2.8022,5.1403,9.9258,6.9460,9.5430,1.5594,-4.7082,-2.2066,-1.3639,0.4350,2.5671,6.7856,3.8488,3.9572,10.4917,3.1668,2.1761,1.0527,5.0363,1.8359,1.4694,5.9498,-1.4550,0.7657,9.1766,4.6077,1.2094,3.6851,2.1754,5.4713,8.5323,2.8006,7.1101,12.8625,5.3477,5.5691,3.6520,17.1514,9.1464,8.2922,7.6347,8.2879,2.6872,7.3602,3.3696,7.5545,5.4534,-1.8369,0.7065,2.6921,8.5419,7.1032,6.8424,0.6134,2.9799,0.4148,9.1974,7.7664,3.0073,2.4699,5.9727,1.2845,4.2544,-2.0360,-1.7686,-1.5114,-1.2637,-1.0274,-0.8083,-0.5999,-0.4071,-0.2295,-0.0682,0.0774,0.2081,0.3239,0.4279,0.5187,0.5974,0.6653,0.7041,0.5425,0.3939,0.2385,0.0669,-0.0820,-0.2288,-0.3589,-0.5060,-0.6411,-0.7793,-0.9204,-1.0537,-1.1991,-1.3382,-1.4797,-1.6175,-1.7639,-1.9078,-2.0544,-2.2004,-2.3521,-2.5036,-2.6558,-2.8114,-2.9672,-3.1239,-3.2804,-3.4368,-3.5916,-3.7432,-3.8993,-4.0148
45116.4583333,-14.5554,-7.9986,-6.5117,-5.6057,11.9345,-8.7095,-2.3003,-6.4212,3.7273,-6.4244,-5.9050,-5.2245,-8.8201,-4.6264,-1.5548,-0.1939,9.1445,5.1087,1.2826,-0.8316,8.4750,-0.5278,-2.8224,3.7750,4.2175,20.8104,2.3305,-1.7796,9.1802,0.4452,8.5664,7.4174,12.4662,9.5900,9.3550,3.6251,6.1378,3.8170,-5.8617,5.5882,2.9388,-2.4358,-5.6212,-3.5057,16.9636,7.7938,-0.5532,-1.0087,-2.6025,-3.5937,4.7404,6.1642,6.3812,5.1727,-4.8648,3.3546,-0.6089,3.1061,7.9211,-3.1758,0.0303,-5.9562,-6.0005,-4.3374,-2.6737,-3.0227,3.3905,2.6534,-5.2866,-0.2921,6.2696,5.0070,5.9335,0.4505,-0.4755,9.5679,2.6273,8.3604,0.5266,3.5391,15.2591,10.7623,-2.5865,-1.3515,-5.5123,-5.1017,-0.0336,-5.3457,1.7050,-3.9997,-0.2254,2.2485,2.3740,-0.1665,-10.2552,-11.2130,-10.1501,-9.2601,-9.8502,-6.7688,-10.1531,-2.7153,-13.3628,-9.5514,-5.2712,-4.7284,-10.2825,-9.4273,-14.2891,-1.3714,-9.6800,-9.3142,-7.7764,-9.7812,-4.6648,-6.6136,-9.6839,-6.1858,-4.4392,-4.7453,-9.8263,-3.1682,-8.4004,-3.0273,-3.2910,3.5893,0.6113,3.8864,-4.0540,-9.9462,-7.3650,-6.6966,-4.3757,-1.5056,2.9238,-2.9560,-4.1943,3.6725,-1.8388,-2.3361,-5.3576,-0.3984,-3.1520,-4.8284,0.8676,-6.5672,-3.7051,6.1177,1.1992,-2.8877,0.3840,-2.8832,-0.8073,2.9948,-1.6462,2.7184,9.2162,0.7340,1.6090,-1.3690,14.5187,6.8725,5.4373,3.4381,5.0609,0.0817,5.1408,0.4255,3.4700,1.4514,-5.0453,-2.9257,-2.2235,4.6726,3.2241,3.9716,-3.4147,0.2381,-3.5909,7.5448,5.8149,1.1066,0.5354,4.1832,-0.2265,1.6541,-6.0774,-6.5695,-6.9529,-7.2114,-7.3443,-7.3691,-7.2992,-7.1661,-6.9948,-6.6894,-6.3668,-6.0783,-5.8387,-5.6283,-5.4736,-5.3887,-5.3186,-5.2767,-5.2363,-5.2284,-5.2159,-5.2279,-5.2341,-5.2476,-5.2572,-5.2856,-5.3114,-5.3452,-5.3866,-5.4283,-5.4841,-5.5409,-5.6047,-5.6705,-5.7470,-5.8259,-5.9107,-5.9990,-6.0949,-6.1946,-6.2983,-6.4081,-6.5216,-6.6392,-6.7601,-6.8841,-7.0099,-7.1360,-7.2720,-7.3689
45116.5000000,-23.2089,-19.3616,-15.9726,-13.6326,1.9249,-19.0476,-15.8569,-20.7016,-8.1206,-15.1928,-14.8394,-16.5942,-18.7148,-15.1854,-13.2243,-15.3288,-5.6678,-10.4401,-13.5283,-15.0594,-2.8887,-12.7130,-12.8497,-6.8404,-4.4142,13.5840,-3.5244,-9.4510,3.2611,-6.5619,3.1197,0.6044,7.1794,4.8532,6.8459,1.7499,5.0585,2.4981,-9.5459,2.8218,-0.6515,-8.9047,-14.8976,-13.1207,11.1499,-0.9173,-10.3873,-11.0066,-13.9998,-15.0362,-6.5646,-3.2002,-1.3051,-2.9284,-11.8923,-4.0429,-5.4111,2.2068,7.5322,-3.2627,-1.4391,-9.1816,-12.9384,-11.8077,-9.8149,-9.3678,-0.4389,-0.8962,-11.8903,-6.7855,-0.2903,-2.0404,-0.3235,-3.6153,-3.5973,8.1554,0.8968,7.4587,-4.1788,-1.6511,15.4310,9.6228,-3.5680,-5.0461,-12.4412,-11.3511,-2.7652,-10.6944,-1.1448,-6.7625,-3.1498,-0.4160,-0.4354,-4.1388,-14.3130,-17.4581,-16.5195,-13.3842,-17.3242,-14.5426,-15.9236,-9.2804,-18.5859,-15.0823,-11.1338,-10.7847,-15.7515,-15.3618,-21.0203,-10.1135,-18.1159,-17.6263,-13.4248,-16.3358,-11.0800,-11.5415,-16.3918,-10.7269,-9.2163,-9.6256,-15.0078,-8.9881,-12.9387,-9.1395,-9.3161,-4.5130,-7.1369,-2.7991,-10.0444,-13.5860,-11.9957,-13.0053,-12.1982,-9.5412,-3.6800,-8.1233,-8.7668,-2.3254,-8.8655,-8.6023,-10.4936,-5.6968,-7.8900,-9.1103,-4.1743,-11.8609,-8.7649,1.7033,-6.2382,-8.7525,-5.9417,-7.7677,-5.1624,-2.7962,-5.3266,1.5992,6.5119,-0.3685,-2.7372,-5.7451,10.1549,1.9264,-0.6211,-2.9626,-0.7586,-4.1131,0.0241,-4.9138,-2.7205,-4.2355,-9.3143,-7.7296,-7.9320,-0.6631,-1.6314,0.5506,-7.8688,-2.8122,-6.7572,5.0781,3.2563,-1.2286,-1.6956,2.2393,-1.7317,-0.4433,-7.0373,-7.5141,-7.9895,-8.4628,-8.9345,-9.4091,-9.8749,-10.3327,-10.7754,-11.1099,-11.3946,-11.6446,-11.8545,-12.0011,-12.1007,-12.1669,-12.1676,-12.1211,-12.0176,-11.8884,-11.7164,-11.5314,-11.3209,-11.1026,-10.8762,-10.6644,-10.4575,-10.2669,-10.0954,-9.9394,-9.8094,-9.6960,-9.6027,-9.5251,-9.4680,-9.4243,-9.3950,-9.3773,-9.3732,-9.3788,-9.3937,-9.4188,-9.4517,-9.4925,-9.5401,-9.5942,-9.6537,-9.7174,-9.7980,-9.8510
45116.5416667,-29.9009,-28.5219,-23.2311,-20.0503,-5.4259,-23.0884,-22.0716,-29.5856,-17.2260,-21.3133,-21.3712,-23.6401,-24.8210,-22.6458,-21.7203,-24.0442,-16.3565,-20.8933,-22.8599,-25.1185,-14.2870,-25.6207,-24.1015,-22.4901,-16.8243,1.3463,-13.5896,-19.1913,-5.2326,-15.6714,-2.9971,-6.4733,1.0281,2.2393,4.2831,-1.0662,2.7255,0.3294,-13.3362,0.9522,-1.9303,-9.0579,-18.3383,-17.3262,9.0797,-6.7484,-15.4617,-15.1105,-19.7838,-21.1868,-12.2019,-11.0094,-9.8586,-10.7359,-19.1932,-16.2958,-16.5375,-4.9396,3.2345,-6.7196,-5.0848,-11.4612,-18.6020,-17.4344,-14.6838,-13.5566,-5.1399,-5.4797,-18.4234,-11.9840,-4.4831,-7.7370,-9.9615,-12.2817,-10.6928,2.9849,-2.9951,4.5567,-7.7345,-5.2932,17.5118,10.8981,-1.8469,-3.7713,-15.3141,-13.3571,-4.6759,-14.9987,-4.4635,-9.6444,-5.9974,-2.7641,-2.6405,-7.1357,-15.5195,-18.5958,-18.0293,-12.2712,-18.2048,-16.5828,-18.4242,-14.2812,-22.5632,-19.7958,-16.6192,-16.5661,-20.8362,-21.0009,-27.1500,-18.2751,-24.0267,-23.2628,-17.7281,-19.3886,-16.0220,-15.1894,-22.5364,-15.8688,-15.1389,-14.1916,-18.6044,-14.7934,-17.7307,-15.1260,-14.5353,-9.8285,-12.5242,-7.7006,-14.4408,-15.8625,-15.3507,-15.7722,-17.7016,-16.2677,-8.1926,-13.2962,-13.5547,-7.1139,-12.4914,-13.1793,-14.7054,-10.5906,-12.2192,-13.1806,-9.0046,-14.8995,-13.2865,-3.0073,-13.5697,-14.9812,-11.9643,-14.7444,-12.2544,-11.1535,-11.0048,-1.9600,2.0943,-2.7106,-4.9188,-9.0314,7.2169,-0.7259,-2.7120,-4.0297,-0.6005,-4.8183,-2.4904,-8.0804,-8.2259,-9.8657,-12.9096,-12.5310,-12.7698,-6.4723,-7.4477,-4.3230,-12.8961,-7.7704,-10.4550,1.5047,-0.1365,-4.1282,-4.3620,-0.1197,-3.4657,-2.6387,-8.1659,-8.4479,-8.7503,-9.0678,-9.3961,-9.7372,-10.0781,-10.4212,-10.7633,-11.0409,-11.2987,-11.5507,-11.7966,-12.0225,-12.2420,-12.4652,-12.6689,-12.8635,-13.0384,-13.2105,-13.3616,-13.5056,-13.6261,-13.7284,-13.8053,-13.8668,-13.9013,-13.9134,-13.9029,-13.8667,-13.8130,-13.7368,-13.6436,-13.5338,-13.4145,-13.2851,-13.1507,-13.0132,-12.8780,-12.7460,-12.6198,-12.5027,-12.3950,-12.2985,-12.2136,-12.1410,-12.0802,-12.0312,-12.0107,-11.9849
45116.5833333,-34.5431,-31.1189,-27.0776,-22.3938,-9.0534,-24.1839,-25.6665,-31.7682,-21.9340,-23.7507,-24.7782,-27.9207,-28.0802,-27.1658,-27.1561,-29.3834,-23.2253,-27.1574,-27.3160,-29.8947,-20.7853,-32.6464,-27.2987,-31.8702,-24.4645,-8.0511,-24.4316,-28.0463,-14.3037,-24.7256,-14.4794,-16.7432,-8.1385,-2.3213,0.7907,-3.8728,0.8650,-1.0526,-15.8678,0.0014,-2.3812,-8.5305,-20.3698,-20.3290,7.6424,-10.0505,-17.1592,-15.6252,-21.1638,-22.7104,-14.2142,-14.1896,-13.2398,-13.3361,-20.5118,-23.6784,-23.8265,-13.6139,-1.2850,-10.4521,-8.9332,-14.1171,-23.7648,-23.2415,-19.6840,-14.4573,-8.2739,-9.4152,-24.1803,-16.6235,-8.0612,-9.2074,-10.6897,-17.0901,-14.3321,-2.4564,-8.3799,-4.5209,-15.0186,-11.7501,14.8792,8.1766,-3.6859,-5.5306,-19.2733,-14.0106,-5.8243,-14.3905,-5.0868,-9.8211,-6.7082,-3.4828,-3.5348,-8.9715,-15.8025,-18.8176,-18.3256,-10.3175,-17.4497,-16.3198,-18.0419,-15.5115,-22.5222,-20.2014,-17.8402,-18.2326,-21.9971,-23.0711,-28.9036,-24.1754,-28.1334,-27.3774,-21.0657,-21.5466,-19.6062,-17.3946,-26.8014,-20.2164,-22.5531,-17.5493,-19.5645,-17.6086,-19.5199,-18.5701,-21.9348,-15.3507,-16.9585,-11.1856,-16.8253,-15.8791,-18.3394,-17.1985,-20.5767,-20.0075,-10.3095,-16.0059,-19.3313,-11.2256,-14.5362,-15.2801,-16.0838,-11.8706,-12.2047,-13.3884,-10.7256,-14.8325,-13.9846,-4.4413,-17.4960,-18.2570,-14.7589,-18.5184,-17.0105,-18.1536,-15.4714,-6.2259,-3.1904,-6.0327,-7.8721,-12.8121,3.3851,-3.9533,-5.2360,-5.5342,-0.8069,-5.2646,-3.7460,-9.6244,-11.2152,-12.9879,-14.0283,-15.0607,-15.8503,-10.8568,-11.9133,-7.6557,-14.1871,-10.8416,-12.8896,-1.5769,-3.2175,-6.8056,-7.0730,-2.9236,-5.6400,-5.4622,-10.0721,-10.2052,-10.3371,-10.4677,-10.5981,-10.7350,-10.8690,-11.0065,-11.1476,-11.2496,-11.3456,-11.4470,-11.5547,-11.6597,-11.7717,-11.8982,-12.0227,-12.1523,-12.2793,-12.4156,-12.5483,-12.6873,-12.8214,-12.9543,-13.0815,-13.2103,-13.3322,-13.4504,-13.5640,-13.6698,-13.7721,-13.8656,-13.9516,-14.0279,-14.0967,-14.1547,-14.2022,-14.2382,-14.2635,-14.2768,-14.2780,-14.2681,-14.2467,-14.2147,-14.1726,-14.1218,-14.0632,-13.9992,-13.9512,-13.8948
45116.6250000,-35.2210,-29.8460,-25.1201,-24.6676,-7.5470,-19.5336,-23.1864,-31.9501,-20.9102,-20.2507,-21.4695,-24.9879,-24.4322,-25.4482,-26.1555,-28.3307,-24.9410,-29.2504,-28.0408,-31.1349,-23.8958,-35.5591,-28.1968,-31.5570,-27.0716,-11.1220,-29.0185,-31.0094,-19.1713,-28.3862,-22.8124,-25.3184,-17.9487,-8.8612,-3.2245,-5.0081,0.8623,-1.3420,-17.0560,0.1462,-1.5128,-5.9654,-18.9830,-16.7143,8.0625,-12.2148,-18.0484,-15.1857,-21.0245,-18.4713,-13.2660,-14.8644,-14.3276,-13.7224,-19.5553,-27.6532,-27.5475,-18.9829,-3.0205,-11.3609,-10.1092,-14.5448,-26.4710,-26.8739,-23.1313,-18.5429,-9.5836,-8.8291,-27.0053,-19.6641,-9.8569,-11.4827,-12.1129,-16.1487,-8.4156,-1.0290,-6.1844,-6.4350,-15.9227,-7.0539,16.8392,9.2061,-2.5508,-4.7250,-15.9923,-13.1214,-6.7153,-14.4674,-6.6329,-10.8778,-7.9419,-3.9839,-3.2617,-8.3951,-14.8951,-15.2450,-13.0775,-3.4336,-11.6570,-11.7712,-13.9599,-13.0677,-18.8988,-17.0876,-14.8612,-15.9129,-19.4812,-21.3226,-26.9187,-25.9526,-28.1704,-27.6751,-21.1592,-20.4392,-19.9457,-16.7289,-24.1866,-20.9555,-26.5289,-22.9308,-20.0120,-19.3665,-19.8096,-19.9559,-23.0448,-19.5005,-20.9801,-14.7627,-19.3118,-17.6642,-18.7095,-20.3528,-23.2394,-23.0274,-11.8256,-17.4312,-20.1536,-14.0379,-15.7126,-16.8801,-16.5240,-15.3500,-14.5928,-12.8805,-10.0687,-13.7559,-13.5025,-2.3602,-16.3542,-16.0707,-12.6267,-16.1753,-16.6796,-20.7846,-14.0485,-6.8715,-5.3722,-6.9297,-8.7736,-14.7150,1.0318,-7.8902,-5.9464,-5.4957,0.1747,-4.5233,-3.9516,-12.3916,-12.5360,-13.8861,-13.0818,-15.0301,-16.4460,-12.7424,-13.8429,-8.6306,-13.4636,-11.3974,-12.8642,-2.3050,-3.7794,-6.8555,-7.1224,-3.1871,-5.2907,-5.7572,-9.6344,-9.7677,-9.9011,-10.0338,-10.1657,-10.3021,-10.4320,-10.5600,-10.6850,-10.7756,-10.8541,-10.9281,-10.9977,-11.0565,-11.1119,-11.1698,-11.2197,-11.2677,-11.3098,-11.3560,-11.3984,-11.4458,-11.4913,-11.5391,-11.5868,-11.6406,-11.6955,-11.7541,-11.8165,-11.8808,-11.9501,-12.0211,-12.0948,-12.1696,-12.2472,-12.3251,-12.4035,-12.4813,-12.5590,-12.6351,-12.7090,-12.7808,-12.8494,-12.9142,-12.9748,-13.0306,-13.0808,-13.1248,-13.1778,-13.1952
45116.6666667,-33.0615,-31.3350,-26.6815,-26.0001,-5.1111,-17.7639,-16.7217,-26.0814,-16.1574,-13.8072,-13.7246,-15.4258,-13.0480,-15.0599,-17.6305,-18.2230,-13.9665,-18.1344,-16.5716,-22.1399,-16.0522,-27.1636,-21.7036,-25.0830,-24.8538,-10.0377,-28.5148,-29.5872,-22.2550,-28.1484,-26.5855,-29.1807,-22.8871,-14.0102,-8.8591,-7.9740,-2.0008,-1.7470,-14.5956,3.8993,7.3424,1.5465,-7.6266,-3.5687,18.6610,-5.3991,-11.2397,-8.1180,-15.1478,-12.5551,-7.3009,-9.3505,-9.6597,-8.7589,-13.0768,-26.1745,-26.5888,-19.4485,-1.1641,-8.2821,-5.9477,-10.4828,-22.4595,-24.6108,-21.7931,-20.1574,-14.1951,-10.1563,-26.5919,-19.0109,-10.3568,-12.5147,-13.5119,-14.6088,-6.6280,-1.2372,-3.0096,-4.6498,-11.9994,1.2019,24.0366,17.2871,3.2521,2.3192,-2.9580,-3.4246,5.1405,-2.1008,4.8953,0.0925,2.2977,6.7826,6.1257,-0.8919,-9.6161,-11.7432,-10.0268,-0.2223,-6.3823,-3.2901,-5.4828,-2.2730,-9.4355,-9.5212,-6.0074,-6.8253,-11.8398,-11.9917,-18.1085,-20.8522,-22.5537,-22.4552,-17.7902,-16.1291,-14.2166,-12.1597,-18.2092,-14.6731,-21.2691,-19.3368,-15.2445,-15.9086,-17.7815,-19.0850,-20.3002,-17.1780,-18.8898,-13.0972,-17.1670,-15.3717,-17.5210,-19.0990,-23.3706,-24.2216,-12.9904,-18.3013,-20.0678,-15.3255,-16.8100,-18.3651,-16.7675,-16.4062,-15.2064,-11.5995,-8.7192,-11.4594,-12.5834,-1.5117,-16.1248,-15.3181,-13.3147,-14.2144,-13.8553,-18.1157,-10.1381,-5.8173,-2.4426,-3.3226,-4.3036,-10.4549,4.8063,-5.5451,-2.0488,-1.0320,5.1579,-1.5637,-0.0477,-10.3859,-10.4972,-12.6474,-9.8287,-12.5716,-13.8540,-10.9165,-12.1817,-6.4688,-10.0948,-9.8687,-11.0927,0.6776,-0.6034,-3.3087,-3.5250,0.2679,-1.5263,-2.2779,-5.7108,-5.9081,-6.1255,-6.3551,-6.5898,-6.8289,-7.0558,-7.2720,-7.4742,-7.6390,-7.7823,-7.9101,-8.0238,-8.1206,-8.2072,-8.2891,-8.3599,-8.4248,-8.4814,-8.5369,-8.5859,-8.6343,-8.6774,-8.7176,-8.7535,-8.7892,-8.8213,-8.8519,-8.8813,-8.9085,-8.9365,-8.9633,-8.9904,-9.0173,-9.0461,-9.0755,-9.1067,-9.1393,-9.1744,-9.2114,-9.2506,-9.2922,-9.3360,-9.3819,-9.4296,-9.4789,-9.5292,-9.5790,-9.6422,-9.6668
45116.7083333,-27.8710,-29.7228,-25.5318,-25.0996,-6.5435,-15.9184,-16.0775,-23.1108,-12.2777,-11.4518,-11.9908,-13.4968,-10.6932,-12.7733,-14.9574,-14.0848,-9.0567,-10.6783,-7.1897,-10.3705,-6.0675,-13.9190,-8.5534,-12.6199,-12.9943,1.4381,-17.2568,-18.2569,-16.4316,-21.5353,-23.4635,-27.9343,-24.6371,-16.5931,-11.8554,-11.1048,-3.0709,-2.9098,-15.8759,-0.8909,2.1703,-1.9357,-8.6759,-3.9899,22.9023,2.0188,-3.5321,2.1327,-5.4931,-2.7034,0.8103,1.0989,0.7881,-0.9088,-3.1258,-17.9228,-19.0008,-13.3677,5.3166,-3.6810,-2.0589,-5.9317,-15.9343,-18.4775,-13.4222,-14.9310,-10.4270,-8.1878,-24.8284,-18.8580,-12.0855,-10.8553,-13.6693,-14.6770,-7.0750,-0.8791,-3.6896,-4.8864,-9.4681,5.4590,26.9186,20.3903,4.1005,3.1121,2.1914,-0.7742,10.3414,4.1164,11.3040,4.0246,6.8426,15.5664,16.1604,9.2944,0.2256,-1.9117,-0.8308,7.1348,1.6542,3.5294,1.5563,6.5552,-2.3984,-0.1884,3.0551,2.9272,-4.1974,-2.6433,-8.7633,-12.3426,-13.3395,-14.2934,-11.6550,-9.7155,-9.1606,-6.5639,-11.9872,-10.4254,-15.6942,-14.4398,-9.4060,-9.9857,-12.5098,-13.4136,-17.0439,-13.8490,-15.2046,-9.4400,-12.6587,-10.5893,-13.5264,-14.0865,-19.2121,-21.0336,-11.0495,-16.3293,-17.8443,-14.6480,-15.0456,-17.0542,-17.4601,-16.9618,-16.0001,-12.2019,-11.8725,-12.0032,-12.7799,-2.7281,-15.0850,-13.6690,-12.3819,-12.6794,-12.6756,-15.8993,-6.3648,-2.4136,0.0887,-1.8761,-2.3582,-6.0122,8.5763,-0.8177,2.5292,4.0301,9.9466,0.1999,3.9828,-6.7152,-7.1194,-9.1087,-6.6992,-8.7069,-11.2429,-7.8912,-8.8735,-3.0069,-5.7970,-5.8564,-8.2311,3.7368,2.6054,0.0667,-0.1074,3.6432,1.8631,1.3880,-1.7422,-1.8152,-1.8926,-1.9734,-2.0573,-2.1505,-2.2417,-2.3371,-2.4368,-2.5259,-2.6164,-2.7125,-2.8144,-2.9187,-3.0284,-3.1453,-3.2625,-3.3815,-3.4982,-3.6156,-3.7281,-3.8382,-3.9411,-4.0379,-4.1267,-4.2101,-4.2854,-4.3542,-4.4168,-4.4729,-4.5248,-4.5713,-4.6138,-4.6523,-4.6884,-4.7215,-4.7526,-4.7816,-4.8094,-4.8359,-4.8615,-4.8867,-4.9114,-4.9360,-4.9607,-4.9855,-5.0105,-5.0347,-5.0734,-5.0768
45116.7500000,-19.6428,-23.7902,-20.4942,-20.5538,-5.6653,-12.5304,-13.9077,-19.2328,-10.2465,-8.7983,-9.4869,-10.7944,-7.8982,-9.8509,-12.0321,-11.4883,-7.4745,-8.6186,-5.2598,-7.4593,-3.9018,-9.4907,-4.4152,-7.4981,-7.1437,8.3055,-7.4967,-7.5523,-7.0615,-10.5874,-14.5611,-19.5703,-18.8195,-12.6576,-9.7112,-9.9175,-2.9659,-0.8901,-12.2782,-0.0947,2.1086,-1.5935,-7.2963,-3.4371,24.6652,5.1559,0.1795,6.7817,-0.1198,2.3765,5.5827,7.5975,9.3206,6.7450,4.2046,-8.0422,-8.9206,-4.3470,12.1107,3.7209,4.8048,1.2006,-7.4580,-10.1583,-5.3688,-7.2698,-2.5661,-2.0840,-19.3154,-16.1614,-11.6718,-10.6269,-12.9302,-13.3062,-6.2069,-1.8163,-3.9645,-4.3277,-7.3928,8.8983,27.9377,22.7143,7.3867,6.2008,6.8222,3.9568,15.9241,10.7517,17.6710,9.9154,13.2913,23.7365,23.3226,16.5232,7.1342,5.7459,6.6502,12.9394,8.5940,9.5950,8.1845,14.8831,5.1514,7.5432,10.4289,11.8353,4.8500,7.5098,1.2848,-1.8411,-3.1035,-4.9268,-3.5235,-2.0195,-2.2311,0.0601,-4.7831,-4.5161,-8.9429,-8.4367,-4.1112,-4.3197,-7.1292,-7.8175,-10.9242,-7.5211,-7.9430,-1.7511,-4.9745,-3.0927,-6.2260,-6.8467,-11.6219,-14.2636,-6.0406,-11.0369,-12.3720,-10.2951,-9.8752,-12.6209,-12.9391,-13.7604,-12.5392,-9.2739,-10.8783,-9.6048,-11.2523,-4.7647,-14.3152,-12.9851,-12.6800,-12.3979,-12.6739,-15.3511,-5.3436,-3.2778,-1.1434,-2.3186,-1.9548,-3.5298,10.9212,1.7568,5.2502,7.9265,13.4728,4.1564,9.5439,-0.5243,-1.0337,-2.7909,-1.3125,-2.9493,-5.9830,-3.4169,-3.8319,2.0038,-0.4043,-0.5649,-3.2849,7.4272,7.3750,4.8701,4.7966,8.6235,6.6047,6.9063,3.6020,3.8909,4.1572,4.3880,4.5786,4.6859,4.7163,4.6615,4.4955,4.2454,3.8947,3.5100,3.2566,3.0927,2.9791,2.8918,2.8213,2.7578,2.6986,2.6379,2.5776,2.5140,2.4495,2.3826,2.3144,2.2428,2.1700,2.0953,2.0191,1.9425,1.8647,1.7876,1.7111,1.6361,1.5626,1.4916,1.4232,1.3580,1.2959,1.2374,1.1823,1.1306,1.0823,1.0373,0.9953,0.9562,0.9201,0.8877,0.8441,0.8408
45116.7916667,-9.2224,-14.6454,-12.4470,-13.1436,-1.5820,-7.0118,-9.3682,-13.5377,-7.0473,-5.4892,-6.4535,-7.8314,-5.1837,-6.7633,-9.0738,-8.6684,-5.5066,-6.3586,-3.2383,-5.0855,-2.5976,-6.9953,-2.9347,-5.6893,-5.3835,8.2800,-5.2085,-4.6750,-3.9454,-5.6132,-8.5782,-12.5482,-11.8488,-6.1365,-3.8935,-4.3686,0.9013,3.2164,-6.7447,2.9447,4.3142,0.8523,-4.1258,-1.1026,25.4760,6.9376,2.3930,8.1279,2.4115,4.2379,7.3750,9.7524,12.7457,10.3872,6.6695,-1.7573,-2.1579,1.9740,16.6529,9.0377,9.9977,6.8690,-0.1986,-2.6661,1.4239,-0.3832,4.4314,4.2817,-12.0510,-10.8731,-8.3662,-8.3081,-10.5615,-10.9685,-4.7442,-2.2580,-4.1813,-4.3802,-6.9078,7.3349,24.8113,20.2628,6.3921,5.1387,6.1162,3.9953,15.4155,10.7548,17.8343,10.1177,14.7810,25.1295,25.3456,19.7648,10.0680,10.3405,11.4942,16.2145,13.0438,13.3991,12.6032,20.3854,10.7679,12.9580,16.0860,17.5065,11.0872,14.5022,8.6827,7.7860,6.0399,4.1099,5.0451,5.7200,5.4535,6.6655,2.8991,2.8323,-1.0454,-1.0703,1.6794,1.3492,-0.9515,-2.0038,-4.9170,-2.3654,-2.5210,3.7606,0.6652,1.9674,-0.1174,-0.7015,-4.3186,-6.5942,0.1444,-3.6507,-4.6202,-3.3455,-2.8417,-6.0041,-6.5458,-8.1930,-7.1766,-4.7890,-7.2664,-5.3589,-7.2850,-3.6351,-11.0492,-9.8072,-10.3553,-10.3465,-11.5184,-14.5304,-5.4507,-4.4304,-2.9095,-3.5381,-2.8128,-3.8972,8.8782,1.0016,4.2218,6.8112,11.5007,3.7261,9.5848,1.3693,1.7520,1.1946,2.0722,1.6009,-0.5883,1.6924,1.4425,6.8505,4.5015,4.6273,2.3086,11.5759,12.0525,9.3809,9.4104,13.3487,10.7156,11.9097,7.9478,8.0914,8.2465,8.4135,8.6019,8.7898,8.9892,9.2009,9.4092,9.6315,9.8474,10.0594,10.2602,10.4460,10.6023,10.7366,10.8403,10.9046,10.9262,10.8993,10.8271,10.6989,10.5204,10.2958,10.0235,9.7134,9.3634,9.0502,8.7904,8.5799,8.4099,8.2730,8.1610,8.0678,7.9873,7.9159,7.8503,7.7884,7.7284,7.6695,7.6112,7.5530,7.4949,7.4370,7.3794,7.3225,7.2668,7.2137,7.1503,7.1294
45116.8333333,0.9518,-4.2813,-2.8836,-3.9276,5.2979,0.4476,-2.3692,-6.1924,-1.6537,-0.4345,-1.6577,-3.2623,-1.2978,-2.7926,-5.3362,-5.3486,-3.1567,-4.1331,-1.4986,-3.1037,-1.3473,-4.7871,-1.5865,-3.9815,-3.7720,7.9916,-3.6714,-3.1992,-2.9102,-4.0305,-6.6604,-9.8063,-8.8768,-3.1861,-0.8607,-0.8311,4.0179,6.3430,-1.9444,6.4230,7.5738,4.4323,0.1079,2.4438,26.2964,9.1506,4.6439,9.2164,4.1450,5.2085,8.1722,10.4657,13.2719,11.3522,6.5206,1.3886,1.3025,4.9846,18.3921,11.4401,12.3570,9.6382,3.9645,2.0208,5.3535,4.1009,9.0754,9.1902,-5.0576,-4.7992,-3.4325,-3.9756,-6.2562,-7.1155,-1.9516,-0.8345,-2.7960,-3.1986,-5.4473,6.6995,22.3460,18.2180,5.5904,4.2027,5.1303,3.3099,13.5954,9.1155,15.8328,8.1622,13.3359,23.1450,23.6624,18.9291,8.7639,10.1693,11.5658,15.0272,12.9502,12.9082,12.7553,21.2141,13.4956,15.4321,19.2173,20.7590,14.7038,18.1090,12.2939,14.0040,11.7599,10.2693,11.4413,11.2878,11.6005,11.3946,9.0563,9.6490,6.3139,6.0933,6.8271,7.3261,4.9697,4.0395,1.2251,2.9755,2.5009,7.7381,4.6207,4.6688,3.5628,3.1409,0.5704,-1.2156,4.0950,1.0194,0.6071,2.0796,2.6073,0.1462,-0.2999,-1.8237,-1.0205,0.6052,-1.8331,-0.2720,-2.0912,-0.0932,-6.0183,-5.0946,-6.2619,-6.7161,-8.6271,-12.0153,-4.0763,-3.9235,-3.0915,-3.3486,-2.5409,-3.5870,6.8829,0.2342,2.8990,5.2195,9.0232,2.5248,7.9044,1.1654,1.9970,1.8837,2.1457,2.8099,1.7278,4.1916,4.3162,8.8565,6.5016,6.9906,5.2694,13.8636,14.2565,11.4324,11.6677,15.8459,12.5965,14.9023,10.8435,10.9776,11.1076,11.2351,11.3666,11.4869,11.6112,11.7404,11.8659,12.0029,12.1402,12.2831,12.4302,12.5829,12.7348,12.8920,13.0544,13.2185,13.3848,13.5502,13.7173,13.8778,14.0330,14.1821,14.3189,14.4437,14.5512,14.6414,14.7087,14.7536,14.7723,14.7628,14.7244,14.6572,14.5615,14.4391,14.2921,14.1227,13.9375,13.7431,13.5467,13.3559,13.1761,13.0099,12.8587,12.7225,12.6031,12.4946,12.3896,12.3374
45116.8750000,9.8151,5.8857,6.7520,5.6744,13.6963,8.6857,6.2554,2.3053,5.7414,6.3128,5.1168,3.4919,4.5119,3.3397,0.7330,0.2008,1.4525,0.1218,1.9401,0.2816,1.4089,-1.4881,0.7644,-1.3536,-1.3375,8.7865,-1.3434,-1.0326,-1.1194,-2.0073,-4.6451,-7.4021,-6.7897,-1.6493,0.5046,0.7260,5.2703,7.7343,0.7517,8.5333,9.8878,7.1942,3.5841,5.6303,27.5366,12.2157,7.7909,11.3144,6.7136,7.0314,9.8839,12.0696,14.5270,12.8292,7.0473,4.3794,4.1713,7.2441,19.4244,12.9479,13.7446,11.3100,6.8287,5.3502,7.8342,7.1095,12.0054,12.5011,0.5712,0.6819,1.6864,1.0894,-1.0009,-2.0815,1.8294,2.5794,0.6917,0.1648,-1.7905,8.6033,22.4992,18.8228,7.3415,5.8237,6.7426,5.0606,14.2262,9.8567,16.0396,8.3995,13.6068,22.5858,23.0301,18.7872,8.2505,10.1101,11.4291,13.7530,12.3834,11.9143,12.0062,20.4986,14.7349,16.4243,20.7861,22.4911,16.6898,20.1910,14.0660,18.0338,14.5587,13.3175,14.9043,13.9875,15.1123,13.5412,12.6170,14.4483,11.7277,11.6639,10.4114,12.6082,10.1141,10.0790,7.9427,9.3351,8.4940,12.8238,9.3333,7.7242,7.3446,6.9012,5.0032,3.5709,7.8855,5.0903,4.6196,5.9988,5.9542,4.1945,3.8067,2.8435,3.4008,4.6417,3.0075,3.7641,2.6440,4.3466,-0.3788,0.2954,-0.8943,-1.6023,-3.8284,-7.3920,-0.8839,-1.1960,-0.8587,-0.9672,-0.2436,-1.2442,7.2245,1.6008,3.6426,5.6447,8.6057,3.1132,7.7675,2.0061,2.7207,2.4595,2.0523,3.1313,2.6775,5.1435,5.4545,9.0250,6.7147,7.4995,6.1973,14.3133,14.3887,11.4187,11.8074,16.1458,12.4095,15.7004,11.7834,12.0350,12.2756,12.5055,12.7294,12.9362,13.1372,13.3332,13.5180,13.7023,13.8783,14.0497,14.2157,14.3776,14.5313,14.6817,14.8298,14.9740,15.1160,15.2551,15.3946,15.5305,15.6654,15.8008,15.9343,16.0681,16.2002,16.3326,16.4630,16.5930,16.7210,16.8460,16.9674,17.0840,17.1947,17.2983,17.3936,17.4784,17.5523,17.6139,17.6622,17.6960,17.7151,17.7185,17.7059,17.6778,17.6369,17.5816,17.5090,17.4649
45116.9166667,16.6429,14.5724,14.9041,13.7828,21.2531,15.2549,13.6801,9.3789,12.4222,12.0216,11.0805,9.6867,9.6528,9.3949,7.1877,6.4007,7.1414,5.5490,6.3596,4.7514,5.5922,2.7923,4.0746,2.3524,2.0765,10.6325,1.4978,1.5137,1.1856,0.3141,-2.2481,-4.7879,-4.6146,-0.2595,1.4848,1.6028,5.5650,7.8300,1.7375,8.9540,10.2995,7.8234,4.7347,6.5827,27.0878,13.8297,9.6640,12.5281,8.5765,8.2589,11.2217,13.4734,15.6833,14.1463,7.5175,7.2084,6.8607,9.2964,20.2297,13.9596,14.4882,12.1739,8.6648,7.5903,9.2383,8.9555,13.7294,14.4672,4.4885,4.7215,5.6586,5.1721,3.3127,2.3480,4.8898,6.0770,4.2973,3.6949,1.8998,10.7249,22.9044,19.5372,8.9098,7.1944,8.2534,6.6962,15.1354,10.8812,16.6976,9.0593,14.3469,22.5524,22.8957,19.1275,8.3725,10.5853,11.7866,13.1128,12.2119,11.3694,11.5287,19.7910,15.4135,16.7530,21.3964,23.0634,17.3048,20.9359,14.4671,20.3961,15.5630,14.3932,16.2857,14.6157,16.3571,13.6077,13.6904,16.6417,14.3118,14.3972,11.3617,15.3758,12.6883,13.9129,12.8688,14.5039,13.5028,17.2878,13.3461,10.0527,10.5800,10.3648,9.2048,8.2299,11.9772,9.2183,8.5076,9.7518,8.7519,7.3832,6.7630,6.2258,6.2216,7.0822,6.2078,5.7482,5.3273,7.3832,3.4114,3.7939,2.9908,2.4729,0.7442,-2.3251,2.5199,2.2634,2.4029,2.1161,2.6523,1.7647,8.8005,3.8662,5.2623,6.9215,9.0697,4.2519,8.3605,3.2803,3.9868,3.5411,2.5439,3.7438,3.5914,5.8065,6.0004,8.5834,6.1934,7.0321,5.8962,13.4156,13.0667,9.9214,10.2928,14.5479,10.4639,14.2901,10.4814,10.7817,11.0812,11.3791,11.6773,11.9667,12.2540,12.5385,12.8148,13.0895,13.3561,13.6166,13.8695,14.1152,14.3503,14.5779,14.7982,15.0099,15.2138,15.4094,15.5990,15.7796,15.9533,16.1211,16.2816,16.4368,16.5855,16.7296,16.8681,17.0027,17.1331,17.2595,17.3823,17.5017,17.6178,17.7312,17.8418,17.9492,18.0542,18.1567,18.2566,18.3538,18.4484,18.5399,18.6279,18.7119,18.7929,18.8669,18.9253,18.9790
45116.9583333,20.0454,20.3366,20.4916,19.6089,27.3959,20.0543,19.7698,15.0265,18.1752,16.6088,16.0028,14.8528,13.5221,14.3426,12.7588,11.8515,12.5268,10.8680,10.5292,9.1051,10.3347,7.3060,7.6467,6.6609,6.2034,13.8424,5.2469,4.7765,4.4642,3.2388,0.8340,-1.6328,-1.9312,1.5747,2.8717,2.7290,6.0872,7.9905,2.4207,9.0887,10.2870,7.8709,5.0965,6.6886,25.7852,14.1065,10.0123,12.3843,8.9206,8.1141,11.2935,13.7450,15.8962,14.6037,7.2963,9.1713,8.7800,10.7681,20.7953,14.7142,15.0333,12.7890,10.0427,9.2830,10.1309,10.1744,14.8118,15.6723,6.9249,7.3513,8.4799,8.2489,6.5794,5.5565,6.8133,8.9779,7.3317,6.8227,5.1718,12.8109,23.5740,20.4945,10.5010,8.5188,9.7461,8.1998,16.1460,11.9038,17.4165,9.6740,15.0668,22.6073,22.8473,19.4628,8.4742,10.9619,12.0883,12.6642,12.1331,11.0255,11.2402,19.2991,15.6539,16.7531,21.6591,23.2917,17.5178,21.2065,14.3084,21.7927,15.5855,14.3464,16.5004,14.2425,16.4463,12.8551,13.5913,17.4575,15.3862,15.5466,10.9808,16.3574,13.3660,15.6958,15.7699,17.8359,16.7048,20.2256,15.7486,10.8787,12.2492,12.3648,11.9970,11.6709,15.4648,12.8194,12.0185,13.4721,11.4353,10.4185,9.4944,9.4298,8.7466,9.2693,9.0829,7.1947,7.2281,9.9067,6.2911,6.2621,5.7337,5.1085,3.9511,1.5983,4.7306,4.9682,5.2960,4.6840,5.1160,4.4502,10.7924,6.3489,7.2502,8.7294,10.2252,5.8279,9.6358,4.9517,5.7441,5.0465,3.3653,4.6037,4.6888,6.7055,6.7328,8.4725,6.0008,6.7964,5.7229,12.6613,11.9549,8.7287,9.0210,13.0415,8.8287,12.7741,9.0670,9.2976,9.5328,9.7725,10.0183,10.2640,10.5148,10.7704,11.0269,11.2892,11.5525,11.8181,12.0845,12.3516,12.6164,12.8806,13.1435,13.4035,13.6606,13.9134,14.1629,14.4063,14.6443,14.8770,15.1028,15.3225,15.5349,15.7407,15.9390,16.1306,16.3151,16.4923,16.6626,16.8260,16.9825,17.1326,17.2763,17.4136,17.5453,17.6715,17.7926,17.9090,18.0211,18.1291,18.2333,18.3338,18.4318,18.5245,18.6042,18.6721
45117.0000000,21.6795,24.1493,24.1301,23.4827,31.9413,23.0437,24.1519,18.8451,22.4550,19.6981,19.5346,18.7508,16.1876,18.2177,17.4611,16.5533,17.4429,15.7867,14.1566,12.9452,15.0136,11.4626,10.8889,10.9083,10.3858,17.7856,9.3503,8.3716,8.5828,6.8539,4.9489,2.5346,1.8480,4.4709,5.3268,4.8127,7.6187,9.1086,3.8029,9.8912,10.8978,8.4677,5.8862,7.2123,24.8803,14.3701,10.1691,11.9854,8.7848,7.5884,10.8565,13.3990,15.4597,14.3615,6.6066,10.2367,9.8327,11.4991,20.8791,15.0174,15.2375,13.1122,11.0636,10.6594,10.8610,11.2397,15.8438,16.7181,8.5374,9.0478,10.4295,10.4933,8.9669,7.7896,7.9073,11.2575,9.7484,9.4387,7.9150,14.6657,24.2706,21.4857,11.9701,9.6895,11.1670,9.6298,17.3834,13.1436,18.5011,10.5996,16.1942,23.1932,23.3472,20.2934,9.0282,11.7490,12.8091,12.7788,12.5157,11.1859,11.4205,19.2839,15.7334,16.6474,21.7774,23.3947,17.6114,21.3335,14.1000,22.8692,15.4330,14.0802,16.4048,13.7076,16.2065,12.0568,13.1803,17.7125,15.8149,16.0136,10.3334,16.6141,13.3426,16.5262,17.5729,20.0448,18.7058,22.0422,16.9699,10.8020,12.7816,13.1658,13.4589,13.7560,17.8885,15.3641,14.5790,16.5307,13.4975,12.9262,11.8023,12.3724,11.0662,11.4275,12.0118,8.7065,9.1557,12.6761,9.1687,8.6988,8.4054,7.4765,6.7207,4.9369,6.3580,7.1737,7.8125,6.7241,6.9597,6.5007,12.6499,8.4994,9.0308,10.4685,11.4486,7.2956,11.1067,6.6583,7.7983,6.9103,4.4750,5.7276,6.0940,8.0418,7.9189,8.9515,6.3924,7.1459,6.0981,12.5620,11.5725,8.3292,8.5462,12.3049,8.0986,11.9976,8.4261,8.5824,8.7444,8.9118,9.0859,9.2624,9.4450,9.6336,9.8255,10.0244,10.2269,10.4341,10.6452,10.8604,11.0776,11.2982,11.5221,11.7481,11.9764,12.2061,12.4380,12.6701,12.9028,13.1361,13.3686,13.6007,13.8313,14.0606,14.2874,14.5121,14.7339,14.9521,15.1665,15.3768,15.5823,15.7830,15.9786,16.1684,16.3527,16.5312,16.7040,16.8708,17.0319,17.1872,17.3367,17.4804,17.6188,17.7496,17.8650,17.9574
45117.0416667,22.0300,26.3832,26.2360,25.8179,35.1090,24.6538,27.0907,21.4357,25.6142,21.6925,21.9330,21.4716,17.7428,21.0561,21.1030,20.1978,21.4538,19.8599,16.9116,15.9510,19.1609,14.8959,13.4674,14.6290,14.1057,21.7762,13.1471,11.6132,12.7456,10.3861,9.3849,7.1131,6.3048,8.1312,8.6813,7.7694,10.1848,11.2945,5.9992,11.6079,12.3865,9.8546,7.3435,8.4116,24.7458,15.1252,10.7084,11.9812,8.8873,7.3730,10.6096,13.1187,15.0067,14.0074,6.0073,10.8563,10.3594,11.7170,20.5250,14.8344,14.9643,12.9384,11.4701,11.4001,11.0790,11.7918,16.5040,17.4722,9.6573,10.2092,11.8384,12.1667,10.7041,9.2637,8.4158,12.9264,11.5119,11.4354,9.9934,16.0606,24.6885,22.1700,12.9917,10.4210,12.1663,10.6187,18.3725,14.1099,19.4244,11.3124,17.2070,23.8120,23.9346,21.2128,9.6284,12.6263,13.6761,13.1589,13.1262,11.6271,11.8957,19.6375,15.7948,16.5587,21.8583,23.4541,17.6534,21.3950,13.9005,23.7283,15.2450,13.8020,16.2395,13.2359,15.9185,11.4259,12.7738,17.7702,15.9919,16.2037,9.7623,16.5837,13.0875,16.8882,18.7401,21.5605,19.9581,23.1356,17.4686,10.3397,12.6891,13.2472,14.0236,14.8264,19.3633,16.8930,16.1162,18.6341,14.6464,14.4984,13.2248,14.4791,12.6212,12.9548,14.3805,9.7642,10.6590,15.2266,11.6983,10.8358,10.8664,9.7003,9.3883,8.1613,7.9397,9.3651,10.3838,8.6966,8.7401,8.4012,14.6380,10.5888,10.7723,12.2115,12.7329,8.6397,12.6054,8.1998,9.8099,8.7325,5.4596,6.9132,7.5970,9.6077,9.3626,9.7958,7.1187,7.8656,6.8184,12.9665,11.7422,8.4871,8.6432,12.1768,8.0076,11.8241,8.3747,8.4699,8.5704,8.6760,8.7876,8.9023,9.0227,9.1488,9.2789,9.4154,9.5562,9.7021,9.8525,10.0077,10.1663,10.3293,10.4966,10.6675,10.8422,11.0202,11.2020,11.3863,11.5735,11.7637,11.9559,12.1506,12.3469,12.5452,12.7447,12.9456,13.1475,13.3500,13.5529,13.7558,13.9584,14.1605,14.3618,14.5617,14.7602,14.9570,15.1517,15.3441,15.5339,15.7210,15.9049,16.0853,16.2620,16.4323,16.5871,16.7090
45117.0833333,21.8513,27.7480,27.4633,27.2311,37.3827,25.4216,29.0198,22.9879,27.7416,22.7253,23.3198,23.1459,18.4030,22.7833,23.6531,22.8161,24.5550,23.0555,18.8331,18.1023,22.5723,17.4894,15.2892,17.5961,17.1143,25.4366,16.3581,14.2556,16.5626,13.4671,13.6403,11.5742,10.8782,11.9959,12.4062,11.1044,13.3721,14.2270,8.7137,14.0769,14.6771,11.9944,9.4619,10.3265,25.5412,16.6213,11.8994,12.6013,9.5177,7.7247,10.9008,13.3252,15.0043,14.0396,5.8896,11.5905,10.9265,11.9730,20.2325,14.6474,14.6542,12.6703,11.6252,11.7948,11.0075,11.9637,16.7677,17.8351,10.3254,10.9562,12.8575,13.4518,12.0174,10.2571,8.6286,14.1865,12.8239,12.9894,11.5934,17.1339,24.9351,22.6505,13.7053,10.8566,12.8460,11.2639,19.1097,14.7929,20.1188,11.7621,17.9842,24.2936,24.4065,21.9878,10.0422,13.3226,14.3975,13.4917,13.6604,12.0295,12.3464,20.0545,15.7996,16.4545,21.8991,23.4844,17.6724,21.4035,13.7139,24.4300,15.0632,13.5579,16.0672,12.8607,15.6569,10.9691,12.4447,17.7650,16.0789,16.2988,9.3597,16.4874,12.8320,17.0746,19.5932,22.7141,20.8260,23.8630,17.6429,9.8521,12.3844,13.0332,14.1347,15.3180,20.2373,17.7588,16.9574,20.0002,15.1323,15.3146,13.8951,15.7604,13.4097,13.7523,15.9667,10.1953,11.4739,17.1393,13.5083,12.3079,12.7112,11.4043,11.6382,11.0584,9.3124,11.4074,12.9169,10.5811,10.4487,10.2403,16.8407,12.7515,12.6313,14.1290,14.2457,10.0673,14.3041,9.7728,11.9027,10.5842,6.3874,8.0706,9.0937,11.2759,10.9297,10.8436,8.0044,8.7812,7.7100,13.7144,12.2875,8.9960,9.1089,12.4861,8.3302,12.0939,8.7235,8.7725,8.8258,8.8836,8.9465,9.0124,9.0834,9.1593,9.2391,9.3246,9.4143,9.5086,9.6075,9.7108,9.8178,9.9292,10.0449,10.1645,10.2880,10.4152,10.5466,10.6811,10.8191,10.9607,11.1053,11.2532,11.4039,11.5577,11.7140,11.8730,12.0346,12.1983,12.3642,12.5320,12.7016,12.8729,13.0455,13.2192,13.3941,13.5698,13.7463,13.9232,14.1006,14.2782,14.4556,14.6326,14.8089,14.9817,15.1421,15.2688
45117.1250000,21.2641,28.3839,27.9830,27.9078,38.8959,25.5622,30.1832,23.8647,29.1790,23.1784,24.0693,24.1316,18.5290,23.7098,25.2903,24.4806,26.6879,25.2670,19.8583,19.3470,25.0851,19.1613,16.3060,19.6898,19.2761,28.4647,18.7688,16.1380,19.7298,15.8737,17.3752,15.5532,15.1479,15.6317,16.0359,14.3529,16.6861,17.4112,11.4810,16.8582,17.3459,14.4751,11.8497,12.5922,27.0119,18.7362,13.6648,13.7875,10.6636,8.5897,11.7451,14.0869,15.5547,14.5798,6.2513,12.6657,11.7974,12.5367,20.2758,14.7393,14.6024,12.6188,11.8758,12.2038,10.9969,12.1032,16.9190,17.9904,10.6426,11.3371,13.4887,14.3294,12.9081,10.8693,8.6272,15.0899,13.7582,14.1534,12.7700,17.8850,24.9694,22.8851,14.1034,11.0069,13.2104,11.5947,19.5794,15.1964,20.5662,11.9661,18.5027,24.5794,24.6885,22.5419,10.2360,13.7759,14.8858,13.6583,13.9919,12.2525,12.6172,20.3454,15.5643,16.1502,21.7217,23.3172,17.5200,21.2362,13.4477,24.9312,14.8446,13.3130,15.8613,12.5216,15.3788,10.5885,12.1329,17.6684,16.0514,16.2781,9.0380,16.3301,12.5732,17.1351,20.2059,23.6033,21.4450,24.3631,17.6633,9.4542,12.0638,12.7599,14.0736,15.5291,20.7673,18.2437,17.3944,20.8834,15.2439,15.6648,14.1083,16.4622,13.6863,14.0326,16.9049,10.1868,11.7372,18.3871,14.5951,13.0992,13.8449,12.4382,13.2207,13.3108,10.1914,12.9473,15.0119,12.0156,11.7444,11.6921,18.8695,14.6477,14.2814,15.8976,15.6655,11.3138,15.9569,11.2117,13.9693,12.4216,7.2775,9.2082,10.5813,13.0075,12.5599,11.9992,8.9436,9.7709,8.6453,14.6472,13.0240,9.6498,9.7278,13.0151,8.8188,12.5821,9.2372,9.2542,9.2750,9.2997,9.3287,9.3606,9.3966,9.4368,9.4802,9.5283,9.5798,9.6353,9.6946,9.7577,9.8241,9.8943,9.9684,10.0460,10.1273,10.2121,10.3008,10.3927,10.4881,10.5871,10.6893,10.7949,10.9036,11.0155,11.1304,11.2485,11.3694,11.4932,11.6196,11.7487,11.8802,12.0142,12.1504,12.2888,12.4292,12.5716,12.7159,12.8619,13.0097,13.1590,13.3097,13.4615,13.6141,13.7653,13.9071,14.0195
45117.1666667,20.1845,28.2292,27.7464,27.8078,39.5603,25.0431,30.5335,24.0032,29.8420,23.0063,24.1501,24.4234,18.1602,23.9960,26.1890,25.3902,28.0204,26.6420,20.1647,19.8165,26.7070,19.9680,16.5701,20.8728,20.5199,30.6471,20.2410,17.1321,21.9954,17.3930,20.2680,18.7090,18.7156,18.6255,19.1206,17.0710,19.6305,20.3315,13.8446,19.4572,19.8982,16.8158,14.0480,14.7469,28.7064,21.0679,15.6278,15.2365,12.0503,9.6839,12.9084,15.2150,16.5044,15.4994,6.8907,14.0264,12.9389,13.3865,20.6591,15.1193,14.8281,12.8127,12.2842,12.7150,11.1304,12.3251,17.0983,18.0878,10.7575,11.4625,13.8026,14.8373,13.3997,11.1097,8.4048,15.5967,14.2755,14.8760,13.4780,18.2379,24.6892,22.7701,14.1115,10.8150,13.1824,11.5369,19.6492,15.1989,20.6144,11.8060,18.6071,24.4938,24.6025,22.6999,10.0896,13.8446,14.9933,13.5082,13.9751,12.1555,12.5630,20.3157,15.1203,15.6369,21.2723,22.8597,17.0832,20.7733,12.9532,25.0647,14.4230,12.9108,15.4814,12.0730,14.9592,10.1425,11.7234,17.3914,15.8327,16.0675,8.6761,16.0288,12.2209,17.0029,20.5245,24.1714,21.7649,24.5815,17.4799,9.0380,11.6648,12.3900,13.8456,15.4986,20.9953,18.4217,17.5251,21.3870,15.1046,15.6971,14.0286,16.7529,13.6342,13.9749,17.3600,9.9274,11.6422,19.0895,15.1158,13.3703,14.3859,12.8837,14.1292,14.8257,10.5316,13.8604,16.4718,12.8470,12.4596,12.5537,20.4010,15.9902,15.4315,17.2003,16.6714,12.1080,17.2313,12.2324,15.6927,13.9541,7.9057,10.1360,11.8878,14.6374,14.1084,13.1197,9.8145,10.7138,9.5159,15.6303,13.8114,10.3117,10.3588,13.6107,9.3208,13.1258,9.7536,9.7424,9.7346,9.7305,9.7302,9.7328,9.7392,9.7494,9.7629,9.7804,9.8014,9.8260,9.8542,9.8859,9.9208,9.9593,10.0012,10.0465,10.0952,10.1471,10.2024,10.2608,10.3224,10.3873,10.4552,10.5262,10.6001,10.6772,10.7571,10.8401,10.9259,11.0145,11.1060,11.2001,11.2969,11.3964,11.4985,11.6029,11.7099,11.8192,11.9308,12.0447,12.1609,12.2791,12.3994,12.5215,12.6451,12.7684,12.8850,12.9775
45117.2083333,18.9470,27.6298,27.0777,27.2497,39.6544,24.1678,30.3339,23.6123,29.8767,22.3619,23.6979,24.1359,17.3940,23.6396,26.3725,25.6124,28.6536,27.3315,19.9610,19.7436,27.6453,20.1804,16.3652,21.3988,21.0947,32.1465,21.0130,17.4775,23.4797,18.1592,22.3211,21.0138,21.4815,20.8611,21.5050,19.0966,21.9871,22.7346,15.5970,21.5835,22.0344,18.7301,15.7933,16.5135,30.3029,23.3033,17.4908,16.6299,13.3875,10.7344,14.1309,16.4880,17.6707,16.6519,7.6509,15.5977,14.3068,14.5063,21.4138,15.8394,15.4029,13.3350,12.9616,13.4616,11.5290,12.7728,17.4721,18.3047,10.8297,11.4905,13.9662,15.1531,13.6750,11.1234,8.0921,15.8335,14.5049,15.2910,13.8719,18.3440,24.2476,22.4712,13.9241,10.4774,12.9511,11.2795,19.4709,14.9619,20.4011,11.4424,18.4287,24.1447,24.2463,22.5473,9.7188,13.6110,14.7884,13.1134,13.6807,11.8083,12.2461,20.0027,14.4940,14.9603,20.6189,22.1981,16.4687,20.1046,12.3132,24.8780,13.8198,12.3379,14.9110,11.4913,14.3751,9.6012,11.1882,16.9170,15.4180,15.6651,8.2426,15.5698,11.7613,16.6853,20.5799,24.4555,21.8333,24.5699,17.1462,8.6125,11.2093,11.9435,13.4852,15.2778,20.9812,18.3642,17.4281,21.5999,14.8043,15.5186,13.7683,16.7677,13.3922,13.7249,17.4982,9.5676,11.3655,19.4244,15.2854,13.3455,14.5575,12.9585,14.5523,15.7516,10.5149,14.2937,17.4007,13.2245,12.7334,12.9439,21.4570,16.8344,16.1340,18.0684,17.2962,12.5231,18.1174,12.8518,16.9939,15.0779,8.2147,10.7344,12.8686,16.0034,15.4276,14.0694,10.5132,11.5097,10.2436,16.5701,14.5738,10.9303,10.9623,14.2349,9.8209,13.7107,10.2773,10.2460,10.2172,10.1910,10.1676,10.1465,10.1285,10.1135,10.1013,10.0926,10.0870,10.0846,10.0854,10.0895,10.0966,10.1070,10.1207,10.1376,10.1577,10.1809,10.2074,10.2370,10.2696,10.3054,10.3442,10.3860,10.4308,10.4786,10.5292,10.5828,10.6392,10.6984,10.7603,10.8250,10.8923,10.9623,11.0348,11.1099,11.1874,11.2674,11.3498,11.4346,11.5218,11.6112,11.7029,11.7966,11.8922,11.9883,12.0797,12.1525
45117.2500000,17.3870,26.4159,25.7853,26.0150,38.8771,22.6461,29.3339,22.6258,29.2287,21.2011,22.6840,23.2691,16.2635,22.8062,25.9427,25.1891,28.5346,27.2448,19.1825,19.1003,27.7949,19.7512,15.6812,21.2634,21.0027,32.8241,21.0342,17.2239,24.1976,18.2880,23.5937,22.5122,23.4288,22.2819,23.0656,20.3108,23.5294,24.3394,16.5662,22.9773,23.4268,19.8764,16.7731,17.5456,31.3322,24.9881,18.8310,17.5659,14.3091,11.3814,14.9839,17.4356,18.5503,17.5159,8.0807,16.9730,15.5400,15.5221,22.1080,16.4683,15.9108,13.8185,13.6385,14.2596,12.0427,13.3521,17.9805,18.6222,10.9726,11.5333,14.0413,15.3042,13.7621,10.9966,7.7290,15.7980,14.4227,15.3335,13.8587,18.0148,23.3623,21.6682,13.2340,9.7177,12.2684,10.6183,18.8309,14.2957,19.7323,10.7099,17.7835,23.3203,23.4081,21.9088,9.0264,13.0030,14.1925,12.3640,12.9920,11.0993,11.5524,19.2416,13.6586,14.0543,19.6383,21.1700,15.5135,19.1038,11.4671,24.3074,12.9977,11.5755,14.0942,10.6973,13.5219,8.8467,10.4154,16.1023,14.6522,14.9111,7.6203,14.8291,11.0798,16.0581,20.2319,24.2959,21.4864,24.1338,16.4926,8.0346,10.5929,11.3438,12.9363,14.8109,20.6333,17.9875,17.0255,21.4275,14.2548,15.0729,13.2960,16.4732,12.9224,13.2440,17.2793,9.0672,10.9057,19.3655,15.0789,13.0017,14.3677,12.7326,14.5896,16.2031,10.2382,14.2988,17.7825,13.1258,12.5457,12.8432,21.9133,17.0526,16.2236,18.2879,17.2977,12.3505,18.3796,12.9019,17.7067,15.6718,8.1776,10.9356,13.4121,16.9205,16.3005,14.6108,10.8172,11.9142,10.5855,17.1314,14.9391,11.1264,11.1369,14.4419,9.8831,13.8823,10.3934,10.3757,10.3560,10.3346,10.3121,10.2887,10.2650,10.2417,10.2187,10.1968,10.1760,10.1567,10.1389,10.1230,10.1089,10.0970,10.0873,10.0800,10.0751,10.0728,10.0731,10.0759,10.0814,10.0897,10.1007,10.1144,10.1309,10.1501,10.1721,10.1969,10.2244,10.2546,10.2875,10.3231,10.3613,10.4021,10.4455,10.4915,10.5399,10.5909,10.6443,10.7001,10.7584,10.8189,10.8818,10.9469,11.0140,11.0821,11.1473,11.1983
45117.2916667,15.6263,24.6853,23.8915,24.0149,37.0434,20.2069,27.0447,20.2674,27.0438,18.6751,20.1878,20.8545,13.8208,20.5599,24.0096,23.3285,26.9475,25.6969,17.1907,17.2607,26.5367,18.0198,13.8835,19.8190,19.5967,31.9902,19.5501,15.5754,23.3716,17.0381,23.3780,22.5062,23.8761,22.2827,23.1709,20.0953,23.5903,24.3884,15.9704,22.7979,23.1255,19.3059,15.9575,16.7805,30.7230,24.9020,18.4687,16.9742,13.7912,10.6987,14.5292,17.0667,18.1328,17.0664,7.2542,16.9525,15.4629,15.2862,21.6244,15.8385,15.1583,13.0125,12.9572,13.7371,11.3822,12.8328,17.5738,18.1728,10.7656,11.3642,13.8612,15.0420,13.3410,10.3976,7.0475,15.1837,13.6296,14.5284,12.8358,16.5866,21.4306,19.6383,11.2277,7.6725,10.0904,8.4759,16.5499,11.9762,17.3235,8.4060,15.3690,20.7375,20.8343,19.4856,6.8122,10.7977,12.0202,10.1771,10.8014,8.9494,9.4382,16.9701,11.5618,11.9097,17.3760,18.8315,13.2778,16.8524,9.5461,22.5904,11.2589,10.0218,12.5305,9.2018,11.9101,7.4043,8.8733,14.4152,12.9577,13.2022,6.1876,13.1912,9.5465,14.5049,18.7836,22.9647,19.9906,22.5459,14.7441,6.5540,9.0643,9.8597,11.5036,13.4141,19.2815,16.6264,15.6781,20.2314,12.7943,13.6992,11.9727,15.3098,11.6688,12.0045,16.2015,7.8947,9.7586,18.4637,14.0106,11.8281,13.3010,11.7161,13.8369,15.7979,9.3937,13.6162,17.3384,12.2802,11.5384,11.7999,21.2956,16.1133,15.1411,17.2648,16.0998,10.9656,17.2818,11.6347,16.9832,14.9398,7.1200,10.0798,12.8701,16.7690,16.1094,14.1780,10.1546,11.3204,9.9134,16.6433,14.2733,10.2212,10.1175,13.4055,8.6815,12.6788,9.0544,9.0500,9.0441,9.0366,9.0277,9.0168,9.0051,8.9926,8.9792,8.9654,8.9512,8.9367,8.9220,8.9071,8.8920,8.8768,8.8613,8.8457,8.8302,8.8148,8.7998,8.7852,8.7712,8.7580,8.7450,8.7335,8.7238,8.7156,8.7090,8.7042,8.7010,8.6994,8.6998,8.7022,8.7077,8.7129,8.7207,8.7302,8.7418,8.7553,8.7707,8.7877,8.8063,8.8261,8.8444,8.8561,8.8734,8.8930,8.9091,8.9216
45117.3333333,12.4149,21.3984,20.6503,20.7326,33.9180,16.8454,23.6911,16.7822,23.6820,15.2510,16.7065,17.3734,10.5155,17.0203,20.5769,19.9230,23.5450,22.1645,13.5584,13.8456,23.5554,14.8114,10.8695,16.9479,16.7186,29.5953,16.6558,12.6312,21.0022,14.3637,21.4297,20.6519,22.2024,20.1214,21.2267,18.0990,21.9959,22.8149,13.8929,21.1396,21.3178,17.3170,13.7168,14.5970,28.7379,23.0920,16.4303,14.8491,11.7167,8.6483,12.5703,15.0337,15.9270,14.7744,4.9618,15.0798,13.6520,13.4535,19.7063,13.8065,13.0452,10.8272,10.7905,11.6783,9.3590,10.7262,15.3476,16.0360,9.4930,10.5405,13.1897,14.3014,12.4298,9.3326,6.1241,14.1492,12.3714,13.2266,11.2534,14.6366,19.1648,17.1836,8.7575,5.2677,7.2615,5.7388,13.4403,8.8294,13.9130,5.3292,11.8122,16.8993,16.9239,15.5408,3.3987,7.1405,8.3523,6.6976,7.1949,5.4458,5.9006,13.0807,7.8585,8.2039,13.3386,14.7475,9.4192,12.9804,6.2215,19.2051,8.1410,7.1323,9.7297,6.6056,9.1695,4.9959,6.2049,11.6025,10.2186,10.5113,4.0151,10.6000,7.0089,11.8821,16.1237,20.4155,17.3450,19.8538,11.9889,4.3273,6.6831,7.4450,8.9811,10.8380,16.5002,13.9368,13.0814,17.6848,10.2517,11.0818,9.4921,12.9998,9.4164,9.8177,14.0999,5.9677,7.8105,16.6175,12.0647,9.8461,11.3624,9.8523,12.1762,14.3738,7.9078,12.2010,16.0861,10.7806,9.8273,9.9474,19.9311,14.1474,13.1532,15.2435,14.1042,8.7506,15.0892,9.3520,14.8451,12.8541,4.9962,7.9358,10.8515,15.1232,14.4320,12.6195,8.2599,9.5073,8.0851,14.9243,12.7324,8.3840,8.0783,11.2904,6.4154,10.2276,6.2224,6.2796,6.3323,6.3783,6.4174,6.4486,6.4763,6.4987,6.5145,6.5249,6.5306,6.5311,6.5280,6.5220,6.5125,6.5011,6.4873,6.4722,6.4601,6.4385,6.4180,6.3968,6.3745,6.3503,6.3259,6.3005,6.2744,6.2473,6.2194,6.1907,6.1612,6.1307,6.0998,6.0683,6.0359,6.0025,5.9662,5.9129,5.8095,5.7317,5.6593,5.5877,5.5189,5.4518,5.3882,5.3271,5.2703,5.2176,5.1637,5.1229
45117.3750000,5.2427,14.1047,13.9376,14.3109,27.7893,11.0966,18.0184,11.3481,18.4858,10.4056,11.9300,12.7630,6.4619,12.3858,15.9892,15.4749,19.5678,17.3659,9.0800,8.8033,18.6750,9.6985,6.2415,12.4289,12.2535,25.4202,12.2264,8.4317,17.1990,10.4484,17.8732,17.1725,18.9275,15.7762,16.1488,12.5490,17.2485,18.9628,10.0791,17.8174,17.8819,14.0760,10.3525,11.3924,25.6141,20.0147,13.1692,11.6168,8.6108,5.8365,9.9970,11.4482,12.0627,10.2353,0.9318,10.7593,9.2359,9.3044,15.3158,9.6456,9.4790,6.4631,6.5158,7.6842,5.9694,7.0895,12.0431,11.7668,5.5115,8.1596,11.2343,12.4986,10.8368,7.4064,4.7408,12.4162,10.5065,11.4311,9.1962,12.2538,16.7932,14.6167,6.1152,3.6802,4.0458,2.8051,10.0153,5.4535,9.9274,1.9251,7.1601,11.7053,12.0617,10.7349,-1.3463,1.9021,3.1691,2.0020,2.2040,1.3074,0.7926,7.7097,1.7610,2.8207,7.3992,8.4610,2.6827,6.7760,0.6161,13.4301,2.8016,1.9955,4.6847,2.1201,4.9463,1.3283,1.6820,6.8238,5.7410,6.1407,0.6006,7.1753,3.3457,8.0083,12.1320,16.5952,13.5252,15.9889,8.1946,1.4499,3.5963,4.3029,5.6948,7.4284,12.2924,9.9365,9.2153,14.1758,6.6079,6.9590,5.6805,9.3085,5.9308,6.5071,10.8688,3.2764,5.0877,13.7797,9.2092,7.0282,8.5203,7.2059,9.7394,12.0689,5.9412,10.2347,14.2477,8.7830,7.7099,7.5224,18.8603,11.4317,10.8042,12.3549,11.3319,6.1773,11.6384,6.3997,11.2506,9.1897,1.6023,4.4060,7.1085,12.0164,10.8194,9.9280,4.9776,6.2889,4.9176,11.8757,10.5632,5.9672,5.4736,8.6912,3.8690,7.2362,2.3759,2.5138,2.6393,2.7540,2.8567,2.9478,3.0328,3.1094,3.1771,3.2367,3.2889,3.3332,3.3708,3.4018,3.4250,3.4437,3.4548,3.4610,3.4603,3.4549,3.4431,3.4264,3.4046,3.3774,3.3460,3.3099,3.2696,3.2240,3.1624,2.9808,2.8197,2.6506,2.4882,2.3377,2.1801,2.0303,1.8821,1.7394,1.5975,1.4568,1.3180,1.1811,1.0479,0.9169,0.7890,0.6638,0.5429,0.4270,0.3093,0.2216
45117.4166667,-5.9677,2.1562,2.7957,3.5813,18.9001,0.7647,7.5232,2.2096,10.1517,1.4797,3.2242,4.5181,-0.4501,4.9585,8.9499,9.1268,14.8302,11.4994,4.8592,3.5983,13.7187,5.1057,2.0541,7.9799,7.6481,21.1124,5.7905,2.1076,10.7021,3.5293,10.5332,11.0392,14.2922,11.0098,11.0167,6.4666,9.0962,9.9325,1.7393,10.9763,9.5522,6.5651,3.1910,4.7174,21.1207,13.4641,6.1210,5.2576,3.2250,1.1678,6.9191,7.9272,8.2281,5.9616,-3.7173,5.2935,2.8472,3.8974,9.4885,1.6159,3.2906,-0.9790,-0.7476,0.7989,0.3692,1.3328,7.8541,7.3297,-0.2047,3.9154,7.7028,7.9796,7.5917,4.0069,2.1614,10.7103,6.6170,9.3948,4.3581,6.9372,14.4345,11.1339,0.0121,-0.1530,-2.2117,-2.7559,4.0817,-0.1793,3.8966,-1.7208,2.6276,5.2917,5.5028,3.6930,-7.7247,-6.1161,-4.5270,-4.7010,-4.6491,-3.4761,-5.3881,2.5868,-5.9062,-3.3889,0.7806,1.2584,-4.8782,-1.8748,-7.1790,5.6769,-4.1436,-4.4726,-2.0797,-3.7694,0.0925,-2.7981,-3.9779,0.4419,0.5036,-0.0914,-5.3205,1.3286,-2.8420,2.2646,4.5682,9.3064,6.3108,8.9230,0.9821,-5.0762,-2.6478,-1.8292,-0.1035,1.9408,6.1406,3.2436,3.3777,9.7865,2.5638,1.5954,0.5412,4.4455,1.3204,0.9799,5.3620,-1.8107,0.3701,8.5775,4.0618,0.7497,3.1870,1.7502,4.9840,7.9405,2.4106,6.5885,12.1933,4.8347,5.0078,3.1055,16.3317,8.4433,7.5937,6.9528,7.6161,2.1371,6.6800,2.7921,6.8199,4.7829,-2.1737,0.1262,1.9934,7.6739,6.2689,6.0411,0.0168,2.3264,-0.1665,8.3982,6.9489,2.3277,1.7858,5.1632,0.6516,3.4920,-2.5882,-2.2910,-2.0060,-1.7343,-1.4789,-1.2434,-1.0217,-0.8185,-0.6346,-0.4697,-0.3230,-0.1943,-0.0818,0.0157,0.0984,0.1694,0.2268,0.2624,0.1470,-0.0518,-0.2321,-0.4030,-0.5750,-0.7468,-0.9157,-1.0676,-1.2329,-1.3845,-1.5364,-1.6790,-1.8326,-1.9795,-2.1283,-2.2733,-2.4262,-2.5763,-2.7284,-2.8796,-3.0328,-3.1877,-3.3436,-3.5001,-3.6557,-3.8110,-3.9650,-4.1179,-4.2681,-4.4143,-4.5647,-4.6755
45117.4583333,-16.3924,-10.2749,-8.7939,-8.0037,8.9693,-11.2009,-5.0938,-8.8979,0.9959,-8.7205,-8.2664,-7.5867,-10.6626,-6.6469,-3.7873,-2.3644,6.7498,2.8092,-0.4210,-2.4683,6.1386,-2.4496,-4.4326,1.6887,2.1288,18.0171,-0.0796,-3.8620,6.4660,-1.7275,5.9051,4.7025,9.5480,6.8954,6.5532,0.9645,3.2381,0.8766,-8.3731,2.7117,0.0096,-5.2722,-8.2856,-6.2055,14.5673,5.3326,-2.9354,-3.1702,-4.5025,-5.2670,2.7576,4.0866,4.2307,2.9549,-6.4317,1.0724,-2.8146,0.8727,5.6332,-5.5898,-2.4592,-8.3433,-8.3328,-6.6032,-4.7427,-5.0367,1.5066,0.9105,-6.4171,-1.4123,5.0858,3.7552,4.5745,-0.7044,-1.6026,8.3355,1.2909,6.9453,-1.1119,1.8538,13.6451,8.9796,-4.6207,-3.4472,-7.5654,-7.0778,-1.7893,-7.2425,-0.0356,-5.8174,-2.0251,0.6917,0.8068,-1.7047,-11.7365,-12.6252,-11.5037,-10.6346,-11.2046,-8.1095,-11.4027,-3.9626,-15.0735,-11.3246,-7.1713,-6.6387,-12.0893,-11.1409,-15.7197,-2.8307,-10.8609,-10.3210,-8.8382,-10.8303,-5.8259,-7.6795,-10.8183,-7.4579,-5.7770,-6.1024,-10.8692,-4.4052,-9.4966,-4.2519,-4.5594,2.1678,-0.8157,2.4187,-5.4043,-10.9866,-8.4249,-7.7244,-5.4245,-2.6196,1.6838,-4.1002,-5.3552,2.3113,-3.0087,-3.4506,-6.3877,-1.5651,-4.2234,-5.8959,-0.3654,-7.4961,-4.6342,4.8710,-0.0158,-3.9949,-0.7112,-3.7631,-1.6069,2.1075,-2.3296,1.8408,8.0638,-0.2722,0.4309,-2.5342,12.9168,5.3429,3.8327,1.7706,3.3858,-1.4115,3.3973,-1.0666,1.8704,0.0541,-5.9574,-4.0339,-3.4579,3.2541,1.8207,2.6021,-4.5932,-1.0118,-4.8108,5.9836,4.2055,-0.3723,-0.9998,2.4200,-1.7966,-0.1593,-7.6764,-8.1669,-8.5488,-8.8066,-8.9388,-8.9595,-8.8812,-8.7344,-8.5453,-8.2762,-7.9223,-7.5951,-7.2855,-7.0562,-6.8609,-6.7188,-6.6235,-6.5638,-6.5319,-6.5194,-6.5061,-6.5056,-6.5162,-6.5372,-6.5672,-6.5953,-6.6425,-6.6886,-6.7430,-6.7982,-6.8682,-6.9398,-7.0189,-7.1009,-7.1940,-7.2901,-7.3922,-7.4979,-7.6090,-7.7249,-7.8450,-7.9688,-8.0950,-8.2240,-8.3549,-8.4877,-8.6212,-8.7537,-8.8956,-8.9980
45117.5000000,-26.2226,-22.8106,-19.3582,-16.9983,-2.0531,-22.4378,-19.6530,-24.1396,-11.8881,-18.4370,-18.2162,-20.1339,-21.6744,-18.2286,-16.5645,-18.7127,-9.2299,-13.9561,-16.3276,-17.7708,-6.2134,-15.4465,-15.1492,-9.6192,-7.2192,9.9608,-6.5945,-12.1782,-0.2274,-9.4876,-0.5579,-3.1750,3.1247,1.0194,2.9550,-1.8889,1.0873,-1.5911,-13.0789,-1.2741,-4.8904,-13.1042,-18.8443,-17.1324,7.1603,-5.0269,-14.3476,-14.6547,-17.2786,-17.9357,-9.8083,-6.4707,-4.5989,-6.3042,-14.2729,-7.4299,-8.7012,-1.0431,4.1043,-6.7333,-4.9987,-12.7421,-16.5355,-15.4351,-13.1751,-12.7727,-3.8075,-4.0384,-13.9130,-8.6126,-2.1913,-3.9884,-2.3127,-5.3627,-5.2031,6.2040,-1.2089,5.2314,-6.6629,-4.2664,12.8498,6.8313,-6.4911,-7.9593,-15.5322,-14.3775,-5.9177,-13.9682,-4.4593,-9.9207,-6.6101,-3.7719,-3.8474,-7.5818,-17.4264,-20.7626,-19.7842,-16.5652,-20.4872,-17.5512,-18.7849,-12.2037,-21.7118,-18.1803,-14.3962,-14.0371,-18.7948,-18.3509,-23.6211,-12.8874,-20.4570,-19.7212,-15.5056,-18.3386,-13.0890,-13.2923,-18.2373,-12.7253,-11.2164,-11.6532,-16.6555,-10.9539,-14.7356,-11.1662,-11.6194,-6.9309,-9.5408,-5.2734,-12.3201,-15.3837,-13.9114,-14.9571,-14.1871,-11.5959,-5.9578,-10.2114,-10.7971,-4.5657,-10.8491,-10.5235,-12.2844,-7.6242,-9.6361,-10.8550,-6.1170,-13.3512,-10.2690,-0.2542,-8.1373,-10.5339,-7.6741,-9.4271,-6.8161,-4.4885,-6.6630,0.0662,4.7072,-1.9406,-4.5031,-7.4724,7.8708,-0.2479,-2.8801,-5.3921,-3.1398,-6.1609,-2.4598,-7.0737,-5.2223,-6.5619,-11.0010,-9.7090,-10.1265,-3.0376,-3.9422,-1.6322,-9.7885,-4.7897,-8.7058,2.7025,0.9069,-3.3456,-3.8693,-0.2469,-3.8859,-3.0007,-9.3261,-9.8297,-10.3308,-10.8293,-11.3257,-11.8229,-12.3088,-12.7841,-13.2427,-13.6328,-13.9271,-14.1832,-14.3769,-14.5413,-14.6383,-14.6830,-14.6768,-14.6210,-14.5203,-14.3795,-14.1946,-13.9853,-13.7600,-13.5274,-13.2945,-13.0612,-12.8481,-12.6458,-12.4642,-12.3003,-12.1647,-12.0483,-11.9545,-11.8790,-11.8263,-11.7892,-11.7686,-11.7613,-11.7676,-11.7861,-11.8154,-11.8545,-11.9019,-11.9574,-12.0198,-12.0888,-12.1630,-12.2410,-12.3352,-12.3991
45117.5416667,-33.1906,-32.4843,-27.1370,-23.9727,-10.1255,-26.9825,-26.5193,-33.6977,-21.7292,-25.1521,-25.3591,-27.7746,-28.2254,-26.0619,-25.4952,-27.8911,-20.4985,-25.0589,-26.2284,-28.4919,-18.4396,-29.1123,-27.1888,-26.0838,-20.3235,-3.0180,-17.1154,-22.2934,-9.1398,-18.9382,-7.0733,-10.6942,-3.5296,-2.0899,-0.2358,-5.3167,-2.0117,-4.5763,-17.4611,-4.0126,-7.0430,-14.0044,-22.9890,-22.1006,4.0201,-11.9614,-20.3704,-19.7095,-23.9877,-24.9386,-16.4045,-15.3714,-14.2603,-15.1561,-22.2665,-20.7554,-20.7696,-8.9673,-1.0388,-10.8668,-9.2498,-15.5457,-22.8048,-21.7223,-18.5991,-17.6740,-9.4251,-9.6237,-21.3593,-14.6929,-7.2792,-10.7265,-12.8341,-14.6151,-12.7393,0.4688,-5.5678,1.8826,-10.6401,-8.3991,14.4571,7.6533,-5.0271,-6.7697,-18.7109,-16.6192,-8.3388,-18.6982,-8.3252,-13.0256,-9.9893,-6.8197,-6.8065,-11.3901,-19.0011,-22.5872,-22.1145,-16.1952,-22.2375,-20.4190,-22.2349,-18.4638,-26.7010,-23.9161,-21.0435,-20.9919,-24.9071,-25.1175,-30.6590,-22.2096,-27.2595,-26.2250,-20.7275,-22.1952,-18.9172,-17.6731,-25.2270,-18.7752,-17.9509,-16.9702,-20.7616,-17.4128,-20.0541,-17.7152,-17.4314,-12.8765,-15.5167,-10.7955,-17.2202,-17.9387,-17.6467,-18.1414,-20.2296,-18.9315,-11.1578,-16.0700,-16.2480,-10.0780,-15.0478,-15.7236,-17.0887,-13.1668,-14.5210,-15.4789,-11.5769,-16.8671,-15.3186,-5.6127,-16.0294,-17.2563,-14.3427,-16.8646,-14.4200,-13.4337,-12.7575,-3.9715,-0.2500,-4.7151,-7.0956,-11.2175,4.3135,-3.4242,-5.4401,-6.9873,-3.4675,-7.2392,-5.5074,-10.6386,-11.2913,-12.7108,-14.8546,-14.9060,-15.4952,-9.5219,-10.4485,-7.1321,-15.3671,-10.3162,-12.9119,-1.5437,-3.0677,-6.6947,-6.9673,-3.1128,-5.9591,-5.6601,-10.8081,-11.1041,-11.4203,-11.7519,-12.0949,-12.4508,-12.8065,-13.1646,-13.5230,-13.8475,-14.1216,-14.3899,-14.6381,-14.8921,-15.1263,-15.3518,-15.5684,-15.7746,-15.9694,-16.1509,-16.3097,-16.4524,-16.5774,-16.6831,-16.7675,-16.8241,-16.8627,-16.8728,-16.8594,-16.8196,-16.7617,-16.6811,-16.5833,-16.4689,-16.3453,-16.2121,-16.0742,-15.9341,-15.7960,-15.6627,-15.5367,-15.4199,-15.3137,-15.2195,-15.1380,-15.0697,-15.0143,-14.9715,-14.9579,-14.9382
45117.5833333,-37.2007,-34.3600,-30.1547,-25.4354,-12.6269,-26.7269,-28.9305,-35.0436,-25.8542,-26.9374,-28.1811,-31.5513,-31.0022,-30.4641,-30.8257,-33.0964,-27.2248,-31.1511,-30.4244,-33.0921,-24.8004,-35.9518,-30.1120,-35.4282,-27.8120,-12.3364,-27.7824,-31.0487,-18.1752,-27.9577,-18.5861,-20.9279,-12.6334,-6.4301,-3.4983,-7.8278,-3.6463,-5.7773,-19.7032,-4.7968,-7.3163,-13.1774,-24.6915,-24.8791,2.5782,-15.3960,-22.0949,-20.2018,-25.4061,-26.4643,-18.4271,-18.6599,-17.7806,-17.8423,-23.3931,-28.4412,-28.3383,-17.8281,-5.7179,-14.5801,-13.0070,-18.0390,-27.8856,-27.4929,-23.4671,-18.4298,-12.7062,-13.7995,-27.6508,-19.9384,-11.4518,-12.5776,-13.9229,-19.9697,-16.8186,-5.4363,-11.2560,-7.3979,-17.9494,-14.8480,12.1110,5.3463,-6.2201,-7.7218,-22.0799,-16.5026,-8.9007,-17.3803,-8.3672,-12.4007,-10.0945,-7.0263,-7.1939,-12.7744,-18.5204,-22.2621,-21.9137,-13.5817,-20.8856,-19.5062,-21.2890,-19.3995,-26.2497,-23.9412,-22.0392,-22.4977,-25.8521,-27.1756,-32.4416,-28.6154,-31.7216,-30.7438,-24.4681,-24.5932,-22.7865,-19.9721,-29.7337,-23.3640,-25.5550,-20.4123,-21.7739,-20.4965,-22.0387,-21.4345,-25.1784,-18.6096,-20.0537,-14.3324,-19.5306,-17.7110,-20.5886,-19.4568,-23.1083,-22.7001,-13.2833,-18.7789,-22.0934,-14.2269,-16.9973,-17.8309,-18.5004,-14.5244,-14.5551,-15.8287,-13.5073,-16.8081,-16.1157,-7.2715,-20.1126,-20.6205,-17.2165,-20.7920,-19.4299,-20.7710,-17.4024,-8.3671,-5.6552,-7.9998,-9.9404,-14.9315,0.4718,-6.5303,-7.7522,-8.2743,-3.3647,-7.2819,-6.5239,-11.8464,-14.2383,-15.8349,-15.8250,-17.3710,-18.6171,-14.0548,-15.0467,-10.4975,-16.5800,-13.3453,-15.2512,-4.6384,-6.0456,-9.1367,-9.4117,-5.6845,-7.7491,-8.1929,-12.3397,-12.4866,-12.6326,-12.7779,-12.9234,-13.0753,-13.2240,-13.3758,-13.5313,-13.6686,-13.7774,-13.8909,-14.0001,-14.1243,-14.2459,-14.3730,-14.5058,-14.6429,-14.7839,-14.9275,-15.0669,-15.2072,-15.3476,-15.4871,-15.6246,-15.7557,-15.8871,-16.0110,-16.1301,-16.2410,-16.3480,-16.4457,-16.5356,-16.6152,-16.6867,-16.7468,-16.7960,-16.8329,-16.8581,-16.8713,-16.8723,-16.8612,-16.8384,-16.8047,-16.7608,-16.7081,-16.6477,-16.5818,-16.5323,-16.4736
45117.6250000,-37.2044,-32.3204,-27.4178,-26.9289,-10.2606,-21.1303,-25.3494,-34.1895,-23.5745,-22.0973,-23.4777,-27.1756,-25.9114,-27.4070,-28.5412,-30.8594,-27.8884,-32.2756,-30.2021,-33.4488,-27.0813,-38.0602,-30.1853,-34.2838,-29.6689,-14.6220,-31.5482,-33.1548,-22.1328,-30.7249,-26.1219,-28.7190,-21.7070,-12.1831,-6.6518,-7.9904,-2.6876,-4.9374,-19.8578,-3.7302,-5.5076,-9.5584,-22.2420,-20.2215,3.7985,-16.7816,-22.0742,-18.8821,-24.3846,-21.2616,-16.6332,-18.6436,-18.2249,-17.5593,-21.6460,-31.8607,-31.4715,-22.5991,-6.8702,-14.7797,-13.4237,-17.6546,-29.8377,-30.3853,-26.0972,-21.6631,-13.2084,-12.5448,-30.3000,-23.0194,-13.3268,-15.1175,-15.4007,-18.9671,-10.6192,-4.0329,-9.0147,-9.2845,-18.7279,-9.9284,14.3470,6.8056,-4.3089,-6.2838,-18.1630,-14.9173,-9.0745,-16.5837,-8.9858,-12.3670,-10.1816,-6.3552,-5.6645,-10.8687,-16.1784,-17.1974,-15.1244,-5.0709,-13.5125,-13.4011,-15.7160,-15.6040,-21.4545,-19.6642,-17.9806,-19.1389,-22.2506,-24.4724,-29.4460,-29.7386,-31.0383,-30.4484,-24.0706,-22.9114,-22.6695,-18.8095,-26.7095,-23.8781,-29.3444,-25.5798,-21.7859,-21.8778,-21.8967,-22.4814,-26.0172,-22.5430,-23.7756,-17.5619,-21.5497,-18.9637,-20.3449,-22.0650,-25.2394,-25.2102,-14.3087,-19.7217,-22.4572,-16.6260,-17.6252,-18.9004,-18.3695,-17.4515,-16.3056,-14.6293,-12.2419,-15.1141,-15.0752,-4.7010,-18.5008,-17.9690,-14.6828,-18.0871,-18.8472,-23.2738,-15.7161,-8.8396,-7.6462,-8.6349,-10.5712,-16.5784,-1.6451,-10.1688,-8.0327,-7.7857,-1.8687,-5.9726,-6.1554,-14.0080,-14.9329,-16.0886,-14.2010,-16.6983,-18.6506,-15.4830,-16.5408,-10.9948,-15.3373,-13.4112,-14.7158,-4.9262,-6.1105,-8.6367,-8.8957,-5.3857,-6.7897,-7.8768,-11.2539,-11.3765,-11.4996,-11.6228,-11.7463,-11.8755,-11.9991,-12.1223,-12.2443,-12.3484,-12.4263,-12.5008,-12.5651,-12.6328,-12.6916,-12.7477,-12.8020,-12.8547,-12.9067,-12.9581,-13.0058,-13.0546,-13.1050,-13.1578,-13.2131,-13.2687,-13.3302,-13.3927,-13.4587,-13.5262,-13.5988,-13.6726,-13.7490,-13.8264,-13.9064,-13.9866,-14.0671,-14.1469,-14.2259,-14.3034,-14.3789,-14.4515,-14.5206,-14.5856,-14.6461,-14.7013,-14.7507,-14.7934,-14.8450,-14.8600
45117.6666667,-34.5443,-33.3230,-28.5556,-27.9044,-7.5272,-19.2446,-18.6015,-28.0797,-18.5987,-15.3934,-15.3545,-17.1371,-14.0589,-16.5508,-19.4278,-20.0020,-16.0169,-20.2695,-17.9141,-23.7181,-18.4079,-28.9962,-23.1168,-27.1344,-26.9038,-13.0451,-30.6297,-31.3336,-24.7541,-29.9843,-29.3480,-32.0074,-26.0360,-16.6830,-11.6337,-10.2624,-4.8881,-4.8529,-16.5989,0.7178,4.1374,-1.3646,-10.1991,-6.3530,14.8899,-9.4752,-14.6291,-11.2444,-17.8836,-14.7624,-10.0688,-12.6247,-13.0929,-12.0856,-14.7135,-30.0654,-30.1897,-22.7538,-4.7319,-11.3141,-8.8624,-13.2461,-25.5537,-27.8520,-24.4925,-22.9560,-17.4914,-13.4478,-29.4713,-22.0319,-13.7078,-16.1943,-16.8093,-17.3464,-8.7043,-4.4232,-5.8807,-7.6830,-14.9852,-1.8862,21.2639,14.5411,0.9544,0.5531,-5.2461,-5.3871,2.6354,-4.3083,2.4429,-1.4045,0.0548,4.4126,3.7772,-3.2361,-10.7642,-13.4225,-11.7606,-1.5666,-7.8279,-4.3630,-6.6585,-4.1511,-11.2489,-11.4629,-8.4620,-9.3996,-13.9931,-14.5107,-19.9533,-24.0540,-24.7439,-24.5310,-20.0801,-18.0496,-16.3547,-13.7198,-20.1900,-17.0944,-23.7226,-21.7161,-16.7355,-18.1937,-19.6809,-21.4880,-23.1441,-20.1061,-21.5530,-15.7903,-19.2579,-16.5803,-19.0370,-20.6568,-25.1765,-26.1962,-15.2243,-20.3236,-22.0646,-17.6396,-18.4802,-20.0969,-18.2411,-18.2086,-16.5956,-12.9645,-10.4743,-12.4792,-13.8222,-3.5067,-17.9684,-16.9100,-15.0361,-15.7423,-15.6629,-20.3389,-11.5574,-7.6405,-4.5818,-4.8265,-5.8831,-12.2213,2.2123,-7.8035,-4.0578,-3.2704,3.1794,-2.9997,-2.1721,-11.9472,-12.7203,-14.6290,-10.6757,-13.8847,-15.6018,-13.2334,-14.4708,-8.4117,-11.5564,-11.5253,-12.5925,-1.5756,-2.5825,-4.7669,-5.0019,-1.6562,-2.7931,-4.1762,-7.1415,-7.3408,-7.5579,-7.7852,-8.0158,-8.2492,-8.4692,-8.6775,-8.8716,-9.0386,-9.1730,-9.2918,-9.3917,-9.4842,-9.5622,-9.6317,-9.6946,-9.7520,-9.8052,-9.8546,-9.8982,-9.9393,-9.9783,-10.0156,-10.0513,-10.0837,-10.1168,-10.1475,-10.1775,-10.2059,-10.2357,-10.2646,-10.2943,-10.3241,-10.3558,-10.3885,-10.4228,-10.4587,-10.4966,-10.5367,-10.5789,-10.6232,-10.6693,-10.7173,-10.7669,-10.8177,-10.8692,-10.9200,-10.9839,-11.0087
45117.7083333,-28.0483,-30.4434,-26.2702,-25.9653,-7.9671,-16.5518,-17.2274,-24.5235,-14.1589,-12.6583,-13.3599,-15.0545,-11.6819,-14.1946,-16.7172,-15.8054,-10.9633,-12.5452,-8.2139,-11.5268,-7.9515,-15.2785,-9.4909,-14.1617,-14.5597,-1.0893,-19.0475,-19.7502,-18.7123,-23.2271,-26.0485,-30.6041,-27.5868,-19.0093,-14.3307,-13.0759,-5.5588,-5.6654,-17.6651,-3.8155,-0.7471,-4.4705,-10.8309,-6.3070,19.5648,-1.6923,-6.5542,-0.5730,-7.8735,-4.5299,-1.6202,-1.8180,-2.3374,-4.0041,-4.4952,-21.6377,-22.4536,-16.5574,1.8781,-6.6053,-4.8403,-8.5164,-18.8306,-21.5900,-15.9306,-17.7334,-13.8293,-11.5575,-27.4962,-21.5787,-15.1694,-14.2468,-16.8135,-17.3256,-8.9810,-4.0433,-6.5849,-7.9971,-12.4897,2.3459,24.0407,17.5025,1.6452,1.2181,-0.1845,-2.9431,7.5423,1.6285,8.4823,2.1379,4.1430,12.7835,13.4044,6.5151,-1.3259,-4.0088,-2.9874,5.3936,-0.1940,2.0604,0.0258,4.4363,-4.2055,-1.9966,0.7094,0.5126,-6.2467,-5.0035,-10.4441,-15.3848,-15.2826,-16.0845,-13.6511,-11.3010,-10.9709,-7.7757,-13.5924,-12.5076,-17.7975,-16.4940,-10.5576,-11.9391,-14.1674,-15.6262,-19.8405,-16.8339,-17.9513,-12.2426,-14.8366,-11.9055,-15.1514,-15.7245,-21.1416,-23.1385,-13.3732,-18.4553,-19.9212,-17.0505,-16.7884,-18.8705,-19.0755,-18.8239,-17.4488,-13.5473,-13.5985,-12.9628,-13.8759,-4.4740,-16.6974,-15.0307,-13.8782,-13.9905,-14.2425,-17.8557,-7.4387,-3.8905,-1.7744,-3.1628,-3.6973,-7.5368,6.1683,-2.9159,0.6521,1.8806,8.0547,-1.2855,1.8264,-8.3994,-9.4802,-11.2200,-7.7264,-10.1390,-13.0680,-10.1858,-11.1045,-4.8482,-7.1625,-7.4029,-9.6729,1.6091,0.7432,-1.2998,-1.5011,1.8115,0.6586,-0.4492,-3.1390,-3.2266,-3.3177,-3.4114,-3.5074,-3.6114,-3.7123,-3.8163,-3.9238,-4.0272,-4.1231,-4.2233,-4.3247,-4.4339,-4.5441,-4.6574,-4.7728,-4.8887,-5.0037,-5.1164,-5.2231,-5.3250,-5.4212,-5.5110,-5.5940,-5.6689,-5.7384,-5.8005,-5.8568,-5.9069,-5.9532,-5.9948,-6.0330,-6.0678,-6.1008,-6.1314,-6.1605,-6.1882,-6.2150,-6.2413,-6.2671,-6.2928,-6.3184,-6.3442,-6.3702,-6.3967,-6.4235,-6.4495,-6.4902,-6.4949
45117.7500000,-18.1103,-22.7681,-19.6710,-20.0004,-5.7880,-12.1400,-14.1023,-19.8217,-11.3518,-9.3644,-10.2631,-11.8071,-8.4482,-11.0175,-13.5794,-13.0737,-9.3267,-10.4752,-6.2448,-8.5899,-5.8199,-10.8844,-5.4001,-9.0568,-8.7115,5.8319,-9.1639,-8.8598,-9.2018,-12.1372,-17.0109,-22.1527,-21.7411,-15.0701,-12.1606,-11.8413,-5.3698,-3.2527,-13.4271,-2.5344,-0.4992,-3.9052,-9.2828,-5.5769,21.1829,1.8658,-2.4217,4.4508,-2.0891,0.9171,3.4738,5.0435,6.6994,4.3219,3.4219,-11.3249,-12.0416,-7.3179,8.6882,0.7736,1.9197,-1.4991,-10.4372,-13.2983,-7.8982,-10.0332,-5.6405,-4.9175,-21.7021,-18.7324,-14.7182,-14.0284,-16.0536,-15.8066,-7.9592,-4.9913,-6.9194,-7.5301,-10.4157,5.4078,24.9841,19.7765,5.0309,4.4346,4.5633,1.9778,13.1473,8.4199,14.9250,8.1893,10.6189,20.5617,20.4475,13.5904,5.5704,3.5324,4.2778,10.9321,6.4057,7.7540,6.2789,12.1930,3.5610,5.8531,8.2846,9.4984,3.0014,5.3238,0.2180,-4.2401,-4.2035,-6.1032,-5.0941,-3.3007,-3.8591,-1.0587,-6.2427,-6.5986,-11.0768,-10.5669,-5.2849,-6.3740,-8.5449,-9.7425,-13.4188,-10.1534,-10.3139,-4.2367,-6.5655,-3.8828,-7.4736,-8.2472,-13.4519,-16.3141,-8.3220,-12.7097,-13.8042,-11.9518,-10.7708,-13.6999,-14.0614,-15.3659,-13.8894,-10.5786,-12.5208,-10.5551,-12.4235,-6.6681,-16.0896,-14.4884,-14.2788,-13.7064,-14.1629,-17.1459,-6.3414,-4.4755,-2.7467,-3.3835,-3.0251,-4.7457,8.4956,0.1179,3.8136,6.2137,12.0034,3.2349,7.5380,-1.6829,-2.9480,-4.5114,-1.9400,-4.0963,-7.6290,-5.5763,-5.8414,0.3254,-1.3871,-1.6497,-4.1008,5.9239,6.0059,4.1867,4.2192,7.6649,6.3553,6.0854,3.3516,3.4977,3.6264,3.7370,3.8184,3.8588,3.8491,3.7840,3.6671,3.5041,3.3145,3.1157,2.9616,2.8388,2.7406,2.6562,2.5794,2.5063,2.4347,2.3630,2.2921,2.2198,2.1460,2.0705,1.9933,1.9156,1.8355,1.7550,1.6738,1.5928,1.5113,1.4309,1.3516,1.2743,1.1986,1.1257,1.0556,0.9888,0.9252,0.8648,0.8078,0.7540,0.7033,0.6556,0.6105,0.5681,0.5283,0.4922,0.4458,0.4435
45117.7916667,-7.9482,-13.4409,-11.1801,-11.8951,-0.6183,-5.6351,-8.3027,-12.9456,-6.8309,-4.8300,-5.9720,-7.6042,-4.6462,-7.0824,-9.8417,-9.5731,-6.7727,-7.7791,-3.8972,-5.9105,-4.1795,-8.0226,-3.5816,-6.8854,-6.5817,6.0887,-6.5156,-5.6718,-5.7898,-6.9136,-10.8380,-14.8238,-14.5275,-8.3489,-6.2515,-6.1508,-1.3089,0.3498,-8.1423,0.5824,2.0224,-1.0070,-5.5852,-2.6804,21.8232,4.0307,0.2912,6.2617,0.9617,3.2851,5.8071,7.6756,9.9620,8.1405,6.0875,-4.6791,-4.7471,-0.4304,13.8339,6.7976,7.8401,4.8745,-2.6300,-5.3352,-0.7478,-2.8612,0.7959,1.0338,-14.1014,-13.0563,-11.0053,-11.2916,-13.2967,-13.2126,-6.2306,-5.1885,-6.8621,-7.3760,-9.6728,4.0850,21.9873,17.5049,4.3289,3.6794,4.1255,2.2677,12.7107,8.5430,15.1129,8.5855,12.2166,22.0140,22.5684,16.9775,8.7850,8.3397,9.3577,14.4707,11.1434,11.8624,10.9717,17.2722,9.2475,11.2211,13.9955,15.2529,9.3948,11.9604,7.3607,4.9494,4.8522,3.3741,4.1124,5.1931,4.6864,6.2943,2.3529,1.6787,-2.2359,-2.3404,1.2209,-0.2072,-2.0857,-3.8264,-7.5137,-5.0548,-4.8525,0.8351,-0.9839,1.2522,-1.1059,-1.6616,-5.5940,-8.1298,-2.2054,-5.6446,-6.5068,-5.5422,-4.1380,-6.8999,-7.1762,-9.0318,-7.6179,-5.4943,-8.1191,-5.5617,-7.7284,-4.8178,-12.1265,-10.7069,-11.4768,-11.4222,-12.9040,-16.2760,-6.5004,-5.6969,-4.5134,-4.5753,-3.7710,-4.9801,6.3259,-0.6067,2.7406,5.1617,10.1084,2.9159,7.5436,0.3306,0.0332,-0.4510,1.7002,0.8354,-1.7667,-0.1024,-0.2668,5.0503,3.3737,3.3087,1.4200,9.9139,10.1375,8.0942,8.1598,11.6089,9.6639,10.4354,7.4605,7.6902,7.9130,8.1329,8.3486,8.5573,8.7547,8.9386,9.1099,9.2674,9.4138,9.5429,9.6562,9.7501,9.8285,9.8851,9.9289,9.9488,9.9457,9.9191,9.8695,9.7974,9.6975,9.5711,9.4197,9.2390,9.0198,8.8219,8.6587,8.5249,8.4124,8.3162,8.2313,8.1543,8.0822,8.0136,7.9470,7.8816,7.8168,7.7523,7.6880,7.6237,7.5598,7.4963,7.4334,7.3714,7.3108,7.2532,7.1861,7.1618
45117.8333333,1.4447,-3.7290,-2.2112,-3.2153,5.9480,1.3820,-1.4689,-5.6128,-1.1408,0.4847,-0.7533,-2.4157,-0.1527,-2.2139,-5.0689,-5.1656,-3.2962,-4.4539,-1.2082,-3.0243,-2.0189,-5.0250,-1.5528,-4.4807,-4.3227,6.4670,-4.3804,-3.6349,-4.1333,-4.7476,-8.3376,-11.5655,-11.0801,-4.9574,-2.8005,-2.2384,2.1734,3.8776,-3.0782,4.3684,5.5299,2.7963,-1.1708,1.0626,23.0142,6.6063,2.9597,7.8261,3.1686,4.6876,7.1025,8.9350,11.1227,9.6398,6.3047,-1.0662,-0.8804,2.9537,15.9195,9.5843,10.6369,8.1448,2.1224,-0.0181,3.8661,2.3069,6.0254,6.2496,-7.0080,-6.8388,-5.8834,-6.7242,-8.7040,-8.9564,-3.0506,-3.3607,-5.0522,-5.7698,-7.7795,3.9254,19.9466,15.9096,4.0215,3.2348,3.6969,2.1520,11.4892,7.5310,13.7236,7.2312,11.3866,20.6352,21.4369,16.6832,8.0300,8.7435,9.9832,13.8230,11.5757,11.8714,11.6165,18.6356,12.5005,14.2232,17.5576,18.8898,13.3402,15.9436,11.1790,11.1191,10.3440,9.1495,10.1089,10.3491,10.4575,10.6779,8.2384,8.3672,5.1199,4.9743,6.6181,6.3322,4.4420,2.9542,-0.6183,0.9144,0.7098,5.3275,3.3327,4.2008,2.7671,2.2780,-0.6207,-2.6791,1.8700,-0.8635,-1.2227,-0.2294,1.0988,-1.1883,-1.4484,-3.1814,-1.9680,-0.4457,-2.9451,-0.6804,-2.5373,-1.0727,-6.7981,-5.6316,-6.8655,-7.1691,-9.3601,-13.1653,-4.5731,-4.6989,-4.2405,-3.9977,-3.1588,-4.3337,4.7801,-1.0302,1.7463,3.8833,7.9254,1.9256,6.2144,0.3474,0.4921,0.4515,1.8145,2.1866,0.7159,2.5966,2.8000,7.3353,5.5964,5.8915,4.4916,12.3119,12.5238,10.2660,10.4783,14.1251,11.5077,13.2852,10.0042,10.1544,10.2963,10.4363,10.5754,10.7123,10.8512,10.9913,11.1347,11.2814,11.4347,11.5900,11.7489,11.9083,12.0711,12.2333,12.3941,12.5520,12.7052,12.8538,12.9958,13.1310,13.2553,13.3691,13.4726,13.5624,13.6398,13.7014,13.7481,13.7780,13.7897,13.7817,13.7557,13.7106,13.6474,13.5654,13.4662,13.3509,13.2231,13.0882,12.9511,12.8173,12.6911,12.5739,12.4663,12.3679,12.2802,12.1983,12.1145,12.0760
45117.8750000,8.6837,4.7499,5.7741,4.7417,12.7226,7.9845,5.6049,1.6558,5.1445,6.0937,4.9518,3.3779,4.7105,3.2984,0.5776,0.1467,1.3120,-0.0225,2.3825,0.6673,1.1967,-1.3439,1.1324,-1.4038,-1.4528,7.7118,-1.7226,-1.1985,-2.0244,-2.4705,-6.0293,-8.9283,-8.7898,-3.2546,-1.3054,-0.6022,3.4735,5.3437,-0.3955,6.5157,7.8080,5.4812,2.1785,4.0978,24.1751,9.5255,5.9787,9.8462,5.6668,6.3933,8.7517,10.5182,12.4469,11.1176,6.6916,1.9804,2.0448,5.2426,16.9213,11.0450,11.9617,9.7444,4.9282,3.2297,6.2670,5.2475,9.0087,9.6471,-1.2071,-1.2352,-0.7360,-1.7247,-3.5646,-3.9699,0.6463,-0.0554,-1.6889,-2.5717,-4.3314,5.5916,19.7539,16.1425,5.4076,4.4783,4.9633,3.5560,11.7916,7.9631,13.6272,7.1566,11.4028,19.8598,20.5840,16.3685,7.3598,8.6259,9.8103,12.4909,10.9672,10.8257,10.8424,18.0113,13.8094,15.3298,19.2116,20.7015,15.3886,18.2037,13.0927,15.2574,13.2431,12.2138,13.5177,12.9479,13.7883,12.6331,11.5275,12.7948,10.1080,10.0592,9.6731,11.1344,9.0981,8.5932,5.7974,7.0648,6.6193,10.4489,8.0707,7.2750,6.6433,6.1553,3.9651,2.2394,5.7637,3.2393,2.7818,3.6007,4.3642,2.6704,2.4424,1.1876,2.1178,3.2520,1.4123,2.8687,1.6528,2.7610,-1.7719,-0.8665,-2.0755,-2.4740,-4.7568,-8.5434,-1.3890,-1.9483,-1.9471,-1.6024,-0.8307,-1.9143,5.3077,0.4074,2.5329,4.3223,7.4814,2.4132,6.1021,1.1169,1.1912,1.0499,1.6419,2.4856,1.6756,3.5772,3.9488,7.5707,5.8175,6.4109,5.3575,12.7056,12.6756,10.2380,10.5896,14.4001,11.2762,14.0075,10.7583,11.0078,11.2421,11.4650,11.6769,11.8764,12.0671,12.2485,12.4223,12.5890,12.7514,12.9072,13.0584,13.2042,13.3480,13.4887,13.6272,13.7642,13.8998,14.0358,14.1720,14.3093,14.4459,14.5827,14.7205,14.8572,14.9940,15.1285,15.2614,15.3914,15.5171,15.6372,15.7524,15.8609,15.9622,16.0549,16.1385,16.2118,16.2745,16.3266,16.3674,16.3965,16.4143,16.4204,16.4149,16.3982,16.3731,16.3374,16.2866,16.2605
45117.9166667,13.9307,11.7037,12.2840,11.2756,18.6805,13.1661,11.5805,7.5625,10.6090,10.6428,9.7454,8.4000,8.6999,8.4099,6.1251,5.4940,6.2572,4.7808,6.1750,4.6220,5.0854,2.6548,4.1731,2.2093,1.9532,9.7688,1.2917,1.5000,0.5592,0.0702,-3.3300,-6.0216,-6.3371,-1.6288,-0.1076,0.4282,3.9178,5.6185,0.6677,7.0760,8.3386,6.2174,3.4128,5.1210,23.8143,11.0614,7.7417,10.9522,7.3663,7.4432,9.9472,11.8029,13.5570,12.3461,6.9873,4.7414,4.6639,7.2342,17.6597,11.9995,12.6441,10.5402,6.7084,5.3922,7.5795,6.9847,10.6644,11.5454,2.7305,2.8781,3.3322,2.4608,0.8379,0.4672,3.7178,3.4155,1.8625,0.9061,-0.6881,7.6933,20.0911,16.7821,6.9278,5.7876,6.3949,5.0730,12.5140,8.7924,14.0340,7.5599,11.8641,19.5450,20.1295,16.3727,7.1561,8.7874,9.8612,11.5639,10.5248,10.0056,10.1092,17.1611,14.1556,15.4108,19.6176,21.1282,15.8927,18.9458,13.4633,17.6483,14.3078,13.3407,14.9668,13.6567,15.1120,12.8048,12.6884,15.0421,12.7449,12.8029,10.5811,13.7880,11.5016,12.1751,10.4427,11.8610,11.2585,14.6148,11.7669,9.2989,9.5983,9.3630,7.9813,6.7730,9.8166,7.3670,6.7134,7.3996,7.2473,5.8723,5.3991,4.5200,4.8890,5.6471,4.4635,4.7565,4.1669,5.5373,1.7908,2.3998,1.4949,1.1911,-0.6538,-3.9319,1.6042,1.1078,0.9523,1.1432,1.7843,0.8575,6.7804,2.5229,4.0398,5.5155,7.8809,3.4701,6.7096,2.3394,2.4089,2.1019,2.0258,2.9946,2.5176,4.2068,4.4731,7.1784,5.3163,5.9821,5.0593,11.8474,11.4831,8.8596,9.2019,12.9582,9.4810,12.7394,9.5210,9.8056,10.0860,10.3636,10.6377,10.9061,11.1704,11.4290,11.6822,11.9293,12.1714,12.4061,12.6340,12.8539,13.0674,13.2733,13.4717,13.6629,13.8467,14.0243,14.1957,14.3616,14.5212,14.6754,14.8255,14.9705,15.1120,15.2493,15.3835,15.5146,15.6426,15.7673,15.8900,16.0103,16.1285,16.2442,16.3576,16.4682,16.5761,16.6816,16.7841,16.8834,16.9796,17.0721,17.1603,17.2440,17.3240,17.3968,17.4536,17.5061
45117.9583333,15.9855,15.7874,16.2414,15.4937,23.0366,16.5340,16.1372,11.9292,15.0567,14.1076,13.5701,12.5248,11.7052,12.6944,11.0207,10.2810,10.9628,9.4411,9.6985,8.3478,9.2353,6.6024,7.1996,6.0368,5.6530,12.6972,4.7678,4.5435,3.8018,3.0060,-0.0497,-2.5997,-3.3039,0.5630,1.6595,1.9048,4.8069,6.1894,1.6787,7.5501,8.6506,6.5779,4.0723,5.5245,22.8508,11.5686,8.2989,10.9796,7.8297,7.3892,10.1042,12.1452,13.8685,12.8418,6.7478,6.7558,6.6296,8.7446,18.2315,12.7684,13.2040,11.1797,8.1461,7.1490,8.5401,8.2710,11.8435,12.7942,5.2037,5.5490,6.1958,5.5939,4.1839,3.7907,5.7488,6.4079,4.9896,4.1236,2.6816,9.8813,20.8065,17.7881,8.6071,7.1949,7.9886,6.6859,13.6123,9.9262,14.8391,8.2786,12.6690,19.6639,20.1008,16.7140,7.2972,9.1908,10.1675,11.1080,10.4274,9.6220,9.7693,16.6572,14.0298,15.0784,19.5376,21.0431,15.8288,19.0444,13.1500,18.9611,14.3040,13.2905,15.1910,13.3003,15.2291,12.0912,12.6491,15.9224,13.9091,14.0522,10.3183,14.9029,12.3117,14.0634,13.4192,15.1652,14.4057,17.5005,14.0862,10.0664,11.1804,11.2448,10.6501,10.0796,13.1749,10.8534,10.1484,11.0635,9.9390,8.9166,8.1833,7.7769,7.5008,7.9549,7.4039,6.3352,6.1797,8.0857,4.7371,4.9435,4.2719,3.8231,2.4621,-0.1692,3.7038,3.6259,3.6189,3.5064,3.9919,3.2946,8.5671,4.7668,5.8117,7.1180,8.8434,4.8657,7.8920,3.9054,4.1054,3.6020,2.8213,3.7934,3.5801,5.0977,5.2081,7.1213,5.1531,5.7973,4.9166,11.1536,10.4971,7.7729,8.0479,11.6099,7.9810,11.3950,8.2262,8.4539,8.6829,8.9147,9.1487,9.3837,9.6209,9.8591,10.0989,10.3395,10.5818,10.8238,11.0658,11.3066,11.5470,11.7857,12.0222,12.2562,12.4869,12.7145,12.9385,13.1587,13.3737,13.5839,13.7893,13.9889,14.1833,14.3716,14.5542,14.7309,14.9015,15.0656,15.2243,15.3771,15.5245,15.6663,15.8030,15.9345,16.0613,16.1839,16.3026,16.4174,16.5291,16.6376,16.7432,16.8459,16.9468,17.0429,17.1262,17.1971
45118.0000000,16.8202,18.2244,18.3565,17.6653,25.3445,17.6460,18.2922,13.9745,17.3220,15.3721,15.2047,14.5214,12.7569,15.1325,14.2669,13.6060,14.5044,13.0606,12.1804,11.1244,12.7096,9.6433,9.4121,9.1892,8.7383,15.4072,7.6833,7.0556,6.8819,5.7187,3.2934,0.8593,-0.1141,2.9294,3.6286,3.5449,5.9073,6.9368,2.6976,7.9764,8.8274,6.7108,4.3839,5.5582,21.5095,11.4204,8.1027,10.2331,7.4117,6.5625,9.3497,11.4650,13.1029,12.1913,5.6596,7.4350,7.2854,9.0201,17.7331,12.4662,12.7762,10.8820,8.5820,7.9491,8.7312,8.8146,12.4088,13.4046,6.6879,7.1336,7.9372,7.5279,6.2237,5.7947,6.5781,8.3058,6.9780,6.2170,4.8266,11.0087,20.6076,17.8246,9.1555,7.4776,8.5076,7.2518,13.9182,10.2787,15.0019,8.3621,12.9075,19.3484,19.6909,16.6912,7.1603,9.3130,10.2263,10.5377,10.1291,9.1216,9.3044,16.0108,13.1083,13.9985,18.6149,20.1083,14.9516,18.2914,12.2094,19.3517,13.6146,12.5710,14.6218,12.2979,14.5008,10.8229,11.7806,15.6745,13.8381,14.0244,9.2791,14.7744,11.9452,14.5443,14.8304,16.9101,15.9520,18.8429,14.8505,9.6362,11.3596,11.7030,11.7699,11.7826,15.1274,12.9135,12.2218,13.5676,11.5068,10.9201,10.0356,10.2260,9.3687,9.6920,9.8459,7.4891,7.7736,10.3794,7.1714,6.9526,6.5314,5.8958,4.9581,2.8791,5.0901,5.4526,5.6371,5.0464,5.3345,4.8157,9.7709,6.1949,6.8318,8.0190,9.1872,5.4882,8.5270,4.8279,5.4279,4.8580,3.4430,4.3997,4.4991,5.9538,5.9219,7.1559,5.0935,5.6980,4.8258,10.5290,9.6018,6.8283,7.0077,10.2896,6.6429,10.0025,6.9423,7.1046,7.2710,7.4425,7.6186,7.7981,7.9815,8.1682,8.3581,8.5508,8.7469,8.9451,9.1456,9.3477,9.5523,9.7584,9.9660,10.1748,10.3847,10.5957,10.8074,11.0198,11.2319,11.4437,11.6553,11.8657,12.0750,12.2824,12.4880,12.6911,12.8913,13.0880,13.2815,13.4712,13.6568,13.8380,14.0147,14.1864,14.3532,14.5152,14.6722,14.8241,14.9713,15.1136,15.2510,15.3837,15.5120,15.6336,15.7406,15.8258
45118.0416667,17.8850,20.7477,20.6068,20.0050,28.0078,19.1232,20.5806,15.8651,19.2989,16.3429,16.3647,15.8024,13.0328,16.4750,16.2448,15.5679,16.7464,15.4156,13.4479,12.6717,15.2420,11.6823,10.7440,11.5281,11.1099,17.9158,10.1752,9.0725,9.6626,7.9728,6.3874,4.1488,3.1129,5.4402,5.8896,5.4673,7.4754,8.2058,4.0244,8.8654,9.5047,7.3213,5.0967,6.0135,20.6189,11.3533,7.8658,9.5234,6.8358,5.7181,8.4710,10.5682,12.0862,11.2648,4.5962,7.4892,7.2501,8.6755,16.7505,11.6762,11.8724,10.0714,8.3284,7.9792,8.2494,8.6192,12.2915,13.4261,7.3516,7.9441,9.0251,8.8867,7.6513,6.9352,6.7934,9.5710,8.3110,7.7567,6.4450,11.9054,20.4440,17.8983,9.6461,7.7321,8.9253,7.6330,14.0716,10.4233,14.9553,8.2269,12.8849,18.8587,19.1184,16.4228,6.8042,9.1172,10.0007,9.8858,9.7049,8.5736,8.7868,15.2831,12.4591,13.1586,17.7926,19.2029,14.0657,17.3917,11.0884,19.1299,12.5067,11.4335,13.6143,11.0690,13.4547,9.5401,10.7239,15.0415,13.3733,13.5831,8.1768,14.1230,11.1186,14.2934,15.3711,17.7378,16.5491,19.2972,14.7608,8.7190,10.7558,11.2549,11.7981,12.3074,16.0174,13.8792,13.2064,15.0464,12.1236,11.9030,10.8815,11.6895,10.3359,10.6309,11.5382,8.0285,8.7132,12.2246,9.0868,8.5214,8.3847,7.5362,7.0253,5.5072,6.2238,7.1235,7.6312,6.5438,6.6745,6.2542,11.1645,7.7114,8.0075,9.1383,9.8542,6.2916,9.3351,5.7112,6.5922,5.8402,3.7504,4.9026,5.2535,6.7285,6.5961,7.3013,5.1810,5.7693,4.9173,10.2267,9.1371,6.4012,6.5231,9.5472,6.0030,9.2052,6.2835,6.3681,6.4567,6.5500,6.6483,6.7512,6.8596,6.9732,7.0923,7.2170,7.3477,7.4835,7.6246,7.7704,7.9213,8.0764,8.2357,8.3986,8.5649,8.7345,8.9069,9.0821,9.2592,9.4382,9.6191,9.8012,9.9847,10.1690,10.3540,10.5395,10.7251,10.9103,11.0955,11.2801,11.4640,11.6468,11.8283,12.0081,12.1862,12.3624,12.5365,12.7081,12.8773,13.0437,13.2071,13.3673,13.5241,13.6750,13.8115,13.9187
45118.0833333,17.7817,22.0340,21.8373,21.4591,30.0668,20.1223,22.5794,17.6361,21.4515,17.6466,17.9338,17.5640,13.9639,18.1534,18.4388,17.6241,18.9445,17.5509,14.4742,13.8087,17.2905,13.1488,11.5808,13.2642,12.8941,20.1065,12.2042,10.6927,12.2417,10.0224,9.4459,7.4406,6.5057,8.1990,8.5246,7.7910,9.6395,10.1890,5.9308,10.4883,10.9887,8.7394,6.5725,7.3030,20.7541,12.1806,8.4766,9.6089,6.9669,5.6368,8.2678,10.2610,11.6055,10.8178,4.1798,7.7708,7.4027,8.5394,16.0176,11.1219,11.2147,9.4952,8.1853,8.0516,7.8987,8.4606,12.1350,13.3055,7.5675,8.2488,9.6088,9.7682,8.6237,7.6776,6.8171,10.5501,9.3776,9.0688,7.8432,12.7621,20.4298,18.1375,10.2476,8.1365,9.5256,8.2395,14.6051,10.9789,15.4095,8.6118,13.4047,18.9791,19.1641,16.7268,7.0286,9.4416,10.2781,9.8160,9.7868,8.5481,8.7621,15.0586,12.0136,12.6073,17.2685,18.6513,13.6034,16.8698,10.4859,19.1120,11.7552,10.5881,12.7740,10.0984,12.5233,8.5387,9.8011,14.3336,12.8068,13.0410,7.3262,13.4449,10.3743,13.9350,15.6609,18.2887,16.8842,19.5148,14.5218,7.9961,10.1577,10.7286,11.5724,12.4325,16.4532,14.3424,13.6689,15.9673,12.2965,12.3735,11.2402,12.5849,10.8114,11.1083,12.6933,8.2195,9.2214,13.6290,10.4890,9.6376,9.8241,8.8505,8.8111,7.8812,7.2478,8.7070,9.6253,8.0219,8.0072,7.7263,12.8554,9.4479,9.4769,10.6298,10.9739,7.4482,10.6334,6.9858,8.2119,7.2468,4.4556,5.7247,6.2937,7.8252,7.5853,7.8332,5.6337,6.2150,5.3670,10.3962,9.1852,6.4964,6.5850,9.4048,5.9812,9.0526,6.2778,6.3248,6.3748,6.4284,6.4854,6.5456,6.6094,6.6766,6.7474,6.8219,6.9004,6.9824,7.0683,7.1578,7.2515,7.3491,7.4506,7.5560,7.6654,7.7790,7.8966,8.0183,8.1436,8.2728,8.4058,8.5422,8.6820,8.8249,8.9708,9.1193,9.2702,9.4232,9.5781,9.7348,9.8929,10.0521,10.2122,10.3730,10.5342,10.6958,10.8575,11.0192,11.1807,11.3419,11.5024,11.6620,11.8205,11.9753,12.1182,12.2307
45118.1250000,17.9091,23.2515,22.9235,22.6896,31.8847,20.8814,24.1604,18.9558,23.1385,18.5325,19.0659,18.9006,14.6088,19.5437,20.4395,19.6252,21.2381,19.8354,15.7256,15.1243,19.4846,14.6899,12.5265,14.9547,14.5714,22.2672,14.0138,12.0413,14.5178,11.6970,12.1880,10.4487,9.7744,10.9279,11.2576,10.2344,12.1070,12.5796,8.0826,12.5702,13.0003,10.6655,8.4982,9.1205,21.7139,13.7790,9.8378,10.4539,7.8130,6.2881,8.8359,10.7309,11.9025,11.1188,4.4893,8.6106,8.0715,8.9339,15.8590,11.0956,11.0681,9.3863,8.3876,8.3978,7.8716,8.5526,12.1787,13.2999,7.6288,8.3157,9.9056,10.3337,9.2560,8.0697,6.6729,11.2342,10.1538,10.1159,8.9793,13.5050,20.4590,18.4128,10.8147,8.5232,10.1021,8.8133,15.2048,11.5923,15.9915,9.1011,14.0929,19.3794,19.5386,17.3579,7.5374,10.0903,10.9229,10.1926,10.3009,8.9818,9.2085,15.3617,11.9591,12.4533,17.1030,18.4445,13.4717,16.6237,10.1951,19.2676,11.3471,10.1269,12.2914,9.5667,11.9788,8.0205,9.2902,13.9060,12.4829,12.7070,6.8314,12.9166,9.8094,13.5844,15.8273,18.6839,17.0883,19.6336,14.2728,7.4927,9.6796,10.2838,11.3243,12.4437,16.7319,14.6248,13.9331,16.6200,12.3054,12.5899,11.3477,13.1212,10.9956,11.2945,13.4494,8.1977,9.4208,14.6421,11.4516,10.3578,10.8352,9.7519,10.1692,9.8322,8.0046,10.0252,11.4167,9.2946,9.1853,9.0488,14.6007,11.1695,10.9893,12.2328,12.2723,8.6896,12.1507,8.3849,10.0636,8.8993,5.3601,6.8155,7.6306,9.2941,8.9536,8.7950,6.4681,7.0594,6.1842,11.0677,9.7447,7.0626,7.1233,9.7998,6.4432,9.4278,6.7415,6.7540,6.7697,6.7890,6.8119,6.8382,6.8681,6.9016,6.9388,6.9796,7.0244,7.0725,7.1243,7.1794,7.2381,7.3001,7.3655,7.4341,7.5058,7.5808,7.6589,7.7403,7.8247,7.9121,8.0026,8.0961,8.1927,8.2922,8.3947,8.5001,8.6083,8.7192,8.8329,8.9493,9.0683,9.1897,9.3136,9.4397,9.5679,9.6983,9.8305,9.9645,10.1002,10.2374,10.3759,10.5154,10.6556,10.7942,10.9239,11.0268
45118.1666667,18.2267,24.4871,24.0450,23.9358,33.7440,21.7220,25.7521,20.3090,24.8708,19.5047,20.2383,20.2235,15.2799,20.7456,22.1741,21.3417,23.2812,21.9054,16.8525,16.3637,21.6560,16.2124,13.5519,16.7043,16.3332,24.6444,15.9119,13.4831,16.8597,13.3608,14.8565,13.3075,12.8996,13.5117,13.8921,12.5682,14.5970,15.0788,10.2086,14.8470,15.2689,12.8250,10.6041,11.1929,23.2492,15.9459,11.7416,11.8874,9.2146,7.4668,10.0264,11.8741,12.9065,12.1150,5.3416,10.0707,9.3554,9.9676,16.4164,11.7352,11.5851,9.9077,9.1411,9.2517,8.3769,9.1276,12.6648,13.6458,7.7963,8.3973,10.1400,10.7786,9.7301,8.2954,6.4975,11.7242,10.7152,10.9335,9.8677,14.0941,20.4452,18.6268,11.2589,8.8122,10.5758,9.2868,15.7833,12.1760,16.6023,9.5902,14.8286,19.9114,20.0732,18.1406,8.1279,10.8637,11.7220,10.7647,11.0006,9.6107,9.8655,15.9556,12.4501,12.8396,17.4574,18.7366,13.7967,16.8072,10.3146,19.7189,11.3027,10.0231,12.1421,9.3924,11.7655,7.8572,9.1112,13.7541,12.4150,12.6307,6.6899,12.6877,9.5718,13.4639,16.1053,19.1369,17.3438,19.8008,14.1276,7.2192,9.3788,9.9881,11.1489,12.4513,16.9560,14.8444,14.1352,17.1588,12.3070,12.7470,11.4151,13.5223,11.1069,11.4007,14.0089,8.1446,9.5054,15.4082,12.1292,10.8257,11.5425,10.3542,11.1633,11.3636,8.4933,11.0191,12.8896,10.2565,10.1023,10.1056,16.2099,12.6895,12.3458,13.7281,13.5112,9.8008,13.6567,9.7059,11.9517,10.6124,6.2776,8.0226,9.1368,11.0282,10.6056,10.0757,7.5645,8.2019,7.2755,12.1673,10.7243,7.9859,8.0269,10.6395,7.2631,10.2455,7.5760,7.5640,7.5546,7.5483,7.5449,7.5444,7.5470,7.5526,7.5614,7.5734,7.5887,7.6071,7.6288,7.6537,7.6819,7.7133,7.7479,7.7858,7.8268,7.8711,7.9186,7.9693,8.0230,8.0797,8.1396,8.2023,8.2680,8.3365,8.4077,8.4817,8.5583,8.6374,8.7191,8.8033,8.8898,8.9787,9.0700,9.1634,9.2590,9.3568,9.4568,9.5589,9.6632,9.7694,9.8776,9.9876,10.0992,10.2105,10.3159,10.4002
45118.2083333,18.4617,25.5489,25.0498,25.0847,35.5681,22.5790,27.3304,21.6285,26.6161,20.5449,21.4730,21.6024,16.0656,21.9574,23.8725,23.0053,25.2577,23.8736,17.9052,17.4856,23.7001,17.5868,14.4753,18.3122,17.9706,27.0477,17.7443,14.8883,19.2186,15.0380,17.5726,16.2011,16.0843,16.1412,16.5802,14.8975,17.1422,17.6460,12.2416,17.1916,17.6370,15.0432,12.7106,13.3211,25.1360,18.4430,13.9350,13.6446,10.9120,8.9079,11.6088,13.4976,14.4524,13.6609,6.5246,12.0563,11.1686,11.5692,17.6675,13.0163,12.7515,11.0463,10.4631,10.6603,9.4423,10.2537,13.7212,14.5028,8.2547,8.7038,10.5463,11.3469,10.2841,8.5480,6.4492,12.2058,11.2372,11.6917,10.6813,14.6895,20.5359,18.9215,11.7246,9.1293,11.0537,9.7451,16.3821,12.7547,17.2372,10.0667,15.5755,20.5189,20.6970,18.9879,8.7033,11.6466,12.5530,11.4055,11.7620,10.3026,10.5991,16.7381,13.0935,13.4454,18.1130,19.3842,14.4745,17.3928,10.8219,20.5590,11.6690,10.3146,12.3927,9.6123,11.9478,8.0650,9.2945,13.9499,12.6650,12.8602,6.8388,12.7577,9.6264,13.5937,16.5672,19.7547,17.7722,20.1537,14.2047,7.2095,9.3247,9.9175,11.1453,12.5750,17.2581,15.1221,14.3834,17.6919,12.3793,12.9278,11.5163,13.8884,11.2368,11.5252,14.5025,8.1530,9.5994,16.0796,12.6972,11.2163,12.1188,10.8110,11.9283,12.5883,8.8301,11.7939,14.1263,11.0131,10.8234,10.9453,17.6720,14.0200,13.5500,15.1029,14.6713,10.7809,15.0916,10.8914,13.7529,12.2377,7.0732,9.1193,10.5972,12.8287,12.3634,11.5019,8.7602,9.4902,8.5001,13.5698,12.0024,9.1456,9.1823,11.8236,8.3359,11.4150,8.6847,8.6563,8.6296,8.6050,8.5825,8.5622,8.5443,8.5289,8.5162,8.5061,8.4990,8.4946,8.4931,8.4943,8.4986,8.5057,8.5156,8.5285,8.5442,8.5628,8.5843,8.6087,8.6359,8.6660,8.6990,8.7347,8.7733,8.8147,8.8588,8.9057,8.9552,9.0073,9.0621,9.1195,9.1794,9.2418,9.3066,9.3737,9.4432,9.5150,9.5890,9.6653,9.7437,9.8243,9.9068,9.9913,10.0776,10.1641,10.2467,10.3133
45118.2500000,18.1925,25.8615,25.2342,25.3044,36.3003,22.3730,27.7810,22.0378,27.4769,20.7631,21.8936,22.2193,16.2606,22.6033,24.9997,24.1399,26.7007,25.3138,18.5316,18.2330,25.2424,18.4747,14.9972,19.4392,19.0979,28.8282,18.8887,15.7249,21.0020,16.2374,19.8389,18.6425,18.8681,18.3640,18.8563,16.8108,19.2551,19.7628,13.7883,19.0447,19.4461,16.6201,14.1353,14.7782,26.5318,20.4993,15.7026,15.0036,12.2761,9.9769,12.8725,14.8449,15.7359,14.9106,7.2795,13.8597,12.8443,13.0204,18.7733,14.0691,13.6935,11.9787,11.6386,11.9997,10.4905,11.4155,14.8773,15.4649,8.9650,9.2367,11.0408,11.8703,10.7268,8.7680,6.3877,12.4570,11.4414,12.0070,10.9464,14.6278,19.8861,18.3693,11.2886,8.5917,10.6721,9.3955,16.1734,12.5337,17.0870,9.7801,15.5264,20.3471,20.5479,19.0974,8.6111,11.8076,12.7703,11.4151,11.8715,10.3599,10.7107,16.9395,13.0736,13.4056,18.1174,19.3938,14.5357,17.4924,11.0089,21.1976,11.9599,10.6248,12.6397,9.7951,12.0822,8.1784,9.4096,14.0447,12.7677,12.9407,6.9135,12.7893,9.6543,13.6578,16.8590,20.1468,17.9568,20.2167,14.0466,7.0528,9.1678,9.7777,11.0570,12.5568,17.3238,15.1529,14.3816,17.8971,12.2067,12.8626,11.4214,13.9711,11.1289,11.4062,14.6434,7.9628,9.4843,16.3632,12.8426,11.2122,12.2893,10.9645,12.3613,13.4290,8.9044,12.1538,14.8294,11.2338,10.9858,11.2078,18.4836,14.6179,14.0043,15.6812,15.0222,10.9414,15.7518,11.3397,14.9251,13.3284,7.4499,9.7522,11.6158,14.2194,13.7074,12.5141,9.5047,10.3477,9.2777,14.5690,12.8049,9.7425,9.7525,12.4468,8.7583,12.0021,9.1835,9.1790,9.1717,9.1620,9.1504,9.1372,9.1229,9.1077,9.0920,9.0761,9.0605,9.0453,9.0308,9.0172,9.0049,8.9941,8.9849,8.9775,8.9720,8.9687,8.9675,8.9687,8.9722,8.9781,8.9864,8.9972,9.0105,9.0263,9.0445,9.0653,9.0885,9.1141,9.1422,9.1727,9.2056,9.2409,9.2785,9.3185,9.3607,9.4053,9.4521,9.5011,9.5524,9.6059,9.6616,9.7192,9.7788,9.8393,9.8974,9.9431
45118.2916667,17.1571,25.3261,24.6361,24.7274,36.2095,21.4340,27.2417,21.2428,27.0191,19.7562,20.9777,21.3946,15.0875,21.7744,24.6071,23.8215,26.7569,25.4192,17.9715,17.8229,25.6627,18.2728,14.5511,19.5467,19.2369,29.6791,18.9917,15.4918,21.6626,16.3051,20.9650,19.9619,20.5978,19.6156,20.1871,17.7701,20.4588,20.9264,14.2458,19.8939,20.1820,17.0843,14.3399,15.0176,26.8764,21.2402,16.1136,15.1358,12.4005,9.8967,13.0786,15.1665,16.0388,15.1921,7.0190,14.5740,13.4829,13.5210,19.0853,14.2340,13.7276,11.9239,11.7104,12.2339,10.5115,11.6034,15.2441,15.7917,9.3547,9.6691,11.5242,12.3297,11.0280,8.7373,6.2183,12.4736,11.2851,11.8916,10.6657,14.0323,18.8301,17.2541,10.1634,7.3347,9.3344,8.0116,14.7436,11.0036,15.5102,8.1416,13.9323,18.6399,18.8549,17.5488,6.9767,10.3228,11.3674,9.9680,10.4753,8.9517,9.3695,15.6435,12.0061,12.3047,17.0393,18.2749,13.4153,16.3911,9.9789,20.6785,11.2149,10.0337,12.1491,9.2936,11.5906,7.6993,8.9183,13.5861,12.2935,12.4435,6.3751,12.2522,9.0986,13.1499,16.4949,19.8442,17.4314,19.5890,13.1737,6.2248,8.3219,8.9474,10.2824,11.8461,16.7106,14.4992,13.7114,17.3880,11.3701,12.0854,10.6385,13.3748,10.3947,10.6801,14.1245,7.2090,8.7798,16.0164,12.3396,10.5831,11.7671,10.4133,12.0738,13.5076,8.4698,11.9796,14.9481,10.9457,10.5614,10.7544,18.5502,14.3774,13.6266,15.4038,14.5778,10.2557,15.4130,10.7366,14.8692,13.2030,6.7824,9.3739,11.6081,14.6498,14.1138,12.6813,9.3945,10.3412,9.1765,14.7633,12.8378,9.5071,9.4282,12.1770,8.2558,11.5783,8.5570,8.5468,8.5355,8.5232,8.5105,8.4970,8.4838,8.4711,8.4589,8.4473,8.4366,8.4265,8.4170,8.4079,8.3990,8.3903,8.3812,8.3720,8.3626,8.3530,8.3432,8.3334,8.3237,8.3142,8.3050,8.2952,8.2879,8.2810,8.2754,8.2709,8.2676,8.2656,8.2651,8.2662,8.2697,8.2733,8.2791,8.2864,8.2953,8.3060,8.3182,8.3322,8.3477,8.3642,8.3799,8.3908,8.4063,8.4236,8.4385,8.4510
45118.3333333,14.6793,23.2818,22.7487,22.9678,35.0924,19.7474,25.9647,19.6375,25.8771,18.3057,19.6217,20.1351,13.6318,20.1111,23.2776,22.5493,25.6707,24.2466,16.3339,16.3668,25.0483,17.1433,13.3502,18.8113,18.5203,29.8496,18.4253,14.6503,21.6997,15.7513,21.3312,20.4221,21.2581,19.7486,20.5512,17.9625,21.1174,21.6310,14.2276,20.4169,20.6249,17.3254,14.2743,15.0417,27.2055,21.6023,16.0816,14.8640,11.9781,9.3669,12.7613,14.8280,15.5658,14.6574,6.0862,14.4492,13.3725,13.4166,19.0429,14.0491,13.4698,11.5500,11.3747,12.0326,10.1910,11.2587,14.8683,15.3843,9.1054,9.7645,11.8935,12.7761,11.3529,8.7403,6.2568,12.7350,11.3847,12.0876,10.6899,13.8956,18.5316,16.8660,9.6824,6.7595,8.5160,7.1991,13.8510,9.9867,14.3798,7.0449,12.6618,17.1716,17.3043,15.9164,5.3412,8.6128,9.6697,8.3752,8.7848,7.2309,7.6202,13.8190,9.9944,10.3225,15.0031,16.2768,11.4955,14.5180,8.2453,19.2728,9.6317,8.5401,10.8679,8.0635,10.3769,6.5642,7.6561,12.4759,11.2487,11.4753,5.4619,11.3366,8.0891,12.2672,15.7384,19.2441,16.6801,18.8335,12.1805,5.3394,7.3817,7.9483,9.1976,10.7455,15.5590,13.3510,12.5961,16.3811,10.1767,10.8183,9.4059,12.3760,9.3329,9.6618,13.2836,6.2426,7.8257,15.4010,11.5822,9.7357,10.9778,9.5536,11.4014,13.0782,7.8054,11.5578,14.8094,10.5020,9.9168,10.0057,18.5202,13.8051,13.0400,14.9068,14.1067,9.4565,14.8314,9.8891,14.2718,12.5255,5.6754,8.3081,10.7463,14.2412,13.6740,12.2969,8.5970,9.6815,8.4666,14.4075,12.6224,8.9322,8.7051,11.5415,7.3498,10.7007,7.2359,7.2992,7.3603,7.4109,7.4530,7.4860,7.5136,7.5337,7.5474,7.5552,7.5579,7.5562,7.5511,7.5422,7.5312,7.5182,7.5032,7.4877,7.4739,7.4553,7.4377,7.4184,7.3989,7.3789,7.3583,7.3379,7.3173,7.2962,7.2747,7.2527,7.2299,7.2064,7.1825,7.1576,7.1320,7.1053,7.0761,7.0326,6.9418,6.8772,6.8151,6.7543,6.6923,6.6346,6.5783,6.5257,6.4767,6.4317,6.3862,6.3541
45118.3750000,10.2445,19.1910,19.1348,19.6695,32.5639,16.9652,23.5720,17.0097,23.7712,16.1107,17.5982,18.3127,11.8244,17.5250,21.0617,20.5583,24.3824,22.2765,14.1851,13.7376,23.2318,14.6918,11.0524,17.0991,16.8921,29.1807,17.0411,13.1568,21.1371,14.6174,20.9965,20.1753,21.2659,18.6185,18.8378,15.6609,19.8493,21.2984,13.4645,20.4862,20.6799,17.4669,14.1391,15.1439,27.8256,22.0820,16.0957,14.6880,11.6422,9.0603,12.9033,14.0817,14.5604,13.0129,4.1823,13.0583,11.8357,12.1572,17.8468,12.9307,12.8479,10.0810,10.0331,11.0352,9.5367,10.4669,14.5004,13.9415,6.9750,8.9839,11.6753,12.8109,11.5529,8.3808,6.2266,12.9590,11.5019,12.4532,10.8956,14.1319,19.0979,17.3054,9.7170,7.4842,7.9730,6.8526,13.5943,9.6321,13.7488,6.4623,11.4457,15.6577,16.1184,14.7333,3.3901,6.5637,7.7653,6.8041,6.9850,6.0352,5.5329,11.8741,6.9300,7.8805,12.2886,13.2726,7.7851,11.3492,5.0732,16.4860,6.5864,5.4892,8.0876,5.5892,8.3306,4.6814,5.0939,10.0922,9.1115,9.4725,3.7191,10.1314,6.3942,10.7434,14.3585,18.2036,15.5728,17.8437,10.9162,4.3018,6.3622,6.8799,8.0507,9.5638,13.8793,11.7696,11.0845,15.3246,8.6400,8.8396,7.5883,10.8372,7.7770,8.2667,12.1538,5.1110,6.7473,14.6412,10.6635,8.7367,9.9967,8.5599,10.6263,12.4554,7.1814,11.2001,14.7603,10.1223,9.4326,9.2446,19.5054,13.1826,12.7184,14.2292,13.5297,8.8184,13.7098,8.9204,12.9596,11.0039,3.7958,6.5191,8.9053,13.1806,12.1185,11.5171,7.0208,8.2927,7.0098,13.4483,12.4334,8.2907,7.8936,10.9590,6.5301,9.7737,5.2795,5.4635,5.6285,5.7801,5.9187,6.0409,6.1554,6.2581,6.3497,6.4307,6.5016,6.5628,6.6149,6.6578,6.6926,6.7195,6.7378,6.7503,6.7547,6.7531,6.7452,6.7314,6.7122,6.6877,6.6581,6.6243,6.5863,6.5433,6.4877,6.3416,6.1677,5.9915,5.8322,5.6792,5.5355,5.3929,5.2522,5.1136,4.9802,4.8485,4.7189,4.5933,4.4692,4.3498,4.2332,4.1210,4.0135,3.9115,3.8084,3.7348
45118.4166667,1.2702,10.0478,10.6924,11.5920,26.7959,8.8702,15.8417,10.2944,18.3447,9.5242,11.4054,12.7189,7.0035,12.3075,16.4371,16.5426,22.1018,18.7920,11.7187,10.3552,20.7764,12.0168,8.4357,14.8431,14.5103,27.7775,12.8748,8.8440,17.4763,10.1047,16.7638,17.1663,19.8255,16.7728,16.6231,12.2596,14.6370,15.4081,7.7375,16.8093,15.5473,12.9397,9.7134,11.2951,26.7295,19.0479,12.2773,11.3506,9.0860,6.8043,12.5817,13.4079,13.5230,11.3825,1.0773,10.3481,8.0944,9.2664,14.6908,7.3706,9.1211,4.9918,5.2520,6.8008,6.3576,7.3882,13.2546,12.3242,3.4158,6.7791,10.1174,10.2647,10.1175,6.5858,4.8698,12.9396,9.2783,12.0949,7.6194,10.3747,18.1829,15.2883,4.8352,4.5959,2.9712,2.4906,9.6171,5.7578,9.8700,4.3413,9.0999,11.6935,12.1082,10.3687,-1.3890,0.8184,2.5425,2.3196,2.4869,3.4242,1.6145,9.6984,1.9934,4.3846,8.7188,9.1302,2.8471,5.6047,-0.4118,11.9816,2.0203,1.2018,3.6434,1.6329,5.6139,2.1417,1.1493,5.8881,5.8843,5.2494,-0.9328,6.3460,1.9174,7.1115,9.2143,13.5450,10.8433,13.2632,5.8097,-0.9277,1.7915,2.5509,4.2264,6.1867,10.1054,7.3499,7.4731,13.3833,6.5230,5.4473,4.3159,8.0748,4.9481,4.5334,8.7200,1.3975,3.6137,11.5220,7.3189,4.0554,6.3992,4.7689,7.7106,10.2558,5.0176,9.1921,14.5161,7.5923,8.0971,6.2052,18.8450,11.7342,10.9776,10.4036,11.2767,5.8790,10.3697,6.6116,10.3738,8.3883,1.0558,3.8102,5.6333,10.9448,9.5663,9.4601,3.5083,5.8457,3.3261,11.8371,10.5075,5.9755,5.4909,8.9518,4.3852,7.4750,1.4118,1.7830,2.1390,2.4802,2.8041,3.1041,3.3882,3.6502,3.8899,4.1071,4.3027,4.4774,4.6326,4.7693,4.8892,4.9934,5.0817,5.1499,5.1412,4.8874,4.6965,4.5493,4.3983,4.2419,4.0826,3.9374,3.7900,3.6284,3.4886,3.3356,3.1891,3.0393,2.8867,2.7318,2.5798,2.4254,2.2692,2.1118,1.9558,1.7991,1.6423,1.4871,1.3318,1.1792,1.0282,0.8801,0.7357,0.5963,0.4535,0.3502
45118.4583333,-7.8023,-0.3297,1.0586,1.9100,19.4450,-1.6157,5.1823,0.7158,11.1788,0.5790,1.2501,2.0037,-2.4355,1.9853,5.2425,6.6144,15.9371,11.9281,7.6623,5.4905,15.0575,5.6561,2.7535,9.9341,10.3610,26.8678,8.3197,3.8047,15.0179,6.0504,14.1888,12.9279,17.4949,14.8824,14.4510,8.7306,10.9918,8.4807,-1.0011,10.7055,8.0929,2.8774,-0.2993,1.9265,22.6329,13.4193,5.2871,4.8436,3.0895,1.6867,10.3445,11.7734,11.8013,10.5615,-0.7056,8.3846,4.4905,8.2177,13.0069,1.8452,4.9776,-1.0364,-0.9504,0.8863,2.4331,2.3546,8.8512,8.0129,-0.9724,3.3822,9.6365,8.1190,8.9917,3.3190,2.1164,12.2326,5.3584,11.0836,3.3400,6.5559,18.6755,14.2845,0.8061,1.6114,-1.9615,-1.6323,4.4523,-0.9699,6.6395,0.2008,5.0294,7.9536,8.3196,5.9299,-5.5415,-5.3248,-3.9024,-3.3027,-3.6151,-0.8634,-3.9782,4.4078,-6.1215,-2.3371,2.5314,3.1485,-2.8382,-1.7685,-7.6982,6.0319,-3.0355,-3.0611,-1.3204,-4.0321,1.4404,-1.5361,-4.3617,-0.1685,1.3305,0.9338,-5.6783,2.2120,-3.6105,2.1979,2.0707,8.4987,5.5729,8.6895,0.8029,-6.3694,-3.1492,-2.3943,0.0797,3.0339,7.4755,1.5855,0.2123,7.7987,2.3094,1.8130,-1.4379,3.5670,0.5860,-1.1787,4.5540,-3.5453,-0.3873,9.5477,4.6456,0.4487,3.7971,0.3644,2.5115,6.0213,1.2233,5.7544,11.9832,3.6005,4.5996,1.6050,17.1163,9.9912,8.4280,6.4621,8.1860,3.0343,8.2520,3.4830,6.6123,4.7080,-2.4828,0.3464,1.2217,8.0074,6.5787,7.3164,-0.2376,3.5403,-0.4762,10.8597,9.0170,4.1546,3.5571,7.3171,2.5886,4.7921,-3.1416,-3.6141,-3.9738,-4.2035,-4.3010,-4.2830,-4.1612,-3.9678,-3.7292,-3.4378,-3.0261,-2.6384,-2.2667,-1.9773,-1.7231,-1.5267,-1.3808,-1.2742,-1.1985,-1.1278,-1.0928,-1.0570,-1.0351,-1.0260,-1.0290,-1.0324,-1.0480,-1.0840,-1.1140,-1.1623,-1.2142,-1.2763,-1.3477,-1.4277,-1.5123,-1.6050,-1.7049,-1.8114,-1.9220,-2.0381,-2.1589,-2.2831,-2.4113,-2.5416,-2.6744,-2.8085,-2.9431,-3.0764,-3.2185,-3.3203
45118.5000000,-16.8862,-11.5333,-8.3841,-5.9647,10.1272,-12.2938,-8.3754,-13.7726,-0.4819,-8.5383,-7.9777,-9.8243,-13.2305,-9.1383,-6.8019,-9.0858,0.9592,-3.9085,-7.9025,-9.3577,3.9331,-6.7137,-7.6572,-0.5668,1.7495,20.3665,2.5674,-4.0823,9.4960,-1.0895,8.9843,6.2941,12.5967,10.3056,12.3846,7.1985,10.4898,7.7102,-4.8239,8.3000,4.7055,-3.9038,-10.1367,-8.2359,16.7629,4.6608,-5.0374,-5.6971,-8.9198,-10.6021,-1.3838,2.4771,4.3988,2.5963,-8.3187,1.5214,0.0470,7.6741,13.1678,1.9989,3.6246,-4.5563,-8.2576,-7.0085,-5.3982,-4.6077,4.8205,4.5011,-7.1727,-2.3313,4.0605,2.1590,3.7128,0.0430,-0.5755,11.7223,4.2846,10.7299,-1.0941,1.5502,18.9120,13.0444,-0.6363,-2.8429,-9.7039,-8.9039,0.7825,-7.5707,2.5782,-4.1570,0.6323,3.8459,3.9801,0.3447,-11.8927,-13.8459,-12.4422,-9.7557,-13.3285,-10.8821,-11.8271,-3.6919,-12.7354,-9.1228,-4.1789,-3.6229,-9.2867,-8.2886,-15.4315,-2.5355,-11.9827,-11.7880,-7.0064,-10.9340,-4.8384,-6.6350,-11.0539,-4.1501,-2.9410,-3.4306,-11.0018,-3.1219,-7.9937,-3.4217,-3.5923,1.1605,-1.6446,2.5523,-5.1237,-10.5288,-8.1823,-9.1258,-8.0203,-5.1161,0.9532,-3.4546,-4.2033,2.2312,-4.8553,-4.4054,-6.5839,-1.4413,-4.0876,-5.3630,-0.0805,-9.0113,-5.4394,5.6600,-2.6038,-5.4400,-2.3672,-4.5595,-1.7708,0.5809,-2.5904,4.8652,9.8019,2.6601,0.2736,-2.6297,13.3900,5.3598,2.4985,0.1784,2.3297,-1.3151,3.2712,-2.0331,0.4803,-1.1108,-7.4340,-4.9725,-4.8547,2.6958,1.7525,3.8140,-5.0772,0.2430,-4.0547,8.4376,6.4044,1.5310,1.0267,5.2366,0.6923,2.4664,-4.5808,-5.0770,-5.5721,-6.0651,-6.5559,-7.0486,-7.5295,-7.9994,-8.4518,-8.8557,-9.1379,-9.3789,-9.5539,-9.6971,-9.7683,-9.7844,-9.7460,-9.6548,-9.5158,-9.3218,-9.1061,-8.8531,-8.5837,-8.3068,-8.0305,-7.7542,-7.4929,-7.2576,-7.0331,-6.8393,-6.6668,-6.5205,-6.3995,-6.3023,-6.2246,-6.1677,-6.1296,-6.1083,-6.1012,-6.1080,-6.1273,-6.1574,-6.1981,-6.2475,-6.3054,-6.3705,-6.4417,-6.5175,-6.6103,-6.6734
45118.5416667,-20.0295,-16.7426,-11.8986,-8.7445,6.9850,-12.9942,-11.2010,-20.0718,-7.1566,-12.9410,-12.9164,-15.4420,-18.5212,-15.8597,-14.4507,-17.0565,-8.9152,-13.7094,-17.1289,-19.4712,-7.0523,-19.5819,-19.4270,-16.2237,-10.6824,9.1003,-6.9056,-13.5477,1.8317,-9.7344,3.7041,0.0490,7.4276,8.4881,10.8369,5.2822,9.3850,6.9201,-7.7375,7.6794,4.8842,-2.6884,-12.3432,-11.3829,15.7907,-0.0928,-9.4642,-9.3736,-14.5477,-16.8328,-6.9961,-5.0630,-3.7248,-4.7456,-15.6707,-10.2056,-10.7376,0.8355,9.6150,-0.5991,1.0568,-5.7431,-12.7506,-11.6288,-9.6528,-8.3187,0.8811,0.7160,-13.3634,-7.0968,0.6663,-2.5770,-4.6555,-7.5036,-6.8634,7.9781,1.9425,9.4996,-2.9961,-0.1630,22.7025,16.2630,2.9207,0.2143,-10.5879,-9.2910,0.5678,-10.2750,0.8302,-5.6999,-0.8684,2.7890,2.9173,-1.7070,-12.5746,-14.7260,-13.8428,-8.7456,-14.2648,-13.1033,-14.6840,-8.9943,-16.5033,-13.6901,-9.3127,-9.0081,-14.2327,-13.7658,-21.7911,-10.3452,-18.1903,-17.8578,-11.6207,-14.3367,-9.8829,-10.5774,-17.3112,-9.1570,-8.5894,-7.7190,-14.5568,-8.4139,-12.3502,-8.4806,-7.4734,-2.5941,-5.5658,-0.7970,-8.3750,-12.1194,-10.8903,-11.3835,-13.0196,-11.3510,-2.8704,-7.9630,-8.4178,-1.7649,-8.0148,-8.4561,-10.3671,-5.6792,-7.9296,-8.8923,-4.1055,-11.7290,-9.5938,1.7814,-9.0672,-11.0181,-7.9651,-11.0073,-8.2687,-7.1152,-8.0394,1.6695,6.2188,0.9198,-1.1070,-4.9997,11.8143,3.9576,1.7047,0.5502,3.8141,-0.8970,2.1429,-4.1279,-3.8407,-5.8622,-10.5929,-9.2770,-9.1536,-2.4091,-3.3991,-0.5689,-9.7441,-4.3160,-7.3603,5.5225,3.7280,-0.7522,-0.9782,3.7099,-0.3335,1.1840,-4.9539,-5.2483,-5.5653,-5.8990,-6.2449,-6.6053,-6.9654,-7.3285,-7.6919,-8.0366,-8.3133,-8.5831,-8.8315,-9.0856,-9.3181,-9.5414,-9.7548,-9.9566,-10.1461,-10.3121,-10.4714,-10.6051,-10.7196,-10.8132,-10.8840,-10.9250,-10.9414,-10.9370,-10.8989,-10.8406,-10.7560,-10.6510,-10.5279,-10.3898,-10.2383,-10.0792,-9.9158,-9.7519,-9.5898,-9.4335,-9.2858,-9.1482,-9.0234,-8.9118,-8.8147,-8.7321,-8.6641,-8.6101,-8.5872,-8.5575
45118.5833333,-22.9547,-17.3483,-13.9131,-9.6729,5.6651,-12.8034,-12.9727,-20.8454,-9.8892,-13.9704,-14.7280,-17.8694,-20.1554,-18.9043,-18.3846,-21.0730,-14.5211,-18.9776,-21.1122,-23.8255,-13.0043,-26.2551,-22.5535,-25.1326,-18.1150,0.0952,-17.6063,-22.3427,-6.9732,-18.5966,-6.7615,-9.0702,-0.4153,4.5332,7.6360,2.5172,7.6906,5.8639,-9.9169,7.4209,4.9795,-1.8025,-13.8129,-13.5900,15.3973,-2.2362,-10.4048,-9.3419,-15.4858,-18.0519,-8.6344,-7.8848,-6.8455,-7.2635,-17.2216,-16.7822,-17.1328,-6.8872,5.6386,-4.2939,-2.9398,-8.6997,-17.7590,-16.8097,-13.9108,-8.6255,-1.6235,-2.6266,-18.6014,-11.3630,-2.6519,-3.6205,-5.3400,-12.0855,-10.5596,3.0184,-2.9334,1.4116,-9.3026,-5.7067,20.6182,13.9603,1.1589,-1.5701,-14.2186,-9.7095,-0.0189,-9.2923,0.7951,-5.5314,-1.0001,2.7460,2.7420,-2.7007,-12.2525,-14.1942,-13.4040,-6.3100,-13.0238,-12.4048,-13.9048,-9.7747,-15.4613,-13.2683,-9.6996,-9.9869,-15.0809,-15.3994,-23.3721,-15.5848,-22.2145,-22.0093,-15.1304,-16.8945,-13.9209,-13.4609,-22.0496,-13.8021,-16.0390,-11.2229,-15.9239,-11.4265,-14.5198,-11.9860,-14.3724,-7.4012,-9.3427,-3.5694,-10.3982,-12.0530,-13.4170,-12.1679,-14.9306,-13.8922,-3.8579,-9.8625,-13.2711,-4.9930,-9.6915,-10.2635,-11.6128,-6.6826,-7.8837,-9.1012,-5.6409,-11.7289,-10.2288,0.7484,-12.5231,-13.8315,-10.2680,-14.3085,-12.4622,-13.2522,-12.0812,-2.1757,1.4157,-2.3497,-4.0974,-8.7870,8.3303,0.7813,-0.8449,-0.9485,3.4354,-1.7169,0.9972,-5.6101,-6.1502,-8.2055,-11.2018,-10.8498,-11.2067,-5.6748,-6.9191,-3.2550,-10.7184,-7.0693,-9.5849,2.8253,0.9068,-3.3849,-3.6714,1.0384,-2.6005,-1.5331,-6.9260,-7.0530,-7.1744,-7.2914,-7.4060,-7.5270,-7.6445,-7.7667,-7.8953,-8.0196,-8.1066,-8.2017,-8.2956,-8.4084,-8.5208,-8.6416,-8.7700,-8.9045,-9.0440,-9.1806,-9.3259,-9.4667,-9.6077,-9.7478,-9.8860,-10.0172,-10.1450,-10.2716,-10.3867,-10.4985,-10.6010,-10.6957,-10.7816,-10.8579,-10.9223,-10.9754,-11.0165,-11.0449,-11.0596,-11.0609,-11.0489,-11.0234,-10.9855,-10.9354,-10.8746,-10.8041,-10.7257,-10.6419,-10.5778,-10.5074
45118.6250000,-25.4569,-16.6736,-12.2168,-11.9226,8.1918,-8.0284,-9.7018,-20.6786,-7.8780,-9.9943,-10.8662,-14.4042,-16.5096,-17.0513,-17.0049,-19.5737,-15.5483,-20.4067,-21.6058,-24.8610,-15.4195,-29.1017,-23.4759,-24.6541,-20.6040,-2.1938,-22.1663,-25.5122,-11.4877,-22.3593,-14.7308,-17.2002,-9.4693,-1.2594,4.5538,2.1379,8.6393,6.5924,-11.2263,7.8921,6.1313,0.8348,-12.6770,-10.2404,16.1077,-4.2021,-11.3504,-8.9275,-15.5193,-14.1296,-7.6107,-8.4414,-7.7841,-7.5113,-16.7081,-20.7076,-20.9002,-12.3182,4.3000,-4.9836,-3.9075,-9.0196,-20.5764,-20.5575,-17.6743,-12.7505,-2.6060,-1.5686,-21.4383,-14.2237,-3.8809,-5.7244,-6.4545,-11.1772,-4.7731,4.7644,-0.5599,-0.3867,-10.2231,-0.8240,22.9370,15.3370,2.5446,-0.8875,-11.2177,-9.1300,-0.9630,-9.6451,-0.8538,-7.0283,-2.4208,2.1894,2.9652,-2.1863,-11.8756,-10.9446,-8.3057,0.6636,-7.1569,-7.8997,-9.9857,-7.2757,-12.2059,-10.3818,-6.5572,-7.3825,-12.4618,-13.3691,-21.4803,-16.8832,-22.3877,-22.5396,-15.2485,-15.8231,-14.2279,-12.9303,-19.6680,-14.5810,-20.3745,-16.8933,-16.8466,-13.3955,-15.1774,-13.5190,-15.5036,-11.4484,-13.4511,-7.0728,-13.1786,-14.4398,-14.2790,-15.7851,-18.0116,-17.1137,-4.9358,-10.9200,-13.7776,-7.0885,-10.4575,-11.4500,-11.6795,-9.6537,-9.9376,-8.2277,-4.4930,-10.6792,-9.8155,3.2777,-11.3897,-11.7825,-8.1534,-12.0594,-12.0513,-15.6691,-10.7363,-2.5335,-0.2039,-2.9184,-4.7602,-10.5618,6.6657,-2.8373,-1.1556,-0.4332,4.8660,-0.7914,1.1336,-8.4468,-7.3055,-9.1157,-10.6620,-11.1109,-11.7566,-7.1296,-8.3735,-3.7877,-9.7497,-7.2928,-9.2704,2.7447,0.8580,-3.1231,-3.4287,1.1972,-2.0316,-1.5335,-6.3730,-6.5565,-6.7377,-6.9152,-7.0884,-7.2627,-7.4254,-7.5819,-7.7312,-7.8642,-7.9561,-8.0386,-8.1050,-8.1704,-8.2219,-8.2673,-8.3079,-8.3446,-8.3789,-8.4074,-8.4406,-8.4711,-8.5040,-8.5404,-8.5810,-8.6232,-8.6705,-8.7255,-8.7812,-8.8439,-8.9095,-8.9794,-9.0528,-9.1291,-9.2067,-9.2857,-9.3655,-9.4450,-9.5232,-9.5996,-9.6735,-9.7439,-9.8105,-9.8720,-9.9283,-9.9784,-10.0218,-10.0578,-10.1041,-10.1140
45118.6666667,-25.3010,-19.6811,-15.2693,-14.5201,9.8943,-6.8683,-3.4424,-15.0912,-2.6504,-3.0694,-2.5221,-4.2311,-4.8743,-6.1591,-7.8198,-8.8207,-3.7698,-8.5182,-9.7153,-15.4058,-6.7778,-20.4164,-16.7366,-17.8728,-17.9634,0.2157,-20.5538,-23.5185,-13.9203,-22.0337,-17.9096,-20.5800,-13.9329,-5.9838,-0.3896,-0.1353,7.2044,8.0518,-7.0298,13.1791,16.2129,9.2586,-0.7870,3.5864,27.9815,4.5382,-3.0602,-0.7585,-8.7416,-7.6521,-1.0307,-1.9792,-1.6681,-1.0537,-9.2850,-18.3715,-19.4912,-12.4032,6.9050,-0.9679,0.9878,-4.3555,-16.0780,-17.7654,-15.8315,-13.4975,-5.9147,-1.4575,-20.6894,-13.3261,-4.0747,-5.9004,-6.8759,-9.2351,-2.8343,5.3548,3.5978,2.5157,-5.1424,8.6288,32.0776,25.5307,10.5376,8.1980,3.4435,2.6509,13.0791,5.0641,13.1212,6.3121,10.2188,15.0584,14.5842,7.4616,-4.7453,-6.0828,-4.3289,4.5166,-1.4424,0.8779,-1.1321,4.0114,-3.0034,-2.8857,2.8016,2.5523,-3.7619,-3.1713,-11.7351,-10.3431,-15.7457,-16.6981,-11.3427,-11.2878,-8.3308,-8.2015,-13.6314,-8.0929,-14.9811,-13.1703,-12.1201,-9.8020,-12.8592,-12.2138,-11.8326,-7.8003,-9.8933,-3.7196,-9.5974,-11.0741,-12.4915,-14.1188,-17.8357,-18.1102,-5.4832,-10.7889,-12.5436,-6.7141,-10.1653,-11.5228,-10.8282,-9.6428,-9.6276,-6.1251,-2.0984,-7.8163,-8.3814,4.8532,-10.1956,-10.3123,-8.1734,-9.7243,-8.9035,-12.5378,-6.5638,-0.7901,3.7936,1.9553,0.7677,-5.2670,11.9744,1.2246,4.5787,6.1262,11.8060,4.5006,6.8623,-4.6088,-3.6448,-6.5412,-6.5570,-8.2752,-8.6208,-4.4957,-5.6362,-0.5742,-5.2880,-4.5337,-6.1453,7.0817,5.6165,2.0596,1.9519,6.6681,3.7109,4.2101,-0.2559,-0.4665,-0.7026,-0.9559,-1.2188,-1.4908,-1.7532,-2.0075,-2.2501,-2.4726,-2.6564,-2.8241,-2.9716,-3.1105,-3.2324,-3.3437,-3.4455,-3.5388,-3.6246,-3.7000,-3.7722,-3.8354,-3.8931,-3.9456,-3.9933,-4.0345,-4.0719,-4.1077,-4.1377,-4.1671,-4.1938,-4.2200,-4.2461,-4.2727,-4.2999,-4.3288,-4.3599,-4.3934,-4.4294,-4.4684,-4.5103,-4.5551,-4.6028,-4.6530,-4.7056,-4.7600,-4.8155,-4.8701,-4.9380,-4.9579
45118.7083333,-21.9850,-19.6969,-15.8252,-15.2537,6.6113,-7.4463,-4.7334,-13.7079,-1.5163,-2.2440,-1.7503,-2.8611,-2.9312,-3.6955,-4.4967,-4.0101,2.0372,-0.2062,0.2031,-3.1684,4.1210,-6.7135,-3.2183,-5.0660,-5.6487,10.7103,-8.8561,-11.6385,-6.9613,-14.6093,-14.3397,-18.6059,-14.7714,-7.9812,-3.1729,-3.0738,5.1199,6.4160,-7.5097,10.4730,13.6253,8.2105,0.2686,5.2607,32.7881,13.6012,7.1624,10.3859,3.0408,4.0898,9.2633,9.4495,9.7686,9.0883,2.2347,-7.6484,-9.5542,-4.1642,13.6809,5.0409,6.3480,1.5818,-8.4150,-10.4064,-7.5291,-7.2925,-1.5650,1.2622,-17.4355,-12.0144,-4.6170,-4.7847,-6.4630,-8.5529,-2.7398,5.3691,3.5848,3.2549,-2.3357,11.6450,33.9187,28.1981,12.8559,10.3971,8.7086,7.2630,19.3386,12.5098,21.0710,13.2026,18.5335,25.7849,26.4497,20.1652,8.1203,7.3542,8.6074,15.4257,10.1610,11.1094,9.1395,14.5149,5.2252,6.1253,11.4184,11.5556,4.6851,6.0328,-1.5017,-0.4520,-4.8611,-6.3178,-2.7882,-2.7128,-1.1544,-0.8712,-5.6501,-2.2386,-8.0681,-7.0869,-5.5254,-4.3207,-7.2329,-6.9470,-7.8616,-3.7716,-5.0364,1.1631,-3.6541,-4.2793,-5.9531,-7.0819,-11.1046,-12.3957,-2.2726,-7.3918,-8.9544,-4.4199,-6.9502,-8.5284,-8.9278,-8.0114,-8.1322,-5.1652,-2.7579,-6.3463,-6.7573,4.6126,-7.8079,-7.4833,-6.0288,-7.1213,-6.6340,-9.4952,-3.0058,1.8630,5.9363,3.6475,2.9365,-0.9739,15.1753,5.6312,8.7021,10.8346,15.9389,7.6069,11.6572,1.0848,2.0978,-0.4929,-0.8298,-2.3653,-3.5984,0.2385,-0.7145,3.9372,0.0355,0.5804,-1.3004,11.1157,9.8702,6.4717,6.4940,11.2342,8.1573,9.4777,5.3512,5.4403,5.5177,5.5826,5.6335,5.6620,5.6800,5.6797,5.6601,5.6248,5.5865,5.5294,5.4579,5.3662,5.2630,5.1474,5.0218,4.8891,4.7519,4.6152,4.4766,4.3426,4.2125,4.0877,3.9691,3.8588,3.7553,3.6577,3.5691,3.4860,3.4100,3.3395,3.2743,3.2138,3.1581,3.1062,3.0577,3.0122,2.9696,2.9291,2.8905,2.8535,2.8175,2.7824,2.7477,2.7132,2.6790,2.6461,2.5972,2.5923
45118.7500000,-14.4443,-14.7417,-11.9076,-11.9378,6.4186,-5.6659,-4.2557,-11.7847,-1.7058,-2.2225,-1.9738,-2.9218,-2.8511,-3.3969,-3.9514,-3.2563,2.4514,1.1387,1.6321,-0.3662,6.6437,-2.0978,1.1937,0.4447,0.6206,17.0381,-0.0999,-1.8665,1.8369,-4.3050,-5.5624,-10.3130,-8.8091,-3.9014,-0.9413,-1.9016,4.8576,6.4214,-6.1201,9.4241,11.9902,7.0245,0.0837,4.4725,32.4799,15.5636,9.9288,13.6768,7.6689,8.3945,13.6898,15.4441,17.1241,16.2648,8.8302,2.2008,0.6482,5.1102,21.0298,12.6431,13.4134,8.8506,0.1008,-2.1282,0.2722,-0.1097,4.9106,6.2504,-11.9970,-8.8273,-3.4080,-3.7736,-5.3931,-7.1700,-2.0674,4.5729,3.0175,3.1450,-1.4030,12.2984,32.4868,27.6012,12.9255,10.1808,9.8710,8.4148,20.9074,14.7322,23.2438,14.7346,21.2295,29.7604,30.4653,24.9756,12.4066,13.2186,14.8017,20.0383,16.2475,16.5917,15.5533,22.4726,12.2497,13.3537,18.5089,19.3279,12.5028,14.2946,6.8280,8.5080,3.9522,2.3129,4.9732,4.7000,5.8352,5.6412,1.9112,4.4764,-0.4586,-0.0142,0.8416,1.9837,-1.0349,-1.0251,-2.1849,1.3696,0.3188,6.1839,1.4330,0.6301,-0.8037,-1.6278,-4.9050,-6.3722,1.9904,-2.5781,-3.9047,-0.3552,-2.4306,-4.3063,-4.8193,-4.6248,-4.6991,-2.4094,-1.2517,-3.7576,-4.5886,4.0562,-6.0615,-5.8029,-5.0924,-5.7979,-5.5279,-7.9033,-1.6679,1.8100,5.4610,3.3645,3.1091,0.6942,15.9104,6.9363,9.7068,12.4458,16.8715,8.8343,14.1927,4.6011,6.1444,4.0971,2.9975,2.4967,1.4566,4.9513,4.3047,8.3838,4.7358,5.2063,3.2006,14.4911,13.5775,9.9923,9.9945,14.7022,11.1068,13.2102,8.8726,9.0866,9.2924,9.4890,9.6607,9.7977,9.9103,9.9784,10.0024,9.9869,9.9342,9.8555,9.8337,9.8447,9.8763,9.9150,9.9534,9.9873,10.0138,10.0329,10.0403,10.0384,10.0256,10.0017,9.9672,9.9235,9.8703,9.8075,9.7387,9.6627,9.5819,9.4971,9.4095,9.3202,9.2308,9.1418,9.0541,8.9685,8.8858,8.8061,8.7300,8.6575,8.5887,8.5238,8.4625,8.4049,8.3511,8.3020,8.2402,8.2247
45118.7916667,-5.3452,-7.2384,-5.5436,-6.2885,8.7556,-2.0678,-1.8010,-8.0725,-0.3901,-1.0180,-1.2106,-2.3396,-2.3654,-2.8769,-3.7841,-3.3844,1.3738,0.3088,0.6392,-0.7669,5.4003,-2.0016,0.6347,0.4153,0.7967,16.0556,0.8878,-0.0808,3.9591,-0.3678,-0.6187,-4.4040,-2.9671,1.3691,3.6045,2.2810,7.5906,8.7915,-2.5569,10.2311,11.8865,6.9896,0.6930,4.1531,30.4896,14.8035,9.3682,12.5695,7.5651,7.7088,12.9750,15.4205,17.9861,17.3274,8.9294,6.2774,5.3721,9.4124,24.0917,16.2455,16.9857,12.9936,5.9310,4.0851,6.0005,5.6534,10.4868,11.0776,-5.8430,-4.2851,-0.6232,-1.6207,-3.4680,-5.2506,-1.0875,3.9655,2.2988,2.3552,-1.7542,10.0830,28.2801,23.8117,10.0596,7.2334,7.4842,6.2425,18.1487,12.3229,20.6491,11.8706,19.1620,27.7645,28.8087,24.2582,11.2703,13.4681,15.2814,19.0203,16.4261,16.2376,15.9063,24.0420,14.3995,15.6230,21.0992,22.2172,15.7970,18.3300,11.4166,15.1483,10.2365,8.7045,10.9593,10.0154,11.1604,9.9863,7.4126,9.8414,5.5370,5.6584,5.2760,6.8713,4.1189,4.1950,3.0307,5.8480,4.6729,9.9992,5.2017,3.7971,2.9889,2.2779,-0.2257,-1.5529,5.2878,1.4593,0.3862,3.3077,1.3736,-0.4589,-1.0247,-1.1551,-1.3363,0.3589,0.8860,-1.0442,-1.9184,4.5664,-3.7810,-3.6301,-3.5029,-4.2112,-4.4533,-6.8222,-1.5174,0.9590,3.9872,1.9755,1.9959,0.2167,13.7518,5.6982,7.9947,10.6356,14.1692,6.9561,12.7969,4.5603,6.8511,5.5868,3.8805,4.5690,4.3116,7.8198,7.3992,10.8364,7.2957,7.9923,6.2031,16.4981,15.6577,11.8528,11.8881,16.5870,12.4129,15.2578,10.5927,10.7158,10.8435,10.9797,11.1180,11.2565,11.4067,11.5564,11.7083,11.8645,12.0292,12.1883,12.3468,12.4972,12.6395,12.7705,12.8854,12.9852,13.0671,13.1270,13.1630,13.1765,13.1665,13.1350,13.0811,13.0103,12.9221,12.8361,12.7717,12.7233,12.6878,12.6607,12.6385,12.6180,12.5970,12.5733,12.5457,12.5134,12.4762,12.4338,12.3864,12.3345,12.2783,12.2187,12.1562,12.0915,12.0257,11.9605,11.8821,11.8467
45118.8333333,3.5012,1.8267,3.0736,2.3140,15.4744,5.4751,5.2652,-0.8618,4.9345,3.9611,3.3859,1.8916,1.2686,0.6032,-0.8081,-1.0585,2.4594,1.0952,0.9556,-0.4995,4.7874,-1.5414,0.3463,0.2265,0.5542,14.5261,0.9841,0.0615,3.7140,0.0911,0.3927,-2.3792,-0.4753,3.8682,6.3279,5.3682,10.5068,11.8315,1.7949,13.0319,14.4732,9.8591,4.2315,6.9308,30.7434,15.7877,9.9901,12.2961,7.4704,7.0688,11.9924,14.5496,17.0752,16.6070,7.5679,7.6707,7.0524,10.7285,24.6063,17.3025,18.0747,14.5689,8.9916,7.7148,9.0956,9.1926,14.2988,15.0327,-0.1416,0.7063,3.5644,2.5231,0.5825,-1.7920,1.4521,5.5854,3.8088,3.8531,0.2609,10.6250,27.0203,22.9676,10.1413,7.2384,7.6421,6.2721,17.0564,11.3578,19.0486,10.1353,17.4696,25.6817,26.6890,22.5820,9.2624,11.9878,13.8197,16.4563,14.7654,14.1561,14.2344,22.9180,15.0484,16.2185,22.0557,23.4146,17.2140,19.9533,12.9644,18.7596,13.3400,12.1570,14.6479,13.2279,14.9335,12.7986,11.5162,14.6073,11.0068,11.0598,8.9511,11.5427,8.6526,9.1741,8.3590,10.7552,9.3201,13.9132,8.9891,6.4886,6.2746,5.6827,3.8819,2.8705,8.5761,5.1435,4.2321,6.9180,4.8855,3.3510,2.6791,2.6207,2.2725,3.4551,3.9272,1.9533,1.2075,6.5443,-0.3213,-0.2928,-0.5737,-1.5947,-2.3293,-4.7208,-0.3412,1.5079,4.0855,2.2685,2.4452,0.9740,12.7624,5.6965,7.5319,10.0462,12.8440,6.4031,11.9475,4.6584,6.9635,5.7549,3.4163,4.7823,5.2005,8.8629,8.7573,11.4965,8.0872,9.0519,7.6143,17.4299,16.5598,12.7223,12.9401,17.7658,13.2394,16.8525,12.2123,12.3252,12.4326,12.5383,12.6389,12.7324,12.8316,12.9285,13.0264,13.1284,13.2394,13.3508,13.4680,13.5872,13.7102,13.8352,13.9615,14.0906,14.2221,14.3535,14.4836,14.6130,14.7402,14.8644,14.9828,15.0965,15.2020,15.2990,15.3869,15.4629,15.5276,15.5791,15.6169,15.6408,15.6513,15.6485,15.6334,15.6069,15.5710,15.5287,15.4824,15.4354,15.3898,15.3465,15.3057,15.2675,15.2323,15.1985,15.1543,15.1438
45118.8750000,10.8367,9.9157,10.6634,9.8490,21.7906,11.8777,12.1318,6.3690,11.4661,10.0280,9.6003,8.3309,7.2413,6.9766,5.4837,4.7264,7.1567,5.3312,4.4906,2.8170,7.0281,1.2960,2.3564,2.0992,2.1210,14.4931,2.2605,1.3205,4.4072,1.1776,1.4306,-0.9712,0.7945,4.7348,7.2127,6.5169,11.6540,13.3984,4.5726,15.1081,16.7230,12.5573,7.6657,10.0391,32.2337,18.7833,12.8649,14.3142,9.6734,8.6593,13.1137,15.5302,17.6989,17.1188,7.6574,9.5489,8.7777,11.8046,24.6533,17.6924,18.3964,15.2663,10.9339,10.1283,10.9195,11.4387,16.7816,17.8336,4.6394,5.2486,7.7129,6.8396,4.9859,2.6652,4.7512,8.7362,6.9990,6.9688,3.7675,12.7752,27.3962,23.7916,11.8413,8.9181,9.6694,8.3451,18.4033,12.9425,20.1708,11.2280,18.5067,26.1726,26.9915,23.2458,9.7809,12.6877,14.2930,15.8168,14.6614,13.6187,13.7909,22.4532,15.9175,16.9037,22.8752,24.3445,18.2544,21.2083,14.0484,21.3856,14.9844,13.8431,16.4159,14.4351,16.6183,13.5478,13.3631,17.3017,14.3341,14.5776,11.0958,15.2354,12.2659,13.7682,13.6638,16.0922,14.5001,18.5208,13.3108,9.4693,9.9257,9.4930,8.2745,7.5405,12.4444,9.2118,8.2438,10.7183,8.2310,7.0723,6.2784,6.4454,5.7928,6.6109,7.3091,4.8889,4.5147,9.2990,3.4814,3.3176,3.0250,1.9864,1.1204,-1.1972,1.9975,3.4026,5.5788,3.7578,3.9699,2.8564,13.1678,6.8968,8.2513,10.5840,12.6644,6.8917,12.2145,5.7319,8.1366,6.8703,3.9898,5.5303,6.2161,9.7307,9.6614,11.5692,8.2102,9.3079,8.0686,17.3896,16.3155,12.4277,12.7706,17.6488,12.8505,17.1676,12.7100,12.9423,13.1651,13.3802,13.5843,13.7751,13.9618,14.1379,14.3057,14.4671,14.6255,14.7752,14.9202,15.0585,15.1918,15.3201,15.4435,15.5644,15.6835,15.8001,15.9145,16.0284,16.1417,16.2551,16.3677,16.4812,16.5943,16.7075,16.8212,16.9340,17.0468,17.1586,17.2689,17.3771,17.4828,17.5853,17.6839,17.7778,17.8661,17.9489,18.0250,18.0942,18.1562,18.2105,18.2569,18.2954,18.3269,18.3507,18.3571,18.3757
45118.9166667,15.7470,16.1910,16.5320,15.7188,26.9572,16.4900,17.3363,11.4913,16.1467,13.8984,13.6501,12.6200,10.8141,11.6971,10.6631,9.8631,11.9510,10.0851,8.5514,7.0169,10.7661,5.3335,5.5978,5.4556,5.1349,15.9279,4.5350,3.3330,5.7655,2.6083,2.6732,0.4035,1.7165,4.9095,7.0416,6.2409,10.9897,12.7527,4.7645,14.7065,16.3643,12.4842,8.1936,10.3855,31.5423,19.9210,14.1910,15.2353,11.1300,9.6773,14.0265,16.5411,18.4938,17.8221,8.0056,11.5425,10.5454,12.8651,24.5087,17.5842,17.9579,14.9453,11.5325,11.0459,11.1951,12.0006,17.4225,18.7717,7.6593,8.4221,10.7798,10.1651,8.3833,6.1445,7.0379,11.4396,9.7054,9.6437,6.6894,14.4726,27.3548,24.0031,12.6535,9.5916,10.6422,9.2566,18.7584,13.4385,20.2966,11.2690,18.5798,25.8249,26.5427,23.2418,9.7417,12.9502,14.4675,15.1221,14.4294,13.1073,13.3607,21.9476,16.1673,16.9729,22.9538,24.4104,18.3218,21.4632,14.1153,22.7625,15.3557,14.1935,16.8170,14.3304,16.8276,13.0047,13.5244,18.0878,15.4862,15.7666,10.9897,16.4145,13.2741,15.8019,16.6358,19.4293,17.7850,21.5033,15.9599,10.7951,12.0593,11.9909,11.4970,11.2485,15.8544,12.7410,11.6767,14.0739,10.8657,9.9956,8.9917,9.4515,8.3388,8.8727,9.9096,6.6996,6.7523,11.5136,6.3738,5.9482,5.7793,4.7605,4.1285,2.2295,4.1371,5.4595,7.4018,5.3977,5.5093,4.6216,13.7892,8.0376,8.8910,10.9889,12.4005,7.0966,12.1888,6.2691,8.8233,7.5301,4.2175,5.9469,6.9075,10.2676,10.1278,11.2621,7.8900,8.9816,7.7867,16.5015,15.1119,11.1220,11.4150,16.1082,11.1104,15.6991,11.3527,11.5831,11.8150,12.0493,12.2831,12.5139,12.7475,12.9786,13.2076,13.4353,13.6631,13.8858,14.1054,14.3193,14.5281,14.7306,14.9262,15.1158,15.2994,15.4760,15.6454,15.8086,15.9655,16.1166,16.2613,16.4010,16.5352,16.6648,16.7903,16.9115,17.0296,17.1445,17.2566,17.3663,17.4739,17.5796,17.6837,17.7864,17.8874,17.9874,18.0861,18.1836,18.2799,18.3748,18.4680,18.5593,18.6487,18.7342,18.8049,18.8690
45118.9583333,17.7843,19.9323,20.1469,19.5601,30.7766,19.5628,21.3623,15.3632,20.0129,16.8941,16.9061,16.1189,13.4141,15.4330,14.9160,14.0402,16.0208,14.1963,11.8246,10.5508,14.5185,9.1505,8.7123,9.1623,8.7441,18.7357,7.9201,6.4237,8.6273,5.2962,5.2512,2.9454,3.6604,5.9766,7.6200,6.5142,10.7066,12.2137,4.7281,13.9715,15.4995,11.7535,7.8703,9.8182,29.8703,19.6726,14.0104,14.8053,11.1325,9.3643,13.7615,16.5303,18.5018,17.9133,7.8555,13.0669,12.0406,13.9016,24.6783,17.8581,17.9925,15.0706,12.3608,12.0722,11.5753,12.4892,17.7492,19.1044,9.2142,10.1790,12.6906,12.4953,10.8451,8.6216,8.4410,13.6725,12.0022,12.0601,9.3512,16.2360,27.6906,24.6013,13.7328,10.5016,11.8324,10.3463,19.4462,14.1826,20.7039,11.5420,18.8314,25.6478,26.2068,23.2060,9.6228,12.9928,14.4119,14.4073,14.0584,12.5302,12.8383,21.3423,15.8754,16.5843,22.6211,24.1119,18.0553,21.3698,13.8296,23.5380,15.1743,13.9243,16.6004,13.7512,16.4712,12.1621,13.1325,18.1827,15.8607,16.1494,10.3534,16.6277,13.2599,16.5539,18.2049,21.3227,19.5406,23.0692,17.1147,10.7920,12.6860,12.9470,13.1300,13.4580,18.2104,15.2929,14.2804,16.9457,12.9943,12.4705,11.2738,12.1635,10.5493,10.8956,12.3691,8.1694,8.5827,13.6822,8.9441,8.2102,8.1852,7.0263,6.6752,5.2593,5.8539,7.3954,9.3457,7.0836,7.0790,6.4113,14.9131,9.5466,10.0033,11.9560,12.8277,7.8438,12.7559,7.1771,9.8098,8.3594,4.5467,6.2993,7.4459,10.6954,10.4822,10.9943,7.6350,8.7053,7.5472,15.7375,14.1297,10.1459,10.3908,14.8443,9.8343,14.4445,10.2375,10.4124,10.5902,10.7716,10.9550,11.1390,11.3282,11.5192,11.7127,11.9097,12.1114,12.3143,12.5201,12.7271,12.9354,13.1442,13.3529,13.5617,13.7703,13.9775,14.1827,14.3860,14.5868,14.7847,14.9787,15.1693,15.3555,15.5371,15.7143,15.8862,16.0534,16.2153,16.3719,16.5232,16.6694,16.8105,16.9466,17.0778,17.2044,17.3267,17.4449,17.5593,17.6703,17.7781,17.8829,17.9850,18.0846,18.1804,18.2633,18.3340
45119.0000000,17.6554,21.3083,21.4104,21.0280,32.4342,20.3756,23.1950,17.2495,22.1899,18.2486,18.6184,18.1970,14.7326,18.0741,18.2264,17.3720,19.4392,17.6677,14.3437,13.3044,17.7669,12.1785,11.0401,12.2627,11.8154,21.5085,10.9809,9.2178,11.7592,8.2549,8.5963,6.3623,6.6946,8.1969,9.3798,7.9111,11.5245,12.6594,5.4771,13.9425,15.2031,11.4756,7.8525,9.4886,28.2666,19.0961,13.3585,13.9274,10.5016,8.4816,12.7958,15.6780,17.6150,17.0821,6.9625,13.5182,12.5322,14.0696,24.2115,17.5818,17.6265,14.8917,12.8721,12.8757,11.9207,13.0169,18.2142,19.4905,10.1288,11.0791,13.6862,13.8316,12.2601,10.0464,8.9341,15.0883,13.5062,13.7371,11.2248,17.4047,27.6389,24.8075,14.3310,10.9604,12.6029,11.0739,20.0020,14.8102,21.1337,11.8582,19.1977,25.6640,26.0995,23.3855,9.7462,13.2509,14.5773,14.0289,13.9197,12.2251,12.5445,20.8886,15.4134,16.0024,22.0134,23.4960,17.4704,20.9602,13.3197,23.8912,14.7389,13.4275,16.1043,13.0044,15.8367,11.2453,12.4835,17.8439,15.7290,16.0190,9.5834,16.3684,12.8393,16.6928,19.0024,22.3802,20.3950,23.7347,17.3516,10.1825,12.4632,12.9419,13.6200,14.4129,19.4012,16.6246,15.6829,18.7576,14.1013,13.9783,12.6812,14.1151,12.0644,12.3705,14.4003,9.2299,10.0356,15.7033,11.1718,10.1276,10.3175,9.0210,8.9875,8.0382,7.3046,9.1699,11.2279,8.5912,8.4613,7.9783,16.1424,11.0108,11.1229,12.9846,13.3937,8.6082,13.4928,8.1441,10.9984,9.4266,5.1192,6.9313,8.2096,11.3479,11.0126,10.9729,7.6003,8.6161,7.4612,15.1617,13.3718,9.4338,9.6221,13.8061,8.8829,13.3956,9.3662,9.4990,9.6358,9.7768,9.9205,10.0659,10.2160,10.3681,10.5227,10.6804,10.8421,11.0054,11.1716,11.3396,11.5097,11.6816,11.8551,12.0305,12.2079,12.3866,12.5665,12.7478,12.9302,13.1136,13.2975,13.4820,13.6666,13.8511,14.0354,14.2189,14.4017,14.5831,14.7629,14.9408,15.1165,15.2896,15.4600,15.6272,15.7911,15.9516,16.1083,16.2612,16.4103,16.5554,16.6964,16.8332,16.9659,17.0925,17.2046,17.2944
45119.0416667,17.4902,22.2924,22.1590,21.8627,33.4262,20.4774,24.0347,17.8735,22.9679,18.2020,18.8113,18.6387,14.4723,18.8982,19.7889,19.0919,21.5082,19.9456,15.7410,15.0106,20.2304,14.2951,12.5281,14.6036,14.1706,23.9196,13.4070,11.3010,14.4336,10.6211,11.6627,9.6171,9.8702,10.7313,11.6552,9.8939,13.1273,13.9695,6.9375,14.6507,15.6563,11.9089,8.4578,9.7858,27.2472,18.7845,12.8752,13.0829,9.7964,7.6162,11.7432,14.6061,16.4250,15.8907,5.9204,13.2687,12.2453,13.4813,23.0368,16.5833,16.5494,13.9860,12.5419,12.8270,11.5372,12.8502,18.1458,19.4680,10.6319,11.5566,14.2427,14.6559,13.0797,10.6959,8.8410,15.7903,14.2486,14.6673,12.3076,17.9270,27.1153,24.5131,14.3592,10.8444,12.7420,11.1665,19.9946,14.8600,21.0441,11.6792,19.0983,25.3078,25.6755,23.2493,9.5916,13.2382,14.5273,13.5793,13.6787,11.8886,12.2371,20.4494,14.7149,15.2290,21.1954,22.6723,16.7083,20.2352,12.5709,23.8093,14.0384,12.7037,15.3628,12.1302,15.0083,10.3085,11.6920,17.2240,15.2772,15.5590,8.7605,15.7719,12.1491,16.3789,19.2261,22.8188,20.6173,23.7878,17.0238,9.3315,11.7916,12.3929,13.4060,14.5491,19.7662,17.0607,16.1447,19.5966,14.2868,14.4797,13.0895,15.0336,12.6068,12.9315,15.5386,9.5175,10.6912,17.0647,12.6515,11.3510,11.8262,10.4621,10.8446,10.4290,8.4474,10.7341,13.0148,9.9539,9.6465,9.3178,17.4065,12.3779,12.2007,14.0206,14.0386,9.3426,14.2757,9.0247,12.1457,10.4428,5.6171,7.4501,8.9204,12.0549,11.6370,11.1492,7.7630,8.7393,7.5795,14.8691,12.9354,9.0617,9.1905,13.1015,8.3092,12.6428,8.7830,8.8592,8.9401,9.0262,9.1164,9.2102,9.3099,9.4135,9.5215,9.6342,9.7522,9.8738,9.9997,10.1290,10.2617,10.3975,10.5360,10.6774,10.8216,10.9679,11.1161,11.2664,11.4185,11.5723,11.7274,11.8840,12.0417,12.2006,12.3606,12.5214,12.6831,12.8455,13.0084,13.1717,13.3353,13.4991,13.6628,13.8264,13.9895,14.1522,14.3141,14.4752,14.6353,14.7940,14.9513,15.1068,15.2601,15.4089,15.5444,15.6514
45119.0833333,17.1397,22.9270,22.6687,22.5121,34.3568,20.6520,24.9000,18.5990,23.8641,18.3828,19.1573,19.1159,14.2941,19.4382,20.8081,20.0558,22.6651,21.1891,16.1105,15.6120,21.6780,15.3573,13.0755,16.0181,15.6784,25.8272,15.1942,12.7664,16.6876,12.4909,14.4077,12.5920,12.9344,13.2431,14.0603,12.0496,15.1359,15.8365,8.8195,16.0124,16.8565,13.0973,9.7694,10.8675,27.1744,19.2679,13.1436,12.9325,9.6725,7.3764,11.2581,14.0037,15.6439,15.0694,5.3745,13.1029,11.9809,12.9339,21.9194,15.6238,15.4919,13.0509,12.0235,12.4944,10.9137,12.3557,17.6930,19.0626,10.7107,11.6834,14.5128,15.2196,13.6544,11.0532,8.6488,16.2558,14.7396,15.3606,13.1418,18.3397,26.6524,24.2701,14.4043,10.7746,12.8665,11.2429,19.9902,14.8998,20.9619,11.5347,19.0043,24.9906,25.2976,23.1100,9.4487,13.1828,14.4446,13.2064,13.4697,11.6198,11.9913,20.0709,14.1261,14.5735,20.4632,21.9290,16.0484,19.5369,11.8855,23.5686,13.3174,11.9589,14.5865,11.3134,14.1868,9.5071,10.9527,16.5553,14.7632,15.0427,8.0878,15.1327,11.4806,15.9444,19.2335,23.0132,20.6120,23.6426,16.5716,8.6151,11.1107,11.7629,12.9823,14.3744,19.7827,17.1136,16.1984,19.9678,14.1012,14.5121,13.0252,15.3724,12.6278,12.9620,16.0557,9.3480,10.7733,17.8181,13.4664,11.9575,12.7108,11.3020,12.1268,12.2843,9.1918,11.9559,14.5671,11.0843,10.6560,10.4874,18.7343,13.7521,13.3560,15.2034,14.9085,10.2256,15.2951,10.0400,13.4638,11.6008,6.2067,8.0966,9.7308,12.9034,12.4077,11.5450,8.1262,9.0862,7.9208,14.9216,12.8924,9.0927,9.1876,12.8804,8.2314,12.4003,8.6988,8.7335,8.7719,8.8144,8.8603,8.9093,8.9631,9.0205,9.0819,9.1477,9.2185,9.2930,9.3719,9.4547,9.5416,9.6323,9.7267,9.8249,9.9269,10.0324,10.1411,10.2532,10.3685,10.4868,10.6078,10.7317,10.8581,10.9868,11.1178,11.2508,11.3858,11.5224,11.6607,11.8003,11.9413,12.0834,12.2264,12.3703,12.5149,12.6602,12.8060,12.9522,13.0988,13.2456,13.3925,13.5393,13.6855,13.8292,13.9622,14.0673
45119.1250000,17.5461,24.0962,23.6668,23.5923,35.7181,21.2792,26.0792,19.5990,25.0220,18.8969,19.8032,19.8703,14.5163,20.1409,21.9532,21.1481,23.9169,22.4376,16.5136,16.0829,22.8623,16.0893,13.3272,16.9492,16.6508,27.2976,16.4188,13.6593,18.4367,13.8188,16.7332,15.2028,15.7976,15.6317,16.4607,14.2157,17.3351,18.0058,10.8489,17.8096,18.5799,14.8042,11.5496,12.5162,27.9706,20.6080,14.2686,13.6563,10.3819,7.9698,11.6520,14.2718,15.7252,15.0906,5.6277,13.5873,12.3223,13.0053,21.4442,15.2779,15.0326,12.6695,11.9335,12.5097,10.6645,12.1484,17.4157,18.7387,10.5848,11.5649,14.5399,15.5444,14.0208,11.2536,8.4587,16.6320,15.1703,16.0158,13.9437,18.8447,26.4373,24.2782,14.6731,10.9652,13.2307,11.5741,20.2964,15.2492,21.2301,11.7499,19.2783,25.0770,25.3329,23.3464,9.6616,13.4572,14.6935,13.2306,13.6149,11.7133,12.0908,20.0319,14.1004,14.4618,20.2354,21.6577,15.8391,19.2390,11.5854,23.5170,12.8682,11.4619,14.0294,10.7644,13.5908,8.9969,10.4482,16.0455,14.3887,14.6670,7.6800,14.6478,11.0114,15.6086,19.2608,23.2128,20.6416,23.5627,16.2537,8.1951,10.6558,11.3194,12.6587,14.2226,19.7787,17.1277,16.2016,20.2327,13.9077,14.4665,12.8925,15.5418,12.5412,12.8712,16.3432,9.1178,10.6856,18.2863,13.9547,12.2712,13.2460,11.7670,12.9633,13.6440,9.5926,12.8110,15.7970,11.9096,11.4498,11.4393,20.0144,15.0505,14.4971,16.4358,15.8952,11.1678,16.4833,11.1561,14.9698,12.9542,6.9466,9.0201,10.8316,14.0951,13.5204,12.3239,8.8256,9.7867,8.5952,15.4321,13.3220,9.5632,9.6367,13.1785,8.6276,12.6888,9.0990,9.1056,9.1155,9.1286,9.1448,9.1636,9.1863,9.2121,9.2411,9.2737,9.3104,9.3501,9.3936,9.4403,9.4905,9.5439,9.6006,9.6608,9.7243,9.7911,9.8611,9.9344,10.0110,10.0908,10.1737,10.2598,10.3489,10.4411,10.5362,10.6342,10.7351,10.8386,10.9448,11.0534,11.1645,11.2778,11.3933,11.5109,11.6303,11.7516,11.8745,11.9990,12.1249,12.2522,12.3806,12.5099,12.6397,12.7682,12.8884,12.9839
45119.1666667,17.6274,24.8314,24.2899,24.2917,36.7315,21.6038,26.9738,20.4045,26.0896,19.4000,20.4511,20.6504,14.8794,20.8763,23.0625,22.1904,25.1014,23.5985,16.9256,16.5602,23.9482,16.7155,13.5611,17.7188,17.4182,28.4989,17.2707,14.1923,19.7291,14.6583,18.4991,17.1976,18.0887,17.4835,18.3804,15.9156,19.1770,19.8874,12.4786,19.3905,20.1180,16.2892,13.0496,13.9564,28.8772,22.1485,15.6304,14.6171,11.3860,8.8283,12.4136,14.9686,16.2730,15.5719,6.2031,14.4898,13.0857,13.5020,21.4110,15.3299,14.9663,12.6569,12.1426,12.7877,10.7148,12.2072,17.3614,18.5520,10.4751,11.3695,14.3762,15.5639,14.0411,11.1827,8.0958,16.6712,15.2487,16.2633,14.2800,18.8933,25.8212,23.8479,14.4687,10.7070,13.1316,11.4834,20.2356,15.2479,21.2031,11.6950,19.3132,24.9788,25.2218,23.4612,9.7695,13.6703,14.9050,13.2427,13.7303,11.7965,12.1963,20.0580,13.9657,14.2981,19.9973,21.4120,15.6898,19.0283,11.4735,23.6130,12.6716,11.2337,13.6965,10.4374,13.1686,8.6631,10.0799,15.5887,14.0162,14.2750,7.3534,14.1830,10.5907,15.2418,19.1527,23.2473,20.5323,23.3470,15.8689,7.8308,10.2479,10.9260,12.3412,14.0141,19.6556,17.0159,16.0778,20.3125,13.6232,14.2954,12.6644,15.5274,12.3291,12.6493,16.3938,8.8157,10.4648,18.4608,14.1071,12.2726,13.4254,11.9114,13.4155,14.5389,9.6741,13.2395,16.5553,12.2735,11.7685,11.9007,20.8498,15.8430,15.1571,17.1982,16.4406,11.6363,17.2859,11.8745,16.2070,14.1114,7.5169,9.7532,11.8369,15.2980,14.6806,13.1851,9.5671,10.5639,9.3315,16.1083,13.8951,10.1138,10.1620,13.6043,9.0705,13.0878,9.5503,9.5395,9.5316,9.5265,9.5241,9.5239,9.5267,9.5320,9.5398,9.5503,9.5639,9.5798,9.5985,9.6198,9.6438,9.6704,9.6997,9.7319,9.7669,9.8047,9.8453,9.8888,9.9351,9.9843,10.0362,10.0911,10.1487,10.2091,10.2723,10.3383,10.4070,10.4783,10.5524,10.6290,10.7083,10.7901,10.8744,10.9612,11.0503,11.1418,11.2357,11.3317,11.4300,11.5303,11.6327,11.7369,11.8425,11.9481,12.0477,12.1270
45119.2083333,17.0298,24.8524,24.3179,24.4710,37.3230,21.6197,27.5214,20.9355,26.8865,19.7032,20.8851,21.1949,15.0550,21.3678,23.9361,23.0515,26.1691,24.6752,17.3391,17.0180,25.0089,17.3390,13.8528,18.4593,18.1562,29.7251,18.1012,14.6911,20.8789,15.3100,19.9648,18.8462,20.0088,18.9619,19.9369,17.2191,20.6845,21.4598,13.6806,20.7570,21.4900,17.5875,14.3195,15.2139,29.8104,23.6386,16.8976,15.5509,12.3162,9.6053,13.2227,15.7933,17.0187,16.2883,6.8501,15.6102,14.0863,14.2994,21.7990,15.7836,15.3125,13.0246,12.6724,13.3607,11.0631,12.5459,17.5776,18.5977,10.4485,11.2410,14.2720,15.6165,14.0685,11.0131,7.7495,16.5947,15.1893,16.3750,14.4826,18.8919,25.2665,23.4595,14.2840,10.4832,12.9916,11.3141,20.0374,15.0779,20.9791,11.4483,19.1167,24.6723,24.9060,23.3293,9.6222,13.6012,14.8546,13.0690,13.6549,11.7100,12.1380,19.9364,14.0755,14.3498,19.9521,21.3258,15.6546,18.8762,11.3530,23.6603,12.4967,11.0643,13.4764,10.2645,12.9374,8.5391,9.9285,15.3578,13.8627,14.0938,7.2160,13.8686,10.3082,14.9451,19.0515,23.2402,20.3808,23.1030,15.4938,7.5225,9.8615,10.5277,11.9821,13.7389,19.4628,16.8414,15.8970,20.3009,13.3328,14.0725,12.3943,15.4140,12.0754,12.3838,16.3335,8.5223,10.1955,18.4999,14.1338,12.1873,13.4511,11.8582,13.5753,15.0638,9.5683,13.4183,17.0461,12.4352,11.9158,12.1381,21.4695,16.3916,15.6049,17.7616,16.8341,11.9362,17.8835,12.3331,17.1232,14.9186,7.7547,10.2364,12.5881,16.3062,15.6775,13.9361,10.1851,11.2525,9.9855,16.8361,14.5440,10.7188,10.7646,14.1824,9.6234,13.6565,10.1206,10.0933,10.0674,10.0434,10.0211,10.0007,9.9828,9.9672,9.9542,9.9439,9.9367,9.9322,9.9306,9.9317,9.9356,9.9422,9.9515,9.9634,9.9779,9.9950,10.0145,10.0365,10.0610,10.0879,10.1171,10.1488,10.1828,10.2193,10.2581,10.2993,10.3429,10.3889,10.4373,10.4880,10.5412,10.5967,10.6545,10.7147,10.7772,10.8420,10.9090,10.9784,11.0499,11.1237,11.1996,11.2776,11.3573,11.4377,11.5143,11.5758
45119.2500000,16.1578,24.3293,23.7279,23.9424,37.0589,20.8600,27.2127,20.7509,26.9977,19.4187,20.7552,21.2336,14.8854,21.4552,24.4094,23.5599,26.8948,25.4337,17.5475,17.3216,25.8365,17.7774,14.0566,19.0605,18.7611,30.7572,18.7370,15.1154,21.9193,15.9328,21.3334,20.3529,21.7525,20.2318,21.2442,18.2552,21.8852,22.7010,14.5408,21.7961,22.5122,18.5010,15.1920,16.1046,30.5240,24.9326,17.9830,16.3596,13.1393,10.2497,13.9399,16.5420,17.6967,16.9229,7.3096,16.7139,15.1073,15.1287,22.2540,16.2626,15.7031,13.4576,13.3131,14.1079,11.6272,13.1363,18.0626,18.8659,10.6162,11.2594,14.2236,15.6476,14.0638,10.8897,7.4911,16.4412,15.0200,16.3068,14.4568,18.6140,24.4239,22.7300,13.7519,9.9651,12.5646,10.9231,19.6236,14.7200,20.5793,11.0715,18.7475,24.1759,24.3903,22.9977,9.3487,13.3924,14.6433,12.7302,13.3726,11.4203,11.8642,19.5967,13.9051,14.1637,19.6984,21.0639,15.4843,18.6802,11.2952,23.7399,12.4035,10.9719,13.2886,10.0924,12.6790,8.3610,9.7288,15.0540,13.6166,13.8409,7.0955,13.6097,10.1154,14.7204,18.9574,23.2022,20.1967,22.7949,15.1070,7.2746,9.5523,10.2090,11.6680,13.4492,19.1714,16.5595,15.6082,20.1232,12.9625,13.7727,12.0948,15.2053,11.7753,12.0706,16.1429,8.2283,9.9131,18.3833,13.9925,11.9682,13.3312,11.7245,13.5998,15.3788,9.3830,13.3865,17.2298,12.3195,11.7728,12.0748,21.7237,16.5342,15.6553,17.8974,16.8086,11.8299,18.0816,12.4309,17.7054,15.4383,7.8184,10.4793,13.0780,17.0452,16.3940,14.4170,10.5181,11.6634,10.3571,17.3054,14.8960,10.9769,11.0116,14.4297,9.7952,13.9022,10.3617,10.3597,10.3546,10.3470,10.3370,10.3252,10.3123,10.2983,10.2838,10.2691,10.2547,10.2405,10.2271,10.2144,10.2029,10.1926,10.1838,10.1766,10.1713,10.1678,10.1663,10.1670,10.1699,10.1750,10.1824,10.1921,10.2041,10.2184,10.2351,10.2540,10.2753,10.2988,10.3246,10.3525,10.3827,10.4150,10.4494,10.4860,10.5246,10.5654,10.6081,10.6529,10.6998,10.7487,10.7996,10.8524,10.9069,10.9624,11.0156,11.0576
45119.2916667,14.8979,23.2099,22.4964,22.6481,35.8644,19.2171,25.7294,19.2225,25.6537,17.7708,19.1530,19.7244,13.2893,20.0771,23.3540,22.6049,26.2065,24.8279,16.5567,16.4969,25.5274,17.0949,13.2771,18.6402,18.3720,30.7767,18.2612,14.4714,21.9073,15.5755,21.7522,20.9142,22.5880,20.6620,21.6943,18.4328,22.1988,22.9640,14.3306,21.7444,22.3175,18.1489,14.6812,15.6117,30.0339,24.8576,17.7376,15.9582,12.8188,9.8335,13.6668,16.3084,17.4173,16.5947,6.7672,16.7498,15.1221,15.0064,21.8531,15.7841,15.1205,12.8571,12.8262,13.7497,11.1840,12.7942,17.8013,18.5264,10.5186,11.1684,14.0620,15.4174,13.6963,10.3951,6.9838,15.8656,14.2968,15.5570,13.5793,17.4079,22.7367,20.9743,12.0658,8.2618,10.7492,9.1384,17.7092,12.8162,18.5804,9.2004,16.7587,22.0942,22.3290,21.0754,7.6331,11.7242,13.0175,11.1067,11.7540,9.8346,10.3246,17.9569,12.5021,12.7521,18.2241,19.5560,14.0517,17.2579,10.1117,22.8200,11.4576,10.1888,12.5300,9.3637,11.8740,7.6410,8.9435,14.1623,12.7124,12.9056,6.2934,12.6959,9.2516,13.8266,18.0795,22.3483,19.2087,21.6999,13.9266,6.3030,8.5525,9.2341,10.7187,12.4949,18.1844,15.5738,14.6337,19.1961,11.8672,12.7299,11.1014,14.3215,10.8406,11.1471,15.2953,7.3570,9.0637,17.6496,13.1812,11.0857,12.5182,10.9567,13.0245,15.0579,8.7768,12.8835,16.8527,11.6805,11.0006,11.2577,21.1707,15.7637,14.7755,17.0533,15.8426,10.7249,17.1744,11.4148,17.0857,14.8398,6.9706,9.8048,12.6527,16.9168,16.2408,14.1007,10.0225,11.2227,9.8459,16.9001,14.3783,10.2539,10.1745,13.5649,8.7901,12.8891,9.2269,9.2504,9.2700,9.2857,9.2979,9.3064,9.3127,9.3169,9.3193,9.3203,9.3204,9.3194,9.3178,9.3152,9.3118,9.3074,9.3023,9.2962,9.2894,9.2819,9.2740,9.2656,9.2571,9.2487,9.2402,9.2303,9.2235,9.2170,9.2112,9.2066,9.2033,9.2010,9.1999,9.2003,9.2031,9.2059,9.2103,9.2158,9.2226,9.2311,9.2408,9.2519,9.2642,9.2768,9.2865,9.2854,9.2918,9.3002,9.3053,9.3097
45119.3333333,10.2939,18.7014,18.2509,18.5271,31.9399,15.3037,22.0439,15.8433,22.5926,14.7233,16.1707,16.8572,10.5714,17.0957,20.5851,19.9506,23.7605,22.3299,13.9133,14.0464,23.4870,14.8420,11.1307,16.7560,16.5246,29.3186,16.3901,12.5379,20.5107,13.9430,20.7590,20.0146,21.9637,19.6243,20.6771,17.2673,21.2389,21.9930,12.9921,20.5705,20.9460,16.6498,12.9968,13.9299,28.3572,23.3142,16.0411,14.1798,11.1123,8.1709,12.0728,14.6688,15.7166,14.8096,5.0132,15.2629,13.6888,13.5273,20.1961,14.0553,13.3301,11.0324,11.0262,12.0424,9.5784,11.1172,16.1126,16.8444,9.5639,10.5302,13.4852,14.7734,12.9134,9.5045,6.2251,14.8941,13.1158,14.2913,12.1054,15.5805,20.5414,18.6190,9.7711,6.0850,8.2156,6.6482,14.8524,9.9438,15.4397,6.3628,13.4831,18.6092,18.7990,17.5516,4.6061,8.5249,9.8151,8.0521,8.6152,6.7922,7.2878,14.6911,9.1373,9.4910,14.8262,16.1729,10.8634,14.1339,7.4387,20.3033,9.2331,8.1388,10.5651,7.5117,9.9477,5.9336,7.0940,12.2150,10.8026,11.0246,4.7314,10.9659,7.5559,12.0635,16.2283,20.5202,17.2780,19.6830,11.8743,4.6356,6.7873,7.4595,8.9132,10.7332,16.1813,13.5789,12.6634,17.2888,10.0320,10.7574,9.1782,12.4766,9.0327,9.3743,13.5343,5.7733,7.4705,16.0577,11.5482,9.4331,10.8936,9.4137,11.6436,13.8640,7.5719,11.7071,15.7399,10.4106,9.5394,9.6822,19.8480,14.0767,13.0700,15.3025,14.0884,8.8225,15.2684,9.4663,15.2577,13.1002,5.2196,8.0068,10.9402,15.4797,14.8029,12.7549,8.4596,9.7013,8.3055,15.4752,13.1419,8.8715,8.6841,12.0344,7.1565,11.0865,7.0861,7.0659,7.0543,7.0488,7.0491,7.0528,7.0621,7.0735,7.0865,7.1003,7.1142,7.1274,7.1399,7.1504,7.1597,7.1669,7.1720,7.1751,7.1765,7.1765,7.1739,7.1690,7.1628,7.1549,7.1456,7.1347,7.1227,7.1099,7.0957,7.0807,7.0645,7.0479,7.0302,7.0115,6.9923,6.9724,6.9512,6.9245,6.8787,6.8448,6.8118,6.7802,6.7485,6.7162,6.6830,6.6487,6.6116,6.5734,6.5302,6.4984
45119.3750000,6.6849,14.7345,14.4282,14.7857,28.1436,11.8828,18.3385,12.3668,18.9803,11.3096,12.6724,13.3258,7.3353,12.8069,16.4940,16.1618,20.5186,19.1854,10.9820,11.0310,20.6875,12.0024,8.4954,14.1546,14.0303,27.2237,14.1428,10.2863,18.5443,11.8328,19.0500,18.5059,20.9424,18.3764,19.3524,15.6878,19.8917,20.7722,11.4938,19.2912,19.5971,15.3421,11.6046,12.5672,26.8592,21.7129,14.2345,12.3163,9.1970,6.4537,10.4225,12.8685,13.9810,12.9872,3.5138,13.4364,11.8128,11.7212,18.3158,12.2485,11.6552,9.1907,9.1080,10.1343,7.8327,9.2741,14.4241,14.9383,7.7524,9.1894,12.4630,13.9422,12.1947,8.5734,5.6098,14.1637,12.3061,13.5884,11.3906,14.7906,19.7066,17.7601,9.0662,5.6736,7.2570,5.7072,13.3622,8.4589,13.5082,4.8717,11.2746,16.0443,16.1853,14.7890,2.3804,5.7333,6.9027,5.4437,5.8295,4.2580,4.5057,11.4162,6.0335,6.5286,11.5789,12.7884,7.5159,10.6268,4.2270,16.8193,6.2041,5.3097,7.8341,5.1154,7.5886,4.0389,4.9643,9.9022,8.6361,8.8968,3.0384,9.0381,5.7247,10.0766,14.1583,18.4827,15.2709,17.6789,9.9560,3.2491,5.1509,5.7416,7.1427,8.9516,14.1865,11.6181,10.7280,15.4505,8.3316,8.8812,7.3434,10.6065,7.2849,7.6240,11.6995,4.2957,5.8454,14.2953,9.8799,7.8394,9.2238,7.7107,9.9471,12.2516,6.2441,10.3980,14.5463,9.2725,8.4073,8.4211,18.9157,12.8676,11.9600,14.1429,12.9973,7.8131,13.9076,8.1857,13.6331,11.3532,3.6805,6.2422,9.0146,13.7379,13.0108,11.1866,6.8656,8.1051,6.7620,14.0375,12.0127,7.8540,7.7108,11.1055,6.4482,10.1695,6.0636,6.0107,5.9581,5.9058,5.8542,5.8017,5.7533,5.7064,5.6618,5.6196,5.5805,5.5445,5.5122,5.4828,5.4577,5.4356,5.4169,5.4013,5.3885,5.3780,5.3696,5.3623,5.3564,5.3509,5.3457,5.3401,5.3341,5.3274,5.3188,5.3040,5.2738,5.2484,5.2241,5.1994,5.1755,5.1509,5.1256,5.0994,5.0738,5.0488,5.0238,4.9997,4.9745,4.9477,4.9189,4.8878,4.8533,4.8167,4.7726,4.7440
45119.4166667,4.7296,12.0080,11.6979,11.9983,25.1200,9.3004,15.3498,9.7278,16.2085,8.8406,10.1009,10.7221,5.2250,9.1764,12.7053,12.4548,16.9673,15.7149,8.0317,8.0782,17.6548,9.2621,6.1263,11.5719,11.5609,24.9612,11.8343,8.1311,16.4359,9.7748,17.1225,16.8071,19.6918,17.1940,18.3181,14.5929,18.7591,19.5900,10.2302,18.2531,18.4058,14.2518,10.5108,11.5169,25.8373,20.6152,13.0115,11.0928,8.0078,5.4617,9.4081,11.7841,12.8984,11.9444,2.8841,12.2595,10.5545,10.5491,17.0112,10.8745,10.4624,7.9649,7.8093,8.7981,6.6786,8.0198,13.2141,13.6871,6.2732,7.7290,11.1227,12.6008,11.0587,7.5933,4.9207,13.4340,11.5038,13.0316,10.6815,13.9999,19.0968,17.1562,8.5609,5.4856,6.8038,5.4328,12.7576,8.0373,12.8439,4.9079,10.8048,15.1875,15.2778,13.7841,2.1776,4.9043,5.8946,4.6597,4.8437,3.4895,3.5244,9.8431,4.4906,4.9738,9.6448,10.6729,5.5815,8.2503,2.2590,13.9930,3.9040,3.0710,5.4026,3.0070,5.3341,2.2778,2.9428,7.4753,6.4221,6.6701,1.4588,6.9681,3.9409,8.1178,11.9553,16.3477,13.3170,15.7703,8.2821,2.2094,3.9097,4.4500,5.7645,7.4964,12.5024,9.9447,9.1548,13.9245,7.1239,7.5485,6.0835,9.2360,6.0997,6.3239,10.1868,3.2625,4.6536,12.6998,8.4409,6.4008,7.7639,6.2523,8.4074,10.6852,5.0558,9.0350,13.2751,8.0183,7.2888,7.1820,17.7394,11.7795,10.9212,13.0095,12.0502,6.9923,12.8985,7.4452,12.7172,10.4428,3.2041,5.4433,7.9025,12.5683,11.8009,10.0294,5.7881,7.0115,5.6443,12.9143,10.9817,6.9950,6.8938,10.2661,5.8686,9.4259,5.4016,5.3794,5.3575,5.3351,5.3119,5.2845,5.2581,5.2292,5.1978,5.1638,5.1275,5.0890,5.0489,5.0069,4.9644,4.9209,4.8772,4.8336,4.7879,4.7320,4.6813,4.6337,4.5882,4.5447,4.5035,4.4659,4.4310,4.3987,4.3688,4.3412,4.3171,4.2954,4.2756,4.2576,4.2421,4.2277,4.2141,4.2009,4.1889,4.1778,4.1669,4.1565,4.1451,4.1321,4.1169,4.0993,4.0784,4.0551,4.0223,4.0045
45119.4583333,3.7463,10.2092,9.8805,10.0615,22.6989,7.4078,12.9202,7.6008,13.8008,6.7859,7.8057,8.2828,3.3502,5.9921,9.1197,8.8951,13.3123,12.1120,5.0944,5.1084,14.1468,6.1676,3.4934,8.5061,8.6069,21.9268,8.9921,5.5843,13.8271,7.4222,14.8232,14.5624,17.7264,15.3473,16.5825,12.9115,17.2238,18.0112,8.6715,16.8129,16.8738,12.6941,8.9963,10.0393,24.3990,19.2042,11.6191,9.7903,6.8281,4.5338,8.3517,10.6105,11.6644,10.8140,2.2920,11.0546,9.3505,9.4582,15.6838,9.5198,9.1545,6.6807,6.4607,7.4091,5.5080,6.6896,11.6884,12.1329,4.9851,6.4082,9.8330,11.1882,9.6948,6.2628,3.8972,12.1454,10.1232,11.8160,9.3466,12.5696,17.7803,15.7974,7.3597,4.4707,5.6236,4.4497,11.4184,6.8205,11.5693,4.0964,9.5962,13.8491,13.9796,12.4897,1.7748,4.1351,5.0532,4.0592,4.1162,2.9492,2.9233,8.5996,3.4821,3.8912,8.1557,9.0168,4.2234,6.4584,1.0023,11.6965,2.2963,1.5350,3.5916,1.4519,3.4617,0.8925,1.2499,5.1996,4.2583,4.4780,0.0000,4.7450,2.0129,5.8092,9.3093,13.7588,10.9316,13.4352,6.3204,1.0055,2.5327,3.0414,4.2823,5.9286,10.7216,8.1482,7.3659,12.0102,5.6521,6.1018,4.6711,7.7224,4.8205,4.9922,8.6792,2.3136,3.5795,11.2187,7.0891,5.1435,6.4303,4.9214,6.8798,9.0530,3.9148,7.6209,11.7165,6.6251,5.9496,5.7412,16.1108,10.3064,9.4466,11.4743,10.6132,5.7653,11.4837,6.2090,11.3084,9.1731,2.5217,4.6010,6.8708,11.4760,10.7219,9.0350,4.9515,6.1348,4.7689,11.8842,9.9650,6.1118,5.9739,9.2048,5.0235,8.3102,4.3933,4.3380,4.2884,4.2450,4.2080,4.1736,4.1468,4.1230,4.1008,4.0791,4.0630,4.0480,4.0293,4.0071,3.9831,3.9554,3.9248,3.8916,3.8565,3.8209,3.7837,3.7467,3.7095,3.6719,3.6341,3.5971,3.5602,3.5235,3.4871,3.4512,3.4167,3.3832,3.3507,3.3192,3.2895,3.2610,3.2335,3.2072,3.1825,3.1597,3.1382,3.1185,3.0994,3.0806,3.0616,3.0423,3.0218,3.0008,2.9701,2.9554
45119.5000000,2.6365,8.4414,8.2857,8.4902,20.5494,5.8678,10.7458,5.6064,11.6356,5.2154,6.0386,6.2438,1.8305,3.2393,5.9276,5.4873,9.6126,8.3789,1.9908,1.9461,10.4999,2.9581,0.8516,5.2672,5.4946,18.4212,5.9497,2.7126,10.6496,4.5133,11.7774,11.5548,14.9650,12.7651,14.1984,10.6890,15.1413,16.0065,6.6988,15.0233,15.0080,10.7977,6.9970,8.0904,22.5684,17.2225,9.6942,8.0136,5.0977,3.0463,6.7087,8.9377,10.0364,9.2163,1.2429,9.3980,7.9222,8.2815,14.3515,8.3015,7.8428,5.3288,4.8131,5.7071,4.0193,5.1546,10.0848,10.5136,3.4946,4.9759,8.3452,9.6195,8.1812,4.9114,2.9451,10.8359,8.7567,10.4985,7.7844,10.8650,16.3841,14.2738,6.0611,3.1576,3.9383,2.9274,9.7480,5.1294,9.7757,2.7712,7.8211,11.9343,12.0817,10.4894,0.5173,2.5072,3.4100,2.8007,2.5774,1.5276,1.6553,6.8076,2.5107,2.8476,6.7902,7.5073,2.9935,4.9382,-0.0987,9.5872,0.8454,0.1572,2.2079,0.2688,1.9825,-0.0898,-0.0568,3.5167,2.5786,2.7118,-1.1762,2.7845,0.3871,3.6088,6.7072,10.8469,8.1680,10.6891,3.9658,-0.4908,0.7663,1.1242,2.1852,3.7204,8.3665,6.0218,5.4005,9.8044,3.8042,4.2863,3.0522,5.9782,3.3332,3.5416,6.9686,1.1272,2.2992,9.5494,5.4056,3.6876,4.8579,3.5056,5.3684,7.3414,2.8571,6.4705,10.2755,5.5215,4.6915,4.3658,14.4130,8.7011,7.8002,9.7599,9.0092,4.4136,9.7736,4.6677,9.4314,7.4217,1.3795,3.3189,5.4022,9.9580,9.2825,7.8074,3.8694,5.0833,3.7739,10.7380,8.8943,5.1882,5.0199,8.1366,4.1859,7.1897,3.4432,3.3772,3.3112,3.2454,3.1799,3.1112,3.0469,2.9835,2.9214,2.8610,2.8071,2.7578,2.7103,2.6657,2.6251,2.5875,2.5528,2.5209,2.4916,2.4652,2.4403,2.4175,2.3961,2.3752,2.3547,2.3346,2.3141,2.2929,2.2707,2.2476,2.2240,2.1996,2.1743,2.1481,2.1216,2.0944,2.0665,2.0381,2.0096,1.9811,1.9526,1.9244,1.8959,1.8668,1.8372,1.8069,1.7756,1.7441,1.7020,1.6804
45119.5416667,2.0607,7.2887,7.3607,7.6208,19.2753,5.4282,9.7453,4.4687,10.2104,4.4019,5.0505,5.1068,1.1143,1.2374,3.5140,3.0701,6.7866,5.5920,-0.0916,-0.3139,7.4668,0.3473,-1.2723,2.2369,2.6935,15.1214,3.3131,0.3138,7.7339,1.8607,8.8376,8.5361,12.0181,10.2478,11.7365,8.3767,12.9095,13.8677,4.6747,13.2131,13.2795,9.3473,5.3912,6.4622,20.9768,15.3933,8.0721,6.6256,3.6940,1.8605,5.4155,7.4147,8.4908,7.8298,0.3655,7.5392,6.2258,6.9585,13.1515,7.3322,6.8990,4.5218,3.6116,4.3809,2.8921,3.9308,8.6481,9.0634,2.0393,3.6423,7.0893,8.2338,6.6082,3.4806,1.9785,9.5952,7.6379,9.4868,6.7427,9.7931,15.7977,13.6650,5.7452,2.9674,3.2501,2.3643,8.8188,4.1699,8.6204,2.1205,6.7128,10.6770,10.8274,9.0710,-0.0999,1.5572,2.3617,2.1718,1.7058,0.6768,0.7584,5.2789,1.7070,1.9976,5.6914,6.3294,2.1183,3.7760,-0.9227,7.8478,-0.1218,-0.7318,1.3160,-0.2849,1.0951,-0.5256,-0.8476,2.3895,1.4677,1.6373,-1.6914,1.4767,-0.6148,2.0714,4.8041,8.6654,6.0934,8.5713,2.2349,-1.4038,-0.5174,-0.2728,0.4022,1.6701,6.1682,3.9171,3.4252,7.6439,2.1987,2.5746,1.4897,4.2534,1.9085,2.1537,5.3188,0.1278,1.0786,7.8985,3.7948,2.2886,3.3544,2.0361,3.7722,5.5040,1.7610,5.3180,8.9287,4.6287,3.8799,3.3950,13.1533,7.6529,6.8578,8.8623,8.3129,3.8351,8.7219,3.7516,7.9389,5.9469,0.5341,2.1078,3.9986,8.3905,7.7851,6.5414,2.8117,3.9932,2.8578,9.6759,8.0121,4.5327,4.3928,7.4468,3.7814,6.5444,2.9789,2.9200,2.8584,2.7948,2.7299,2.6599,2.5938,2.5277,2.4620,2.3968,2.3356,2.2769,2.2186,2.1613,2.1059,2.0514,1.9981,1.9459,1.8949,1.8456,1.7974,1.7513,1.7069,1.6644,1.6238,1.5856,1.5495,1.5154,1.4832,1.4529,1.4249,1.3986,1.3738,1.3503,1.3283,1.3070,1.2862,1.2657,1.2455,1.2254,1.2051,1.1847,1.1635,1.1412,1.1176,1.0927,1.0661,1.0387,0.9984,0.9812
45119.5833333,2.1058,7.0472,6.9851,7.2291,18.4047,5.2013,8.9602,3.7673,9.1205,3.8408,4.3208,4.2786,0.7354,0.1163,1.9326,1.4441,4.6972,3.5190,-1.4108,-1.7389,5.1645,-1.4216,-2.3769,0.1051,0.6606,12.2316,0.9341,-1.5943,5.1416,-0.2911,5.9637,5.7096,9.1385,7.7711,9.2162,6.0534,10.5385,11.5502,2.7049,11.1673,11.2441,7.6012,3.6247,4.6887,19.1613,13.5221,6.5647,5.3473,2.5289,0.9391,4.2834,6.0702,7.1218,6.5956,-0.2721,5.9615,4.8248,5.5698,11.8811,6.2385,5.8272,3.6105,2.4891,3.2259,2.0346,3.2464,7.5347,7.7676,0.7846,2.4322,5.8431,7.0751,5.5366,2.2983,1.2127,8.2500,6.3366,7.9690,5.3789,8.3866,14.7080,12.5460,4.9235,2.2990,2.2790,1.7756,7.9095,3.5553,7.7223,1.7282,5.8981,9.7020,9.8662,7.9965,-0.3782,1.0422,1.7759,1.9368,1.2585,0.2809,0.3525,4.3219,0.8333,1.1191,4.5803,5.1552,1.2613,2.6912,-1.5137,6.3463,-0.8446,-1.3503,0.6518,-0.6915,0.3945,-0.8596,-1.4513,1.4490,0.3912,0.8366,-1.8776,0.6827,-1.1162,1.0729,3.1256,6.8497,4.4818,6.9148,1.0379,-1.7773,-1.3072,-1.0516,-0.6539,0.3509,4.5195,2.2676,1.6039,5.6218,0.7919,1.0747,0.1581,2.7517,0.7579,0.9722,3.7608,-0.7041,0.0933,6.3621,2.3089,1.0174,2.0323,0.7724,2.3255,3.7689,0.7571,4.0736,7.3827,3.5134,2.7894,2.1852,11.5859,6.2759,5.5936,7.6221,7.2833,2.9915,7.5559,2.8454,6.6524,4.8008,0.0786,1.0900,2.7535,6.8983,6.3295,5.3262,1.9467,2.9480,1.9313,8.4867,6.9496,3.6588,3.5098,6.4591,3.0493,5.5896,2.2126,2.1976,2.1811,2.1628,2.1426,2.1153,2.0901,2.0619,2.0307,1.9962,1.9609,1.9236,1.8830,1.8398,1.7949,1.7479,1.6992,1.6494,1.5985,1.5475,1.4960,1.4449,1.3942,1.3440,1.2945,1.2461,1.1986,1.1522,1.1067,1.0624,1.0195,0.9780,0.9376,0.8986,0.8611,0.8248,0.7898,0.7560,0.7236,0.6927,0.6630,0.6346,0.6071,0.5803,0.5539,0.5278,0.5017,0.4761,0.4370,0.4223
45119.6250000,-2.4927,3.3445,3.5180,2.5840,14.2580,0.9025,2.9412,-2.6148,3.5775,-1.3409,-1.2858,-1.6001,-4.5821,-4.9863,-3.1578,-3.3240,-0.9127,-2.3452,-6.4795,-6.6547,-0.3916,-7.0103,-6.5830,-3.8368,-3.8969,7.2922,-4.5529,-5.9097,0.9709,-3.8047,2.0422,1.9935,5.3314,4.4596,5.6677,2.3985,6.1940,5.9786,-3.2862,5.5826,4.7672,1.5240,-3.0681,-1.7121,12.4024,5.7578,-0.4297,-0.6739,-3.2310,-3.4050,-0.6922,0.2035,0.9735,0.5782,-5.9896,0.2749,0.3349,1.4020,8.2141,1.6624,0.6450,-1.8241,-3.5580,-2.0208,-2.0590,-0.1241,4.7893,5.0140,-2.3245,-0.0580,3.8412,4.2199,2.8979,-0.1308,0.6296,5.7224,3.5587,3.9301,0.9317,4.9644,10.2039,6.6563,-1.3738,-4.4068,-4.9579,-5.8858,-0.3505,-4.7693,-0.9136,-6.3836,-2.6397,1.3460,1.9471,0.3830,-7.2446,-4.4864,-2.6492,-1.3135,-3.1788,-4.7660,-5.0887,-1.8866,-4.1379,-3.9927,-0.5540,-0.5595,-4.5808,-2.9804,-6.7117,1.1371,-5.0013,-4.8854,-2.2601,-3.4328,-2.8864,-4.0170,-4.3725,-2.1450,-4.2230,-3.3384,-4.5370,-1.8954,-3.5274,-1.7094,-0.7541,1.5506,-0.9245,1.5446,-4.0950,-6.1020,-4.8613,-4.9338,-3.9803,-2.6537,1.7602,-1.3973,-2.3481,0.9742,-3.1271,-2.9327,-3.2472,-0.9309,-2.3244,-1.6110,0.6841,-3.7490,-2.7016,4.2231,-0.9743,-1.8334,-0.6370,-1.7901,-0.5235,0.4447,-1.1997,1.9035,4.1845,0.3725,-0.8040,-2.4666,7.0798,0.3521,0.6511,2.3858,2.4554,-2.0822,2.1630,-3.2422,1.3477,0.1200,-3.6301,-2.3259,-0.8362,3.0417,2.2105,1.6857,-1.7426,-1.0585,-2.2124,4.3836,2.5552,-0.9646,-1.4256,1.3394,-2.0451,-0.1517,-3.6503,-3.6898,-3.7089,-3.7113,-3.7008,-3.6875,-3.6633,-3.6372,-3.6120,-3.5899,-3.5708,-3.5564,-3.5480,-3.5456,-3.5482,-3.5560,-3.5683,-3.5846,-3.6043,-3.6268,-3.6522,-3.6797,-3.7092,-3.7407,-3.7740,-3.8087,-3.8448,-3.8823,-3.9209,-3.9605,-4.0008,-4.0416,-4.0828,-4.1243,-4.1657,-4.2072,-4.2485,-4.2896,-4.3303,-4.3704,-4.4099,-4.4488,-4.4872,-4.5252,-4.5628,-4.6001,-4.6373,-4.6742,-4.7304,-4.7636
45119.6666667,-7.6901,-2.3356,-1.4295,-1.7164,13.9891,-0.3335,4.6549,-2.8773,3.2023,-0.4750,-0.0691,-0.2300,-3.0118,-4.0312,-4.1052,-3.9031,-0.7045,-2.4246,-6.3972,-8.5759,-1.6490,-9.2828,-9.4540,-6.3514,-8.2233,4.4664,-8.8319,-10.4693,-4.6845,-8.5040,-3.5403,-3.3298,0.7614,1.1003,2.8750,1.4487,5.2257,5.7462,-3.3293,6.3204,7.8270,2.7078,-0.9931,1.3508,14.1565,3.2553,-3.6264,-3.4134,-7.4660,-7.5375,-3.9208,-3.2209,-2.5074,-2.3598,-8.5962,-6.5159,-6.7187,-5.3320,4.9776,-0.4290,-0.3552,-3.2578,-6.4436,-6.2228,-6.7713,-5.9171,-1.4815,1.7840,-5.8190,-2.0443,2.3729,2.6803,1.1939,-1.0155,0.3645,5.0589,4.5987,3.8442,1.2608,8.6381,15.1099,11.5578,1.5905,-0.5190,0.5801,-2.3668,3.7804,-1.0934,1.8460,-3.7299,-1.6470,1.9859,1.4207,-2.2158,-11.0463,-10.7065,-9.4407,-6.7606,-8.2904,-7.3556,-7.8994,-3.4524,-5.4776,-6.2725,-1.5913,-1.3353,-6.2834,-4.0539,-9.0079,-2.8700,-8.9492,-8.9244,-6.1485,-6.6642,-4.3979,-5.9062,-6.3333,-2.4627,-5.6340,-5.2725,-6.2378,-3.1635,-5.7986,-4.1542,-1.6259,0.8589,-1.9719,0.5912,-5.3087,-7.8040,-7.9595,-8.4009,-8.8303,-7.9509,-1.6462,-4.4618,-4.8294,-1.6517,-6.0091,-6.4925,-6.4542,-4.7468,-5.8828,-3.7348,-0.8202,-5.3251,-5.1386,2.9991,-3.6656,-4.3633,-3.7269,-4.0469,-2.4295,-2.0081,-2.4402,0.2432,4.1816,1.2610,0.3942,-2.3360,8.1547,0.3496,1.9310,3.9816,5.0026,-0.6636,2.8219,-4.5590,-1.1410,-3.4951,-6.0193,-5.6053,-3.9891,0.0245,-0.6420,-0.0805,-3.0668,-3.1936,-4.2458,4.0158,2.6120,-0.5370,-0.8939,1.9942,-0.8715,0.2572,-3.2427,-3.5539,-3.8784,-4.2082,-4.5354,-4.8595,-5.1605,-5.4395,-5.6923,-5.9165,-6.1097,-6.2726,-6.4073,-6.5157,-6.6003,-6.6645,-6.7114,-6.7441,-6.7654,-6.7780,-6.7843,-6.7863,-6.7857,-6.7840,-6.7823,-6.7815,-6.7822,-6.7850,-6.7901,-6.7976,-6.8075,-6.8198,-6.8344,-6.8512,-6.8698,-6.8904,-6.9127,-6.9365,-6.9617,-6.9880,-7.0154,-7.0438,-7.0730,-7.1033,-7.1344,-7.1663,-7.1988,-7.2311,-7.2824,-7.2975
45119.7083333,-6.8177,-3.1946,-2.4636,-2.7812,11.9020,-0.7828,3.3760,-2.9604,3.6262,0.1154,0.3959,0.2972,-1.8875,-2.8109,-2.9024,-2.4124,0.8698,-0.0196,-2.7215,-4.2768,1.3776,-4.9302,-4.7038,-2.9972,-4.8118,7.2271,-5.5175,-7.2793,-4.1041,-8.0474,-5.2292,-6.0787,-3.1296,-2.5163,-0.4606,-1.3959,3.7594,5.0984,-3.4216,5.2479,6.8553,2.8873,-0.0383,2.6579,17.2643,7.5667,0.9710,1.6233,-2.8926,-2.6662,-0.4096,0.4150,0.8997,0.1647,-4.1417,-5.1363,-6.0218,-5.0772,5.0139,-0.6749,-0.6326,-3.0674,-5.8583,-5.8265,-5.2376,-5.4382,-1.7094,0.6980,-7.4725,-4.1893,-0.0267,1.6525,-0.0593,-2.0495,-0.4700,4.8883,4.3296,4.2799,2.7439,10.9014,18.1602,15.1197,5.1793,3.2932,5.2129,2.3826,9.3655,5.2720,8.5182,2.9703,4.9771,9.5451,9.3412,5.5499,-2.1971,-3.0366,-2.6725,-0.4275,-2.5262,-2.3748,-3.4951,-0.1557,-3.8359,-3.9770,0.0367,0.4300,-4.5219,-2.4192,-6.6519,-2.0115,-7.0792,-7.6900,-5.8034,-5.9776,-4.7000,-5.2858,-6.2512,-3.5812,-6.1394,-5.8644,-5.8416,-3.4695,-5.6489,-3.9657,-2.1772,1.0450,-0.7650,2.3958,-2.4946,-3.9913,-4.7170,-5.1002,-6.3795,-6.4534,-1.2181,-4.1711,-4.6466,-2.0318,-5.4095,-6.1729,-6.8165,-5.4148,-6.4223,-4.5636,-2.8177,-5.7183,-5.7495,1.3243,-4.3681,-4.6969,-4.3092,-4.5946,-3.3730,-2.9076,-2.0921,0.5473,4.1059,1.2923,0.8086,-0.8530,9.3451,2.6303,4.2578,6.5847,7.8533,1.9009,5.6371,-1.2112,1.2389,-1.1534,-3.1640,-3.5647,-3.2928,0.2887,-0.2794,0.6305,-1.7689,-1.8771,-3.0577,4.8131,3.9011,1.3176,1.2239,4.1718,1.8699,3.1265,0.1944,0.1677,0.1272,0.0725,0.0033,-0.0880,-0.1883,-0.3043,-0.4360,-0.5833,-0.7446,-0.9192,-1.1060,-1.3030,-1.5073,-1.7166,-1.9277,-2.1376,-2.3433,-2.5417,-2.7305,-2.9073,-3.0704,-3.2186,-3.3513,-3.4681,-3.5693,-3.6556,-3.7278,-3.7872,-3.8349,-3.8725,-3.9015,-3.9233,-3.9392,-3.9506,-3.9587,-3.9645,-3.9687,-3.9722,-3.9756,-3.9794,-3.9840,-3.9898,-3.9970,-4.0057,-4.0160,-4.0269,-4.0577,-4.0528
45119.7500000,-5.9544,-3.4630,-2.6865,-2.9027,10.2690,-0.8510,2.7018,-2.5955,3.3693,0.4840,0.7896,0.8067,-0.8719,-1.6021,-1.6843,-1.2116,1.7519,1.1165,-1.0358,-2.1891,2.6843,-2.4983,-1.9899,-0.7040,-1.9575,9.3761,-1.7720,-2.9925,-0.6892,-3.9495,-2.5654,-3.9603,-2.3602,-2.3313,-1.1217,-2.3619,2.1182,3.7778,-3.6113,4.2188,5.8110,2.5028,0.0022,2.5368,17.5710,9.1884,3.5179,4.4460,0.7911,1.1662,3.1656,4.2876,5.1936,4.4078,0.8277,-0.6282,-1.6099,-0.9640,7.7625,2.3580,2.1416,-0.2230,-3.0154,-3.4239,-2.8760,-3.4321,-0.2450,1.4264,-6.8930,-4.8054,-1.5077,-0.0081,-1.4052,-2.8732,-1.2500,3.4930,3.1916,3.6207,2.5121,10.5622,17.6994,15.2615,6.1205,4.3441,6.3886,4.2109,11.4541,7.9321,11.5173,6.2687,8.9251,13.9971,14.0677,10.8107,3.7587,3.4340,3.9035,5.7953,4.1210,4.1338,3.3239,6.4771,0.8166,0.7260,3.9784,4.3971,-0.1358,1.3401,-2.4904,0.7187,-3.6521,-4.4805,-3.2703,-3.2799,-2.6710,-2.7613,-3.9382,-2.3382,-4.4902,-4.4776,-4.0370,-2.8613,-4.6349,-3.6075,-2.1707,1.0924,-0.0153,3.3674,-0.7692,-1.5588,-2.1573,-2.3285,-3.3373,-3.5416,0.8293,-1.6919,-2.0692,0.0188,-2.6450,-3.6571,-4.3010,-3.6446,-4.3842,-3.1097,-2.2899,-4.0719,-4.6174,0.4474,-4.1936,-4.4237,-4.4460,-4.7038,-3.9574,-3.7147,-2.3200,-0.4259,2.6669,0.4142,0.2336,-0.7283,8.7534,2.8181,4.4042,6.9329,8.2117,2.9806,6.9698,1.1500,3.4833,1.6111,0.0506,-0.4496,-0.5142,2.4538,1.9748,2.8642,0.7868,0.6519,-0.4446,6.3530,5.7272,3.3867,3.3369,6.1046,3.9298,5.3342,2.6399,2.7299,2.8163,2.8964,2.9671,3.0200,3.0607,3.0833,3.0826,3.0602,3.0150,2.9512,2.8989,2.8539,2.8094,2.7609,2.7057,2.6422,2.5696,2.4876,2.3960,2.2954,2.1862,2.0691,1.9449,1.8149,1.6802,1.5422,1.4023,1.2621,1.1231,0.9869,0.8549,0.7284,0.6087,0.4965,0.3928,0.2981,0.2128,0.1369,0.0704,0.0130,-0.0358,-0.0766,-0.1101,-0.1370,-0.1582,-0.1737,-0.2024,-0.1960
45119.7916667,-4.4999,-2.9552,-2.2780,-2.4809,9.1420,-0.6406,2.2829,-2.0936,2.9855,0.5336,0.7945,0.8358,-0.4879,-0.6225,-0.7139,-0.2548,2.4103,1.9594,0.1699,-0.7243,3.4663,-0.9227,-0.4544,0.5353,-0.3994,9.8572,0.0021,-0.8722,1.1901,-1.2882,-0.0695,-1.2473,0.0785,0.0746,0.8948,-0.4406,3.1286,4.4302,-2.1851,4.3285,5.5522,2.5359,0.2586,2.3891,16.7698,9.2347,4.1634,5.0402,2.1390,2.4237,4.4367,5.8278,7.1516,6.6271,3.0529,2.6386,1.9760,2.6823,10.5932,5.6797,5.4979,3.3966,0.9348,0.3848,0.7632,0.0219,2.5098,3.3562,-4.9897,-3.9115,-1.5097,-0.4339,-1.7535,-3.1388,-1.5968,2.2045,1.9288,2.5152,1.5854,8.8430,15.6820,13.5929,5.2326,3.5495,5.4559,3.7531,10.7509,7.5110,11.2797,6.1570,9.4415,14.6135,15.0734,12.4615,5.5275,6.0529,6.7813,8.2493,7.1573,7.0754,6.7333,10.2940,4.3035,4.3551,7.3853,7.8426,3.8253,5.0690,1.6901,4.4662,0.4995,-0.4234,0.3470,0.2617,0.5205,0.4553,-0.6632,0.2961,-1.5596,-1.7455,-1.3210,-0.9605,-2.3358,-1.9723,-1.0656,1.6115,0.6186,3.7618,0.1013,-0.4366,-0.8740,-1.0023,-1.7187,-1.8455,1.8977,0.0123,-0.0813,1.8769,-0.2075,-1.0650,-1.5390,-1.1513,-1.6621,-0.7527,-0.3580,-1.5016,-2.1879,1.4047,-2.3901,-2.5762,-2.9539,-3.4451,-3.3838,-3.6404,-2.1106,-0.8783,1.6144,-0.2097,-0.2666,-1.0176,7.2742,2.1419,3.5273,5.8967,6.9959,2.5521,6.4511,1.6110,3.9939,2.6816,1.2704,1.2107,1.3932,4.1771,3.8990,4.7246,2.8774,2.9281,2.0494,8.0440,7.5333,5.3110,5.3179,7.9695,5.7150,7.3458,4.7050,4.7563,4.8077,4.8599,4.9134,4.9651,5.0213,5.0804,5.1391,5.1998,5.2596,5.3200,5.3788,5.4338,5.4860,5.5327,5.5732,5.6056,5.6288,5.6417,5.6434,5.6338,5.6117,5.5777,5.5325,5.4763,5.4103,5.3400,5.2717,5.2048,5.1382,5.0708,5.0018,4.9303,4.8560,4.7784,4.6977,4.6140,4.5279,4.4398,4.3504,4.2605,4.1709,4.0823,3.9955,3.9114,3.8308,3.7554,3.6728,3.6337
45119.8333333,-1.9389,-1.0814,-0.6148,-0.8685,9.2845,0.5762,2.9064,-0.8647,3.3351,1.1545,1.3224,1.2994,0.1588,0.5314,0.3932,0.7393,3.0481,2.6584,1.0626,0.3629,4.0151,0.2634,0.6113,1.4556,0.7515,10.0100,1.2242,0.4965,2.3260,0.2599,1.3796,0.4474,1.7559,1.8894,2.7117,1.5980,4.7863,5.9656,0.1824,5.7591,6.7676,3.9814,1.8963,3.5800,16.7013,9.6767,4.8051,5.4065,2.8306,2.8702,4.7707,6.1907,7.5323,7.1804,3.3929,4.1329,3.7250,4.4876,11.8656,7.4465,7.4186,5.6632,3.7469,3.3978,3.6674,3.1633,5.4713,5.9521,-2.1415,-1.8573,-0.2232,0.4592,-0.8616,-2.3304,-0.9803,1.9014,1.5409,2.0886,1.2565,7.6570,13.9578,12.1174,4.4869,2.9105,4.5930,3.1690,9.6498,6.5897,10.2944,5.2721,8.8116,13.8252,14.4233,12.2410,5.2437,6.3255,7.1792,8.1916,7.5632,7.3368,7.3200,11.2632,6.1123,6.2767,9.3170,9.9131,6.3103,7.5558,4.4616,7.5850,3.8743,3.1107,3.7734,3.5149,3.7954,3.4459,2.6626,3.5025,1.9133,1.6438,1.6426,1.8670,0.6363,0.6630,1.1532,3.2268,2.1318,4.7505,1.4027,0.7870,0.4411,0.2534,-0.3461,-0.5159,2.5082,0.9287,0.9282,2.7699,1.0503,0.4896,0.2077,0.6099,0.2840,1.0174,1.4094,0.5211,0.0342,2.8539,-0.2245,-0.3680,-0.8024,-1.3316,-1.6474,-2.2447,-0.8364,-0.1106,1.8180,0.2917,0.2466,-0.4302,6.5631,2.0967,3.1855,5.2796,6.1219,2.3210,5.8504,1.7276,3.9452,2.8569,1.4023,1.7101,2.1219,4.7881,4.6991,5.3436,3.6437,3.9087,3.2457,8.7485,8.2252,6.0804,6.1874,8.8202,6.4496,8.4396,5.9420,6.0319,6.1171,6.1980,6.2748,6.3446,6.4135,6.4803,6.5431,6.6042,6.6624,6.7196,6.7752,6.8286,6.8818,6.9341,6.9858,7.0369,7.0874,7.1376,7.1871,7.2360,7.2835,7.3295,7.3738,7.4154,7.4541,7.4890,7.5198,7.5457,7.5662,7.5807,7.5888,7.5903,7.5850,7.5731,7.5545,7.5297,7.4991,7.4638,7.4244,7.3820,7.3371,7.2904,7.2422,7.1926,7.1423,7.0918,7.0319,7.0029
45119.8750000,1.2467,1.9059,2.2789,2.0982,11.2555,3.3703,5.4177,1.8796,5.4356,3.3800,3.4857,3.3733,2.1746,2.9271,2.7144,2.8406,4.7875,4.3449,2.7066,2.0187,5.3021,1.9354,2.0216,2.8013,2.2475,10.8299,2.8871,2.1180,3.8430,1.9033,2.9513,2.1488,3.3767,3.5585,4.4415,3.4863,6.5665,7.8293,2.6149,7.7754,8.8451,6.3590,4.4685,5.9071,18.1332,11.6734,6.8649,7.0783,4.5669,4.2831,6.0868,7.4515,8.6859,8.3810,4.2273,5.7656,5.2963,5.9917,12.9562,8.9179,9.0017,7.4637,5.9510,5.7364,5.7595,5.5415,7.9876,8.4927,0.9506,0.8799,2.1588,2.6741,1.3778,-0.2761,0.7647,3.1640,2.7669,3.2891,2.5817,8.3282,14.1904,12.6468,5.6821,4.1461,5.6346,4.3479,10.3152,7.3613,10.9130,5.9351,9.5607,14.2994,14.8749,12.9104,5.7198,7.0418,7.8709,8.4588,8.1246,7.6907,7.8136,12.0043,7.4268,7.6987,10.8765,11.6576,8.3315,9.6293,6.4572,10.2052,6.3473,5.6705,6.4578,5.9680,6.5323,5.7448,5.4341,6.6371,5.3445,5.1576,4.3935,5.1665,3.9204,4.1031,4.5365,6.2914,5.1222,7.3453,4.1032,2.9950,2.7684,2.4672,1.9123,1.6945,4.1734,2.6925,2.5748,4.1889,2.5056,2.0348,1.7032,2.1180,1.7870,2.3588,2.8911,1.8938,1.6637,4.2429,1.7379,1.6135,1.3227,0.8528,0.5303,-0.1027,0.9751,1.5825,3.2488,1.9309,1.9051,1.3828,7.4627,3.5716,4.4099,6.2996,6.9147,3.5795,6.7498,3.0555,4.9646,3.8024,2.0553,2.4263,2.9002,5.4002,5.4018,5.8231,4.1915,4.6083,4.0714,9.2937,8.7665,6.6964,6.9212,9.6110,7.1403,9.4998,7.0990,7.2242,7.3420,7.4535,7.5599,7.6595,7.7578,7.8544,7.9484,8.0413,8.1323,8.2225,8.3112,8.3975,8.4824,8.5653,8.6459,8.7241,8.7998,8.8733,8.9444,9.0136,9.0804,9.1453,9.2086,9.2701,9.3304,9.3893,9.4471,9.5039,9.5597,9.6145,9.6682,9.7209,9.7723,9.8224,9.8709,9.9175,9.9620,10.0042,10.0438,10.0804,10.1140,10.1440,10.1705,10.1932,10.2122,10.2274,10.2302,10.2454
45119.9166667,3.7824,4.5187,4.7288,4.5354,12.8202,5.3431,7.3248,4.0669,7.2947,5.2223,5.4030,5.3797,4.1210,5.6211,5.5193,5.4880,7.1231,6.5575,4.7063,4.0659,7.0556,3.8541,3.6256,4.4401,3.9190,11.7198,4.3374,3.5190,5.2585,3.4011,4.5331,3.8265,4.9354,4.9619,5.7757,4.8370,7.7143,8.9713,4.1729,9.0442,10.1094,7.7895,6.0521,7.3623,19.0693,13.4649,8.8468,8.7961,6.5036,5.8751,7.7142,9.0652,10.1393,9.7731,5.1301,7.6576,7.0793,7.5666,13.9234,9.9835,9.9873,8.5356,7.4224,7.4070,7.1512,7.2250,9.7834,10.3172,3.6067,3.4687,4.5351,4.9560,3.7137,2.1085,2.6583,4.9332,4.4482,4.8727,4.1682,9.1838,14.4220,13.0124,6.5116,4.9390,6.3865,5.2380,10.9179,8.0755,11.5785,6.5852,10.3691,14.8517,15.3986,13.7034,6.3386,7.9712,8.7804,8.9249,8.7932,8.1523,8.3288,12.6580,8.2940,8.5481,11.7365,12.5645,9.3512,10.8090,7.5518,12.0725,7.8899,7.2702,8.1716,7.3374,8.1664,6.8359,6.9425,8.5915,7.4729,7.3881,5.8196,7.4977,6.1785,6.8569,7.5295,9.2570,8.0579,10.0061,6.7649,4.9650,5.1411,4.9406,4.5906,4.4396,6.5563,5.0555,4.7487,6.1267,4.2479,3.8296,3.3810,3.7700,3.2563,3.6172,4.2127,2.8681,2.8373,5.3030,3.0978,2.8843,2.7508,2.3774,2.2490,1.8172,2.3514,3.0025,4.5007,3.1763,3.1315,2.7888,8.2549,4.7424,5.3272,7.0359,7.4080,4.3907,7.4750,4.1365,6.1202,5.0243,2.9777,3.4879,4.0266,6.2894,6.2101,6.3040,4.6059,5.0639,4.5174,9.4027,8.7029,6.5635,6.7752,9.4100,6.7701,9.3759,7.0230,7.1889,7.3550,7.5206,7.6850,7.8456,8.0051,8.1619,8.3145,8.4632,8.6070,8.7464,8.8807,9.0095,9.1337,9.2532,9.3680,9.4786,9.5853,9.6885,9.7885,9.8859,9.9805,10.0727,10.1630,10.2511,10.3374,10.4219,10.5047,10.5858,10.6652,10.7430,10.8191,10.8938,10.9670,11.0388,11.1092,11.1783,11.2461,11.3129,11.3785,11.4432,11.5069,11.5696,11.6313,11.6919,11.7513,11.8087,11.8556,11.9009
45119.9583333,5.1944,6.2690,6.4002,6.2494,13.9521,6.6709,8.7015,5.5938,8.5886,6.3636,6.5953,6.6117,5.1332,7.3885,7.5302,7.4646,9.0460,8.4899,6.3604,5.8407,8.8347,5.6378,5.0759,6.0835,5.5877,12.8421,5.7814,4.7880,6.5977,4.6182,5.8761,5.2172,6.2301,6.0664,6.8030,5.7919,8.4675,9.6262,4.9979,9.6567,10.6484,8.3820,6.6912,7.8727,19.1599,14.2757,9.7654,9.5444,7.4547,6.5191,8.5599,10.0514,11.1053,10.7463,5.5679,9.1942,8.5403,8.8656,14.7570,10.8424,10.7339,9.2785,8.4315,8.5260,7.9234,8.2009,10.8521,11.4177,5.4374,5.4280,6.5037,6.9410,5.7427,4.1337,4.1308,6.6638,6.0942,6.4632,5.7208,10.1235,14.7965,13.4631,7.2741,5.5836,6.9885,5.8617,11.2824,8.4349,11.8429,6.7388,10.6294,14.8621,15.3477,13.8544,6.2770,8.1737,8.9880,8.7885,8.8353,8.0468,8.2885,12.7820,8.6125,8.8565,12.0710,12.9152,9.7269,11.2927,7.8272,13.0636,8.4406,7.8345,8.8964,7.7539,8.8491,7.0510,7.4875,9.5999,8.5885,8.5737,6.1808,8.6939,7.1955,8.4165,9.4424,11.2923,10.0740,11.8882,8.5282,5.9224,6.5557,6.5376,6.5043,6.5854,8.6962,7.2337,6.8413,8.2050,6.0097,5.6766,5.0784,5.5385,4.7590,4.9477,5.6540,3.7941,3.9108,6.4316,4.3492,3.9711,3.9099,3.4372,3.4312,3.1850,3.1092,3.9197,5.3632,3.9414,3.8650,3.6509,8.7474,5.4919,5.8588,7.4295,7.5888,4.7635,7.8216,4.6877,6.8055,5.7488,3.3380,4.0768,4.7999,6.9933,6.8801,6.7041,4.9273,5.4256,4.8451,9.4764,8.6070,6.3942,6.5570,9.0862,6.3185,8.9957,6.6352,6.7577,6.8830,7.0111,7.1418,7.2738,7.4093,7.5475,7.6874,7.8295,7.9729,8.1179,8.2638,8.4099,8.5564,8.7026,8.8481,8.9925,9.1353,9.2763,9.4149,9.5512,9.6845,9.8147,9.9418,10.0655,10.1858,10.3027,10.4163,10.5266,10.6338,10.7380,10.8393,10.9379,11.0340,11.1278,11.2194,11.3090,11.3966,11.4826,11.5668,11.6496,11.7309,11.8108,11.8894,11.9666,12.0424,12.1159,12.1796,12.2349
45120.0000000,5.6562,7.1327,7.1917,7.0869,14.3759,7.1546,9.2899,6.5547,9.4714,7.0575,7.3739,7.4601,5.7420,8.5919,8.9814,8.8597,10.4343,9.8817,7.4057,7.0177,10.2145,6.9269,6.0643,7.4006,6.9759,13.9734,7.1148,5.9483,7.9921,5.8242,7.2927,6.6438,7.5459,7.1365,7.7740,6.6310,9.1311,10.1718,5.5939,10.2264,11.0993,8.8165,7.1096,8.1483,18.9838,14.6145,10.0900,9.9364,7.8843,6.6544,8.8490,10.4370,11.4621,11.1059,5.4545,10.0981,9.4117,9.6408,15.2329,11.3588,11.1962,9.7605,9.1701,9.3980,8.4903,8.9536,11.6851,12.3319,6.6502,6.7504,7.9330,8.4558,7.3038,5.6760,5.1235,8.1606,7.5357,7.9119,7.1295,11.0775,15.2752,14.0114,8.0421,6.3020,7.7106,6.5740,11.8347,8.9478,12.2774,7.0327,10.9985,14.9714,15.3526,13.9828,6.1979,8.2464,9.0267,8.5396,8.6908,7.7644,8.0183,12.5821,8.7244,8.9211,12.1315,12.9569,9.7458,11.5958,7.8730,13.6655,8.5449,7.8780,9.0559,7.6529,8.9419,6.7899,7.4426,9.9374,8.9959,9.0375,5.9934,9.1611,7.4868,9.1955,10.5821,12.5859,11.3100,13.0434,9.4862,6.1411,7.1487,7.2971,7.5662,7.9137,10.2016,8.7845,8.3722,9.9083,7.3539,7.1927,6.4986,7.1750,6.1345,6.2498,7.1820,4.7385,5.0316,7.7890,5.7248,5.1621,5.1714,4.5284,4.5890,4.4595,3.7558,4.7398,6.1624,4.5690,4.6593,4.4805,9.3358,6.2885,6.4240,7.8672,7.8223,5.0928,8.1274,5.0816,7.3053,6.2221,3.4395,4.6982,5.5205,7.6412,7.4491,7.0163,5.1386,5.6642,5.0442,9.5009,8.4961,6.2388,6.3672,8.8012,5.9756,8.6716,6.3325,6.4235,6.5170,6.6128,6.7108,6.8101,6.9121,7.0165,7.1226,7.2310,7.3411,7.4535,7.5677,7.6837,7.8017,7.9215,8.0431,8.1663,8.2910,8.4171,8.5445,8.6732,8.8026,8.9328,9.0636,9.1946,9.3257,9.4566,9.5871,9.7168,9.8456,9.9732,10.0993,10.2238,10.3466,10.4673,10.5859,10.7022,10.8162,10.9278,11.0371,11.1439,11.2483,11.3504,11.4502,11.5476,11.6426,11.7342,11.8156,11.8822
45120.0416667,5.6531,7.5363,7.5223,7.4630,14.4397,7.2002,9.4524,6.6038,9.4355,6.8017,7.1896,7.3470,5.4230,8.8283,9.5905,9.5259,11.2342,10.7313,7.8966,7.6489,11.1482,7.6874,6.5405,8.2375,7.8902,14.8215,8.0386,6.7143,9.1235,6.7670,8.5955,8.0080,8.8930,8.2598,8.8303,7.5358,9.9015,10.8177,6.2012,10.6828,11.4810,9.1863,7.4603,8.3901,18.8118,14.8530,10.2705,9.8941,7.9151,6.4738,8.8177,10.5139,11.5257,11.1694,5.1661,10.6043,9.8533,9.9863,15.3350,11.4796,11.2728,9.8547,9.4924,9.8646,8.7107,9.3705,12.2662,12.9168,7.4676,7.6582,8.9759,9.5966,8.4585,6.7438,5.6874,9.3226,8.6534,9.0839,8.2657,11.8503,15.6646,14.4781,8.6661,6.7540,8.2271,7.0939,12.3259,9.4120,12.7299,7.3455,11.4297,15.2010,15.4986,14.2404,6.2732,8.4379,9.1864,8.4682,8.6882,7.6493,7.8968,12.5007,8.5218,8.7119,11.9513,12.7889,9.5828,11.4422,7.5743,13.9262,8.3854,7.6885,8.9442,7.3489,8.7718,6.3793,7.1605,9.9341,9.0322,9.1045,5.5917,9.1895,7.3579,9.4463,11.1585,13.3175,11.9644,13.6461,9.8707,5.9501,7.2123,7.4842,7.9952,8.5812,11.1066,9.7100,9.2874,11.0643,8.1302,8.1540,7.3869,8.3481,7.0645,7.1786,8.4285,5.3998,5.9112,9.0742,6.9793,6.2525,6.3943,5.6285,5.8151,5.8300,4.5044,5.7004,7.1668,5.3731,5.3041,5.2002,9.9967,7.0270,6.9972,8.3672,8.1555,5.4721,8.5308,5.5133,7.8514,6.7083,3.5813,4.8790,5.9195,8.1112,7.9118,7.2858,5.3303,5.9018,5.2539,9.5978,8.4802,6.1908,6.2883,8.6304,5.7800,8.4541,6.1412,6.2002,6.2618,6.3259,6.3927,6.4616,6.5337,6.6086,6.6861,6.7664,6.8490,6.9343,7.0219,7.1115,7.2034,7.2973,7.3931,7.4907,7.5900,7.6909,7.7935,7.8976,8.0031,8.1100,8.2184,8.3280,8.4389,8.5509,8.6642,8.7785,8.8938,9.0100,9.1270,9.2447,9.3630,9.4817,9.6007,9.7199,9.8390,9.9580,10.0767,10.1949,10.3125,10.4292,10.5450,10.6595,10.7723,10.8822,10.9821,11.0619
45120.0833333,5.2248,7.4245,7.3806,7.3826,14.1355,6.9200,9.3279,6.6008,9.4058,6.6159,7.0630,7.2538,5.1409,8.8069,9.7715,9.6277,11.3765,10.8768,7.6758,7.5488,11.4032,7.7520,6.3776,8.4372,8.1777,15.1679,8.3690,6.9059,9.7301,7.1861,9.4773,8.9974,9.9717,9.1624,9.7373,8.3247,10.6433,11.4871,6.7943,11.1438,11.8614,9.5292,7.7631,8.5960,18.6467,15.0360,10.3775,9.7750,7.7992,6.1895,8.6046,10.3484,11.3225,10.9543,4.7404,10.7614,9.9546,10.0082,15.1565,11.3160,11.0708,9.6663,9.4874,9.9793,8.6146,9.4360,12.4931,13.1337,7.8896,8.1922,9.6710,10.4033,9.2667,7.4423,5.9505,10.1739,9.4545,9.9518,9.0852,12.3780,15.8613,14.7390,9.0280,6.9484,8.4897,7.3480,12.5995,9.6493,12.9814,7.4581,11.6777,15.3011,15.5443,14.4049,6.2872,8.5685,9.3093,8.4114,8.6950,7.5816,7.8332,12.4625,8.2692,8.4372,11.6667,12.4936,9.2848,11.1392,7.1439,13.8852,7.9861,7.2622,8.5836,6.8636,8.3688,5.8470,6.6990,9.6609,8.7928,8.8887,5.0909,8.9369,6.9911,9.3505,11.3308,13.6219,12.1721,13.8049,9.8218,5.5158,6.9260,7.2854,7.9757,8.7539,11.5076,10.1163,9.6848,11.7070,8.4120,8.5986,7.7693,9.0066,7.5025,7.6385,9.2155,5.6556,6.3701,9.9995,7.8400,6.9711,7.2871,6.4678,6.8690,7.1068,5.1799,6.6331,8.2110,6.1775,5.9401,5.8850,10.7186,7.7531,7.5726,8.8898,8.5261,5.8394,8.9542,5.9173,8.3920,7.1848,3.7425,5.0191,6.1782,8.4067,8.1699,7.3662,5.3336,5.9408,5.2715,9.5450,8.3427,6.0413,6.1244,8.3960,5.5529,8.2030,5.9346,5.9809,6.0288,6.0781,6.1289,6.1807,6.2344,6.2896,6.3463,6.4045,6.4644,6.5260,6.5893,6.6543,6.7212,6.7901,6.8609,6.9336,7.0084,7.0852,7.1640,7.2448,7.3276,7.4122,7.4987,7.5870,7.6770,7.7686,7.8619,7.9566,8.0527,8.1502,8.2490,8.3490,8.4501,8.5523,8.6555,8.7596,8.8646,8.9705,9.0771,9.1844,9.2923,9.4008,9.5097,9.6188,9.7278,9.8354,9.9351,10.0143
45120.1250000,4.9236,7.3040,7.2020,7.2282,13.7456,6.5753,9.0473,6.4083,9.1541,6.2522,6.7348,6.9554,4.7499,8.6637,9.8206,9.6372,11.4263,10.9085,7.3978,7.3014,11.3995,7.5688,6.0167,8.3026,8.0875,15.1488,8.2989,6.6887,9.8966,7.1320,9.8632,9.4869,10.5913,9.6116,10.2278,8.7055,11.0488,11.8779,7.0917,11.3387,12.0263,9.6766,7.8856,8.6635,18.4284,15.1582,10.4350,9.6033,7.6476,5.9296,8.3761,10.1475,11.0774,10.6907,4.3889,10.7704,9.8882,9.8602,14.8183,10.9874,10.7001,9.3039,9.2626,9.8453,8.3099,9.2524,12.4398,13.0711,7.9753,8.3842,10.0292,10.8833,9.7479,7.8149,5.9757,10.7386,9.9756,10.5539,9.6417,12.7075,15.9124,14.8479,9.2065,6.9811,8.5822,7.4268,12.7111,9.7207,13.0712,7.4225,11.7596,15.2608,15.4569,14.4204,6.1804,8.5508,9.2904,8.2572,8.5934,7.4306,7.6896,12.3377,7.9652,8.1177,11.3229,12.1388,8.9453,10.7704,6.7124,13.7052,7.5393,6.7912,8.1414,6.3591,7.8920,5.3352,6.2044,9.2576,8.4210,8.5305,4.6039,8.5338,6.5364,9.0645,11.2558,13.6487,12.0894,13.6716,9.5000,4.9779,6.4333,6.8347,7.6374,8.5544,11.4995,10.1001,9.6570,11.9019,8.2903,8.6101,7.7347,9.2106,7.5262,7.6896,9.5592,5.5722,6.4406,10.5102,8.2735,7.2866,7.7711,6.9228,7.5635,8.0649,5.5881,7.3196,9.0678,6.7889,6.4266,6.4346,11.4056,8.4150,8.1148,9.4133,8.9223,6.2024,9.4074,6.3183,8.9453,7.6657,3.9247,5.2092,6.4577,8.7185,8.4326,7.4682,5.3622,5.9824,5.2840,9.4915,8.2154,5.9081,5.9723,8.1698,5.3504,7.9496,5.7245,5.7541,5.7856,5.8190,5.8542,5.8908,5.9296,5.9702,6.0124,6.0564,6.1019,6.1492,6.1981,6.2484,6.3004,6.3538,6.4086,6.4650,6.5227,6.5819,6.6425,6.7045,6.7680,6.8329,6.8993,6.9672,7.0366,7.1075,7.1800,7.2541,7.3297,7.4069,7.4857,7.5660,7.6479,7.7313,7.8162,7.9025,7.9903,8.0794,8.1698,8.2615,8.3543,8.4483,8.5433,8.6392,8.7356,8.8314,8.9210,8.9923
45120.1666667,4.4985,6.9963,6.8734,6.9351,13.2487,6.1779,8.7000,6.1809,8.8793,5.9192,6.4243,6.6621,4.4176,8.3352,9.6526,9.4537,11.2964,10.7895,7.0743,7.0196,11.3036,7.3530,5.7033,8.1283,7.9471,15.0528,8.1654,6.4453,9.9289,6.9706,10.0340,9.7279,10.9395,9.7938,10.4478,8.8062,11.1905,12.0029,7.0811,11.3118,11.9519,9.5591,7.7304,8.4583,17.9942,15.0588,10.2824,9.1861,7.2875,5.5149,7.9622,9.7797,10.6951,10.3104,4.0267,10.6641,9.7367,9.6482,14.4289,10.6219,10.3021,8.9192,8.9816,9.6279,7.9590,8.9783,12.2452,12.8468,7.8346,8.3175,10.1063,11.0756,9.9421,7.9159,5.8182,11.0375,10.2418,10.9089,9.9578,12.8465,15.8174,14.8094,9.2251,6.8848,8.5373,7.3762,12.6989,9.6781,13.0516,7.3064,11.7400,15.1382,15.2949,14.3500,6.0274,8.4561,9.1939,8.0583,8.4329,7.2377,7.5000,12.1465,7.6469,7.7848,10.9479,11.7502,8.5881,10.3646,6.3017,13.4411,7.1027,6.3467,7.6944,5.8981,7.4201,4.8930,5.7478,8.8159,8.0098,8.1262,4.1920,8.0894,6.0866,8.6973,11.0436,13.5180,11.8664,13.4048,9.0974,4.5139,5.9453,6.3552,7.2096,8.2071,11.2901,9.8681,9.3988,11.8107,7.9410,8.3443,7.4270,9.0766,7.2516,7.4319,9.5319,5.2430,6.2066,10.6364,8.3247,7.2464,7.8768,7.0178,7.8816,8.6441,5.6948,7.6796,9.6187,7.1078,6.6410,6.7229,11.8942,8.8576,8.4646,9.7779,9.1882,6.4293,9.7653,6.6210,9.4403,8.1078,4.0971,5.3981,6.7429,9.0586,8.7338,7.6333,5.4631,6.0936,5.3697,9.5268,8.1895,5.8803,5.9271,8.0558,5.2662,7.8063,5.6220,5.6346,5.6489,5.6651,5.6832,5.7029,5.7246,5.7481,5.7735,5.8007,5.8297,5.8605,5.8930,5.9272,5.9632,6.0009,6.0402,6.0812,6.1238,6.1679,6.2136,6.2609,6.3096,6.3598,6.4114,6.4645,6.5189,6.5747,6.6319,6.6903,6.7502,6.8113,6.8736,6.9373,7.0023,7.0685,7.1361,7.2049,7.2749,7.3463,7.4189,7.4929,7.5681,7.6445,7.7222,7.8011,7.8809,7.9605,8.0357,8.0957
45120.2083333,3.9943,6.5304,6.3967,6.4877,12.5948,5.6725,8.2077,5.8078,8.4590,5.4921,6.0161,6.2767,4.0541,7.9267,9.3556,9.1410,11.0137,10.5138,6.6704,6.6473,11.0515,7.0348,5.3479,7.8501,7.7055,14.8421,7.9513,6.1758,9.8651,6.7738,10.0980,9.8509,11.1552,9.8602,10.5459,8.7994,11.2255,12.0279,6.9875,11.2462,11.8563,9.4338,7.5812,8.2656,17.5633,14.8832,10.0193,8.7688,6.8702,5.0663,7.4633,9.2649,10.1323,9.7317,3.5481,10.3045,9.3442,9.2117,13.8267,10.0615,9.7298,8.3819,8.5479,9.2650,7.5167,8.6056,11.9431,12.4918,7.5587,8.0863,9.9832,11.0490,9.9149,7.8078,5.5370,11.1039,10.2825,11.0410,10.0583,12.8061,15.5783,14.6244,9.0955,6.6761,8.3635,7.2046,12.5534,9.5139,12.9067,7.0991,11.6029,14.9156,15.0422,14.1816,5.8213,8.2835,9.0209,7.8127,8.2166,7.0059,7.2712,11.9018,7.2776,7.4094,10.5221,11.3147,8.2038,9.9250,5.9070,13.1100,6.6815,5.9328,7.2567,5.4813,6.9677,4.5120,5.3353,8.3649,7.5897,7.7088,3.8468,7.6393,5.6645,8.2927,10.7431,13.2759,11.5506,13.0477,8.6595,4.1249,5.4987,5.9036,6.7747,7.8146,10.9836,9.5491,9.0597,11.5898,7.5416,7.9917,7.0443,8.7982,6.8768,7.0567,9.3064,4.8430,5.8338,10.5077,8.1326,6.9861,7.7145,6.8370,7.8695,8.8579,5.5339,7.7160,9.8371,7.1209,6.5624,6.7063,12.0849,8.9955,8.5229,9.8656,9.1992,6.4088,9.8878,6.6974,9.7345,8.3767,4.1434,5.4665,6.9236,9.3273,8.9868,7.7793,5.5577,6.2082,5.4686,9.6024,8.2175,5.9086,5.9446,8.0200,5.2585,7.7500,5.6022,5.6029,5.6048,5.6081,5.6128,5.6188,5.6264,5.6355,5.6461,5.6584,5.6721,5.6876,5.7046,5.7232,5.7435,5.7654,5.7890,5.8142,5.8410,5.8695,5.8995,5.9312,5.9645,5.9994,6.0358,6.0738,6.1133,6.1543,6.1968,6.2407,6.2861,6.3329,6.3811,6.4307,6.4816,6.5339,6.5874,6.6422,6.6983,6.7555,6.8140,6.8737,6.9346,6.9966,7.0597,7.1239,7.1889,7.2539,7.3154,7.3645
45120.2500000,3.4186,5.8457,5.6302,5.6703,11.4178,4.6696,7.1409,4.9745,7.5305,4.5968,5.1229,5.4147,3.3131,7.0888,8.6060,8.4058,10.2778,9.7981,5.9427,5.9953,10.3856,6.3893,4.7458,7.2534,7.1268,14.1149,7.2856,5.5776,9.3831,6.2897,9.8215,9.6482,11.0421,9.5903,10.2729,8.4489,10.8412,11.6060,6.5587,10.7568,11.2959,8.8385,7.0073,7.6538,16.6753,14.2942,9.4309,8.1418,6.3353,4.5460,6.8470,8.5862,9.3645,8.9154,2.9637,9.7042,8.7038,8.4727,12.7970,9.0245,8.6326,7.3287,7.6247,8.4379,6.6635,7.8107,11.1648,11.6620,7.0480,7.6258,9.5304,10.6332,9.5007,7.4079,5.0177,10.7214,9.8439,10.6277,9.5823,12.0940,14.5621,13.5967,8.1396,5.7258,7.4541,6.3598,11.6883,8.6707,12.0622,6.2665,10.7709,13.9781,14.0781,13.3443,5.1042,7.6060,8.3422,7.0605,7.4799,6.2859,6.5538,11.1055,6.6383,6.7274,9.6983,10.4325,7.3905,9.1038,5.2699,12.4527,6.0562,5.3659,6.6071,4.8643,6.2679,3.9117,4.7021,7.6080,6.8517,6.9704,3.3243,6.9453,5.0526,7.6271,10.1139,12.6501,10.8459,12.2525,7.8657,3.5334,4.8569,5.2762,6.1487,7.1877,10.3429,8.9130,8.4158,10.9913,6.8652,7.3714,6.4569,8.2384,6.2807,6.4527,8.7552,4.2922,5.2870,10.0244,7.6006,6.4235,7.2253,6.3890,7.5352,8.7075,5.1140,7.3549,9.5574,6.6543,6.0572,6.2389,11.7085,8.5466,7.9992,9.3190,8.5598,5.7678,9.3631,6.1871,9.4647,8.1467,3.8282,5.1822,6.7328,9.1957,8.8296,7.5190,5.2650,5.9339,5.1864,9.2313,7.7518,5.4176,5.4177,7.4006,4.6591,7.0928,5.0193,5.0433,5.0640,5.0816,5.0965,5.1090,5.1196,5.1287,5.1365,5.1435,5.1500,5.1564,5.1629,5.1697,5.1771,5.1852,5.1942,5.2042,5.2153,5.2275,5.2410,5.2557,5.2718,5.2891,5.3078,5.3279,5.3493,5.3720,5.3961,5.4216,5.4485,5.4767,5.5062,5.5371,5.5693,5.6029,5.6377,5.6739,5.7113,5.7499,5.7899,5.8310,5.8734,5.9169,5.9616,6.0074,6.0541,6.1011,6.1458,6.1796
45120.2916667,2.8303,5.1420,4.8813,4.8678,10.2641,3.7385,5.9639,3.8400,6.1740,3.3231,3.7483,3.9606,1.9877,5.4713,6.9845,6.8069,8.6728,8.2290,4.4836,4.5975,8.9468,5.0372,3.5203,5.9719,5.8907,12.7348,5.9900,4.3343,8.1583,5.0997,8.7681,8.6860,10.2030,8.6970,9.3872,7.5121,9.8648,10.5460,5.4803,9.6117,10.0346,7.5582,5.7112,6.3035,15.0312,12.7682,7.9432,6.7223,5.0365,3.3756,5.5907,7.2735,8.0098,7.5597,1.9747,8.4379,7.4539,7.2000,11.3088,7.5515,7.0947,5.7906,6.0670,6.8825,5.1493,6.2955,9.6477,10.1829,5.9952,6.7212,8.6825,9.7949,8.6359,6.5159,4.1739,9.8735,8.8964,9.6561,8.5046,10.8102,13.0785,12.0321,6.6222,4.2126,5.7793,4.6888,9.8000,6.7770,10.0535,4.4008,8.7271,11.8182,11.8994,11.2149,3.2649,5.6810,6.4320,5.2212,5.6318,4.5073,4.7941,9.2022,5.2199,5.3034,8.1474,8.8254,5.8722,7.5378,3.9143,11.0137,4.7858,4.2171,5.4552,3.8135,5.1338,2.9512,3.6570,6.4078,5.6611,5.7576,2.3507,5.7232,3.9310,6.4043,8.8473,11.3451,9.4785,10.8083,6.4453,2.4142,3.6250,4.0399,4.9050,5.9431,9.0786,7.6760,7.1961,9.7783,5.6600,6.1736,5.3070,7.1128,5.1849,5.3663,7.6766,3.3344,4.2971,9.0321,6.5938,5.4173,6.2358,5.4363,6.6751,7.9897,4.3443,6.6151,8.8676,5.8769,5.2449,5.3701,10.8613,7.6297,7.0332,8.3102,7.5069,4.7142,8.2438,5.0658,8.3689,7.0742,2.8268,4.1972,5.8133,8.3553,7.9917,6.6568,4.4080,5.0688,4.3180,8.2767,6.7678,4.4369,4.3729,6.2285,3.5606,5.7991,3.7491,3.7385,3.7287,3.7203,3.7135,3.7085,3.7059,3.7055,3.7074,3.7115,3.7175,3.7253,3.7343,3.7442,3.7546,3.7650,3.7752,3.7848,3.7938,3.8021,3.8096,3.8163,3.8224,3.8280,3.8333,3.8380,3.8431,3.8482,3.8536,3.8593,3.8655,3.8723,3.8797,3.8879,3.8968,3.9067,3.9171,3.9284,3.9405,3.9536,3.9675,3.9823,3.9979,4.0143,4.0308,4.0460,4.0633,4.0812,4.0972,4.1091
45120.3333333,1.1665,3.3815,3.2441,3.2709,8.4658,2.3207,4.4202,2.4782,4.7721,2.1655,2.5457,2.7382,0.9944,3.8590,5.2834,5.0948,6.8352,6.3363,2.8038,2.9229,7.1224,3.3640,2.0551,4.3416,4.2876,10.9656,4.3772,2.8359,6.6093,3.6466,7.3071,7.2569,8.8062,7.2866,8.0147,6.1979,8.5837,9.2440,4.2517,8.3501,8.6695,6.2538,4.3973,4.9620,13.4149,11.0879,6.3364,5.2004,3.5848,2.1337,4.1666,5.6890,6.3456,5.8992,0.8368,6.7819,5.8762,5.6718,9.6423,5.9676,5.5190,4.2565,4.4725,5.2690,3.6831,4.7163,7.9077,8.4293,4.5505,5.4537,7.5121,8.6511,7.5075,5.4167,3.2972,8.8795,7.8445,8.6230,7.3850,9.5589,11.8099,10.6938,5.3711,3.0583,4.3906,3.3809,8.2194,5.2277,8.3285,2.9665,6.9332,9.8296,9.8494,9.0911,1.6030,3.7427,4.4367,3.3900,3.6816,2.6263,2.8748,6.9814,3.2847,3.3922,6.0863,6.7470,3.9615,5.5719,2.2629,9.1317,3.1897,2.7248,3.9854,2.4925,3.7039,1.7678,2.3350,4.9325,4.2321,4.3535,1.3000,4.3784,2.6951,5.0354,7.3574,9.8180,7.9488,9.2456,4.9614,1.3495,2.4044,2.7615,3.5324,4.4994,7.4932,6.1224,5.6836,8.2380,4.2568,4.7237,3.9313,5.7482,3.9085,4.1077,6.3674,2.2673,3.1621,7.8071,5.3801,4.2396,5.0431,4.2825,5.5567,6.9177,3.4272,5.6761,7.9383,4.9566,4.2929,4.3440,9.9025,6.5694,5.9955,7.2438,6.4946,3.6999,7.1005,3.9707,7.1470,5.8818,1.8367,3.0465,4.5825,7.1439,6.7694,5.5387,3.2949,3.9410,3.2217,7.1036,5.7143,3.4111,3.2881,5.0451,2.5007,4.5232,2.4567,2.4613,2.4637,2.4644,2.4634,2.4600,2.4557,2.4497,2.4422,2.4336,2.4239,2.4134,2.4022,2.3908,2.3795,2.3683,2.3576,2.3475,2.3384,2.3309,2.3231,2.3162,2.3106,2.3057,2.3014,2.2977,2.2944,2.2915,2.2887,2.2858,2.2830,2.2798,2.2761,2.2720,2.2674,2.2621,2.2560,2.2464,2.2233,2.2083,2.1923,2.1761,2.1598,2.1439,2.1284,2.1136,2.0996,2.0866,2.0716,2.0611
45120.3750000,-1.4654,0.4897,0.5273,0.5767,5.5183,-0.1365,1.7165,0.0575,2.3134,0.0633,0.4076,0.6332,-0.7359,0.9814,2.4369,2.4769,4.3484,3.7621,0.6807,0.7088,4.7236,1.1161,0.1486,2.2458,2.2099,8.6074,2.1823,0.8272,4.4800,1.6614,5.1926,5.1387,6.6479,4.9836,5.4854,3.6602,6.2226,7.0994,2.3410,6.4613,6.6366,4.4023,2.5353,3.1323,11.4043,8.8918,4.3079,3.3452,1.8603,0.7334,2.6116,3.6293,4.1119,3.5006,-0.8856,4.2669,3.4390,3.3834,7.1781,3.6418,3.3508,1.9094,2.0588,2.9044,1.7019,2.5799,5.6981,5.9497,2.2866,3.7274,5.9031,7.0076,5.9248,3.8369,2.1694,7.4496,6.3244,7.1460,5.7757,7.8344,10.2827,9.0127,3.6720,1.7429,2.4552,1.6478,6.2131,3.2973,6.1414,1.2102,4.6027,7.2815,7.3916,6.5567,-0.5201,1.3231,2.0237,1.3005,1.3879,0.6251,0.5696,4.3140,0.8141,1.0596,3.4333,3.8990,1.0286,2.6565,-0.2910,6.2562,0.7000,0.3794,1.7196,0.4904,1.6832,0.0467,0.2690,2.6915,2.0803,2.2441,-0.3080,2.5810,0.9078,3.1189,5.2400,7.7049,5.9111,7.2264,3.0334,-0.0370,0.8894,1.1850,1.8383,2.6874,5.3499,4.0618,3.7024,6.2448,2.3603,2.6709,2.0345,3.8754,2.1896,2.4327,4.6209,0.8820,1.7155,6.1944,3.7621,2.6696,3.4382,2.7612,4.0870,5.4308,2.3073,4.5006,6.7360,3.7712,3.0852,2.9408,8.8624,5.0284,4.5666,5.6287,4.9915,2.2635,5.2640,2.3477,5.1740,3.9873,0.3257,1.4440,2.8150,5.4718,4.9297,4.0755,1.7119,2.3384,1.6374,5.4335,4.3638,2.0072,1.7539,3.4141,0.9938,2.6948,0.3988,0.4608,0.5155,0.5643,0.6073,0.6419,0.6725,0.6975,0.7170,0.7320,0.7423,0.7486,0.7506,0.7495,0.7450,0.7373,0.7272,0.7145,0.6997,0.6828,0.6641,0.6437,0.6220,0.5988,0.5745,0.5491,0.5226,0.4952,0.4653,0.4212,0.3322,0.2631,0.1989,0.1353,0.0748,0.0152,-0.0431,-0.0990,-0.1545,-0.2074,-0.2585,-0.3074,-0.3549,-0.4008,-0.4454,-0.4883,-0.5299,-0.5697,-0.6135,-0.6447
45120.4166667,-3.4600,-1.9889,-1.8497,-1.8692,3.3147,-2.6447,-1.3816,-2.6782,-0.4559,-2.7725,-2.5953,-2.4441,-3.3738,-2.6770,-1.4133,-1.1937,1.1093,0.1601,-2.0127,-2.3029,1.5954,-1.6512,-2.2320,-0.3529,-0.3470,6.0012,-0.8661,-2.0709,1.3476,-1.4508,1.6691,1.9608,3.8956,2.3997,2.7316,0.6958,2.4890,3.0015,-1.3351,3.3382,2.8679,1.0332,-0.7552,-0.0158,8.8300,5.2830,0.7622,0.2415,-0.8707,-1.4823,0.7919,1.5042,1.8720,1.1542,-2.8864,1.1627,0.1100,0.5119,4.0867,-0.1100,0.2567,-1.6198,-1.6347,-0.7733,-1.2844,-0.5618,2.9489,3.1937,-0.7907,1.2991,3.7375,4.4684,3.8188,1.6581,0.6599,5.8678,4.0046,5.4912,3.1269,5.0173,8.7435,6.9858,0.8223,-0.2126,-0.5638,-1.0917,3.1232,0.3194,2.8969,-0.9022,1.8965,3.9269,4.0639,2.9692,-3.5078,-2.4152,-1.6371,-1.7746,-1.8747,-1.8681,-2.3914,1.4607,-2.0003,-1.2801,0.8853,1.0543,-1.9911,-0.9078,-3.5639,2.6291,-2.4438,-2.5994,-1.2913,-2.1452,-0.6659,-1.8746,-2.3165,-0.2489,-0.4801,-0.6465,-2.9375,-0.1607,-1.9201,0.3154,1.6646,4.1698,2.4813,3.8890,-0.2804,-2.8575,-1.9163,-1.6132,-0.8837,0.0397,2.3582,0.8658,0.8184,3.8276,0.2320,-0.0000,-0.5336,1.4027,-0.1346,-0.1689,1.9422,-1.4674,-0.5545,3.6896,1.2929,-0.1498,0.8479,0.1147,1.6400,3.1107,0.5541,2.6873,5.3638,1.8916,1.7585,0.8795,7.4612,3.4159,2.9008,3.2043,3.2536,0.3464,2.8421,0.4105,2.6612,1.5246,-1.6776,-0.6410,0.3269,3.2062,2.5726,2.1501,-0.5328,0.3591,-0.6960,3.6303,2.6786,0.3556,0.0335,1.7059,-0.5036,0.7857,-2.0290,-1.9643,-1.9010,-1.8385,-1.7773,-1.7216,-1.6653,-1.6120,-1.5622,-1.5157,-1.4729,-1.4338,-1.3989,-1.3676,-1.3406,-1.3180,-1.2996,-1.2872,-1.2936,-1.3805,-1.4414,-1.4986,-1.5605,-1.6252,-1.6861,-1.7543,-1.8189,-1.8850,-1.9527,-2.0217,-2.0895,-2.1604,-2.2341,-2.3101,-2.3867,-2.4654,-2.5457,-2.6266,-2.7089,-2.7909,-2.8727,-2.9538,-3.0343,-3.1140,-3.1926,-3.2697,-3.3451,-3.4180,-3.4966,-3.5498
45120.4583333,-3.3403,-2.4911,-2.2740,-2.3432,3.1892,-2.9940,-2.4322,-3.7933,-1.2735,-3.5649,-3.8810,-4.2265,-4.8324,-5.0219,-4.6066,-4.5168,-1.7771,-3.0868,-4.1615,-4.8433,-1.6732,-4.5891,-4.7559,-3.3322,-3.1358,3.8131,-3.1497,-4.2522,-0.6952,-3.5271,-0.5983,-0.8439,1.4626,0.4962,0.9626,-1.0004,0.7950,0.3962,-4.0355,1.0442,0.1641,-2.1072,-3.9594,-3.2688,6.3760,2.1553,-2.4498,-2.6844,-3.7218,-3.7337,-1.2075,-0.3748,0.2070,-0.1006,-3.4387,-0.8153,-2.0814,-0.7965,2.7524,-1.9842,-1.2501,-3.5875,-4.1444,-3.6370,-3.5001,-3.3502,0.1272,0.5584,-3.4998,-1.2772,1.8797,2.2360,1.9629,-0.4704,-0.7739,4.4583,2.0759,4.3578,1.3887,3.5876,8.7230,6.7611,0.2374,-0.3775,-1.4924,-1.8529,1.5744,-1.3929,1.7240,-1.6743,0.7048,2.7838,2.9576,1.4863,-4.0801,-4.1157,-3.6906,-3.3527,-3.8472,-3.4069,-4.2392,-0.9173,-4.2520,-3.2049,-1.0210,-0.7863,-3.4896,-3.1399,-5.5822,-0.1762,-4.4861,-4.5328,-3.4544,-4.1650,-2.6173,-3.2240,-4.2717,-2.7215,-2.4762,-2.5072,-4.3986,-2.1584,-3.9425,-1.9440,-1.4205,1.5061,0.0558,1.7715,-2.1516,-4.1758,-3.5184,-3.4395,-2.8042,-1.8472,0.3843,-1.7889,-2.1530,1.0736,-1.7866,-1.9271,-2.8742,-0.7317,-1.9580,-2.3021,-0.0639,-3.1627,-2.3059,2.0692,-0.2697,-1.8041,-0.7919,-2.0452,-0.9745,0.4290,-1.3398,0.7209,3.5852,0.2110,0.4163,-0.7882,6.2902,2.4809,1.9654,1.9992,2.4530,-0.2850,2.0571,-0.4083,1.1483,-0.0034,-2.6581,-2.0308,-1.6234,1.4019,0.8724,0.8978,-1.8433,-0.7725,-2.0185,2.7711,2.0679,-0.0067,-0.2676,1.4507,-0.4409,0.4000,-2.7025,-2.8948,-3.0698,-3.2216,-3.3462,-3.4475,-3.5179,-3.5647,-3.5920,-3.6035,-3.5916,-3.5482,-3.5060,-3.4572,-3.4173,-3.3767,-3.3419,-3.3129,-3.2887,-3.2636,-3.2491,-3.2342,-3.2238,-3.2179,-3.2126,-3.2160,-3.2207,-3.2304,-3.2452,-3.2649,-3.2877,-3.3167,-3.3515,-3.3917,-3.4358,-3.4850,-3.5387,-3.5959,-3.6574,-3.7216,-3.7887,-3.8582,-3.9301,-4.0041,-4.0799,-4.1572,-4.2354,-4.3132,-4.4007,-4.4545
45120.5000000,-4.9319,-4.5337,-3.9659,-4.3120,0.0920,-6.2696,-6.5667,-7.6997,-4.6065,-6.1270,-6.6403,-7.4099,-7.4382,-8.3292,-8.4209,-8.9330,-6.5812,-8.0669,-8.5591,-9.1301,-6.2340,-9.0451,-8.1843,-7.1701,-6.6249,-0.8562,-7.3711,-8.4608,-4.9642,-7.3419,-4.5714,-4.9580,-2.3746,-3.0208,-2.5210,-4.2153,-2.4905,-2.9520,-7.0587,-1.8911,-3.3603,-5.9689,-8.2604,-7.3429,2.8150,-2.6894,-6.9862,-6.8855,-8.0091,-7.6188,-5.3724,-4.8492,-4.2850,-4.6678,-7.0140,-5.1402,-5.3609,-3.3044,-0.2628,-4.9551,-4.5637,-6.9209,-8.1052,-7.3063,-6.3903,-6.1477,-2.9151,-2.7575,-6.7288,-4.3583,-1.5061,-1.4645,-1.4701,-3.2459,-2.7211,1.8735,-0.8961,1.3649,-2.6661,-0.9400,5.6274,2.8634,-3.5985,-4.5423,-6.4523,-6.0221,-1.8192,-5.2912,-1.7227,-4.7556,-2.9858,-1.0281,-0.8628,-2.6282,-7.2366,-7.7512,-7.1631,-5.8863,-7.4200,-6.9452,-7.3248,-4.8493,-6.9691,-6.2125,-4.4681,-4.5433,-7.0442,-6.6484,-8.5417,-4.0043,-7.4981,-7.2978,-5.7222,-6.6131,-5.4803,-5.5929,-7.1213,-5.4279,-5.5158,-5.6805,-6.9447,-5.1761,-6.4677,-5.2011,-5.1431,-2.9860,-4.2063,-2.2908,-5.7860,-6.5572,-6.0790,-6.2324,-5.7654,-4.8192,-2.6183,-4.7380,-5.0434,-2.5115,-5.1739,-5.2427,-5.8074,-3.8786,-4.8387,-5.0320,-3.2180,-5.7400,-4.7836,-0.6687,-3.7646,-4.6428,-3.6707,-4.4480,-3.4088,-2.4060,-3.0718,-0.7358,1.0759,-1.8283,-2.4676,-3.9356,2.8643,-1.2415,-2.0612,-2.2475,-1.5971,-3.9567,-1.9634,-4.2244,-2.7798,-3.2736,-4.8017,-4.2349,-4.1495,-1.3326,-1.8818,-1.2965,-4.2041,-2.8727,-4.1641,0.4732,-0.3625,-2.4960,-2.9223,-1.3111,-3.0678,-2.6244,-5.4187,-5.5348,-5.6433,-5.7463,-5.8462,-5.9511,-6.0519,-6.1551,-6.2613,-6.3700,-6.4720,-6.5572,-6.6436,-6.7211,-6.7962,-6.8589,-6.9115,-6.9530,-6.9823,-6.9958,-7.0023,-6.9951,-6.9790,-6.9553,-6.9229,-6.8891,-6.8505,-6.8112,-6.7726,-6.7362,-6.7016,-6.6719,-6.6478,-6.6293,-6.6160,-6.6088,-6.6076,-6.6120,-6.6224,-6.6378,-6.6584,-6.6838,-6.7141,-6.7490,-6.7883,-6.8317,-6.8788,-6.9287,-6.9971,-7.0402
45120.5416667,-15.9654,-15.4094,-13.0006,-12.2693,-7.3555,-12.5396,-13.1882,-15.4402,-11.2966,-11.3221,-11.7683,-12.6733,-12.3610,-13.8917,-14.3850,-14.9623,-13.1228,-14.4510,-14.1319,-14.9131,-12.1599,-15.7825,-14.0022,-14.6227,-12.2994,-6.6662,-12.4385,-13.7327,-10.0633,-13.1775,-9.6466,-10.8164,-7.9367,-6.8281,-6.6485,-8.6212,-7.1212,-8.0131,-12.9327,-6.6629,-8.2382,-10.4073,-14.4655,-13.7457,-1.8349,-9.5973,-13.0958,-11.9926,-13.7038,-13.1471,-10.1630,-10.5926,-10.2513,-10.2215,-12.1599,-13.1641,-12.6124,-8.3373,-4.2419,-8.9628,-8.9508,-11.2568,-14.7324,-14.1237,-12.4130,-11.8354,-8.5586,-7.9540,-11.9933,-8.3020,-4.6906,-5.6148,-7.2980,-8.7109,-6.8927,-1.7579,-4.5015,-1.8883,-6.8057,-5.3846,4.6283,0.8781,-5.6536,-6.7796,-11.6849,-10.7482,-6.9368,-11.8609,-7.9706,-10.4331,-9.2783,-7.2460,-7.0396,-9.4997,-12.7991,-13.6672,-13.1917,-10.0546,-12.8620,-12.6272,-13.1151,-11.6639,-13.7607,-12.8080,-11.0348,-11.0451,-13.0981,-12.6970,-14.8012,-10.6298,-12.7906,-12.0597,-9.2267,-9.6253,-8.9694,-8.3734,-11.3791,-8.7750,-9.2635,-8.7942,-10.1328,-9.1743,-10.2919,-9.7185,-9.7997,-7.9705,-9.3857,-7.1972,-10.5769,-10.2943,-10.3149,-10.2595,-10.9830,-10.3520,-6.7886,-9.2437,-9.2364,-6.5474,-8.6261,-9.2620,-9.7723,-8.0495,-8.7477,-8.9366,-7.4649,-9.4347,-8.9950,-4.6267,-9.2808,-9.5920,-8.4350,-9.4932,-8.1990,-7.6360,-6.6399,-2.8193,-1.5518,-3.4545,-4.5390,-7.0583,0.1144,-4.1700,-4.9615,-4.9402,-3.4937,-6.3799,-5.7566,-8.4773,-8.7557,-9.2003,-9.5097,-9.5065,-9.3208,-6.5287,-6.9136,-5.3745,-8.6191,-6.9445,-7.8074,-2.6848,-3.3564,-5.3294,-5.7703,-4.0557,-5.4737,-5.7311,-8.3888,-8.6128,-8.8414,-9.0703,-9.2959,-9.5217,-9.7326,-9.9330,-10.1216,-10.2976,-10.4548,-10.5871,-10.7086,-10.8143,-10.9111,-10.9947,-11.0689,-11.1352,-11.1946,-11.2459,-11.2959,-11.3403,-11.3819,-11.4211,-11.4560,-11.4904,-11.5204,-11.5474,-11.5712,-11.5913,-11.6066,-11.6185,-11.6267,-11.6314,-11.6319,-11.6293,-11.6240,-11.6161,-11.6067,-11.5959,-11.5847,-11.5735,-11.5633,-11.5546,-11.5481,-11.5441,-11.5430,-11.5451,-11.5712,-11.5761
45120.5833333,-14.1710,-12.9349,-11.6998,-10.7451,-6.2079,-10.7472,-13.5378,-16.4978,-14.1924,-13.3947,-14.6646,-16.4728,-15.9746,-17.9064,-18.8608,-19.3004,-17.7689,-18.6971,-17.1974,-18.2526,-15.8975,-19.8709,-16.1232,-19.7036,-16.2339,-10.9963,-17.4300,-17.9562,-14.1887,-17.3726,-15.4660,-16.4191,-13.3400,-9.5802,-8.8313,-10.3856,-8.6187,-9.5642,-15.0802,-8.3131,-9.6938,-11.2565,-16.7414,-16.6667,-4.0476,-13.6981,-16.2373,-14.3734,-16.6308,-15.8208,-12.9451,-13.9349,-13.4966,-12.8564,-13.6827,-18.7648,-18.0194,-13.9222,-7.3656,-11.3482,-11.0445,-12.7992,-17.9791,-18.0900,-15.7996,-13.5907,-11.7802,-11.7731,-17.1559,-12.4935,-7.8127,-7.2272,-8.2916,-11.8682,-8.9568,-4.6840,-7.3960,-6.4782,-10.6757,-8.7214,4.3227,0.5629,-5.3575,-6.2013,-12.8709,-10.1294,-6.9121,-10.9839,-7.9085,-9.6057,-9.4834,-7.8289,-7.9300,-11.4458,-13.3551,-15.2054,-15.0342,-10.2883,-14.0938,-13.9486,-14.6610,-14.6748,-15.6500,-14.9319,-13.7695,-14.1040,-15.8533,-16.3250,-18.3812,-16.5545,-17.4444,-16.5799,-12.9493,-12.5805,-12.2392,-10.6346,-14.8907,-12.0065,-13.8272,-11.2416,-11.4509,-11.1594,-11.6744,-11.7573,-13.9802,-11.1627,-11.9986,-9.2157,-12.0348,-10.4073,-12.2361,-11.7923,-13.6136,-13.6579,-9.2798,-12.0167,-13.5186,-9.8788,-10.6510,-11.3145,-11.4100,-9.5361,-9.4456,-9.7616,-8.9656,-9.8977,-9.9570,-5.9872,-11.9615,-11.9818,-10.6873,-12.4621,-11.7921,-12.5377,-9.8171,-5.5420,-4.5461,-5.1750,-5.9076,-8.9083,-1.4150,-5.2304,-5.5952,-5.0632,-2.6266,-5.5297,-5.7863,-8.6785,-10.7314,-11.5429,-10.5947,-11.8578,-12.5095,-10.4586,-10.8572,-8.3011,-10.5275,-9.5584,-10.0908,-4.9600,-5.2600,-6.7940,-7.1338,-5.3336,-6.1247,-6.8783,-9.0898,-9.2132,-9.3419,-9.4750,-9.6120,-9.7602,-9.9051,-10.0534,-10.2049,-10.3594,-10.5123,-10.6589,-10.8081,-10.9553,-11.1039,-11.2491,-11.3918,-11.5311,-11.6659,-11.7937,-11.9176,-12.0335,-12.1425,-12.2443,-12.3373,-12.4241,-12.5025,-12.5738,-12.6386,-12.6972,-12.7497,-12.7977,-12.8417,-12.8820,-12.9188,-12.9530,-12.9846,-13.0139,-13.0412,-13.0663,-13.0894,-13.1104,-13.1294,-13.1465,-13.1617,-13.1749,-13.1863,-13.1956,-13.2253,-13.2227
45120.6250000,-9.7689,-7.9355,-6.2553,-6.5641,-0.1298,-3.4755,-6.2639,-10.9259,-7.9237,-6.1333,-7.3583,-9.3818,-8.8421,-11.8115,-14.0427,-15.2714,-15.5191,-17.2098,-15.1755,-16.9776,-15.8794,-19.2970,-15.1401,-18.5479,-16.3607,-11.4326,-17.6083,-17.5899,-15.2856,-17.6246,-18.2982,-19.5697,-17.3655,-12.1695,-10.2546,-9.9837,-7.3671,-7.7076,-12.8701,-6.0312,-6.8143,-7.4926,-12.8750,-12.0204,-1.3929,-12.5238,-14.4242,-12.1574,-14.6144,-12.0743,-10.9434,-12.7077,-12.4717,-11.5331,-10.8479,-19.6750,-19.1448,-15.6735,-7.9636,-10.8700,-10.1798,-11.3693,-17.3432,-18.2440,-15.7468,-14.4457,-11.9994,-11.1927,-18.4186,-14.5177,-9.6756,-9.5161,-9.7431,-11.5182,-6.4511,-4.0240,-5.9590,-6.1287,-9.6295,-5.3772,7.3573,3.8760,-1.4168,-2.1348,-7.5710,-5.6660,-3.2062,-6.5981,-4.1257,-5.0754,-5.2455,-3.4049,-3.1721,-6.7805,-7.9268,-9.5705,-9.0955,-3.7198,-7.6588,-7.6596,-8.6247,-9.9306,-10.2834,-9.9715,-9.3500,-10.1024,-11.6670,-13.1490,-15.1352,-16.6630,-16.5714,-16.2953,-13.1346,-12.0737,-12.3619,-10.0184,-13.6004,-12.4451,-15.0472,-13.3583,-11.2973,-12.0617,-11.6731,-12.1740,-14.0221,-12.0670,-12.3051,-9.1291,-11.0265,-8.7242,-10.2135,-11.0617,-13.0421,-13.6186,-9.3542,-11.7012,-12.7800,-10.2541,-10.0356,-11.0391,-10.7893,-10.3672,-9.7070,-8.9719,-8.2084,-8.2938,-8.8228,-4.9615,-10.5154,-10.0675,-9.1394,-10.7014,-11.1314,-13.3993,-8.6094,-5.6947,-5.1197,-4.8461,-5.3627,-8.3835,-1.3953,-5.1346,-4.1722,-3.1612,-0.1861,-2.8138,-3.4824,-6.8662,-8.9427,-9.5873,-7.4607,-9.3789,-10.9143,-9.8719,-10.3262,-7.2854,-8.5558,-8.1888,-8.3947,-3.9161,-3.7236,-4.6881,-4.8840,-3.1728,-3.4057,-4.3672,-6.1035,-6.1641,-6.2302,-6.3011,-6.3766,-6.4642,-6.5487,-6.6370,-6.7288,-6.8240,-6.9193,-7.0113,-7.1064,-7.2018,-7.2999,-7.3982,-7.4976,-7.5981,-7.6997,-7.8010,-7.9047,-8.0083,-8.1127,-8.2177,-8.3221,-8.4274,-8.5316,-8.6350,-8.7374,-8.8382,-8.9366,-9.0329,-9.1267,-9.2175,-9.3047,-9.3883,-9.4680,-9.5435,-9.6148,-9.6817,-9.7444,-9.8027,-9.8571,-9.9076,-9.9545,-9.9980,-10.0380,-10.0741,-10.1275,-10.1354
45120.6666667,-18.1760,-17.1693,-14.3299,-13.6744,-6.1014,-8.4775,-8.7159,-11.0995,-7.1526,-4.3274,-4.3453,-4.8761,-3.1918,-5.5569,-7.4515,-7.8668,-7.8711,-9.4680,-7.1681,-9.5468,-9.9380,-12.5750,-9.2586,-13.3510,-12.7015,-9.7568,-14.9568,-14.5680,-14.7425,-15.6784,-18.3684,-19.8881,-18.7160,-13.7878,-12.3770,-11.3652,-9.0611,-8.6021,-11.5857,-5.4001,-4.8218,-5.1300,-8.8347,-7.4760,2.2154,-8.5196,-9.5769,-7.5986,-9.6632,-7.0282,-6.6308,-8.6574,-8.7410,-7.8745,-6.0150,-16.6105,-16.2426,-13.4282,-6.5944,-8.9515,-8.1684,-9.2540,-14.7497,-16.1044,-13.4636,-13.2716,-12.1895,-11.2076,-17.1080,-14.1101,-10.5981,-10.8819,-10.9876,-11.4771,-6.3758,-5.4381,-6.2684,-6.4864,-9.0818,-4.3641,7.7384,4.8259,-0.4073,-0.6912,-4.0660,-2.5958,0.4789,-2.0960,0.3846,-0.1984,-0.1671,1.9677,2.2948,-1.2165,-2.2470,-3.9719,-3.6547,1.0552,-2.0827,-1.4649,-2.2383,-3.0482,-6.3565,-6.0868,-5.1087,-5.4758,-6.6707,-7.9112,-8.8289,-12.1841,-11.1273,-11.1937,-9.4664,-8.2556,-8.8936,-6.6967,-9.9171,-9.9242,-12.3892,-11.4945,-8.5443,-10.7908,-10.3744,-11.8375,-13.7021,-12.0688,-11.7507,-8.7112,-9.6928,-6.6929,-8.2076,-8.9088,-10.8961,-11.8688,-8.8085,-10.7285,-11.3638,-9.7379,-8.8459,-9.8266,-9.1925,-9.3159,-8.3245,-7.4907,-7.2873,-6.4223,-7.3929,-4.8834,-9.5759,-8.8996,-8.6149,-9.2054,-9.6130,-11.8940,-6.5168,-5.0985,-4.4824,-3.7874,-4.2317,-6.7704,-0.8993,-4.4452,-3.1716,-2.0926,0.7932,-1.8024,-2.0456,-4.9720,-6.8835,-7.2163,-4.2193,-6.5123,-8.0522,-7.5525,-7.9060,-4.8525,-5.4540,-5.6006,-5.6362,-1.7535,-1.3755,-2.0707,-2.2261,-0.7367,-0.8626,-1.6922,-3.1017,-3.0944,-3.0928,-3.0961,-3.1040,-3.1237,-3.1410,-3.1627,-3.1888,-3.2194,-3.2526,-3.2861,-3.3245,-3.3656,-3.4115,-3.4599,-3.5117,-3.5665,-3.6241,-3.6835,-3.7464,-3.8108,-3.8774,-3.9460,-4.0158,-4.0879,-4.1610,-4.2355,-4.3113,-4.3883,-4.4661,-4.5451,-4.6251,-4.7059,-4.7873,-4.8693,-4.9516,-5.0339,-5.1163,-5.1982,-5.2795,-5.3600,-5.4393,-5.5173,-5.5938,-5.6683,-5.7405,-5.8091,-5.8931,-5.9282
45120.7083333,-19.6463,-21.1708,-18.8522,-18.5664,-12.9452,-13.7285,-15.0548,-16.0163,-12.6064,-10.1995,-10.3498,-10.5264,-8.2465,-9.2158,-10.0087,-8.7944,-7.2535,-7.0987,-3.8911,-4.8507,-5.0666,-6.4481,-3.3150,-6.8775,-6.4606,-4.3353,-9.4440,-8.9710,-10.9068,-11.4106,-15.7138,-17.9529,-18.2163,-13.8138,-13.0527,-12.1327,-10.2393,-10.5569,-13.0448,-8.1588,-7.6844,-7.3921,-10.0801,-8.6962,1.5328,-8.4857,-8.7746,-5.7536,-7.3864,-4.5577,-4.4169,-5.7102,-5.9667,-5.7008,-3.2574,-13.5422,-12.9629,-10.4813,-4.1336,-6.8598,-6.2505,-7.1829,-12.0205,-13.7020,-10.5317,-11.6268,-11.6675,-11.3085,-15.8982,-13.5444,-11.1164,-11.0858,-11.6680,-11.8215,-6.6962,-6.7753,-7.8524,-8.1728,-10.0622,-5.2889,5.6768,2.5410,-3.3821,-3.4443,-5.3589,-4.9846,-1.5476,-3.9214,-1.5463,-2.7261,-2.3278,1.3140,2.2334,-1.0068,-1.9420,-2.8237,-2.1531,1.9933,-0.3762,0.2040,-0.1335,-0.0835,-2.1520,-1.6243,-1.3049,-1.7971,-4.0080,-4.8988,-6.0728,-9.7042,-7.9624,-7.6477,-6.3575,-4.9338,-5.6675,-3.4502,-6.1185,-6.7553,-8.6903,-8.2087,-5.1553,-7.7777,-7.7956,-9.7812,-12.9440,-12.2952,-12.2028,-9.6460,-10.2341,-6.9870,-8.3602,-8.6351,-10.4878,-11.4518,-9.1270,-10.9527,-11.3631,-10.5244,-9.0855,-9.9820,-9.5565,-9.5936,-8.3533,-7.4228,-8.0115,-6.1559,-6.9081,-5.1817,-8.8465,-7.9653,-8.0278,-8.3497,-8.9899,-11.1587,-5.3218,-4.5752,-4.5717,-4.0236,-4.2584,-6.2111,-1.2456,-4.6639,-3.5190,-2.5502,0.1453,-3.4443,-2.8305,-5.7219,-7.4893,-7.3905,-4.3049,-5.4706,-7.0951,-6.5800,-6.9369,-3.9333,-4.3661,-4.6261,-5.0175,-1.1662,-0.9154,-1.7341,-2.0038,-0.6532,-0.9946,-1.7508,-3.1886,-3.2053,-3.2140,-3.2152,-3.2100,-3.2066,-3.1930,-3.1769,-3.1596,-3.1426,-3.1255,-3.1077,-3.0929,-3.0806,-3.0722,-3.0668,-3.0649,-3.0667,-3.0720,-3.0802,-3.0925,-3.1076,-3.1261,-3.1478,-3.1722,-3.2001,-3.2305,-3.2639,-3.3001,-3.3390,-3.3803,-3.4242,-3.4705,-3.5193,-3.5700,-3.6229,-3.6776,-3.7340,-3.7921,-3.8516,-3.9124,-3.9743,-4.0374,-4.1014,-4.1662,-4.2317,-4.2976,-4.3628,-4.4467,-4.4881
45120.7500000,-15.4922,-18.9970,-17.2936,-17.4745,-13.9835,-13.1625,-15.6748,-16.1116,-13.9424,-11.1294,-11.7392,-12.2767,-9.9268,-11.3541,-12.6339,-11.8150,-10.6448,-10.0456,-6.7356,-6.9780,-6.8142,-7.1183,-3.9200,-6.2118,-5.2058,-1.3199,-5.3563,-4.5282,-6.3573,-6.2243,-10.9123,-13.3180,-14.5316,-10.8007,-10.7485,-10.2409,-8.9673,-8.5693,-10.8654,-7.6582,-7.7442,-7.3927,-9.5516,-8.5909,2.1931,-8.3223,-8.5003,-4.7850,-6.6266,-3.9370,-4.0405,-4.5950,-3.8099,-4.3836,-2.0804,-11.3499,-10.5103,-8.2101,-2.4162,-4.6081,-3.9350,-4.6255,-8.7436,-10.4275,-7.1538,-8.4859,-8.3820,-9.1648,-13.9063,-12.4677,-10.9905,-11.0096,-11.3825,-11.1439,-6.0664,-7.3486,-8.1651,-8.2838,-9.5373,-3.4542,5.9117,3.3917,-2.1560,-2.1485,-3.3646,-3.4388,0.1091,-1.8061,-0.0217,-1.3473,-1.3968,3.2044,3.0044,-0.6058,-1.7598,-2.8047,-2.3600,1.1670,-0.7780,-0.4326,-0.5716,1.0270,-1.0479,0.1022,0.6161,1.3657,-0.8357,-0.5743,-2.2615,-5.7424,-4.5084,-4.8505,-4.0574,-2.8460,-3.6423,-1.6142,-3.9751,-4.7739,-6.2092,-5.8384,-2.9966,-4.4397,-4.9216,-6.4699,-9.4437,-9.0993,-8.9131,-6.2852,-7.2807,-4.3761,-6.2631,-6.7966,-8.8396,-10.3544,-8.5050,-10.5038,-10.8982,-10.6877,-8.8329,-10.2250,-9.6802,-10.1681,-8.6459,-7.4080,-8.8087,-6.2863,-7.1300,-6.4727,-8.9172,-7.9632,-8.2568,-8.0809,-8.7617,-10.7508,-4.3717,-4.6528,-4.9165,-4.0214,-3.9524,-5.0147,0.0808,-3.6988,-2.3970,-1.0339,1.6297,-2.0527,-0.6797,-4.0036,-6.2063,-6.2345,-3.7055,-4.7231,-6.5620,-6.1843,-6.1086,-2.7096,-3.0595,-3.3453,-4.2066,-0.5657,0.4561,-0.4054,-0.6416,0.7974,0.3436,-0.1988,-1.8795,-1.7261,-1.5837,-1.4514,-1.3543,-1.3025,-1.2870,-1.3409,-1.4584,-1.6616,-1.9391,-2.2941,-2.5459,-2.7055,-2.8047,-2.8640,-2.8978,-2.9151,-2.9215,-2.9203,-2.9145,-2.9051,-2.8936,-2.8807,-2.8671,-2.8540,-2.8413,-2.8297,-2.8197,-2.8115,-2.8052,-2.8014,-2.8000,-2.8011,-2.8048,-2.8111,-2.8199,-2.8312,-2.8450,-2.8612,-2.8798,-2.9006,-2.9236,-2.9487,-2.9759,-3.0051,-3.0359,-3.0678,-3.1194,-3.1356
45120.7916667,-9.3566,-13.7369,-12.4642,-12.8842,-11.0554,-9.1292,-12.3497,-12.5149,-11.7594,-8.6718,-9.6039,-10.4356,-8.0118,-10.1496,-11.9524,-11.5104,-11.1344,-10.7512,-7.4647,-7.9868,-8.5863,-8.3699,-5.6679,-7.8913,-7.0045,-3.4652,-6.4119,-5.2325,-6.3732,-5.2100,-8.6035,-10.1809,-10.8568,-6.9682,-6.8469,-6.2522,-5.5142,-4.5019,-6.2658,-4.2786,-4.7300,-4.3648,-6.1542,-5.5732,4.4327,-6.4652,-6.5625,-3.3347,-4.9591,-2.5983,-2.9054,-3.4191,-1.8726,-2.6165,-0.6941,-8.8962,-8.0760,-5.9588,-1.0259,-2.8102,-2.1601,-2.6706,-6.0391,-7.6055,-4.4906,-5.7844,-5.0813,-5.9763,-10.7077,-10.1933,-9.6415,-10.0618,-10.2976,-9.8126,-5.0592,-7.2981,-7.8719,-7.8859,-8.7344,-3.4049,5.3646,3.2498,-1.4472,-1.2806,-2.2737,-2.1219,1.0132,-0.4951,1.2411,0.1333,0.3643,4.6837,4.6640,1.4601,0.3890,-0.3479,-0.0010,2.8664,1.2529,1.3495,1.1943,3.3399,1.0799,2.1193,2.6698,3.3557,1.3626,2.3867,0.7830,-1.4495,-0.4887,-1.0764,-0.5192,0.3209,-0.3708,1.1702,-0.7836,-1.6344,-2.8673,-2.7650,-0.7947,-2.0642,-2.3145,-3.7105,-6.2103,-6.0502,-5.4851,-2.3791,-3.2474,-0.7459,-2.2508,-2.9390,-4.7380,-6.2269,-4.8978,-6.3615,-6.7272,-7.2307,-5.3966,-7.4857,-7.3147,-8.5400,-7.2100,-6.2423,-8.3346,-5.4454,-6.5456,-7.1054,-8.6093,-7.5552,-8.0999,-7.7580,-8.5760,-10.4812,-4.3893,-4.9212,-5.3306,-4.0929,-3.7732,-4.5222,-0.0984,-3.1686,-1.7505,-0.5913,1.7825,-1.0959,0.3701,-2.2492,-4.3299,-3.9201,-1.7052,-2.6524,-4.4269,-4.3527,-4.2485,-0.7010,-1.0298,-1.1650,-1.9078,1.1308,2.7510,1.9411,1.8710,3.4774,2.8659,2.7226,0.6485,0.7033,0.7665,0.8446,0.9264,1.0176,1.1281,1.2371,1.3593,1.4776,1.6046,1.7280,1.8500,1.9668,2.0709,2.1608,2.2331,2.2809,2.2992,2.2841,2.2312,2.1383,2.0032,1.8282,1.6082,1.3505,1.0549,0.7507,0.5024,0.3076,0.1597,0.0514,-0.0245,-0.0748,-0.1052,-0.1208,-0.1255,-0.1225,-0.1143,-0.1026,-0.0889,-0.0742,-0.0593,-0.0448,-0.0312,-0.0186,-0.0074,0.0027,-0.0060,0.0115
45120.8333333,-2.3454,-6.7184,-5.8764,-6.4772,-5.8063,-3.5402,-6.9955,-7.0784,-7.2596,-4.2803,-5.3597,-6.3559,-4.1107,-6.2449,-8.4744,-8.4749,-8.9094,-8.9380,-5.8028,-6.5749,-8.0193,-7.3171,-5.0303,-7.4664,-6.8967,-4.5326,-6.5776,-5.4949,-7.0695,-5.7255,-8.8652,-9.9369,-10.1864,-6.0283,-5.4687,-4.3127,-3.3538,-2.0219,-2.8975,-1.1511,-1.3681,-0.8245,-2.1722,-1.7137,6.9561,-3.0676,-3.0843,-0.5582,-2.0191,-0.1639,-0.5885,-1.2269,-0.0190,-0.6459,0.7256,-6.1911,-5.3702,-3.5172,0.6976,-0.7778,-0.1974,-0.6216,-3.4431,-4.8680,-2.1637,-3.3267,-2.5173,-3.1298,-7.1054,-7.1472,-7.2366,-7.9349,-8.1177,-7.6366,-3.4525,-6.3123,-6.7622,-6.9016,-7.4744,-3.0264,4.8488,3.0536,-0.9174,-0.6868,-1.5133,-1.2864,1.3545,0.1261,1.7423,0.7887,1.2677,5.2552,5.4500,2.7415,1.5506,1.2353,1.6460,3.9029,2.7621,2.7813,2.8066,5.1907,3.7564,4.5807,5.3850,5.9955,4.0714,4.9166,3.2060,2.0395,2.8498,2.3661,2.9246,3.3392,2.9725,3.7476,2.4676,1.9692,0.9313,0.9163,1.9018,1.0989,0.7293,-0.5222,-2.8504,-2.9445,-2.3998,0.2412,-0.4102,1.2970,0.4423,0.0027,-1.2429,-2.3950,-1.6020,-2.6530,-2.6273,-2.9455,-1.0405,-2.7975,-2.7192,-4.1281,-3.0250,-2.5319,-4.8680,-2.2290,-3.5632,-5.1239,-6.1330,-5.2815,-6.2949,-6.3024,-7.6139,-9.7126,-4.1258,-4.9964,-5.6559,-4.1945,-3.6325,-4.2360,-0.9579,-3.2075,-1.8859,-0.8712,1.1817,-0.9493,0.3267,-1.4942,-3.1256,-2.4460,-0.4750,-0.9251,-2.3095,-2.3332,-2.1378,0.9440,0.6047,0.5572,0.0864,2.7661,4.2965,3.5202,3.6375,5.3948,4.5482,5.0512,3.1246,3.1979,3.2682,3.3402,3.4075,3.4689,3.5391,3.6045,3.6764,3.7449,3.8205,3.8975,3.9797,4.0674,4.1583,4.2526,4.3520,4.4545,4.5600,4.6683,4.7777,4.8878,4.9973,5.1061,5.2089,5.3072,5.3955,5.4750,5.5414,5.5910,5.6242,5.6376,5.6294,5.5987,5.5450,5.4686,5.3706,5.2532,5.1197,4.9755,4.8264,4.6788,4.5386,4.4099,4.2958,4.1978,4.1171,4.0522,3.9900,3.9691
45120.8750000,4.0147,0.5222,1.0820,0.4931,0.8035,2.7293,-0.3135,-0.7863,-1.3251,1.1773,0.1622,-0.8396,0.8456,-0.8481,-3.1207,-3.4191,-4.3292,-4.6705,-1.9500,-2.9223,-4.9102,-4.0139,-2.2675,-4.7949,-4.5610,-3.2619,-4.5883,-3.7059,-5.8320,-4.5488,-8.0110,-9.0864,-9.6483,-5.8143,-5.2642,-3.9486,-2.9549,-1.4256,-1.7344,0.1212,0.3213,1.0713,0.1549,0.7225,8.8387,0.3036,0.4791,2.5014,1.2836,2.5625,2.3666,1.8795,2.8726,2.3371,2.8410,-2.6023,-1.9997,-0.5077,3.0905,1.8010,2.2848,1.8794,-0.4712,-1.7841,0.3792,-0.6460,-0.0656,-0.5627,-3.7774,-4.0399,-4.4084,-5.1644,-5.2618,-4.7848,-1.3512,-4.2673,-4.5791,-4.8245,-5.1584,-1.4343,5.5397,4.0823,0.7215,0.9164,0.2803,0.4566,2.6807,1.6127,3.0697,2.0823,2.7304,6.3438,6.5987,4.2700,2.7354,2.7285,3.1321,4.7834,4.0326,3.9344,4.0569,6.5563,5.5687,6.3367,7.5787,8.3195,6.4866,7.3853,5.4164,5.2840,5.3194,4.8169,5.4696,5.4394,5.5182,5.4731,4.8890,5.0631,4.2456,4.2751,4.2012,4.3434,3.7840,3.0628,1.1699,0.9716,1.3634,3.5381,2.7603,3.3161,2.9039,2.5212,1.6075,0.7114,1.2820,0.4409,0.4892,0.2691,1.7977,0.5702,0.6845,-0.3491,0.5910,0.9603,-0.8571,1.1654,0.2129,-1.3531,-1.9853,-1.3217,-2.4293,-2.7769,-4.5372,-6.9969,-2.2077,-3.3538,-4.2968,-2.8074,-2.2592,-2.8414,-0.6598,-2.2613,-1.1744,-0.3511,1.3376,-0.2440,0.7312,-0.6150,-2.0492,-1.4161,0.1341,0.0709,-0.8736,-0.8258,-0.5003,2.0261,1.7166,1.8281,1.5437,4.0239,5.2311,4.3876,4.6004,6.4281,5.2833,6.3679,4.6247,4.7513,4.8731,4.9933,5.1078,5.2158,5.3279,5.4348,5.5441,5.6487,5.7556,5.8605,5.9656,6.0708,6.1743,6.2762,6.3778,6.4777,6.5767,6.6749,6.7721,6.8690,6.9658,7.0637,7.1605,7.2587,7.3561,7.4549,7.5539,7.6520,7.7507,7.8488,7.9458,8.0413,8.1347,8.2252,8.3120,8.3943,8.4707,8.5408,8.6033,8.6573,8.7020,8.7363,8.7598,8.7718,8.7730,8.7632,8.7356,8.7250
45120.9166667,8.4130,6.3444,6.6842,6.1628,6.6594,7.5881,5.3840,4.4505,4.0800,5.7876,5.0242,4.2066,5.0933,4.1318,2.2545,1.8769,0.9009,0.4041,2.4315,1.4900,-0.4513,0.2868,1.4143,-0.7764,-0.8079,-0.2644,-1.2796,-0.6816,-3.0256,-1.9502,-5.5555,-6.7396,-7.7951,-4.5874,-4.3712,-3.2435,-2.6217,-1.3297,-1.3899,0.3296,0.6376,1.3502,0.6807,1.2919,9.0461,2.0011,2.3706,4.1504,3.2775,4.0188,4.3100,4.2034,5.1729,4.7665,4.1768,0.7989,1.3192,2.5238,5.6606,4.3741,4.7138,4.2641,2.4013,1.3124,2.9155,2.1067,2.5447,2.0104,-0.8605,-1.2600,-1.7761,-2.5356,-2.5866,-2.0952,0.4963,-2.0447,-2.2839,-2.6094,-2.8174,0.2398,6.2821,5.0242,2.0345,2.0887,1.7154,1.8181,3.8849,2.9018,4.3189,3.1449,4.0732,7.3689,7.6488,5.6809,3.6768,4.0527,4.4655,5.5519,5.0899,4.8365,4.9947,7.6063,6.8271,7.4533,8.9988,9.7618,7.8542,8.9485,6.6768,7.8006,6.9650,6.4603,7.2588,6.7551,7.2371,6.4101,6.3543,7.2100,6.4764,6.5310,5.3606,6.5948,5.7667,5.7867,4.5535,4.5281,4.7749,6.6421,5.5788,4.9131,5.0575,4.8487,4.3206,3.7291,4.2898,3.4331,3.3332,3.1755,3.9967,3.0916,3.0457,2.3738,2.9123,3.1717,1.9747,2.9943,2.5664,1.6346,1.1526,1.6193,0.8266,0.5690,-0.9056,-3.1456,0.5798,-0.4412,-1.4626,-0.2219,0.1738,-0.4056,1.0346,-0.2517,0.4957,1.0819,2.3486,1.0203,1.7676,0.6055,-0.6701,-0.2150,0.7920,0.9030,0.2471,0.2906,0.5872,2.5461,2.1402,2.3424,2.1116,4.4561,5.2849,4.2957,4.5156,6.3460,4.9113,6.4036,4.7430,4.9091,5.0752,5.2426,5.4078,5.5694,5.7337,5.8938,6.0543,6.2099,6.3650,6.5164,6.6655,6.8122,6.9553,7.0949,7.2319,7.3655,7.4961,7.6241,7.7492,7.8719,7.9925,8.1116,8.2278,8.3427,8.4549,8.5660,8.6750,8.7815,8.8868,8.9902,9.0918,9.1919,9.2904,9.3876,9.4835,9.5783,9.6720,9.7648,9.8568,9.9480,10.0384,10.1279,10.2162,10.3032,10.3886,10.4711,10.5409,10.6047
45120.9583333,10.8205,10.3487,10.5323,10.1228,11.2297,10.7992,9.6415,8.1627,8.2577,8.9816,8.5265,7.9352,7.8561,7.9114,6.5911,6.1971,5.4492,4.9183,6.0263,5.2571,3.9556,4.2174,4.6803,3.2493,3.0942,3.5251,2.4281,2.6490,0.6120,1.2809,-2.0781,-3.3550,-4.7786,-2.2161,-2.3406,-1.5209,-1.3221,-0.4390,-0.5113,0.9141,1.1018,1.6048,0.9917,1.4886,8.6338,2.5602,2.8549,4.4070,3.6926,3.9652,4.7018,4.9807,6.0079,5.7513,4.1446,2.8306,3.3598,4.4037,7.3848,6.0855,6.3742,5.9064,4.5264,3.7391,4.8234,4.3263,4.8908,4.4021,1.6456,1.1899,0.6715,-0.0615,-0.1574,0.1772,1.9187,0.0398,-0.1945,-0.5644,-0.7392,1.7808,7.0016,5.8778,3.0850,2.9283,2.8008,2.7822,4.8160,3.8057,5.2107,3.7381,4.9509,7.9722,8.2399,6.5585,4.0131,4.7421,5.1780,5.7964,5.5630,5.1721,5.3730,8.1638,7.4193,7.9537,9.8018,10.5873,8.5467,9.8515,7.2073,9.5234,7.7457,7.2022,8.1751,7.2556,8.0968,6.6357,6.9775,8.4913,7.7955,7.8859,5.7424,7.9525,6.8061,7.5470,6.9908,7.2377,7.2967,8.9780,7.4912,5.6501,6.3078,6.3050,6.1888,5.9803,6.8276,5.9557,5.7682,5.8659,5.8814,5.2534,4.9860,4.6979,4.7281,4.8722,4.2541,4.1066,4.0564,3.9406,3.3562,3.5266,3.0261,2.7510,1.7654,0.0443,2.5464,2.0151,1.2382,2.0683,2.3469,1.9151,3.1977,2.0432,2.5099,2.9798,3.8702,2.5830,3.3335,2.1568,1.1398,1.3491,1.6707,1.8696,1.4139,1.4407,1.6132,3.0315,2.4598,2.6795,2.4139,4.6491,5.1227,3.9950,4.1715,5.9318,4.2986,5.9751,4.3436,4.4857,4.6308,4.7799,4.9305,5.0817,5.2376,5.3937,5.5529,5.7116,5.8728,6.0341,6.1964,6.3595,6.5223,6.6846,6.8467,7.0077,7.1677,7.3265,7.4835,7.6388,7.7922,7.9438,8.0924,8.2390,8.3824,8.5234,8.6614,8.7960,8.9280,9.0569,9.1828,9.3058,9.4259,9.5433,9.6582,9.7706,9.8804,9.9882,10.0939,10.1976,10.2996,10.3999,10.4986,10.5958,10.6914,10.7845,10.8669,10.9376
45121.0000000,11.3618,12.5054,12.5915,12.3353,14.3336,12.3590,12.2977,10.5482,11.2894,10.9576,10.8280,10.4734,9.4101,10.7407,10.0201,9.5789,9.1505,8.5652,8.5835,7.9793,7.6479,7.2001,6.9816,6.5101,6.3170,7.1702,5.6857,5.4693,4.2016,4.3332,1.6688,0.4080,-1.1361,0.8376,0.4915,0.9738,0.8997,1.4142,1.1441,2.5700,2.5479,2.7470,2.0669,2.3733,8.7378,3.1746,3.1574,4.7158,3.8683,3.7243,4.6591,5.0886,6.0221,5.7966,3.4409,3.6246,4.0876,4.9851,7.9167,6.5754,6.8449,6.3736,5.4407,4.9949,5.6490,5.5268,6.4442,6.3055,3.6317,3.2454,2.8800,2.2426,2.0616,2.1192,3.0602,2.0128,1.7308,1.3576,1.1569,3.2941,7.8089,6.7727,4.0463,3.7351,3.8216,3.6452,5.7206,4.6064,6.0132,4.1908,5.6579,8.4266,8.6420,7.1643,4.0882,5.0759,5.5170,5.7579,5.6811,5.1629,5.3745,8.2856,7.8375,8.2438,10.3062,11.0567,8.8205,10.4806,7.4079,10.7304,8.0124,7.3893,8.5049,7.2531,8.3641,6.4399,7.0381,9.0889,8.3995,8.5159,5.6159,8.5705,7.1408,8.5115,8.6055,9.1720,9.0155,10.5845,8.6120,5.7851,6.8207,6.9829,7.2144,7.3685,8.6346,7.7196,7.4752,7.9622,7.1731,6.8308,6.3841,6.5504,6.1041,6.2099,6.1972,4.9350,5.2020,5.9905,5.1805,5.0332,4.7719,4.3326,3.7395,2.4910,3.7438,3.7763,3.3598,3.6604,4.0427,3.7250,5.2191,4.1001,4.3122,4.7627,5.3252,3.9328,4.8958,3.5752,2.9874,2.9799,2.5428,3.2992,3.0203,3.0521,3.0276,3.9240,3.1225,3.3169,2.9577,5.1204,5.2676,4.0100,4.1177,5.7684,4.0089,5.7247,4.1063,4.1929,4.2849,4.3827,4.4848,4.5902,4.7020,4.8169,4.9368,5.0594,5.1865,5.3166,5.4501,5.5869,5.7261,5.8677,6.0117,6.1574,6.3049,6.4539,6.6040,6.7552,6.9071,7.0599,7.2126,7.3657,7.5182,7.6707,7.8224,7.9729,8.1226,8.2710,8.4178,8.5630,8.7064,8.8478,8.9872,9.1244,9.2592,9.3919,9.5221,9.6500,9.7756,9.8987,10.0195,10.1378,10.2537,10.3658,10.4670,10.5498
45121.0416667,10.6448,13.1442,13.1292,13.0139,16.0254,12.4589,13.4968,11.0391,12.4881,11.1080,11.3161,11.2382,9.3119,11.6667,11.7547,11.4709,11.6599,11.1657,10.0892,9.7190,10.5654,9.2583,8.3834,8.9141,8.7117,10.3057,8.1516,7.4690,7.2160,6.7168,5.0461,3.8877,2.4629,3.9262,3.5160,3.6776,3.5523,3.8275,3.2045,4.5360,4.4325,4.3726,3.6107,3.8076,9.5653,4.3973,4.0096,5.1195,4.1858,3.7307,4.7997,5.3232,6.1226,5.8633,3.0160,4.1550,4.4267,5.1096,7.9067,6.4392,6.6213,6.0903,5.4676,5.2723,5.5411,5.7207,7.0212,7.1828,4.8633,4.7165,4.6423,4.1808,3.9236,3.7113,3.9270,3.8130,3.4687,3.1313,2.8694,4.6981,8.6182,7.6500,4.9052,4.3051,4.6172,4.3110,6.5382,5.3073,6.7714,4.5968,6.3254,8.8876,9.0425,7.7260,4.1690,5.3478,5.7804,5.7127,5.7364,5.1072,5.3120,8.3343,7.4543,7.8408,10.1695,10.9763,8.6416,10.4237,7.1239,11.4550,7.9407,7.2848,8.4994,7.0015,8.2975,6.0591,6.8064,9.2509,8.5452,8.6714,5.2512,8.6957,7.0351,8.8919,9.5541,10.4372,10.0547,11.5531,9.1054,5.5546,6.8330,7.1176,7.6157,8.0723,9.7737,8.7912,8.4963,9.4016,7.8564,7.7659,7.1707,7.7824,6.9144,7.0288,7.6079,5.3724,5.9205,7.6328,6.5559,6.1279,6.1213,5.5437,5.3281,4.5251,4.6107,5.1821,5.1719,4.9080,5.0599,4.8868,6.8448,5.5892,5.6262,6.1432,6.4336,4.8656,6.1939,4.6654,4.6412,4.4524,3.2394,4.1309,4.2718,4.5866,4.5022,4.9875,3.9680,4.2143,3.7810,5.9971,5.8580,4.4665,4.5155,6.0797,4.2073,5.9280,4.2980,4.3237,4.3540,4.3898,4.4302,4.4750,4.5263,4.5820,4.6437,4.7099,4.7818,4.8585,4.9403,5.0270,5.1182,5.2136,5.3134,5.4171,5.5245,5.6355,5.7498,5.8673,5.9877,6.1112,6.2368,6.3650,6.4950,6.6271,6.7608,6.8958,7.0322,7.1696,7.3078,7.4466,7.5859,7.7255,7.8652,8.0049,8.1443,8.2834,8.4220,8.5599,8.6971,8.8333,8.9685,9.1025,9.2348,9.3641,9.4832,9.5787
45121.0833333,8.9071,12.3495,12.3366,12.3983,16.3767,11.5537,13.5409,10.6577,12.7676,10.5756,11.0644,11.2004,8.6171,11.8275,12.5126,12.2231,12.8953,12.4269,10.2650,10.0922,12.2305,10.0527,8.6410,10.1961,10.0650,12.7468,9.7471,8.6080,9.5318,8.3182,7.8306,6.8239,5.6720,6.6527,6.2998,6.1412,6.1700,6.3423,5.2196,6.4440,6.3378,6.0286,5.1547,5.3205,10.7620,5.9969,5.2426,5.8227,4.7593,4.0446,5.2212,5.8061,6.4743,6.1701,2.9682,4.8041,4.8740,5.3593,8.0238,6.4135,6.4801,5.8565,5.4168,5.3562,5.2578,5.5947,7.1061,7.3570,5.2647,5.4125,5.7217,5.5260,5.2427,4.8201,4.4283,5.3074,4.9312,4.7006,4.3863,6.0230,9.4755,8.5749,5.7502,4.8305,5.3492,4.9138,7.3428,5.9721,7.5197,4.9883,6.9794,9.3883,9.4900,8.3039,4.3031,5.6339,6.0670,5.7655,5.8661,5.1517,5.3491,8.4637,6.5221,6.9075,9.4262,10.2954,7.9236,9.7534,6.3372,11.4808,7.3675,6.7418,8.0721,6.4498,7.8901,5.5035,6.3500,9.0927,8.3976,8.5474,4.8161,8.5472,6.7244,8.9319,10.0831,11.2579,10.6383,12.0873,9.1987,5.1617,6.5599,6.9190,7.6033,8.2989,10.4053,9.3505,9.0125,10.3202,8.1077,8.2159,7.4960,8.4963,7.2748,7.4101,8.5146,5.4804,6.2380,8.8106,7.4661,6.8044,7.0370,6.3470,6.5015,6.1505,5.2126,6.2945,6.7274,5.9089,5.7343,5.6688,8.1816,6.7033,6.6030,7.2232,7.2867,5.5090,7.2325,5.4447,5.9915,5.6210,3.6589,4.5368,5.0438,5.6962,5.5848,5.7296,4.4982,4.8421,4.3612,6.7722,6.4134,4.9039,4.9417,6.5051,4.5323,6.3196,4.6742,4.6781,4.6840,4.6923,4.7026,4.7148,4.7304,4.7482,4.7695,4.7934,4.8209,4.8516,4.8859,4.9240,4.9658,5.0113,5.0609,5.1143,5.1717,5.2332,5.2986,5.3681,5.4416,5.5192,5.6004,5.6856,5.7742,5.8665,5.9621,6.0607,6.1625,6.2672,6.3746,6.4845,6.5967,6.7111,6.8276,6.9459,7.0659,7.1875,7.3104,7.4345,7.5598,7.6860,7.8129,7.9403,8.0678,8.1940,8.3122,8.4069
45121.1250000,8.3776,12.2502,12.0709,12.1428,16.7565,10.8923,13.3917,10.2001,12.6281,9.7693,10.3683,10.5853,7.5800,11.2498,12.4365,12.2028,13.3542,12.9457,9.9252,9.8779,13.0767,10.1251,8.3176,10.6226,10.5303,14.3182,10.4331,8.8848,10.9969,9.0789,9.8628,9.0613,8.3333,8.8502,8.6406,8.1359,8.4660,8.6227,6.8539,8.2226,8.1144,7.5155,6.4794,6.6578,12.0356,7.7010,6.5810,6.6749,5.5116,4.5666,5.8728,6.5470,7.1208,6.7742,3.2419,5.7034,5.5797,5.8857,8.4381,6.6825,6.6396,5.9284,5.6164,5.6457,5.2357,5.6588,7.2651,7.5029,5.2574,5.5483,6.1712,6.2230,5.9203,5.3462,4.4767,6.2897,5.9153,5.8382,5.4835,7.0249,10.1123,9.2879,6.3519,5.1865,5.9134,5.3812,8.0777,6.5746,8.2527,5.3764,7.6505,9.9607,10.0249,8.9589,4.5400,6.0121,6.4520,5.9573,6.1157,5.3283,5.5132,8.6678,6.0562,6.3413,8.8519,9.6648,7.2233,9.0224,5.5093,11.0860,6.5257,5.9190,7.2949,5.6398,7.1402,4.7457,5.6309,8.5405,7.8820,8.0747,4.2643,8.1232,6.2508,8.7140,10.2886,11.7578,10.9312,12.3549,9.0836,4.7648,6.1958,6.5906,7.3878,8.2500,10.6936,9.5562,9.1736,10.8393,8.0541,8.3184,7.5059,8.8228,7.3206,7.4791,9.0184,5.3754,6.2756,9.5762,7.9775,7.1266,7.5679,6.7969,7.2830,7.3552,5.5470,7.0688,7.9365,6.5922,6.2802,6.2880,9.3709,7.6505,7.4247,8.1546,8.0157,6.0135,8.1253,6.0556,7.1449,6.5873,3.9430,4.9045,5.6720,6.6181,6.4521,6.2838,4.8372,5.2601,4.7231,7.3625,6.8105,5.1800,5.2151,6.8130,4.7361,6.6162,4.9404,4.9424,4.9457,4.9504,4.9561,4.9626,4.9709,4.9801,4.9910,5.0028,5.0163,5.0313,5.0478,5.0662,5.0862,5.1080,5.1319,5.1578,5.1858,5.2161,5.2487,5.2838,5.3215,5.3619,5.4050,5.4509,5.4996,5.5514,5.6061,5.6637,5.7245,5.7883,5.8552,5.9251,5.9981,6.0741,6.1531,6.2351,6.3199,6.4076,6.4980,6.5911,6.6867,6.7848,6.8852,6.9877,7.0919,7.1966,7.2963,7.3769
45121.1666667,7.6226,11.7950,11.5699,11.7000,16.8889,10.2565,13.2019,9.8956,12.6305,9.3087,9.9904,10.2620,7.0183,10.7427,12.2044,11.9015,13.3130,12.8616,9.1804,9.1921,13.1746,9.6263,7.6001,10.4040,10.3570,15.1284,10.4542,8.6175,11.7004,9.1810,11.0741,10.4629,10.2024,10.3066,10.3013,9.4702,10.2110,10.4296,7.9212,9.8109,9.7153,8.7873,7.5441,7.7507,13.2279,9.2799,7.7305,7.3132,6.0412,4.8751,6.3273,7.1328,7.6614,7.2879,3.4156,6.5566,6.2862,6.4504,8.9276,7.0343,6.9064,6.1256,5.9240,6.0356,5.3704,5.8623,7.5428,7.7304,5.1967,5.4958,6.3107,6.5251,6.1563,5.3969,4.1808,6.7257,6.3351,6.4068,6.0004,7.4844,10.2642,9.5053,6.4477,5.0935,5.9993,5.3993,8.3726,6.7537,8.5877,5.4057,7.9664,10.2357,10.2939,9.3617,4.5758,6.1988,6.6683,6.0199,6.2373,5.4016,5.5940,8.8187,5.7524,5.9784,8.4598,9.2253,6.7626,8.5141,4.9954,10.7371,5.8464,5.2063,6.5288,4.8826,6.3319,4.0141,4.8484,7.7485,7.1059,7.3048,3.5770,7.3681,5.5168,8.1084,10.0149,11.7690,10.8009,12.2323,8.6871,4.2874,5.7090,6.1343,7.0042,7.9822,10.6974,9.4923,9.0717,11.0311,7.7848,8.1535,7.2691,8.8152,7.0976,7.2683,9.1405,5.0696,6.0494,9.9226,8.0937,7.0947,7.7046,6.8846,7.6556,8.1101,5.5920,7.4646,8.7326,6.9201,6.5028,6.5922,10.2458,8.2808,7.9439,8.7944,8.4836,6.2743,8.7679,6.4356,8.0511,7.3296,4.1051,5.2230,6.2158,7.4411,7.2152,6.7645,5.1136,5.5948,4.9953,7.8520,7.1189,5.3643,5.3881,7.0186,4.8359,6.7921,5.0688,5.0633,5.0593,5.0569,5.0558,5.0558,5.0577,5.0606,5.0652,5.0709,5.0780,5.0865,5.0963,5.1075,5.1200,5.1338,5.1489,5.1653,5.1831,5.2023,5.2228,5.2447,5.2680,5.2929,5.3192,5.3470,5.3764,5.4074,5.4401,5.4745,5.5107,5.5487,5.5886,5.6304,5.6743,5.7202,5.7683,5.8186,5.8711,5.9259,5.9830,6.0425,6.1044,6.1688,6.2356,6.3048,6.3762,6.4488,6.5189,6.5761
45121.2083333,6.9113,11.2270,10.9797,11.1658,16.8213,9.6327,12.8754,9.5873,12.5351,8.8834,9.6156,9.9266,6.5726,10.3455,12.0163,11.6714,13.2874,12.7826,8.6248,8.6238,13.1229,9.1207,6.9650,10.0017,9.9526,15.4990,10.1528,8.1004,11.8730,8.8685,11.6504,11.2168,11.4115,11.1528,11.3663,10.2388,11.4213,11.7530,8.5243,10.8963,10.9206,9.7337,8.3254,8.6255,14.3937,10.8310,8.8237,7.9875,6.5748,5.2055,6.8352,7.7571,8.2390,7.8259,3.5838,7.3583,6.9240,6.9656,9.4240,7.3823,7.1817,6.3352,6.2355,6.4371,5.5546,6.1252,7.9129,7.9547,5.1669,5.4555,6.4228,6.7750,6.3271,5.3232,3.8887,6.9592,6.5313,6.7490,6.3015,7.7599,10.3010,9.6058,6.4421,4.9135,5.9406,5.2808,8.4723,6.7469,8.7132,5.2773,8.0709,10.3238,10.3815,9.5595,4.4606,6.1923,6.6955,5.9446,6.2164,5.3516,5.5593,8.8714,5.3576,5.5717,8.0449,8.8073,6.3877,7.9524,4.5401,10.3975,5.3483,4.7196,5.9818,4.3993,5.7731,3.5887,4.3477,7.1494,6.5213,6.6971,3.1172,6.6815,4.8706,7.4355,9.5434,11.4881,10.3876,11.8223,8.0932,3.7609,5.1171,5.5497,6.4533,7.5103,10.4417,9.2116,8.7858,10.9982,7.4294,7.8742,6.9520,8.6589,6.8032,6.9802,9.0908,4.7586,5.7553,10.0498,8.0394,6.9368,7.6541,6.7689,7.7355,8.5027,5.4462,7.5861,9.2185,7.0168,6.5137,6.6630,10.8540,8.6728,8.2506,9.2292,8.7838,6.3960,9.2292,6.6499,8.7333,7.8564,4.1495,5.3233,6.5477,8.0854,7.8429,7.1713,5.3550,5.9048,5.2631,8.3548,7.4773,5.6164,5.6398,7.3192,5.0427,7.0735,5.2970,5.2823,5.2682,5.2551,5.2429,5.2316,5.2217,5.2130,5.2058,5.2000,5.1958,5.1931,5.1921,5.1926,5.1947,5.1984,5.2036,5.2104,5.2186,5.2283,5.2394,5.2519,5.2658,5.2812,5.2979,5.3160,5.3353,5.3561,5.3781,5.4014,5.4261,5.4521,5.4794,5.5080,5.5380,5.5693,5.6020,5.6361,5.6716,5.7086,5.7471,5.7870,5.8286,5.8717,5.9164,5.9628,6.0106,6.0594,6.1067,6.1455
45121.2500000,6.6552,10.9741,10.6618,10.8528,16.8169,9.2012,12.6157,9.4229,12.5107,8.6123,9.3681,9.7039,6.3125,10.0601,11.8883,11.5170,13.2902,12.7461,8.2690,8.2719,13.1179,8.8026,6.6071,9.7493,9.6882,15.8030,9.9112,7.7399,11.9602,8.5786,11.9933,11.6787,12.2400,11.6191,12.0091,10.6100,12.1832,12.6314,8.7720,11.7784,11.8713,10.4079,8.8372,9.2227,15.3545,12.1749,9.7393,8.7229,7.1872,5.6338,7.4551,8.5073,8.9703,8.5259,3.9010,8.3462,7.7594,7.6816,10.1494,7.9229,7.6370,6.7177,6.7147,7.0075,5.9102,6.5442,8.4114,8.3342,5.2057,5.4567,6.5271,6.9981,6.4873,5.2899,3.7120,7.1495,6.6774,7.0042,6.5192,7.9530,10.2641,9.6089,6.3544,4.7459,5.8795,5.1944,8.5692,6.7568,8.8401,5.1976,8.1708,10.4002,10.4500,9.7286,4.3887,6.2038,6.7280,5.8888,6.1921,5.3029,5.5140,8.8694,5.2117,5.3732,7.7654,8.4763,6.0809,7.5853,4.2597,10.0842,4.9447,4.3341,5.5162,4.0106,5.2998,3.2619,3.9666,6.6457,6.0495,6.2224,2.8651,6.1952,4.4646,6.9415,9.1598,11.2109,9.9693,11.3622,7.5206,3.3585,4.6178,5.0285,5.9132,6.9855,10.0243,8.7786,8.3535,10.7468,6.9761,7.4870,6.5747,8.3820,6.4596,6.6472,8.9165,4.4757,5.4750,10.0430,7.8988,6.7400,7.5408,6.6260,7.7200,8.7280,5.2818,7.5788,9.4906,6.9650,6.5108,6.6930,11.3383,8.9300,8.4521,9.5374,8.9726,6.4303,9.5665,6.7729,9.2792,8.2625,4.1658,5.4956,6.8579,8.6347,8.3423,7.4609,5.4871,6.0935,5.4128,8.7211,7.6984,5.7247,5.7462,7.4803,5.1060,7.2326,5.4159,5.4212,5.4240,5.4246,5.4232,5.4201,5.4160,5.4108,5.4050,5.3986,5.3921,5.3855,5.3790,5.3728,5.3671,5.3619,5.3574,5.3537,5.3508,5.3490,5.3482,5.3486,5.3501,5.3530,5.3570,5.3624,5.3692,5.3773,5.3867,5.3975,5.4097,5.4232,5.4381,5.4542,5.4717,5.4906,5.5107,5.5321,5.5548,5.5787,5.6040,5.6304,5.6582,5.6872,5.7175,5.7490,5.7817,5.8151,5.8476,5.8738
45121.2916667,5.8979,10.1218,9.7339,9.8435,15.9496,7.9785,11.4050,8.2772,11.5031,7.4692,8.2193,8.5888,5.2875,8.9595,10.9095,10.5681,12.4834,11.9147,7.2745,7.3363,12.4086,7.8443,5.7160,8.8992,8.8325,15.3184,8.9097,6.7125,11.2791,7.6756,11.6074,11.3725,12.2391,11.2958,11.7738,10.1190,11.9603,12.4210,7.9972,11.5482,11.6001,9.8657,8.0913,8.5527,15.1332,12.2456,9.4676,8.4086,6.8645,5.2171,7.2396,8.4134,8.8790,8.3946,3.4263,8.4757,7.8183,7.6574,10.1617,7.6826,7.3068,6.2992,6.3496,6.7638,5.5609,6.3030,8.3505,8.2811,5.0587,5.3360,6.4391,6.8694,6.1998,4.8534,3.2427,6.8297,6.1945,6.4858,5.8026,7.0786,9.1580,8.3693,4.9393,3.2545,4.3367,3.6602,7.1256,5.2219,7.3851,3.6667,6.7052,8.9249,9.0102,8.3892,3.0024,4.9106,5.4969,4.6560,4.9481,4.0748,4.3232,7.6801,4.3491,4.4603,6.7516,7.3676,4.9801,6.4770,3.3592,9.1955,4.0831,3.5750,4.7163,3.2647,4.4268,2.5222,3.1159,5.6127,4.9779,5.1159,2.0275,5.1407,3.5083,5.8849,8.0828,10.1856,8.8251,10.1568,6.2428,2.3752,3.5662,3.9871,4.8593,5.9013,8.9309,7.6578,7.2414,9.7133,5.8162,6.3722,5.5257,7.4119,5.4762,5.6869,8.0318,3.6133,4.6261,9.3418,7.0458,5.8470,6.7162,5.8809,7.1497,8.3775,4.7352,7.1057,9.1691,6.3682,5.8727,6.0094,11.0218,8.3094,7.7507,8.8854,8.2217,5.4999,8.8593,5.9031,8.7972,7.7668,3.5029,5.0265,6.5611,8.5981,8.2443,7.2032,5.0502,5.6776,4.9257,8.3956,7.2154,5.0400,4.9597,6.6834,4.1654,6.2735,4.3322,4.3467,4.3611,4.3751,4.3883,4.4001,4.4115,4.4216,4.4308,4.4388,4.4459,4.4520,4.4571,4.4612,4.4642,4.4660,4.4669,4.4665,4.4652,4.4628,4.4597,4.4558,4.4513,4.4465,4.4412,4.4352,4.4294,4.4241,4.4191,4.4144,4.4102,4.4064,4.4031,4.4005,4.3988,4.3986,4.3972,4.3971,4.3978,4.3993,4.4016,4.4047,4.4084,4.4124,4.4150,4.4106,4.4121,4.4139,4.4125,4.4114
45121.3333333,4.5943,8.6933,8.3295,8.3856,14.6330,6.5095,9.7888,6.5160,9.7850,5.7721,6.4309,6.7422,3.5964,6.8751,8.8266,8.5187,10.4562,9.7703,5.2049,5.3775,10.6415,6.0020,4.0893,7.2293,7.1444,13.9816,7.1899,5.0150,9.7611,6.0130,10.2315,10.0116,10.9963,9.7126,10.3376,8.6164,10.7783,11.2502,6.4100,10.3696,10.3545,8.4459,6.4753,7.0005,14.0006,11.0667,7.9929,6.9607,5.3902,3.8261,5.9389,7.1167,7.5185,6.9736,1.9733,7.2868,6.6620,6.5481,9.2297,6.5481,6.1322,5.0235,5.0331,5.5161,4.3438,5.0150,7.0655,7.0821,4.1637,4.7947,6.0945,6.5290,5.7007,4.1369,2.6922,6.3008,5.4651,5.7539,4.8421,6.0177,8.0509,7.0689,3.4549,1.8283,2.5583,1.8849,5.1741,3.1505,5.1946,1.5870,4.3400,6.4231,6.4541,5.7422,0.5702,2.3099,2.9128,2.2611,2.4445,1.6390,1.8742,5.1053,2.0844,2.2401,4.3671,4.9725,2.7113,4.1932,1.4007,7.1641,2.2558,1.8999,3.1323,1.8276,2.8901,1.2125,1.6007,3.9782,3.3723,3.5206,0.7828,3.5639,1.9493,4.1870,6.2642,8.3941,6.9570,8.2711,4.3434,0.9259,1.9652,2.3281,3.0759,4.0469,6.8799,5.6528,5.3025,7.7868,3.9674,4.4011,3.6547,5.6112,3.7658,4.0213,6.3738,2.1761,3.1445,7.9003,5.5231,4.3364,5.2046,4.4296,5.8177,7.1880,3.6526,6.0621,8.2393,5.3079,4.7159,4.7248,10.1717,6.9980,6.4682,7.5890,7.0001,4.0652,7.4228,4.3533,7.2768,6.2512,2.0284,3.5420,5.1507,7.4704,7.0949,6.2034,3.7962,4.4727,3.7131,7.3267,6.3133,3.9056,3.6734,5.3685,2.7277,4.6674,2.3903,2.4334,2.4707,2.5060,2.5378,2.5641,2.5885,2.6092,2.6276,2.6425,2.6545,2.6641,2.6709,2.6761,2.6800,2.6820,2.6834,2.6834,2.6830,2.6859,2.6798,2.6752,2.6693,2.6626,2.6544,2.6449,2.6341,2.6220,2.6085,2.5933,2.5770,2.5592,2.5400,2.5192,2.4973,2.4735,2.4476,2.4123,2.3321,2.2812,2.2265,2.1657,2.1067,2.0482,1.9906,1.9348,1.8809,1.8293,1.7761,1.7359
45121.3750000,0.6221,4.5369,4.5470,4.7608,11.2452,3.3609,6.5859,3.4961,6.9580,3.2407,3.9277,4.3278,1.5993,3.8029,5.7589,5.6222,7.9786,6.6846,2.5469,2.3109,7.5913,2.8494,1.3491,4.4460,4.3756,11.4054,4.4228,2.4946,7.3577,3.6376,7.9231,7.7304,8.8378,6.7897,6.8665,4.7891,7.5373,8.6423,3.8314,8.1126,8.0093,6.2285,4.1616,4.8174,12.1566,9.0523,5.7656,4.7964,3.2871,2.0213,4.3502,4.7772,4.9987,3.9062,-0.6706,4.2899,3.5612,3.7120,6.5470,3.8462,3.9180,2.1261,2.1613,2.8532,2.1750,2.6586,5.0801,4.3636,1.1515,3.1598,4.8789,5.4160,4.7368,2.8594,1.8892,5.4264,4.3778,4.7621,3.6386,4.7999,7.1513,5.9506,1.9934,1.1484,0.6279,0.1788,3.2329,1.1957,2.8934,-0.3591,1.6079,3.3270,3.6036,2.8002,-2.5275,-1.2023,-0.5682,-0.8012,-0.8888,-1.0179,-1.5835,1.5023,-1.8368,-1.1056,0.6257,0.9300,-1.8097,-0.0372,-2.4271,3.1964,-1.3894,-1.5903,-0.2102,-1.0982,0.2236,-1.0714,-1.3567,0.8449,0.4611,0.6877,-1.3587,1.4924,-0.3513,1.7607,3.6202,5.8391,4.4934,5.8148,1.9440,-0.8488,0.0087,0.2786,0.8924,1.7317,3.8579,2.7683,2.5190,5.2126,1.3457,1.3758,0.8850,2.8714,1.2809,1.6176,3.9537,0.2603,1.1668,5.7706,3.3684,2.2379,3.0708,2.4243,3.9245,5.3297,2.2096,4.5953,6.9073,3.8546,3.1992,2.9391,9.6373,5.0734,4.8516,5.5461,5.1319,2.3576,4.9675,2.2713,4.5865,3.5096,-0.3719,1.0018,2.4383,5.2263,4.4987,4.3840,1.4631,2.2099,1.4693,5.2260,4.9651,2.3176,1.9332,3.6862,1.0581,2.6432,-0.3668,-0.2499,-0.1422,-0.0442,0.0471,0.1273,0.2018,0.2681,0.3275,0.3797,0.4252,0.4648,0.4973,0.5258,0.5486,0.5655,0.5791,0.5869,0.5910,0.5909,0.5870,0.5793,0.5678,0.5530,0.5348,0.5133,0.4887,0.4608,0.4266,0.3615,0.1873,0.0677,-0.0475,-0.1585,-0.2774,-0.3903,-0.5029,-0.6119,-0.7241,-0.8327,-0.9389,-1.0458,-1.1505,-1.2543,-1.3567,-1.4571,-1.5555,-1.6509,-1.7494,-1.8234
45121.4166667,-6.1897,-3.0582,-2.5580,-2.1573,5.8550,-3.5032,-0.6526,-2.7658,1.3386,-2.9126,-2.1360,-1.4388,-3.1650,-1.4815,0.5776,0.9277,4.5374,2.3098,-0.3910,-1.3281,3.9814,-0.3450,-1.4681,1.3643,1.2011,8.5842,-0.1457,-1.8969,2.6595,-1.3287,2.3866,3.0968,5.3664,3.3435,3.2045,0.4310,1.4574,1.7126,-2.4606,2.9720,1.4733,0.2670,-1.5591,-0.5769,8.7919,3.7293,0.0480,-0.2676,-0.9875,-1.6054,2.0026,2.1029,2.1581,0.8089,-3.9981,0.1067,-1.3874,-0.3053,2.1509,-2.4664,-0.8338,-3.7416,-3.6654,-2.7524,-2.3431,-1.9149,1.8182,1.0593,-3.4257,0.0317,2.2510,1.9990,2.2820,0.2166,-0.0637,4.1825,1.3695,3.3981,-0.1601,0.6418,5.6942,3.4079,-2.9264,-1.8708,-4.4351,-4.3580,-1.5502,-3.3667,-1.9167,-3.1369,-1.7810,-1.5364,-1.2653,-2.4380,-7.3469,-7.3339,-6.4614,-5.8725,-6.1265,-4.5477,-6.2607,-2.1846,-7.2173,-5.2870,-3.7909,-3.9649,-7.1037,-6.2679,-8.0508,-2.5622,-6.5235,-6.3660,-5.1774,-5.3909,-3.2155,-3.9827,-5.4915,-3.9028,-3.2997,-3.8965,-5.7146,-2.8129,-4.9685,-2.5888,-2.2249,0.1904,-1.1362,0.3562,-3.6406,-5.7833,-4.7193,-4.3852,-3.5060,-2.4199,-0.9332,-2.5396,-2.0920,1.7816,-1.7431,-2.8292,-3.0754,-0.9198,-2.3269,-2.7180,-0.4688,-3.7318,-2.6040,1.5760,-0.7895,-2.8870,-1.3816,-2.0637,-0.0540,1.7687,-0.6866,1.5278,5.0756,0.4785,0.9825,-0.7622,7.5744,2.5066,2.0893,0.8239,1.9246,-1.1753,0.6377,-0.8496,0.7179,-0.2786,-3.4963,-2.4978,-1.6994,1.6769,0.6906,1.2953,-2.5054,-0.9847,-2.6307,2.5297,2.1185,-0.6072,-1.0527,0.8633,-1.5594,-0.4426,-4.5418,-4.3096,-4.0835,-3.8656,-3.6553,-3.4589,-3.2712,-3.0966,-2.9354,-2.7887,-2.6561,-2.5371,-2.4320,-2.3382,-2.2563,-2.1857,-2.1243,-2.0754,-2.0652,-2.2592,-2.3632,-2.5042,-2.6281,-2.7483,-2.8538,-2.9761,-3.0887,-3.2043,-3.3224,-3.4339,-3.5558,-3.6726,-3.7917,-3.9083,-4.0318,-4.1537,-4.2778,-4.4015,-4.5291,-4.6559,-4.7825,-4.9107,-5.0383,-5.1658,-5.2927,-5.4184,-5.5427,-5.6643,-5.7908,-5.8855
45121.4583333,-13.2092,-11.7547,-10.5801,-9.8799,-0.4940,-11.6475,-9.6150,-10.5811,-4.8915,-9.6447,-9.9286,-10.1163,-10.4038,-10.1581,-9.2209,-8.2405,-2.0646,-4.7411,-4.6814,-5.9748,-1.7613,-6.0699,-6.4444,-3.7668,-3.2900,6.2457,-4.3660,-6.2446,-0.5601,-5.1342,-0.8601,-1.5303,1.8664,0.4474,0.2167,-3.3315,-2.5558,-4.9749,-9.7809,-2.9911,-5.5162,-8.7039,-10.2924,-9.1069,3.8025,-3.0771,-7.4853,-7.1471,-7.3881,-6.8703,-1.8863,-1.3031,-1.2074,-1.8234,-6.0190,-3.4656,-5.8685,-2.5400,-0.5468,-7.7805,-5.1900,-9.4802,-9.7376,-8.8211,-6.6503,-7.1791,-3.3141,-4.0558,-8.3448,-4.1416,0.1439,-1.2105,0.0021,-3.4524,-2.7613,2.5057,-2.6337,1.6960,-4.4453,-3.1457,5.7087,2.2131,-6.1818,-4.4330,-8.5624,-7.7472,-6.0739,-8.9547,-4.8609,-6.4053,-5.4246,-4.9834,-4.7986,-6.6971,-10.4797,-12.4746,-12.0455,-10.5460,-11.4115,-8.4584,-10.9476,-7.4327,-13.9627,-11.2049,-9.6791,-9.7865,-12.3310,-13.0174,-14.2596,-9.0826,-11.4563,-10.5341,-9.8131,-10.3145,-7.3995,-7.3634,-10.4157,-9.6602,-7.9001,-8.3129,-9.6926,-7.1211,-9.7837,-7.4993,-9.1605,-5.3335,-6.5957,-4.4699,-8.2761,-9.8300,-8.7930,-8.6945,-7.4977,-5.8604,-4.1996,-7.9529,-8.7590,-4.2116,-6.1709,-6.7891,-8.4585,-5.6725,-6.6651,-8.0628,-5.0322,-8.1182,-6.6106,-1.3367,-4.1323,-6.5932,-4.5268,-6.4203,-5.2713,-3.2243,-4.5282,-2.3195,1.5410,-3.6269,-2.8675,-5.4538,4.6358,-0.1243,-1.2039,-3.5677,-1.4919,-4.0008,-2.1774,-4.1549,-3.6988,-4.4940,-6.6482,-6.0571,-6.3126,-2.1966,-3.1581,-1.5907,-6.2050,-3.7618,-6.4055,0.6308,-0.0568,-2.7120,-3.1995,-1.2024,-3.3497,-3.2385,-8.3700,-8.8174,-9.1998,-9.5019,-9.7123,-9.8346,-9.8689,-9.8328,-9.7428,-9.6161,-9.4412,-9.1364,-8.8623,-8.5871,-8.3660,-8.1653,-8.0056,-7.8848,-7.7805,-7.7182,-7.6626,-7.6365,-7.6109,-7.5963,-7.5821,-7.5872,-7.5935,-7.6095,-7.6348,-7.6634,-7.7062,-7.7526,-7.8071,-7.8660,-7.9350,-8.0081,-8.0875,-8.1712,-8.2617,-8.3558,-8.4536,-8.5561,-8.6618,-8.7707,-8.8824,-8.9962,-9.1115,-9.2271,-9.3514,-9.4425
45121.5000000,-20.5722,-21.3693,-18.4571,-16.4026,-8.6601,-19.6752,-20.2978,-21.6420,-14.3658,-16.3544,-16.7649,-18.8066,-17.6821,-16.8491,-17.1176,-19.1062,-13.4280,-17.1033,-16.4201,-17.6373,-11.6528,-16.3191,-14.7660,-12.8244,-10.7718,-0.4996,-9.6402,-12.6318,-6.0754,-11.0958,-6.4757,-8.2087,-3.9076,-4.6497,-2.9180,-5.6062,-3.9600,-6.3056,-12.4097,-5.1232,-8.2387,-13.6063,-17.1795,-16.4346,-1.1172,-11.0074,-16.0480,-15.4909,-16.8408,-15.9394,-11.5114,-9.8209,-8.6571,-9.7081,-12.3196,-11.0518,-11.3676,-4.8011,-2.1593,-8.7661,-7.0976,-12.3914,-15.5686,-15.2827,-12.8038,-13.0966,-7.8414,-8.2649,-14.3794,-9.9123,-5.6571,-7.4105,-5.6530,-7.3570,-5.3961,0.9391,-4.3163,0.7083,-8.3977,-7.5032,5.9184,1.2429,-6.8796,-7.3161,-14.0134,-12.6623,-8.5723,-13.6104,-7.8347,-9.2462,-8.7660,-8.2196,-8.2447,-11.2599,-14.6829,-18.6687,-18.2297,-14.6070,-18.2366,-15.4574,-16.2882,-13.7313,-18.4083,-15.9287,-14.7397,-15.0257,-16.9932,-17.9632,-19.6183,-16.7305,-18.4868,-17.5410,-14.7151,-15.8413,-12.8820,-11.5209,-15.7311,-13.3712,-11.8129,-12.2240,-13.3925,-11.6511,-13.2298,-12.4578,-14.3516,-12.3543,-13.3049,-10.3511,-13.4076,-12.8119,-12.6458,-13.8397,-13.8744,-12.6539,-10.2826,-12.6767,-12.7505,-9.4825,-11.9071,-11.9321,-12.6079,-10.0755,-10.4601,-11.4318,-9.1673,-11.8042,-10.4650,-5.1218,-10.4239,-11.5524,-10.1508,-11.0806,-9.8604,-8.7092,-7.8422,-3.6471,-1.2424,-4.6962,-6.6540,-9.1037,0.7830,-4.3322,-6.4319,-9.1252,-6.5687,-7.4585,-6.7006,-8.8602,-9.5599,-9.9392,-10.5811,-10.6008,-11.8062,-7.5416,-8.0699,-5.1327,-10.3160,-6.8381,-9.4977,-2.0058,-2.7373,-5.1164,-5.5299,-3.3688,-5.0258,-5.5119,-9.5112,-9.8896,-10.2698,-10.6531,-11.0391,-11.4325,-11.8237,-12.2146,-12.6017,-12.9804,-13.3276,-13.5732,-13.8086,-13.9993,-14.1703,-14.2918,-14.3739,-14.4160,-14.4066,-14.3686,-14.2850,-14.1778,-14.0348,-13.8695,-13.6818,-13.4909,-13.2909,-13.0934,-12.9034,-12.7213,-12.5578,-12.4085,-12.2781,-12.1650,-12.0733,-11.9986,-11.9417,-11.9003,-11.8752,-11.8632,-11.8633,-11.8753,-11.8973,-11.9288,-11.9688,-12.0163,-12.0705,-12.1301,-12.2060,-12.2585
45121.5416667,-25.6643,-28.3011,-24.0445,-21.4085,-14.7225,-22.5781,-25.2258,-28.5116,-21.8043,-21.0471,-21.8383,-24.2600,-22.2831,-22.2389,-23.2587,-25.1325,-21.0955,-24.3202,-22.2491,-24.0865,-19.6963,-25.1809,-22.4122,-24.3569,-19.9822,-10.6601,-17.9673,-20.4770,-13.7714,-18.8552,-12.6695,-14.9908,-9.9926,-7.6431,-6.0022,-8.8048,-6.8966,-9.0938,-16.0466,-7.3997,-9.8159,-13.8497,-19.8527,-19.6389,-2.6106,-15.8451,-19.7525,-18.1578,-20.8684,-19.8348,-15.4079,-15.9430,-15.6018,-15.9887,-17.4123,-21.6678,-21.0774,-11.6445,-6.7749,-12.5901,-11.1595,-15.1833,-21.1510,-20.8756,-17.4327,-17.0617,-12.4672,-12.6925,-20.4421,-14.8594,-9.6453,-12.5030,-13.5374,-14.7574,-11.0568,-3.6930,-7.9232,-2.2053,-11.5487,-10.6514,7.8995,2.5280,-5.1382,-5.7746,-15.8048,-13.4536,-9.4704,-16.2992,-9.9323,-10.9147,-10.6230,-9.7320,-9.7053,-13.5527,-15.0924,-19.1601,-19.1891,-13.1325,-18.6039,-16.8435,-18.2306,-18.1549,-21.2629,-19.4674,-19.1018,-19.7230,-21.0501,-22.5297,-24.4047,-23.7463,-23.1845,-21.9431,-18.0555,-17.9586,-16.7267,-14.1835,-20.3459,-17.5044,-16.8016,-16.0451,-16.4026,-16.5545,-17.1902,-17.5030,-18.8628,-17.0013,-17.7898,-14.3635,-16.7474,-14.2653,-15.0665,-15.7726,-17.9558,-17.8435,-13.8481,-16.9247,-16.7894,-13.6845,-14.7619,-15.6916,-16.0059,-14.1662,-13.9222,-14.6542,-13.1320,-14.2318,-13.9584,-8.9046,-16.0899,-16.0907,-14.8203,-16.4687,-15.6146,-15.6979,-12.2274,-6.5787,-5.1378,-6.5832,-8.2591,-11.8480,-1.9096,-6.5890,-8.0969,-9.8477,-6.1052,-7.7581,-8.7519,-11.3376,-14.4289,-14.8320,-13.3603,-14.5351,-16.0011,-12.8798,-13.4280,-9.4985,-14.5343,-11.2169,-12.7271,-5.3660,-5.8739,-7.6997,-7.9049,-5.5492,-6.5270,-7.5123,-10.4917,-10.6951,-10.9179,-11.1565,-11.4071,-11.6714,-11.9384,-12.2103,-12.4854,-12.7625,-13.0280,-13.2376,-13.4543,-13.6576,-13.8663,-14.0623,-14.2535,-14.4401,-14.6139,-14.7886,-14.9506,-15.1109,-15.2570,-15.3928,-15.5127,-15.6236,-15.7161,-15.7926,-15.8518,-15.8903,-15.9124,-15.9135,-15.8959,-15.8589,-15.8064,-15.7375,-15.6552,-15.5612,-15.4592,-15.3505,-15.2381,-15.1251,-15.0134,-14.9056,-14.8036,-14.7089,-14.6230,-14.5471,-14.4976,-14.4505
45121.5833333,-25.9336,-26.7966,-23.6110,-20.2366,-13.9107,-19.1806,-23.9204,-26.8510,-22.7431,-20.0288,-21.6668,-24.9043,-22.3868,-24.1435,-25.9843,-27.6980,-24.9840,-27.5217,-23.6965,-25.7583,-22.8402,-28.2245,-22.4265,-29.1319,-23.4839,-16.0788,-24.1314,-25.0161,-19.4749,-24.2774,-21.3745,-23.1273,-17.8742,-11.4890,-8.7906,-10.6760,-7.8950,-9.5158,-16.9754,-7.2264,-8.9650,-11.8914,-19.7181,-20.2227,-2.2264,-17.2667,-19.5030,-16.6980,-20.0506,-18.7792,-14.8997,-16.4793,-16.2766,-15.8540,-15.8555,-25.9086,-25.3008,-17.3199,-9.1370,-14.0720,-12.7613,-15.7503,-23.8345,-24.4804,-20.4304,-17.2354,-14.7783,-15.5419,-24.9767,-18.7056,-12.5669,-12.9396,-13.1862,-17.9348,-12.8482,-7.4244,-11.5104,-8.9760,-16.4985,-14.8148,7.2258,1.9760,-4.8775,-5.3434,-16.7881,-11.8082,-8.1738,-13.2592,-7.9141,-8.4813,-8.4604,-7.4318,-7.4875,-12.2083,-12.5117,-16.5266,-16.6551,-8.7507,-15.0924,-13.8048,-15.2179,-16.6099,-18.0347,-16.6496,-16.9672,-18.0019,-18.9673,-21.3560,-23.2615,-26.7535,-24.6662,-23.7467,-19.4535,-18.3162,-18.2806,-14.6058,-22.1808,-19.7168,-21.5367,-17.7859,-16.2930,-17.9299,-17.6254,-19.2600,-23.8250,-20.5909,-20.3999,-16.1614,-17.4269,-13.1483,-16.1892,-15.8396,-19.1231,-19.8417,-14.6543,-18.0028,-20.1796,-15.9769,-15.1403,-16.1999,-15.9143,-14.2077,-12.9061,-13.7808,-13.4924,-12.9896,-13.4479,-9.2910,-18.0046,-17.4165,-15.9168,-18.3666,-18.4878,-20.5167,-14.6436,-9.1592,-8.5771,-8.1416,-9.2590,-13.4958,-3.8691,-7.7335,-8.4875,-9.2387,-4.3461,-6.2428,-8.0054,-10.7087,-15.4589,-16.0022,-12.7398,-15.1074,-17.2475,-15.5108,-16.0935,-11.0803,-14.1279,-12.3842,-13.2599,-6.6638,-6.9888,-8.3110,-8.5100,-6.2791,-6.6196,-8.1616,-10.3325,-10.4229,-10.5155,-10.6102,-10.7066,-10.8098,-10.9111,-11.0155,-11.1235,-11.2360,-11.3453,-11.4233,-11.5126,-11.6005,-11.7001,-11.7998,-11.9052,-12.0161,-12.1272,-12.2474,-12.3675,-12.4947,-12.6208,-12.7485,-12.8744,-13.0035,-13.1298,-13.2553,-13.3795,-13.5003,-13.6202,-13.7359,-13.8482,-13.9557,-14.0593,-14.1569,-14.2485,-14.3327,-14.4099,-14.4783,-14.5375,-14.5872,-14.6267,-14.6558,-14.6742,-14.6818,-14.6791,-14.6666,-14.6608,-14.6338
45121.6250000,-24.5449,-25.0334,-21.5057,-20.8823,-12.2869,-14.9981,-20.3267,-24.4802,-19.4092,-14.9631,-16.4091,-19.3249,-16.1074,-19.1806,-21.7846,-23.1818,-22.6367,-25.5217,-20.7551,-23.3202,-22.4806,-26.9865,-20.5132,-26.3197,-23.3037,-16.9287,-24.8836,-24.2893,-21.2906,-24.2213,-25.4991,-27.6258,-24.2254,-16.3126,-12.4639,-11.7985,-7.9923,-8.8952,-16.1628,-5.9811,-6.9324,-8.5163,-16.0462,-14.9787,0.1998,-16.3246,-17.3095,-13.6314,-16.8910,-12.9788,-11.4567,-14.1109,-14.2155,-13.3138,-12.1535,-25.8161,-25.1718,-18.8350,-8.9126,-12.8742,-11.6074,-13.8064,-22.9366,-24.4596,-20.2589,-18.2392,-14.9248,-14.1959,-25.3376,-20.0214,-13.8165,-15.4384,-14.7609,-16.6463,-8.3013,-6.4450,-9.3904,-9.5006,-15.8294,-10.3585,9.4186,4.0154,-2.3715,-3.0873,-12.0095,-8.9484,-6.4728,-10.6839,-6.4470,-6.7028,-6.5950,-4.9008,-4.2971,-8.6986,-9.0235,-11.0169,-9.8960,-1.0954,-7.4743,-6.8699,-8.4202,-10.7049,-10.9742,-10.1347,-10.3700,-11.8001,-12.6894,-15.5609,-17.2580,-23.8468,-20.4676,-20.0576,-16.2370,-14.4892,-15.5396,-11.6233,-17.4197,-17.7117,-21.5029,-19.3493,-14.6562,-17.6140,-16.3305,-18.7696,-23.1221,-22.3306,-21.8046,-17.4317,-17.5739,-12.6535,-14.6574,-16.1165,-19.1513,-20.3253,-15.0127,-17.9164,-19.3070,-16.7721,-14.4777,-15.8420,-14.7661,-15.1952,-13.1425,-12.2109,-11.9773,-10.8039,-11.6861,-7.2485,-15.6539,-14.3671,-13.2763,-15.0686,-16.5214,-20.5622,-11.8942,-8.7109,-9.1589,-7.6960,-8.6608,-13.2807,-4.8118,-9.4518,-7.8681,-7.9720,-2.6446,-4.6905,-6.7742,-10.7213,-14.4232,-14.3989,-9.7577,-12.1804,-14.9145,-14.5154,-15.1748,-9.6967,-11.3082,-10.6202,-10.9463,-5.4456,-5.5314,-6.4182,-6.6159,-4.6299,-4.5762,-6.3489,-7.9687,-8.0010,-8.0355,-8.0727,-8.1128,-8.1619,-8.2099,-8.2623,-8.3192,-8.3804,-8.4406,-8.4803,-8.5267,-8.5709,-8.6209,-8.6688,-8.7180,-8.7685,-8.8171,-8.8700,-8.9217,-8.9777,-9.0334,-9.0913,-9.1500,-9.2134,-9.2784,-9.3469,-9.4191,-9.4940,-9.5737,-9.6563,-9.7426,-9.8318,-9.9247,-10.0199,-10.1175,-10.2168,-10.3178,-10.4195,-10.5215,-10.6236,-10.7250,-10.8253,-10.9240,-11.0205,-11.1141,-11.2032,-11.3004,-11.3534
45121.6666667,-19.1344,-22.3014,-19.4025,-19.0917,-10.0102,-12.5027,-15.7658,-19.4855,-16.0218,-10.5869,-11.3997,-13.2669,-9.3114,-13.7780,-16.7103,-16.6863,-15.2430,-17.1546,-11.7631,-14.9048,-15.2076,-18.4066,-13.2439,-19.0494,-18.5213,-14.1088,-20.9591,-19.9930,-21.0375,-21.7510,-26.1646,-28.4513,-26.4942,-18.9069,-15.8819,-13.9091,-10.7317,-10.3842,-14.6251,-4.9299,-3.1912,-5.0150,-9.8372,-7.6535,6.1082,-10.6763,-10.9617,-7.3604,-10.6471,-7.0341,-5.8231,-8.4459,-8.6966,-7.5852,-5.7971,-21.4073,-21.0685,-15.9542,-5.9487,-8.9383,-7.4196,-9.6416,-18.0974,-20.5325,-16.6675,-16.5752,-15.5070,-13.5067,-22.8538,-18.2980,-13.8559,-15.6940,-15.0453,-15.2513,-7.3314,-7.3806,-8.2061,-8.8704,-13.4017,-6.0945,12.4916,7.9151,0.6081,0.5989,-4.2566,-2.8363,0.9267,-2.3858,1.4273,0.9808,1.0919,3.2794,3.5262,-1.4992,-3.0155,-5.7535,-5.2586,2.1919,-2.6028,-0.7682,-2.1239,-2.7501,-3.7095,-3.5949,-2.5228,-3.3660,-4.7470,-6.4474,-7.9535,-15.8664,-12.0667,-12.1124,-10.0430,-8.1663,-8.7088,-5.8316,-10.4368,-11.0533,-14.9051,-13.9891,-8.9819,-12.9863,-12.3641,-15.9492,-19.6025,-19.4686,-18.7060,-14.8480,-14.2869,-9.2647,-11.9262,-13.4078,-16.8633,-18.7921,-14.7148,-16.9977,-17.6201,-16.3497,-13.5366,-15.0196,-13.4484,-14.5737,-12.1937,-10.6182,-10.6131,-8.5724,-10.0710,-6.7260,-14.0302,-12.5160,-12.4920,-12.8584,-13.9446,-17.7711,-8.6385,-7.4209,-6.9938,-4.8947,-5.1799,-9.3002,-2.0489,-6.7333,-4.3440,-4.0189,1.1328,-1.6474,-3.2029,-7.4398,-11.3225,-11.6114,-6.2068,-8.8665,-11.3007,-11.4451,-11.8593,-6.3591,-6.9641,-7.2688,-7.3662,-1.9437,-1.6342,-2.1939,-2.2784,-0.3970,-0.2930,-1.7914,-3.1610,-3.2003,-3.2555,-3.3237,-3.4020,-3.4931,-3.5833,-3.6753,-3.7666,-3.8554,-3.9365,-3.9966,-4.0532,-4.1008,-4.1453,-4.1826,-4.2160,-4.2465,-4.2731,-4.3007,-4.3264,-4.3542,-4.3816,-4.4103,-4.4396,-4.4719,-4.5053,-4.5408,-4.5786,-4.6179,-4.6601,-4.7041,-4.7503,-4.7985,-4.8494,-4.9024,-4.9578,-5.0156,-5.0761,-5.1391,-5.2045,-5.2728,-5.3437,-5.4172,-5.4933,-5.5718,-5.6524,-5.7334,-5.8277,-5.8767
45121.7083333,-11.6145,-16.3956,-14.1900,-14.2992,-7.7387,-8.5290,-12.3406,-14.7855,-12.1882,-7.4672,-8.5513,-10.2790,-6.5985,-10.8278,-13.9522,-13.6764,-12.4824,-13.2190,-7.2511,-8.8819,-9.8909,-10.9023,-6.0941,-11.1991,-10.7163,-7.4267,-12.6975,-11.3036,-14.8632,-14.6062,-21.4009,-24.6045,-25.0404,-18.4684,-16.5743,-14.7219,-12.0272,-11.9219,-14.7347,-7.5690,-6.1450,-7.0464,-10.3401,-8.1479,6.3801,-7.5542,-6.7903,-2.4396,-4.8599,-1.5612,-0.7720,-2.1597,-2.1892,-1.7672,0.0527,-14.0559,-13.7224,-9.6455,-0.8519,-4.1090,-3.0009,-4.8058,-11.7689,-14.3295,-10.0290,-11.3274,-11.6190,-10.7577,-18.8844,-16.0881,-13.5045,-14.6869,-14.5048,-14.1321,-6.9360,-7.9914,-8.8549,-9.3890,-12.4301,-5.3399,11.4819,7.3839,-0.0475,-0.0564,-2.7049,-2.1141,2.3162,-0.2540,3.5575,2.2193,3.2394,7.1162,8.1732,3.9236,2.0611,0.4426,1.0101,6.7788,3.1426,4.2622,3.3639,3.7690,2.0669,2.6903,3.8077,3.2697,1.1433,0.2120,-1.2861,-8.1394,-4.1594,-4.2246,-3.0245,-1.4589,-2.2167,0.0415,-3.3990,-4.6364,-7.6002,-7.2448,-2.9173,-6.5951,-6.2772,-9.8440,-14.4784,-15.1251,-14.2448,-11.0321,-9.9019,-5.0909,-7.5681,-8.6827,-11.9666,-14.2595,-12.0887,-14.0729,-14.5465,-14.6185,-11.1518,-12.7892,-11.8582,-13.3248,-10.9805,-9.7562,-10.9729,-7.6578,-9.0075,-7.3484,-12.5055,-10.7741,-11.1470,-10.9376,-12.2056,-15.6035,-6.5177,-6.1381,-6.3007,-4.4794,-4.3126,-6.9744,-1.1799,-4.8957,-2.7371,-2.1694,2.3423,-1.0335,-1.4037,-4.8850,-8.4138,-8.2642,-3.3278,-5.3144,-7.8773,-8.2318,-8.4733,-3.4876,-3.6605,-4.0354,-4.3538,0.3695,0.7522,0.1822,0.1403,1.9682,1.7633,0.9555,-0.3213,-0.2356,-0.1534,-0.0752,-0.0012,0.0620,0.1245,0.1801,0.2282,0.2678,0.3007,0.3344,0.3571,0.3723,0.3766,0.3736,0.3623,0.3435,0.3196,0.2890,0.2552,0.2171,0.1778,0.1374,0.0975,0.0573,0.0187,-0.0186,-0.0544,-0.0881,-0.1208,-0.1518,-0.1818,-0.2108,-0.2397,-0.2684,-0.2973,-0.3268,-0.3574,-0.3889,-0.4218,-0.4563,-0.4924,-0.5303,-0.5701,-0.6118,-0.6552,-0.6995,-0.7592,-0.7835
45121.7500000,-3.5123,-8.4829,-6.9827,-7.4561,-2.9823,-3.1118,-7.1245,-8.9446,-7.7007,-3.4724,-4.6682,-6.3267,-3.2720,-7.1672,-10.3193,-10.2935,-9.9366,-10.6136,-5.2097,-6.5375,-8.2067,-8.1401,-4.1889,-8.4138,-7.8457,-4.9693,-8.3309,-6.5093,-10.0866,-8.5954,-15.4174,-18.3007,-19.7904,-14.0771,-13.2898,-11.7948,-10.4950,-10.4432,-11.7997,-7.0733,-6.2850,-6.9028,-9.3499,-7.8357,5.2508,-7.1979,-6.0546,-1.7088,-3.4229,-0.7075,0.1224,-0.3264,0.5696,1.0204,1.9247,-8.8600,-8.0675,-4.5296,3.0054,0.2962,1.2491,-0.2142,-5.8461,-8.2219,-4.3882,-5.8463,-6.3792,-6.2239,-13.5369,-12.4685,-11.5366,-13.0547,-12.8531,-12.1186,-5.7772,-8.2540,-8.8784,-9.3728,-11.5176,-5.0877,9.6120,6.2980,-0.1887,-0.1609,-1.9160,-1.4759,2.6607,0.6367,4.0421,2.4422,3.8391,8.1203,9.1138,5.3942,2.9662,2.2673,2.9214,7.2412,4.7359,5.3773,5.0321,6.7048,5.6199,6.3891,7.9688,8.0853,5.9076,5.7298,3.9707,-1.0997,2.0155,1.6383,2.4780,3.3239,2.8097,3.9768,1.6797,0.7258,-1.5760,-1.4820,1.3356,-1.0036,-0.9274,-3.8139,-8.1047,-9.1091,-8.1392,-5.4738,-4.3456,-0.6126,-2.6851,-3.7559,-6.5857,-8.9610,-8.1858,-9.7316,-10.0778,-10.9992,-7.2754,-9.0776,-8.3512,-10.3818,-8.1384,-7.3965,-9.4457,-5.6623,-7.2339,-7.6049,-10.9557,-9.3355,-10.2114,-9.7883,-11.2776,-14.4181,-5.8815,-6.4063,-6.9437,-4.9020,-4.2489,-5.8849,-1.4487,-4.2846,-2.3166,-1.4990,2.3384,-0.4879,-0.3297,-2.9093,-6.0428,-5.6084,-1.4663,-2.6903,-4.9359,-5.4922,-5.4175,-1.0413,-1.0041,-1.2770,-1.5783,2.3146,2.8709,2.2724,2.3225,4.1341,3.5792,3.4665,2.1411,2.2530,2.3612,2.4651,2.5633,2.6505,2.7316,2.8026,2.8607,2.9074,2.9445,2.9798,3.0195,3.0680,3.1209,3.1784,3.2376,3.2968,3.3557,3.4115,3.4649,3.5137,3.5588,3.5991,3.6348,3.6644,3.6888,3.7075,3.7205,3.7281,3.7301,3.7272,3.7195,3.7078,3.6921,3.6732,3.6516,3.6277,3.6021,3.5751,3.5473,3.5188,3.4900,3.4610,3.4320,3.4030,3.3743,3.3462,3.3060,3.2955
45121.7916667,3.6788,-0.3200,0.6215,0.0013,3.3342,2.9741,-0.5993,-2.2497,-1.8842,1.4693,0.3129,-1.2497,0.8908,-2.5644,-5.6343,-5.8826,-6.2210,-7.0101,-2.3974,-3.6047,-5.7614,-5.1847,-2.2204,-5.8801,-5.5752,-3.9919,-6.1300,-4.4484,-7.9937,-5.9746,-12.1404,-14.3204,-15.7664,-10.2727,-9.6981,-7.9886,-7.4110,-7.5073,-7.6118,-4.5818,-4.1619,-4.5599,-6.3321,-5.4217,5.2471,-6.1521,-4.9582,-1.2855,-2.6014,-0.5361,0.0767,-0.2058,0.7302,1.2122,1.3531,-6.6513,-5.5599,-2.4394,4.1560,1.9813,2.9719,1.9485,-2.2646,-4.0833,-0.7505,-1.8619,-2.3098,-2.1806,-7.9970,-7.9014,-8.0734,-9.9166,-9.8008,-9.0715,-3.7807,-7.2350,-7.7947,-8.4896,-10.1127,-5.0470,7.6189,4.7682,-0.7289,-0.6079,-1.9511,-1.5279,1.8508,0.1866,3.1923,1.5988,3.2284,7.2987,8.3839,5.3454,2.6135,2.6407,3.3562,6.4549,4.8079,5.0861,5.0410,7.2947,7.1679,7.8680,9.9096,10.2613,8.0597,8.4955,6.4675,3.8149,5.8691,5.5892,6.5387,6.6516,6.7150,6.6674,5.4950,5.3527,3.5055,3.4797,4.4359,3.5436,3.2581,1.2045,-2.4679,-3.6735,-2.7812,-0.6534,0.3008,2.5524,1.4090,0.6327,-1.4144,-3.3927,-3.4841,-4.6951,-5.0489,-6.5071,-3.0862,-4.7432,-4.2170,-6.3546,-4.3986,-4.1227,-6.4274,-2.7988,-4.2779,-5.9010,-7.9893,-6.5619,-7.7768,-7.5186,-9.4509,-12.7015,-5.1161,-6.3207,-7.3417,-5.1634,-4.2680,-5.4861,-2.7134,-4.6191,-2.9822,-2.3221,0.7805,-1.2534,-1.0292,-2.6402,-5.2086,-4.4101,-0.8674,-1.2763,-2.8962,-3.4720,-3.2636,0.3323,0.3775,0.2692,0.1182,3.3058,3.7589,3.0459,3.1495,4.9113,3.9902,4.5237,3.1946,3.3394,3.4824,3.6236,3.7625,3.8962,4.0293,4.1595,4.2849,4.4066,4.5240,4.6414,4.7535,4.8615,4.9644,5.0629,5.1568,5.2456,5.3295,5.4074,5.4799,5.5464,5.6071,5.6618,5.7111,5.7539,5.7912,5.8242,5.8587,5.8950,5.9323,5.9706,6.0091,6.0473,6.0844,6.1200,6.1535,6.1844,6.2124,6.2371,6.2583,6.2759,6.2898,6.2999,6.3063,6.3091,6.3086,6.3053,6.2891,6.2906
45121.8333333,7.9711,5.8274,6.5945,6.1766,9.5268,8.3191,5.9093,4.0661,4.4324,6.6785,5.8243,4.5295,5.4918,3.2072,0.4680,-0.0782,-0.8580,-1.8724,1.5829,0.3608,-1.7589,-1.1736,0.7830,-2.1923,-2.1343,-1.3462,-2.8110,-1.5923,-5.0834,-3.2683,-9.0839,-11.0039,-12.6782,-7.6631,-7.2317,-5.4240,-5.0766,-5.0292,-4.3302,-1.9968,-1.5435,-1.6603,-2.8749,-2.2341,6.6771,-3.6158,-2.5088,0.4584,-0.7410,0.7303,1.1652,0.8751,1.5832,1.9457,1.5048,-4.6914,-3.7132,-1.1246,4.5756,2.6717,3.5394,2.7144,-0.4673,-1.8452,0.8854,0.1723,0.1084,0.5874,-3.6008,-3.6836,-4.1682,-5.9151,-5.7851,-5.2075,-1.0371,-4.5810,-5.0913,-5.8997,-7.1032,-3.0935,7.7915,5.3341,0.6359,0.7224,-0.3548,-0.0937,2.5488,1.0576,3.5610,1.9195,3.4877,7.1442,8.1033,5.4480,2.4294,2.7514,3.4056,5.5899,4.5229,4.5213,4.6212,7.2307,7.7596,8.4145,10.9046,11.4754,9.1583,10.0571,7.4760,7.0022,7.6577,7.3345,8.5716,8.0394,8.7590,7.6771,7.4345,8.4134,6.9720,7.0411,6.2261,7.1035,6.3666,5.5117,2.8027,1.7425,2.3914,4.1048,4.4762,4.8743,4.5452,4.0150,2.6825,1.2581,1.0454,0.0318,-0.2905,-1.6970,1.0277,-0.3303,-0.0599,-1.8833,-0.4133,-0.3831,-2.4520,0.3020,-0.8534,-2.6929,-3.9995,-2.8613,-4.1546,-4.1635,-6.2866,-9.5435,-3.0450,-4.5305,-5.8743,-3.6911,-2.8091,-3.8369,-2.4020,-3.6206,-2.3348,-1.8865,0.5844,-0.8788,-0.8978,-1.9693,-4.4099,-3.6642,-0.7932,-0.9144,-2.0465,-2.5023,-2.1447,0.8042,0.8252,0.8934,0.8532,3.6820,4.0398,3.2642,3.4403,5.2005,4.0357,5.0517,3.7216,3.8703,4.0159,4.1588,4.2994,4.4356,4.5718,4.7067,4.8397,4.9716,5.1025,5.2354,5.3670,5.4980,5.6280,5.7572,5.8853,6.0120,6.1374,6.2605,6.3818,6.5005,6.6167,6.7300,6.8405,6.9474,7.0510,7.1507,7.2467,7.3388,7.4266,7.5099,7.5889,7.6634,7.7332,7.7986,7.8593,7.9157,7.9677,8.0159,8.0607,8.1029,8.1429,8.1812,8.2182,8.2540,8.2888,8.3223,8.3457,8.3761
45121.8750000,10.5496,10.2687,10.8483,10.6247,14.5382,11.9958,11.0472,8.8566,9.7942,10.7581,10.3835,9.5415,9.2688,8.6014,6.6867,6.1555,5.5591,4.5423,6.5887,5.4587,3.9962,4.0430,4.9143,2.8805,2.7106,3.3444,1.9313,2.5022,-0.4833,0.7398,-4.5292,-6.4257,-8.4581,-4.1827,-4.0349,-2.4616,-2.3434,-2.2946,-1.4106,0.5248,1.0543,1.0865,0.1995,0.7524,8.7405,-0.1574,0.8574,3.1755,2.0803,2.9354,3.4702,3.3385,3.9371,4.2015,3.0230,-1.4482,-0.7367,1.3072,6.2618,4.4793,5.1734,4.3859,1.8788,0.6999,2.6799,2.1528,2.2709,2.8738,-0.3844,-0.4100,-0.7809,-2.1962,-1.9797,-1.3878,1.5647,-1.1569,-1.4938,-2.2544,-3.1103,0.1863,9.6274,7.6126,3.4764,3.3563,2.7063,2.8221,5.2503,3.8535,6.1100,4.2360,5.9508,9.2580,10.0566,7.6901,4.1883,4.7213,5.2434,6.6205,5.9126,5.6124,5.7147,8.4952,8.8166,9.3740,12.2052,12.9270,10.4148,11.6126,8.3967,9.7746,8.8924,8.3787,9.8271,8.7291,9.9504,8.0438,8.4230,10.4067,9.2241,9.3999,7.0570,9.5255,8.3063,8.7335,7.2002,6.7187,7.2275,8.8378,8.4433,6.9403,7.4025,7.1459,6.4651,5.6229,5.7455,4.7427,4.3571,3.3100,4.9523,3.9358,3.8778,2.6325,3.4445,3.3861,1.9361,3.2896,2.6348,1.3972,0.4169,1.1557,0.0598,-0.1809,-2.1369,-5.1752,-0.1061,-1.4194,-2.7808,-0.8743,-0.1589,-0.9637,-0.2232,-1.0259,-0.0627,0.2588,2.1686,1.0054,0.9357,0.0977,-2.1529,-1.6493,0.3931,0.2812,-0.6579,-1.1411,-0.8258,1.4710,1.3778,1.5182,1.4882,4.0842,4.3361,3.5201,3.7640,5.5455,4.2208,5.6390,4.3286,4.5051,4.6775,4.8462,5.0112,5.1714,5.3299,5.4863,5.6402,5.7922,5.9426,6.0934,6.2423,6.3901,6.5363,6.6814,6.8251,6.9673,7.1083,7.2476,7.3857,7.5223,7.6577,7.7917,7.9248,8.0563,8.1868,8.3159,8.4438,8.5704,8.6955,8.8190,8.9409,9.0610,9.1791,9.2952,9.4091,9.5207,9.6296,9.7359,9.8395,9.9402,10.0379,10.1325,10.2240,10.3122,10.3971,10.4779,10.5469,10.6096
45121.9166667,12.4385,13.8409,14.1115,13.9510,18.5141,14.2898,14.5982,11.8783,13.4030,12.9414,12.9569,12.4738,10.9512,11.9662,11.0240,10.6062,10.5381,9.6790,10.2114,9.4304,9.2803,8.4823,8.3656,7.6805,7.4373,8.5539,6.6271,6.5019,4.5703,4.9731,0.7464,-1.0984,-3.3363,0.0259,-0.1573,0.9390,0.7929,0.6440,1.2652,2.9632,3.3640,3.2530,2.4422,2.8871,10.2207,2.5419,3.3420,5.1770,4.1875,4.4478,5.3108,5.4707,6.0469,6.2244,4.0948,1.7230,2.2573,3.8433,8.1906,6.3426,6.8122,5.9922,4.1031,3.2084,4.4983,4.2018,4.4735,4.9938,2.0153,1.9774,1.7394,0.6119,0.8139,1.3230,3.0876,1.5483,1.3010,0.6600,0.0031,2.7288,10.8313,9.0990,5.1969,4.7487,4.5974,4.5449,7.1583,5.7476,8.0149,5.6864,7.8587,11.0154,11.7514,9.7665,5.5820,6.6105,7.1561,7.8505,7.4735,6.9330,7.0796,10.1542,9.9132,10.3493,13.4098,14.1694,11.3685,12.8699,9.0711,12.0850,9.7069,9.0107,10.5891,9.0033,10.5435,8.0054,8.7459,11.4612,10.3703,10.5670,7.0377,10.6763,9.0031,10.4949,10.0815,10.2257,10.4778,12.0725,10.7964,7.6305,8.8279,8.9292,8.9318,8.7553,9.5760,8.5286,8.0959,7.6537,8.0018,7.3674,6.9946,6.4579,6.5033,6.4229,5.7677,5.4412,5.3403,5.2305,4.1932,4.4568,3.7014,3.2639,1.7917,-0.7029,2.6589,1.8827,0.7508,2.0475,2.5295,1.8902,2.5071,1.7775,2.3804,2.6218,3.9852,2.8197,2.9708,2.0915,0.3346,0.6375,1.7252,1.8616,1.1920,0.7259,0.8796,2.5219,2.1952,2.3304,2.1933,4.5474,4.5539,3.5839,3.7648,5.4400,3.9246,5.5156,4.1629,4.3150,4.4710,4.6307,4.7936,4.9581,5.1258,5.2953,5.4658,5.6372,5.8088,5.9814,6.1532,6.3241,6.4935,6.6615,6.8277,6.9918,7.1541,7.3141,7.4722,7.6281,7.7821,7.9342,8.0846,8.2331,8.3801,8.5255,8.6693,8.8118,8.9527,9.0922,9.2303,9.3671,9.5024,9.6365,9.7691,9.9005,10.0304,10.1590,10.2862,10.4121,10.5366,10.6596,10.7811,10.9011,11.0192,11.1345,11.2393,11.3274
45121.9583333,13.8837,16.8177,16.8121,16.7051,22.1121,16.1202,17.5953,14.2396,16.3778,14.5215,14.8225,14.5604,11.8533,14.2308,14.0780,13.6079,14.0209,13.2026,12.1505,11.6424,13.0355,11.1895,10.1909,10.9419,10.7425,12.9888,10.1853,9.3951,9.0208,8.4905,5.8100,4.1409,2.0455,4.5584,4.2161,4.7620,4.5621,4.2185,4.1831,5.8396,6.0551,5.6408,4.7101,5.0275,11.8238,4.9548,5.2678,6.5669,5.4934,5.1936,6.4058,6.8521,7.4365,7.5369,4.4419,4.0957,4.4757,5.7148,9.7299,7.7704,8.0813,7.2194,5.8550,5.2591,5.9237,5.8956,6.4705,6.9299,3.8944,3.8353,3.7881,2.9150,2.9969,3.1897,3.9199,3.6048,3.3497,2.8557,2.2814,4.5999,11.5758,10.0540,6.2060,5.3980,5.6761,5.4302,8.3461,6.8049,9.1481,6.2669,8.9159,11.9855,12.6518,10.9793,6.0070,7.5185,8.1297,8.2787,8.1819,7.4496,7.6769,11.1737,10.3589,10.7542,14.0980,14.9409,11.8895,13.6785,9.3967,13.9168,10.1733,9.3305,11.0212,9.0651,10.8292,7.8568,8.8077,12.0698,11.0063,11.1952,6.8117,11.2029,9.1332,11.3950,11.9065,12.5919,12.4729,14.0629,11.8598,7.4159,9.0668,9.4080,9.9278,10.3282,11.9804,10.8649,10.4327,10.7910,9.8514,9.6314,9.0046,9.2648,8.5781,8.5603,8.8146,6.8106,7.2293,8.5349,7.2147,6.9946,6.6372,5.9706,5.0889,3.2698,4.8261,4.8242,4.1785,4.6749,4.9189,4.4544,5.4968,4.6144,4.8958,5.1647,6.0366,4.6409,5.2179,4.0499,2.9181,2.9398,2.8926,3.3383,3.0159,2.7372,2.7454,3.8096,3.1938,3.3579,3.0964,5.3753,5.1409,4.0014,4.1107,5.6854,4.0077,5.6596,4.2346,4.3205,4.4111,4.5064,4.6064,4.7102,4.8190,4.9322,5.0495,5.1709,5.2963,5.4263,5.5600,5.6972,5.8378,5.9816,6.1283,6.2777,6.4295,6.5833,6.7390,6.8960,7.0542,7.2132,7.3728,7.5325,7.6921,7.8513,8.0098,8.1675,8.3241,8.4795,8.6335,8.7861,8.9371,9.0865,9.2343,9.3805,9.5249,9.6678,9.8091,9.9488,10.0869,10.2236,10.3587,10.4923,10.6242,10.7533,10.8727,10.9704
45122.0000000,14.0583,18.4187,18.2748,18.2947,24.7608,17.0451,19.6835,15.8433,18.7298,15.6180,16.2090,16.1736,12.4886,16.0704,16.6301,16.0497,16.8823,15.9742,13.3729,12.9734,15.8053,12.8218,11.0372,12.9827,12.7891,16.3639,12.4492,10.9941,12.2538,10.7288,9.8184,8.4348,6.8093,8.6009,8.3325,8.3593,8.4210,8.0475,7.1102,9.2009,9.2768,8.4744,7.3032,7.5345,14.0195,7.6918,7.3267,8.2278,6.8704,6.0388,7.5236,8.1411,8.6466,8.6041,4.6289,5.9383,6.0843,7.0041,10.8143,8.6808,8.8479,7.9221,6.9829,6.6742,6.7922,7.0446,8.0284,8.5712,5.3420,5.3129,5.5276,4.9180,4.8405,4.6061,4.4878,5.3273,5.0024,4.6703,4.1066,6.1647,12.1994,10.8332,6.9343,5.8349,6.4476,6.0034,9.2336,7.5035,9.9366,6.5140,9.5683,12.5651,13.1380,11.6928,5.9905,7.8537,8.5114,8.2372,8.3369,7.4424,7.7140,11.5536,10.5888,10.9055,14.4471,15.3195,12.0055,14.1209,9.3928,15.2032,10.2632,9.3290,11.1206,8.9152,10.8439,7.6050,8.6856,12.3575,11.3106,11.4996,6.5611,11.4229,9.0636,11.8801,13.1567,14.3149,13.7799,15.3617,12.2872,6.9823,8.8384,9.2963,10.1381,10.9517,13.3495,12.0959,11.6230,12.7448,10.6161,10.7351,9.8964,10.8949,9.5798,9.6629,10.8172,7.3645,8.2264,11.0050,9.3169,8.6751,8.7470,7.8967,7.6550,6.5781,6.3978,7.2485,7.2508,6.8534,6.9705,6.6652,8.5218,7.3483,7.3447,7.7384,8.1746,6.3952,7.5668,5.9397,5.5538,5.2522,3.9802,4.9335,4.9699,4.9716,4.8091,5.3289,4.3518,4.5638,4.1552,6.5320,6.0616,4.7231,4.7737,6.3069,4.4594,6.1753,4.6576,4.6863,4.7199,4.7582,4.8011,4.8481,4.8999,4.9563,5.0170,5.0820,5.1514,5.2256,5.3039,5.3864,5.4730,5.5638,5.6585,5.7571,5.8596,5.9657,6.0755,6.1888,6.3054,6.4253,6.5485,6.6745,6.8034,6.9350,7.0691,7.2056,7.3441,7.4846,7.6268,7.7706,7.9156,8.0617,8.2086,8.3562,8.5042,8.6523,8.8004,8.9484,9.0959,9.2428,9.3890,9.5343,9.6783,9.8196,9.9517,10.0582
45122.0416667,13.6208,19.0734,18.7819,18.8900,26.4049,17.0584,20.7037,16.3828,19.9635,15.7176,16.5541,16.7278,12.2804,16.8333,18.1471,17.5839,18.9901,18.0815,14.1180,13.8490,18.0450,13.9490,11.5263,14.4396,14.2244,19.1376,13.9777,11.8968,14.6075,12.0582,12.7889,11.6356,10.5547,11.6582,11.5709,11.0952,11.6324,11.3777,9.4075,12.0681,12.1611,10.9927,9.5605,9.8309,16.4316,10.6718,9.5976,9.8676,8.2825,6.9814,8.7945,9.6200,10.0716,9.8792,5.0760,7.8103,7.6533,8.2439,11.8768,9.4839,9.4723,8.4283,7.7786,7.6753,7.2889,7.7554,9.1285,9.6897,6.3313,6.4019,6.9189,6.5740,6.3303,5.6921,4.8858,6.7820,6.3623,6.1895,5.5826,7.4431,12.6856,11.4374,7.4317,6.0204,6.9096,6.3096,9.8701,7.9511,10.5009,6.6019,10.0014,12.9448,13.4227,12.1573,5.8528,7.9541,8.6364,8.0332,8.2599,7.2398,7.5294,11.6421,10.1818,10.4949,14.2474,15.2023,11.7277,13.9832,9.0140,15.9738,10.0587,9.0879,10.9411,8.5771,10.6003,7.2184,8.3603,12.3022,11.2623,11.4548,6.2079,11.3394,8.7972,12.0141,13.9283,15.5333,14.6126,16.2006,12.3764,6.5591,8.4835,8.9966,10.0264,11.1138,14.1097,12.6867,12.1412,13.8999,10.7466,11.0938,10.0695,11.6349,9.8041,9.9563,11.8494,7.2782,8.4345,12.4920,10.4141,9.4245,9.8883,8.9261,9.3162,8.9981,7.2775,8.9305,9.6511,8.3637,8.2915,8.1780,11.1010,9.4946,9.2818,9.8892,9.9540,7.7275,9.6455,7.4974,8.0100,7.4140,4.9226,6.1506,6.6788,7.1510,6.8844,6.9190,5.5473,5.8614,5.3081,7.9537,7.2408,5.6566,5.6618,7.2240,5.1554,6.9831,5.3284,5.3095,5.2947,5.2841,5.2777,5.2753,5.2774,5.2839,5.2947,5.3099,5.3294,5.3536,5.3820,5.4148,5.4517,5.4929,5.5382,5.5876,5.6411,5.6985,5.7599,5.8251,5.8941,5.9668,6.0433,6.1233,6.2068,6.2938,6.3841,6.4778,6.5746,6.6746,6.7776,6.8836,6.9924,7.1040,7.2182,7.3349,7.4540,7.5754,7.6990,7.8245,7.9520,8.0812,8.2119,8.3440,8.4770,8.6095,8.7355,8.8372
45122.0833333,12.9267,19.1612,18.7837,18.9908,27.4832,16.7844,21.2495,16.5600,20.7559,15.6022,16.6274,16.9504,11.9365,17.1343,19.0435,18.4347,20.3287,19.3918,14.2352,14.0670,19.5446,14.4480,11.5610,15.2970,15.1066,21.4608,15.0364,12.4270,16.4617,12.9305,15.1615,14.1891,13.6336,14.0245,14.1228,13.1053,14.1807,14.0790,10.9859,14.3240,14.4826,12.9323,11.2133,11.5826,18.6248,13.4432,11.6554,11.3783,9.5518,7.8328,10.0194,11.0986,11.5561,11.2533,5.6283,9.7447,9.3115,9.6398,13.2168,10.5439,10.3672,9.1856,8.7377,8.7799,7.9174,8.5208,10.1803,10.6373,6.9378,7.1046,7.9506,7.8959,7.5104,6.4885,5.1514,8.0214,7.5175,7.5365,6.8839,8.6532,13.2633,12.1179,7.9737,6.2886,7.3885,6.6437,10.5022,8.3864,11.0455,6.7245,10.4017,13.3060,13.6906,12.5565,5.7583,8.0040,8.7014,7.8659,8.1786,7.0712,7.3621,11.6506,9.7404,10.0153,13.8646,14.8490,11.2400,13.5568,8.4042,16.1978,9.5178,8.5467,10.4519,8.0334,10.1127,6.7140,7.8845,11.9975,10.9876,11.1973,5.8221,11.0590,8.4186,11.8952,14.3379,16.3560,15.0912,16.7092,12.2655,6.1798,8.0970,8.6332,9.7729,11.0506,14.5332,12.9595,12.3470,14.6334,10.6491,11.1376,9.9626,11.9305,9.7078,9.8914,12.3335,6.9753,8.2720,13.3252,10.8925,9.6334,10.3782,9.2886,10.1705,10.5192,7.5519,9.8751,11.3027,9.2173,8.9849,9.0344,13.0858,11.0304,10.6706,11.5405,11.3055,8.6350,11.3237,8.6339,10.0698,9.1940,5.5557,7.0737,8.0695,9.0813,8.7379,8.3392,6.5616,7.0133,6.3298,9.4033,8.4674,6.6165,6.6091,8.2934,5.9669,7.9875,6.1632,6.1200,6.0791,6.0405,6.0043,5.9705,5.9395,5.9114,5.8863,5.8641,5.8452,5.8298,5.8177,5.8091,5.8040,5.8026,5.8048,5.8108,5.8205,5.8340,5.8512,5.8723,5.8972,5.9258,5.9583,5.9945,6.0345,6.0781,6.1254,6.1764,6.2309,6.2889,6.3503,6.4152,6.4834,6.5548,6.6295,6.7073,6.7881,6.8719,6.9586,7.0482,7.1405,7.2354,7.3330,7.4330,7.5351,7.6382,7.7376,7.8186
45122.1250000,12.2685,18.9781,18.5169,18.7850,28.0918,16.2937,21.3723,16.3985,21.0943,15.2364,16.4012,16.8494,11.4874,17.0887,19.4961,18.8735,21.2134,20.2568,14.1443,14.0389,20.5577,14.6067,11.3964,15.7201,15.5424,23.2461,15.6230,12.5989,17.8078,13.4227,17.0341,16.2418,16.2481,15.9520,16.2465,14.6757,16.3032,16.3495,12.0912,16.0796,16.3013,14.3446,12.3222,12.8070,20.4807,15.8647,13.3538,12.5500,10.5268,8.4433,11.0194,12.3988,12.9204,12.5412,6.1029,11.5987,10.9300,11.0523,14.6887,11.7287,11.4266,10.1231,9.8579,10.0539,8.7748,9.5184,11.4678,11.7620,7.4962,7.6584,8.7627,8.9496,8.4141,7.0484,5.2958,9.0194,8.4394,8.6518,7.9424,9.6790,13.7744,12.7209,8.4193,6.5010,7.7909,6.9430,11.1193,8.8290,11.6276,6.9363,10.8761,13.7687,14.0762,13.0569,5.8417,8.1948,8.8999,7.8813,8.2478,7.0726,7.3550,11.7627,9.3812,9.6198,13.5016,14.4964,10.8041,13.1216,7.8948,16.2329,8.9725,7.9874,9.8753,7.4560,9.5144,6.1765,7.3214,11.4750,10.4938,10.7164,5.3732,10.5878,7.9369,11.5691,14.4365,16.8415,15.2941,16.9564,12.0227,5.8436,7.7199,8.2643,9.4600,10.8573,14.7136,13.0142,12.3505,15.0746,10.4401,11.0303,9.7584,12.0094,9.5107,9.7117,12.5458,6.6787,8.0292,13.7986,11.0601,9.6008,10.5383,9.3409,10.5647,11.4330,7.5115,10.3096,12.3425,9.5746,9.2159,9.3882,14.4848,11.9840,11.5151,12.6488,12.1657,9.0982,12.5220,9.3327,11.6754,10.5579,5.9250,7.7152,9.1531,10.7363,10.3402,9.5507,7.3769,7.9772,7.1743,10.7557,9.5995,7.4613,7.4557,9.3204,6.6998,8.9751,6.9534,6.9062,6.8601,6.8151,6.7712,6.7285,6.6871,6.6472,6.6087,6.5718,6.5365,6.5030,6.4713,6.4415,6.4137,6.3881,6.3646,6.3433,6.3245,6.3082,6.2944,6.2833,6.2749,6.2694,6.2667,6.2670,6.2704,6.2769,6.2864,6.2992,6.3152,6.3344,6.3569,6.3827,6.4118,6.4441,6.4798,6.5188,6.5610,6.6064,6.6551,6.7070,6.7620,6.8201,6.8812,6.9453,7.0121,7.0809,7.1483,7.2041
45122.1666667,11.4263,18.3968,17.8929,18.2160,28.1900,15.5575,21.0835,15.9945,21.0747,14.6975,15.9520,16.4865,10.9329,16.7238,19.5061,18.8705,21.5862,20.6202,13.7867,13.7408,21.0875,14.4605,11.0619,15.7900,15.6314,24.5319,15.8396,12.5144,18.6677,13.5753,18.3566,17.7280,18.2964,17.3846,17.8965,15.8190,18.0095,18.2197,12.8319,17.5588,17.8266,15.4402,13.1021,13.6769,22.0262,17.8649,14.5783,13.2820,11.0475,8.6502,11.5730,13.2492,13.8590,13.4226,6.2344,13.0451,12.1825,12.1515,15.9422,12.6955,12.3064,10.8997,10.8128,11.1819,9.5420,10.4528,12.7562,12.9260,8.1089,8.2420,9.5534,9.9282,9.2155,7.4845,5.4052,9.8307,9.1503,9.5322,8.7431,10.4730,14.1349,13.1463,8.6707,6.5548,7.9894,7.0525,11.5154,9.0573,11.9943,6.9763,11.1510,14.0573,14.3087,13.3984,5.8308,8.2816,9.0065,7.8516,8.2653,7.0485,7.3333,11.8445,9.0391,9.2494,13.1225,14.1156,10.3814,12.6541,7.4356,16.1206,8.4595,7.4795,9.3146,6.9393,8.9333,5.7090,6.7986,10.8915,9.9328,10.1487,4.9345,9.9992,7.3814,11.0461,14.2115,16.9358,15.1570,16.8652,11.5740,5.4422,7.2581,7.8076,9.0295,10.5011,14.6375,12.8508,12.1573,15.2321,10.1149,10.7720,9.4440,11.8821,9.2032,9.4136,12.5175,6.3543,7.7118,13.9767,10.9936,9.3972,10.4627,9.1912,10.6498,11.9181,7.3084,10.4132,12.9339,9.6135,9.1615,9.4110,15.3942,12.4680,11.9036,13.2688,12.5781,9.1822,13.2274,9.5995,12.7433,11.4105,5.9817,7.9980,9.8253,11.9730,11.5493,10.4197,7.8900,8.6361,7.7337,11.8452,10.4801,8.0603,8.0647,10.1348,7.2158,9.7646,7.5364,7.4935,7.4506,7.4080,7.3657,7.3237,7.2821,7.2411,7.2007,7.1610,7.1220,7.0839,7.0467,7.0105,6.9753,6.9413,6.9085,6.8770,6.8468,6.8180,6.7907,6.7649,6.7408,6.7183,6.6976,6.6786,6.6616,6.6464,6.6333,6.6222,6.6133,6.6066,6.6021,6.6000,6.6002,6.6029,6.6081,6.6159,6.6262,6.6393,6.6550,6.6734,6.6946,6.7186,6.7454,6.7750,6.8074,6.8420,6.8770,6.9067
45122.2083333,10.6817,17.7294,17.1926,17.5528,28.0319,14.8058,20.6094,15.4227,20.7735,14.0460,15.3527,15.9467,10.3315,16.2088,19.2628,18.6168,21.6295,20.6504,13.2957,13.2817,21.2428,14.1071,10.6172,15.5867,15.4479,25.3799,15.7768,12.2513,19.1358,13.4885,19.2312,18.7538,19.8552,18.3984,19.1282,16.6020,19.3351,19.7253,13.3150,18.7774,19.1256,16.3530,13.7396,14.4101,23.4631,19.6774,15.6036,13.9501,11.4802,8.8233,12.0252,13.9364,14.6040,14.0972,6.2601,14.1713,13.0986,12.9314,16.9295,13.3819,12.9171,11.4090,11.4806,12.0242,10.0642,11.1548,13.8652,13.9532,8.6905,8.8435,10.3726,10.9341,10.0538,7.9634,5.6217,10.6530,9.8619,10.3988,9.5240,11.2794,14.5879,13.6470,8.9909,6.7038,8.2430,7.2217,11.9254,9.3017,12.3561,7.0482,11.4073,14.3256,14.5170,13.6830,5.8106,8.3195,9.0557,7.8019,8.2469,6.9990,7.2825,11.8714,8.7347,8.9219,12.7608,13.7482,10.0069,12.2224,7.0584,15.9375,8.0145,7.0481,8.8165,6.5156,8.4285,5.3461,6.3726,10.3521,9.4222,9.6274,4.5980,9.4475,6.8962,10.5074,13.8619,16.8226,14.8434,16.5786,11.0387,5.0506,6.7746,7.3079,8.5189,10.0196,14.3420,12.5036,11.8010,15.1494,9.7074,10.4107,9.0660,11.6210,8.8475,9.0663,12.3445,6.0495,7.3847,13.9692,10.8118,9.1349,10.2768,8.9529,10.5564,12.1213,7.0503,10.3366,13.2429,9.5035,8.9813,9.2770,15.9837,12.6823,12.0488,13.6107,12.7543,9.1073,13.6373,9.6398,13.4314,11.8925,5.8679,7.9957,10.1256,12.7865,12.3520,10.9383,8.1160,8.9917,8.0165,12.6333,11.0866,8.4196,8.4433,10.7215,7.5354,10.3485,7.9303,7.8988,7.8666,7.8338,7.8004,7.7665,7.7323,7.6978,7.6631,7.6283,7.5934,7.5587,7.5241,7.4897,7.4556,7.4219,7.3885,7.3557,7.3234,7.2918,7.2608,7.2306,7.2012,7.1726,7.1451,7.1184,7.0929,7.0685,7.0453,7.0233,7.0026,6.9833,6.9654,6.9490,6.9341,6.9208,6.9091,6.8992,6.8909,6.8845,6.8799,6.8771,6.8764,6.8776,6.8808,6.8861,6.8934,6.9027,6.9132,6.9230
45122.2500000,9.7861,16.7456,16.1744,16.5382,27.3221,13.7187,19.6780,14.5474,20.0784,13.1509,14.4866,15.1365,9.5942,15.4172,18.6683,18.0347,21.2736,20.2949,12.6196,12.6533,21.0075,13.5291,10.0421,15.1175,14.9886,25.6957,15.3542,11.7513,19.1598,13.1325,19.6343,19.2921,20.8793,18.9335,19.8529,16.9447,20.1450,20.7011,13.4303,19.5197,19.9326,16.8043,13.9655,14.7287,24.4846,21.0858,16.3063,14.3836,11.7599,8.9056,12.3335,14.4527,15.1721,14.5940,6.2403,15.0938,13.8238,13.5139,17.6854,13.8117,13.2570,11.6496,11.8644,12.5725,10.3284,11.5747,14.6591,14.6969,9.1119,9.3234,11.0490,11.7781,10.7472,8.3902,5.8127,11.3714,10.4617,11.1100,10.1250,11.8708,14.8335,13.8964,9.0521,6.6228,8.2640,7.1967,12.1235,9.3552,12.5243,6.9708,11.4790,14.3978,14.5309,13.7764,5.6819,8.2465,8.9871,7.6421,8.0988,6.8300,7.1073,11.7293,8.4075,8.5565,12.3065,13.2583,9.5315,11.6945,6.6633,15.6249,7.5686,6.6379,8.3114,6.0868,7.8953,4.9574,5.9230,9.7389,8.8307,9.0223,4.2432,8.8522,6.4004,9.9030,13.3506,16.4714,14.3214,16.0442,10.3652,4.6169,6.2500,6.7674,7.9436,9.4255,13.8126,11.9423,11.2360,14.7551,9.1245,9.8621,8.5441,11.1422,8.3433,8.5681,11.9279,5.6516,6.9610,13.6907,10.4155,8.7075,9.9059,8.5980,10.3010,12.0908,6.7337,10.0786,13.2415,9.1887,8.6279,8.9526,16.1893,12.5668,11.8770,13.5755,12.5740,8.7543,13.6527,9.3913,13.7201,12.0281,5.6282,7.8044,10.1321,13.1947,12.7297,11.0640,8.0107,8.9768,7.9447,12.9563,11.2240,8.3377,8.3644,10.8015,7.3904,10.4189,7.8554,7.8507,7.8432,7.8332,7.8208,7.8064,7.7902,7.7723,7.7530,7.7323,7.7104,7.6874,7.6635,7.6387,7.6131,7.5869,7.5601,7.5329,7.5053,7.4775,7.4495,7.4214,7.3933,7.3653,7.3375,7.3099,7.2826,7.2556,7.2291,7.2030,7.1775,7.1527,7.1285,7.1050,7.0823,7.0605,7.0396,7.0196,7.0007,6.9828,6.9660,6.9504,6.9360,6.9229,6.9111,6.9006,6.8916,6.8841,6.8779,6.8733
45122.2916667,8.4070,15.1522,14.5701,14.8988,25.7980,12.0241,17.9166,12.8121,18.4087,11.4554,12.7586,13.4242,8.0879,13.7110,17.0823,16.5122,19.9394,18.9907,11.2153,11.3233,19.9183,12.2461,8.8822,13.9628,13.8593,25.1233,14.1717,10.5709,18.3214,12.0700,19.1572,18.9472,20.9854,18.6477,19.7122,16.4829,20.0569,20.7103,12.7110,19.3307,19.7254,16.2721,13.2062,14.0407,24.4679,21.3035,15.9217,13.8811,11.1868,8.2645,11.8785,14.1657,14.9442,14.3108,5.6118,15.1653,13.7801,13.3874,17.7426,13.5184,12.8640,11.1429,11.4351,12.3008,9.8838,11.2764,14.7330,14.7906,9.0727,9.4420,11.3784,12.2235,11.0200,8.4149,5.7139,11.6935,10.6010,11.3146,10.1385,11.8401,14.5328,13.4761,8.3790,5.8174,7.4252,6.3086,11.3464,8.4117,11.6312,5.9276,10.4582,13.3661,13.4544,12.7335,4.5727,7.1561,7.9262,6.5963,7.0278,5.7742,6.0652,10.6739,7.2414,7.3866,11.0501,11.9594,8.2786,10.4312,5.6294,14.6419,6.6104,5.7911,7.4340,5.3053,7.0024,4.2338,5.1043,8.7296,7.8148,7.9758,3.4749,7.8258,5.4859,8.8420,12.2674,15.4611,13.1583,14.8482,9.0939,3.6920,5.2274,5.7376,6.8826,8.3302,12.7002,10.8113,10.1199,13.7191,8.0167,8.7591,7.5078,10.1212,7.3581,7.5926,10.9544,4.8207,6.0944,12.8530,9.4884,7.7826,8.9961,7.7489,9.5483,11.5238,6.1020,9.4481,12.7507,8.4950,7.8491,8.1192,15.7278,11.7849,11.0359,12.8117,11.7182,7.7624,12.8480,8.4029,13.0839,11.3210,4.8206,7.0211,9.4914,12.8928,12.3966,10.5695,7.3469,8.3525,7.2704,12.5649,10.6822,7.5911,7.5570,10.0625,6.4850,9.5585,6.8394,6.8365,6.8341,6.8320,6.8299,6.8271,6.8242,6.8205,6.8160,6.8106,6.8043,6.7970,6.7886,6.7791,6.7682,6.7561,6.7426,6.7276,6.7112,6.6934,6.6742,6.6536,6.6319,6.6089,6.5849,6.5598,6.5334,6.5069,6.4797,6.4518,6.4234,6.3947,6.3655,6.3361,6.3066,6.2774,6.2473,6.2175,6.1876,6.1580,6.1286,6.0993,6.0704,6.0415,6.0121,5.9800,5.9510,5.9224,5.8929,5.8692
45122.3333333,5.2729,11.6766,11.2977,11.6989,22.6987,9.1775,14.9698,10.0261,15.7327,9.0577,10.3440,11.0568,6.1251,11.2175,14.6087,14.1312,17.6101,16.6483,9.0408,9.2407,17.9358,10.2619,7.1624,12.1133,12.0286,23.7392,12.3787,8.8670,16.7827,10.4383,17.8538,17.7122,20.0174,17.3489,18.6112,15.2489,19.2246,19.9862,11.4398,18.5290,18.8909,15.2219,11.9542,12.8568,23.9101,20.7196,14.8167,12.7468,9.9666,7.1227,10.7832,13.1020,13.8632,13.1740,4.4357,14.2916,12.8767,12.5046,17.1393,12.6391,11.9472,10.1291,10.4109,11.3753,8.9068,10.3033,13.9547,14.0639,8.3673,9.0674,11.3079,12.2885,10.9351,8.1103,5.4546,11.7844,10.5215,11.3378,9.9562,11.6929,14.3358,13.1358,7.7711,5.1620,6.5802,5.4544,10.5082,7.4134,10.5995,4.8854,9.2410,12.0721,12.0683,11.2338,3.1786,5.5979,6.3476,5.1629,5.4693,4.2449,4.4979,8.9508,5.2296,5.3882,8.8684,9.7623,6.2191,8.3656,3.8914,12.7910,4.9485,4.2869,5.9856,4.0235,5.6135,3.0881,3.7967,7.2730,6.4054,6.5861,2.4568,6.4838,4.2282,7.4263,10.7402,13.9839,11.6014,13.2972,7.5438,2.6052,3.9841,4.4264,5.4387,6.7786,10.9828,9.1279,8.4996,12.1000,6.4914,7.1504,6.0050,8.6251,5.9813,6.2427,9.5433,3.7037,4.9015,11.5800,8.1814,6.5192,7.6975,6.5063,8.3432,10.3999,5.1702,8.4747,11.8498,7.5346,6.7581,6.9218,14.8882,10.5531,9.8312,11.6400,10.6014,6.5248,11.6095,7.0787,11.8104,10.0073,3.6441,5.7199,8.1942,11.8517,11.3294,9.5661,6.1768,7.2109,6.1329,11.6140,9.8055,6.5280,6.3943,8.9267,5.2637,8.2471,5.3002,5.3413,5.3749,5.4057,5.4303,5.4494,5.4647,5.4757,5.4827,5.4853,5.4843,5.4801,5.4732,5.4643,5.4534,5.4409,5.4274,5.4128,5.3975,5.3841,5.3650,5.3471,5.3277,5.3080,5.2869,5.2647,5.2413,5.2166,5.1905,5.1632,5.1346,5.1045,5.0729,5.0398,5.0052,4.9690,4.9308,4.8866,4.8113,4.7557,4.6944,4.6284,4.5633,4.4983,4.4340,4.3709,4.3098,4.2511,4.1919,4.1461
45122.3750000,0.8020,6.4252,6.3005,6.7214,17.4628,4.6240,9.9842,5.4215,11.0589,4.9486,6.1887,6.9861,2.7812,6.9594,10.3508,10.1706,14.0389,12.7449,5.7513,5.7480,14.3605,6.7574,4.1738,8.9743,8.9318,20.8196,9.2601,6.0620,14.0280,7.7962,15.3077,15.2152,17.7028,14.3639,15.2466,11.5943,16.1686,17.5314,8.8825,16.3393,16.6175,12.9970,9.6025,10.6326,22.2799,18.9703,12.7176,10.7064,7.9932,5.4339,9.2338,10.9228,11.5207,10.3601,1.9990,11.5864,10.0684,9.8944,14.8069,10.0922,9.7554,7.3615,7.6660,8.8411,6.7625,8.0404,12.1200,11.6631,5.7356,7.6696,10.3241,11.4165,10.0927,6.9808,4.6657,11.1551,9.6604,10.5895,8.9399,10.7102,13.6033,12.1568,6.3303,4.2624,4.7036,3.7637,8.8140,5.6366,8.6399,3.1063,6.9895,9.5648,9.7641,8.8425,0.5875,2.7809,3.5991,2.7654,2.8396,2.1456,1.7819,6.1452,1.5801,2.1782,5.2556,5.8714,1.9934,4.4032,0.3998,9.0916,1.5942,1.1071,2.9330,1.3431,3.0727,0.9026,1.0393,4.2955,3.6028,3.8458,0.4030,4.3891,2.0171,5.0726,8.1628,11.5121,9.2128,10.9415,5.2607,0.9500,2.1904,2.5597,3.4483,4.6492,8.2294,6.4906,5.9681,9.6791,4.0882,4.4309,3.5316,6.1451,3.7547,4.0879,7.3123,1.9961,3.1334,9.5854,6.1733,4.5759,5.7010,4.6652,6.5760,8.6275,3.8605,7.0629,10.4720,6.0932,5.2022,5.1003,14.0291,8.4948,8.0036,9.4760,8.5965,4.6532,9.0881,4.8813,9.1232,7.3259,1.4418,3.2812,5.6168,9.6644,8.8718,7.7376,3.9551,5.0261,3.9713,9.5604,8.3318,4.8151,4.5168,7.0794,3.4032,6.0563,2.4910,2.6001,2.7026,2.7974,2.8858,2.9651,3.0390,3.1061,3.1667,3.2204,3.2677,3.3082,3.3438,3.3730,3.3958,3.4138,3.4257,3.4326,3.4345,3.4314,3.4235,3.4111,3.3940,3.3733,3.3484,3.3198,3.2877,3.2520,3.2109,3.1472,2.9915,2.8864,2.7789,2.6726,2.5594,2.4507,2.3418,2.2351,2.1259,2.0188,1.9129,1.8068,1.7022,1.5987,1.4967,1.3967,1.2991,1.2046,1.1080,1.0339
45122.4166667,-5.8124,-1.3374,-0.9165,-0.3008,11.4443,-2.0617,2.5591,-0.9656,4.8652,-1.3394,-0.1762,0.7394,-2.3003,0.7799,4.0695,4.3423,9.2276,7.1883,1.7894,1.2010,9.6949,2.7390,0.6983,5.1370,5.1023,17.3777,4.3967,1.4876,9.0791,2.7267,9.6872,10.4617,14.0322,10.6932,11.4302,7.1640,10.3898,11.1221,2.9861,11.4832,10.5926,7.5185,4.3475,5.7101,19.4306,14.2218,7.4677,5.9976,3.9614,2.0613,6.9950,8.3743,8.8622,7.4979,-1.0197,7.7758,5.5869,6.3016,10.9633,4.5508,5.6028,2.1722,2.4800,3.8454,2.7116,3.9096,9.1774,8.5852,1.3460,4.7928,8.0672,8.6311,8.1380,4.6755,3.0027,10.3478,7.2607,9.7912,5.9710,7.6088,13.1073,10.6609,2.5159,2.0449,0.6348,0.1056,5.0576,1.9746,4.7750,0.9186,4.2429,5.5949,5.7640,4.4141,-3.6760,-2.6105,-1.5356,-1.5674,-1.6393,-0.8340,-2.2167,3.1180,-3.2768,-1.6027,1.2201,1.4003,-2.8109,-1.3534,-4.7955,3.6493,-3.2470,-3.4145,-1.6619,-2.5759,-0.0990,-1.7362,-2.7031,0.0114,0.2281,-0.2479,-3.4508,0.4817,-2.1458,1.0675,2.8484,6.3783,4.0963,6.0513,0.2703,-3.3793,-2.0213,-1.6466,-0.5541,0.8586,3.8911,1.7263,1.8485,6.5667,1.3235,0.6788,0.0302,2.7928,0.5987,0.3360,3.4621,-1.4069,-0.1433,5.9714,2.6255,0.2300,1.8601,0.7627,3.0463,5.3950,1.3800,4.4395,8.9259,3.2961,3.4012,1.9494,12.3341,6.3307,5.6942,5.4331,5.9515,1.7566,5.3486,2.1720,5.5290,3.7344,-1.4490,-0.0189,1.7204,6.2617,5.2579,4.8700,0.3836,2.1072,0.3203,7.1952,5.8975,2.3294,1.9778,4.7048,1.2407,3.4302,-1.1167,-0.9139,-0.7176,-0.5291,-0.3480,-0.1790,-0.0173,0.1339,0.2740,0.4025,0.5197,0.6255,0.7215,0.8073,0.8835,0.9515,1.0107,1.0610,1.0843,0.9366,0.8589,0.7391,0.6384,0.5555,0.4560,0.3529,0.2570,0.1574,0.0552,-0.0420,-0.1482,-0.2511,-0.3572,-0.4627,-0.5752,-0.6881,-0.8042,-0.9215,-1.0426,-1.1645,-1.2872,-1.4116,-1.5361,-1.6606,-1.7848,-1.9079,-2.0294,-2.1484,-2.2714,-2.3637
45122.4583333,-11.3314,-8.7969,-7.7664,-6.8314,5.7707,-9.0662,-5.5405,-7.8501,-0.8205,-7.1855,-7.1408,-7.2225,-8.6517,-7.2248,-5.2774,-4.5650,2.4869,-0.0812,-2.6207,-3.6225,3.5332,-3.2459,-4.4705,-0.4399,0.1538,14.3371,-0.2361,-3.1864,5.3028,-1.3944,6.1247,5.7400,10.5434,7.8283,8.5359,3.4877,6.5235,4.8641,-3.8721,6.0201,4.2417,-0.6583,-3.5280,-1.8864,15.5525,8.4990,0.9444,0.0729,-1.5456,-2.3639,3.8503,5.7006,6.2055,5.4509,-2.5323,4.9352,1.9132,4.7602,9.0838,0.1191,2.0647,-2.7041,-2.6183,-1.1313,-0.5946,-0.1807,5.3138,4.5179,-3.0773,1.0491,6.3362,6.0315,6.4440,1.5498,0.8047,9.3810,4.0688,8.9133,2.5785,4.8689,14.2258,10.6269,0.3455,0.3228,-2.4045,-2.1994,2.1636,-2.0821,3.4725,-1.0026,2.2398,3.8972,3.9835,1.8992,-5.5863,-6.1977,-5.4608,-4.6444,-5.2711,-3.2429,-5.3084,-0.3704,-8.6475,-6.2515,-3.4490,-3.2689,-7.0225,-7.0675,-10.1417,-2.0167,-7.4898,-6.9643,-5.5600,-6.8146,-3.6101,-4.5458,-7.0376,-5.0218,-3.7706,-4.1132,-6.9700,-3.2340,-6.3508,-3.2140,-3.3041,1.5750,-0.6646,1.9460,-3.6954,-6.8505,-5.4579,-5.3032,-3.8909,-1.9297,1.2979,-2.7652,-3.8288,1.4521,-2.3637,-2.6040,-4.5434,-1.2050,-3.0477,-4.2064,-0.3808,-5.1077,-3.5004,3.7293,-0.1026,-2.7412,-0.5669,-2.6775,-1.1725,1.3074,-1.5999,1.5440,6.2335,0.1225,0.3226,-1.8809,10.2374,4.4479,3.1226,1.9249,3.4592,-0.1627,3.3874,-0.2984,1.9554,0.3231,-3.8514,-2.8741,-2.1462,3.0210,1.9867,2.5740,-2.6871,-0.1280,-2.8449,5.8850,4.3397,0.8025,0.4217,3.3002,0.0588,1.3834,-4.1201,-4.5079,-4.8438,-5.1134,-5.3057,-5.4209,-5.4564,-5.4257,-5.3429,-5.2232,-5.0789,-4.8060,-4.5336,-4.2554,-4.0234,-3.8074,-3.6309,-3.4932,-3.3763,-3.3034,-3.2420,-3.2109,-3.1832,-3.1577,-3.1515,-3.1538,-3.1573,-3.1690,-3.1886,-3.2110,-3.2452,-3.2828,-3.3273,-3.3759,-3.4330,-3.4941,-3.5608,-3.6316,-3.7083,-3.7886,-3.8728,-3.9612,-4.0527,-4.1473,-4.2445,-4.3438,-4.4447,-4.5460,-4.6560,-4.7364
45122.5000000,-17.7912,-17.5374,-14.7081,-12.2887,-1.4098,-15.9642,-15.1174,-17.9075,-9.2790,-12.7546,-12.8196,-14.7869,-14.7104,-13.9360,-13.0607,-15.1502,-8.4330,-11.9830,-13.6421,-14.7062,-6.0247,-13.0470,-12.3098,-9.2129,-7.1209,7.6307,-5.3898,-9.4510,-0.3166,-7.4396,0.1334,-1.3353,4.3578,2.3061,5.0655,0.9096,4.9537,3.5220,-6.5478,4.1179,1.8608,-5.2583,-10.1174,-8.8451,11.5297,1.5124,-6.8174,-7.4505,-10.2021,-10.6955,-4.8858,-1.8225,-0.2358,-1.5057,-8.2487,-1.7531,-2.8354,3.3364,8.4625,-0.0399,1.0397,-4.8199,-7.6260,-6.7105,-5.9362,-5.2405,1.8865,1.3786,-8.5116,-4.1084,1.2196,0.5300,1.4377,-1.8946,-1.4511,8.6167,3.1174,8.8461,-0.5980,1.4273,15.6060,10.8023,0.4765,-1.9083,-7.1418,-6.4609,0.7967,-5.8309,1.7489,-3.0156,0.1710,2.1299,2.0397,-1.1550,-9.0131,-11.3368,-10.4627,-7.5829,-10.9464,-9.1068,-9.5009,-4.9856,-12.1634,-9.8924,-7.2202,-7.1398,-10.4339,-10.6692,-14.4196,-8.3254,-13.5140,-13.1172,-9.5914,-11.6315,-8.2390,-8.0053,-11.6860,-7.9120,-6.8475,-7.2054,-10.1331,-6.9497,-9.1884,-7.4252,-7.7029,-4.6397,-6.6511,-3.1745,-8.2183,-9.5752,-8.9015,-9.9912,-9.7182,-8.1375,-4.1880,-6.9664,-7.2791,-3.0825,-7.4343,-7.0957,-8.1177,-4.9160,-6.2298,-6.9953,-3.7692,-8.2370,-6.7390,0.7780,-5.6494,-7.0841,-5.5440,-6.8303,-5.1863,-3.4016,-4.3467,0.9205,4.3037,-0.2222,-2.6996,-4.7609,7.4795,1.2456,-1.1085,-2.6577,-0.6829,-2.7436,-0.1162,-4.1005,-2.9301,-4.2040,-7.1708,-6.6925,-6.8721,-1.4857,-2.1249,-0.1559,-6.1170,-2.4827,-5.2772,4.0949,2.4682,-0.9050,-1.2177,1.9148,-0.9870,-0.1409,-4.6883,-4.9997,-5.3128,-5.6288,-5.9479,-6.2743,-6.6000,-6.9268,-7.2520,-7.5724,-7.8824,-8.1021,-8.3012,-8.4638,-8.6124,-8.7194,-8.7947,-8.8364,-8.8344,-8.8074,-8.7399,-8.6497,-8.5257,-8.3731,-8.2090,-8.0325,-7.8446,-7.6555,-7.4700,-7.2895,-7.1234,-6.9694,-6.8319,-6.7105,-6.6085,-6.5231,-6.4549,-6.4020,-6.3646,-6.3403,-6.3279,-6.3267,-6.3351,-6.3521,-6.3768,-6.4083,-6.4456,-6.4878,-6.5448,-6.5833
45122.5416667,-19.9870,-21.4889,-16.5298,-13.0465,-2.3984,-13.0350,-13.7454,-18.9046,-11.4005,-12.3704,-12.8006,-15.1452,-14.6147,-15.8178,-15.8110,-17.7574,-12.8381,-15.9835,-16.1785,-18.0623,-11.3261,-18.4313,-17.1675,-18.0034,-14.2965,-0.1195,-10.8271,-14.8831,-6.2588,-13.0876,-5.1400,-7.4385,-1.3436,-0.0124,3.6527,0.0790,4.8184,3.8912,-7.0588,4.3855,3.4803,-2.0035,-8.8321,-8.7553,12.3436,0.0780,-7.2695,-7.0709,-10.9479,-11.3668,-6.1754,-4.6736,-3.5204,-4.0507,-9.5444,-9.2063,-10.3546,-2.0288,5.6480,-1.1502,0.3798,-3.9539,-9.2194,-9.2111,-8.3165,-7.2698,0.1056,0.0924,-11.8720,-7.0756,-0.7330,-1.9580,-3.0686,-6.3831,-4.8038,6.1263,2.1406,8.6701,-0.9589,1.8016,19.9490,15.6875,6.1720,3.7197,-3.5706,-2.9714,4.4669,-3.4733,4.6876,0.1408,3.5598,6.1361,6.1911,2.2313,-4.5881,-7.0541,-6.6246,-2.1166,-6.3958,-5.5911,-6.6111,-4.1284,-11.2621,-9.5617,-7.4146,-7.4191,-10.0954,-11.0844,-15.2142,-11.6563,-14.9362,-14.6115,-10.5489,-11.0834,-9.0878,-7.7702,-12.8650,-9.4029,-8.7789,-8.5560,-10.4964,-9.3226,-10.5396,-9.6711,-9.2604,-6.3754,-7.8939,-3.8877,-8.1688,-8.0019,-8.5732,-9.6500,-11.5172,-11.4138,-6.3356,-9.0682,-9.2223,-5.2293,-8.0175,-8.3631,-9.0304,-6.4481,-7.1050,-7.6353,-5.0839,-8.1399,-7.7668,-0.9537,-8.3547,-9.2478,-8.3196,-10.0523,-8.9454,-8.6638,-7.5224,-1.5316,1.8598,-0.6770,-2.3485,-4.8018,7.4017,2.0164,0.6545,0.3505,3.3158,0.6735,2.0165,-2.4264,-3.6846,-5.5491,-7.0420,-7.9963,-8.5256,-4.2003,-4.6841,-2.0224,-7.4595,-4.1035,-5.6999,3.3308,2.3285,-0.3474,-0.3330,3.0670,0.8145,1.5531,-2.1157,-2.2625,-2.4260,-2.6039,-2.7937,-2.9976,-3.2052,-3.4192,-3.6382,-3.8610,-4.0856,-4.2623,-4.4374,-4.6025,-4.7737,-4.9351,-5.0940,-5.2501,-5.3969,-5.5458,-5.6855,-5.8252,-5.9547,-6.0735,-6.1883,-6.2938,-6.3858,-6.4661,-6.5334,-6.5847,-6.6228,-6.6439,-6.6492,-6.6379,-6.6122,-6.5715,-6.5176,-6.4516,-6.3762,-6.2926,-6.2034,-6.1109,-6.0171,-5.9244,-5.8347,-5.7496,-5.6707,-5.5989,-5.5482,-5.4893
45122.5833333,-21.2292,-23.7264,-20.8939,-18.2139,-9.8453,-18.1359,-20.6278,-22.8808,-16.9495,-16.0664,-16.6330,-18.3512,-16.0017,-17.6645,-17.9965,-19.1723,-15.4425,-17.9023,-16.3235,-17.8572,-13.7937,-19.3689,-15.9355,-19.8431,-16.3761,-6.0257,-15.8116,-17.3480,-11.4732,-16.6344,-11.2336,-12.8357,-7.2730,-4.8497,-2.2401,-5.2805,-0.4323,-0.4308,-9.3701,1.9966,1.1436,-3.3172,-9.8992,-9.4304,11.4128,-0.9926,-6.7942,-6.1317,-9.6389,-9.4139,-5.5388,-5.2329,-4.5563,-4.8783,-8.6298,-10.6443,-10.9171,-4.0344,3.6875,-3.6499,-3.1159,-6.9080,-12.1979,-11.5973,-9.4156,-7.0174,-2.1095,-2.9070,-13.7222,-9.0700,-3.4560,-3.7016,-4.5090,-8.7973,-6.1334,2.0129,-1.9484,2.7655,-5.0891,-2.3669,15.8020,10.8935,1.3955,-1.1130,-7.8962,-5.6737,1.6422,-4.7839,2.7617,-1.5684,2.2849,5.4069,5.8784,2.2336,-3.6694,-4.7012,-4.0574,0.8848,-3.6328,-3.2325,-3.8614,-1.9252,-8.9523,-7.8099,-6.4349,-6.9166,-9.3188,-10.5730,-13.4261,-12.4199,-13.9896,-13.6378,-10.2254,-10.4593,-10.0503,-8.4089,-13.6130,-11.2399,-11.8887,-9.8251,-9.9645,-10.1353,-10.7631,-11.0611,-12.6908,-9.5728,-10.3337,-6.2523,-9.5323,-7.7709,-8.7933,-8.6161,-10.1489,-10.2315,-5.9413,-9.4803,-10.8669,-7.2669,-8.8477,-9.4102,-9.5813,-7.1940,-6.9420,-7.4974,-6.1780,-7.6055,-7.2747,-1.7160,-9.2576,-9.3569,-8.5446,-10.5564,-10.3061,-10.9598,-8.1481,-3.7772,-2.1205,-3.8647,-5.4089,-8.3970,2.5269,-2.6770,-3.7452,-3.6056,-0.3411,-3.1866,-1.4241,-5.1364,-5.5190,-6.2141,-6.0119,-6.9506,-7.8522,-4.9742,-5.8608,-3.0753,-7.1553,-5.3745,-6.6565,1.0614,-0.1792,-2.8054,-3.0081,0.0575,-2.1015,-1.5377,-4.6796,-4.6184,-4.5362,-4.4376,-4.3276,-4.2171,-4.1022,-3.9933,-3.8955,-3.8135,-3.7502,-3.6768,-3.6246,-3.5891,-3.5803,-3.5871,-3.6126,-3.6548,-3.7075,-3.7761,-3.8516,-3.9385,-4.0291,-4.1223,-4.2219,-4.3243,-4.4269,-4.5307,-4.6352,-4.7386,-4.8426,-4.9448,-5.0455,-5.1438,-5.2401,-5.3329,-5.4220,-5.5065,-5.5862,-5.6601,-5.7274,-5.7880,-5.8408,-5.8856,-5.9218,-5.9493,-5.9680,-5.9782,-5.9974,-5.9953
45122.6250000,-21.0086,-21.3974,-18.1476,-18.5598,-7.1563,-13.0448,-17.5060,-23.0742,-17.0296,-14.8312,-16.3540,-19.2279,-17.3166,-20.3565,-21.8587,-22.4791,-20.4385,-22.5709,-19.5994,-21.1100,-17.6891,-23.0989,-18.1532,-20.3541,-19.0110,-8.2973,-19.0916,-19.0295,-14.3562,-18.1397,-16.2513,-17.7291,-13.2794,-8.8408,-4.9921,-5.8942,-0.9031,-1.7138,-12.4281,-0.7745,-1.5775,-5.1168,-12.3907,-10.2994,8.1909,-6.6331,-11.0953,-8.7798,-12.5030,-9.3166,-6.7886,-7.4974,-6.8735,-6.3557,-9.9973,-14.8738,-14.6211,-8.9052,2.5075,-4.0530,-3.5647,-6.7436,-14.1276,-14.4082,-12.2615,-10.2776,-4.2096,-3.2215,-16.4572,-11.2877,-4.3122,-6.0997,-6.3601,-9.3440,-2.9318,1.9442,-1.2545,-0.0110,-6.8723,0.9273,17.1382,11.4759,2.0455,-0.8482,-6.3723,-6.2023,-0.7927,-7.0348,-1.0953,-5.6355,-2.3037,1.1343,1.8056,-2.1389,-8.9603,-7.8366,-5.4789,1.7167,-3.6110,-4.1160,-5.1286,-3.5091,-8.8968,-7.9332,-5.7473,-6.3942,-8.7817,-10.1460,-13.6396,-14.1641,-14.7776,-14.3171,-9.6685,-9.2749,-9.2486,-7.5113,-11.0474,-10.1116,-13.7221,-12.5804,-10.1270,-10.4144,-10.5216,-11.2624,-12.8294,-12.6628,-13.7866,-9.4886,-12.2955,-10.5385,-10.7285,-12.5138,-13.9863,-14.0229,-7.7007,-11.0642,-11.8101,-8.9910,-9.2799,-10.2718,-9.7676,-9.6332,-8.8357,-7.6088,-6.2742,-8.1633,-8.4048,-1.1842,-9.9403,-9.3696,-8.2929,-9.8961,-10.3106,-12.5069,-6.9016,-3.3171,-2.4369,-3.1165,-4.7188,-9.0242,1.5640,-5.5235,-3.8752,-3.3598,0.6520,-2.8265,-2.4668,-8.7799,-8.8327,-9.5852,-8.5852,-9.5790,-10.3096,-7.7532,-8.2880,-4.3752,-7.2188,-6.1123,-6.8226,0.7570,-0.4873,-2.8983,-3.1380,-0.1611,-2.0201,-2.0974,-4.9616,-5.0997,-5.2397,-5.3792,-5.5156,-5.6514,-5.7752,-5.8891,-5.9912,-6.0800,-6.1535,-6.1910,-6.2110,-6.2103,-6.1964,-6.1638,-6.1174,-6.0590,-5.9884,-5.9130,-5.8310,-5.7490,-5.6660,-5.5846,-5.5101,-5.4429,-5.3833,-5.3337,-5.2951,-5.2670,-5.2510,-5.2457,-5.2512,-5.2665,-5.2915,-5.3246,-5.3651,-5.4119,-5.4643,-5.5211,-5.5814,-5.6445,-5.7095,-5.7757,-5.8424,-5.9091,-5.9749,-6.0388,-6.1131,-6.1547
45122.6666667,-18.9298,-21.7039,-18.9514,-19.4281,-5.5986,-12.9406,-13.7798,-19.1221,-14.6212,-10.8676,-11.1981,-12.5219,-9.2655,-12.8905,-15.7139,-15.6829,-13.4408,-15.8927,-12.7553,-16.4922,-14.2633,-19.2288,-15.5332,-18.0559,-19.5361,-10.2201,-20.9492,-20.0920,-18.7469,-19.6202,-20.3647,-21.5208,-17.5093,-12.5357,-9.0623,-8.0074,-3.8586,-3.4113,-10.7846,1.0545,4.2588,-0.6352,-5.1355,-1.8386,14.4843,-3.5892,-7.9095,-5.4903,-10.2857,-7.5652,-4.9015,-6.2140,-6.1895,-5.2718,-7.8852,-16.3894,-16.2853,-11.5371,1.8116,-3.6941,-2.3522,-5.8349,-12.9050,-14.0932,-12.3192,-11.9523,-7.9691,-4.5104,-16.5694,-10.9970,-5.2787,-7.1896,-7.5288,-8.4005,-2.5436,0.8954,0.2894,0.1063,-5.0448,5.9349,21.2646,15.8673,3.7801,2.1255,1.4135,-0.8738,6.9142,1.2623,6.7793,1.9225,4.5732,8.6873,8.2705,2.7641,-5.4419,-6.3333,-5.0690,1.1188,-2.8914,-1.0228,-2.5893,0.8727,-4.4375,-5.1319,-1.7686,-2.1842,-5.9791,-5.3584,-9.2764,-11.4745,-11.8168,-11.5145,-8.5683,-7.6384,-6.2160,-5.6684,-8.4884,-6.4827,-10.8573,-10.4497,-7.4004,-7.8136,-9.0382,-10.5194,-10.5657,-10.0843,-11.2891,-7.3228,-9.9055,-8.3210,-9.7598,-11.2647,-13.8363,-14.8470,-8.6522,-12.1953,-12.6271,-10.9566,-11.2310,-12.3314,-10.8152,-11.1311,-9.8505,-7.2756,-5.5281,-6.7591,-7.7648,-0.6153,-9.9552,-9.1594,-9.0783,-9.3829,-9.3563,-11.6937,-5.7980,-3.9195,-1.4091,-1.5312,-2.2255,-6.6062,4.0688,-4.0520,-1.0381,-0.0033,4.4601,-0.7970,0.5363,-7.0062,-7.3570,-8.9184,-6.3342,-8.2886,-9.1119,-7.4800,-8.2967,-4.0168,-6.1120,-6.5565,-7.1417,1.5815,0.5503,-1.5769,-1.7003,1.3005,-0.3313,-0.4538,-2.9517,-3.0127,-3.0915,-3.1856,-3.2920,-3.4130,-3.5369,-3.6656,-3.7968,-3.9283,-4.0581,-4.1722,-4.2816,-4.3836,-4.4824,-4.5738,-4.6598,-4.7402,-4.8132,-4.8816,-4.9423,-4.9973,-5.0437,-5.0810,-5.1109,-5.1321,-5.1435,-5.1461,-5.1400,-5.1252,-5.1032,-5.0739,-5.0388,-4.9986,-4.9551,-4.9091,-4.8620,-4.8151,-4.7696,-4.7267,-4.6872,-4.6523,-4.6225,-4.5984,-4.5804,-4.5688,-4.5635,-4.5640,-4.5832,-4.5839
45122.7083333,-13.7427,-18.2496,-15.8793,-16.3844,-5.4832,-9.7569,-11.5323,-15.3447,-10.6090,-8.0023,-8.9531,-10.4405,-7.4472,-11.2777,-14.1586,-13.4853,-11.0528,-11.5932,-7.0367,-8.8390,-7.9082,-10.2530,-6.4696,-9.5656,-10.9402,-2.4056,-12.5738,-11.9148,-14.7406,-15.2711,-19.2229,-21.8069,-20.3249,-15.6593,-12.5690,-11.3584,-5.9016,-5.0926,-11.8718,-2.9949,-0.3643,-3.7710,-6.7378,-3.3183,16.2929,0.8028,-3.0215,1.2226,-3.6972,-1.0780,0.5246,1.0024,1.0986,0.1882,-1.0234,-10.8257,-11.3966,-7.9284,5.2129,-1.5077,-0.7236,-3.5959,-9.2545,-10.7572,-7.4865,-9.1419,-6.1743,-3.8764,-15.2475,-11.1190,-6.8368,-6.2794,-7.7780,-8.6549,-3.3830,0.6166,-0.7836,-0.5428,-3.4663,8.7189,23.4543,18.3433,4.8958,3.2281,4.9700,1.3903,10.7110,5.7741,11.3855,4.6432,7.6954,14.8540,15.3942,10.0273,1.7468,0.8538,1.6631,6.4691,3.0975,3.9802,2.7220,7.3526,0.5981,1.5634,4.5992,4.6718,-0.5862,0.8791,-3.4865,-6.0653,-6.2550,-6.7076,-5.0656,-4.0167,-3.4955,-2.4854,-4.9721,-4.0671,-7.3077,-7.1880,-4.1449,-4.2271,-5.8149,-6.6933,-8.2433,-7.2995,-7.9886,-3.8467,-5.7985,-4.3420,-6.1606,-6.8738,-9.8234,-11.3806,-6.0841,-9.4819,-9.9067,-9.2895,-8.8557,-10.5675,-10.6982,-11.3138,-10.3318,-8.0944,-8.2894,-7.6186,-8.4624,-2.5151,-9.8568,-8.6614,-8.7515,-8.5210,-8.6717,-10.4032,-3.6910,-1.7976,-0.0667,-0.9597,-1.2246,-3.6917,6.3751,-0.5640,2.1554,3.6634,7.8855,0.8097,3.5607,-3.8212,-4.7401,-6.1473,-3.8931,-5.4739,-7.1246,-5.3382,-5.8322,-1.4692,-2.9468,-3.4042,-4.7372,3.6667,2.8622,0.9380,0.8657,3.7934,2.2208,2.3159,0.0108,-0.0034,-0.0221,-0.0440,-0.0679,-0.0976,-0.1235,-0.1497,-0.1764,-0.2040,-0.2329,-0.2558,-0.2812,-0.3088,-0.3419,-0.3788,-0.4212,-0.4691,-0.5214,-0.5798,-0.6418,-0.7084,-0.7772,-0.8474,-0.9194,-0.9915,-1.0625,-1.1321,-1.1997,-1.2644,-1.3262,-1.3843,-1.4384,-1.4881,-1.5334,-1.5739,-1.6094,-1.6398,-1.6650,-1.6848,-1.6994,-1.7088,-1.7131,-1.7125,-1.7075,-1.6983,-1.6854,-1.6691,-1.6639,-1.6367
45122.7500000,-7.6590,-12.8020,-11.0638,-11.8114,-3.8461,-6.4529,-8.8498,-11.3195,-8.0211,-5.2247,-6.1596,-7.3652,-4.5035,-7.9645,-10.7808,-10.4021,-9.0566,-9.5705,-5.4274,-6.8440,-6.8761,-7.8885,-4.5377,-7.1301,-7.7609,0.3583,-7.2514,-5.8528,-8.6451,-7.8227,-12.6666,-15.4610,-15.9004,-12.3451,-10.9085,-10.3720,-6.5832,-5.2293,-10.3515,-3.7486,-1.7220,-4.3621,-6.5851,-3.9183,15.5949,1.5418,-1.4713,2.9529,-0.9237,1.2050,2.8150,4.1538,5.5839,4.4678,2.7759,-4.3415,-4.5029,-1.6457,9.5815,3.5355,4.0155,1.4771,-3.2799,-4.9733,-2.1627,-3.9413,-1.3980,-0.3947,-11.2364,-9.2103,-6.6916,-6.4622,-7.6380,-7.8961,-3.2474,-0.6427,-1.6668,-1.0841,-3.1510,8.8422,21.7756,17.7588,5.5711,3.9468,6.1064,3.3177,12.8575,8.6622,14.3042,7.5171,11.3453,19.4811,19.5944,14.7721,6.2694,6.2996,7.0850,10.5074,8.0714,8.2470,7.4985,13.0455,5.6156,6.6646,9.4837,10.3674,5.4228,7.3859,3.0337,1.3994,0.7515,-0.1577,0.7733,1.3002,1.3368,1.9241,-0.2261,-0.0115,-2.6805,-2.9596,-0.8954,-0.8051,-2.4560,-3.2330,-4.5760,-3.4224,-3.3982,0.9137,-0.9861,0.0716,-1.2885,-1.7996,-4.1420,-5.8640,-1.9290,-5.0168,-5.4029,-5.2967,-4.4042,-6.2592,-6.2594,-7.4815,-6.3825,-4.8525,-6.2757,-4.7767,-6.1821,-3.2221,-8.5629,-7.6077,-8.4383,-8.2601,-8.8583,-10.4920,-3.9022,-3.1815,-1.8845,-2.2391,-1.9326,-3.0634,6.3456,0.0555,2.5910,4.6898,8.3873,2.1928,6.0156,-0.2729,-0.8288,-1.7076,-0.0970,-1.1995,-2.9994,-1.8926,-2.1715,1.8002,0.4647,0.1078,-1.2621,5.7767,5.6158,3.6811,3.6561,6.5442,4.7199,5.4754,3.0411,3.2670,3.4885,3.7059,3.9006,4.0648,4.2032,4.2904,4.3219,4.2940,4.1936,4.0080,3.8595,3.7633,3.7025,3.6657,3.6424,3.6262,3.6139,3.6019,3.5899,3.5764,3.5621,3.5466,3.5292,3.5100,3.4893,3.4666,3.4416,3.4146,3.3849,3.3529,3.3183,3.2814,3.2421,3.2008,3.1577,3.1132,3.0676,3.0214,2.9749,2.9287,2.8831,2.8386,2.7955,2.7543,2.7154,2.6795,2.6348,2.6210
45122.7916667,-0.4425,-5.2487,-4.2480,-5.2563,0.3925,-1.5704,-4.3595,-6.2580,-4.5776,-2.1371,-3.2132,-4.4812,-2.2257,-5.0957,-7.8867,-7.6845,-7.0233,-7.4153,-3.6001,-4.7159,-5.5086,-5.7788,-3.1695,-5.6476,-6.2022,-0.0741,-5.9618,-4.6110,-7.3307,-5.7698,-9.9445,-11.9294,-12.1991,-8.4691,-7.3174,-6.5976,-4.0689,-2.7708,-6.5123,-2.0254,-0.8200,-3.1114,-4.9263,-3.1287,14.2346,1.1396,-1.4574,2.3133,-0.6745,0.8600,2.3987,3.8787,5.9289,5.0639,2.6493,-1.6735,-1.4594,1.1066,11.0061,5.7074,6.2228,4.2118,0.6772,-0.6319,1.6997,0.3367,2.9614,3.5606,-6.2911,-5.6418,-4.4783,-4.8598,-6.0157,-6.3399,-2.4865,-1.3393,-2.3312,-1.8471,-3.5503,6.4874,18.0606,14.5675,3.7607,2.2800,4.1303,2.0763,10.7104,6.8485,12.3849,5.7191,10.2093,18.1156,18.6366,14.7919,6.0764,7.3454,8.4128,10.6907,9.2459,9.0363,8.8749,15.2271,9.0003,9.9516,12.9946,13.8883,9.2288,11.5164,7.1244,7.5090,6.0878,5.1074,5.9613,5.7975,6.0346,5.7340,4.4031,4.8477,2.6226,2.1903,2.7947,3.1342,1.6519,0.8707,-0.4812,0.0313,-0.0776,3.8748,1.8654,2.0588,1.4144,1.0405,-0.4834,-1.7208,1.4645,-0.7025,-0.7765,-0.6814,0.1353,-1.6295,-1.7942,-3.1954,-2.3585,-1.4000,-3.0788,-1.5412,-2.8203,-1.5817,-5.4043,-4.5811,-5.7286,-5.8192,-7.1629,-9.3298,-3.5547,-3.6714,-3.1057,-3.0776,-2.5775,-3.5041,4.0046,-1.1025,0.9672,2.8038,5.6995,0.8287,4.5385,-0.2984,-0.3051,-0.4029,0.6725,0.6814,-0.3087,0.8309,0.8111,4.2214,2.9496,2.9505,1.8932,7.8687,7.8982,5.9130,5.9881,8.8672,6.6547,8.0400,5.3306,5.4022,5.4762,5.5590,5.6442,5.7332,5.8382,5.9484,6.0678,6.1983,6.3374,6.4823,6.6352,6.7903,6.9433,7.0901,7.2316,7.3613,7.4756,7.5713,7.6426,7.6873,7.7039,7.6922,7.6506,7.5829,7.4931,7.3888,7.2860,7.1907,7.1056,7.0320,6.9698,6.9181,6.8752,6.8396,6.8094,6.7831,6.7595,6.7374,6.7159,6.6944,6.6725,6.6497,6.6259,6.6009,6.5748,6.5482,6.5113,6.4992
45122.8333333,5.2190,1.9763,2.7246,1.9216,6.7123,4.6650,2.3994,0.3849,1.3608,3.1374,2.1485,0.8937,2.1862,-0.0687,-2.8220,-3.0779,-3.1883,-3.8688,-0.8295,-1.9596,-3.1104,-3.0064,-1.1242,-3.3026,-3.7714,0.9168,-3.6126,-2.5491,-5.3321,-3.8207,-7.9422,-9.6187,-10.1306,-6.5192,-5.4724,-4.4262,-2.2658,-0.8884,-3.3241,0.3322,1.5130,-0.2028,-1.5237,-0.1854,14.7965,2.8572,0.3565,3.2275,0.5793,1.5474,2.8228,4.0534,5.7882,5.1254,2.2896,-0.2877,0.0219,2.2557,11.1502,6.4830,7.0269,5.3898,2.7973,1.9138,3.6623,2.8645,5.5791,6.3947,-1.7508,-1.5704,-0.9352,-1.4578,-2.5270,-3.1811,-0.1998,0.2262,-0.7633,-0.4373,-1.8187,6.5662,16.8075,13.7847,4.2396,2.8392,4.2836,2.6009,10.0414,6.3746,11.4212,5.0179,9.4825,16.7538,17.3167,13.9992,5.1296,6.8215,7.9126,9.3163,8.5340,8.0151,8.1639,14.7378,9.9794,10.9142,14.5658,15.7383,11.3604,13.8067,9.1943,11.8112,9.3166,8.4663,9.6944,8.8832,9.7244,8.3761,7.9827,9.3520,7.5447,7.1973,6.0369,7.4939,5.8215,5.6221,4.5957,4.8346,4.3812,7.5514,5.2411,4.1704,4.0445,3.7051,2.7107,1.8369,4.3318,2.4803,2.4066,2.7117,3.1194,1.9487,1.8089,0.9342,1.5145,2.1461,0.9628,1.7722,0.9256,1.7335,-1.0980,-0.5357,-1.7185,-2.1483,-3.7994,-6.1725,-1.4050,-1.8796,-1.7767,-1.4952,-1.0175,-1.8756,3.7752,-0.2714,1.2772,2.7958,4.9921,1.1495,4.1257,0.2626,0.1351,0.0198,0.5284,0.9265,0.5214,1.7856,2.0212,4.6996,3.4510,3.7852,3.0935,8.5842,8.5187,6.5069,6.7303,9.6996,7.1875,9.3123,6.6930,6.8342,6.9717,7.1087,7.2404,7.3660,7.4934,7.6153,7.7340,7.8510,7.9654,8.0763,8.1867,8.2949,8.4003,8.5027,8.6056,8.7078,8.8103,8.9140,9.0178,9.1221,9.2277,9.3347,9.4415,9.5484,9.6540,9.7577,9.8583,9.9550,10.0458,10.1291,10.2032,10.2666,10.3181,10.3566,10.3814,10.3920,10.3881,10.3704,10.3417,10.3038,10.2606,10.2142,10.1664,10.1188,10.0732,10.0298,9.9824,9.9609
45122.8750000,10.6871,9.2166,9.4860,8.7037,13.2143,10.1113,8.7954,6.4942,7.4457,8.1441,7.4633,6.4789,6.6763,5.7384,3.5116,3.0480,2.6485,1.7451,3.6763,2.5389,1.3780,1.2762,2.2733,0.5180,-0.0595,3.4721,-0.3160,0.3346,-2.2352,-0.9966,-4.8846,-6.4680,-7.3847,-4.2508,-3.5458,-2.5472,-0.8855,0.3704,-1.3219,1.8582,3.0179,1.6875,0.7126,1.8405,15.3644,5.1876,2.9621,5.1522,2.9383,3.3401,4.5646,5.6794,7.1010,6.4847,3.2164,2.0127,2.1093,3.8097,11.5871,7.2654,7.6782,6.2324,4.3407,3.7534,4.8658,4.5047,7.2638,8.2762,1.6558,1.7932,2.3291,1.9122,1.0081,0.4148,2.3109,2.9266,2.0345,2.2429,1.0770,8.0478,16.9711,14.3779,5.8504,4.4444,5.7869,4.4023,11.0968,7.6328,12.3289,6.1065,10.5492,17.1539,17.6347,14.7533,5.7971,7.6891,8.6542,9.2437,8.8385,8.0225,8.2265,14.6096,11.1525,11.8536,15.7608,16.9638,12.5811,15.1182,10.0931,14.6654,10.8249,9.9935,11.5449,10.1060,11.5337,9.2287,9.6309,12.0853,10.6004,10.4839,7.7525,10.8023,8.8666,9.7772,9.5389,10.0465,9.3482,12.0116,9.1847,6.6139,7.1130,6.8996,6.3692,5.8382,8.0049,6.1689,5.8477,6.2494,5.7869,4.9600,4.5837,4.1799,4.2379,4.6357,4.1361,3.8189,3.5701,4.7764,2.5025,2.7738,1.9974,1.5964,0.2643,-1.8693,1.4851,1.1087,1.0521,1.1922,1.6061,0.9190,5.3686,2.0346,3.0829,4.3212,5.8529,2.6736,5.2154,1.9774,1.8862,1.6011,1.4790,2.0235,1.7720,2.8395,2.9891,4.8386,3.5069,3.9381,3.3701,8.3746,8.0681,6.0006,6.2747,9.2097,6.4827,9.1137,6.6161,6.8300,7.0413,7.2514,7.4565,7.6556,7.8538,8.0462,8.2340,8.4181,8.5975,8.7716,8.9420,9.1074,9.2672,9.4210,9.5709,9.7158,9.8563,9.9927,10.1245,10.2519,10.3756,10.4961,10.6125,10.7260,10.8363,10.9438,11.0491,11.1526,11.2544,11.3548,11.4541,11.5522,11.6493,11.7454,11.8406,11.9346,12.0270,12.1174,12.2059,12.2915,12.3743,12.4534,12.5281,12.5979,12.6625,12.7206,12.7649,12.8066
45122.9166667,13.9886,14.6877,14.6791,14.0507,19.0209,14.2907,14.2254,11.3203,12.6650,12.0063,11.6633,10.9210,9.7854,10.3262,8.8363,8.2482,7.9722,6.9956,7.5930,6.6580,6.2508,5.5623,5.6813,4.7987,4.1803,7.2193,3.5551,3.6146,1.5640,2.1688,-1.2513,-2.8299,-4.1182,-1.6426,-1.3315,-0.6106,0.5188,1.4420,0.0406,2.8399,3.7914,2.5614,1.7107,2.6055,14.8538,6.1574,4.0840,5.8614,4.0547,3.9866,5.4092,6.6400,7.9470,7.4317,3.6637,4.0499,4.0364,5.3172,12.1567,8.0161,8.2214,6.8295,5.4461,5.0690,5.5487,5.4756,8.1556,9.2171,3.6924,3.9529,4.6032,4.3848,3.5841,2.9750,3.8041,5.1561,4.3298,4.5275,3.4824,9.3184,17.0250,14.7210,6.8854,5.3448,6.6870,5.4283,11.6520,8.2785,12.7217,6.5210,11.0414,17.1083,17.5289,15.0704,5.9964,8.1526,9.0846,9.0670,8.9676,7.9672,8.2251,14.4716,11.8961,12.4377,16.5553,17.7419,13.2528,15.9072,10.4252,16.5587,11.3023,10.3481,12.1136,10.1447,11.9551,8.9418,9.7984,13.0802,11.7404,11.7469,7.7085,12.0304,9.7737,11.7794,12.5277,13.6189,12.7325,15.1836,11.7267,7.6943,8.8954,8.9826,9.0497,9.0566,11.4522,9.6046,9.0964,9.8068,8.2757,7.7126,7.0167,7.0802,6.4727,6.6515,6.7740,5.1180,5.2754,7.1863,5.0505,4.9242,4.4895,3.9809,3.1898,1.6602,3.4597,3.5914,3.7260,3.4641,3.7901,3.3136,7.2864,4.3505,4.9693,6.0370,6.9953,4.1312,6.5397,3.5823,3.7602,3.3011,2.4376,3.2176,3.2189,4.1960,4.1868,5.2969,3.8255,4.2409,3.6549,8.1574,7.5498,5.4052,5.5939,8.2913,5.4581,8.1580,5.7276,5.8822,6.0421,6.2082,6.3783,6.5515,6.7309,6.9133,7.0991,7.2884,7.4802,7.6737,7.8692,8.0653,8.2610,8.4554,8.6490,8.8408,9.0302,9.2170,9.4003,9.5799,9.7557,9.9276,10.0951,10.2584,10.4171,10.5713,10.7213,10.8671,11.0087,11.1463,11.2800,11.4097,11.5356,11.6580,11.7768,11.8923,12.0046,12.1135,12.2198,12.3231,12.4242,12.5229,12.6195,12.7140,12.8067,12.8965,12.9770,13.0458
45122.9583333,15.6777,18.4721,18.2754,17.8512,23.7853,17.1565,18.4880,14.9145,16.9730,14.8927,14.9335,14.4683,12.0135,14.0305,13.3872,12.7026,12.7681,11.7111,10.7673,9.9959,10.7982,9.1792,8.4110,8.6524,8.0666,11.4246,7.3990,6.8232,5.8353,5.6185,3.1111,1.5645,0.0830,1.8440,1.8256,2.1258,2.8606,3.4131,1.9274,4.4256,5.1304,3.8630,2.9915,3.6536,14.6745,6.9757,4.7958,6.1231,4.4680,4.0106,5.5805,6.8927,8.1109,7.6857,3.5004,5.2829,5.2167,6.2282,12.4606,8.5149,8.6249,7.3165,6.3827,6.2442,6.2121,6.4025,9.0636,10.0569,4.9170,5.2297,6.0876,6.1172,5.3750,4.6213,4.5461,6.8478,6.0817,6.3818,5.4260,10.4444,17.1821,15.1483,7.8140,6.0911,7.5131,6.3145,12.3084,8.9663,13.2441,6.9801,11.6063,17.2129,17.5487,15.4038,6.1574,8.4880,9.3793,8.9142,9.0157,7.8732,8.1544,14.2915,11.9649,12.4382,16.8057,18.0443,13.4852,16.2830,10.4615,17.9729,11.4669,10.3922,12.3156,9.9750,12.0279,8.5749,9.6635,13.5232,12.2480,12.3090,7.3407,12.4258,9.8523,12.6419,14.2381,15.8775,14.7230,17.0768,12.9238,7.7121,9.4081,9.7483,10.3354,10.8933,13.8501,12.0235,11.4692,12.8007,10.2124,10.0026,9.0726,9.7475,8.5090,8.6055,9.4309,6.4206,6.9230,9.7666,7.5190,6.9692,6.8072,5.9971,5.6030,4.5877,4.8447,5.5817,6.0736,5.2550,5.4602,5.1590,9.2025,6.4342,6.7316,7.7727,8.2782,5.4960,8.0492,5.1323,5.7708,5.1133,3.3780,4.3845,4.6972,5.7592,5.6207,6.1291,4.4926,4.9210,4.2966,8.4961,7.6576,5.4732,5.5942,8.0734,5.2336,7.8735,5.5185,5.6012,5.6888,5.7819,5.8794,5.9808,6.0885,6.2004,6.3171,6.4390,6.5657,6.6968,6.8330,6.9735,7.1179,7.2658,7.4177,7.5731,7.7316,7.8932,8.0572,8.2234,8.3915,8.5614,8.7323,8.9042,9.0765,9.2489,9.4211,9.5929,9.7637,9.9333,10.1013,10.2673,10.4312,10.5925,10.7510,10.9066,11.0590,11.2079,11.3535,11.4955,11.6340,11.7691,11.9006,12.0285,12.1529,12.2727,12.3818,12.4707
45123.0000000,16.7919,21.1894,20.8297,20.5772,27.5775,19.1567,21.7970,17.1196,19.9478,16.5745,16.9766,16.7810,13.1833,16.3156,16.6070,15.9644,16.6292,15.6080,13.1359,12.5624,14.8333,12.0958,10.4986,11.9254,11.3834,15.5786,10.7378,9.4801,9.8709,8.6844,7.4717,6.0431,4.6721,5.7716,5.6078,5.4522,6.0565,6.3345,4.4522,6.3260,6.8862,5.5439,4.5912,5.1099,15.1755,8.2739,5.8785,6.0925,4.5773,3.8563,5.5401,6.9178,8.0552,7.6855,3.2403,6.0361,5.8698,6.6404,12.3849,8.5786,8.6113,7.3690,6.8012,6.8984,6.4722,6.9326,9.7375,10.4930,5.6829,6.0417,7.1092,7.3582,6.6079,5.6176,4.8249,8.0248,7.2819,7.7199,6.8068,11.1683,17.1133,15.3202,8.3477,6.2842,7.8322,6.6884,12.6431,9.3325,13.5582,7.2125,12.0207,17.2998,17.5968,15.7494,6.3323,8.8364,9.7168,8.9172,9.1654,7.9231,8.2254,14.3234,10.7811,11.3261,15.9686,17.3696,12.8894,15.5220,9.6861,18.4811,11.1047,10.0639,12.1394,9.5944,11.8223,8.1457,9.3757,13.6446,12.4220,12.5349,7.0108,12.5367,9.7384,13.0715,15.3512,17.4524,15.9624,18.2295,13.3896,7.3681,9.3107,9.7879,10.7150,11.6865,15.2180,13.3520,12.7606,14.7710,11.1896,11.3274,10.2354,11.5663,9.7876,9.9221,11.5262,7.2847,8.1602,12.1213,9.6462,8.7244,8.8989,7.8560,7.8919,7.3871,6.1785,7.5364,8.4751,7.0007,6.6263,6.4871,10.9305,8.0256,8.1047,9.2134,9.3573,6.5134,9.4027,6.3812,7.6424,6.8078,4.1697,4.7392,5.5227,6.9270,6.7991,6.8675,5.0831,5.6059,4.9647,9.0815,8.0669,5.8381,5.9275,8.2753,5.4284,8.0372,5.7359,5.7766,5.8198,5.8663,5.9156,5.9675,6.0237,6.0832,6.1465,6.2137,6.2849,6.3599,6.4391,6.5222,6.6091,6.6995,6.7938,6.8919,6.9937,7.0992,7.2082,7.3206,7.4365,7.5558,7.6783,7.8040,7.9328,8.0645,8.1990,8.3363,8.4762,8.6186,8.7631,8.9096,9.0579,9.2077,9.3589,9.5111,9.6640,9.8173,9.9710,10.1245,10.2779,10.4306,10.5826,10.7335,10.8828,11.0291,11.1658,11.2760
45123.0416667,17.5236,23.1077,22.6739,22.5728,30.5088,20.6786,24.3327,19.6376,23.1392,18.7465,19.3964,19.3440,14.8109,19.0175,19.8083,18.9182,19.8775,18.7223,14.8247,14.3117,17.9784,14.1577,11.8838,14.3910,13.9156,19.2800,13.4422,11.5235,13.4187,11.1812,11.4300,10.1451,9.0802,9.5372,9.3774,8.7372,9.4807,9.6274,7.0763,9.1855,9.5025,7.8979,6.7035,7.0665,16.3810,10.0276,7.2678,7.1041,5.4005,4.3861,6.0290,7.2839,8.2018,7.7770,3.1537,6.5797,6.2609,6.8103,12.1412,8.4363,8.3918,7.1881,6.8791,7.1477,6.3965,7.0492,9.9715,10.7278,6.0331,6.4437,7.7252,8.1859,7.4095,6.1770,4.8557,8.8131,8.0618,8.6406,7.7276,11.6257,16.8945,15.2868,8.5673,6.3823,8.0004,6.8522,12.7646,9.4336,13.5980,7.1578,12.0985,17.1030,17.3648,15.7702,6.2144,8.8590,9.7504,8.7145,9.0805,7.7832,8.1057,14.0770,10.6495,11.0015,15.5224,16.7993,12.2363,14.9069,8.8969,18.2601,10.2209,9.1883,11.3540,8.7497,11.0662,7.3668,8.6735,13.1958,12.0591,12.2529,6.5104,12.2668,9.3865,13.1097,15.9640,18.5046,16.7078,18.9224,13.4872,6.9868,9.0192,9.5599,10.6855,11.9347,15.9472,13.9888,13.3311,15.9249,11.4645,11.8490,10.6115,12.4850,10.2526,10.4380,12.7392,7.4850,8.6592,13.7165,10.9667,9.7401,10.2753,9.1131,9.6682,9.7661,7.2258,9.2281,10.7031,8.5125,8.0895,8.0026,12.9733,9.8951,9.7073,10.8735,10.6668,7.6097,10.8442,7.5401,9.3708,8.2836,4.7296,5.7056,6.6230,8.1595,7.8755,7.4991,5.4969,6.0513,5.3453,9.4722,8.3052,6.0169,6.0897,8.3738,5.5115,8.1323,5.8665,5.8987,5.9331,5.9699,6.0082,6.0477,6.0891,6.1316,6.1754,6.2207,6.2673,6.3152,6.3649,6.4162,6.4691,6.5237,6.5805,6.6394,6.7005,6.7642,6.8303,6.8991,6.9705,7.0449,7.1220,7.2021,7.2851,7.3711,7.4600,7.5520,7.6470,7.7449,7.8457,7.9493,8.0558,8.1649,8.2767,8.3911,8.5079,8.6269,8.7483,8.8718,8.9973,9.1248,9.2539,9.3847,9.5167,9.6484,9.7742,9.8762
45123.0833333,17.6056,24.1813,23.6589,23.6694,32.5094,21.3115,25.8033,20.6718,24.8426,19.5350,20.4487,20.6354,15.4674,20.5586,22.1096,21.3399,22.8645,21.7268,16.7052,16.2433,21.0446,16.2463,13.4055,16.6949,16.2140,22.6635,15.8291,13.3098,16.5321,13.3020,14.9083,13.7701,13.1206,12.9875,12.9271,11.7800,12.8437,12.9541,9.5160,12.2404,12.4550,10.5698,9.0989,9.4180,18.3631,12.4713,9.2476,8.7127,6.8502,5.5413,7.2636,8.4705,9.2003,8.6889,3.7945,7.7408,7.1686,7.4523,12.3451,8.6384,8.4535,7.2136,7.0324,7.3753,6.3350,7.0837,10.0531,10.8187,6.1694,6.6039,8.0616,8.7033,7.8864,6.4249,4.7408,9.2941,8.5272,9.2503,8.3267,11.8771,16.5891,15.1445,8.6301,6.3532,8.0357,6.8921,12.7979,9.4557,13.5803,7.0773,12.1120,16.8779,17.0976,15.7011,6.0578,8.7696,9.6544,8.4496,8.8845,7.5483,7.8751,13.7526,10.4910,10.7950,15.2923,16.5422,12.0019,14.6638,8.6531,18.3229,9.7651,8.6493,10.7376,8.1119,10.3636,6.7246,7.9738,12.5106,11.4123,11.6287,5.8802,11.6221,8.7516,12.7016,16.0159,18.9815,16.9824,19.2062,13.3384,6.6310,8.6761,9.2505,10.4904,11.9239,16.3256,14.2734,13.5484,16.6117,11.4382,11.9745,10.6115,12.8733,10.2843,10.4932,13.3242,7.3260,8.6668,14.6194,11.5898,10.1184,10.9424,9.6872,10.7133,11.4066,7.7346,10.3311,12.3913,9.5296,9.0871,9.1379,14.8735,11.5592,11.1892,12.5029,12.0127,8.6828,12.3903,8.7415,11.2054,9.8529,5.4014,6.7812,7.9660,9.7607,9.3532,8.5826,6.3320,6.9163,6.1126,10.3139,8.9761,6.5758,6.6059,8.8358,5.9037,8.5164,6.2186,6.2100,6.2050,6.2038,6.2061,6.2118,6.2213,6.2343,6.2508,6.2707,6.2939,6.3203,6.3498,6.3822,6.4172,6.4547,6.4945,6.5365,6.5805,6.6265,6.6741,6.7233,6.7741,6.8265,6.8803,6.9356,6.9923,7.0506,7.1105,7.1720,7.2352,7.3002,7.3670,7.4358,7.5065,7.5794,7.6543,7.7314,7.8107,7.8923,7.9761,8.0622,8.1506,8.2413,8.3344,8.4296,8.5268,8.6251,8.7199,8.7975
45123.1250000,17.2225,24.5870,23.9983,24.1108,33.8164,21.3878,26.6102,21.1079,25.8721,19.7467,20.8558,21.1958,15.4439,21.1641,23.2936,22.5483,24.6017,23.5233,17.5339,17.2673,23.2661,17.6012,14.3479,18.4405,18.0419,25.6431,17.8400,14.8700,19.2697,15.1978,18.0223,17.0079,16.7771,16.1292,16.2186,14.6131,16.0898,16.2436,11.8584,15.4971,15.6664,13.4554,11.6613,11.9875,20.8863,15.3741,11.6049,10.8286,8.7104,7.0467,8.9811,10.2010,10.7860,10.1816,4.7889,9.4517,8.6315,8.6809,13.2361,9.4700,9.1388,7.8249,7.7041,8.0630,6.7363,7.5005,10.4074,11.0410,6.2452,6.6530,8.2359,9.0214,8.1577,6.4963,4.5787,9.5634,8.7747,9.6316,8.6891,11.9709,16.2155,14.9095,8.5692,6.2347,7.9571,6.8192,12.7149,9.3680,13.4577,6.9266,12.0206,16.5889,16.7770,15.5523,5.8849,8.6286,9.5084,8.1910,8.6717,7.3210,7.6485,13.4210,10.1740,10.4491,14.9158,16.1527,11.6655,14.3322,8.3924,18.3380,9.4588,8.3436,10.3561,7.7620,9.9339,6.4006,7.5786,12.0318,10.9492,11.1442,5.4796,11.0247,8.1623,12.1330,15.7166,18.9748,16.8004,19.0291,12.8796,6.1710,8.1917,8.8005,10.1174,11.6823,16.3834,14.2970,13.5520,16.9989,11.3197,11.9610,10.5186,13.0419,10.2058,10.4206,13.6180,7.1330,8.5366,15.1348,11.8577,10.2007,11.2127,9.8552,11.2132,12.3879,7.8291,10.8790,13.4716,10.0180,9.5677,9.7320,16.2737,12.6824,12.1861,13.6846,12.9645,9.3494,13.5943,9.5924,12.7662,11.2052,5.9251,7.6658,9.1935,11.3615,10.8775,9.7610,7.2366,7.8981,7.0019,11.4186,9.9142,7.3602,7.3659,9.6160,6.5538,9.2318,6.8555,6.8182,6.7835,6.7517,6.7224,6.6959,6.6724,6.6518,6.6341,6.6196,6.6081,6.5997,6.5944,6.5923,6.5932,6.5972,6.6043,6.6145,6.6278,6.6441,6.6634,6.6856,6.7106,6.7385,6.7691,6.8023,6.8381,6.8763,6.9168,6.9596,7.0046,7.0516,7.1006,7.1514,7.2040,7.2582,7.3141,7.3715,7.4304,7.4907,7.5525,7.6156,7.6802,7.7462,7.8136,7.8825,7.9526,8.0233,8.0916,8.1471
45123.1666667,16.7388,24.6868,24.0372,24.2328,34.7218,21.2223,27.0351,21.2523,26.5106,19.6872,20.9411,21.3911,15.1808,21.3475,23.9509,23.1929,25.6785,24.5906,17.7084,17.5401,24.5937,18.1102,14.5004,19.2730,18.9533,27.7530,18.9781,15.6327,21.1981,16.3866,20.4726,19.6351,19.8978,18.7837,19.0647,17.0432,18.9825,19.2456,13.9519,18.4217,18.6640,16.1797,14.0986,14.5198,23.6904,18.5876,14.2848,13.3867,10.9989,8.9509,11.2413,12.5570,13.0580,12.3670,6.2225,11.8007,10.7050,10.5400,14.9050,11.0026,10.5177,9.0868,8.9881,9.3462,7.7211,8.4871,11.3229,11.7475,6.5243,6.8133,8.4534,9.3300,8.3969,6.5269,4.4644,9.7425,8.9260,9.8983,8.9388,12.0172,15.8757,14.6915,8.5084,6.1450,7.8866,6.7551,12.6274,9.2841,13.3351,6.8069,11.9242,16.3218,16.4817,15.3968,5.7502,8.4912,9.3621,7.9763,8.4843,7.1333,7.4561,13.1072,9.9055,10.1444,14.5461,15.7543,11.3228,13.9645,8.1033,18.2240,9.1342,8.0439,9.9957,7.4624,9.5662,6.1559,7.2837,11.6431,10.5944,10.7846,5.2654,10.6021,7.7881,11.7060,15.4429,18.8769,16.5075,18.6897,12.3284,5.7255,7.6517,8.2440,9.5673,11.1893,16.0705,13.9726,13.2340,16.9915,10.9807,11.7211,10.2672,12.9868,10.0204,10.2614,13.7247,6.9718,8.4075,15.4542,11.9989,10.2256,11.3644,9.9228,11.4867,13.0065,7.8141,11.1668,14.1932,10.2658,9.8640,10.0945,17.3609,13.5029,12.9365,14.6128,13.7046,9.8178,14.5505,10.1934,14.0121,12.2445,6.2242,8.3150,10.1745,12.7652,12.2333,10.8107,8.0011,8.7711,7.7900,12.5427,10.8796,8.1397,8.1428,10.4910,7.2453,10.0712,7.5750,7.5271,7.4804,7.4351,7.3910,7.3483,7.3074,7.2680,7.2304,7.1948,7.1611,7.1295,7.1000,7.0728,7.0478,7.0251,7.0049,6.9871,6.9719,6.9591,6.9490,6.9414,6.9365,6.9343,6.9348,6.9380,6.9439,6.9525,6.9638,6.9779,6.9947,7.0141,7.0363,7.0611,7.0885,7.1184,7.1508,7.1857,7.2230,7.2625,7.3043,7.3483,7.3944,7.4425,7.4926,7.5444,7.5979,7.6525,7.7056,7.7488
45123.2083333,15.9592,24.3394,23.6833,23.9805,35.1965,20.8212,27.1515,21.1530,26.8749,19.5001,20.8884,21.4456,14.9112,21.3735,24.3699,23.5891,26.4402,25.3195,17.6717,17.5501,25.4914,18.2820,14.3885,19.6710,19.3959,29.3065,19.5841,15.8935,22.4688,16.9580,22.2031,21.5463,22.3437,20.8046,21.3205,18.9048,21.3574,21.7680,15.5448,20.7641,21.0890,18.3062,15.9253,16.4784,26.1851,21.5710,16.7929,15.6516,13.0978,10.6805,13.4371,15.0148,15.5718,14.8619,7.7935,14.5936,13.2917,12.9824,17.3419,13.2731,12.6704,11.1087,11.0336,11.4066,9.4603,10.2432,13.0442,13.2555,7.2803,7.3573,9.0014,9.9181,8.8763,6.7393,4.5667,10.0458,9.1759,10.2382,9.2519,12.1730,15.7058,14.6214,8.5690,6.1849,7.9324,6.8000,12.6441,9.3050,13.3181,6.8039,11.9291,16.1786,16.3157,15.3472,5.7388,8.4651,9.3264,7.8994,8.4234,7.0777,7.3941,12.9299,9.7492,9.9652,14.3000,15.4831,11.1160,13.7412,7.9553,18.1490,8.9067,7.8217,9.7097,7.2394,9.2718,5.9781,7.0573,11.3111,10.2977,10.4860,5.1198,10.2686,7.5256,11.3771,15.2225,18.8041,16.2833,18.4207,11.9267,5.4851,7.3030,7.8553,9.1384,10.7552,15.7052,13.5760,12.8151,16.7616,10.5219,11.3036,9.8469,12.6766,9.6453,9.9070,13.5477,6.6806,8.1319,15.4822,11.9119,10.0804,11.3296,9.8753,11.6125,13.4148,7.7911,11.3466,14.7205,10.4385,10.0577,10.3549,18.2574,14.1710,13.5633,15.4159,14.3662,10.2486,15.4187,10.7443,15.1270,13.1611,6.5099,8.9003,11.0479,14.0499,13.4725,11.7705,8.6739,9.5514,8.4844,13.6338,11.8156,8.8687,8.8795,11.3768,7.9104,10.9380,8.2888,8.2403,8.1923,8.1450,8.0982,8.0520,8.0066,7.9620,7.9183,7.8756,7.8339,7.7933,7.7538,7.7156,7.6786,7.6429,7.6086,7.5758,7.5444,7.5147,7.4866,7.4602,7.4356,7.4128,7.3919,7.3729,7.3560,7.3411,7.3284,7.3178,7.3095,7.3034,7.2996,7.2981,7.2990,7.3022,7.3079,7.3159,7.3264,7.3393,7.3546,7.3723,7.3924,7.4150,7.4399,7.4672,7.4967,7.5281,7.5597,7.5862
45123.2500000,15.1982,23.7770,23.0599,23.3864,35.1351,20.0334,26.7308,20.6722,26.7460,18.9276,20.4115,21.0653,14.3510,21.0164,24.3571,23.5912,26.7794,25.6511,17.4048,17.3466,25.9963,18.1820,14.1030,19.7532,19.5004,30.3483,19.7556,15.8154,23.2220,17.1122,23.3469,22.8288,24.1130,22.1432,22.8724,20.0773,23.0257,23.5910,16.4726,22.4189,22.8104,19.7012,17.0212,17.7036,28.0442,23.9041,18.6325,17.1495,14.4522,11.6649,14.8859,16.7795,17.4398,16.7221,8.6631,16.9279,15.5202,15.1264,19.5891,15.3472,14.6993,13.0590,13.1129,13.6195,11.4001,12.3119,15.2476,15.3088,8.5884,8.4374,10.0497,10.9528,9.7574,7.3092,5.0004,10.6314,9.6578,10.7833,9.7272,12.4789,15.6875,14.6463,8.6757,6.2776,8.0271,6.8892,12.6949,9.3415,13.3046,6.7934,11.8999,16.0022,16.1021,15.2306,5.6762,8.3963,9.2430,7.7744,8.2994,6.9602,7.2706,12.6943,9.4933,9.6848,13.9340,15.0871,10.7984,13.4121,7.7644,18.0116,8.7035,7.6473,9.4618,7.0432,8.9975,5.8024,6.8403,10.9678,9.9741,10.1531,4.9544,9.9255,7.2589,11.0206,14.9159,18.6033,15.9631,18.0472,11.4956,5.2555,6.9978,7.5299,8.7743,10.3634,15.3078,13.1605,12.3798,16.4226,10.0489,10.8395,9.3912,12.2391,9.1800,9.4335,13.1373,6.2766,7.7032,15.1796,11.5227,9.6624,10.9817,9.5588,11.4336,13.4754,7.5655,11.2276,14.8524,10.2943,9.9066,10.2649,18.6848,14.3620,13.6923,15.6927,14.5228,10.2265,15.8027,10.8941,15.8389,13.7606,6.6406,9.2517,11.6876,15.0969,14.4927,12.5455,9.1848,10.1682,9.0233,14.5628,12.5771,9.4071,9.4199,12.0750,8.3675,11.6146,8.8043,8.7688,8.7311,8.6917,8.6510,8.6093,8.5670,8.5242,8.4812,8.4381,8.3950,8.3520,8.3092,8.2668,8.2247,8.1832,8.1422,8.1019,8.0623,8.0236,7.9858,7.9489,7.9130,7.8782,7.8446,7.8122,7.7811,7.7512,7.7228,7.6958,7.6702,7.6463,7.6239,7.6031,7.5840,7.5667,7.5511,7.5374,7.5255,7.5155,7.5074,7.5013,7.4972,7.4952,7.4953,7.4974,7.5016,7.5077,7.5152,7.5218
45123.2916667,13.6126,22.2538,21.5095,21.8151,33.9290,18.2619,25.1367,18.9728,25.3515,17.2610,18.7955,19.5309,12.8083,19.5237,23.1486,22.4478,25.9392,24.8208,16.1750,16.2308,25.4613,17.1591,13.0473,18.9710,18.7519,30.3553,18.9250,14.8321,22.9412,16.3722,23.4868,23.0991,24.8385,22.4633,23.3362,20.1659,23.5195,24.1528,16.1771,22.7940,23.1407,19.6817,16.6662,17.4661,28.5093,24.6853,18.9479,17.2537,14.4592,11.4053,15.0598,17.2146,17.9454,17.1787,8.2051,17.8138,16.3562,15.9062,20.5056,15.9680,15.2498,13.5023,13.7011,14.4534,12.0788,13.2544,16.5830,16.6536,9.7724,9.6456,11.2977,12.1381,10.7442,7.9814,5.5595,11.3249,10.1436,11.2792,10.0411,12.5826,15.5211,14.3672,8.3482,5.9114,7.5717,6.4170,12.1484,8.7272,12.6003,6.1142,11.1118,15.0741,15.1251,14.2771,4.8453,7.5503,8.3957,6.9652,7.4358,6.1077,6.4148,11.6774,8.6116,8.7542,12.8745,13.9363,9.6908,12.3239,6.8620,17.1636,7.8942,6.9492,8.7646,6.3998,8.2745,5.1855,6.1547,10.1516,9.1400,9.2991,4.2907,9.1117,6.5225,10.1881,14.0395,17.7622,15.0008,17.0175,10.4293,4.4596,6.1536,6.6942,7.9251,9.4862,14.3762,12.2164,11.4420,15.5223,9.0935,9.8875,8.4985,11.3596,8.3181,8.5691,12.2620,5.5062,6.8996,14.3911,10.6399,8.7654,10.0959,8.7197,10.6978,12.9183,6.9231,10.6144,14.3618,9.6003,9.1069,9.4221,18.2263,13.6223,12.8678,14.9549,13.7025,9.2333,15.0735,9.9835,15.3759,13.2852,5.9452,8.6808,11.3994,15.2335,14.6259,12.5226,8.9252,10.0052,8.7903,14.6982,12.5596,9.1194,9.0686,11.8431,7.8792,11.2587,8.2378,8.2218,8.2059,8.1895,8.1720,8.1527,8.1322,8.1098,8.0856,8.0597,8.0321,8.0029,7.9722,7.9399,7.9063,7.8713,7.8351,7.7978,7.7595,7.7202,7.6803,7.6397,7.5986,7.5573,7.5157,7.4741,7.4319,7.3907,7.3497,7.3089,7.2687,7.2289,7.1898,7.1513,7.1136,7.0771,7.0406,7.0052,6.9706,6.9371,6.9046,6.8730,6.8426,6.8129,6.7833,6.7504,6.7224,6.6953,6.6668,6.6441
45123.3333333,11.0072,19.5183,18.8361,19.1247,31.5070,15.5831,22.4629,16.1401,22.7237,14.5955,16.1107,16.8787,10.3372,16.6656,20.4656,19.8764,23.5643,22.4391,13.6918,13.9143,23.5981,15.0002,11.0355,17.0763,16.8844,29.1770,17.0630,12.9175,21.5592,14.6578,22.4229,22.0979,24.1396,21.3967,22.4784,19.0985,22.8926,23.5846,14.8693,22.0223,22.2901,18.5529,15.2089,16.1084,27.8330,24.0626,17.8772,16.0307,13.1329,9.9789,13.9226,16.2234,16.9526,16.1334,6.6255,17.1201,15.6570,15.2220,20.0669,15.2381,14.4711,12.5862,12.8104,13.7280,11.2687,12.5643,16.2080,16.4261,9.9886,10.2895,12.1955,13.0335,11.4602,8.4683,5.9953,11.9666,10.5611,11.6659,10.1804,12.5439,15.3716,14.0412,7.8961,5.4274,6.8623,5.7076,11.3191,7.8051,11.5287,5.1492,9.8893,13.6717,13.6375,12.6934,3.5124,6.0832,6.9005,5.6130,5.9520,4.6515,4.9213,9.9313,7.0009,7.1169,11.0258,12.0081,7.8567,10.4835,5.2647,15.4377,6.3283,5.4981,7.3787,5.1227,6.9014,3.9921,4.8110,8.6931,7.7020,7.8761,3.1714,7.7451,5.2116,8.7657,12.4887,16.2348,13.4136,15.3979,8.8318,3.2654,4.8438,5.3417,6.4704,7.9542,12.6569,10.5379,9.8213,13.8972,7.5723,8.2767,6.9855,9.8597,6.9208,7.1983,10.8311,4.3434,5.6763,13.0763,9.2838,7.4377,8.7358,7.4181,9.4392,11.7291,5.9032,9.5502,13.3388,8.5061,7.8570,8.0578,17.1779,12.1992,11.4376,13.5348,12.3216,7.7050,13.5718,8.3927,13.8992,11.8159,4.5331,7.1957,10.0232,14.2046,13.5984,11.5514,7.7180,8.8788,7.6487,13.8486,11.7730,8.0829,7.9366,10.7905,6.6445,10.0208,6.6971,6.7235,6.7448,6.7607,6.7730,6.7801,6.7844,6.7846,6.7802,6.7719,6.7601,6.7452,6.7277,6.7080,6.6861,6.6624,6.6371,6.6104,6.5824,6.5549,6.5233,6.4916,6.4576,6.4227,6.3866,6.3487,6.3093,6.2683,6.2261,6.1824,6.1375,6.0914,6.0439,5.9954,5.9458,5.8950,5.8427,5.7853,5.6991,5.6319,5.5589,5.4844,5.4117,5.3397,5.2686,5.1990,5.1317,5.0669,5.0016,4.9506
45123.3750000,5.0856,13.2886,13.0217,13.4602,26.0470,10.3903,17.2479,11.1886,18.0206,10.2189,11.7811,12.6932,6.6986,12.3899,16.2430,15.8207,19.8251,18.1881,9.7139,9.6808,19.5982,10.7852,7.2918,13.4278,13.3112,26.0787,13.4888,9.5604,18.6159,11.5727,19.7422,19.4104,21.5837,18.0210,18.6857,14.9749,19.6096,20.9829,11.9573,19.6467,19.7788,16.0200,12.4150,13.4601,25.7902,21.8827,15.3479,13.4987,10.6075,7.6040,11.7809,13.3778,13.8963,12.5791,3.1260,13.8176,12.3282,12.1292,17.3023,12.2460,11.7869,9.2504,9.5635,10.7877,8.6894,9.9438,14.0480,13.6696,7.6170,9.4015,11.8279,12.7311,11.1621,7.9227,5.6565,11.8230,10.1480,11.2081,9.3956,11.5905,14.5975,12.9555,6.4065,4.4323,4.7903,3.8367,9.3545,5.7968,9.1977,3.0251,7.1964,10.5915,10.7540,9.7269,0.4138,2.8402,3.7629,2.8329,2.9344,2.1698,1.7958,6.6772,3.1147,3.7053,7.2301,7.9389,3.4382,6.5175,1.7401,11.8142,2.9752,2.2962,4.3435,2.4204,4.3503,1.7033,1.9376,5.6730,4.8391,5.0759,0.9949,5.5634,2.8538,6.2994,9.7770,13.5915,10.8520,12.8255,6.3404,1.3766,2.8302,3.2511,4.2350,5.5578,9.6430,7.6877,7.0997,11.2444,4.9333,5.3534,4.3390,7.2440,4.5594,4.9249,8.4963,2.5170,3.7968,10.9626,7.1503,5.3612,6.6087,5.4505,7.5553,9.8285,4.4660,8.0078,11.8079,6.9145,6.1460,6.0632,16.1006,9.9145,9.3587,11.0870,10.0202,5.5266,10.6942,5.8418,10.8345,8.7692,1.9583,4.4441,7.1602,11.7874,10.8933,9.4670,5.1786,6.4152,5.1952,11.5589,10.0362,6.0360,5.7017,8.5996,4.3781,7.4775,3.5001,3.6284,3.7496,3.8605,3.9601,4.0486,4.1297,4.2012,4.2629,4.3153,4.3589,4.3940,4.4211,4.4409,4.4530,4.4594,4.4588,4.4533,4.4417,4.4258,4.4044,4.3789,4.3489,4.3152,4.2777,4.2364,4.1916,4.1432,4.0893,4.0104,3.8296,3.6968,3.5784,3.4464,3.3171,3.1822,3.0544,2.9236,2.7958,2.6698,2.5461,2.4246,2.3061,2.1899,2.0762,1.9655,1.8583,1.7550,1.6501,1.5690
45123.4166667,-4.1027,3.4123,3.9548,4.7592,18.9885,2.0562,8.5935,3.4711,10.8698,2.6045,4.3004,5.5505,0.6831,5.9106,10.0044,10.1211,15.4892,12.7932,5.7266,4.7929,15.0539,6.5140,3.3926,9.3702,9.1766,22.5372,7.9170,4.0778,13.0745,5.6529,13.6085,14.4260,17.8042,13.9835,14.2850,9.6025,12.6167,13.5357,4.9804,14.2780,13.2060,10.1191,6.7124,8.2240,22.8083,16.7674,9.5872,8.3405,6.1311,3.7183,9.4353,10.6285,10.8524,9.0395,-1.0295,9.1539,6.8076,7.5329,12.4416,5.5155,6.7705,3.0020,3.4607,5.0764,4.0742,5.3499,10.8956,10.2653,2.8181,6.3860,9.6816,10.0295,9.5443,5.9024,4.1941,11.5505,8.0312,10.7815,6.5110,8.4627,14.2998,11.5675,2.4719,2.3008,0.5287,0.0431,5.5485,2.1047,5.1494,0.9309,4.2804,6.0524,6.1235,4.6162,-4.6936,-3.4459,-2.1382,-2.1605,-2.1605,-1.1691,-2.7816,3.3371,-2.6724,-0.7505,2.5825,2.8001,-2.2473,0.0707,-4.2536,6.1126,-2.2597,-2.5863,-0.5466,-1.7894,1.1740,-1.0438,-2.0685,1.2746,1.3905,0.7808,-3.3036,1.5550,-1.5779,2.2200,4.2659,8.2364,5.4735,7.6175,0.9717,-3.4519,-1.7657,-1.2991,-0.0608,1.5134,4.9939,2.6287,2.7610,8.0265,2.0175,1.2992,0.5566,3.6565,1.1493,0.8637,4.3897,-1.1654,0.3425,7.1722,3.4589,0.7971,2.6456,1.3912,3.9366,6.5489,1.9268,5.3625,10.3475,4.0845,4.3627,2.8220,14.4596,7.7699,7.0761,6.9320,7.3696,2.6059,6.8451,3.0954,7.0936,4.9738,-1.2062,0.8089,2.8841,8.1390,7.0111,6.3829,1.2462,3.2422,1.1920,9.0115,7.4536,3.3708,2.9881,6.1016,2.0736,4.7260,-0.3896,-0.1490,0.0827,0.3047,0.5152,0.7112,0.8978,1.0712,1.2308,1.3767,1.5093,1.6292,1.7369,1.8333,1.9184,1.9938,2.0588,2.1137,2.1435,2.0025,1.8933,1.7552,1.6240,1.4962,1.3676,1.2505,1.1191,0.9967,0.8716,0.7516,0.6271,0.4922,0.3642,0.2272,0.0902,-0.0531,-0.1947,-0.3409,-0.4879,-0.6358,-0.7841,-0.9323,-1.0793,-1.2255,-1.3702,-1.5127,-1.6524,-1.7883,-1.9270,-2.0309
45123.4583333,-12.3599,-6.7362,-5.5159,-4.4697,11.3024,-7.7648,-1.8993,-5.6704,3.6363,-5.4239,-4.9567,-4.6221,-7.7734,-4.1761,-1.2056,-0.1771,8.4441,5.2237,1.2815,-0.2011,8.8925,0.0567,-2.2524,3.7532,4.3233,20.2862,3.0718,-1.0526,9.5013,1.1084,9.9692,9.2810,14.3940,11.2413,11.4081,5.5910,8.3199,6.1130,-3.5564,7.8022,5.4992,0.2841,-2.8569,-0.8257,18.4797,10.7160,2.4430,1.7643,-0.0016,-1.3320,6.3993,8.2148,8.4059,7.2904,-2.6949,6.4181,2.8433,5.9348,10.2297,0.0135,2.3676,-3.1093,-2.8292,-0.9818,-0.1306,0.2812,6.4540,5.7091,-2.1445,2.2307,8.1777,7.3833,8.0187,2.6538,1.6147,10.8230,4.5957,9.9809,2.7364,5.3174,15.4500,11.4253,-0.1670,0.2922,-3.0200,-2.6860,2.2469,-2.6390,3.5956,-1.3768,1.9727,4.0162,4.0394,1.8233,-6.9940,-7.6425,-6.7011,-5.8695,-6.4461,-3.9408,-6.5359,-0.6816,-9.6608,-6.7222,-3.2193,-2.9304,-7.5669,-6.8632,-10.9832,-0.1685,-7.2293,-6.7267,-5.1299,-6.9801,-2.8520,-4.4646,-7.2854,-4.4642,-3.0957,-3.4935,-7.5536,-2.3813,-6.4034,-2.3815,-2.4917,3.1449,0.3506,3.1435,-3.4938,-7.7457,-5.7529,-5.4663,-3.7233,-1.4109,2.3624,-2.3186,-3.5876,2.6163,-1.9169,-2.1890,-4.5331,-0.6540,-2.8389,-4.1798,0.2063,-5.4178,-3.3846,4.7490,0.4656,-2.5330,0.0431,-2.3213,-0.4918,2.3730,-1.2092,2.3785,7.6064,0.7084,1.0189,-1.3085,12.2766,5.8101,4.3262,3.1339,4.6879,0.4867,4.7064,0.4610,3.4019,1.4837,-3.7507,-2.1938,-1.2435,4.7916,3.5896,3.9464,-2.1696,0.7967,-2.3614,7.5751,5.7183,1.6151,1.1924,4.4855,0.6349,2.3803,-3.8738,-4.2887,-4.6422,-4.9185,-5.1075,-5.2090,-5.2214,-5.1607,-5.0431,-4.8860,-4.7041,-4.4330,-4.1136,-3.7873,-3.5120,-3.2539,-3.0408,-2.8727,-2.7311,-2.6424,-2.5701,-2.5226,-2.4946,-2.4818,-2.4814,-2.4832,-2.5031,-2.5250,-2.5559,-2.5900,-2.6334,-2.6894,-2.7464,-2.8147,-2.8880,-2.9704,-3.0561,-3.1492,-3.2469,-3.3492,-3.4556,-3.5655,-3.6783,-3.7940,-3.9120,-4.0319,-4.1529,-4.2739,-4.4026,-4.4980
45123.5000000,-20.5707,-17.5044,-14.5944,-11.8420,2.1885,-17.5576,-14.7004,-18.8608,-7.2155,-13.3505,-13.0183,-15.1800,-16.7048,-13.7937,-11.9189,-14.4172,-5.4254,-9.8061,-13.0675,-14.2208,-2.2292,-11.6354,-11.7023,-6.2093,-4.0117,13.4094,-2.6222,-8.3424,3.7243,-5.7582,3.6888,1.6533,7.9574,5.2712,8.0319,3.1120,6.9190,4.6583,-7.2812,5.0350,1.8993,-6.4841,-12.0749,-10.3197,12.8572,2.1341,-7.4445,-8.1485,-11.0569,-12.2144,-4.4365,-0.5011,1.2593,-0.6374,-9.5717,-0.7200,-2.1244,4.8395,9.8880,-0.1257,1.0329,-6.3650,-9.5750,-8.3621,-7.2591,-6.3241,2.2367,1.8503,-8.5913,-3.8060,2.1204,0.9793,2.3221,-0.9927,-1.1946,10.1398,3.5116,9.7331,-1.3037,0.8411,16.2924,10.8611,-0.9300,-3.4194,-9.6543,-8.7832,-0.3935,-8.0107,0.6811,-4.5892,-1.2150,1.1258,0.9791,-2.4260,-11.9549,-14.6194,-13.5101,-10.5856,-14.1726,-11.7769,-12.2047,-6.5475,-14.5480,-11.7010,-8.3009,-8.1756,-12.4659,-12.1114,-17.2866,-8.0970,-15.2723,-14.7789,-10.4819,-13.4853,-8.6463,-8.9675,-13.2268,-8.0314,-6.8625,-7.3396,-11.9915,-7.0153,-10.2575,-7.5932,-8.0534,-4.1233,-6.6739,-2.8977,-9.0313,-11.5142,-10.2860,-11.5026,-10.9192,-8.8193,-4.2173,-7.2796,-7.7280,-2.8449,-8.2424,-7.6689,-9.0106,-5.1654,-6.8502,-7.7791,-3.9372,-9.5265,-7.4579,1.1534,-6.0834,-7.8350,-5.7928,-7.1818,-5.0664,-2.9614,-4.5560,1.4438,5.3228,-0.0283,-2.7341,-4.7734,8.9889,1.9851,-0.6858,-2.3735,-0.3651,-2.7903,0.5388,-4.0087,-2.1275,-3.6655,-7.6922,-6.5845,-6.6133,-0.1805,-0.9426,0.8585,-6.1390,-1.9322,-5.2957,5.4034,3.4329,-0.5277,-0.8944,2.6559,-0.8451,0.3591,-4.9193,-5.2783,-5.6386,-6.0014,-6.3674,-6.7396,-7.1092,-7.4771,-7.8400,-8.1937,-8.5323,-8.7981,-9.0042,-9.1647,-9.3064,-9.3977,-9.4511,-9.4647,-9.4280,-9.3633,-9.2533,-9.1113,-8.9420,-8.7504,-8.5426,-8.3192,-8.0977,-7.8737,-7.6575,-7.4503,-7.2598,-7.0913,-6.9392,-6.8111,-6.7034,-6.6185,-6.5517,-6.5047,-6.4744,-6.4593,-6.4580,-6.4687,-6.4900,-6.5208,-6.5601,-6.6068,-6.6598,-6.7178,-6.7907,-6.8421
45123.5416667,-25.9318,-24.8739,-20.3169,-16.8645,-3.6397,-20.1915,-19.5926,-26.6205,-15.4614,-18.8170,-18.9428,-21.5411,-22.2721,-20.6130,-19.6988,-22.2889,-15.2418,-19.3949,-21.4128,-23.4176,-12.9273,-23.6871,-22.6678,-21.0988,-15.7376,1.8621,-12.1702,-17.4340,-4.3146,-14.3085,-2.2139,-4.9995,2.2696,2.6808,5.1543,-0.2356,3.9608,1.9193,-11.4956,2.8605,0.5002,-6.6232,-15.3555,-14.3887,11.1542,-3.3742,-12.2218,-11.9373,-16.6654,-18.1529,-9.8683,-8.1860,-7.1027,-8.1437,-16.6179,-12.6340,-12.7846,-2.0271,6.1108,-3.1604,-2.0777,-8.1457,-14.5895,-13.3920,-11.5921,-10.1554,-2.0593,-2.3258,-15.1769,-9.0110,-1.8189,-4.7010,-6.5160,-9.1184,-7.8323,5.8333,0.4448,7.6932,-3.8261,-1.5395,19.7581,13.5560,1.9148,-0.9275,-11.1814,-9.4584,-0.8967,-10.9427,-1.2423,-6.4400,-2.8710,-0.0299,-0.1202,-4.4618,-12.6272,-15.3275,-14.7649,-9.3170,-14.9788,-13.8189,-14.9795,-11.5233,-18.2664,-16.0468,-13.1933,-13.2547,-16.9794,-17.0162,-22.8402,-15.2759,-20.5333,-19.8950,-14.3066,-16.1248,-13.0720,-12.3516,-19.0330,-12.7567,-12.3928,-11.4378,-15.6335,-12.2714,-14.6173,-12.6493,-12.2159,-8.1947,-10.8149,-6.5216,-12.3470,-13.2325,-13.0124,-13.6471,-15.6427,-14.6789,-7.8681,-11.8802,-12.1322,-7.0675,-11.3980,-11.8682,-12.9697,-9.6398,-10.8245,-11.5164,-8.1965,-12.7962,-11.6062,-2.7710,-12.3154,-13.0380,-11.0469,-13.2197,-11.2747,-10.3201,-9.4684,-1.5556,1.5318,-1.9983,-4.3588,-7.7591,6.4347,-0.3207,-2.3288,-3.0846,0.1501,-3.2917,-1.5822,-6.7283,-7.1003,-8.6624,-10.7815,-10.6063,-10.7402,-5.3141,-6.1199,-3.3381,-10.3775,-6.2609,-8.4608,2.3166,0.5523,-2.9535,-3.0978,0.7675,-2.1683,-1.3566,-5.7465,-5.9216,-6.1165,-6.3276,-6.5517,-6.7894,-7.0301,-7.2758,-7.5249,-7.7761,-8.0275,-8.2427,-8.4326,-8.6084,-8.7902,-8.9583,-9.1222,-9.2810,-9.4272,-9.5744,-9.7086,-9.8353,-9.9534,-10.0616,-10.1582,-10.2380,-10.3072,-10.3574,-10.3910,-10.4046,-10.4004,-10.3800,-10.3388,-10.2819,-10.2079,-10.1204,-10.0189,-9.9075,-9.7877,-9.6622,-9.5335,-9.4042,-9.2767,-9.1534,-9.0364,-8.9272,-8.8274,-8.7382,-8.6749,-8.6182
45123.5833333,-29.0902,-26.0482,-22.8011,-18.4056,-5.8263,-19.9645,-21.7808,-27.7106,-19.1729,-20.4460,-21.4723,-24.7794,-24.6113,-24.2141,-24.2967,-26.8033,-21.3440,-24.9535,-25.0985,-27.4097,-18.7746,-29.9159,-25.0721,-29.5993,-22.5307,-7.0213,-22.4943,-25.8068,-13.1327,-22.8964,-13.3320,-15.1017,-6.7589,-1.3406,2.1312,-2.7891,2.2351,0.5952,-13.8740,1.8514,-0.1289,-6.3319,-17.6088,-17.6024,9.7289,-6.6065,-13.8520,-12.3556,-17.8547,-19.5094,-11.4898,-11.0023,-10.1408,-10.4272,-17.6813,-19.7271,-19.7323,-10.4130,1.7934,-6.9193,-5.9456,-10.8657,-19.6660,-19.0116,-16.3123,-10.8935,-4.9576,-5.8856,-20.6572,-13.4764,-5.1845,-5.2766,-6.3155,-13.7696,-11.5594,0.6198,-4.7962,-1.1390,-10.9519,-8.0503,17.2855,10.9669,-0.1047,-2.7870,-15.1819,-10.0422,-1.5674,-9.8909,-1.1089,-6.1308,-2.7344,0.2294,0.0026,-5.2249,-12.1938,-14.6552,-14.1681,-6.6584,-13.4931,-12.8475,-14.0587,-11.9501,-17.6271,-15.8091,-13.6651,-14.1816,-17.6076,-18.4343,-24.1365,-20.2399,-23.9727,-23.3900,-17.1421,-17.9036,-16.1828,-14.3116,-22.9439,-16.5746,-19.1889,-14.3435,-16.6575,-14.7946,-16.3202,-15.6674,-19.0379,-12.9524,-14.5317,-9.2795,-14.1737,-13.0867,-15.5397,-14.4473,-17.7018,-17.5175,-9.0523,-13.8298,-17.0675,-10.2643,-12.8097,-13.4806,-14.0330,-10.5418,-10.7108,-11.7938,-9.7788,-12.8594,-12.3016,-4.1028,-16.0266,-16.2192,-13.5498,-16.6716,-15.5347,-16.5682,-13.5099,-5.3216,-3.1596,-5.0158,-6.9129,-11.2643,2.9519,-3.3381,-4.6581,-4.5653,-0.1401,-4.0197,-2.9481,-8.2576,-10.0152,-11.5704,-11.8671,-12.6903,-13.3159,-9.1143,-10.0228,-6.1474,-11.3824,-8.8566,-10.4930,-0.3557,-2.1430,-5.3316,-5.5495,-1.8063,-4.2417,-4.0372,-7.7240,-7.7863,-7.8458,-7.9028,-7.9584,-8.0177,-8.0737,-8.1319,-8.1935,-8.2600,-8.3319,-8.3863,-8.4317,-8.4767,-8.5350,-8.5941,-8.6602,-8.7327,-8.8063,-8.8897,-8.9735,-9.0611,-9.1518,-9.2447,-9.3390,-9.4314,-9.5265,-9.6189,-9.7104,-9.7989,-9.8856,-9.9712,-10.0518,-10.1298,-10.2030,-10.2720,-10.3344,-10.3910,-10.4402,-10.4816,-10.5144,-10.5380,-10.5520,-10.5561,-10.5501,-10.5342,-10.5085,-10.4743,-10.4476,-10.4098
45123.6250000,-27.5419,-22.9232,-19.1088,-18.5322,-2.0624,-13.6129,-17.2090,-26.5091,-16.6222,-16.1386,-17.6520,-21.4281,-20.8154,-22.2268,-23.3095,-25.2513,-22.4114,-26.4767,-25.3269,-28.1768,-21.6072,-32.4496,-26.0439,-29.2327,-25.5723,-10.1988,-26.9120,-28.4150,-17.9604,-26.0382,-21.1522,-23.1576,-16.3079,-8.7075,-3.0000,-4.3619,2.3514,1.2743,-14.5994,2.2766,0.8010,-3.9703,-15.6209,-13.7814,10.0708,-9.1917,-15.2759,-12.4536,-18.2066,-15.9528,-10.8289,-12.0101,-11.5584,-11.1236,-17.0386,-23.8972,-23.7436,-16.1121,-0.4937,-8.4438,-7.6290,-11.8017,-22.7473,-23.0088,-20.0742,-15.2774,-7.0237,-5.5927,-23.3666,-16.3527,-6.7533,-8.6604,-8.6313,-12.9399,-6.0243,1.8204,-2.5950,-2.8493,-11.7097,-3.2322,19.4633,12.4555,1.5252,-1.6454,-11.9381,-9.3262,-2.8138,-10.5841,-3.1676,-7.9567,-4.5709,-0.7886,-0.2332,-5.1503,-12.3943,-12.0303,-9.5010,0.3322,-7.3361,-7.7898,-9.7558,-9.0444,-13.9624,-12.7641,-10.3725,-11.4796,-14.8761,-16.3992,-22.1275,-21.5563,-23.8195,-23.4942,-16.7129,-16.5298,-15.9928,-13.6292,-20.0644,-16.8194,-22.6278,-19.3206,-17.0973,-16.2695,-16.6085,-16.5521,-19.5914,-16.8383,-18.4434,-12.7491,-16.7021,-15.0359,-15.8887,-17.4835,-20.3999,-20.4125,-10.4295,-15.2075,-17.8157,-12.7218,-13.6858,-14.8001,-14.2555,-13.3760,-12.4978,-10.9016,-8.7460,-11.7543,-11.7535,-1.9483,-14.8164,-14.2001,-11.8206,-14.5848,-15.1951,-18.8640,-12.0706,-6.0882,-4.9628,-5.7416,-7.6235,-13.1459,0.6610,-7.6404,-5.4951,-4.7836,0.5206,-3.7148,-3.4632,-11.2247,-11.6067,-12.7511,-11.4664,-12.9752,-14.1423,-11.0801,-12.0282,-7.2281,-11.0320,-9.5631,-10.5251,-1.1286,-2.8421,-5.6373,-5.8929,-2.3684,-4.2820,-4.7000,-7.8391,-7.9337,-8.0271,-8.1186,-8.2082,-8.2997,-8.3844,-8.4661,-8.5446,-8.6197,-8.6908,-8.7416,-8.7772,-8.8030,-8.8287,-8.8459,-8.8596,-8.8702,-8.8753,-8.8819,-8.8851,-8.8883,-8.8926,-8.8985,-8.9067,-8.9161,-8.9305,-8.9473,-8.9682,-8.9924,-9.0211,-9.0550,-9.0917,-9.1331,-9.1778,-9.2261,-9.2767,-9.3299,-9.3848,-9.4410,-9.4978,-9.5549,-9.6116,-9.6676,-9.7222,-9.7751,-9.8255,-9.8725,-9.9273,-9.9525
45123.6666667,-23.3338,-21.7669,-18.3182,-17.8062,2.5594,-10.8384,-9.8495,-19.8001,-11.5593,-9.1705,-9.1129,-10.9992,-8.9233,-11.2354,-13.8672,-14.6929,-10.9442,-15.1251,-13.8270,-19.3210,-13.5024,-23.9176,-19.3537,-22.5021,-22.9821,-9.0311,-26.0166,-26.7961,-21.0937,-25.9524,-24.9680,-26.9465,-21.0875,-13.5240,-8.4407,-7.4973,-1.5848,-0.8264,-12.5955,5.0340,8.9608,2.4747,-5.5798,-1.8179,19.7222,-2.7466,-8.5519,-5.7484,-12.5655,-10.4997,-5.3590,-7.2257,-7.4693,-6.4759,-11.1294,-22.7753,-23.0892,-16.6775,1.0198,-5.6478,-3.9772,-8.8142,-19.6303,-21.3103,-19.1526,-16.8595,-11.3056,-6.7988,-23.2787,-15.9136,-7.6718,-9.8627,-9.7957,-11.5321,-4.6317,1.1271,0.2784,-1.3505,-8.0965,4.4429,26.0421,19.5906,5.7010,3.9768,0.0157,-0.8024,8.5096,1.3753,8.2201,2.9770,5.5557,10.0085,9.2767,2.5353,-6.8811,-8.4381,-6.8102,2.0115,-3.6665,-0.8542,-3.0877,0.2850,-5.2727,-6.0874,-2.0233,-2.7043,-7.6497,-7.1969,-13.3958,-15.8385,-17.8110,-17.9622,-13.6685,-12.6002,-10.5092,-9.4861,-14.7780,-10.9597,-17.6613,-15.8568,-12.5266,-12.7937,-14.5881,-15.9724,-16.9296,-14.0979,-15.8011,-10.4729,-14.0924,-12.5753,-14.7036,-16.1193,-20.0546,-21.0483,-11.0540,-15.6878,-17.3958,-13.7356,-14.6650,-15.9510,-14.1476,-14.1713,-12.7884,-9.5048,-7.0011,-9.5191,-10.7420,-0.8576,-14.1338,-13.1016,-11.9676,-12.6364,-12.6164,-16.4781,-9.0615,-5.5640,-2.3596,-2.2962,-3.2359,-9.2094,4.5455,-5.1976,-1.3595,-0.0992,5.6918,-0.6048,0.7260,-8.8110,-9.2630,-11.4523,-8.2897,-10.7465,-11.6245,-9.3651,-10.4772,-5.2030,-8.0339,-8.4350,-9.2070,1.5666,0.1958,-2.2350,-2.4134,1.0319,-0.6362,-1.2687,-4.1226,-4.2839,-4.4622,-4.6517,-4.8478,-5.0504,-5.2463,-5.4361,-5.6170,-5.7866,-5.9434,-6.0757,-6.1870,-6.2819,-6.3676,-6.4398,-6.5028,-6.5576,-6.6035,-6.6455,-6.6805,-6.7111,-6.7378,-6.7608,-6.7805,-6.7960,-6.8098,-6.8202,-6.8283,-6.8339,-6.8381,-6.8418,-6.8439,-6.8462,-6.8482,-6.8510,-6.8543,-6.8590,-6.8651,-6.8730,-6.8828,-6.8948,-6.9090,-6.9257,-6.9447,-6.9661,-6.9895,-7.0140,-7.0509,-7.0599
45123.7083333,-18.3135,-19.2680,-15.9977,-15.5069,2.2594,-7.7973,-7.2101,-14.9976,-5.6952,-4.8938,-5.4041,-7.1729,-5.2245,-7.5498,-9.8690,-9.5210,-4.9919,-6.6074,-3.6173,-6.7797,-2.4800,-9.8240,-5.3812,-9.0646,-9.9793,3.4107,-13.5711,-14.4956,-14.0656,-18.4131,-21.1524,-25.0077,-22.2193,-15.5053,-10.9200,-10.1746,-2.6749,-2.0160,-13.7521,0.4303,4.0401,-0.5912,-6.3795,-1.9691,23.9654,4.7381,-0.6438,4.3437,-2.7599,-0.5026,3.1249,3.6860,3.4554,2.1395,-0.7804,-13.7016,-14.8030,-9.9005,7.9022,-0.4048,0.7468,-3.2949,-12.2217,-14.4067,-10.4289,-11.4020,-7.5246,-4.8545,-21.2287,-15.6336,-9.2083,-8.4086,-10.0456,-11.6211,-5.1063,1.3463,-0.3417,-1.2387,-5.2705,9.0758,29.6601,23.4589,7.4940,5.6215,5.5575,2.5797,14.2360,8.0090,15.1835,7.4782,10.9744,19.3568,19.8626,13.2689,3.4027,2.0058,3.0923,10.0973,5.1825,6.7377,4.8592,10.0469,1.9078,3.2768,7.1194,7.1964,0.3310,2.1013,-4.2767,-6.9598,-8.4844,-9.4846,-6.9173,-5.6291,-4.7195,-3.2048,-7.8072,-5.7654,-11.0696,-9.9910,-6.2700,-6.4639,-8.9427,-9.9752,-12.9667,-10.1329,-11.4162,-6.0252,-8.9226,-7.3804,-10.0414,-10.6218,-15.1895,-17.0205,-8.2262,-12.7897,-14.2262,-11.9496,-12.0823,-13.9876,-14.1509,-14.1644,-13.0799,-9.7365,-9.3419,-9.5057,-10.2849,-1.4220,-12.3898,-10.9287,-10.2756,-10.3946,-10.6191,-13.5956,-4.9497,-1.7871,0.5398,-0.5179,-1.0247,-4.5895,8.5769,-0.1491,3.4275,5.2120,10.7015,1.7849,5.1825,-4.5607,-5.3227,-7.3622,-4.8513,-6.6745,-8.6518,-5.9708,-6.7533,-1.3949,-3.6140,-4.0901,-5.9525,4.9144,3.7603,1.4490,1.3400,4.8401,3.1232,2.9015,0.1974,0.1658,0.1290,0.0881,0.0432,-0.0104,-0.0635,-0.1212,-0.1843,-0.2539,-0.3304,-0.4068,-0.4856,-0.5695,-0.6624,-0.7595,-0.8617,-0.9677,-1.0746,-1.1837,-1.2907,-1.3956,-1.4969,-1.5936,-1.6849,-1.7692,-1.8479,-1.9192,-1.9840,-2.0419,-2.0938,-2.1405,-2.1814,-2.2179,-2.2499,-2.2784,-2.3032,-2.3251,-2.3444,-2.3613,-2.3761,-2.3892,-2.4008,-2.4112,-2.4206,-2.4292,-2.4371,-2.4437,-2.4618,-2.4510
45123.7500000,-9.7432,-12.5770,-10.4075,-10.6836,3.6577,-4.7774,-5.2216,-11.4811,-3.8176,-2.8789,-3.4097,-4.7515,-2.8463,-4.4437,-6.4279,-6.1928,-2.5090,-3.7135,-1.1575,-3.3565,0.2779,-5.2609,-1.2740,-3.8142,-3.9670,9.9636,-4.3247,-4.2882,-4.4627,-7.2717,-11.5620,-16.0312,-15.7814,-10.9027,-8.3071,-8.5779,-2.5874,-0.6926,-10.7307,0.5905,3.2378,-0.9265,-5.8307,-2.2541,24.2979,6.8268,2.1535,7.7179,1.6992,3.5854,7.0319,8.9763,10.7463,8.9215,5.4135,-4.3823,-5.1601,-1.1988,14.2733,6.5090,7.2033,3.4856,-4.1436,-6.4603,-2.8485,-4.1272,-0.0825,0.9345,-15.5986,-12.8160,-8.7492,-8.3626,-9.7981,-10.6195,-4.6996,-0.0585,-1.3726,-1.6376,-4.5461,10.1696,28.3720,23.4761,8.6557,6.7057,7.9130,5.3211,17.6601,12.3961,19.5843,11.4561,15.9177,25.7212,25.6550,19.5286,9.1657,8.8609,9.8943,15.1371,11.3911,12.0520,10.8483,17.6128,8.6784,10.1996,13.8040,15.0081,8.3077,10.9652,4.6851,3.0856,1.1885,-0.4698,1.0127,1.6893,1.9237,2.9078,-0.9890,-0.0416,-4.5144,-4.1166,-1.2541,-0.9492,-3.5272,-4.2890,-6.8636,-3.9506,-4.4752,1.1204,-1.8152,-0.6514,-3.1349,-3.7452,-7.7944,-10.2038,-3.2350,-7.4664,-8.6878,-7.2894,-6.8016,-9.2316,-9.4011,-10.4650,-9.3260,-6.6805,-7.9371,-7.0472,-8.5571,-3.0211,-11.5135,-10.2731,-10.4035,-10.0218,-10.3398,-12.7500,-4.0788,-2.4004,-0.4683,-1.1117,-0.9088,-2.6183,10.1238,1.8852,5.2962,7.9132,12.8603,4.5570,9.4096,0.6106,0.1765,-1.3917,0.1527,-1.2464,-3.5573,-1.5436,-1.9358,3.1484,1.1388,0.7610,-1.3319,8.2463,7.9243,5.5596,5.5308,9.1070,7.0261,7.6453,4.6809,4.9262,5.1614,5.3784,5.5669,5.7172,5.8143,5.8498,5.8225,5.7162,5.5425,5.2826,5.0696,4.9231,4.8212,4.7491,4.6930,4.6447,4.6002,4.5546,4.5081,4.4589,4.4065,4.3507,4.2914,4.2291,4.1629,4.0941,4.0223,3.9484,3.8725,3.7949,3.7168,3.6384,3.5606,3.4838,3.4088,3.3360,3.2660,3.1990,3.1354,3.0754,3.0192,2.9666,2.9178,2.8726,2.8313,2.7944,2.7494,2.7411
45123.7916667,-1.9585,-5.1135,-3.6077,-4.2031,7.6194,0.1593,-0.8338,-6.1491,-0.5210,0.1382,-0.6375,-2.0909,-0.8115,-1.8775,-3.9402,-3.9039,-0.9578,-1.9077,0.2119,-1.4734,1.5071,-3.0164,-0.0269,-2.0036,-2.1057,10.2505,-2.1052,-1.8114,-1.5861,-3.0126,-6.1089,-9.4974,-9.1422,-4.5523,-2.6019,-3.0792,1.3245,2.9589,-5.6784,3.0307,4.7424,0.8396,-3.4623,-0.8011,23.5796,7.1884,2.8309,7.5470,2.6021,3.8805,7.2394,9.5571,12.2113,10.7530,6.1682,0.1963,-0.0503,3.5610,17.4885,10.4373,11.1029,7.9226,1.8228,-0.1720,2.8152,1.6688,5.7094,6.2376,-8.8620,-7.7966,-5.5092,-5.9514,-7.5565,-8.6037,-3.5308,-0.7718,-2.1197,-2.3227,-4.8007,7.8783,24.3637,20.0386,6.5589,4.6114,5.9365,3.9080,15.3987,10.5033,17.6833,9.5099,15.0236,24.7453,25.2521,20.2810,9.5450,10.8121,12.1883,15.9824,13.4769,13.5790,13.0890,20.8821,12.4394,13.9263,17.9317,19.2593,13.0185,16.1377,10.1283,10.9689,8.5249,6.9678,8.2562,8.1614,8.5344,8.4165,5.7024,6.6008,2.7503,2.6831,3.7975,4.2294,1.8910,1.0179,-1.3951,0.7313,0.2881,5.6074,2.7218,3.0763,1.6471,1.1741,-1.7338,-3.6846,1.8919,-1.3666,-2.2227,-1.3212,-0.8309,-3.3522,-3.7422,-5.2996,-4.4116,-2.6463,-4.4776,-3.2118,-4.8618,-1.7191,-8.2848,-7.2294,-8.0712,-8.1211,-9.3040,-12.0442,-4.3803,-3.6032,-2.2511,-2.5519,-2.0259,-3.2564,7.6989,0.7498,3.7200,6.2313,10.3039,3.3997,8.5111,1.4099,1.8232,1.2462,2.1318,1.9319,0.5191,2.4714,2.3080,6.7458,4.7663,4.7539,3.0398,11.3989,11.3171,8.8008,8.8694,12.5119,9.8588,11.3291,7.9286,8.0356,8.1480,8.2659,8.3908,8.5229,8.6630,8.8086,8.9631,9.1167,9.2758,9.4379,9.5943,9.7488,9.8921,10.0214,10.1333,10.2234,10.2880,10.3223,10.3253,10.2949,10.2320,10.1349,10.0073,9.8549,9.6809,9.4938,9.3220,9.1718,9.0420,8.9302,8.8339,8.7494,8.6738,8.6044,8.5392,8.4764,8.4146,8.3532,8.2914,8.2290,8.1659,8.1022,8.0379,7.9734,7.9092,7.8470,7.7767,7.7454
45123.8333333,4.7866,2.3459,3.4240,2.8055,13.0915,5.9991,5.1102,0.2417,4.5948,4.7703,3.9895,2.5652,3.0978,2.4160,0.3641,0.0126,2.0630,0.8896,2.2314,0.6689,3.1054,-0.7144,1.3534,-0.1458,-0.2632,10.6192,-0.1832,-0.0443,0.1075,-1.0154,-3.6331,-6.3185,-5.7921,-1.3059,0.7124,0.6608,4.7585,6.4722,-0.6668,6.7739,8.2500,4.7446,1.0521,3.0408,24.6149,9.3397,4.8687,8.4552,3.9361,4.5315,7.5398,9.6955,12.0903,10.8964,5.4934,2.3404,2.3207,5.5242,18.2652,11.8500,12.5523,9.8671,5.1732,3.7547,6.1010,5.4872,9.6355,10.3363,-2.6338,-2.2862,-0.8798,-1.6145,-3.2407,-4.6406,-0.5774,1.0124,-0.4402,-0.7743,-2.9328,7.8449,22.4839,18.6044,6.3698,4.4353,5.6257,3.8324,14.0268,9.3062,15.9893,7.8940,13.6093,22.7156,23.3287,19.0361,7.9626,9.9811,11.4518,14.0521,12.4956,12.1782,12.1807,20.4332,13.7371,15.1202,19.7107,21.2603,15.3629,18.6414,12.5452,15.8705,12.5736,11.3761,12.9857,12.1686,13.1959,11.8167,10.4963,12.2604,9.0897,8.9908,8.1841,9.7956,7.3618,6.9726,4.8972,6.3836,5.5535,9.9137,6.7730,5.7243,5.1168,4.7237,2.6982,1.2171,5.6641,2.9335,2.3616,3.3658,3.6378,1.8001,1.4820,0.2474,0.9044,2.0609,0.4606,1.2795,-0.1032,1.8739,-3.2950,-2.5338,-3.7497,-4.2622,-6.0894,-9.1699,-2.6531,-2.5970,-1.8614,-1.9357,-1.3599,-2.4785,6.3570,0.5598,2.9156,5.1408,8.3612,2.6208,7.2228,1.3677,2.0170,1.6847,1.8878,2.5551,2.0220,4.1669,4.3337,7.9186,5.9523,6.3539,5.1087,12.8604,12.6496,10.0050,10.2423,14.0439,10.8865,13.3344,9.9314,10.0916,10.2449,10.3911,10.5313,10.6652,10.7941,10.9182,11.0412,11.1577,11.2740,11.3907,11.5045,11.6208,11.7363,11.8521,11.9679,12.0846,12.2020,12.3190,12.4361,12.5523,12.6675,12.7787,12.8855,12.9873,13.0806,13.1654,13.2394,13.3005,13.3478,13.3795,13.3946,13.3922,13.3722,13.3348,13.2810,13.2119,13.1298,13.0369,12.9369,12.8329,12.7283,12.6256,12.5267,12.4327,12.3447,12.2636,12.1817,12.1391
45123.8750000,10.8165,9.5687,10.1859,9.5447,18.9600,11.5382,11.2363,6.5765,10.3213,9.7376,9.1467,7.9331,7.5905,7.6851,5.9335,5.3273,6.8269,5.4689,5.8677,4.3588,6.4683,2.8944,3.9956,2.9076,2.6203,12.2047,2.4904,2.3074,2.4415,1.2900,-1.0382,-3.4249,-3.1410,0.8150,2.6526,2.6840,6.5438,8.3989,2.2714,9.1966,10.7770,7.7263,4.6106,6.3465,26.1984,12.6495,8.2210,10.8223,6.6934,6.6065,9.4006,11.3927,13.4101,12.2656,6.1548,4.9691,4.7142,7.2812,18.7756,12.7277,13.3092,10.8977,7.2557,6.2332,7.8353,7.6772,11.9558,12.9956,2.1974,2.4552,3.6072,2.9390,1.4352,0.0403,2.8911,4.3588,2.9523,2.5416,0.6441,9.8272,22.7622,19.3334,8.1806,6.2024,7.3879,5.7609,14.9253,10.3646,16.5599,8.5566,14.2413,22.5798,23.0780,19.2298,7.9460,10.2301,11.5519,13.0868,12.0995,11.3610,11.5119,19.7081,14.4558,15.6335,20.5982,22.2606,16.5233,19.9133,13.5018,18.9536,14.3684,13.2864,15.2392,13.7193,15.4288,12.8937,12.7450,15.6594,13.0749,13.1569,10.5247,13.9182,11.3160,12.0797,10.8997,12.4063,11.3491,15.0524,11.4249,8.6824,8.8470,8.5163,7.1460,6.0487,9.7630,7.1592,6.4670,7.4460,6.9479,5.5994,5.1461,4.4325,4.6765,5.5155,4.6310,4.5045,3.8024,5.7581,1.5899,2.0690,1.0437,0.4318,-1.4174,-4.4814,0.5928,0.3781,0.7317,0.6267,1.1311,0.1444,7.2975,2.3587,4.0860,5.9741,8.3843,3.5020,7.5184,2.4866,3.0775,2.5985,2.0992,3.0191,2.8848,4.9767,5.2219,7.9167,5.9055,6.5534,5.5752,12.8652,12.4331,9.6754,10.0296,13.9305,10.3957,13.6273,10.2836,10.5302,10.7685,10.9984,11.2202,11.4336,11.6399,11.8392,12.0336,12.2194,12.4006,12.5774,12.7469,12.9127,13.0721,13.2259,13.3737,13.5162,13.6536,13.7856,13.9131,14.0362,14.1559,14.2712,14.3832,14.4927,14.5989,14.7032,14.8052,14.9051,15.0033,15.0994,15.1935,15.2850,15.3738,15.4592,15.5409,15.6181,15.6902,15.7561,15.8155,15.8674,15.9113,15.9466,15.9727,15.9893,15.9966,15.9952,15.9792,15.9763
45123.9166667,14.8488,15.2552,15.5338,14.9499,24.0633,15.7666,16.3194,11.6233,15.2043,13.6198,13.2976,12.3423,10.9648,12.1523,10.9682,10.2536,11.5681,10.1441,9.4813,8.1831,10.4764,6.8258,7.0288,6.5997,6.1658,14.7627,5.6553,5.0465,5.3275,3.8959,1.9369,-0.2957,-0.3703,2.8013,4.2562,4.0722,7.4807,9.1710,3.6068,10.1588,11.6577,8.8035,6.0578,7.6172,26.2589,14.5333,10.2589,12.2757,8.6858,8.0296,10.9438,13.0303,14.8516,13.7804,6.9561,7.8373,7.3842,9.3435,19.6131,13.6728,13.9618,11.6260,8.7864,8.0588,8.8837,9.0243,13.2250,14.4062,5.3173,5.7347,6.9281,6.4909,5.1337,3.8315,5.4147,7.4927,6.1462,5.7621,4.0345,11.8701,23.2035,20.0845,9.7085,7.5786,8.8850,7.3443,15.8471,11.3967,17.2552,9.2519,15.0068,22.6874,23.0903,19.6904,8.2640,10.8318,12.0541,12.7296,12.1559,11.0980,11.3055,19.3128,14.9087,15.8435,20.9789,22.6030,16.8674,20.3664,13.5946,20.7638,14.8172,13.7008,15.8945,13.7470,15.9345,12.4869,13.1029,16.9591,14.7333,14.9226,10.6960,15.6691,12.8155,14.8253,14.7977,16.7356,15.5587,18.9381,14.7513,10.3497,11.4250,11.4085,10.8229,10.3082,13.8537,11.2773,10.4171,11.4941,9.9360,8.9107,8.1475,7.9007,7.4850,7.9995,7.7847,6.3290,6.1991,8.6573,5.0256,5.1365,4.4665,3.8792,2.5564,0.0740,3.5161,3.5591,3.8783,3.4771,3.8704,3.0638,9.1896,4.7977,5.9361,7.5347,9.2132,4.8674,8.5035,3.9804,4.6389,3.9763,2.8030,3.8685,3.9515,5.8394,5.9363,7.7636,5.6267,6.3089,5.3977,12.1269,11.3748,8.4792,8.7909,12.5632,8.7807,12.3621,9.0630,9.3161,9.5711,9.8269,10.0831,10.3383,10.5925,10.8449,11.0959,11.3422,11.5858,11.8262,12.0608,12.2916,12.5163,12.7350,12.9472,13.1531,13.3525,13.5452,13.7314,13.9112,14.0851,14.2522,14.4132,14.5686,14.7178,14.8616,15.0000,15.1331,15.2614,15.3848,15.5037,15.6181,15.7284,15.8348,15.9376,16.0369,16.1330,16.2258,16.3160,16.4033,16.4880,16.5702,16.6497,16.7266,16.8006,16.8711,16.9302,16.9834
45123.9583333,16.8171,19.0049,19.0901,18.6649,27.9981,18.5782,20.2008,15.3131,19.1048,16.4473,16.4520,15.7815,13.3155,15.6065,15.1090,14.3431,15.7326,14.3029,12.4605,11.3964,14.3306,10.3125,9.6705,10.1395,9.6612,17.9032,9.0244,7.9411,8.7451,6.8369,5.4734,3.3414,2.9754,5.3263,6.3923,5.8534,8.8043,10.1808,4.8213,10.9986,12.2980,9.4750,6.9062,8.2471,25.7098,15.3753,11.0531,12.5881,9.3634,8.2274,11.3566,13.6451,15.4307,14.5094,7.0387,9.9720,9.4593,11.0135,20.4364,14.6250,14.7272,12.4653,10.2892,9.8245,9.9363,10.3031,14.3878,15.5048,7.2530,7.7723,9.1533,9.0176,7.7697,6.4427,6.8562,9.9542,8.6902,8.4561,6.8625,13.6803,23.6871,20.8582,11.0562,8.7102,10.2008,8.6825,16.8015,12.3861,18.0048,9.9029,15.7777,22.8984,23.2029,20.1716,8.5486,11.3558,12.5095,12.5229,12.2652,10.9760,11.2322,19.0894,15.0321,15.8044,21.1026,22.7029,16.9518,20.5294,13.4202,21.9582,14.7267,13.4922,15.8464,13.2254,15.7205,11.6659,12.7325,17.2805,15.2839,15.5157,10.0664,16.0990,12.9512,15.9407,16.9581,19.3706,18.0231,21.2383,16.4160,10.5757,12.3888,12.7007,12.8598,13.0169,16.8796,14.4092,13.5477,15.0956,12.4596,11.8303,10.7970,11.1438,10.0364,10.3376,10.8259,7.9103,8.2159,11.4447,7.9932,7.6511,7.2567,6.4424,5.6047,3.7549,5.4962,6.0842,6.6477,5.7867,6.0585,5.4858,11.2443,7.2046,7.8908,9.3559,10.4441,6.3968,9.9370,5.6832,6.5949,5.7283,3.7853,4.9431,5.2550,7.0357,6.9655,8.0548,5.7900,6.4495,5.5399,11.7621,10.7356,7.7712,8.0000,11.5381,7.6766,11.2937,8.0543,8.2341,8.4193,8.6093,8.8040,9.0028,9.2058,9.4126,9.6239,9.8372,10.0541,10.2743,10.4958,10.7200,10.9451,11.1707,11.3964,11.6216,11.8460,12.0687,12.2895,12.5078,12.7235,12.9356,13.1437,13.3481,13.5477,13.7427,13.9328,14.1177,14.2974,14.4717,14.6406,14.8040,14.9619,15.1144,15.2615,15.4033,15.5399,15.6714,15.7981,15.9200,16.0373,16.1503,16.2590,16.3636,16.4642,16.5599,16.6440,16.7136
45124.0000000,18.1060,21.8755,21.7657,21.4830,31.2662,20.6108,23.2611,17.9611,22.0846,18.3491,18.6624,18.2522,14.7462,18.0216,18.2762,17.5271,19.1953,17.8173,14.7612,13.9231,17.7909,13.1985,11.7661,13.2359,12.7660,21.1634,12.1747,10.5785,12.2429,9.7361,9.2835,7.3112,6.8618,8.4512,9.2383,8.3044,10.9377,12.0138,6.6106,12.3816,13.4816,10.6164,8.1149,9.2433,25.5646,16.2363,11.6895,12.5873,9.5368,8.0168,11.2804,13.6918,15.4194,14.6105,6.6521,11.2627,10.6945,11.9525,20.7892,15.1203,15.1310,12.9751,11.4081,11.2634,10.8080,11.4589,15.6023,16.5968,8.6451,9.1550,10.7437,10.8976,9.6850,8.1558,7.5698,11.7818,10.5848,10.5802,9.0977,15.1613,24.0897,21.5444,12.1665,9.5455,11.2649,9.7470,17.7246,13.3201,18.8214,10.5686,16.6506,23.3401,23.5769,20.8709,9.0002,12.0302,13.1438,12.6431,12.6252,11.1526,11.4387,19.1800,14.9320,15.5979,21.0451,22.6492,16.9047,20.4517,13.1122,22.8035,14.4901,13.1613,15.6281,12.6903,15.3745,10.9638,12.2799,17.3023,15.4649,15.7070,9.4210,16.0700,12.6751,16.3619,18.2467,21.0598,19.4558,22.5417,17.0612,10.1338,12.3964,12.9234,13.6394,14.3721,18.7120,16.3101,15.4859,17.6789,14.0118,13.8215,12.6095,13.6760,11.9614,12.2203,13.5350,9.2206,9.9759,14.2389,10.7842,10.0105,9.9214,8.8090,8.3962,7.1064,7.1697,8.3841,9.3144,7.8619,7.8764,7.4832,13.3033,9.3913,9.7231,11.1688,11.7779,7.8424,11.5165,7.3406,8.6903,7.6328,4.8334,6.0314,6.6544,8.4939,8.3048,8.7899,6.3930,7.0556,6.1324,12.0032,10.7640,7.7702,7.9324,11.2499,7.3955,10.9495,7.7895,7.8967,8.0093,8.1270,8.2498,8.3776,8.5104,8.6483,8.7917,8.9391,9.0917,9.2495,9.4112,9.5778,9.7482,9.9223,10.0998,10.2805,10.4642,10.6504,10.8391,11.0298,11.2225,11.4164,11.6113,11.8073,12.0035,12.2000,12.3963,12.5919,12.7867,12.9803,13.1723,13.3623,13.5500,13.7352,13.9175,14.0966,14.2724,14.4444,14.6127,14.7770,14.9372,15.0931,15.2446,15.3917,15.5340,15.6702,15.7931,15.8909
45124.0416667,18.9233,24.0877,23.8556,23.7393,34.1426,22.2864,25.9278,20.3008,24.8845,20.1627,20.7654,20.5768,16.1157,20.3618,21.2259,20.3772,22.2838,20.8798,16.5941,15.9034,20.8287,15.5431,13.3970,15.8700,15.4407,24.3767,15.0224,12.8891,15.6299,12.4124,13.0924,11.3268,11.0033,11.9087,12.5703,11.2450,13.7813,14.6640,8.9993,14.6591,15.5764,12.5938,10.0567,11.0069,26.3516,17.7772,12.8808,13.2688,10.1830,8.3180,11.6116,14.0210,15.6054,14.8273,6.5053,12.3511,11.6518,12.6370,20.9990,15.4252,15.3515,13.2678,12.1946,12.3434,11.4026,12.3337,16.6536,17.6444,9.7681,10.2561,12.0769,12.5149,11.2883,9.4277,8.0202,13.2908,12.1247,12.3809,10.9804,16.5090,24.5550,22.2726,13.1903,10.3277,12.2809,10.7318,18.7276,14.2965,19.7677,11.3049,17.6652,24.0393,24.2405,21.8293,9.6373,12.9071,14.0186,13.1135,13.2945,11.6738,11.9907,19.6674,15.1958,15.7431,21.2709,22.8425,17.0668,20.6397,13.0521,23.6069,14.3478,12.9167,15.4566,12.3170,15.1123,10.5150,11.9671,17.3173,15.6090,15.8618,9.0366,16.0291,12.4591,16.6371,19.2400,22.3978,20.4997,23.4743,17.3708,9.6895,12.1724,12.8059,13.8869,15.0489,19.8529,17.4421,16.6151,19.4343,14.7991,14.9706,13.5977,15.3497,13.0966,13.3837,15.5365,9.9594,11.1405,16.5826,13.0265,11.8844,12.1822,10.8706,10.9792,10.3137,8.7807,10.6927,12.1104,9.9761,9.8085,9.5450,15.7314,11.8096,11.8164,13.3074,13.4948,9.4871,13.4390,9.1345,11.0023,9.6985,5.9214,7.3781,8.2870,10.2626,9.9483,9.9037,7.3245,8.0175,7.0569,12.7675,11.3540,8.3185,8.4411,11.6151,7.7630,11.2831,8.1789,8.2382,8.3016,8.3690,8.4405,8.5158,8.5952,8.6787,8.7667,8.8582,8.9543,9.0548,9.1592,9.2682,9.3811,9.4981,9.6189,9.7437,9.8722,10.0044,10.1402,10.2795,10.4223,10.5682,10.7171,10.8691,11.0238,11.1811,11.3409,11.5029,11.6670,11.8329,12.0004,12.1694,12.3395,12.5105,12.6823,12.8545,13.0269,13.1992,13.3712,13.5427,13.7134,13.8830,14.0513,14.2180,14.3824,14.5428,14.6911,14.8090
45124.0833333,19.2961,25.6076,25.2224,25.2046,36.2354,23.1559,27.6840,21.9291,26.9824,21.3022,22.1578,22.1877,16.9279,21.9521,23.4921,22.6733,24.9605,23.5826,18.1718,17.6185,23.5630,17.5100,14.7274,18.0883,17.6702,27.2768,17.3634,14.7113,18.6035,14.6384,16.5523,14.9933,14.9347,15.2033,15.8399,14.1203,16.7331,17.5190,11.4114,17.1967,17.9870,14.8396,12.1961,13.0423,27.7186,19.8510,14.5685,14.4106,11.2870,9.0955,12.4366,14.8334,16.2529,15.4421,6.7777,13.6121,12.7059,13.3858,21.2746,15.7066,15.5101,13.4426,12.7352,13.1066,11.7316,12.8851,17.3894,18.4058,10.6311,11.1285,13.1618,13.8333,12.5492,10.3786,8.2884,14.4875,13.3048,13.7774,12.3842,17.4564,24.7157,22.6406,13.7450,10.6497,12.8306,11.2546,19.3780,14.9008,20.4128,11.7128,18.3915,24.5392,24.7310,22.6103,10.0650,13.6089,14.7484,13.4949,13.8444,12.1033,12.4659,20.1663,15.3586,15.8351,21.4503,23.0126,17.2249,20.7797,13.0711,24.3965,14.3560,12.8551,15.4003,12.1091,14.9384,10.2307,11.7399,17.2780,15.6458,15.8958,8.7574,15.9294,12.2515,16.7766,19.9557,23.4240,21.2425,24.1163,17.4678,9.3121,11.8962,12.5893,13.9052,15.3653,20.5476,18.0749,17.2075,20.5585,15.0561,15.4948,13.9721,16.2801,13.5541,13.8671,16.7382,10.1057,11.6135,18.1499,14.4069,12.9387,13.6286,12.2197,12.9216,12.9527,9.9408,12.5608,14.5484,11.6830,11.4366,11.3304,18.1386,14.0641,13.7854,15.3792,15.1815,10.9694,15.3697,10.8149,13.3527,11.8105,6.9961,8.7745,10.0300,12.2462,11.8074,11.2669,8.4333,9.1764,8.1369,13.8360,12.2274,9.0809,9.1593,12.2496,8.3253,11.8621,8.7518,8.7755,8.8035,8.8355,8.8716,8.9115,8.9552,9.0025,9.0537,9.1080,9.1660,9.2276,9.2924,9.3609,9.4325,9.5075,9.5856,9.6670,9.7517,9.8394,9.9305,10.0246,10.1221,10.2225,10.3260,10.4327,10.5422,10.6548,10.7704,10.8887,11.0099,11.1339,11.2605,11.3897,11.5214,11.6554,11.7917,11.9302,12.0707,12.2130,12.3572,12.5029,12.6502,12.7987,12.9484,13.0989,13.2497,13.3991,13.5396,13.6514
45124.1250000,19.3322,26.6222,26.1191,26.1991,37.8873,23.6560,28.9617,22.8929,28.4336,21.8884,22.9665,23.1772,17.2159,22.8215,24.9544,24.1382,26.8125,25.4676,19.0290,18.6348,25.6370,18.8346,15.5306,19.7307,19.3579,29.7832,19.2039,16.0686,21.0785,16.3545,19.4943,18.1363,18.4223,18.1033,18.7944,16.6759,19.5018,20.2604,13.5490,19.6726,20.3886,17.0335,14.2234,15.0252,29.3203,22.0814,16.3684,15.7320,12.5208,10.0132,13.4776,15.9036,17.1945,16.3457,7.2862,15.0506,13.9222,14.3241,21.8107,16.1928,15.8509,13.7456,13.2842,13.7956,12.0054,13.2955,17.9134,18.8993,11.1637,11.7158,13.9842,14.8885,13.5351,11.0376,8.4130,15.4249,14.2002,14.8807,13.4670,18.1869,24.7715,22.8601,14.0778,10.7621,13.1085,11.4722,19.7093,15.1475,20.6907,11.7479,18.6973,24.6617,24.8395,22.9604,10.0675,13.8449,15.0263,13.5065,13.9996,12.1682,12.5794,20.3442,15.3084,15.7330,21.4227,22.9789,17.1768,20.7215,12.9114,24.9096,14.2278,12.7098,15.2732,11.8976,14.7529,10.0020,11.5431,17.2067,15.6324,15.8715,8.5314,15.7664,12.0087,16.7589,20.4026,24.1381,21.6885,24.4823,17.3761,8.9454,11.5519,12.2737,13.7420,15.4210,20.9273,18.3859,17.4704,21.2638,15.0304,15.6441,13.9837,16.7118,13.5971,13.9162,17.3546,9.9059,11.6092,19.0660,15.1116,13.3676,14.3645,12.8438,14.0633,14.7586,10.4694,13.7463,16.3418,12.7808,12.4286,12.4926,20.0950,15.8071,15.3149,17.0773,16.5603,12.0823,17.0297,12.1482,15.4362,13.6658,7.8104,9.9410,11.6029,14.1789,13.6491,12.6650,9.5351,10.3640,9.2302,15.0807,13.2784,9.9716,10.0161,13.0945,9.0351,12.6392,9.4580,9.4434,9.4326,9.4257,9.4227,9.4236,9.4284,9.4374,9.4505,9.4675,9.4886,9.5140,9.5431,9.5764,9.6134,9.6541,9.6983,9.7462,9.7974,9.8519,9.9097,9.9705,10.0345,10.1014,10.1712,10.2439,10.3193,10.3974,10.4782,10.5617,10.6478,10.7364,10.8276,10.9212,11.0173,11.1158,11.2167,11.3199,11.4254,11.5332,11.6431,11.7552,11.8694,11.9856,12.1037,12.2236,12.3449,12.4661,12.5812,12.6733
45124.1666667,18.7146,26.8417,26.3201,26.5516,38.9590,23.7339,29.7859,23.4940,29.5320,22.2427,23.5256,23.8980,17.3536,23.4174,26.0566,25.2171,28.2420,26.8978,19.5165,19.2205,27.2113,19.6848,15.9388,20.8662,20.5427,31.8862,20.5871,17.0167,23.1223,17.6640,22.0210,20.8685,21.5575,20.6859,21.4884,18.9760,22.1189,22.9218,15.5180,22.1123,22.8315,19.2658,16.2674,17.0908,31.2674,24.5956,18.4104,17.3570,14.0021,11.1755,14.8401,17.3378,18.5399,17.6559,8.0948,16.8231,15.4733,15.6407,22.8428,17.1445,16.6689,14.5037,14.2260,14.8435,12.6635,14.0432,18.7185,19.5666,11.5837,12.1364,14.6281,15.7669,14.3553,11.5519,8.5195,16.2576,15.0039,15.9061,14.4819,18.9621,25.0004,23.2468,14.5427,11.0381,13.5290,11.8362,20.2058,15.5557,21.1392,11.9684,19.1461,24.9482,25.0932,23.3929,10.1675,14.1008,15.3021,13.5713,14.1618,12.2450,12.6778,20.4985,15.1590,15.5556,21.3181,22.8879,17.0923,20.6286,12.7531,25.3089,14.0865,12.5520,15.1300,11.7115,14.5814,9.8288,11.3859,17.1409,15.6257,15.8690,8.4133,15.6709,11.8720,16.7829,20.8172,24.7925,22.0921,24.8208,17.3257,8.7383,11.3187,12.0389,13.5923,15.4222,21.1920,18.5854,17.6284,21.7987,14.9746,15.7126,13.9465,16.9903,13.5783,13.8947,17.7651,9.7234,11.5227,19.7036,15.5496,13.5865,14.8022,13.1452,14.7397,15.9789,10.6460,14.4580,17.6250,13.4393,13.0209,13.2194,21.6578,17.1175,16.4742,18.4429,17.6683,12.9090,18.4395,13.1992,17.2593,15.2682,8.4209,10.8984,12.9812,15.9986,15.4099,14.0321,10.5844,11.5346,10.3077,16.4614,14.4784,10.9781,11.0140,14.1676,9.9209,13.6752,10.3779,10.3434,10.3112,10.2814,10.2540,10.2291,10.2069,10.1875,10.1712,10.1578,10.1476,10.1407,10.1370,10.1368,10.1398,10.1463,10.1561,10.1694,10.1861,10.2062,10.2297,10.2567,10.2871,10.3208,10.3578,10.3981,10.4417,10.4884,10.5383,10.5912,10.6471,10.7059,10.7676,10.8320,10.8991,10.9688,11.0411,11.1158,11.1930,11.2725,11.3543,11.4383,11.5244,11.6127,11.7031,11.7953,11.8892,11.9836,12.0738,12.1464
45124.2083333,18.0545,26.7239,26.1232,26.4257,39.4120,23.3071,29.9445,23.4967,29.9770,22.0588,23.5225,24.0629,17.1085,23.4932,26.6284,25.8293,29.2281,27.9108,19.7252,19.5226,28.3776,20.1774,16.0781,21.5966,21.3032,33.5267,21.4812,17.5390,24.6561,18.5204,24.0339,23.0697,24.1956,22.8020,23.7432,20.8435,24.3512,25.2298,17.0789,24.1887,24.9232,21.1158,17.9002,18.7847,33.0939,27.0294,20.3922,18.9377,15.4759,12.3282,16.2611,18.8981,20.0654,19.1513,8.9829,18.7733,17.2210,17.1819,24.1954,18.3806,17.7884,15.5543,15.4330,16.1547,13.6181,15.0889,19.8429,20.5172,12.1249,12.5918,15.2207,16.5169,15.0098,11.9304,8.5665,16.9051,15.6080,16.6934,15.2285,19.5050,25.0588,23.4342,14.7713,11.1073,13.7336,12.0086,20.5442,15.8199,21.4764,12.1037,19.5081,25.1932,25.3227,23.7985,10.2842,14.3658,15.5896,13.6756,14.3399,12.3531,12.8004,20.6592,15.1049,15.4464,21.2187,22.7642,16.9570,20.4626,12.5557,25.5559,13.8987,12.3661,14.9342,11.4913,14.3513,9.6163,11.1758,16.9727,15.5005,15.7501,8.2602,15.5147,11.7069,16.7340,21.0874,25.2927,22.3795,25.0568,17.2456,8.5888,11.1439,11.8655,13.4698,15.3964,21.3581,18.6844,17.6847,22.1579,14.8527,15.6819,13.8423,17.1157,13.4802,13.7939,17.9861,9.5365,11.3893,20.1077,15.7677,13.6333,15.0190,13.2710,15.1505,16.8231,10.6620,14.8567,18.5027,13.7676,13.2914,13.5932,22.8024,17.9891,17.2229,19.3866,18.3859,13.3553,19.4531,13.8671,18.6941,16.5142,8.7906,11.6083,14.0941,17.5820,16.9457,15.2022,11.4234,12.5064,11.1833,17.7230,15.5503,11.8200,11.8549,15.1385,10.6531,14.6210,11.1716,11.1357,11.1011,11.0678,11.0357,11.0050,10.9755,10.9475,10.9210,10.8958,10.8723,10.8506,10.8305,10.8123,10.7961,10.7819,10.7698,10.7600,10.7525,10.7475,10.7450,10.7450,10.7477,10.7532,10.7613,10.7724,10.7862,10.8029,10.8226,10.8451,10.8706,10.8991,10.9305,10.9647,11.0019,11.0420,11.0850,11.1307,11.1793,11.2306,11.2846,11.3412,11.4004,11.4622,11.5264,11.5929,11.6615,11.7313,11.7987,11.8532
45124.2500000,16.9219,25.9430,25.2993,25.6626,39.1188,22.3224,29.4272,22.8903,29.7347,21.3205,22.9167,23.5878,16.3644,23.0028,26.5127,25.7308,29.4492,28.1703,19.3496,19.2660,28.8674,20.1095,15.7817,21.7786,21.5239,34.5518,21.8008,17.5762,25.5700,18.8394,25.3929,24.5965,26.1563,24.2641,25.3487,22.0752,25.9541,26.9161,18.0136,25.6316,26.3767,22.3033,18.8613,19.8164,34.3844,28.8973,21.8077,19.9809,16.4377,12.9876,17.2203,20.0455,21.2245,20.2911,9.4807,20.4125,18.7019,18.4921,25.3944,19.4410,18.7591,16.4665,16.5091,17.3614,14.5115,16.0989,20.9901,21.5240,12.7728,13.1522,15.8677,17.2573,15.6122,12.2293,8.5945,17.3817,15.9945,17.2104,15.6634,19.7335,24.8253,23.2737,14.6211,10.8275,13.5419,11.7866,20.4340,15.6290,21.3341,11.7965,19.3676,24.9518,25.0705,23.7142,9.9943,14.2045,15.4587,13.4029,14.1296,12.1059,12.5800,20.4867,14.7220,15.0432,20.8210,22.3568,16.5721,20.0616,12.1994,25.5440,13.5602,12.0465,14.5839,11.1352,13.9597,9.2673,10.8132,16.5945,15.1486,15.3953,7.9432,15.1394,11.3487,16.4341,21.0323,25.4354,22.3360,24.9647,16.9117,8.2743,10.8032,11.5337,13.1742,15.1683,21.2720,18.5501,17.5217,22.2348,14.5560,15.4527,13.5703,16.9978,13.2019,13.5089,17.9254,9.2230,11.0975,20.1899,15.6863,13.4259,14.9362,13.1387,15.2395,17.2724,10.4842,14.9330,18.9603,13.7643,13.1991,13.5773,23.4428,18.3419,17.4639,19.7904,18.5919,13.3293,19.9213,14.0342,19.5602,17.2266,8.8037,11.8709,14.7360,18.7026,18.0405,15.9758,11.8905,13.1065,11.6965,18.6403,16.2722,12.2992,12.3309,15.7592,11.0205,15.2117,11.5986,11.5695,11.5387,11.5069,11.4747,11.4425,11.4107,11.3795,11.3492,11.3196,11.2912,11.2639,11.2377,11.2129,11.1893,11.1670,11.1461,11.1266,11.1086,11.0920,11.0771,11.0637,11.0519,11.0418,11.0335,11.0269,11.0222,11.0194,11.0185,11.0197,11.0229,11.0283,11.0359,11.0457,11.0578,11.0722,11.0890,11.1083,11.1299,11.1541,11.1807,11.2098,11.2415,11.2756,11.3123,11.3514,11.3927,11.4358,11.4781,11.5123
45124.2916667,15.2841,24.3645,23.5879,23.8498,37.4869,20.1073,27.3733,20.7971,27.8857,19.1378,20.7806,21.5515,14.2959,21.1288,24.9452,24.2395,28.2290,26.9807,17.7406,17.8128,27.9706,18.7485,14.3697,20.7067,20.4871,34.1076,20.6559,16.2978,25.0803,17.9392,25.4672,24.8350,26.8175,24.4693,25.6430,22.0232,26.2000,27.1721,17.5611,25.6467,26.2634,21.8896,18.1671,19.1901,34.1267,29.0853,21.6218,19.5765,16.0477,12.4044,16.9159,19.8778,21.0455,20.0544,8.6918,20.6499,18.8741,18.5267,25.3244,19.1220,18.3297,15.9655,16.1660,17.2383,14.2327,16.0156,21.1770,21.6883,13.0424,13.5017,16.2754,17.6297,15.7850,12.1653,8.3782,17.3922,15.7808,17.0026,15.2118,18.9578,23.6049,21.9249,13.1738,9.2864,11.9310,10.1854,18.8385,13.9366,19.6269,10.0528,17.6175,23.0942,23.2086,21.9746,8.2720,12.5705,13.8701,11.7791,12.4937,10.4717,10.9822,18.8410,13.1516,13.4296,19.1427,20.6110,14.8534,18.3897,10.7589,24.4488,12.3397,10.9825,13.5393,10.1032,12.8510,8.2400,9.7180,15.4152,13.9379,14.1681,6.8847,13.9903,10.2504,15.3416,20.0293,24.5477,21.2564,23.8132,15.5609,7.1104,9.6375,10.4166,12.1028,14.1248,20.2780,17.5117,16.4866,21.3646,13.4048,14.3814,12.5474,16.1201,12.2312,12.5501,17.1001,8.2957,10.1995,19.5282,14.8278,12.4674,14.0682,12.3136,14.6404,16.9814,9.8118,14.3931,18.6395,13.0390,12.3157,12.6495,23.0260,17.5392,16.5177,18.9296,17.5657,12.0619,19.0199,12.9002,19.0386,16.6829,7.8854,11.1727,14.3608,18.7798,18.0697,15.7586,11.3717,12.6846,11.1751,18.4580,15.8886,11.5854,11.5113,15.0250,9.9969,14.3112,10.4818,10.4895,10.4962,10.5009,10.5027,10.5010,10.4966,10.4890,10.4785,10.4653,10.4499,10.4324,10.4131,10.3923,10.3701,10.3468,10.3227,10.2981,10.2730,10.2477,10.2225,10.1976,10.1731,10.1492,10.1261,10.1037,10.0812,10.0610,10.0418,10.0236,10.0070,9.9914,9.9771,9.9641,9.9525,9.9431,9.9334,9.9257,9.9191,9.9140,9.9102,9.9077,9.9066,9.9062,9.9053,9.8959,9.8957,9.8948,9.8893,9.8849
45124.3333333,12.1704,21.2083,20.5129,20.7620,34.5869,17.0018,24.2727,17.4593,24.7144,15.9168,17.5224,18.3071,11.2102,17.8325,21.7799,21.1320,25.1723,23.8410,14.5145,14.7994,25.4076,15.9527,11.7424,18.2180,18.0068,32.1843,18.1830,13.7636,23.0977,15.6446,23.8746,23.3374,25.5470,22.7542,24.1562,20.4192,24.9925,25.9816,15.7793,24.2871,24.7606,20.1731,16.1701,17.2525,32.5524,27.6106,19.7926,17.6643,14.1212,10.4786,15.1362,18.1022,19.1421,18.0847,6.5832,19.0994,17.3421,16.9858,23.8322,17.4219,16.5497,14.0780,14.2914,15.4890,12.4550,14.2213,19.4556,20.1306,12.1925,13.1333,16.1542,17.5143,15.4734,11.6315,7.8876,17.0229,15.1620,16.3727,14.2911,17.7702,22.1663,20.2880,11.4132,7.5645,9.8259,8.0868,16.5026,11.4823,16.9739,7.5635,14.7791,20.0406,20.0674,18.7740,5.3899,9.5130,10.8129,8.8819,9.4832,7.5235,8.0098,15.6536,9.9893,10.2743,15.7740,17.2260,11.6259,15.2326,7.9645,21.7373,9.7502,8.5887,11.2677,7.9810,10.6460,6.2613,7.5599,13.1998,11.7771,12.0469,5.1211,11.9241,8.2040,13.2604,17.9327,22.5643,19.1425,21.6720,13.3003,5.2547,7.6555,8.4012,9.9839,11.9782,17.9862,15.2751,14.3257,19.3330,11.3043,12.1618,10.4291,14.1520,10.3069,10.6868,15.3150,6.6537,8.5406,17.9896,13.1740,10.7808,12.4113,10.7061,13.1988,15.7481,8.5426,13.1904,17.6008,11.7634,10.7986,10.9980,21.8767,15.8296,14.7955,17.1951,15.8483,10.0957,17.1211,10.8431,17.1573,14.7999,5.9219,9.1834,12.5291,17.3795,16.6506,14.4245,9.6833,11.0929,9.5545,17.0803,14.6502,10.0075,9.7574,13.2798,8.0169,12.2455,7.9877,8.0431,8.0920,8.1326,8.1714,8.2032,8.2303,8.2522,8.2684,8.2796,8.2869,8.2898,8.2897,8.2873,8.2815,8.2741,8.2642,8.2521,8.2381,8.2253,8.2066,8.1859,8.1622,8.1367,8.1097,8.0809,8.0503,8.0179,7.9839,7.9482,7.9114,7.8732,7.8337,7.7934,7.7523,7.7099,7.6661,7.6153,7.5152,7.4432,7.3605,7.2786,7.2018,7.1266,7.0532,6.9825,6.9153,6.8518,6.7866,6.7368
45124.3750000,6.0254,14.8716,14.6554,15.1313,29.1665,11.9522,19.2331,12.5698,20.0296,11.5539,13.2032,14.1126,7.5329,13.5546,17.5454,17.0468,21.5464,19.4502,10.4123,10.2055,20.9792,11.3257,7.5909,14.1987,14.0606,28.6105,14.3260,10.1336,19.8657,12.2730,20.8824,20.3865,22.8314,19.0118,19.8012,15.6794,21.1473,22.9495,12.6102,21.5627,21.9287,17.4772,13.3192,14.5548,30.1437,25.1162,17.0110,14.8773,11.3889,8.0091,12.8624,14.9038,15.7388,14.0238,2.9116,15.2666,13.4394,13.3517,20.3927,13.9036,13.4858,10.2491,10.5569,12.0442,9.5281,11.0959,16.7486,16.4610,8.7037,11.2371,14.8333,16.3593,14.4545,10.2669,6.9284,16.1233,14.0302,15.3285,13.0209,16.3694,20.9186,18.8202,9.6252,6.5675,7.4223,5.9293,14.0553,9.0246,14.0581,4.9673,11.4180,16.1508,16.4106,15.0275,1.4882,5.2224,6.5821,5.0774,5.4020,4.1759,3.7753,11.2048,4.8383,5.7877,10.7576,11.8751,5.8041,9.8748,3.1002,16.8231,5.1282,4.1281,6.9594,4.1471,7.0648,3.1506,3.6761,9.1551,8.0054,8.3968,2.2672,9.1728,5.1758,10.1543,14.6972,19.5288,16.1795,18.7219,10.3457,2.9563,5.1726,5.8358,7.2998,9.1765,14.4680,11.9286,11.0930,16.3702,8.2110,8.6568,7.2008,11.0349,7.4320,7.9343,12.6278,4.4290,6.2782,15.6494,10.7884,8.4385,10.0635,8.4867,11.1463,13.7959,6.9160,11.5766,16.1888,10.1483,9.0341,8.9396,21.2198,13.5861,12.8527,14.8056,13.6031,7.9766,14.1813,8.2643,13.9836,11.5535,2.9495,6.0289,9.1893,14.6568,13.5292,12.1088,6.7405,8.2588,6.7347,14.4688,12.8515,7.9113,7.4905,11.0877,5.8038,9.6849,4.5800,4.7154,4.8427,4.9581,5.0629,5.1546,5.2408,5.3185,5.3873,5.4477,5.5006,5.5454,5.5833,5.6147,5.6384,5.6578,5.6696,5.6769,5.6775,5.6734,5.6638,5.6493,5.6298,5.6053,5.5766,5.5435,5.5062,5.4645,5.4165,5.3391,5.1267,4.9862,4.8351,4.6801,4.5344,4.3839,4.2453,4.1017,3.9619,3.8224,3.6836,3.5459,3.4110,3.2774,3.1458,3.0172,2.8922,2.7718,2.6495,2.5571
45124.4166667,-3.6603,4.5275,5.1354,5.9859,21.6869,3.1280,10.1952,4.6380,12.7693,3.7555,5.6111,6.9563,1.5794,7.0083,11.3391,11.4450,17.4861,14.2781,6.7738,5.5983,16.6775,7.3142,3.9181,10.3259,10.0305,24.9189,8.5956,4.4755,14.0786,6.1690,14.5642,15.3874,19.1637,15.0844,15.4517,10.2868,13.7410,14.9913,5.3176,15.7826,14.8271,11.1592,7.2914,9.0027,26.6873,19.6751,11.0338,9.5309,6.8952,4.1528,10.6359,12.2688,12.7854,10.5347,-1.0460,10.6273,7.8342,8.6345,15.1331,6.7597,8.2173,3.7360,4.2331,6.1241,4.8554,6.3892,13.4890,12.8911,3.4835,7.5355,11.8232,12.6605,11.9895,7.5342,4.9066,15.0817,11.0650,14.2073,9.3149,12.3438,19.7042,16.5280,4.8075,3.8375,2.4593,1.5802,9.6256,4.8458,9.4943,2.7844,8.2373,11.1780,11.3889,9.6566,-3.6752,-1.3177,0.3932,-0.1889,0.0153,0.7255,-1.0477,7.5864,-1.4966,0.8472,5.5145,6.0702,-0.5766,2.5769,-3.6056,10.3003,-0.8591,-1.4880,1.1353,-0.9078,3.0680,-0.2620,-1.1690,3.7221,3.5960,3.0341,-2.9152,4.2405,-0.1369,5.2567,8.2966,13.3853,10.0354,12.7381,4.1612,-2.6261,-0.1134,0.7006,2.5156,4.7348,9.3768,6.4147,6.3719,13.0530,5.1044,4.2426,3.0689,7.0944,3.6110,3.3047,7.9798,0.1570,2.3504,11.3076,6.5415,3.1552,5.5917,3.9065,7.1880,10.3746,4.0489,8.6490,14.7063,6.9327,6.9494,5.2961,19.5070,11.2466,10.3544,10.2779,10.6610,4.7265,10.1170,5.4523,10.3821,7.8870,-0.2549,2.3654,4.7598,10.9870,9.5404,8.8575,2.4542,4.8440,2.3222,11.6665,9.9855,4.9632,4.5156,8.3628,3.2991,6.7650,0.4171,0.7087,0.9878,1.2529,1.5027,1.7319,1.9478,2.1458,2.3252,2.4866,2.6310,2.7588,2.8717,2.9709,3.0564,3.1312,3.1937,3.2458,3.2750,3.1577,2.9760,2.7932,2.6295,2.4692,2.3098,2.1666,2.0092,1.8654,1.7316,1.5851,1.4461,1.3041,1.1594,1.0123,0.8679,0.7161,0.5696,0.4172,0.2652,0.1115,-0.0433,-0.1987,-0.3532,-0.5077,-0.6615,-0.8138,-0.9637,-1.1101,-1.2603,-1.3715
45124.4583333,-12.7825,-6.6063,-5.4142,-4.1938,13.2762,-6.4457,-0.3721,-4.8679,5.2296,-4.0433,-3.1289,-2.6517,-6.5990,-2.5447,0.8129,1.5477,10.6514,6.9765,2.2586,0.5569,10.7455,1.4268,-1.3044,4.8008,5.1006,22.8709,4.7679,0.4234,11.4184,2.4354,11.2584,10.4164,15.8923,12.5945,13.4172,7.7437,11.1937,9.2898,-1.6616,10.3332,8.1398,2.4250,-1.6770,0.0998,21.7387,13.8242,4.0538,2.8156,0.4494,-1.2743,6.9017,9.5773,10.6758,9.2976,-2.0666,8.2137,4.2750,7.4778,13.8450,2.8419,5.2422,-1.0241,-1.4062,0.0933,0.1641,0.7869,9.0033,8.8863,-1.1500,3.1865,9.7608,9.3842,9.6494,3.9412,2.0384,13.7929,7.7659,13.3145,6.0847,9.8231,20.7106,16.8011,3.2085,2.8721,-0.2793,-0.9139,5.9324,0.1569,7.3894,0.5592,6.1443,9.6325,9.9918,7.6397,-4.8557,-4.8725,-3.9477,-3.8763,-4.4110,-2.4532,-5.0316,3.4020,-8.0253,-4.6143,0.3639,1.2038,-4.7439,-3.4027,-9.4033,4.1925,-5.7155,-5.7923,-3.7782,-6.0324,-1.2364,-3.5641,-6.0810,-2.0263,-0.7319,-0.9050,-6.6837,0.1477,-4.7946,0.6207,1.6597,8.3642,5.1952,8.6248,0.2032,-6.1684,-3.7506,-3.3240,-1.3588,1.3431,6.3230,1.1852,0.0100,7.7461,1.1057,0.8265,-1.7827,3.1851,0.1904,-1.1324,4.3441,-3.6301,-1.1256,8.9703,3.9183,-0.0212,2.8713,-0.2149,2.1723,5.6582,0.3165,5.0059,11.7486,3.4887,3.8123,1.3664,17.3341,9.4149,8.0999,7.0654,8.3937,2.8316,8.3581,3.4449,7.5176,5.0497,-2.4225,-0.3156,0.9202,7.9550,6.6463,6.6882,-0.4507,2.6938,-0.7390,10.3692,8.6783,3.8672,3.5026,7.5502,2.7935,5.4052,-1.9782,-2.4115,-2.7909,-3.1002,-3.3278,-3.4741,-3.5322,-3.5165,-3.4405,-3.3187,-3.1644,-2.9699,-2.6866,-2.3824,-2.1096,-1.8393,-1.6004,-1.3962,-1.2105,-1.0764,-0.9588,-0.8709,-0.8089,-0.7693,-0.7491,-0.7359,-0.7495,-0.7689,-0.7949,-0.8422,-0.8953,-0.9605,-1.0366,-1.1222,-1.2131,-1.3152,-1.4193,-1.5324,-1.6498,-1.7724,-1.8998,-2.0313,-2.1658,-2.3036,-2.4441,-2.5866,-2.7301,-2.8726,-3.0227,-3.1264
45124.5000000,-21.2580,-17.3893,-15.1281,-12.9933,2.9297,-15.0762,-10.8365,-14.3711,-3.7815,-10.4716,-9.6233,-10.1977,-12.5650,-9.6519,-7.1464,-8.0655,0.6078,-3.2393,-7.2348,-8.4823,2.6762,-6.1089,-7.2022,-1.8968,-0.8454,17.2845,0.5480,-3.9572,7.4323,-1.3912,7.5572,6.3884,12.4576,9.8249,12.2126,7.5217,11.9194,10.3981,-1.2153,10.2011,7.6153,0.6809,-4.4934,-3.1225,18.9387,9.0339,-1.3214,-2.8343,-5.9659,-7.2265,-0.0325,3.4500,5.5429,4.2390,-5.4517,4.0553,1.7855,6.8005,13.9234,3.8100,5.6589,-0.9633,-3.1026,-2.2390,-2.2084,-1.7817,6.6458,6.4263,-4.8783,-0.9078,5.3548,5.0923,5.6481,1.2190,0.2500,12.2849,6.6732,12.5160,4.2330,7.9579,21.2718,17.0104,3.9955,2.0633,-1.8040,-2.0185,6.0768,-0.6139,7.2503,0.6442,5.9339,9.6728,10.0918,7.1963,-4.7304,-5.6976,-4.8005,-3.5644,-5.6433,-4.1450,-5.4982,1.7636,-10.2668,-7.3325,-2.7655,-2.0183,-7.2672,-6.5208,-12.1464,-0.8808,-9.9439,-10.0386,-6.9158,-9.1944,-4.8254,-5.9878,-8.9014,-4.4173,-3.3965,-3.5279,-8.4381,-3.0220,-6.8998,-2.8405,-2.0523,3.7781,1.1173,5.1428,-2.5101,-6.8974,-5.3522,-5.7663,-4.7062,-2.5003,2.4786,-1.5380,-2.2236,4.2215,-2.4524,-2.3350,-4.2023,0.3637,-2.1251,-2.9572,1.7995,-5.2287,-3.2032,6.4312,0.2693,-2.6168,-0.3498,-2.7455,-0.6629,1.8261,-1.8247,3.5366,9.2271,2.3588,1.0321,-0.9890,14.4294,6.4903,4.8033,4.1201,5.6566,1.1772,6.2780,1.3385,4.9364,2.7650,-3.4507,-2.1833,-1.5820,5.2769,4.2912,5.0025,-1.8768,1.4784,-1.6682,9.3160,7.7505,3.2540,3.0022,7.1866,2.8463,5.2948,-1.0320,-1.2959,-1.5660,-1.8432,-2.1274,-2.4241,-2.7203,-3.0198,-3.3201,-3.6177,-3.9080,-4.1715,-4.3604,-4.5082,-4.6384,-4.7198,-4.7640,-4.7684,-4.7209,-4.6470,-4.5271,-4.3770,-4.2012,-4.0049,-3.7935,-3.5657,-3.3423,-3.1153,-2.8912,-2.6855,-2.4919,-2.3181,-2.1659,-2.0364,-1.9274,-1.8436,-1.7783,-1.7360,-1.7125,-1.7077,-1.7200,-1.7479,-1.7895,-1.8441,-1.9103,-1.9864,-2.0710,-2.1615,-2.2706,-2.3396
45124.5416667,-22.6291,-21.4756,-19.0098,-17.1831,-3.4574,-18.5842,-16.8333,-21.2873,-11.9289,-16.3384,-16.0433,-16.9704,-18.0864,-16.2535,-14.4902,-15.2406,-7.8404,-11.1498,-13.9663,-15.3853,-5.6211,-14.5369,-14.5094,-11.5209,-8.7750,8.7703,-6.4002,-10.2729,1.2044,-7.3361,2.8172,1.5587,8.2554,7.3254,9.5008,4.7573,9.5261,8.4457,-3.4658,8.7540,6.6291,0.6153,-5.9373,-4.7133,18.2023,6.2471,-3.5022,-4.6915,-8.7162,-9.8755,-3.1002,-1.1748,0.2824,-0.6836,-9.5067,-3.1720,-4.4314,2.3013,10.8072,1.2746,2.8594,-2.7359,-6.3388,-5.1436,-4.3308,-3.4319,4.5423,4.1724,-8.2385,-3.9853,2.4004,1.1271,-0.0001,-3.7700,-3.5566,8.8222,3.9371,10.0141,1.7447,5.3901,21.5386,16.7613,4.0868,1.6647,-3.8821,-3.4073,4.7840,-2.9113,5.2858,-1.0649,4.2046,8.3409,8.9401,5.6418,-5.1511,-5.8205,-5.0770,-2.3991,-5.5674,-4.8670,-6.1427,-0.4225,-11.7771,-9.5309,-5.6372,-5.1942,-9.9244,-9.7513,-15.0647,-5.6549,-12.9475,-12.8324,-9.1276,-10.6417,-7.7561,-8.0928,-12.1168,-7.4696,-7.0813,-6.4834,-10.4633,-6.5960,-9.5501,-6.4129,-5.4409,0.1351,-2.4165,1.8198,-5.3743,-8.2142,-7.3157,-7.3808,-7.6144,-6.0026,-0.0621,-4.2909,-4.7344,1.3879,-4.4690,-4.8740,-6.4700,-2.4956,-4.6293,-5.2054,-1.1236,-7.0845,-5.7064,3.5858,-3.6754,-5.6602,-3.6174,-6.0796,-4.1158,-2.4019,-4.1868,1.9166,6.6524,1.1158,-0.3858,-3.0964,11.8972,4.0921,2.6711,2.6592,4.7166,-0.1989,3.9350,-1.3156,1.2206,-0.6892,-5.4035,-4.7420,-4.0864,2.1216,1.2051,2.4369,-4.1484,-0.9999,-3.3424,7.4018,5.9246,1.6609,1.4569,5.7507,1.6964,3.9004,-1.7558,-1.9033,-2.0594,-2.2220,-2.3892,-2.5668,-2.7401,-2.9153,-3.0922,-3.2707,-3.4500,-3.6196,-3.7490,-3.8646,-3.9855,-4.0925,-4.1955,-4.2936,-4.3783,-4.4664,-4.5420,-4.6126,-4.6774,-4.7348,-4.7832,-4.8160,-4.8421,-4.8505,-4.8412,-4.8208,-4.7822,-4.7286,-4.6605,-4.5786,-4.4824,-4.3771,-4.2605,-4.1387,-4.0121,-3.8841,-3.7572,-3.6339,-3.5160,-3.4061,-3.3059,-3.2167,-3.1394,-3.0747,-3.0449,-3.0061
45124.5833333,-17.3051,-15.6281,-14.7306,-12.8088,-0.9417,-14.4968,-15.8290,-20.5632,-14.0486,-16.9941,-18.0018,-20.1718,-20.7561,-20.6625,-20.2329,-21.2868,-15.3408,-18.2034,-19.4925,-20.9835,-12.5155,-21.4243,-18.5734,-19.6285,-15.3201,0.8354,-14.7537,-17.2235,-5.9980,-14.3258,-5.4395,-5.9463,1.5699,3.9376,6.5080,1.5533,6.6188,5.7117,-6.9554,6.8950,4.8535,-0.5959,-9.0114,-8.1995,16.2874,2.9985,-5.5885,-5.5556,-10.1760,-11.4976,-4.7273,-3.6477,-2.4192,-2.9057,-11.0437,-8.3954,-9.1139,-2.9487,8.0212,-1.3444,-0.2686,-5.2728,-10.7086,-9.7137,-8.1615,-4.5933,1.6714,1.0523,-12.0614,-6.8999,0.1023,0.4616,-0.4576,-7.4951,-6.5048,4.7933,-0.0974,3.7520,-3.4589,0.4749,19.4310,14.2642,1.9982,-0.5266,-7.9226,-5.2512,2.7653,-4.1945,3.2495,-3.0192,1.8463,6.0481,6.5432,2.5253,-7.4262,-7.8194,-7.0024,-2.6267,-6.7741,-6.5354,-7.5633,-2.8877,-10.8641,-9.2198,-6.0428,-6.1661,-10.7982,-11.0741,-16.5007,-9.7592,-15.8185,-15.6464,-11.1886,-12.0799,-10.2360,-9.7358,-15.2678,-10.3015,-11.8844,-8.6552,-11.6159,-8.9495,-11.3199,-9.3602,-10.9794,-4.3275,-6.2729,-1.4838,-8.0800,-9.3583,-10.3139,-9.2081,-10.3254,-9.1067,-1.9204,-6.6289,-8.8773,-1.6923,-6.3192,-6.8398,-8.0274,-3.8932,-5.3181,-6.1298,-3.0218,-7.9087,-6.8986,2.0771,-6.9921,-8.3713,-5.9316,-8.9865,-7.4092,-6.8848,-6.9844,-0.2991,3.5493,-0.6544,-1.8957,-5.4109,9.4680,1.9345,0.7173,1.2860,4.0947,-1.1531,2.2510,-3.3766,-2.0524,-4.0310,-7.4834,-7.1027,-6.7281,-1.2907,-2.2358,-0.1931,-5.6792,-3.4906,-5.4028,5.1303,3.6011,-0.5134,-0.7785,3.5305,-0.2340,1.5259,-3.6366,-3.7378,-3.8355,-3.9299,-4.0213,-4.1179,-4.2058,-4.2929,-4.3799,-4.4677,-4.5566,-4.6395,-4.6955,-4.7434,-4.7966,-4.8420,-4.8864,-4.9295,-4.9654,-5.0062,-5.0413,-5.0765,-5.1119,-5.1474,-5.1828,-5.2145,-5.2495,-5.2812,-5.3099,-5.3408,-5.3689,-5.3962,-5.4223,-5.4466,-5.4673,-5.4862,-5.4997,-5.5099,-5.5145,-5.5137,-5.5067,-5.4931,-5.4724,-5.4446,-5.4097,-5.3679,-5.3196,-5.2661,-5.2342,-5.1839
45124.6250000,-17.1865,-13.0962,-10.9121,-11.4388,3.8791,-7.7706,-10.0932,-17.6020,-9.4104,-10.9007,-12.5284,-15.4779,-15.9444,-17.8098,-18.8997,-20.3127,-17.3242,-21.1703,-21.6380,-23.8723,-17.3498,-26.4598,-22.1332,-22.5037,-20.5668,-4.4067,-20.9613,-22.0265,-11.7741,-18.7807,-12.7844,-13.3315,-6.4939,-2.2148,2.0361,-0.0392,6.2822,5.5320,-8.9356,6.3104,4.3006,-0.2540,-9.4088,-7.3523,14.8525,-0.9570,-8.5950,-7.2393,-12.1365,-10.6466,-5.7143,-5.9233,-5.0069,-4.9142,-12.4444,-13.1963,-13.5171,-8.2693,5.6915,-3.0764,-2.2014,-6.6074,-14.1268,-13.7404,-11.9572,-8.4378,-0.2929,0.8818,-14.8030,-9.3840,-1.1082,-2.2565,-2.5315,-7.2908,-2.6816,5.3440,1.0766,1.6707,-5.2047,2.9548,20.2835,14.3872,2.3107,-0.6830,-7.0825,-6.0997,0.5120,-6.3439,0.1331,-5.8904,-1.3287,3.3268,4.2640,0.2585,-9.8508,-8.1643,-5.7497,0.8371,-4.3986,-5.1901,-6.8675,-3.5550,-9.3256,-8.1808,-4.6891,-5.2892,-9.8640,-10.5016,-16.0855,-11.6976,-16.6799,-16.6750,-11.3019,-11.6528,-10.7407,-9.9315,-14.1253,-11.1501,-15.5192,-13.2097,-12.7148,-10.5348,-11.9440,-10.4855,-12.1042,-8.3059,-10.4281,-5.3276,-11.2492,-11.9176,-11.7476,-12.8060,-13.9640,-12.9643,-4.2556,-9.0491,-10.9573,-5.0450,-8.3745,-9.1137,-9.3283,-7.1367,-7.6655,-6.3119,-3.1711,-8.1503,-7.5332,2.9216,-7.5348,-8.2173,-5.8847,-8.5356,-8.0851,-9.5984,-6.7078,-1.2237,1.7283,-1.5191,-2.8659,-7.3575,7.4364,-1.8826,-0.3271,0.7799,4.3320,-1.2107,1.3857,-6.4433,-4.1524,-5.9096,-8.1105,-8.0945,-8.1814,-3.6487,-4.7107,-1.8901,-6.4724,-5.0177,-6.3983,3.8003,2.1575,-1.7708,-2.0991,2.1134,-1.2892,-0.0701,-4.7554,-4.8701,-4.9818,-5.0906,-5.1962,-5.3066,-5.4070,-5.5045,-5.5991,-5.6911,-5.7799,-5.8602,-5.9170,-5.9632,-6.0080,-6.0424,-6.0714,-6.0951,-6.1098,-6.1244,-6.1321,-6.1375,-6.1413,-6.1438,-6.1454,-6.1441,-6.1452,-6.1443,-6.1421,-6.1426,-6.1426,-6.1438,-6.1462,-6.1499,-6.1539,-6.1599,-6.1658,-6.1733,-6.1813,-6.1900,-6.1992,-6.2087,-6.2182,-6.2275,-6.2364,-6.2444,-6.2512,-6.2564,-6.2828,-6.2782
45124.6666667,-19.0506,-16.3843,-13.7349,-13.7553,6.1257,-7.8992,-5.6116,-13.9595,-6.7100,-6.3389,-6.1117,-7.1121,-6.1230,-8.2431,-10.3129,-10.7573,-6.8743,-11.2705,-11.9346,-17.2340,-11.1035,-20.6395,-17.9123,-18.6375,-20.3697,-5.5766,-22.9365,-23.6689,-17.1212,-21.5943,-18.6214,-19.0433,-12.4710,-7.6314,-3.5543,-3.4969,2.0935,2.7280,-8.4805,7.9840,11.1374,4.6445,-1.8955,1.7053,21.7651,1.9018,-5.6350,-4.1533,-10.3165,-9.0225,-3.5615,-4.5855,-4.4253,-3.6502,-10.3356,-15.3036,-15.7385,-11.0093,5.4485,-2.2565,-0.6456,-5.9340,-13.8413,-14.5544,-13.5193,-11.6317,-5.3680,-1.2251,-16.1653,-9.7621,-2.1002,-3.6247,-3.8670,-6.5082,-1.7200,4.6739,3.4938,2.5245,-2.9303,8.9436,25.5827,19.7620,4.7538,2.9297,1.5902,-0.7682,8.4069,1.6112,7.5693,1.1866,4.5315,9.8434,9.4334,3.5878,-8.2449,-8.2703,-6.3959,0.0011,-3.8394,-1.4036,-3.5249,1.9957,-4.4713,-5.2653,-0.1943,-0.4552,-6.5770,-5.1964,-11.6117,-9.5764,-14.3150,-14.3800,-10.6035,-10.0498,-7.3136,-7.6915,-11.2434,-7.0100,-12.6141,-11.3683,-10.0683,-8.5456,-11.4186,-11.2728,-11.1177,-7.2332,-9.7527,-4.9544,-10.7488,-11.5211,-12.5384,-13.3471,-15.5762,-15.3323,-5.9443,-10.9975,-12.4492,-7.9357,-11.2974,-12.1335,-10.9575,-9.5517,-9.4700,-6.3821,-2.8256,-7.5513,-8.0622,3.0271,-8.7024,-8.8058,-7.3791,-8.3152,-7.3629,-9.3221,-5.8978,-2.1395,2.7402,0.3937,-0.2673,-5.5944,9.7314,-1.2563,1.9575,3.5869,7.8615,0.2107,3.9061,-6.0114,-3.6798,-6.5005,-6.6661,-7.7015,-7.2895,-3.3766,-4.6969,-1.2777,-5.2048,-5.5109,-6.7162,5.2610,3.7099,0.0311,-0.2771,3.8687,0.6948,1.4388,-2.9517,-3.2212,-3.4961,-3.7705,-4.0395,-4.3064,-4.5539,-4.7859,-5.0007,-5.1974,-5.3755,-5.5321,-5.6576,-5.7626,-5.8555,-5.9316,-5.9959,-6.0500,-6.0925,-6.1303,-6.1592,-6.1829,-6.2020,-6.2169,-6.2280,-6.2337,-6.2379,-6.2374,-6.2329,-6.2272,-6.2182,-6.2072,-6.1947,-6.1807,-6.1649,-6.1488,-6.1313,-6.1138,-6.0959,-6.0781,-6.0605,-6.0433,-6.0266,-6.0105,-5.9951,-5.9805,-5.9666,-5.9532,-5.9621,-5.9431
45124.7083333,-15.3374,-15.2003,-12.9151,-13.0773,4.4426,-6.5521,-4.8507,-11.6386,-2.5356,-3.8872,-4.3382,-5.4263,-4.5025,-6.2645,-7.9441,-7.1597,-2.1625,-3.7697,-2.4615,-5.4826,-0.7583,-7.7416,-4.7797,-6.5172,-8.5560,6.2575,-11.9048,-13.2371,-11.9893,-16.5233,-17.1097,-19.6515,-15.8507,-11.4353,-7.2606,-7.2667,0.6352,1.3709,-10.6485,2.7703,5.7111,1.0470,-3.5833,0.8235,25.9325,8.5359,0.8465,4.8093,-2.5102,-1.0142,2.7707,4.1993,4.2995,2.4154,-2.1976,-9.7283,-11.1048,-7.5725,10.0053,0.5897,1.8323,-2.4844,-8.9121,-10.1188,-7.0312,-8.3489,-3.2644,-0.6510,-16.0652,-10.7736,-4.3702,-2.4776,-4.6990,-7.2291,-2.6278,5.2766,3.0739,2.7437,-0.1736,14.1092,30.5165,24.7434,7.3972,5.3414,7.4255,2.8422,14.5573,8.4854,14.7439,5.8141,9.3629,18.4649,18.9730,12.7366,0.6503,-0.1532,0.8533,6.0209,2.2911,3.5823,1.7127,8.8307,0.8034,2.3645,7.0427,7.4192,-0.8258,1.8744,-5.0670,-3.8412,-8.2450,-9.4314,-7.1252,-6.2522,-4.6764,-4.1508,-7.4572,-4.5924,-8.9915,-8.0842,-5.9173,-3.8685,-7.4098,-6.6177,-8.4668,-4.3345,-6.5139,-1.4408,-6.5748,-7.3039,-9.3767,-9.4439,-12.9437,-13.7381,-4.5643,-9.5139,-10.7295,-7.3985,-9.9606,-11.5982,-12.5919,-11.2571,-11.4743,-7.9600,-6.5706,-8.8022,-8.8984,1.7137,-8.5651,-8.1321,-7.0661,-7.4099,-6.6750,-7.8711,-2.6510,1.1977,5.0439,1.5910,1.1484,-1.8528,13.3342,3.2896,6.3532,8.5364,12.8008,2.3479,7.7918,-2.8643,-1.1277,-3.9657,-4.5716,-5.2533,-6.1327,-1.5527,-2.4388,1.4219,-1.8854,-2.2043,-4.6836,7.7919,6.4090,2.9667,2.7975,7.0508,4.0536,4.9853,0.9848,0.8641,0.7368,0.6043,0.4676,0.3203,0.1757,0.0272,-0.1255,-0.2829,-0.4450,-0.6090,-0.7673,-0.9253,-1.0866,-1.2453,-1.4023,-1.5557,-1.7019,-1.8435,-1.9755,-2.0989,-2.2128,-2.3165,-2.4098,-2.4913,-2.5638,-2.6253,-2.6766,-2.7201,-2.7550,-2.7828,-2.8041,-2.8197,-2.8299,-2.8359,-2.8374,-2.8357,-2.8307,-2.8230,-2.8129,-2.8008,-2.7866,-2.7709,-2.7537,-2.7353,-2.7157,-2.6947,-2.6921,-2.6597
45124.7500000,-10.0033,-11.4123,-9.7044,-10.2320,4.4079,-4.8569,-4.0967,-9.5106,-1.7095,-2.5731,-2.9962,-3.8097,-2.8107,-4.0613,-5.5688,-5.0398,-0.9108,-2.1432,-1.0057,-3.0873,1.1450,-4.2385,-1.3190,-2.2462,-3.2115,12.1551,-3.2426,-3.5738,-2.9163,-6.2160,-8.6838,-12.2069,-11.1316,-8.4254,-6.1571,-7.1184,-0.5208,1.5904,-8.7074,2.4658,4.7126,0.5025,-3.5788,0.1012,25.9421,10.3157,3.5680,8.0665,1.8944,3.2297,6.7571,9.2857,11.1396,8.9614,4.3504,-1.6226,-2.9445,-0.2330,15.0162,6.1541,6.8234,2.7599,-3.0048,-4.4938,-1.7038,-3.0852,2.3284,3.7728,-12.1645,-9.3925,-4.9472,-3.4282,-5.3325,-7.0548,-2.7989,3.7065,1.9878,2.3353,0.3196,14.9200,29.9109,25.4015,9.4989,7.4146,10.2406,6.4982,18.9046,13.7421,20.2431,11.3070,15.6618,25.7058,25.7275,19.8550,7.9295,7.7078,8.5096,12.4104,9.3429,9.7855,8.3544,16.0282,6.3347,7.9939,12.3562,13.7421,6.1495,9.3738,2.9848,4.5312,0.2554,-1.6324,-0.3762,0.0243,0.6217,0.9878,-2.2043,-0.7297,-4.6223,-4.4189,-2.7181,-0.9660,-4.1805,-3.3111,-4.5123,0.1160,-0.8875,4.6925,-0.0185,-0.5208,-2.5424,-2.8172,-6.1061,-7.6700,-0.2414,-4.8292,-5.9055,-3.3768,-5.0807,-7.1924,-8.0815,-8.0089,-8.0771,-5.4304,-5.7433,-6.7525,-7.8710,-0.6536,-8.9125,-8.5658,-8.3117,-8.2103,-7.5994,-8.3695,-2.7386,-0.0924,3.3879,0.6869,0.8890,-0.4240,14.3461,5.0555,8.0833,11.1094,15.0396,5.5937,11.9950,2.4357,4.1669,1.7411,0.7031,-0.2171,-1.6554,2.0614,1.5281,5.2481,2.3198,2.1455,-0.2960,10.7983,10.1656,6.9023,6.9030,11.2053,8.1172,9.7751,5.8499,6.0458,6.2286,6.3914,6.5315,6.6214,6.6702,6.6690,6.6022,6.4772,6.2881,6.0427,5.8005,5.6178,5.4701,5.3460,5.2339,5.1278,5.0253,4.9217,4.8186,4.7142,4.6085,4.5016,4.3939,4.2867,4.1787,4.0719,3.9670,3.8632,3.7623,3.6644,3.5703,3.4804,3.3957,3.3161,3.2426,3.1748,3.1134,3.0582,3.0091,2.9661,2.9291,2.8976,2.8715,2.8503,2.8339,2.8227,2.7983,2.8115
45124.7916667,-4.4446,-6.4971,-5.2523,-5.9549,6.3245,-1.7088,-1.5990,-6.1188,-0.0433,-0.7628,-1.3257,-2.2023,-1.4632,-2.2246,-3.7425,-3.3420,0.1328,-0.8375,0.0991,-1.5466,1.9958,-2.5366,-0.3140,-1.0492,-1.7673,12.0493,-1.4156,-1.4259,-0.3220,-2.2380,-3.6577,-6.2468,-5.1024,-2.4930,-0.8782,-2.0740,2.8873,4.5238,-4.6342,4.2562,5.6840,1.7354,-1.9674,0.9057,25.0463,10.4056,4.2154,8.1165,3.0204,3.9225,7.3584,10.1408,12.7786,11.0380,5.7618,2.6650,1.9125,4.5011,18.3452,10.3147,10.9395,7.4117,2.6349,1.2233,3.4142,2.0734,6.9757,7.7234,-7.0606,-5.7598,-2.8229,-2.1029,-4.0909,-5.9485,-2.2619,2.5891,0.9495,1.4016,-0.3622,12.4859,26.3918,22.4229,7.9167,5.7974,8.4563,5.5090,17.3077,12.4526,19.1820,10.3392,15.8112,25.7822,26.4083,21.6510,9.7113,10.9520,12.1431,15.0083,12.9453,12.9481,12.2260,20.4358,10.6100,12.0824,16.4844,17.8318,10.8413,14.1762,8.0957,11.0841,6.6682,5.0156,6.1321,6.0355,6.6115,6.3400,3.9878,5.1968,1.8171,1.6318,2.1883,3.3548,0.5184,0.7284,-0.6121,3.0832,2.2092,7.6119,3.2228,2.4441,1.3664,1.2624,-0.9675,-2.1108,4.1343,0.5880,-0.1693,1.8063,0.2919,-1.8990,-2.7910,-3.2677,-3.3462,-1.5356,-2.4690,-2.7965,-4.1356,0.6313,-5.9851,-5.7023,-6.2245,-6.6729,-7.1582,-8.5786,-3.4896,-1.8078,0.9824,-1.1222,-0.6734,-1.6040,11.4584,3.4412,6.1485,9.1128,12.3960,4.4599,10.9697,3.0899,5.5025,4.1257,2.8488,3.0183,2.3186,5.7859,5.4260,8.6719,5.7775,5.9043,3.8770,13.6164,13.2006,9.8210,9.8531,14.1125,10.5688,12.8921,8.6662,8.7993,8.9381,9.0823,9.2358,9.3830,9.5422,9.7054,9.8618,10.0188,10.1677,10.3134,10.4552,10.5858,10.6998,10.8012,10.8808,10.9441,10.9809,10.9883,10.9664,10.9146,10.8275,10.7068,10.5547,10.3687,10.1533,9.9078,9.6883,9.5004,9.3401,9.2018,9.0805,8.9723,8.8738,8.7820,8.6955,8.6125,8.5323,8.4543,8.3782,8.3041,8.2321,8.1623,8.0950,8.0305,7.9694,7.9128,7.8466,7.8232
45124.8333333,2.3488,0.2387,0.8666,-0.0889,10.2006,2.7446,2.4013,-1.7713,2.8823,2.0188,1.3417,0.3773,0.7275,0.3898,-1.1906,-1.1033,1.5745,0.5406,1.0951,-0.2928,2.6429,-1.2002,0.4331,-0.1212,-0.6964,11.4905,-0.3941,-0.4485,0.5148,-1.0085,-2.0864,-4.1110,-2.7655,0.0293,1.7944,1.1145,5.7090,7.3994,-0.3402,7.3487,8.4742,4.8319,1.4997,3.6615,25.2590,11.5349,5.4394,8.4671,3.8845,4.2328,7.3231,9.8945,12.3361,10.9025,5.0682,4.1756,3.7109,6.0585,18.7721,11.4717,12.1407,9.1694,5.4726,4.5270,6.2545,5.4723,10.4545,11.2275,-1.9918,-1.5032,0.4755,0.7038,-1.3139,-3.3245,-0.3652,3.1890,1.4757,1.7360,0.0596,11.1037,23.6026,19.9881,6.7529,4.6501,6.9552,4.4677,15.1783,10.4546,16.9151,8.2315,14.0373,23.4499,24.2400,20.1903,8.1396,10.2181,11.5895,13.5264,12.2797,11.9491,11.8075,20.4302,12.4340,13.7556,18.4749,19.9249,13.4218,16.7599,10.7740,15.4356,10.6833,9.3150,10.5864,9.8679,10.7884,9.5755,8.2557,9.9267,7.0631,6.8474,6.1048,7.8785,5.2262,5.5155,4.2236,7.0962,5.8720,10.3287,5.9204,4.3013,3.8262,3.6884,2.1229,1.2512,6.3665,3.4213,3.0772,5.2409,3.8774,2.3052,1.6171,1.2748,1.1493,2.4507,1.5987,1.1660,0.0390,3.4519,-1.9494,-1.8176,-2.6848,-3.4046,-4.5496,-6.4906,-2.0986,-1.2904,0.6824,-1.0193,-0.5920,-1.5247,9.3502,2.4203,4.5593,7.1873,9.7433,3.0515,8.9521,2.3362,4.8912,3.9286,2.3310,3.3638,3.4527,6.9960,6.9814,9.6126,6.7895,7.3012,5.7631,14.7794,14.3021,10.8938,11.0936,15.4459,11.5167,14.6201,10.4126,10.5385,10.6577,10.7714,10.8838,10.9852,11.0888,11.1942,11.2956,11.3999,11.5030,11.6106,11.7241,11.8403,11.9575,12.0807,12.2058,12.3330,12.4619,12.5904,12.7185,12.8461,12.9685,13.0858,13.1979,13.3008,13.3946,13.4757,13.5447,13.5980,13.6337,13.6516,13.6499,13.6279,13.5852,13.5221,13.4396,13.3393,13.2231,13.0945,12.9584,12.8193,12.6820,12.5499,12.4251,12.3089,12.2023,12.1059,12.0085,11.9577
45124.8750000,7.8478,6.6492,7.0626,6.2411,15.5469,8.2649,8.1658,4.1625,7.9422,6.6987,6.0313,5.0002,4.6628,4.6920,3.0853,2.7486,4.6805,3.4490,3.4218,2.0611,4.5257,1.1039,2.0749,1.6364,1.0795,11.8816,1.3253,1.0820,1.8477,0.4256,-0.5934,-2.3511,-1.2279,1.3104,3.0063,2.5247,6.8717,8.7392,2.0608,9.2734,10.5805,7.4191,4.5833,6.4650,26.3271,13.9731,8.0383,10.2250,6.0047,5.8187,8.6479,10.9821,13.0761,11.7664,5.4943,6.0066,5.3940,7.3154,18.8771,12.0992,12.6661,10.0297,7.1421,6.4969,7.6160,7.2984,12.2654,13.3654,2.1400,2.4764,4.1328,4.3049,2.4109,0.2962,2.3924,5.4803,3.8243,4.0044,2.5054,12.0935,23.2930,20.0853,8.0365,5.9269,7.9494,5.7256,15.3371,10.7152,16.7343,8.2311,13.9672,22.6044,23.2727,19.6195,7.5501,9.8636,11.1454,12.2729,11.5284,10.8469,10.9168,19.4232,13.0855,14.2802,19.3059,20.9159,14.8102,18.1783,12.0520,18.2702,12.7092,11.5212,13.1098,11.8501,13.3142,11.1899,10.8618,13.3852,11.0254,10.9349,8.7152,11.6453,8.9819,9.9071,9.1951,11.7762,10.3542,14.1535,9.5752,6.8260,6.8645,6.6532,5.5283,4.8518,9.1365,6.3747,5.8851,7.8707,6.1234,4.9934,4.3377,4.3500,4.0842,5.0978,4.8438,3.8976,3.3453,6.4974,2.0993,2.1268,1.3685,0.5643,-0.7300,-2.7911,0.6523,1.0940,2.5792,1.1330,1.5330,0.6724,9.7327,3.7507,5.3234,7.6057,9.4951,3.7876,8.8660,3.0706,5.2243,4.1218,2.1427,3.3466,3.7524,7.1369,7.2692,9.2092,6.5041,7.2774,6.0827,14.5262,13.8682,10.4778,10.8198,15.2144,11.0528,14.8189,10.8236,11.0402,11.2465,11.4428,11.6320,11.8069,11.9771,12.1423,12.2984,12.4499,12.5939,12.7345,12.8724,13.0059,13.1338,13.2602,13.3829,13.5028,13.6205,13.7358,13.8498,13.9636,14.0754,14.1865,14.2982,14.4090,14.5202,14.6304,14.7411,14.8506,14.9582,15.0647,15.1687,15.2696,15.3669,15.4595,15.5468,15.6279,15.7018,15.7674,15.8243,15.8714,15.9084,15.9346,15.9495,15.9529,15.9453,15.9277,15.8931,15.8780
45124.9166667,12.2292,12.2415,12.3545,11.5930,20.3335,12.6038,13.0731,9.0744,12.5830,10.7559,10.3338,9.5223,8.4986,9.4484,8.2034,7.6443,9.1103,7.6696,6.8601,5.5350,7.7591,4.4038,4.6730,4.4640,3.8191,13.3292,3.6720,3.1748,3.8620,2.3891,1.4833,-0.1465,0.6314,2.6712,4.0892,3.5474,7.4360,9.2078,3.2256,10.0239,11.3408,8.4428,5.9529,7.6642,26.3564,15.6538,10.0522,11.7194,8.0330,7.3726,10.2106,12.5108,14.3724,13.1561,6.3995,8.4420,7.6914,9.1521,19.5329,13.0227,13.3424,10.8675,8.6209,8.2132,8.7019,8.7078,13.4775,14.6612,5.0065,5.4181,7.0084,7.2925,5.6026,3.6783,4.8043,8.0980,6.5408,6.6915,5.2969,13.5966,23.5240,20.6179,9.4944,7.3010,9.2590,7.2770,16.1925,11.7035,17.4480,9.0801,14.8372,22.7710,23.3145,20.0550,8.0313,10.5465,11.7113,12.1184,11.6900,10.6961,10.8190,18.9976,13.7351,14.6758,19.7612,21.3340,15.4027,18.8122,12.4767,20.0358,13.5451,12.4089,14.2310,12.4295,14.3128,11.3857,11.7774,15.1021,13.0819,13.1318,9.5982,13.8349,11.0855,12.9206,13.0581,15.7490,14.2212,17.6168,12.7730,8.7995,9.5455,9.5088,8.9457,8.6191,12.4927,9.8028,9.1139,10.9681,8.5532,7.6662,6.8139,7.0542,6.3555,7.0214,7.2459,5.4085,5.3323,8.6515,4.8547,4.6911,4.2596,3.6062,2.7266,1.0671,3.3209,3.8480,5.1403,3.6642,3.9758,3.2902,11.1475,5.8497,6.9015,8.8929,10.1766,5.1541,9.7209,4.5279,6.5374,5.3173,2.9590,4.1450,4.6284,7.6280,7.6233,8.8284,6.1163,6.9162,5.8423,13.6084,12.6639,9.2408,9.5682,13.8032,9.4968,13.5709,9.7506,10.0075,10.2639,10.5192,10.7738,11.0216,11.2680,11.5114,11.7481,11.9802,12.2048,12.4242,12.6385,12.8458,13.0451,13.2390,13.4258,13.6059,13.7798,13.9470,14.1085,14.2649,14.4150,14.5599,14.7005,14.8361,14.9677,15.0947,15.2185,15.3384,15.4545,15.5677,15.6780,15.7856,15.8906,15.9934,16.0941,16.1930,16.2900,16.3850,16.4783,16.5699,16.6597,16.7475,16.8330,16.9159,16.9959,17.0720,17.1343,17.1916
45124.9583333,15.1457,16.6549,16.5970,15.9893,24.7028,16.1718,17.4210,13.1763,16.6875,14.0671,13.8893,13.2528,11.3142,13.3323,12.6266,11.9871,13.4064,11.9632,10.2785,9.1320,11.6700,8.1085,7.6738,7.9869,7.2943,16.0206,6.8446,5.9288,6.7370,4.9162,4.2154,2.6152,3.0494,4.5250,5.6354,4.8915,8.3102,9.8392,4.2124,10.6180,11.8246,9.0276,6.7070,8.2120,25.7944,16.3834,10.9383,12.2012,8.9232,7.8593,10.8744,13.3113,15.1297,14.0915,6.8194,10.5067,9.7240,10.8792,20.4078,14.1342,14.2689,11.9037,10.1661,9.9482,9.8216,10.0670,14.6323,15.7458,6.9328,7.4047,9.0850,9.5560,8.0206,6.1518,6.3405,10.3010,8.8670,9.1119,7.8087,15.1217,23.9971,21.3673,10.9440,8.5768,10.5567,8.6977,17.1692,12.7256,18.2702,9.9014,15.7643,23.1256,23.5727,20.6607,8.5787,11.3191,12.4314,12.2880,12.1277,10.9107,11.0962,19.0456,14.3592,15.1235,20.2860,21.8124,15.9599,19.3369,12.6801,21.2902,13.7998,12.5840,14.5935,12.3484,14.5397,11.0191,11.8717,15.8535,14.0506,14.1749,9.4889,14.7365,11.7938,14.4577,15.4725,18.4424,16.8248,20.0215,14.8097,9.6310,11.0414,11.2523,11.2892,11.4571,15.4030,12.8355,12.0830,14.1289,10.9633,10.3558,9.2898,9.8773,8.6656,9.0661,9.7761,6.8481,7.0998,10.8264,7.2928,6.8127,6.5801,5.7723,5.2692,4.0961,5.0615,5.9794,7.3614,5.6869,5.9371,5.4700,12.7432,7.9258,8.5799,10.4242,11.2250,6.6343,10.9789,6.1492,8.2318,6.8925,4.0050,5.2522,5.8868,8.6386,8.4889,9.0683,6.3214,7.0861,6.0445,13.1980,11.9982,8.5752,8.8278,12.7955,8.4662,12.5375,8.8472,9.0365,9.2303,9.4283,9.6314,9.8355,10.0446,10.2578,10.4727,10.6907,10.9097,11.1312,11.3550,11.5793,11.8031,12.0275,12.2508,12.4725,12.6924,12.9095,13.1236,13.3346,13.5410,13.7429,13.9406,14.1328,14.3201,14.5015,14.6779,14.8483,15.0128,15.1719,15.3253,15.4732,15.6157,15.7531,15.8856,16.0133,16.1366,16.2554,16.3703,16.4815,16.5892,16.6938,16.7953,16.8939,16.9897,17.0820,17.1623,17.2311
45125.0000000,16.4455,19.4274,19.2746,18.8544,27.8719,18.3717,20.5678,16.0423,19.8609,16.4110,16.5499,16.1642,13.3309,16.4204,16.3515,15.6687,17.2094,15.7758,13.0819,12.1397,15.3484,11.3429,10.2254,11.3147,10.6575,19.1569,10.1345,8.8051,10.1533,7.8789,7.6677,6.0729,6.2260,7.0821,7.8806,6.8373,9.8345,11.0748,5.5788,11.5489,12.5957,9.8091,7.5552,8.8470,25.3410,16.9181,11.4679,12.2495,9.2092,7.7911,10.9244,13.4420,15.2027,14.3002,6.5920,11.7393,10.9581,11.8962,20.8156,14.7752,14.8239,12.6013,11.3637,11.4079,10.7893,11.3230,15.8443,16.8339,8.4087,8.8469,10.6234,11.2513,9.7863,7.8546,7.1849,11.9510,10.6053,10.9822,9.7233,16.2429,24.2198,21.8397,11.9463,9.3552,11.4449,9.6827,17.9623,13.5478,19.0098,10.5714,16.6348,23.5447,23.9247,21.3377,9.1167,12.1022,13.1888,12.5850,12.6341,11.2339,11.4726,19.2754,14.6290,15.2853,20.5588,22.0823,16.3061,19.6599,12.7824,22.3389,13.9516,12.6413,14.7672,12.1675,14.5464,10.6071,11.7266,16.1765,14.4977,14.6491,9.1073,15.0319,11.8891,15.1920,16.9529,20.1827,18.4045,21.4531,15.8100,9.6270,11.5333,11.9590,12.5057,13.1495,17.3837,14.9237,14.1783,16.6349,12.7097,12.4620,11.2583,12.3476,10.6537,10.9473,12.2579,8.2151,8.8226,13.1981,9.7268,8.9064,8.8851,7.8328,7.6213,6.8316,6.4670,7.8243,9.3767,7.3391,7.3994,7.0970,14.1587,9.6113,9.9395,11.7199,12.1159,7.7683,12.1341,7.5090,9.9027,8.4893,4.9742,6.3299,7.2184,9.8986,9.6440,9.7003,6.8915,7.6504,6.6172,13.3138,11.9017,8.4929,8.6774,12.3884,8.0963,12.0806,8.5221,8.6475,8.7775,8.9122,9.0521,9.1945,9.3421,9.4946,9.6502,9.8102,9.9732,10.1405,10.3121,10.4871,10.6649,10.8465,11.0309,11.2181,11.4080,11.6000,11.7940,11.9902,12.1872,12.3852,12.5842,12.7831,12.9822,13.1804,13.3780,13.5740,13.7681,13.9601,14.1495,14.3359,14.5191,14.6988,14.8747,15.0466,15.2143,15.3775,15.5364,15.6907,15.8405,15.9858,16.1265,16.2627,16.3941,16.5197,16.6315,16.7215
45125.0416667,17.0009,21.2558,21.0035,20.7426,30.1886,19.6770,22.7356,17.9331,22.1276,17.8642,18.2936,18.1342,14.4636,18.5883,19.1767,18.4909,20.2975,18.9151,15.1813,14.4336,18.5409,13.9349,12.1577,14.1132,13.5106,22.1984,13.0327,11.2361,13.4127,10.5802,11.1838,9.6900,9.7914,10.0905,10.6921,9.3194,12.0390,13.0129,7.4235,13.0723,13.9308,11.0687,8.7874,9.8709,25.3480,17.6500,12.0703,12.4253,9.4620,7.7468,10.9188,13.4301,15.0740,14.2397,6.2255,12.4429,11.5941,12.3277,20.7433,14.8795,14.8489,12.7331,11.9118,12.2096,11.1801,12.0116,16.6457,17.6477,9.5299,9.9691,11.8870,12.6702,11.2086,9.0567,7.6560,13.2172,11.9038,12.4314,11.1825,17.0830,24.2954,22.1261,12.6239,9.8148,12.0124,10.2835,18.4723,14.0418,19.4611,10.9006,17.1918,23.7499,24.0873,21.7936,9.3840,12.6160,13.7149,12.7542,12.9858,11.4487,11.7447,19.4675,14.7128,15.2774,20.6371,22.1509,16.4193,19.7947,12.7144,23.0852,13.9310,12.5651,14.7995,11.9583,14.4768,10.2771,11.5639,16.3643,14.7750,14.9361,8.7802,15.1157,11.7964,15.5564,17.9301,21.3638,19.3605,22.2734,16.1805,9.2466,11.4413,11.9965,12.9111,13.9436,18.5245,16.1139,15.3681,18.2878,13.6212,13.7053,12.3882,14.0221,11.8917,12.1776,14.1571,9.0600,10.0419,15.2703,11.7630,10.6403,10.9055,9.6713,9.8309,9.4724,7.8218,9.6833,11.5036,9.0026,8.8774,8.6689,15.7642,11.3199,11.3427,13.0950,13.1285,8.8514,13.3266,8.7158,11.4594,9.9158,5.6844,7.2742,8.4372,11.1679,10.8344,10.4513,7.5463,8.3345,7.2940,13.7170,12.1365,8.7355,8.8741,12.3895,8.1427,12.0413,8.5895,8.6641,8.7425,8.8249,8.9117,9.0011,9.0953,9.1940,9.2961,9.4025,9.5126,9.6270,9.7460,9.8689,9.9953,10.1261,10.2605,10.3985,10.5400,10.6849,10.8330,10.9845,11.1386,11.2954,11.4551,11.6171,11.7815,11.9478,12.1163,12.2863,12.4577,12.6304,12.8042,12.9787,13.1538,13.3292,13.5047,13.6800,13.8548,14.0288,14.2019,14.3738,14.5442,14.7129,14.8795,15.0439,15.2053,15.3620,15.5054,15.6190
45125.0833333,16.9659,22.2885,21.9487,21.8250,31.7583,20.2577,24.1033,19.0778,23.6627,18.6267,19.3053,19.3433,14.9451,19.9271,21.1438,20.4789,22.6235,21.3130,16.5932,16.0372,21.1228,15.8559,13.5000,16.3208,15.7933,24.9526,15.4455,13.1871,16.3493,12.8845,14.4684,13.1072,13.3225,13.1178,13.6478,11.9561,14.5956,15.4075,9.5577,15.0916,15.8007,12.8184,10.4489,11.3697,25.9995,18.8791,13.0863,12.9892,10.0267,8.0471,11.2221,13.6823,15.1742,14.3523,6.1206,13.1109,12.1339,12.6504,20.5927,14.8422,14.7114,12.6542,12.1414,12.6290,11.2334,12.2933,17.0399,18.0854,10.2621,10.7655,12.8702,13.8263,12.3558,9.9746,7.9668,14.2698,12.9587,13.6333,12.3637,17.7609,24.3104,22.3196,13.1117,10.1004,12.4073,10.6927,18.8642,14.4004,19.8061,11.1079,17.6152,23.8764,24.1699,22.1261,9.5147,12.9549,14.0673,12.8137,13.1860,11.5365,11.8781,19.5609,14.5275,15.0356,20.4755,21.9983,16.3227,19.7168,12.5189,23.5930,13.8025,12.4060,14.7098,11.7024,14.3090,9.9549,11.3441,16.3980,14.8817,15.0622,8.5196,15.1158,11.6814,15.7866,18.6718,22.2876,20.0451,22.8312,16.3183,8.8757,11.2072,11.8224,12.9715,14.2803,19.1639,16.7415,15.9628,19.2989,13.9488,14.2901,12.8628,14.9753,12.4552,12.7564,15.3545,9.3389,10.6344,16.7399,13.1283,11.7427,12.3280,10.9972,11.6143,11.7715,8.9153,11.3282,13.5188,10.5040,10.2429,10.1476,17.5145,13.0624,12.8209,14.5961,14.3070,9.9780,14.6705,9.9488,13.0971,11.3803,6.3844,8.1790,9.6130,12.4638,12.0491,11.2720,8.2254,9.0577,7.9858,14.2779,12.5452,9.1214,9.2268,12.6091,8.3787,12.2303,8.8492,8.8923,8.9386,8.9882,9.0414,9.0967,9.1557,9.2183,9.2835,9.3522,9.4237,9.4986,9.5771,9.6588,9.7435,9.8318,9.9234,10.0182,10.1163,10.2176,10.3221,10.4300,10.5409,10.6549,10.7720,10.8921,11.0151,11.1408,11.2694,11.4006,11.5342,11.6702,11.8085,11.9489,12.0914,12.2357,12.3819,12.5297,12.6790,12.8296,12.9815,13.1345,13.2884,13.4431,13.5984,13.7540,13.9093,14.0625,14.2054,14.3189
45125.1250000,16.5035,22.6717,22.2571,22.2483,32.6647,20.2626,24.7929,19.5611,24.5343,18.8156,19.7090,19.9184,14.9213,20.6193,22.3851,21.7166,24.1845,22.9193,17.2798,16.8887,22.9369,16.9984,14.1522,17.7711,17.3265,27.1164,17.1470,14.4738,18.6801,14.5919,17.2562,16.0639,16.5226,15.8626,16.4130,14.4040,17.1188,17.8545,11.5973,17.2255,17.8385,14.7052,12.2040,13.0264,27.0573,20.4593,14.4129,13.8828,10.8781,8.6469,11.8463,14.2546,15.5899,14.7464,6.3059,13.9188,12.7780,13.0741,20.5722,14.8807,14.6298,12.5888,12.2894,12.9003,11.1751,12.3843,17.1861,18.2294,10.6210,11.2052,13.5064,14.6370,13.1536,10.5750,8.0811,15.0574,13.7404,14.5605,13.2522,18.2389,24.2105,22.3680,13.3832,10.1904,12.5909,10.8764,19.0606,14.5523,19.9559,11.1252,17.8210,23.8319,24.0850,22.2587,9.4690,13.0780,14.2064,12.7191,13.2004,11.4648,11.8408,19.4886,14.1451,14.5983,20.0715,21.5892,15.9674,19.3646,12.1076,23.7564,13.4661,12.0756,14.4269,11.3214,13.9797,9.5559,11.0038,16.2261,14.7689,14.9668,8.1987,14.9363,11.4342,15.7954,19.1149,22.9180,20.4666,23.1561,16.2906,8.5404,10.9303,11.5798,12.8826,14.3888,19.5212,17.0583,16.2273,19.9035,13.9576,14.4723,12.9357,15.4176,12.5647,12.8695,15.9713,9.2232,10.7289,17.6027,13.8492,12.2365,13.1019,11.6981,12.7611,13.4496,9.5191,12.4682,15.0858,11.5534,11.1763,11.2141,19.0290,14.4857,14.0378,15.8913,15.3298,10.8805,15.8968,11.0013,14.6428,12.7659,7.0117,9.0305,10.7427,13.7719,13.2738,12.1344,8.9063,9.7877,8.6601,14.9292,13.0458,9.5611,9.6350,12.9317,8.6763,12.5106,9.1543,9.1695,9.1880,9.2097,9.2349,9.2625,9.2936,9.3281,9.3653,9.4057,9.4489,9.4953,9.5449,9.5975,9.6528,9.7113,9.7727,9.8369,9.9041,9.9740,10.0467,10.1223,10.2005,10.2814,10.3651,10.4513,10.5403,10.6317,10.7258,10.8223,10.9213,11.0227,11.1265,11.2327,11.3411,11.4518,11.5648,11.6798,11.7970,11.9162,12.0373,12.1603,12.2852,12.4118,12.5400,12.6697,12.8003,12.9304,13.0529,13.1504
45125.1666667,15.9432,22.7413,22.2533,22.3335,33.1885,20.0022,25.0819,19.6463,24.9431,18.6393,19.6949,20.0323,14.5655,20.7689,23.0179,22.3541,25.1384,23.9126,17.4614,17.1942,24.1222,17.5471,14.2982,18.5860,18.2089,28.6857,18.1860,15.1312,20.3314,15.6304,19.3772,18.3717,19.1645,18.0970,18.7460,16.4392,19.3574,20.1017,13.3468,19.2050,19.7913,16.5021,13.8509,14.6430,28.3298,22.2325,15.9110,14.9827,11.9141,9.4391,12.7259,15.1210,16.3302,15.4584,6.7574,14.9660,13.6495,13.7409,20.8530,15.1802,14.8025,12.7461,12.5895,13.2734,11.2474,12.5415,17.3359,18.2945,10.7415,11.3706,13.8464,15.1400,13.6394,10.8796,8.0173,15.5741,14.2529,15.2239,13.8790,18.5417,24.0223,22.3130,13.5101,10.1646,12.6404,10.9225,19.1286,14.5781,19.9821,11.0422,17.8882,23.6833,23.8969,22.2533,9.3252,13.0513,14.1912,12.5257,13.0875,11.2888,11.6860,19.2838,13.7699,14.1610,19.6149,21.1047,15.5328,18.8734,11.5970,23.6504,12.9735,11.5954,13.9672,10.8214,13.4951,9.0751,10.5445,15.8592,14.4582,14.6744,7.8114,14.5894,11.0653,15.6011,19.2828,23.2645,20.6316,23.2489,16.0981,8.1899,10.5889,11.2593,12.6659,14.3194,19.6610,17.1644,16.2924,20.2570,13.8263,14.4630,12.8382,15.5944,12.4791,12.7764,16.2600,8.9743,10.5919,18.0723,14.1719,12.3723,13.4445,11.9541,13.3700,14.5240,9.6959,13.1000,16.1401,12.1281,11.6602,11.8168,20.1520,15.4761,14.8758,16.8422,16.0580,11.4617,16.8505,11.7522,15.9303,13.9133,7.4470,9.7004,11.7151,14.9956,14.4395,12.9821,9.5573,10.5061,9.3178,15.6635,13.6387,10.0666,10.1181,13.3783,9.0628,12.9147,9.5446,9.5352,9.5285,9.5246,9.5236,9.5251,9.5297,9.5374,9.5479,9.5615,9.5779,9.5974,9.6202,9.6459,9.6745,9.7063,9.7410,9.7786,9.8191,9.8624,9.9086,9.9576,10.0093,10.0637,10.1208,10.1804,10.2426,10.3074,10.3746,10.4443,10.5163,10.5907,10.6674,10.7463,10.8274,10.9108,10.9963,11.0839,11.1736,11.2653,11.3590,11.4547,11.5523,11.6519,11.7533,11.8564,11.9608,12.0653,12.1644,12.2435
45125.2083333,15.1026,22.3753,21.8677,22.0526,33.3280,19.5164,25.0707,19.5246,25.1160,18.3451,19.5332,19.9743,14.1619,20.6907,23.3247,22.6407,25.6885,24.4791,17.3358,17.1546,24.8491,17.7117,14.1577,18.9784,18.6611,29.8282,18.7919,15.4062,21.4933,16.2103,20.9535,20.1194,21.2686,19.8141,20.5963,17.9959,21.1930,21.9981,14.6850,20.9093,21.5054,18.0460,15.2287,16.0395,29.6097,24.0176,17.4182,16.1438,13.0095,10.2973,13.7393,16.1835,17.3204,16.4347,7.3928,16.2631,14.7876,14.7099,21.5290,15.8520,15.3608,13.2731,13.2198,13.9536,11.6502,12.9936,17.7443,18.5551,10.8400,11.4404,14.0443,15.4730,13.9433,10.9988,7.8700,15.8964,14.5714,15.6925,14.3192,18.7344,23.8035,22.2191,13.5734,10.1164,12.6523,10.9335,19.1659,14.5835,19.9920,10.9717,17.9379,23.5499,23.7297,22.2421,9.2168,13.0177,14.1648,12.3668,12.9869,11.1438,11.5521,19.0915,13.4703,13.8133,19.2276,20.6883,15.1750,18.4521,11.1844,23.4774,12.5007,11.1186,13.4767,10.3303,12.9800,8.6164,10.0713,15.4043,14.0540,14.2818,7.4209,14.1494,10.6400,15.2753,19.2517,23.3990,20.6158,23.1818,15.8122,7.8583,10.2314,10.9091,12.3780,14.1356,19.6454,17.1243,16.2235,20.4328,13.6216,14.3489,12.6644,15.6261,12.3194,12.6108,16.3826,8.7297,10.4003,18.3392,14.3092,12.3668,13.5866,12.0088,13.6767,15.2021,9.6650,13.4146,16.8309,12.4026,11.8819,12.1277,20.9749,16.1480,15.4359,17.5271,16.5626,11.8180,17.5726,12.2624,16.9593,14.8080,7.7022,10.1805,12.4880,16.0614,15.4701,13.7372,10.1145,11.1475,9.9040,16.4120,14.2611,10.5864,10.6311,13.9073,9.5048,13.4207,10.0104,9.9884,9.9680,9.9493,9.9326,9.9174,9.9043,9.8935,9.8846,9.8780,9.8735,9.8715,9.8721,9.8751,9.8805,9.8886,9.8992,9.9125,9.9284,9.9469,9.9682,9.9921,10.0187,10.0479,10.0798,10.1144,10.1516,10.1913,10.2337,10.2786,10.3260,10.3759,10.4282,10.4829,10.5399,10.5993,10.6609,10.7248,10.7909,10.8591,10.9295,11.0019,11.0763,11.1528,11.2312,11.3114,11.3932,11.4755,11.5540,11.6167
45125.2500000,14.0587,21.5744,21.0177,21.2509,32.8059,18.5080,24.4228,18.8708,24.7130,17.5937,18.8980,19.4568,13.4705,20.2535,23.2237,22.5462,25.8240,24.6292,16.9390,16.8369,25.1251,17.5149,13.7561,18.9615,18.6809,30.4225,18.8859,15.2714,22.1153,16.3507,21.9825,21.2994,22.7973,20.9628,21.8706,18.9856,22.4600,23.3334,15.4662,22.0566,22.6653,19.0219,16.0419,16.8980,30.5001,25.4357,18.5741,16.9808,13.8196,10.8773,14.5063,17.0434,18.1454,17.2467,7.8185,17.4525,15.8594,15.6335,22.2140,16.5103,15.9328,13.8313,13.9040,14.7208,12.1880,13.5974,18.3310,18.9741,11.0550,11.5650,14.2070,15.6964,14.1037,10.9937,7.6630,15.9977,14.6392,15.8624,14.4317,18.5904,23.2533,21.7528,13.2452,9.7185,12.3045,10.6126,18.8593,14.2653,19.6790,10.6241,17.6731,23.1236,23.2820,21.9573,8.9189,12.7848,13.9394,12.0302,12.6912,10.8290,11.2505,18.7216,12.9902,13.2982,18.6468,20.0789,14.6522,17.8787,10.7251,23.1741,12.0216,10.6613,12.9630,9.8347,12.4185,8.1406,9.5593,14.8279,13.5090,13.7353,6.9821,13.5805,10.1193,14.7729,18.9520,23.2246,20.3101,22.8152,15.3019,7.4214,9.7572,10.4453,11.9491,13.7670,19.3778,16.8461,15.9306,20.3283,13.2394,14.0449,12.3407,15.4401,12.0047,12.2924,16.2636,8.4011,10.0986,18.3413,14.1959,12.1513,13.4892,11.8772,13.7397,15.5673,9.4848,13.4511,17.1559,12.3677,11.7755,12.0935,21.3742,16.3918,15.5781,17.7695,16.6428,11.7704,17.8664,12.3830,17.5885,15.3451,7.7341,10.3938,12.9690,16.8354,16.2137,14.2322,10.4189,11.5364,10.2402,16.9278,14.6389,10.8394,10.8746,14.1846,9.6711,13.6780,10.2196,10.2053,10.1895,10.1728,10.1559,10.1387,10.1220,10.1059,10.0904,10.0759,10.0622,10.0497,10.0384,10.0285,10.0200,10.0130,10.0077,10.0042,10.0024,10.0025,10.0046,10.0087,10.0148,10.0231,10.0335,10.0461,10.0609,10.0780,10.0973,10.1189,10.1428,10.1689,10.1974,10.2282,10.2613,10.2966,10.3343,10.3742,10.4163,10.4607,10.5074,10.5562,10.6071,10.6603,10.7155,10.7727,10.8317,10.8917,10.9494,10.9952
45125.2916667,12.4554,19.9786,19.3105,19.4522,31.0460,16.3485,22.3530,16.8176,22.8095,15.4728,16.8070,17.4459,11.4813,18.4137,21.6631,21.0643,24.5678,23.4189,15.3997,15.4521,24.1958,16.2035,12.4142,17.8923,17.6413,29.7546,17.6960,13.9667,21.4554,15.3532,21.7924,21.2461,23.0765,20.8965,21.8752,18.7247,22.4060,23.2692,14.8721,21.7924,22.2739,18.4053,15.2043,16.1054,29.8671,25.2228,18.1790,16.4252,13.3412,10.2684,14.0935,16.6970,17.7563,16.8161,7.0537,17.3875,15.7668,15.4230,21.7764,15.9360,15.2497,13.1134,13.2992,14.2790,11.6661,13.2150,18.0665,18.6594,10.9626,11.5144,14.1376,15.5374,13.7978,10.5554,7.1483,15.5411,14.0085,15.2044,13.5574,17.3430,21.6037,19.9912,11.5111,7.9428,10.4199,8.7820,16.9357,12.3140,17.6725,8.7064,15.6865,20.9925,21.1572,19.9712,7.1273,11.0472,12.2434,10.3309,10.9782,9.1440,9.6046,16.9488,11.3057,11.5780,16.8165,18.1789,12.8472,16.0906,9.2299,21.8535,10.7188,9.5219,11.8195,8.7301,11.2101,7.0549,8.3867,13.5218,12.1775,12.3842,5.8611,12.2912,8.9095,13.5219,17.7429,22.0546,18.9955,21.4103,13.7880,6.1521,8.4635,9.1957,10.7385,12.5744,18.1978,15.6564,14.7541,19.2647,11.9794,12.8694,11.2285,14.4566,10.9560,11.2595,15.3474,7.4227,9.1553,17.5816,13.2861,11.1619,12.5911,11.0405,13.1203,15.2196,8.8152,12.8932,16.7486,11.6378,10.8997,11.1728,20.7791,15.5215,14.5781,16.8035,15.5407,10.5117,16.8503,11.2389,16.9005,14.6901,6.8460,9.6639,12.4964,16.6698,16.0082,13.8467,9.8338,11.0093,9.6403,16.4657,14.0250,10.0017,9.9251,13.2178,8.5418,12.5479,8.9725,8.9859,8.9981,9.0083,9.0163,9.0212,9.0242,9.0251,9.0239,9.0208,9.0163,9.0104,9.0034,8.9953,8.9864,8.9768,8.9667,8.9563,8.9458,8.9352,8.9248,8.9149,8.9055,8.8969,8.8891,8.8822,8.8756,8.8705,8.8671,8.8650,8.8645,8.8653,8.8675,8.8711,8.8764,8.8838,8.8918,8.9015,8.9126,8.9255,8.9397,8.9553,8.9725,8.9906,9.0084,9.0180,9.0362,9.0529,9.0647,9.0739
45125.3333333,9.5775,16.9992,16.3845,16.4827,28.1057,13.3175,19.2483,13.5287,19.5999,12.2889,13.5691,14.2084,8.4384,14.9491,18.3454,17.8438,21.3891,20.2013,12.1777,12.4680,21.5955,13.4308,9.8292,15.4164,15.1809,27.6686,15.2138,11.4537,19.4056,13.0620,20.0633,19.5691,21.5117,18.9722,20.1418,16.9342,20.9093,21.7605,12.9356,20.1611,20.4805,16.4605,13.0224,13.9596,27.8900,23.3352,16.1251,14.3477,11.3159,8.2895,12.1964,14.7450,15.6451,14.6584,4.9255,15.5714,14.0139,13.6776,19.9590,14.0150,13.2550,11.0531,11.2231,12.2872,9.7175,11.2072,15.9891,16.7302,9.8522,10.8272,13.5960,14.9221,13.0208,9.6489,6.3656,14.6659,12.9134,14.0468,12.1192,15.5631,19.5888,17.7807,9.2977,5.8318,7.8791,6.2933,14.1071,9.4338,14.5505,5.8729,12.4389,17.4965,17.5885,16.3685,4.0124,7.7393,8.9369,7.2088,7.7429,5.9950,6.4411,13.4978,8.1265,8.3785,13.3458,14.6661,9.5316,12.8136,6.3652,18.9344,8.0508,7.0616,9.4602,6.5370,8.9106,5.0056,6.1525,11.1901,9.9001,10.1438,4.0341,10.1028,6.7711,11.3110,15.4615,19.8101,16.6581,19.0198,11.3564,4.1818,6.3528,7.0498,8.4769,10.2698,15.6991,13.2382,12.4183,17.0073,9.7225,10.4955,8.9739,12.3414,8.9071,9.2756,13.4239,5.6770,7.3989,15.8960,11.5150,9.3698,10.8354,9.3617,11.6157,13.9016,7.5018,11.6310,15.5908,10.2994,9.3396,9.4792,19.4293,13.6980,12.7490,14.9180,13.6917,8.4731,14.7985,9.1159,14.8560,12.7054,4.8774,7.6705,10.6041,15.0822,14.4012,12.3746,8.0823,9.3248,7.9435,14.8405,12.5776,8.2915,8.0252,11.2365,6.4155,10.2416,6.3146,6.3755,6.4307,6.4785,6.5235,6.5613,6.5950,6.6238,6.6468,6.6650,6.6790,6.6894,6.6968,6.7017,6.7034,6.7037,6.7015,6.6975,6.6916,6.6850,6.6791,6.6670,6.6533,6.6383,6.6223,6.6049,6.5860,6.5658,6.5444,6.5216,6.4979,6.4732,6.4474,6.4211,6.3939,6.3656,6.3363,6.3014,6.2227,6.1606,6.0888,6.0210,5.9588,5.8982,5.8391,5.7828,5.7296,5.6799,5.6281,5.5886
45125.3750000,3.7676,10.9568,10.7589,11.0173,22.6645,8.3006,14.1526,8.5988,14.7772,7.8231,9.1142,9.8494,4.6145,10.0244,13.4743,13.1730,17.1627,15.2679,7.6236,7.4903,16.7288,8.4435,5.3731,11.0964,10.9565,23.6332,11.0440,7.5666,15.8589,9.4603,16.7479,16.2436,18.3046,14.7943,15.3038,11.7992,16.5839,18.1898,9.3771,16.9262,17.0826,13.2365,9.6731,10.7234,24.7255,20.0874,12.7850,11.0985,8.2084,5.4838,9.4951,11.0223,11.6763,10.0331,0.8680,11.1247,9.5684,9.5039,15.8422,9.9156,9.5960,6.6761,6.9298,8.2591,6.2969,7.5574,12.6205,12.4147,6.0723,8.6120,11.8223,13.1853,11.4084,7.8157,5.0128,13.0819,11.0962,12.2111,10.0303,13.1972,17.3094,15.2465,6.5654,3.9741,4.5335,3.2523,10.6165,6.0097,10.5886,2.3763,8.0644,12.5341,12.8629,11.5732,-0.6893,2.6271,3.8905,2.6098,2.8650,1.8863,1.4633,8.2091,2.5631,3.4730,7.8352,8.8006,3.2580,7.0406,1.1928,13.6041,3.1584,2.3622,4.8842,2.4476,5.0274,1.6174,1.9678,6.7945,5.7713,6.1380,0.9192,7.0313,3.4458,7.8665,11.8161,16.2898,13.2417,15.5696,7.9832,1.5576,3.5304,4.1445,5.4350,7.0725,11.7097,9.4592,8.7681,13.5533,6.2108,6.5813,5.3723,8.8372,5.6766,6.1781,10.3604,3.1439,4.8320,13.1625,8.7530,6.6640,8.1324,6.8489,9.2958,11.6695,5.6351,9.7347,13.8188,8.3624,7.2756,7.1152,18.2993,11.0199,10.3605,12.0172,10.9332,5.8898,11.3031,6.0773,11.1598,9.0406,1.6093,4.3151,7.0268,12.0174,10.9252,9.7458,4.8720,6.1966,4.8372,11.7570,10.3252,5.7878,5.3146,8.4890,3.7202,7.0871,2.3693,2.5194,2.6545,2.7777,2.8911,2.9918,3.0841,3.1689,3.2445,3.3126,3.3703,3.4212,3.4646,3.5011,3.5305,3.5541,3.5708,3.5829,3.5884,3.5892,3.5844,3.5750,3.5605,3.5412,3.5178,3.4901,3.4583,3.4224,3.3807,3.3134,3.1074,2.9719,2.8183,2.6633,2.5199,2.3780,2.2368,2.0962,1.9600,1.8246,1.6906,1.5586,1.4302,1.3039,1.1803,1.0603,0.9444,0.8332,0.7198,0.6341
45125.4166667,-5.9552,0.5676,1.1362,1.6840,14.7779,-0.9113,4.6491,0.2748,7.0099,-0.4594,1.0112,2.1697,-1.8095,2.7414,6.4204,6.6631,12.0883,9.0200,3.0366,1.9285,11.3543,3.4386,0.7812,6.2671,5.9752,18.7064,4.2514,0.9456,9.0606,2.5256,9.5462,10.3836,13.6580,9.9119,9.8693,5.3361,7.8889,8.9610,1.0764,10.0456,8.7910,5.7864,2.5636,4.0360,19.8154,13.2107,5.6017,4.6944,2.8058,0.7869,6.3608,7.3694,7.6180,5.3550,-4.0147,5.1979,2.6944,3.4727,9.0626,1.3653,2.9646,-1.1532,-0.7144,1.0033,0.4576,1.6431,8.0478,7.6136,0.1897,4.3155,8.0867,8.5988,8.0727,4.3689,2.3832,11.0271,7.0631,9.8479,4.9963,7.6048,14.3757,11.1600,0.1124,-0.2011,-2.0573,-2.6467,4.3490,0.1002,4.1096,-1.3782,2.9496,5.4480,5.7095,4.1229,-7.5297,-5.7127,-4.1047,-4.4068,-4.2826,-3.2037,-5.0231,2.7779,-4.8795,-2.5669,1.3752,1.7219,-4.3744,-1.4283,-6.5017,6.0316,-3.6422,-3.9680,-1.7009,-3.3284,0.2973,-2.4649,-3.6046,0.5327,0.5078,-0.1188,-4.9802,1.3237,-2.5897,2.1914,4.5080,9.1125,6.1032,8.5221,0.8279,-4.8191,-2.5725,-1.7679,-0.1242,1.8264,5.6524,3.0478,3.1776,9.3046,2.2823,1.2921,0.4336,4.0082,1.0209,0.7065,4.7949,-1.8592,0.1980,7.9047,3.6533,0.5309,2.8302,1.5394,4.6610,7.5740,2.1762,6.1270,11.5590,4.3995,4.4910,2.7300,15.6380,7.7640,6.9340,6.4348,6.9339,1.6736,6.1080,2.3008,6.4792,4.4002,-2.3625,-0.0105,1.8758,7.5495,6.1220,5.7363,-0.1338,2.0398,-0.3250,7.9981,6.5526,2.0047,1.4711,4.7625,0.3259,3.1133,-2.7912,-2.5036,-2.2277,-1.9653,-1.7174,-1.4895,-1.2765,-1.0803,-0.9024,-0.7414,-0.5985,-0.4705,-0.3570,-0.2567,-0.1690,-0.0927,-0.0279,0.0267,0.0633,0.0305,-0.2333,-0.4191,-0.5868,-0.7549,-0.9225,-1.0727,-1.2236,-1.3881,-1.5292,-1.6836,-1.8302,-1.9799,-2.1323,-2.2867,-2.4377,-2.5915,-2.7474,-2.9050,-3.0618,-3.2198,-3.3786,-3.5376,-3.6954,-3.8529,-4.0093,-4.1638,-4.3157,-4.4635,-4.6154,-4.7288
45125.4583333,-16.1080,-11.2932,-9.9262,-9.0614,5.5952,-12.2488,-7.2836,-9.9707,-1.2730,-9.6128,-9.4983,-9.4006,-11.5863,-8.4952,-6.1595,-5.0420,3.7502,0.1891,-2.3578,-4.0025,4.0316,-4.1339,-5.9038,-0.4702,0.0885,15.1830,-1.7020,-5.3554,4.1908,-3.2887,4.3595,3.6450,8.9112,6.0072,5.8141,0.1824,2.1546,-0.4083,-9.1337,1.7280,-1.0384,-6.0800,-8.8861,-6.9350,13.2137,4.8919,-3.5865,-3.7851,-5.0443,-5.7543,1.7896,3.4322,3.6306,2.1853,-6.5203,1.0285,-2.6981,0.5376,5.0195,-5.9512,-3.3210,-9.1727,-8.9815,-7.1418,-5.7059,-5.4532,1.4172,1.0148,-5.9848,-1.0985,5.3132,4.5111,5.1664,-0.3463,-1.3709,8.4393,1.6150,7.0353,-0.9285,2.0888,13.1335,8.5804,-4.6117,-4.0775,-7.7816,-7.4907,-1.6709,-7.3820,-0.4758,-6.2058,-2.4018,0.2410,0.4602,-1.7927,-12.0802,-12.6175,-11.4472,-10.6785,-11.1642,-8.3517,-11.1039,-3.8295,-17.9755,-14.0981,-9.6761,-8.7375,-13.6361,-11.9954,-16.0221,-3.0414,-10.6871,-9.8309,-8.0714,-10.1843,-5.4247,-7.2530,-10.4255,-7.0758,-5.7296,-6.1413,-10.6320,-4.4844,-9.2167,-4.4503,-4.5589,1.8104,-1.1829,1.8921,-5.6375,-10.7356,-8.2453,-7.7276,-5.5489,-2.7554,1.4193,-3.7450,-5.1780,2.1365,-3.1614,-3.5844,-6.3514,-1.7596,-4.2990,-5.8838,-0.9043,-7.6123,-4.9661,4.0548,-0.7471,-4.2537,-1.1129,-3.7481,-1.3912,1.9728,-2.3003,1.8276,7.5513,-0.3259,-0.1548,-2.7735,12.1194,4.5904,2.8328,1.1362,2.9401,-1.7069,2.4416,-1.7179,1.2755,-0.5419,-6.2190,-4.2453,-3.6427,2.9942,1.5287,2.1596,-4.7483,-1.4613,-5.1168,5.4083,3.6574,-0.7921,-1.3963,1.9123,-2.1786,-0.6515,-7.7679,-8.3080,-8.7681,-9.1304,-9.3825,-9.5269,-9.5637,-9.5109,-9.3892,-9.2185,-9.0190,-8.8033,-8.4716,-8.0983,-7.7783,-7.4742,-7.2211,-7.0224,-6.8596,-6.7654,-6.6963,-6.6616,-6.6539,-6.6669,-6.6956,-6.7257,-6.7676,-6.8286,-6.8810,-6.9499,-7.0196,-7.0974,-7.1827,-7.2747,-7.3694,-7.4708,-7.5781,-7.6910,-7.8071,-7.9278,-8.0527,-8.1812,-8.3122,-8.4461,-8.5825,-8.7204,-8.8592,-8.9973,-9.1439,-9.2515
45125.5000000,-20.4247,-18.4515,-16.0398,-13.6443,-1.1813,-20.3805,-18.9777,-22.5621,-11.6496,-17.1344,-17.3142,-20.1740,-20.7461,-18.5506,-17.3870,-20.1735,-10.8667,-15.8166,-17.6318,-18.9369,-7.7289,-16.2427,-15.5878,-10.7735,-8.7109,7.6784,-7.6961,-12.9897,-2.0319,-10.7133,-2.7575,-4.9611,1.2376,-1.0912,1.6492,-2.8041,0.1787,-2.5401,-13.4532,-1.8224,-5.5394,-14.0252,-19.1025,-17.4088,6.2136,-5.1348,-14.9225,-15.0538,-17.3730,-17.6753,-10.3298,-6.3339,-4.4955,-6.8871,-13.8798,-7.0803,-8.4481,-1.0835,3.8874,-6.6112,-5.2391,-13.2414,-16.7004,-15.5741,-13.6843,-13.0168,-4.0308,-4.1630,-13.6309,-8.4115,-2.2305,-3.3296,-1.6929,-4.7126,-4.6149,6.8277,-0.3342,5.9334,-5.8615,-3.4388,13.0039,7.0869,-5.8689,-8.2031,-15.1048,-14.1119,-5.2931,-13.5644,-4.4225,-9.8357,-6.6100,-3.9238,-3.9739,-7.5275,-17.7964,-21.0265,-19.7335,-16.7289,-20.3855,-17.4860,-18.0073,-12.0153,-18.7910,-16.2718,-13.5415,-13.9665,-19.0962,-18.9507,-24.4647,-14.3682,-21.7324,-20.6486,-15.9730,-19.0186,-13.3211,-13.2600,-17.8651,-12.1759,-10.8191,-11.2376,-15.8163,-10.3642,-14.0381,-10.9725,-11.7186,-7.0348,-9.6860,-5.6049,-12.3843,-15.1813,-13.7885,-15.0534,-14.2060,-11.7150,-6.9767,-10.0191,-10.4815,-4.8431,-10.9926,-10.2854,-11.8770,-7.4114,-9.2923,-10.4173,-6.0835,-12.5717,-9.9309,-0.5602,-8.4468,-10.5558,-7.9853,-9.4940,-6.9353,-4.6186,-6.6273,0.0844,4.4056,-1.7658,-4.9320,-6.9947,7.9574,0.0627,-3.1004,-5.3562,-3.0638,-5.3965,-2.2413,-6.6205,-4.9484,-6.4943,-10.8126,-9.4078,-10.1094,-2.9534,-3.8802,-1.6687,-9.5146,-4.7778,-8.8366,2.4877,0.6925,-3.4314,-3.9409,-0.4480,-3.9300,-3.1483,-9.0680,-9.5629,-10.0625,-10.5672,-11.0758,-11.5908,-12.0998,-12.6012,-13.0901,-13.5603,-14.0066,-14.4201,-14.7140,-14.9253,-15.1070,-15.2209,-15.2835,-15.2936,-15.2399,-15.1519,-15.0087,-14.8283,-14.6178,-14.3846,-14.1364,-13.8731,-13.6112,-13.3637,-13.1178,-12.8965,-12.6931,-12.5152,-12.3643,-12.2403,-12.1402,-12.0657,-12.0150,-11.9860,-11.9752,-11.9818,-12.0037,-12.0389,-12.0852,-12.1417,-12.2070,-12.2797,-12.3586,-12.4418,-12.5403,-12.6093
45125.5416667,-24.8332,-23.9622,-18.5066,-14.4674,-1.4551,-17.0074,-17.2401,-25.1687,-14.7042,-17.5607,-18.1214,-21.4854,-21.8041,-21.6901,-21.6161,-24.7883,-17.9302,-22.9624,-23.8648,-26.4881,-16.9498,-26.8748,-25.6813,-25.0089,-19.7850,-2.4787,-15.3023,-20.7663,-8.7692,-17.9572,-7.8736,-11.1560,-4.2525,-2.9837,0.1539,-4.3135,-0.6782,-2.9788,-15.4274,-2.1310,-4.4401,-11.2607,-19.5380,-19.4138,5.3631,-9.3102,-18.1349,-17.2782,-21.4983,-22.2563,-14.9746,-13.0234,-11.6828,-13.0040,-19.1118,-18.5705,-19.1616,-7.9632,0.4370,-8.0544,-6.1398,-12.3774,-19.3146,-19.1677,-17.0729,-16.2136,-7.3259,-7.2368,-19.7005,-13.6925,-6.3002,-9.1124,-9.9368,-12.0947,-10.4899,2.8709,-2.3520,5.0679,-7.1869,-4.1397,17.6270,11.9555,0.0956,-2.2213,-12.9132,-11.7826,-3.1545,-13.3312,-3.3913,-8.0250,-4.9790,-1.9220,-1.9382,-6.5593,-14.8547,-18.8993,-18.4227,-13.0308,-18.4410,-16.7447,-18.1442,-14.6956,-19.7520,-17.2588,-14.5296,-14.6177,-18.6162,-19.2385,-25.3438,-18.8163,-24.6289,-24.4689,-19.2244,-20.7478,-17.3296,-15.9280,-23.3429,-17.6019,-16.6837,-16.0070,-19.3051,-16.1333,-18.1981,-15.8721,-15.5161,-10.8058,-13.0869,-8.3821,-14.4350,-15.1176,-15.3254,-16.4717,-18.6787,-17.8668,-11.0342,-14.3445,-14.6014,-8.9857,-13.5007,-13.7716,-14.9926,-11.1748,-12.2985,-13.1077,-9.4486,-14.4926,-13.0951,-4.0561,-13.7823,-15.1342,-13.1874,-15.1675,-12.9489,-12.2306,-11.5851,-3.2139,0.9798,-2.8560,-5.4115,-8.4673,6.6284,-0.4454,-2.6073,-3.6643,-0.1468,-3.1997,-1.8205,-6.8855,-7.9865,-10.0025,-12.3340,-12.2873,-13.1736,-7.1989,-8.0502,-4.9582,-12.6137,-7.8872,-10.4886,0.6348,-0.5383,-3.8657,-4.0291,-0.2483,-2.8555,-2.4822,-7.3068,-7.6068,-7.9262,-8.2614,-8.6084,-8.9695,-9.3324,-9.6994,-10.0695,-10.4411,-10.8136,-11.1838,-11.4933,-11.7703,-12.0543,-12.3197,-12.5781,-12.8281,-13.0593,-13.2891,-13.4978,-13.6924,-13.8709,-14.0314,-14.1714,-14.2837,-14.3729,-14.4421,-14.4774,-14.4913,-14.4767,-14.4384,-14.3779,-14.2971,-14.1968,-14.0820,-13.9560,-13.8222,-13.6831,-13.5431,-13.4056,-13.2734,-13.1490,-13.0351,-12.9334,-12.8451,-12.7710,-12.7108,-12.6799,-12.6382
45125.5833333,-28.4904,-27.5767,-24.1446,-20.1216,-8.6936,-22.2685,-24.2145,-28.7493,-19.8620,-20.7277,-21.5285,-24.3944,-22.8597,-23.5711,-24.0319,-26.6246,-21.2563,-25.7245,-24.9059,-27.5543,-20.8861,-30.1448,-25.7823,-30.4017,-24.8109,-11.1316,-24.1077,-27.0872,-16.8477,-24.7970,-16.5683,-18.6794,-11.2007,-6.7845,-3.6857,-8.1277,-4.2060,-5.6744,-16.9444,-2.9419,-5.4518,-11.2861,-20.6266,-20.6288,4.3523,-11.3588,-18.5162,-16.8308,-21.1824,-21.6279,-15.6071,-15.3246,-14.6470,-15.5935,-19.4887,-23.5965,-23.3984,-13.6065,-3.9431,-12.6014,-11.3619,-16.5007,-24.1090,-23.2907,-19.4696,-15.9960,-10.1950,-10.9846,-23.5794,-17.5083,-10.5158,-11.7241,-12.0751,-17.0099,-14.2532,-3.7022,-8.7338,-3.6954,-13.9386,-10.9277,12.6185,6.5120,-4.6719,-6.5673,-17.9942,-13.8396,-5.6292,-13.8577,-4.8858,-8.7426,-5.9700,-2.7528,-2.5288,-7.2097,-13.1337,-16.6573,-16.2673,-9.5524,-15.8324,-14.4898,-15.7051,-13.9931,-16.3506,-14.7909,-13.2744,-14.1766,-17.9446,-19.0698,-23.9879,-20.9439,-24.5489,-24.2459,-19.4011,-20.1390,-18.7833,-16.4418,-24.9486,-20.2429,-21.3633,-17.8744,-18.8863,-18.4376,-19.8019,-19.5013,-22.4063,-16.6513,-17.7691,-12.5428,-17.2142,-15.1571,-17.0057,-16.3009,-18.8868,-18.5944,-11.9369,-16.3599,-18.7142,-12.6821,-15.4221,-15.9718,-16.5225,-12.7910,-12.7634,-13.8364,-11.7614,-14.4394,-13.5421,-5.9305,-16.7190,-17.1287,-15.0684,-17.7159,-16.6565,-17.5250,-14.6165,-7.3578,-4.8610,-7.3905,-9.2998,-13.1324,1.1843,-5.4310,-7.0805,-7.5713,-3.3349,-6.5362,-5.0925,-9.5072,-10.6037,-11.7548,-11.7715,-12.9794,-14.3552,-9.9427,-11.0825,-7.4362,-13.3274,-10.3962,-12.4265,-2.5550,-3.8476,-6.9108,-7.2046,-3.6779,-5.8661,-5.8750,-9.8668,-9.8959,-9.9108,-9.9164,-9.9177,-9.9269,-9.9381,-9.9616,-10.0023,-10.0637,-10.1483,-10.2556,-10.3446,-10.4347,-10.5527,-10.6786,-10.8189,-10.9708,-11.1254,-11.2938,-11.4613,-11.6323,-11.8055,-11.9795,-12.1531,-12.3213,-12.4878,-12.6546,-12.8116,-12.9671,-13.1150,-13.2569,-13.3920,-13.5192,-13.6362,-13.7435,-13.8401,-13.9251,-13.9971,-14.0560,-14.1013,-14.1329,-14.1503,-14.1543,-14.1452,-14.1239,-14.0915,-14.0501,-14.0241,-13.9830
45125.6250000,-31.4388,-27.9043,-23.2835,-22.7519,-6.8202,-17.7340,-21.5552,-30.3084,-20.0922,-19.4847,-21.3417,-25.2926,-23.9867,-26.0715,-27.3786,-28.8573,-25.3662,-29.5179,-27.2579,-29.7254,-24.2860,-33.7872,-27.6590,-30.2860,-27.7586,-13.5037,-28.3966,-29.6923,-20.8653,-27.6144,-23.7357,-25.9641,-19.6325,-12.9745,-8.0253,-8.7307,-3.5354,-5.2404,-19.0988,-3.7764,-6.3498,-10.9142,-20.9286,-19.2657,2.3657,-16.3021,-21.9183,-18.5276,-23.0822,-19.7285,-15.9975,-17.4645,-17.2123,-17.3262,-20.4375,-29.2483,-28.6765,-20.3877,-6.6929,-14.3738,-13.3023,-17.6835,-28.1402,-28.4883,-24.5976,-21.2819,-13.2081,-11.4063,-26.8449,-20.4808,-11.9466,-15.1763,-14.7498,-17.4303,-9.8210,-4.1848,-8.3654,-7.7656,-17.1069,-8.4132,12.7752,5.9187,-4.8713,-6.8783,-17.1808,-15.2987,-9.7370,-17.5915,-10.4073,-13.9182,-11.5486,-7.6850,-6.7486,-11.2168,-17.5418,-17.8112,-15.0682,-5.3112,-12.4908,-12.2020,-14.2293,-13.8074,-15.8663,-14.4780,-11.9519,-13.0330,-16.3780,-17.9606,-23.0594,-22.5955,-24.7142,-24.3397,-18.1601,-17.8813,-17.5494,-14.8602,-21.2712,-19.2128,-24.1833,-21.9340,-18.6191,-18.9626,-19.2436,-19.7687,-22.9633,-21.2596,-22.9378,-17.5598,-21.3910,-18.7481,-19.3492,-21.4030,-23.9509,-23.6982,-14.7262,-18.9186,-20.6488,-15.9956,-16.8505,-17.9186,-17.3370,-16.4687,-15.3819,-13.7818,-11.8643,-14.6201,-14.5382,-5.1492,-17.4034,-16.8954,-14.8541,-16.8910,-17.2911,-20.7075,-13.6449,-8.2744,-6.8775,-8.0724,-10.1209,-15.4198,-1.7526,-10.8294,-8.6706,-8.5759,-3.3654,-7.0132,-6.9296,-14.2711,-14.2731,-15.1776,-13.6771,-15.3946,-16.8882,-13.3328,-14.2639,-9.4213,-13.6731,-11.7809,-12.9279,-3.6492,-5.0340,-7.7955,-8.1974,-4.9237,-6.6073,-7.4635,-10.9104,-11.1085,-11.3027,-11.4911,-11.6719,-11.8493,-12.0106,-12.1597,-12.2959,-12.4187,-12.5279,-12.6228,-12.6749,-12.6999,-12.7194,-12.7228,-12.7187,-12.7093,-12.6927,-12.6807,-12.6668,-12.6577,-12.6552,-12.6611,-12.6762,-12.6986,-12.7319,-12.7782,-12.8305,-12.8949,-12.9666,-13.0468,-13.1344,-13.2282,-13.3261,-13.4282,-13.5333,-13.6403,-13.7477,-13.8551,-13.9615,-14.0661,-14.1678,-14.2662,-14.3603,-14.4495,-14.5329,-14.6093,-14.6948,-14.7379
45125.6666667,-31.5816,-31.1141,-26.7694,-26.0986,-6.3868,-17.9417,-17.0523,-26.0523,-17.3957,-14.1173,-14.1317,-16.0886,-13.1860,-16.4970,-19.5056,-20.1255,-16.0114,-20.4921,-18.2133,-23.6749,-18.5457,-27.9979,-23.4445,-25.8999,-27.1334,-13.3304,-28.5278,-29.2461,-24.6080,-28.2875,-27.6339,-29.7299,-24.2796,-17.2770,-12.6126,-10.7378,-5.8786,-5.3674,-15.1462,0.4061,3.2811,-3.3029,-10.1517,-6.6124,12.2602,-9.8044,-15.3253,-12.0308,-18.0015,-15.0831,-11.2592,-13.4015,-13.4992,-12.8331,-14.8824,-29.2384,-29.3394,-22.2798,-5.9499,-11.8171,-9.9322,-14.9570,-25.5420,-27.3384,-24.1088,-22.9071,-17.5881,-12.4226,-27.2754,-20.3681,-13.1022,-16.2576,-15.5869,-16.0689,-8.2052,-4.8523,-5.2143,-6.3695,-13.4677,-0.7442,19.9584,13.7313,0.5329,-0.2475,-4.6424,-5.7415,2.1852,-4.5366,1.6895,-1.7697,-0.9671,2.9641,2.4867,-4.1286,-12.1583,-15.2607,-13.9723,-5.0722,-10.7652,-7.1317,-9.4849,-6.5828,-10.6895,-11.1931,-6.5536,-6.8245,-11.4173,-10.5990,-15.8220,-17.9825,-19.5350,-19.6396,-15.8905,-14.6719,-12.5102,-11.1789,-16.5106,-13.3505,-19.4501,-18.3480,-13.9793,-14.8592,-16.4284,-18.3281,-19.2454,-17.1919,-18.8433,-13.8742,-17.3150,-14.9155,-17.6310,-19.7406,-23.8951,-25.0854,-15.9220,-19.8097,-20.7502,-17.4181,-18.0392,-19.3712,-17.5451,-17.8126,-16.0404,-12.6228,-10.3651,-12.5076,-13.8820,-4.5530,-17.1502,-16.2450,-15.5614,-15.7249,-15.7174,-19.4619,-11.5797,-8.3789,-4.7047,-4.4192,-5.5122,-11.5579,2.1579,-7.8847,-3.7223,-2.9118,2.8733,-2.4224,-2.0918,-11.1774,-11.8558,-14.1035,-10.5134,-13.7556,-15.0373,-12.4744,-13.3754,-7.8616,-10.7422,-10.9338,-11.7517,-1.2359,-1.9413,-3.9983,-4.1394,-0.8671,-2.0408,-3.0998,-6.0077,-6.2036,-6.4246,-6.6652,-6.9195,-7.1883,-7.4546,-7.7191,-7.9778,-8.2274,-8.4655,-8.6900,-8.8798,-9.0450,-9.2001,-9.3372,-9.4615,-9.5735,-9.6707,-9.7603,-9.8365,-9.9027,-9.9595,-10.0072,-10.0463,-10.0756,-10.0981,-10.1161,-10.1261,-10.1338,-10.1377,-10.1404,-10.1431,-10.1471,-10.1528,-10.1619,-10.1754,-10.1939,-10.2177,-10.2474,-10.2833,-10.3253,-10.3733,-10.4271,-10.4863,-10.5503,-10.6181,-10.6874,-10.7710,-10.8074
45125.7083333,-23.0268,-26.0805,-22.8945,-22.9218,-7.0167,-15.3988,-15.8982,-22.3962,-14.7066,-11.7069,-12.2790,-14.1555,-10.9090,-14.2664,-16.8835,-16.2803,-11.4237,-13.1857,-8.8869,-12.1739,-8.9105,-15.3463,-10.7025,-14.4390,-15.9782,-4.4868,-18.0276,-18.6968,-19.1809,-22.3957,-25.8120,-29.3755,-26.5618,-20.0655,-15.9327,-13.8938,-8.1984,-7.1430,-15.4951,-2.3306,0.7221,-3.8555,-8.6528,-4.4590,17.0402,-0.7249,-4.7940,-0.6054,-5.9612,-3.0293,-0.8378,-1.9766,-2.1187,-2.7154,-3.0740,-19.2876,-20.4028,-15.1310,-0.4467,-6.6226,-5.1698,-9.2651,-18.3751,-20.7360,-16.5468,-17.6571,-14.5437,-10.8626,-24.6466,-19.7503,-14.4247,-15.9888,-16.0345,-15.9853,-8.4330,-5.4994,-5.7804,-6.1508,-10.9113,2.0625,21.9962,16.7843,3.9159,3.2319,1.2652,-0.0763,8.8016,3.6134,10.0091,5.9816,7.7314,13.5952,14.1692,8.2658,1.1234,-1.9719,-1.4377,5.6589,0.4611,2.6973,0.3674,2.8415,-2.1051,-2.0958,1.5114,1.1896,-3.9015,-3.0069,-7.3176,-10.2666,-10.4853,-11.0231,-8.8796,-7.5032,-6.6867,-4.9497,-9.6217,-8.4209,-13.3546,-12.8542,-8.1197,-9.8381,-11.0982,-13.1465,-15.2228,-12.9139,-13.2955,-8.1449,-10.1526,-6.9617,-9.9941,-11.6762,-16.2906,-18.6453,-12.0431,-15.6244,-16.4843,-14.7386,-14.2610,-16.3293,-15.8367,-16.8244,-15.1725,-12.3790,-11.8402,-11.3831,-12.6728,-5.6375,-15.4543,-14.0476,-13.8841,-13.4999,-13.8717,-17.1273,-8.2723,-6.0555,-3.2817,-3.1719,-3.5260,-7.4773,4.5837,-3.5654,0.2906,1.5979,6.9213,1.1217,2.4405,-5.4078,-6.6394,-8.5247,-4.9500,-7.6787,-10.1532,-8.2344,-8.8790,-3.6260,-5.4936,-5.9272,-7.0038,2.1296,1.8635,0.2683,0.3157,3.4776,2.5150,2.0844,-0.2757,-0.1844,-0.1056,-0.0396,0.0125,0.0430,0.0631,0.0654,0.0486,0.0118,-0.0457,-0.1232,-0.2057,-0.2992,-0.4120,-0.5361,-0.6722,-0.8176,-0.9675,-1.1241,-1.2803,-1.4362,-1.5897,-1.7391,-1.8831,-2.0190,-2.1477,-2.2697,-2.3814,-2.4859,-2.5814,-2.6690,-2.7490,-2.8217,-2.8871,-2.9462,-2.9994,-3.0472,-3.0901,-3.1288,-3.1639,-3.1962,-3.2262,-3.2546,-3.2823,-3.3096,-3.3369,-3.3635,-3.4054,-3.4060
45125.7500000,-17.8563,-22.1624,-19.1185,-19.1206,-6.0435,-11.9436,-13.1982,-17.7636,-11.8944,-8.5397,-9.2619,-10.9609,-7.7246,-11.2701,-14.0760,-13.6508,-9.8504,-11.1066,-6.8306,-9.0350,-6.4780,-10.7442,-6.1265,-9.1401,-9.7186,0.8983,-9.8494,-9.4347,-10.8240,-12.5217,-17.7309,-21.8543,-21.5519,-16.5912,-14.4217,-13.2853,-9.2072,-8.3669,-15.0924,-4.2139,-1.4061,-4.9912,-8.7726,-5.0908,16.5678,0.8207,-1.7906,2.7227,-0.9472,1.8213,4.2299,4.2859,5.2035,4.5628,3.8535,-9.3261,-9.9127,-5.4149,7.1134,1.4088,2.3571,-1.4315,-9.6333,-12.4865,-8.6979,-10.5172,-8.9159,-7.0544,-19.8226,-17.0354,-13.6406,-15.3957,-15.3803,-14.9521,-7.8300,-6.7254,-6.7930,-6.8531,-10.6175,1.7686,19.5521,15.1952,3.5360,2.8047,1.7862,0.8169,9.6305,5.3061,11.6003,7.4858,10.4628,17.5393,18.1750,13.3366,6.3422,4.8592,5.7840,11.5723,7.7642,9.3915,7.9661,11.5273,4.0348,4.5995,7.9592,8.3037,3.6498,4.5055,0.2482,-2.6776,-2.8871,-3.4710,-1.9715,-0.8063,-0.4709,0.9597,-2.8621,-2.4763,-6.4981,-6.3962,-2.4666,-4.2332,-5.6294,-7.9781,-10.3595,-8.6104,-8.5185,-3.6279,-5.4160,-2.3202,-4.6242,-5.7585,-9.3415,-11.6738,-6.9616,-10.3488,-11.2084,-10.6014,-9.4853,-11.7026,-11.1025,-12.6626,-10.8153,-8.9295,-9.9019,-8.2123,-10.0381,-6.0498,-13.5561,-12.2179,-12.8395,-12.3681,-13.1145,-16.1272,-7.1350,-6.3690,-4.2943,-3.7271,-3.5438,-6.1505,4.6538,-2.7364,0.7139,2.3639,7.0937,1.8351,4.3860,-2.3992,-3.3189,-4.3737,-1.2061,-2.7775,-5.0131,-3.6491,-4.1662,0.6276,-1.0609,-1.5777,-2.7675,4.7957,5.0227,3.2148,3.1015,6.0266,4.6255,4.7723,2.1882,2.5123,2.8273,3.1325,3.4071,3.6404,3.8411,3.9782,4.0551,4.0462,3.9586,3.7743,3.5578,3.4615,3.4331,3.4415,3.4644,3.4903,3.5139,3.5282,3.5342,3.5293,3.5129,3.4850,3.4456,3.3962,3.3363,3.2659,3.1882,3.1021,3.0101,2.9127,2.8112,2.7069,2.6015,2.4957,2.3906,2.2872,2.1865,2.0891,1.9955,1.9062,1.8216,1.7418,1.6669,1.5970,1.5322,1.4733,1.4039,1.3795
45125.7916667,-10.6400,-16.0082,-13.8350,-14.3221,-4.1663,-8.5513,-10.5928,-13.6410,-9.5106,-6.1706,-6.9843,-8.4622,-5.3491,-8.3648,-11.0927,-10.6799,-7.7424,-8.7511,-4.7177,-6.5669,-5.0825,-8.2244,-4.3781,-7.2120,-7.6119,1.5207,-7.2965,-6.3215,-7.5254,-7.6873,-12.1581,-15.5106,-15.3440,-10.5590,-9.0442,-8.2249,-5.6060,-4.6529,-10.3910,-2.3792,-0.7098,-4.0499,-7.3887,-4.5990,15.8980,0.7462,-1.4676,2.6780,-0.2167,1.9854,4.4554,5.2468,7.5999,7.0003,5.1293,-4.1942,-4.1596,0.0464,11.3956,6.3931,7.4232,4.3655,-2.2151,-4.7130,-1.2447,-3.0693,-1.4484,-0.9824,-13.7441,-12.6976,-10.9693,-13.1645,-13.2784,-12.7649,-6.3387,-6.9331,-7.0727,-7.1205,-10.2388,0.4444,16.6306,12.7863,2.3369,1.6356,1.0114,0.3700,8.4734,4.6162,10.6391,6.2328,9.9297,16.9711,17.8990,13.8316,6.5531,6.4652,7.6224,12.1258,9.4427,10.4861,9.8364,15.0180,8.1410,8.8768,12.2115,12.6966,8.3442,10.0259,5.8918,4.5798,3.7089,2.6495,3.7308,4.2516,4.5133,5.2382,2.3512,2.6868,-0.6406,-0.6705,1.9603,0.8481,-0.2335,-2.2704,-4.5860,-3.6234,-3.5927,1.2215,-0.8180,1.2658,-0.4819,-1.6184,-4.5064,-6.5481,-2.6113,-4.9726,-5.4351,-5.2624,-4.0423,-6.6921,-6.3966,-8.3418,-6.7090,-5.1061,-6.8757,-4.6599,-6.4404,-4.5105,-10.2013,-8.8960,-9.9625,-9.6901,-11.1620,-14.4874,-6.0837,-6.2537,-5.0398,-4.2219,-3.7448,-5.7225,3.4042,-2.8694,0.2493,1.7060,5.6996,1.2312,4.1570,-1.3865,-2.0363,-2.2753,0.0398,-0.6123,-2.1782,-0.7358,-0.8823,3.8745,2.2894,2.1797,1.0896,7.7370,8.5610,6.6225,6.6008,9.6258,7.7169,8.4364,5.1279,5.2037,5.2918,5.4001,5.5206,5.6524,5.8154,5.9897,6.1843,6.3829,6.5989,6.8129,7.0433,7.2749,7.4947,7.7032,7.8854,8.0507,8.1899,8.2858,8.3409,8.3505,8.3119,8.2273,8.0907,7.9115,7.6899,7.4297,7.2053,7.0296,6.8973,6.7992,6.7266,6.6717,6.6281,6.5904,6.5546,6.5179,6.4785,6.4352,6.3874,6.3349,6.2781,6.2171,6.1527,6.0854,6.0163,5.9475,5.8659,5.8288
45125.8333333,-1.2459,-6.5466,-5.1221,-5.9100,2.0550,-1.5999,-4.2736,-7.0556,-4.5975,-1.7614,-2.8590,-4.5374,-2.1434,-4.7914,-7.6509,-7.5313,-5.4355,-6.3768,-2.7564,-4.3008,-3.4321,-5.6366,-2.5012,-5.0556,-5.3784,2.2486,-5.0893,-4.2048,-5.7304,-5.4774,-9.6040,-12.2365,-11.9298,-7.0514,-5.4746,-4.3013,-1.9500,-0.9326,-5.2431,1.2477,2.6583,-0.2160,-3.0254,-0.9581,16.9169,2.5666,0.2089,3.4921,0.7351,2.2879,4.4804,5.3254,7.5447,7.1694,4.3803,-1.9514,-1.5294,2.3368,12.8596,8.4260,9.5116,7.0078,1.8195,-0.0720,2.9428,1.7026,3.8982,4.5265,-6.9661,-7.0231,-6.4077,-8.8427,-9.1899,-9.1595,-3.6187,-5.3202,-5.6226,-5.8306,-8.4069,0.6925,15.1650,11.7508,2.4117,1.7091,1.2195,0.6398,7.6969,4.1438,9.6025,5.1432,9.0351,15.6930,16.6911,13.1406,5.6050,6.2428,7.4517,10.8581,9.0207,9.5483,9.3552,15.1681,10.4152,11.1700,14.8499,15.5620,11.4167,13.2204,9.0442,9.7691,8.5687,7.7083,8.9093,8.7997,9.3973,9.0639,7.2355,8.0112,5.1553,4.9436,5.6870,5.5162,4.2069,2.6692,0.5898,1.2659,1.2108,5.3228,3.3101,4.1346,3.1938,2.3447,0.2052,-1.4809,1.4133,-0.6183,-0.8034,-0.4696,0.7604,-1.3886,-1.2093,-2.9908,-1.6617,-0.5828,-2.4348,-0.5813,-2.2210,-1.4359,-5.8494,-4.7847,-6.1691,-6.2447,-8.1453,-11.5603,-4.0502,-4.7451,-4.1740,-3.1907,-2.5570,-4.2200,2.9761,-2.1669,0.4155,1.6999,4.9951,1.2566,3.8764,-0.6056,-1.1661,-1.1968,0.4838,0.4617,-0.5622,0.8740,0.9890,5.0612,3.5469,3.7392,2.9913,9.2059,10.0236,8.0874,8.3276,11.6069,9.3328,11.0045,7.7922,7.9222,8.0429,8.1598,8.2673,8.3650,8.4671,8.5639,8.6649,8.7608,8.8647,8.9662,9.0824,9.2069,9.3345,9.4700,9.6090,9.7573,9.9158,10.0759,10.2414,10.4100,10.5803,10.7525,10.9199,11.0845,11.2392,11.3842,11.5145,11.6287,11.7234,11.7956,11.8425,11.8643,11.8596,11.8286,11.7727,11.6937,11.5953,11.4819,11.3592,11.2334,11.1100,10.9931,10.8854,10.7883,10.7022,10.6275,10.5516,10.5196
45125.8750000,7.7384,3.5009,4.3951,3.5353,10.3328,6.6450,4.2713,1.3607,3.0456,5.1222,4.0415,2.3840,3.8417,1.6378,-1.3144,-1.7458,-0.6439,-1.9163,0.8637,-0.7230,-0.4231,-2.1685,0.1280,-2.1410,-2.4849,3.9529,-2.2035,-1.4576,-3.0709,-2.6799,-6.6695,-8.9968,-8.9838,-4.4714,-3.0151,-1.7362,0.5097,1.7475,-1.5471,4.2245,5.7504,3.4087,1.1559,2.9209,19.1300,6.2500,3.8900,6.3464,3.6865,4.5495,6.4910,7.2648,9.1029,8.6861,5.0949,0.7739,1.0276,4.2776,13.8484,9.7528,10.7649,8.6252,4.5575,3.1352,5.5252,4.8067,7.3032,8.2914,-1.1599,-1.4082,-1.1629,-3.4389,-3.8454,-4.0859,0.2935,-1.6306,-2.0298,-2.4066,-4.5436,3.2053,16.0354,13.0675,4.6978,3.9226,3.6512,3.0759,9.3074,6.0025,10.9370,6.3933,10.3016,16.4322,17.3081,14.1153,6.3344,7.3247,8.3996,10.7782,9.5118,9.5587,9.5442,15.4800,11.8795,12.6457,16.6829,17.6535,13.6350,15.6461,11.1640,13.6811,11.4431,10.6577,12.1096,11.3881,12.5571,11.1622,10.4659,12.2170,9.9139,9.8601,8.8919,10.2936,8.6899,8.0611,6.4899,7.0174,6.6972,10.1572,7.8228,7.0258,6.7692,6.1082,4.5753,3.2785,5.6532,3.8230,3.5742,3.9170,4.5868,2.9583,2.9888,1.6836,2.6391,3.4148,2.0852,3.1391,2.0627,2.6992,-0.7772,0.0224,-1.2874,-1.6278,-3.7126,-7.1502,-0.9362,-1.8280,-1.6771,-0.7503,-0.1020,-1.4399,4.2641,0.0580,2.0874,3.2155,5.8402,2.6532,4.9874,1.2160,0.6601,0.5172,1.4689,1.7320,1.0357,2.3491,2.5383,5.7675,4.2893,4.6726,4.0961,9.9002,10.4236,8.3862,8.7418,12.1171,9.4684,11.9225,8.8873,9.1172,9.3395,9.5575,9.7665,9.9654,10.1640,10.3547,10.5434,10.7225,10.9005,11.0689,11.2393,11.4063,11.5659,11.7213,11.8695,12.0149,12.1589,12.2964,12.4312,12.5636,12.6940,12.8248,12.9533,13.0834,13.2125,13.3428,13.4734,13.6052,13.7376,13.8702,14.0020,14.1334,14.2632,14.3904,14.5141,14.6327,14.7452,14.8500,14.9460,15.0320,15.1067,15.1691,15.2183,15.2539,15.2759,15.2853,15.2743,15.2778
45125.9166667,14.0225,11.5961,12.1225,11.3054,17.6979,13.1912,11.6671,8.3303,9.9366,10.9608,10.1473,8.7651,9.1586,8.1253,5.5992,4.9198,5.5034,3.9804,5.6766,4.0959,4.1798,2.4037,3.7424,1.8554,1.3060,6.5818,1.0202,1.3935,-0.2041,0.0529,-3.6243,-5.7322,-6.0364,-2.1201,-0.9652,0.1352,2.0658,3.2361,0.4956,5.7100,7.1965,5.1353,3.2484,4.8328,20.0045,8.8585,6.6624,8.6291,6.3188,6.5711,8.6056,9.5351,11.1348,10.6707,6.2325,3.9957,4.0345,6.6139,15.1213,11.0367,11.7441,9.7132,6.4889,5.4058,7.0749,6.7280,9.3446,10.5288,2.8953,2.8573,3.1166,1.1859,0.8106,0.5825,3.6580,2.3321,1.8621,1.3742,-0.4936,6.0384,17.2620,14.5651,6.8292,5.8230,5.8578,5.2274,10.9909,7.8246,12.4117,7.6485,11.7041,17.3818,18.1475,15.3354,7.2682,8.6838,9.6774,11.1620,10.3263,9.9718,10.0456,15.9819,13.1598,13.7653,17.9308,18.9309,14.8045,17.0259,12.1336,16.3330,12.9006,12.0937,13.7663,12.4096,14.0390,11.6696,11.7874,14.4492,12.4757,12.5427,9.9658,13.0493,11.1322,11.7294,11.0559,11.9029,11.4214,14.4770,11.6676,9.1874,9.7348,9.3740,8.4789,7.6392,9.8440,7.9964,7.5579,7.9818,7.7544,6.5151,6.2671,5.4575,5.8154,6.3357,5.6178,5.4536,4.9882,6.0916,3.1385,3.6054,2.6411,2.2925,0.6045,-2.3758,2.2836,1.6120,1.6004,2.1764,2.6478,1.5617,6.2994,2.6621,4.1149,5.0707,7.0354,4.1244,6.3515,2.9910,2.6524,2.3977,2.5675,3.1144,2.7085,3.8757,3.9679,6.3594,4.7722,5.2156,4.6407,10.0211,10.1364,7.9078,8.2250,11.5210,8.5299,11.4217,8.4541,8.6988,8.9452,9.1950,9.4439,9.6902,9.9401,10.1872,10.4349,10.6772,10.9194,11.1552,11.3921,11.6260,11.8537,12.0769,12.2932,12.5052,12.7136,12.9142,13.1094,13.2987,13.4822,13.6611,13.8332,14.0009,14.1622,14.3188,14.4698,14.6163,14.7582,14.8956,15.0284,15.1580,15.2841,15.4074,15.5281,15.6464,15.7629,15.8777,15.9909,16.1029,16.2138,16.3233,16.4314,16.5377,16.6416,16.7421,16.8278,16.9044
45125.9583333,17.8991,17.5885,17.8604,17.1825,23.8103,18.0052,17.6177,13.6739,15.5688,15.3329,14.8507,13.7655,12.8983,13.2717,11.4620,10.7311,11.3103,9.7741,10.2538,8.8704,9.4299,7.2907,7.6882,6.5643,5.8961,10.6071,5.1821,4.9978,3.6417,3.3676,0.0263,-2.0606,-2.7531,0.4451,1.2569,2.0269,3.6352,4.6014,2.0385,6.8283,8.1507,6.1775,4.4515,5.8212,20.0386,10.2584,8.0380,9.6440,7.5762,7.2905,9.5961,10.8384,12.4043,12.0053,6.7264,6.6761,6.6303,8.7324,16.5040,12.4202,12.8874,10.9108,8.3498,7.5223,8.4561,8.3572,10.9768,12.1374,5.4859,5.6792,6.1811,4.6985,4.3561,4.0760,5.8730,5.7205,5.2371,4.7964,3.1406,8.7605,18.6436,16.1887,8.8582,7.5327,7.9073,7.1517,12.7086,9.5444,13.8868,8.7626,13.0237,18.3093,18.9417,16.4203,7.9307,9.7338,10.6782,11.4419,10.9482,10.2708,10.4222,16.4253,14.0718,14.5811,18.9237,19.9538,15.6625,18.0633,12.6610,18.2875,13.5641,12.6140,14.4821,12.5817,14.5708,11.4473,12.1124,15.5551,13.7878,13.9202,9.9398,14.3503,12.0416,13.7214,13.9719,15.2756,14.6334,17.4981,14.1158,10.0635,11.3674,11.3621,11.1470,10.8986,13.3877,11.5516,11.0138,11.7793,10.5228,9.6368,9.0581,8.8023,8.4649,8.7821,8.7153,7.1278,7.1514,9.0458,6.2827,6.3331,5.6935,5.1809,4.0063,1.6668,4.6626,4.5565,4.7098,4.7820,5.1023,4.2894,8.6723,5.3636,6.3358,7.2253,8.6219,5.7781,8.0756,4.8540,4.8292,4.3714,3.6162,4.3957,4.2962,5.4388,5.4183,7.0810,5.3395,5.8173,5.1929,10.2646,10.0181,7.6352,7.8831,11.0383,7.8289,10.9025,7.9623,8.1467,8.3357,8.5306,8.7288,8.9293,9.1368,9.3471,9.5628,9.7797,10.0018,10.2245,10.4532,10.6849,10.9169,11.1504,11.3831,11.6167,11.8509,12.0825,12.3127,12.5406,12.7658,12.9887,13.2072,13.4227,13.6333,13.8397,14.0411,14.2377,14.4292,14.6153,14.7957,14.9710,15.1409,15.3054,15.4647,15.6187,15.7678,15.9120,16.0514,16.1865,16.3175,16.4444,16.5677,16.6873,16.8034,16.9151,17.0131,17.0958
45126.0000000,19.6371,21.4318,21.5565,21.0916,28.3844,21.0721,21.9925,17.5294,19.9993,18.4605,18.3643,17.6068,15.4628,17.2759,16.2735,15.5135,16.3122,14.8083,13.9264,12.7938,14.3219,11.5499,11.0408,10.9955,10.3351,15.1746,9.5372,8.7803,8.1732,7.2279,4.5713,2.4888,1.4697,3.8590,4.3001,4.5927,5.8925,6.5693,3.8965,8.2987,9.4180,7.4285,5.7446,6.8974,20.1841,11.4113,8.9783,10.1562,8.1502,7.3945,9.9188,11.4035,12.9318,12.5829,6.5751,8.4659,8.3689,10.1246,17.4308,13.3759,13.7150,11.8315,9.8976,9.3919,9.7147,9.9128,12.6538,13.7022,7.3267,7.5958,8.3707,7.3196,6.9541,6.4796,7.1164,8.3481,7.8645,7.5839,6.0999,11.0665,19.8559,17.6416,10.5570,8.8729,9.6352,8.7585,14.3805,11.1727,15.4264,9.8767,14.4526,19.4482,19.9673,17.6938,8.6947,10.8585,11.7714,11.9374,11.7019,10.7426,10.9380,17.0255,14.6893,15.1332,19.6774,20.7559,16.3001,18.8474,12.9922,19.9205,13.9863,12.8790,14.9035,12.5679,14.8132,11.1408,12.1473,16.1971,14.5520,14.7085,9.6331,14.9829,12.3040,14.8444,15.9188,17.6511,16.7680,19.5037,15.4786,10.1069,11.9630,12.2368,12.5945,12.9129,15.9075,14.0817,13.5207,14.8485,12.5686,12.0901,11.2589,11.6686,10.6746,10.9085,11.5771,8.5586,9.0245,11.9203,9.1328,8.7453,8.4110,7.6167,6.8979,5.1577,6.4723,7.0406,7.5210,6.9665,7.1197,6.5425,11.0156,7.8422,8.4247,9.3498,10.2692,7.3521,9.9215,6.6696,7.1309,6.4646,4.7129,5.7145,5.9459,7.1733,7.0352,8.0584,6.1221,6.6371,5.9413,10.8398,10.2849,7.7749,7.9621,10.9872,7.6426,10.7989,7.8870,8.0128,8.1435,8.2801,8.4208,8.5648,8.7157,8.8703,9.0307,9.1940,9.3631,9.5349,9.7132,9.8962,10.0820,10.2716,10.4636,10.6592,10.8585,11.0593,11.2625,11.4675,11.6741,11.8827,12.0916,12.3018,12.5118,12.7221,12.9318,13.1409,13.3489,13.5554,13.7597,13.9621,14.1620,14.3591,14.5531,14.7438,14.9310,15.1145,15.2940,15.4695,15.6409,15.8081,15.9710,16.1295,16.2832,16.4307,16.5629,16.6692
45126.0416667,20.0244,23.6317,23.6098,23.3261,31.4200,22.5523,24.7308,19.8456,23.0139,20.2268,20.5238,20.1092,16.8197,20.0441,19.9026,19.1657,20.3455,18.9022,16.6139,15.7273,18.4647,14.8587,13.4832,14.6189,14.0043,19.4353,13.2694,11.9248,12.4606,10.7673,9.2141,7.2487,6.1829,7.8354,8.0350,7.8263,8.9485,9.3447,6.3194,10.4373,11.3049,9.1832,7.4234,8.3558,20.7844,12.7626,9.9932,10.7264,8.6585,7.4911,10.1363,11.7498,13.1731,12.8079,6.2346,9.6389,9.4265,10.8570,17.7832,13.7166,13.9468,12.1390,10.7452,10.5643,10.3792,10.9045,13.9265,14.9712,8.7304,9.0301,10.0598,9.3699,8.9030,8.1021,7.7322,10.2903,9.7601,9.6608,8.2742,12.7420,20.5967,18.5882,11.6225,9.5884,10.7288,9.7374,15.5841,12.2981,16.5761,10.5752,15.5460,20.3629,20.8177,18.7990,9.2632,11.8089,12.7369,12.4077,12.3943,11.2111,11.4585,17.6751,15.0978,15.4858,20.2126,21.3279,16.7007,19.3940,13.1428,21.2312,14.2110,12.9840,15.1305,12.4618,14.8901,10.8353,12.0622,16.5765,15.0086,15.1776,9.3166,15.3056,12.3199,15.5159,17.2831,19.3854,18.2023,20.8200,16.1458,9.7713,11.9721,12.4304,13.2099,13.9857,17.5067,15.6358,15.0436,16.9741,13.7089,13.6129,12.5823,13.6734,12.0935,12.3362,13.7873,9.4572,10.3586,14.3858,11.4595,10.6742,10.6980,9.6797,9.4509,8.3109,8.0027,9.2660,10.1623,8.8940,8.8571,8.4598,13.2978,10.0851,10.3183,11.3247,11.8151,8.7068,11.6747,8.2536,9.3222,8.4481,5.6694,6.9782,7.5696,8.9858,8.7366,9.1898,7.0182,7.5865,6.8033,11.6558,10.8200,8.1750,8.3081,11.2338,7.7722,10.9817,8.0778,8.1550,8.2369,8.3243,8.4159,8.5111,8.6124,8.7176,8.8281,8.9419,9.0611,9.1835,9.3119,9.4449,9.5814,9.7220,9.8658,10.0138,10.1660,10.3209,10.4792,10.6406,10.8049,10.9725,11.1423,11.3151,11.4897,11.6668,11.8456,12.0263,12.2085,12.3920,12.5765,12.7620,12.9482,13.1349,13.3219,13.5088,13.6956,13.8820,14.0676,14.2524,14.4362,14.6186,14.7994,14.9782,15.1545,15.3262,15.4837,15.6086
45126.0833333,20.0842,25.1755,24.9809,24.8299,33.7409,23.3591,26.6025,21.2428,25.0345,21.0691,21.6746,21.5177,17.2061,21.6159,22.2933,21.6025,23.2626,21.9183,18.2915,17.6480,21.7201,17.2099,15.0646,17.3697,16.8288,23.1759,16.2592,14.3062,16.1586,13.6190,13.3947,11.6200,10.7484,11.7541,11.8889,11.2094,12.3876,12.6287,9.0618,13.1055,13.7836,11.4802,9.5746,10.3358,22.0746,14.6108,11.4022,11.6365,9.4237,7.8953,10.6227,12.3020,13.5848,13.1614,6.1421,10.6919,10.2932,11.4057,17.9834,13.8529,13.9482,12.1592,11.1671,11.2329,10.5834,11.3684,14.6712,15.7542,9.6560,10.0540,11.3854,11.0538,10.4668,9.2626,8.0666,11.8265,11.2138,11.3082,9.9724,14.0727,21.1363,19.2988,12.3657,9.9956,11.4528,10.3311,16.4382,13.0316,17.3686,10.9147,16.2713,20.9701,21.3751,19.5791,9.5049,12.3961,13.3652,12.6434,12.8228,11.4652,11.7709,18.1592,15.2525,15.6134,20.5248,21.6898,16.9125,19.7111,13.1294,22.2465,14.2707,12.9561,15.2069,12.2992,14.8630,10.5578,11.9239,16.7946,15.2838,15.4617,9.0420,15.4541,12.2324,15.9302,18.2977,20.7367,19.2383,21.7583,16.4728,9.3791,11.7575,12.3172,13.3836,14.5080,18.5148,16.5519,15.9005,18.3825,14.2068,14.4038,13.1864,14.8757,12.7794,13.0499,15.2283,9.7636,11.0217,16.1802,13.0601,11.9337,12.3279,11.1513,11.4631,10.9756,9.1793,11.1576,12.5674,10.5703,10.3592,10.1259,15.5494,12.1905,12.1251,13.2607,13.3738,9.9910,13.4253,9.7148,11.4225,10.3028,6.4791,8.0859,9.0603,10.7636,10.4258,10.3786,7.9453,8.5911,7.7159,12.6564,11.5711,8.7791,8.8728,11.7509,8.1663,11.4368,8.5071,8.5417,8.5804,8.6239,8.6712,8.7223,8.7787,8.8392,8.9048,8.9741,9.0486,9.1267,9.2105,9.2989,9.3911,9.4877,9.5878,9.6922,9.8009,9.9127,10.0282,10.1471,10.2694,10.3952,10.5239,10.6559,10.7906,10.9282,11.0685,11.2114,11.3568,11.5045,11.6543,11.8064,11.9604,12.1163,12.2740,12.4332,12.5940,12.7561,12.9195,13.0839,13.2493,13.4156,13.5824,13.7496,13.9165,14.0811,14.2345,14.3564
45126.1250000,19.2409,25.5368,25.2494,25.2433,34.9813,23.2575,27.5012,21.8275,26.2707,21.2909,22.1791,22.2608,17.1306,22.4426,23.8149,23.1152,25.2011,23.9031,19.0358,18.5948,23.9429,18.5284,15.7425,19.1091,18.6561,26.0704,18.2922,15.8031,19.0402,15.6668,16.8704,15.3080,14.7726,15.1797,15.3585,14.2281,15.6390,15.8418,11.5995,15.8318,16.3798,13.8569,11.7575,12.4213,23.7482,16.8193,13.1447,12.8909,10.5116,8.6362,11.4452,13.1616,14.2856,13.7668,6.3429,11.8374,11.2164,12.0110,18.2460,14.0090,13.9534,12.1491,11.4520,11.6934,10.6276,11.5907,15.0943,16.1649,10.1448,10.6460,12.2636,12.2583,11.5575,10.0263,8.1632,12.9724,12.2698,12.5394,11.2045,14.9995,21.3625,19.6602,12.7120,10.0571,11.7819,10.5562,16.9348,13.4022,17.8209,10.9587,16.6548,21.2603,21.6162,20.0175,9.4676,12.6436,13.6488,12.5968,12.9243,11.4274,11.7807,18.3334,14.9537,15.3087,20.3837,21.6107,16.7295,19.6615,12.8710,22.8958,14.1271,12.7718,15.0902,12.0114,14.6586,10.1983,11.6496,16.7723,15.3016,15.4922,8.7275,15.4126,12.0305,16.1085,18.9794,21.7322,19.9365,22.3739,16.5524,8.9899,11.4540,12.0775,13.3361,14.7104,19.1180,17.0424,16.3190,19.2707,14.2985,14.7119,13.3328,15.4950,12.9606,13.2465,16.0225,9.6516,11.1560,17.2890,13.9381,12.5173,13.2420,11.9600,12.7926,12.9494,9.8353,12.4675,14.4213,11.7126,11.3552,11.2919,17.4334,13.8470,13.5378,14.8378,14.6201,10.9326,14.9113,10.8770,13.3042,11.9660,7.1514,9.0337,10.3875,12.4278,12.0027,11.4953,8.7734,9.5068,8.5316,13.6500,12.3239,9.3604,9.4219,12.2958,8.5643,11.9244,8.9418,8.9503,8.9623,8.9782,8.9974,9.0194,9.0457,9.0751,9.1083,9.1444,9.1844,9.2274,9.2748,9.3259,9.3803,9.4384,9.4998,9.5650,9.6342,9.7065,9.7825,9.8621,9.9451,10.0318,10.1217,10.2152,10.3117,10.4116,10.5145,10.6205,10.7295,10.8413,10.9557,11.0729,11.1926,11.3148,11.4394,11.5663,11.6954,11.8266,11.9598,12.0949,12.2319,12.3706,12.5110,12.6527,12.7953,12.9371,13.0704,13.1762
45126.1666667,18.4164,25.5803,25.1678,25.2518,35.7004,22.8004,27.7969,21.7922,26.7432,20.8940,21.9881,22.2486,16.4929,22.5368,24.5318,23.8490,26.3590,25.1053,19.1541,18.8572,25.3560,19.0975,15.7890,20.0239,19.6384,28.1487,19.4664,16.4817,21.0125,16.8283,19.4449,18.1232,18.0311,17.8970,18.2075,16.6435,18.4159,18.6629,13.6398,18.2467,18.7445,15.9915,13.6763,14.3174,25.5066,19.0933,14.9396,14.2355,11.6936,9.4985,12.4582,14.2525,15.2579,14.6519,6.8011,13.1658,12.3079,12.8122,18.7518,14.3787,14.1609,12.3052,11.8090,12.1610,10.7125,11.7821,15.4069,16.3933,10.3141,10.8888,12.7692,13.0640,12.2526,10.4040,8.0382,13.7407,12.9561,13.4110,12.0698,15.6444,21.4157,19.8301,12.8491,9.9557,11.8785,10.5532,17.1565,13.4937,17.9799,10.7698,16.7321,21.2600,21.5660,20.1267,9.1879,12.5649,13.6018,12.3023,12.7446,11.1465,11.5328,18.2059,14.3839,14.7240,19.9005,21.1689,16.2117,19.2197,12.2937,23.0634,13.6697,12.3215,14.7027,11.5375,14.2438,9.7270,11.2290,16.5264,15.0995,15.3045,8.3397,15.1639,11.6818,16.0344,19.3372,22.3827,20.3184,22.6989,16.4219,8.5783,11.0591,11.7169,13.1038,14.6666,19.4174,17.2380,16.4482,19.7981,14.1601,14.7224,13.2087,15.7310,12.8486,13.1373,16.3812,9.3362,10.9792,17.9012,14.3287,12.6686,13.6404,12.2411,13.4923,14.2194,10.0118,13.1994,15.6858,12.3376,11.8627,11.9428,18.8427,15.0034,14.5084,15.9964,15.5050,11.5189,16.0405,11.6653,14.8045,13.2613,7.5450,9.7211,11.4534,13.8829,13.3946,12.4837,9.4743,10.3060,9.2353,14.6082,13.0638,9.9212,9.9607,12.8686,8.9784,12.4416,9.3779,9.3608,9.3465,9.3356,9.3276,9.3225,9.3212,9.3231,9.3286,9.3373,9.3497,9.3652,9.3847,9.4079,9.4343,9.4641,9.4969,9.5332,9.5729,9.6156,9.6613,9.7102,9.7621,9.8171,9.8750,9.9360,9.9998,10.0666,10.1363,10.2090,10.2845,10.3628,10.4439,10.5278,10.6145,10.7039,10.7960,10.8907,10.9879,11.0877,11.1900,11.2947,11.4017,11.5110,11.6225,11.7360,11.8510,11.9661,12.0752,12.1620
45126.2083333,16.7099,24.5205,24.1049,24.3281,35.4495,21.6551,27.3473,21.2527,26.7020,20.1901,21.4698,21.8952,15.7165,22.2571,24.7400,24.0379,26.8927,25.6576,18.8047,18.6228,26.0972,19.1091,15.4236,20.3368,20.0122,29.5564,20.0064,16.6171,22.2833,17.3592,21.2532,20.1415,20.5098,19.8665,20.3457,18.3733,20.5749,20.9247,15.0894,20.1648,20.6587,17.6683,15.1299,15.8023,27.0844,21.2109,16.5909,15.4657,12.7881,10.2906,13.4549,15.3748,16.3139,15.6400,7.3235,14.5891,13.5243,13.7811,19.4969,14.9815,14.6223,12.7126,12.3744,12.8128,11.0248,12.1634,15.8549,16.6724,10.3789,10.9504,13.0210,13.5566,12.6318,10.5115,7.7756,14.1853,13.3235,13.9456,12.5844,15.9807,21.2366,19.7541,12.7477,9.6758,11.7526,10.3657,17.1625,13.3980,17.9502,10.4772,16.6387,21.0958,21.3549,20.0548,8.8410,12.3433,13.3959,11.9022,12.4225,10.7541,11.1579,17.9022,13.4758,13.8211,19.0565,20.3732,15.4062,18.4576,11.5197,22.8410,12.9881,11.6651,14.0655,10.8730,13.5892,9.0958,10.6119,15.9943,14.6165,14.8459,7.8447,14.7054,11.1959,15.7383,19.3981,22.7176,20.4266,22.7658,16.1247,8.1598,10.6189,11.2964,12.7613,14.4527,19.4707,17.2043,16.3627,20.0452,13.8774,14.5518,12.9453,15.7317,12.5902,12.8765,16.4666,8.9640,10.6725,18.1798,14.4087,12.5631,13.7175,12.2240,13.7870,14.9755,9.9000,13.4975,16.4466,12.5448,11.9716,12.1657,19.7727,15.6747,15.0370,16.7080,15.9870,11.7387,16.7709,12.0848,15.9090,14.1910,7.7105,10.0894,12.1841,15.0293,14.5049,13.2444,9.9681,10.9081,9.7575,15.4278,13.6858,10.3658,10.3959,13.3695,9.3164,12.9067,9.7549,9.7274,9.7017,9.6781,9.6563,9.6363,9.6187,9.6032,9.5901,9.5790,9.5706,9.5644,9.5611,9.5606,9.5626,9.5674,9.5748,9.5852,9.5987,9.6148,9.6340,9.6560,9.6810,9.7091,9.7400,9.7739,9.8107,9.8504,9.8929,9.9383,9.9864,10.0373,10.0908,10.1471,10.2059,10.2674,10.3314,10.3980,10.4671,10.5386,10.6126,10.6891,10.7679,10.8491,10.9326,11.0183,11.1058,11.1941,11.2784,11.3456
45126.2500000,14.8157,22.9158,22.4497,22.7404,34.3061,19.8599,26.0133,19.9111,25.7234,18.7367,20.1610,20.7476,14.3849,21.2699,24.2136,23.5731,26.7747,25.5940,18.0590,17.9837,26.2250,18.6483,14.7202,20.1101,19.8274,30.2547,19.9274,16.2484,22.8540,17.3150,22.3267,21.4100,22.2278,21.0991,21.7432,19.3830,22.0039,22.4649,15.8454,21.4146,21.9137,18.6786,15.9287,16.6570,28.1591,22.8246,17.7633,16.2873,13.5096,10.7427,14.1352,16.2127,17.1259,16.4002,7.6176,15.8102,14.5778,14.6257,20.1731,15.5115,15.0368,13.0881,12.9092,13.4511,11.3778,12.5901,16.3512,16.9862,10.4507,10.9696,13.1493,13.8538,12.7997,10.4211,7.4239,14.3302,13.3764,14.1301,12.7296,15.9470,20.7211,19.3073,12.2901,9.1064,11.2845,9.8657,16.7806,12.9382,17.5280,9.8830,16.1599,20.5447,20.7646,19.6007,8.2572,11.8302,12.8932,11.2586,11.8330,10.1350,10.5503,17.2941,12.3622,12.6843,17.8738,19.1948,14.2579,17.3191,10.4788,22.1390,12.0153,10.7575,13.1370,9.9797,12.6593,8.2713,9.7723,15.1389,13.8112,14.0606,7.1708,13.9433,10.4687,15.1041,19.0423,22.6052,20.1319,22.4373,15.5370,7.6063,10.0213,10.7164,12.2287,14.0052,19.2164,16.8910,16.0166,19.9614,13.3971,14.1579,12.5037,15.4689,12.1524,12.4353,16.2664,8.5024,10.2331,18.1382,14.2050,12.2303,13.5166,11.9656,13.7545,15.3152,9.5894,13.4522,16.7687,12.4093,11.7350,12.0114,20.2102,15.8487,15.0946,16.9179,16.0012,11.5452,17.0109,12.0688,16.5071,14.6496,7.5839,10.1316,12.5266,15.7575,15.2028,13.6389,10.1303,11.1704,9.9551,15.9101,13.9812,10.4921,10.5146,13.5574,9.3524,13.0685,9.8400,9.8184,9.7955,9.7719,9.7482,9.7245,9.7017,9.6797,9.6588,9.6390,9.6206,9.6035,9.5883,9.5748,9.5629,9.5529,9.5447,9.5385,9.5344,9.5322,9.5322,9.5343,9.5385,9.5451,9.5539,9.5651,9.5785,9.5944,9.6127,9.6334,9.6565,9.6822,9.7103,9.7409,9.7740,9.8096,9.8477,9.8883,9.9314,9.9770,10.0250,10.0755,10.1283,10.1836,10.2412,10.3010,10.3628,10.4257,10.4862,10.5341
45126.2916667,12.5920,20.6462,20.0570,20.2591,31.9564,17.0359,23.3134,17.3074,23.3198,16.0442,17.4948,18.1714,11.8551,18.9205,22.1799,21.6233,25.1094,24.0004,16.0605,16.1691,24.9973,16.9748,13.0253,18.7499,18.5175,29.5971,18.5291,14.7126,22.1132,16.1403,22.1397,21.3932,22.6234,21.0595,21.8188,19.1131,22.0773,22.5766,15.2255,21.2456,21.6224,18.1190,15.1091,15.9015,27.7542,22.8498,17.4428,15.7691,13.0050,10.0821,13.6966,15.8911,16.7714,15.9761,6.8071,15.8238,14.5251,14.4103,19.8065,14.9109,14.3107,12.3109,12.2669,12.9847,10.7878,12.1330,16.0661,16.6144,10.1926,10.7642,12.9813,13.6904,12.4394,9.8712,6.7700,13.8822,12.7138,13.4716,11.8723,14.7928,19.1206,17.5884,10.4750,7.2231,9.3321,7.9409,14.8652,10.9504,15.5256,7.8729,14.1026,18.4208,18.6331,17.5788,6.3505,9.9607,11.0571,9.3999,9.9575,8.2779,8.7228,15.3734,10.0772,10.3787,15.4539,16.7367,11.8811,14.9807,8.4678,20.3528,10.1858,9.1105,11.4866,8.4011,10.9662,6.7542,8.1580,13.3933,12.0635,12.3179,5.7241,12.3256,8.9485,13.5989,17.6492,21.3785,18.7417,21.0015,13.9088,6.2185,8.6067,9.3560,10.9173,12.7228,18.0245,15.6603,14.7961,18.9197,12.0581,12.9215,11.3200,14.4490,11.0347,11.3338,15.3098,7.4527,9.2094,17.3635,13.2397,11.1657,12.5527,11.0457,13.0670,14.9409,8.8253,12.8260,16.3530,11.5970,10.7781,11.0137,19.6709,14.9553,14.0631,15.9640,14.8868,10.2107,15.9899,10.8549,15.8260,13.9559,6.6061,9.3103,11.9659,15.5659,14.9602,13.1711,9.4291,10.5323,9.2344,15.3953,13.2775,9.5214,9.4243,12.4761,8.0779,11.8223,8.4618,8.4822,8.4989,8.5114,8.5195,8.5232,8.5240,8.5216,8.5168,8.5096,8.5009,8.4905,8.4792,8.4669,8.4537,8.4399,8.4257,8.4114,8.3974,8.3832,8.3696,8.3566,8.3443,8.3331,8.3229,8.3139,8.3059,8.2974,8.2930,8.2897,8.2881,8.2880,8.2893,8.2923,8.2971,8.3035,8.3124,8.3214,8.3321,8.3446,8.3586,8.3739,8.3908,8.4085,8.4257,8.4309,8.4466,8.4592,8.4669,8.4733
45126.3333333,8.1444,16.0877,15.7106,16.0006,27.8689,12.9820,19.3031,13.5342,19.7232,12.4938,13.9225,14.6287,8.5632,15.2166,18.6384,18.1756,21.8393,20.6782,12.6466,12.9259,22.1717,13.9482,10.1928,16.0558,15.8789,27.5400,15.9198,12.0591,20.0141,13.7458,20.4734,19.8665,21.4822,19.5044,20.3913,17.4714,20.8086,21.3575,13.4159,19.8765,20.1080,16.4099,13.1461,13.9865,26.1403,21.3326,15.5984,13.8629,11.0926,8.2029,11.9575,14.1948,15.0337,14.1801,4.9460,14.3667,13.0753,12.9256,18.3027,13.2148,12.5328,10.4519,10.4168,11.2396,9.0682,10.3726,14.3758,14.9767,9.0769,9.9959,12.4015,13.1520,11.7256,8.9247,5.9288,13.0739,11.6625,12.4186,10.5999,13.2665,17.3282,15.6200,8.4339,5.2856,7.0277,5.6358,12.2794,8.2600,12.6135,5.1463,10.9857,15.1299,15.2701,14.1694,3.3602,6.7532,7.8422,6.3532,6.8150,5.2264,5.6563,12.0545,6.3836,6.7339,11.5709,12.8301,8.1793,11.3034,5.2685,17.0919,7.2465,6.3459,8.7720,5.8991,8.3318,4.4851,5.6958,10.7500,9.4828,9.7685,3.6595,9.8758,6.6032,11.1520,15.1866,19.0531,16.3059,18.5530,11.3693,4.1615,6.3941,7.1303,8.6524,10.5367,15.7192,13.3631,12.5394,16.8581,9.9683,10.6906,9.1444,12.4037,9.0216,9.3747,13.4327,5.7365,7.4742,15.7557,11.5386,9.4446,10.8695,9.4028,11.5890,13.6920,7.5294,11.6038,15.2925,10.3113,9.3268,9.4410,18.5037,13.3686,12.4517,14.3536,13.2672,8.3827,14.2001,8.9213,14.0320,12.1634,4.7672,7.4354,10.1741,14.1140,13.5004,11.7752,7.7960,8.9449,7.6295,13.9816,12.0265,8.0938,7.8830,10.9096,6.3838,9.9636,6.2407,6.2141,6.1947,6.1806,6.1738,6.1696,6.1705,6.1736,6.1784,6.1840,6.1901,6.1960,6.2015,6.2063,6.2093,6.2112,6.2111,6.2090,6.2050,6.1993,6.1934,6.1820,6.1696,6.1557,6.1402,6.1235,6.1053,6.0860,6.0659,6.0447,6.0230,6.0007,5.9778,5.9550,5.9318,5.9082,5.8846,5.8592,5.8195,5.7780,5.7372,5.7003,5.6671,5.6336,5.5995,5.5652,5.5291,5.4919,5.4490,5.4169
45126.3750000,3.3817,10.7337,10.5252,10.8410,22.5524,8.1337,14.1594,8.7439,14.8924,8.0162,9.3861,10.1372,4.6592,10.1907,13.7316,13.5359,17.6177,16.3799,8.6590,8.8154,18.1031,9.8613,6.5066,12.2769,12.1984,24.1903,12.3297,8.6455,16.8839,10.5489,17.6902,17.2199,19.2890,16.9282,17.6712,14.4966,18.2780,19.0844,10.8091,17.6283,17.7353,14.0280,10.6120,11.5215,23.8427,18.9990,13.0178,11.2959,8.5409,5.8612,9.6549,11.5892,12.4229,11.3631,2.4837,11.6702,10.3698,10.2992,15.7140,10.5507,10.0143,7.6836,7.6382,8.5785,6.6632,7.8953,12.1313,12.3842,6.7464,8.3406,11.0648,11.9365,10.5265,7.5799,4.8985,11.9740,10.3854,11.1797,9.2015,11.7024,15.7214,13.8630,6.6284,3.8290,4.9138,3.6583,9.9077,5.8851,9.8694,2.7911,7.9558,11.7433,11.8855,10.6463,0.3282,3.2269,4.2395,3.0566,3.2940,2.0369,2.1262,8.0281,2.0371,2.5972,6.9693,8.0306,3.4276,6.5639,1.1452,12.5340,3.2928,2.6396,5.0721,2.6144,4.9570,1.6981,2.4847,7.1762,6.0573,6.3959,1.1081,6.9094,3.7697,8.0749,11.9477,15.9140,13.2109,15.4623,8.3622,1.9293,3.8927,4.5590,5.9957,7.8037,12.6927,10.4184,9.6791,14.1239,7.3409,7.9300,6.5399,9.8148,6.5952,6.9864,10.9847,3.7240,5.3414,13.4772,9.2478,7.2183,8.6239,7.2635,9.5539,11.7766,5.8883,9.9302,13.7328,8.6744,7.6056,7.5657,17.2017,11.4437,10.6197,12.4041,11.3656,6.5247,11.9823,6.8427,11.7061,9.8124,2.7461,5.1447,7.7338,11.9428,11.1898,9.7443,5.6133,6.7670,5.4875,11.9264,10.2783,6.3253,6.0690,9.0958,4.7355,8.0493,4.1123,4.1131,4.1070,4.0971,4.0839,4.0649,4.0450,4.0217,3.9959,3.9676,3.9375,3.9068,3.8760,3.8455,3.8161,3.7882,3.7614,3.7368,3.7136,3.6923,3.6720,3.6531,3.6346,3.6167,3.5988,3.5808,3.5622,3.5426,3.5216,3.4940,3.4257,3.3740,3.3149,3.2565,3.2016,3.1464,3.0909,3.0349,2.9801,2.9268,2.8756,2.8259,2.7786,2.7313,2.6838,2.6361,2.5869,2.5369,2.4792,2.4379
45126.4166667,-2.9073,3.6415,3.8572,4.1906,16.4118,1.0464,6.6207,1.8896,8.0476,0.9281,2.3957,3.4545,-0.8752,3.6116,7.2384,7.3567,11.6292,9.7731,3.0955,2.9070,12.4207,4.6361,1.9100,7.5111,7.4700,19.2901,6.0709,2.7763,10.8736,4.4473,11.5560,11.8967,14.2306,11.3846,11.6471,7.9297,11.0109,12.2256,4.7178,12.6055,11.8367,8.7532,5.5481,6.7977,20.2655,13.6486,7.4934,6.5024,4.4429,2.2781,6.5726,7.4553,7.5841,6.0822,-2.7352,6.0051,4.6139,5.0816,10.0278,3.8287,4.3472,1.4491,1.8277,3.3116,2.3673,3.6559,8.1089,7.7873,2.1495,5.2975,8.1920,8.5958,7.7245,4.8487,2.8330,10.0478,7.1020,8.8849,4.9804,6.9310,12.6193,9.7838,0.8189,-0.4938,-1.0141,-1.4633,4.8627,1.2120,4.6765,-0.7432,3.0908,5.4570,5.3360,3.6146,-5.9681,-3.7855,-2.2120,-2.5368,-2.3936,-2.3447,-3.1771,3.0550,-4.6805,-3.4451,0.1346,0.5595,-4.1757,-1.3620,-5.5584,5.5253,-2.9491,-3.1534,-0.6902,-2.3535,0.3455,-2.4512,-2.7184,1.5112,1.0062,0.6572,-3.8990,1.6854,-1.4451,2.9431,5.6619,9.7222,6.8562,9.0695,1.8963,-3.5261,-1.3374,-0.6722,0.7990,2.5409,6.9050,4.6701,4.7785,9.7870,3.0555,2.8954,2.0982,5.6102,2.4328,2.4899,6.4873,-0.2363,1.6179,9.2268,4.8075,2.1227,4.1088,3.0358,5.9691,8.4586,3.1156,7.0055,11.6102,5.2812,5.0204,3.7026,14.4979,7.9904,7.0135,7.3057,7.3689,2.2779,7.0188,2.7661,7.0807,5.3855,-0.9178,1.3353,3.5404,8.2268,7.1483,6.2266,1.3990,3.1748,1.2164,8.6011,6.6195,2.3828,1.8390,4.7707,0.5322,3.3937,-1.2908,-0.9181,-0.5720,-0.2556,0.0292,0.2770,0.4944,0.6774,0.8271,0.9449,1.0330,1.0946,1.1325,1.1499,1.1498,1.1351,1.1078,1.0703,1.0188,0.9102,0.5750,0.3330,0.0999,-0.1329,-0.3606,-0.5713,-0.7794,-0.9848,-1.1869,-1.3850,-1.5745,-1.7534,-1.9203,-2.0748,-2.2158,-2.3458,-2.4650,-2.5744,-2.6737,-2.7637,-2.8450,-2.9191,-2.9865,-3.0499,-3.1103,-3.1684,-3.2259,-3.2831,-3.3522,-3.4039
45126.4583333,-13.2209,-7.8012,-6.4972,-5.6217,8.5319,-9.1874,-3.8871,-7.1593,1.1182,-7.0395,-6.9139,-6.9672,-9.6426,-6.6339,-4.3787,-3.5354,3.9439,1.1738,-2.2556,-3.3780,4.7034,-3.5538,-5.5033,0.0501,0.8144,15.0502,-0.8269,-4.5881,5.0475,-2.3244,5.7247,4.8535,9.2535,6.9009,6.6502,1.3646,3.6329,1.2975,-7.0771,3.5511,1.5362,-3.3081,-5.9756,-3.9512,14.4313,6.1752,-1.0231,-1.1978,-2.6152,-3.5722,2.9773,4.3564,4.1220,2.9737,-5.6110,1.3965,-1.5980,1.1460,4.9800,-4.7002,-3.0559,-7.8080,-7.4244,-5.4464,-4.2261,-3.4499,1.9992,1.6513,-3.9519,0.3289,5.9690,5.1426,5.4170,0.5283,-0.6045,7.9344,1.9149,6.2804,-0.9319,1.4162,11.3262,7.0016,-4.4010,-4.7942,-7.4540,-7.1455,-1.7235,-6.9878,-0.6212,-6.3096,-2.9258,-0.4555,-0.6283,-3.0488,-11.7689,-11.8146,-10.5412,-9.7635,-10.1134,-8.1215,-9.9772,-4.1651,-12.8937,-10.6473,-7.3193,-7.1483,-11.6781,-10.7109,-14.8346,-3.5102,-10.4242,-9.5484,-7.5231,-9.7072,-5.6140,-7.4758,-10.0039,-6.4325,-5.5646,-5.8104,-10.2202,-4.4843,-8.6144,-4.0645,-3.7295,2.1443,-0.7973,2.0287,-5.1758,-10.2729,-7.7382,-7.3033,-5.1907,-2.5007,2.1779,-2.5319,-3.9031,2.4989,-2.6709,-2.4957,-5.2612,-0.6395,-3.4473,-4.7224,0.2874,-6.6862,-3.9854,5.2064,0.2038,-2.9492,0.0535,-2.2874,0.1946,3.3805,-1.0291,3.2367,8.2779,0.9795,0.7118,-1.5934,11.5150,5.0432,3.0199,1.9590,3.3609,-1.3074,2.9412,-1.7098,1.2812,-0.3120,-5.8670,-3.7047,-2.6919,3.2886,2.1402,2.3338,-3.8260,-0.7830,-4.1599,5.7371,3.5132,-0.7559,-1.4199,1.5610,-2.4294,-0.9083,-7.1696,-7.6733,-8.0975,-8.4246,-8.6424,-8.7524,-8.7526,-8.6620,-8.5000,-8.2877,-8.0443,-7.7856,-7.4681,-7.0542,-6.6943,-6.3525,-6.0656,-5.8403,-5.6602,-5.5609,-5.5019,-5.4947,-5.5314,-5.6045,-5.7076,-5.8280,-5.9717,-6.1352,-6.3150,-6.5082,-6.7093,-6.9148,-7.1220,-7.3287,-7.5324,-7.7333,-7.9298,-8.1211,-8.3055,-8.4822,-8.6504,-8.8100,-8.9605,-9.1027,-9.2370,-9.3632,-9.4821,-9.5934,-9.7097,-9.7911
45126.5000000,-22.0785,-19.1554,-16.4084,-13.5564,-0.9888,-20.1033,-17.7415,-21.1056,-9.9223,-15.2225,-15.1152,-17.9089,-18.7790,-16.2458,-14.9200,-17.9048,-9.5942,-14.0103,-16.7083,-17.7415,-6.4351,-15.1826,-14.7989,-9.9489,-7.9510,7.6197,-7.0725,-12.5977,-1.6192,-10.3921,-2.2033,-4.5993,0.8355,-1.0304,1.7433,-2.4097,0.8364,-1.7434,-12.5735,-1.0792,-4.1633,-12.6568,-17.5769,-15.6858,6.8525,-4.1294,-12.7556,-12.9132,-15.1602,-15.7078,-8.9038,-4.9191,-3.3931,-5.6195,-12.7605,-6.1611,-7.0366,-0.1949,4.0681,-5.5034,-5.0869,-12.3882,-15.7786,-14.5932,-12.9976,-11.9001,-4.0242,-3.9879,-11.8830,-6.9674,-1.3799,-2.4449,-1.1173,-3.5841,-3.6981,6.8149,0.2727,5.5810,-5.6626,-3.8723,11.5256,5.7671,-5.6909,-8.8778,-14.9242,-13.9264,-5.4003,-13.3335,-4.6757,-10.0783,-7.2820,-4.8372,-5.2980,-9.0508,-18.0627,-20.9279,-19.5882,-16.5948,-20.1826,-17.8795,-17.5402,-12.0746,-19.1714,-16.7078,-13.5478,-13.5088,-17.5440,-17.1254,-22.1529,-12.9611,-20.0099,-19.2719,-14.5318,-17.9562,-12.7932,-12.8803,-17.2109,-11.4421,-10.6155,-11.0353,-15.6662,-10.5414,-13.8603,-10.9386,-11.3739,-7.0609,-9.6790,-5.8168,-12.3601,-15.2659,-13.7902,-15.1279,-14.2918,-11.8749,-6.7917,-9.4335,-9.8459,-4.9189,-11.0220,-9.7716,-11.3706,-6.7906,-8.9191,-9.8017,-5.3428,-12.2405,-9.4667,0.1914,-7.9654,-9.8701,-7.3312,-8.5852,-5.7649,-3.4341,-5.7462,1.2767,5.1736,-0.6618,-4.2557,-5.9621,7.7036,0.6039,-2.8386,-4.5914,-2.7028,-4.9984,-1.7010,-6.5265,-4.8986,-6.3513,-10.7674,-9.3759,-9.8037,-3.1003,-3.7806,-1.9269,-9.2959,-4.6765,-8.6236,2.3372,0.1550,-3.8316,-4.3873,-1.1554,-4.5352,-3.7844,-9.0910,-9.5524,-10.0184,-10.4898,-10.9655,-11.4477,-11.9231,-12.3914,-12.8469,-13.2841,-13.6970,-14.0788,-14.3818,-14.5639,-14.7175,-14.8045,-14.8415,-14.8280,-14.7523,-14.6443,-14.4845,-14.2926,-14.0759,-13.8423,-13.5999,-13.3514,-13.1116,-12.8876,-12.6850,-12.5086,-12.3600,-12.2407,-12.1513,-12.0920,-12.0612,-12.0584,-12.0813,-12.1277,-12.1940,-12.2775,-12.3752,-12.4846,-12.6031,-12.7292,-12.8611,-12.9967,-13.1349,-13.2728,-13.4201,-13.5251
45126.5416667,-28.7117,-27.7106,-23.1327,-19.5134,-7.5010,-23.5103,-23.3952,-30.2239,-19.2585,-21.8756,-22.1397,-25.2056,-25.2944,-24.0205,-23.4666,-26.4145,-19.8852,-24.0646,-25.4396,-27.4244,-17.6270,-27.9886,-26.5285,-25.5193,-19.9362,-3.9180,-16.3547,-21.4883,-9.3952,-18.8860,-7.9884,-11.3142,-5.1773,-4.3129,-2.2789,-7.0791,-3.6731,-6.0382,-18.1592,-4.7611,-7.1075,-14.1928,-22.5235,-21.5706,3.2390,-11.6152,-19.4079,-18.5964,-22.7445,-23.7666,-16.2050,-14.5848,-13.6171,-14.7775,-21.2947,-19.3442,-18.7488,-7.6120,-0.2272,-8.8983,-8.3287,-14.2447,-21.0747,-20.0909,-17.7392,-16.6192,-9.4078,-9.4667,-19.9600,-13.6240,-6.8119,-10.3022,-11.7942,-12.8828,-11.2927,1.6658,-3.4729,3.0840,-8.7308,-6.8903,14.5182,7.9745,-3.1419,-6.2685,-17.0332,-15.1132,-6.8586,-17.2164,-7.6047,-12.3130,-9.7552,-7.0299,-7.4562,-12.1811,-19.0661,-22.6451,-22.1867,-16.5026,-22.4414,-21.2024,-21.9412,-19.1554,-24.4797,-22.5170,-20.0278,-20.1305,-23.3775,-23.4712,-28.8219,-21.5810,-26.2916,-25.4147,-19.5684,-21.5681,-18.4794,-17.2436,-24.4638,-17.8027,-17.5210,-16.4263,-20.2665,-17.1274,-19.2404,-17.1973,-16.8259,-12.5258,-15.2153,-10.8889,-16.9259,-17.5836,-17.4053,-18.2128,-20.3780,-19.3336,-12.0329,-15.6832,-15.8282,-10.7264,-15.5017,-15.5333,-16.8133,-12.9106,-14.3069,-14.9299,-11.1002,-16.6132,-14.8491,-5.1409,-15.6648,-16.4711,-14.2054,-16.1358,-13.4626,-12.3427,-11.8902,-2.7640,0.4371,-3.4718,-6.6852,-9.9695,4.2719,-2.6441,-5.3295,-6.2642,-3.0297,-6.2803,-4.7923,-10.1082,-10.8299,-12.2362,-14.3479,-14.3016,-14.8740,-9.2602,-10.0591,-7.1388,-14.7760,-10.0642,-12.6999,-1.7104,-3.5325,-6.9045,-7.1996,-3.6920,-6.2617,-6.1406,-10.4909,-10.7665,-11.0623,-11.3736,-11.6962,-12.0315,-12.3671,-12.7058,-13.0459,-13.3866,-13.7266,-14.0641,-14.3684,-14.6117,-14.8618,-15.0930,-15.3172,-15.5334,-15.7310,-15.9278,-16.1052,-16.2711,-16.4242,-16.5625,-16.6841,-16.7835,-16.8643,-16.9252,-16.9652,-16.9838,-16.9799,-16.9535,-16.9058,-16.8386,-16.7539,-16.6556,-16.5466,-16.4306,-16.3108,-16.1904,-16.0728,-15.9612,-15.8581,-15.7664,-15.6880,-15.6243,-15.5764,-15.5441,-15.5422,-15.5340
45126.5833333,-30.2777,-27.0612,-23.3942,-18.7428,-7.1640,-20.6455,-22.9557,-29.6644,-21.5116,-22.1526,-23.3277,-27.1682,-26.6678,-27.1326,-27.5255,-30.3494,-25.2988,-28.9323,-28.4350,-30.8658,-22.7527,-33.5498,-28.1207,-33.4383,-25.9758,-11.8704,-25.9506,-29.5541,-17.5315,-26.8621,-18.5326,-20.9187,-13.4097,-6.7434,-2.9280,-7.3707,-3.5250,-5.8248,-19.3395,-4.8726,-6.7872,-12.7955,-23.9605,-24.2284,1.9426,-14.7886,-20.9651,-18.8523,-23.8492,-24.9889,-17.6513,-17.3276,-16.5949,-16.9436,-21.9814,-27.4874,-26.8728,-17.0095,-5.1082,-12.4901,-11.4786,-16.0012,-25.3877,-25.3076,-22.1376,-17.1531,-11.8154,-12.4564,-25.6991,-18.6246,-10.6453,-11.4013,-12.1311,-18.2796,-15.6273,-4.0900,-8.9968,-5.8173,-15.8296,-13.1639,12.7977,6.6680,-3.3960,-5.8803,-18.9982,-13.5228,-5.7202,-14.1312,-5.6800,-9.7424,-7.7521,-5.0903,-5.6475,-11.2889,-16.2374,-20.2650,-20.0818,-12.2142,-19.2422,-18.3381,-19.4046,-18.4943,-22.2719,-20.7474,-19.2488,-19.9507,-22.8908,-24.1875,-29.4959,-26.7887,-29.7304,-28.9839,-22.6080,-23.0613,-21.3400,-18.5445,-27.8643,-21.4691,-24.1095,-19.3937,-20.8984,-19.7856,-20.7834,-20.3088,-23.8097,-17.4119,-18.9222,-13.5918,-18.3854,-16.6186,-19.6041,-18.7984,-22.6408,-22.6494,-13.7470,-17.8385,-20.9623,-14.1095,-16.6847,-17.0945,-17.7424,-14.0806,-14.4119,-15.4438,-13.0341,-16.3712,-15.7689,-7.2301,-19.7766,-20.0644,-17.1494,-20.0222,-18.4706,-19.7365,-16.7015,-7.3446,-4.7092,-6.6138,-8.9954,-13.1428,1.3003,-4.8054,-6.4623,-6.4843,-1.9504,-5.4911,-4.9424,-10.3095,-12.9483,-14.5608,-14.6043,-15.9219,-17.1717,-12.9156,-13.7776,-9.6493,-15.2201,-12.2032,-14.1041,-3.9319,-5.4780,-8.3085,-8.5988,-5.2103,-7.0118,-7.5815,-11.1113,-11.2407,-11.3703,-11.5006,-11.6321,-11.7712,-11.9086,-12.0508,-12.1992,-12.3551,-12.5193,-12.6917,-12.8512,-12.9785,-13.1218,-13.2629,-13.4100,-13.5623,-13.7120,-13.8718,-14.0287,-14.1886,-14.3509,-14.5149,-14.6797,-14.8421,-15.0048,-15.1670,-15.3278,-15.4862,-15.6403,-15.7886,-15.9299,-16.0630,-16.1867,-16.3005,-16.4034,-16.4945,-16.5729,-16.6380,-16.6892,-16.7266,-16.7501,-16.7605,-16.7584,-16.7448,-16.7211,-16.6889,-16.6682,-16.6289
45126.6250000,-25.7956,-21.9995,-18.1200,-16.6603,-2.0294,-13.4740,-17.4377,-26.6655,-17.2845,-16.3600,-18.5475,-22.8622,-21.6875,-24.0211,-25.7346,-27.8323,-25.4235,-29.6226,-27.8507,-30.5374,-25.0419,-35.1284,-28.4616,-32.6071,-28.5850,-14.8540,-29.5755,-31.0528,-21.4539,-28.8066,-24.9117,-27.5343,-21.6344,-13.6976,-8.4705,-9.2278,-3.3506,-4.4280,-18.4064,-2.9678,-4.9873,-9.5871,-20.2140,-19.2451,2.9342,-16.4578,-21.4610,-18.3294,-23.3124,-20.8550,-16.5033,-18.0998,-17.9323,-17.6996,-20.7224,-30.6014,-29.6133,-21.3367,-7.5215,-14.6374,-14.0286,-17.9184,-28.7436,-29.0144,-25.0312,-20.4045,-13.4571,-12.1622,-27.8789,-21.3582,-12.6103,-14.6387,-14.2134,-17.4693,-10.4672,-4.0628,-7.9714,-8.1574,-17.1573,-10.0347,13.1421,6.4109,-3.4026,-5.5842,-17.1169,-13.7024,-7.9044,-15.5450,-8.3351,-11.6173,-9.5322,-5.9440,-5.4014,-10.2973,-14.9962,-15.9504,-13.5297,-3.4076,-11.0369,-10.9936,-13.0881,-14.0529,-16.8688,-16.1746,-14.5831,-16.0300,-18.6958,-21.0789,-25.9177,-27.0300,-28.2159,-27.8400,-21.3576,-20.8874,-20.7902,-17.6483,-24.8153,-21.8833,-27.1458,-23.6192,-20.4254,-20.9024,-20.7049,-21.0467,-24.8178,-21.8082,-23.1340,-17.4862,-20.9803,-17.8170,-19.1608,-20.4875,-23.8719,-24.1279,-14.9348,-19.3917,-22.1442,-17.2012,-17.8116,-18.5676,-17.8581,-16.2564,-15.1528,-13.8544,-11.9141,-14.3897,-14.3707,-5.2636,-18.2243,-17.6037,-15.4972,-18.0249,-18.5680,-22.3801,-15.3816,-9.1348,-7.7664,-8.6490,-10.6840,-15.7352,-2.2187,-10.3232,-8.5461,-7.9911,-2.6392,-6.2683,-6.1055,-13.0774,-14.0308,-14.9313,-13.0248,-14.7748,-16.7632,-13.9421,-15.0064,-10.1486,-14.2070,-12.4187,-13.4969,-4.3715,-5.8780,-8.3547,-8.7422,-5.6565,-6.9222,-8.0631,-10.9998,-11.0974,-11.1891,-11.2765,-11.3611,-11.4505,-11.5346,-11.6201,-11.7080,-11.7992,-11.8938,-11.9913,-12.0763,-12.1349,-12.2012,-12.2622,-12.3245,-12.3878,-12.4478,-12.5142,-12.5789,-12.6473,-12.7201,-12.7976,-12.8803,-12.9665,-13.0589,-13.1575,-13.2621,-13.3724,-13.4871,-13.6057,-13.7272,-13.8511,-13.9766,-14.1033,-14.2306,-14.3578,-14.4841,-14.6088,-14.7311,-14.8506,-14.9664,-15.0783,-15.1857,-15.2879,-15.3845,-15.4739,-15.5716,-15.6235
45126.6666667,-27.0403,-25.2176,-20.9006,-19.0562,0.5230,-12.0624,-10.6417,-20.3059,-12.0615,-8.9994,-8.9929,-11.2185,-8.9230,-12.6248,-15.7390,-16.8382,-13.4193,-17.9560,-16.2288,-22.0157,-16.7159,-26.8677,-22.1150,-25.8347,-26.1311,-13.0818,-28.3416,-29.3582,-24.3942,-28.6704,-28.1908,-30.6238,-25.5217,-17.3995,-12.6027,-10.9735,-5.9506,-5.3671,-15.3712,0.1200,3.6755,-2.9863,-10.2892,-7.1673,12.5735,-9.7183,-14.3518,-11.2874,-17.4023,-15.1247,-10.6956,-13.0532,-13.3618,-12.4245,-14.5717,-29.7672,-29.4328,-22.2957,-5.8162,-11.2060,-9.7351,-14.5612,-25.5569,-27.3936,-24.2491,-21.9876,-17.5159,-12.7420,-27.8055,-20.9020,-13.5908,-15.9126,-15.1955,-16.1183,-8.6393,-4.7830,-4.8338,-6.7053,-13.5486,-2.2301,20.0580,13.8263,1.2252,0.0755,-5.1590,-5.2325,3.0006,-3.7155,2.5900,-0.8784,-0.1102,3.9063,3.2713,-3.4693,-10.3574,-13.3681,-11.9760,-2.7282,-8.5772,-4.9447,-7.1829,-4.8575,-10.0600,-10.9519,-6.9109,-7.4199,-11.5138,-11.4968,-16.4992,-20.5792,-21.3125,-21.5468,-17.8480,-16.4184,-14.5963,-12.8285,-18.9550,-15.5086,-22.0211,-20.1012,-15.7007,-17.1820,-18.4269,-20.5053,-22.0556,-18.9300,-20.2685,-15.0026,-18.0929,-15.2877,-18.3260,-19.6718,-24.0432,-25.2237,-15.5112,-19.3672,-20.9595,-17.4621,-17.9428,-19.1916,-17.3993,-17.3129,-15.6434,-12.5157,-10.2348,-12.2714,-13.5851,-4.2418,-17.3776,-16.2381,-15.3176,-15.7035,-15.8773,-20.1521,-12.3046,-8.6896,-5.1210,-4.6186,-5.8032,-12.0522,1.5049,-7.9520,-4.0838,-2.9425,2.9737,-2.4860,-1.8565,-10.7604,-11.9117,-14.0260,-10.0339,-12.9576,-14.1521,-11.9204,-12.8345,-7.2610,-10.0413,-10.3777,-11.1679,-0.7140,-1.6306,-3.5733,-3.8017,-0.7669,-1.7329,-3.1461,-5.8054,-6.0418,-6.2961,-6.5621,-6.8335,-7.1109,-7.3768,-7.6323,-7.8734,-8.0976,-8.3030,-8.4887,-8.6442,-8.7611,-8.8656,-8.9510,-9.0243,-9.0876,-9.1398,-9.1896,-9.2327,-9.2738,-9.3142,-9.3549,-9.3967,-9.4386,-9.4829,-9.5299,-9.5798,-9.6326,-9.6880,-9.7459,-9.8061,-9.8687,-9.9336,-10.0012,-10.0716,-10.1446,-10.2203,-10.2986,-10.3793,-10.4625,-10.5478,-10.6353,-10.7249,-10.8160,-10.9081,-10.9990,-11.1014,-11.1514
45126.7083333,-23.3154,-24.7103,-21.1497,-19.9426,-3.4659,-12.9778,-12.2534,-19.2102,-10.5142,-8.4934,-8.7960,-10.4764,-7.7327,-10.6782,-13.0187,-12.4941,-7.8418,-9.5180,-5.8681,-9.3277,-5.6570,-12.8893,-8.1898,-12.7016,-13.5861,-2.4510,-17.3443,-18.2618,-18.3310,-22.0670,-25.5783,-29.6977,-27.3788,-19.9936,-15.7594,-14.1154,-8.1711,-7.8173,-17.2079,-4.1934,-0.5781,-5.0993,-10.2468,-6.4254,16.4451,-2.5364,-6.1380,-1.4127,-7.2232,-4.5545,-1.7856,-2.5377,-3.2034,-4.0522,-4.2496,-20.9319,-21.4261,-15.9746,-0.2878,-6.7341,-5.5517,-9.4318,-18.8116,-21.3023,-16.7939,-17.6427,-15.3377,-12.1124,-25.6507,-20.3947,-14.9801,-15.5102,-16.1129,-16.4619,-9.0814,-5.5568,-6.0423,-7.3051,-11.8373,0.4405,21.4276,15.6314,1.8077,0.8249,-1.1627,-2.6275,7.0796,1.4990,7.9902,3.1780,4.8623,11.8682,12.4172,5.9402,-0.4689,-3.1978,-2.3579,5.1635,-0.0704,2.2899,0.2326,3.1333,-3.1542,-2.8091,0.1748,-0.0410,-5.5298,-4.5745,-8.9930,-13.2787,-12.6538,-12.9453,-10.7262,-8.9500,-8.3626,-6.0700,-11.4380,-10.0761,-15.3787,-14.2736,-9.2871,-11.4636,-13.0563,-15.4261,-19.0006,-16.2595,-16.9266,-11.7234,-13.6804,-10.1683,-13.3359,-14.0859,-18.9683,-21.1578,-13.5456,-17.4549,-18.8171,-16.8681,-16.2536,-17.9503,-17.4262,-17.5724,-15.8376,-12.7834,-12.3829,-11.7402,-12.7544,-5.2299,-15.8559,-14.2989,-13.9061,-13.6456,-13.9910,-17.5439,-8.3623,-5.8113,-3.4035,-3.4910,-4.1292,-8.1809,4.0430,-4.4124,-0.8237,0.6393,6.1357,-1.1795,1.1198,-7.3686,-8.7474,-10.4282,-6.5436,-9.0080,-11.2728,-9.0574,-9.7365,-4.2478,-6.2765,-6.7648,-8.2404,1.7206,1.0098,-0.7783,-0.9284,2.0947,1.1031,0.2427,-2.1098,-2.0816,-2.0591,-2.0438,-2.0373,-2.0481,-2.0656,-2.0979,-2.1467,-2.2134,-2.2987,-2.4019,-2.5148,-2.6286,-2.7588,-2.8965,-3.0422,-3.1931,-3.3438,-3.4966,-3.6448,-3.7886,-3.9267,-4.0576,-4.1806,-4.2942,-4.3996,-4.4970,-4.5869,-4.6698,-4.7462,-4.8168,-4.8823,-4.9437,-5.0017,-5.0572,-5.1111,-5.1639,-5.2161,-5.2683,-5.3207,-5.3737,-5.4276,-5.4828,-5.5394,-5.5975,-5.6570,-5.7164,-5.7918,-5.8227
45126.7500000,-17.2709,-20.6688,-17.8751,-17.3400,-4.0322,-11.3363,-11.8808,-17.2498,-10.3024,-8.0376,-8.5806,-10.0858,-7.3948,-10.1395,-12.3032,-11.7888,-7.7546,-8.6004,-4.9209,-7.0557,-3.7753,-8.8347,-4.1895,-7.4839,-7.4659,4.3776,-7.9430,-7.9356,-9.1194,-11.5246,-17.0220,-21.8635,-22.1495,-16.5469,-14.2366,-13.6143,-9.0301,-7.5554,-15.5376,-5.1552,-2.4526,-6.3478,-10.5758,-7.3844,16.2887,-1.0703,-3.8121,1.9059,-2.9325,-0.3303,2.1638,2.7588,4.0703,2.5860,2.1771,-12.1097,-12.3649,-7.8518,5.5741,-0.3329,0.4156,-3.1240,-11.3909,-14.1950,-9.8929,-11.3523,-9.1861,-7.7990,-21.2440,-18.2561,-14.8415,-15.5285,-15.9764,-15.7590,-8.6355,-7.1128,-7.3865,-8.0722,-11.3835,1.4910,19.9541,15.2605,2.7463,1.8914,1.1220,-0.2788,9.6029,5.0512,11.0833,6.0148,8.2561,16.6039,16.4341,10.4225,3.9484,2.0796,2.8794,8.9900,4.9178,6.5413,5.2050,9.6564,3.5473,4.3240,6.8074,7.5642,2.1718,3.8044,-0.8267,-5.0822,-4.7339,-5.7983,-4.5841,-3.1062,-3.1578,-1.0247,-5.5655,-5.2902,-9.5448,-8.9173,-4.3152,-5.8960,-7.5658,-9.7609,-13.2215,-10.8616,-11.0310,-5.7848,-7.7751,-4.4941,-7.7507,-8.5666,-12.9839,-15.6891,-9.6757,-13.2261,-14.3467,-13.4765,-12.0399,-14.5655,-14.1686,-15.4834,-13.5744,-10.9737,-12.3330,-10.2755,-11.9459,-7.5337,-15.5574,-13.9854,-14.2637,-13.4314,-13.9422,-16.9700,-7.1919,-6.2785,-4.5113,-4.0970,-3.9812,-6.2556,5.2712,-2.6668,0.8016,2.9378,8.0210,1.1495,4.5897,-3.1881,-4.6918,-5.9546,-2.7845,-4.7300,-7.3796,-5.7829,-6.0016,-0.5468,-2.1625,-2.6644,-4.4569,4.1665,4.3864,2.6239,2.5228,5.5279,4.2865,4.0303,1.4407,1.6706,1.8907,2.0932,2.2686,2.4068,2.4942,2.5222,2.4903,2.3806,2.2047,1.9546,1.6759,1.5028,1.3954,1.3314,1.2901,1.2594,1.2332,1.2030,1.1690,1.1275,1.0774,1.0184,0.9503,0.8741,0.7894,0.6969,0.5977,0.4930,0.3842,0.2727,0.1598,0.0469,-0.0649,-0.1748,-0.2817,-0.3851,-0.4844,-0.5792,-0.6693,-0.7547,-0.8355,-0.9120,-0.9845,-1.0534,-1.1187,-1.1796,-1.2525,-1.2782
45126.7916667,-9.3500,-13.8061,-11.8013,-11.8021,-1.2444,-7.0247,-8.5304,-12.7934,-7.9242,-5.6706,-6.5051,-8.0796,-5.6539,-8.1477,-10.5783,-10.3108,-7.2525,-7.9382,-4.4748,-6.1947,-3.8200,-7.6328,-3.7552,-6.5596,-6.3606,4.2265,-5.9936,-5.2990,-5.9459,-6.5971,-10.9699,-14.7724,-15.1268,-9.8799,-8.3528,-8.0546,-5.0609,-3.7997,-10.4442,-2.7381,-0.9882,-4.4891,-8.1210,-5.7495,15.9433,-0.5264,-2.8735,2.2214,-1.6397,0.5389,2.8744,3.9473,6.3143,5.1631,3.9132,-6.8536,-6.5348,-2.3559,9.6093,4.4202,5.1807,2.2359,-4.6010,-7.2091,-3.3395,-4.9421,-2.9514,-2.4010,-15.1275,-13.9705,-12.3134,-13.6632,-14.1980,-13.9078,-7.3605,-7.7304,-7.9993,-8.5622,-11.2243,-0.0857,16.7502,12.6801,1.5865,0.8770,0.4291,-0.4745,8.5035,4.5534,10.4286,5.4723,8.5135,16.6799,16.9996,11.9721,5.4813,4.8789,5.8523,10.6489,7.6418,8.6677,7.9168,13.2402,7.3966,8.3805,11.1611,12.1262,7.3527,9.5896,5.4983,3.0394,3.0882,1.8230,2.5867,3.4054,3.1814,4.4539,0.8749,0.6876,-2.9761,-2.8637,0.3375,-1.2457,-2.5170,-4.7203,-7.9897,-6.2880,-6.1056,-0.9678,-2.6535,0.0988,-2.2825,-3.1052,-6.6509,-9.1463,-4.6724,-7.3309,-8.1205,-7.9742,-6.2225,-9.0285,-8.8458,-10.8573,-9.0956,-7.2812,-9.5827,-6.7911,-8.7936,-6.9792,-13.0320,-11.5227,-12.5140,-11.9893,-13.2909,-16.5267,-7.3338,-7.3398,-6.2513,-5.3861,-4.8286,-6.4459,3.2586,-3.2498,-0.0503,1.9696,6.3393,0.7570,4.3905,-1.7086,-2.6835,-2.9983,-0.2843,-1.3794,-3.4837,-2.1792,-2.2123,2.8464,1.4211,1.2066,-0.2154,7.0946,7.7518,5.9677,5.9995,9.0579,7.4021,7.8981,4.9371,5.0636,5.1958,5.3330,5.4763,5.6241,5.7791,5.9394,6.1052,6.2658,6.4288,6.5881,6.7383,6.8910,7.0281,7.1493,7.2502,7.3280,7.3788,7.3962,7.3800,7.3275,7.2403,7.1144,6.9540,6.7646,6.5469,6.3029,6.0797,5.8916,5.7360,5.6074,5.4996,5.4070,5.3245,5.2481,5.1747,5.1019,5.0282,4.9528,4.8751,4.7949,4.7125,4.6280,4.5420,4.4550,4.3680,4.2831,4.1875,4.1418
45126.8333333,-0.7431,-5.1701,-3.8021,-4.1362,4.4379,-0.5467,-2.5234,-6.3192,-3.0098,-1.0799,-2.1170,-3.7958,-1.8999,-4.1892,-6.8696,-7.0124,-5.0103,-5.9083,-2.9196,-4.5437,-3.0662,-5.9539,-2.8540,-5.4306,-5.3035,3.7038,-4.9277,-4.2239,-5.0670,-5.1441,-8.9440,-11.8298,-11.7513,-6.3269,-4.6080,-3.7925,-1.0388,0.2633,-4.8866,1.3606,2.7697,-0.2826,-3.3710,-1.6709,17.2383,1.7678,-0.6284,3.4586,-0.0395,1.5504,3.5108,4.4956,6.6541,5.7674,3.6918,-4.2713,-3.6493,0.1516,11.0712,6.5353,7.4101,5.0352,-0.4359,-2.5170,0.8986,-0.3047,1.8497,2.4154,-8.7157,-8.5708,-8.0185,-9.7595,-10.4258,-10.4257,-4.6784,-6.3977,-6.8010,-7.5014,-9.7110,-0.2611,14.7881,11.1847,1.3464,0.7130,0.3207,-0.4020,7.3535,3.7612,9.1292,4.3315,7.6316,15.2952,15.8317,11.5164,4.8825,5.0908,6.1693,9.8652,7.7788,8.3827,8.1293,13.8666,9.7350,10.6569,13.8159,14.9002,10.4353,12.6927,8.6130,8.2879,7.9879,7.1169,8.0838,8.2943,8.5406,8.7106,6.4391,6.7516,3.7029,3.6430,5.0997,4.3463,2.9501,0.9717,-2.2340,-1.2710,-1.2966,2.9651,1.3450,2.9352,1.4448,0.8073,-1.8222,-3.8727,-0.6209,-2.7175,-3.1088,-2.9647,-1.1190,-3.4268,-3.2668,-5.2526,-3.6796,-2.4964,-4.9390,-2.2463,-4.1723,-3.8897,-8.4983,-7.2162,-8.7047,-8.6520,-10.7144,-14.3366,-5.9669,-6.7764,-6.4453,-5.2815,-4.5452,-5.9511,1.5980,-3.6469,-0.9323,0.8351,4.4866,-0.0103,3.2097,-1.5590,-2.2496,-2.1502,0.0784,-0.1414,-1.5030,-0.1727,0.0862,4.4277,3.1030,3.1905,2.2129,8.7867,9.4192,7.5970,7.8101,11.0071,8.9295,10.3225,7.3793,7.5246,7.6662,7.8040,7.9392,8.0705,8.2006,8.3288,8.4589,8.5841,8.7115,8.8388,8.9645,9.0997,9.2336,9.3690,9.5057,9.6423,9.7795,9.9151,10.0496,10.1816,10.3102,10.4317,10.5458,10.6522,10.7463,10.8281,10.8940,10.9443,10.9768,10.9897,10.9820,10.9528,10.9020,10.8300,10.7380,10.6274,10.5007,10.3616,10.2142,10.0650,9.9192,9.7803,9.6505,9.5308,9.4214,9.3229,9.2234,9.1735
45126.8750000,7.4550,3.9915,4.8810,4.4323,11.9083,6.9900,5.2552,1.4075,3.8572,5.1625,4.1621,2.5447,3.6507,1.7841,-0.8954,-1.4326,-0.2948,-1.4807,0.7916,-0.8796,-0.1188,-2.4625,-0.2219,-2.6306,-2.7103,4.8091,-2.5616,-2.0413,-3.2347,-3.1844,-6.9301,-9.4395,-9.5371,-4.4698,-2.7840,-1.7192,0.9976,2.6072,-1.3671,4.3547,5.9330,3.4660,1.0058,2.4822,19.5652,5.6611,3.2976,6.4555,3.2075,4.1466,5.8492,6.6997,8.4696,7.6204,4.7452,-1.1427,-0.7185,2.4582,12.2262,8.0640,8.8649,6.8343,2.4751,0.8174,3.6024,2.8064,5.0732,5.9312,-3.1789,-3.3006,-3.1763,-4.8873,-5.5170,-5.6701,-0.9758,-3.1278,-3.5775,-4.3782,-6.1737,1.8458,15.1707,12.0311,3.3075,2.6795,2.4129,1.7535,8.4408,5.1211,9.9363,5.2193,8.5203,15.4956,15.9860,12.1471,5.3348,5.9325,6.9079,9.5861,8.1274,8.3060,8.2553,14.0040,11.5342,12.3774,15.8905,17.1045,12.8110,15.1511,10.7384,12.2086,10.8161,10.0346,11.2801,10.8482,11.7206,10.7626,9.7361,11.0418,8.6184,8.6950,8.4305,9.3162,7.7705,6.7455,4.1787,4.8677,4.5974,8.1018,6.1922,6.1819,5.4001,4.7834,2.7644,1.0536,3.4977,1.6208,1.2152,1.2795,2.6800,0.9252,1.0444,-0.5190,0.7819,1.6386,-0.2961,1.7462,0.3718,0.2855,-3.2137,-2.1535,-3.6483,-3.8602,-6.2459,-10.0301,-2.8181,-4.0519,-4.2800,-3.0238,-2.3033,-3.5423,2.1568,-2.0618,0.0991,1.5594,4.5005,0.8415,3.4816,-0.4100,-1.1949,-1.1524,0.4632,0.6448,-0.2858,0.9631,1.3662,4.9101,3.6785,4.0184,3.3416,9.3757,9.7939,7.9033,8.2551,11.5464,9.1030,11.3098,8.5187,8.7635,8.9987,9.2239,9.4399,9.6457,9.8438,10.0340,10.2194,10.3954,10.5671,10.7330,10.8924,11.0532,11.2080,11.3591,11.5067,11.6504,11.7914,11.9287,12.0638,12.1964,12.3273,12.4550,12.5805,12.7051,12.8268,12.9469,13.0639,13.1794,13.2924,13.4025,13.5092,13.6120,13.7101,13.8027,13.8891,13.9682,14.0393,14.1013,14.1528,14.1939,14.2238,14.2419,14.2477,14.2413,14.2229,14.1942,14.1485,14.1264
45126.9166667,12.7492,10.9519,11.5806,11.1904,18.3262,12.8159,11.9167,8.0228,10.3189,10.7338,10.0035,8.6646,8.8081,8.0269,5.7246,4.9613,5.6127,4.2046,5.5210,3.9129,4.4349,2.2079,3.5534,1.5593,1.2442,7.5036,0.8942,1.0837,-0.2786,-0.3620,-4.0078,-6.3598,-6.8738,-2.5206,-1.1896,-0.2726,2.0889,3.6327,0.3279,5.6446,7.2469,5.1286,3.1111,4.5054,20.5015,8.4927,6.3469,8.9241,6.1488,6.4913,8.3241,9.3089,10.8558,10.0404,6.2408,2.5966,2.8024,5.3382,13.9551,9.8705,10.4043,8.4799,4.9699,3.6254,5.6730,5.1692,7.4104,8.3767,0.9209,0.8740,0.9319,-0.5571,-1.0798,-1.1666,2.3231,0.5674,0.1052,-0.7339,-2.2492,4.5215,16.2076,13.3940,5.4668,4.6890,4.6643,4.0113,10.0329,6.9025,11.3430,6.5712,9.9898,16.3501,16.7732,13.3821,6.3276,7.3196,8.2017,9.9859,8.9775,8.7728,8.8071,14.4978,12.6103,13.3585,17.1547,18.4327,14.1757,16.6973,11.9307,15.1531,12.5048,11.6755,13.1548,12.0495,13.4155,11.4181,11.2688,13.4989,11.4467,11.6032,9.6422,12.2344,10.4222,10.6303,9.0820,10.0299,9.6743,12.7688,10.4513,8.7373,8.8626,8.5016,7.1956,5.9662,8.0603,6.1858,5.5986,5.6148,6.1416,4.7180,4.5587,3.4041,4.1427,4.7017,3.3696,4.2642,3.5122,3.7734,0.9533,1.7245,0.5592,0.3740,-1.6646,-5.0504,0.7050,-0.4322,-0.9006,0.1461,0.7473,-0.3213,4.1170,0.5766,2.1603,3.3213,5.5743,2.4269,4.6647,1.3161,0.5414,0.4385,1.3796,1.7578,1.0703,2.0992,2.4075,5.1324,3.8390,4.2527,3.6668,9.1621,9.2582,7.2273,7.5720,10.7952,8.0428,10.7280,8.0089,8.2884,8.5675,8.8451,9.1207,9.3927,9.6616,9.9265,10.1883,10.4430,10.6935,10.9378,11.1748,11.4096,11.6364,11.8566,12.0700,12.2759,12.4753,12.6672,12.8527,13.0317,13.2048,13.3711,13.5315,13.6870,13.8367,13.9816,14.1212,14.2568,14.3882,14.5158,14.6398,14.7602,14.8774,14.9913,15.1022,15.2102,15.3152,15.4174,15.5163,15.6124,15.7055,15.7955,15.8821,15.9650,16.0438,16.1177,16.1766,16.2324
45126.9583333,15.4811,15.5465,16.0039,15.7486,23.0706,16.5660,16.7526,12.7010,15.2553,14.6143,14.2577,13.2811,12.3345,12.9698,11.3944,10.6431,11.3177,9.9022,10.0959,8.6933,9.6152,7.1222,7.5505,6.3331,5.8692,11.4896,5.1754,4.8879,3.7424,3.2308,-0.1030,-2.4085,-3.3388,0.2015,1.1109,1.6865,3.6075,4.8595,1.7995,6.6902,8.1215,6.1115,4.2930,5.5285,20.5191,10.0291,7.9094,10.0484,7.6319,7.4305,9.5943,10.9022,12.4489,11.7749,7.0054,5.7980,5.9259,8.0102,15.8435,11.8073,12.1447,10.2806,7.4719,6.4007,7.6968,7.4230,9.6123,10.4949,3.8773,3.9205,4.1167,2.9328,2.4805,2.3685,4.6405,3.8598,3.4169,2.6602,1.3523,7.1608,17.4597,14.9313,7.5489,6.5094,6.7894,6.0720,11.7507,8.6835,12.8770,7.8835,11.5222,17.3724,17.7224,14.7090,7.2595,8.6520,9.4858,10.5346,9.8874,9.3668,9.4725,15.1533,13.4866,14.1079,18.1210,19.3914,15.0417,17.6953,12.4577,17.2516,13.3113,12.3918,14.1107,12.4383,14.2236,11.4106,11.8855,14.9481,13.1358,13.3333,9.8696,13.8448,11.6477,12.9477,12.4041,13.7277,13.2385,16.1205,13.2511,9.8801,10.8660,10.8486,10.3075,9.7228,12.0154,10.2052,9.5705,9.8950,9.4049,8.3329,7.8487,7.2013,7.2397,7.5468,6.8446,6.2862,6.0160,6.9753,4.4261,4.7770,3.9105,3.5689,2.0305,-0.7312,3.3889,2.7612,2.4134,3.0511,3.5360,2.7182,6.6039,3.4939,4.6003,5.6032,7.2682,4.3712,6.4901,3.4075,2.8278,2.5227,2.6297,3.1529,2.6962,3.5776,3.7279,5.7110,4.2882,4.7043,4.1098,9.1464,8.9324,6.7808,7.0592,10.1201,7.1767,10.0479,7.3598,7.5866,7.8175,8.0520,8.2898,8.5298,8.7726,9.0175,9.2653,9.5131,9.7628,10.0131,10.2628,10.5155,10.7666,11.0167,11.2653,11.5114,11.7551,11.9952,12.2319,12.4645,12.6929,12.9158,13.1335,13.3462,13.5527,13.7535,13.9478,14.1364,14.3190,14.4955,14.6660,14.8305,14.9893,15.1424,15.2900,15.4323,15.5694,15.7017,15.8291,15.9521,16.0709,16.1859,16.2970,16.4045,16.5083,16.6077,16.6936,16.7673
45127.0000000,17.2525,18.9971,19.2028,19.0113,26.7052,18.9605,20.1860,15.7178,18.6609,16.8916,16.8926,16.2534,14.2068,16.2212,15.4853,14.8278,15.8156,14.5204,13.5053,12.4278,14.2587,11.2406,10.8038,10.6772,10.1932,15.8238,9.4231,8.6207,8.1911,7.0957,4.4603,2.2124,1.0085,3.7187,4.2448,4.3838,5.9237,6.8263,3.7317,8.1879,9.3699,7.3301,5.5609,6.5897,20.5393,11.1452,8.8273,10.4716,8.2040,7.5113,9.9373,11.4908,13.0211,12.4523,6.8240,7.8142,7.9014,9.6555,16.9910,13.0101,13.2586,11.4935,9.3631,8.6529,9.3199,9.3666,11.7039,12.4854,6.1854,6.2362,6.6153,5.7117,5.2392,4.9440,6.0688,6.4890,6.0374,5.4242,4.2449,9.3050,18.4219,16.1414,9.1101,7.7451,8.3715,7.5725,13.1815,10.1150,14.2036,8.8970,12.8617,18.3220,18.6183,15.9475,8.0111,9.8093,10.6284,11.0592,10.6992,9.9092,10.0738,15.8085,14.0356,14.5681,18.7998,20.0720,15.6079,18.3772,12.7076,18.8743,13.6915,12.6401,14.5383,12.3973,14.4817,11.0607,11.9415,15.6699,14.0083,14.2287,9.6060,14.6224,12.0700,14.2863,14.6511,16.3481,15.6305,18.3520,14.8301,10.0347,11.6612,11.9195,12.0193,12.0454,14.7847,13.0156,12.3974,13.2840,11.7541,11.1219,10.4051,10.4361,9.8088,10.0244,10.0882,8.0302,8.2408,10.1752,7.6409,7.5300,6.9553,6.3190,5.2192,3.0302,5.4314,5.4454,5.3804,5.4312,5.7044,5.1068,8.9298,6.0231,6.7347,7.6936,8.8580,6.0241,8.2987,5.3012,5.1747,4.7065,3.8836,4.5967,4.4541,5.3376,5.3376,6.6668,5.0689,5.4892,4.8445,9.5516,9.0538,6.7942,6.9947,9.8751,6.8162,9.7353,7.0753,7.2321,7.3947,7.5626,7.7357,7.9132,8.0958,8.2827,8.4748,8.6699,8.8695,9.0726,9.2787,9.4900,9.7037,9.9201,10.1389,10.3595,10.5820,10.8054,11.0300,11.2552,11.4809,11.7060,11.9307,12.1548,12.3774,12.5986,12.8175,13.0343,13.2486,13.4600,13.6681,13.8727,14.0735,14.2702,14.4626,14.6504,14.8336,15.0119,15.1851,15.3534,15.5167,15.6750,15.8283,15.9765,16.1194,16.2557,16.3769,16.4744
45127.0416667,17.9128,21.1762,21.1978,21.0909,29.3178,20.3083,22.5415,17.7557,21.1473,18.2829,18.5799,18.1941,15.1066,18.3148,18.3002,17.6433,18.9633,17.7507,15.4903,14.7155,17.6776,13.9751,12.7535,13.8191,13.3928,19.5172,12.7523,11.4431,12.1271,10.3818,8.8515,6.7675,5.5608,7.5235,7.8080,7.4980,8.8216,9.4212,6.0661,10.2211,11.1298,8.9613,7.1326,7.9501,20.9190,12.3303,9.6761,10.8132,8.5424,7.4257,9.9903,11.6561,13.0818,12.5323,6.2579,8.9233,8.8888,10.3238,17.2491,13.2701,13.4353,11.7441,10.1947,9.8446,9.9823,10.3872,13.0602,13.9065,7.9178,8.0286,8.6389,7.9918,7.4236,6.8038,6.9075,8.5303,8.0085,7.5466,6.4129,10.8746,18.9591,16.8722,10.0457,8.3519,9.2961,8.3937,14.0612,10.9399,14.9957,9.3381,13.6577,18.8225,19.0839,16.7292,8.2945,10.4819,11.3209,11.2465,11.1278,10.1267,10.3550,16.1965,14.0418,14.5247,18.9662,20.2598,15.7007,18.6054,12.6070,19.9953,13.7292,12.5848,14.6222,12.1285,14.4197,10.5824,11.7162,15.9387,14.3678,14.5873,9.1272,14.8387,11.9880,14.9086,16.0518,18.0934,17.0995,19.6912,15.5127,9.6342,11.6754,12.1261,12.7089,13.2382,16.4739,14.6783,14.0535,15.5478,12.9956,12.7698,11.8595,12.5990,11.3665,11.5928,12.4928,9.0375,9.7375,12.8387,10.1934,9.6651,9.4639,8.6085,8.0187,6.4317,7.1471,7.8563,8.1792,7.5260,7.5837,7.1343,11.1880,8.2860,8.6286,9.5902,10.2978,7.3687,9.9285,6.8408,7.2749,6.6289,4.8191,5.8137,6.0388,7.0659,6.9471,7.7084,5.9040,6.3621,5.6546,10.1866,9.4357,7.0677,7.2012,9.9313,6.7869,9.7104,7.0695,7.1631,7.2623,7.3667,7.4764,7.5909,7.7107,7.8354,7.9656,8.1000,8.2395,8.3837,8.5320,8.6864,8.8447,9.0072,9.1738,9.3440,9.5180,9.6951,9.8756,10.0590,10.2452,10.4337,10.6243,10.8172,11.0116,11.2076,11.4046,11.6028,11.8018,12.0013,12.2011,12.4008,12.6003,12.7992,12.9973,13.1943,13.3900,13.5841,13.7762,13.9663,14.1540,14.3393,14.5218,14.7011,14.8767,15.0467,15.2016,15.3238
45127.0833333,17.2888,21.8534,21.7771,21.7913,30.6394,20.4692,23.6590,18.5538,22.4713,18.6543,19.2483,19.1281,15.2083,19.4300,20.1146,19.4745,21.1469,19.9729,16.5179,15.9507,20.0255,15.5631,13.6432,15.7809,15.4070,22.2492,14.9342,13.1249,15.0605,12.6237,12.4143,10.5825,9.6254,10.9586,11.1813,10.4667,11.8015,12.2285,8.4501,12.5163,13.2122,10.8759,8.9287,9.5837,21.7467,13.7980,10.7353,11.3647,9.0146,7.5399,10.1714,11.8689,13.1375,12.5491,5.8286,9.6893,9.4552,10.5629,17.0833,13.0496,13.0939,11.4210,10.3012,10.2196,9.8820,10.5641,13.5561,14.5255,8.9288,9.2147,10.1372,9.7760,9.1082,8.1392,7.3829,10.1423,9.5214,9.2163,8.0771,12.0616,19.2476,17.3120,10.5992,8.5959,9.8014,8.7854,14.5459,11.3332,15.3742,9.3772,14.0017,18.9139,19.1315,17.0400,8.1577,10.6523,11.5138,11.0374,11.1079,9.9447,10.2240,16.1609,13.5866,14.0254,18.6209,19.9297,15.3000,18.3291,12.1027,20.5298,13.3733,12.1940,14.3401,11.6147,14.0488,9.9679,11.2610,15.8410,14.3442,14.5671,8.5693,14.7051,11.6414,15.0789,16.8705,19.2112,17.9187,20.3946,15.6097,8.9914,11.2504,11.8155,12.7341,13.6493,17.3474,15.4847,14.8295,16.8861,13.3992,13.4933,12.4062,13.7669,12.0008,12.2570,13.9268,9.2709,10.3686,14.6320,11.8069,10.9192,11.1138,10.1265,10.1243,9.2187,8.3784,9.8154,10.6374,9.2539,9.0802,8.7892,13.3207,10.2957,10.3250,11.3458,11.6508,8.5299,11.4601,8.1613,9.1928,8.3314,5.5269,6.7634,7.3601,8.6191,8.4000,8.6638,6.6314,7.1504,6.3741,10.8654,9.8914,7.4114,7.4953,10.1220,6.9014,9.8298,7.1952,7.2406,7.2906,7.3453,7.4046,7.4683,7.5367,7.6097,7.6877,7.7697,7.8566,7.9480,8.0436,8.1448,8.2502,8.3599,8.4740,8.5921,8.7144,8.8406,8.9707,9.1045,9.2420,9.3829,9.5270,9.6746,9.8251,9.9786,10.1348,10.2937,10.4551,10.6188,10.7847,10.9526,11.1223,11.2936,11.4663,11.6403,11.8154,11.9913,12.1678,12.3448,12.5221,12.6995,12.8768,13.0536,13.2293,13.4017,13.5615,13.6875
45127.1250000,16.3790,21.8930,21.6858,21.7706,31.1578,19.9648,23.8979,18.5914,22.9160,18.2707,19.0809,19.1582,14.5872,19.6953,20.9928,20.3762,22.4186,21.2994,16.8002,16.4155,21.5404,16.3504,13.8665,16.9108,16.5826,24.2163,16.2615,13.9807,17.0969,13.9484,15.0451,13.4702,12.8812,13.6616,13.9455,12.8680,14.4033,14.7918,10.4862,14.6737,15.2525,12.7470,10.6603,11.2336,22.8559,15.5034,12.0228,12.1287,9.6883,7.9105,10.6065,12.3229,13.4363,12.7894,5.7410,10.5017,10.0362,10.8297,16.9568,12.8395,12.7396,11.0466,10.2249,10.3154,9.5515,10.3994,13.5847,14.5884,9.2661,9.7480,11.0126,10.9626,10.2255,8.9691,7.5267,11.3349,10.6340,10.5085,9.3515,12.9713,19.3923,17.5903,10.9466,8.6705,10.0909,8.9753,14.8413,11.5319,15.5674,9.2779,14.1418,18.8269,18.9895,17.1094,7.8683,10.5684,11.4375,10.6473,10.8524,9.5655,9.8698,15.8436,12.9481,13.3319,18.0013,19.3019,14.6287,17.6693,11.3174,20.5473,12.6903,11.5076,13.7216,10.8690,13.3816,9.2028,10.5815,15.3914,13.9675,14.2038,7.9244,14.2778,11.0955,14.9053,17.2439,19.8653,18.2986,20.6819,15.3825,8.3255,10.6631,11.2857,12.4190,13.6104,17.6935,15.7458,15.0452,17.5813,13.2958,13.6218,12.3833,14.2372,12.0318,12.3087,14.6134,9.0188,10.3817,15.6524,12.6218,11.4337,11.9708,10.8760,11.4234,11.1927,8.9924,11.1126,12.4872,10.4023,10.0670,9.9368,15.1032,11.8866,11.6702,12.8046,12.7713,9.4200,12.7903,9.2288,10.9009,9.8291,6.0852,7.5604,8.5051,10.0388,9.7233,9.5425,7.2670,7.8526,7.0003,11.5471,10.3730,7.7748,7.8222,10.3879,7.0897,10.0354,7.3913,7.4010,7.4148,7.4325,7.4543,7.4799,7.5096,7.5433,7.5813,7.6230,7.6689,7.7188,7.7726,7.8312,7.8936,7.9600,8.0304,8.1047,8.1829,8.2648,8.3505,8.4400,8.5332,8.6299,8.7301,8.8339,8.9410,9.0514,9.1650,9.2818,9.4018,9.5247,9.6505,9.7791,9.9105,10.0444,10.1807,10.3195,10.4604,10.6035,10.7485,10.8955,11.0441,11.1944,11.3462,11.4991,11.6526,11.8048,11.9475,12.0601
45127.1666667,15.7110,21.9448,21.6382,21.8021,31.6994,19.6578,24.1734,18.6706,23.3125,17.9779,18.9311,19.1214,14.0239,19.6101,21.4097,20.7917,23.1636,22.0820,16.6862,16.4238,22.5024,16.6664,13.7476,17.5310,17.2593,25.7493,17.1494,14.4459,18.6304,14.7815,17.0876,15.7535,15.5637,15.8240,16.2271,14.7918,16.6426,17.0782,12.1608,16.6574,17.2155,14.5537,12.3215,12.8931,24.2466,17.4609,13.5584,13.2059,10.6444,8.5996,11.4078,13.1736,14.1737,13.4847,6.1165,11.6723,10.9810,11.5126,17.3250,13.1226,12.8837,11.1478,10.5312,10.7272,9.5753,10.5029,13.7587,14.6667,9.2614,9.8470,11.4348,11.7088,10.9301,9.3964,7.4467,12.2027,11.4668,11.5782,10.4409,13.8455,19.6676,18.0165,11.4251,8.9254,10.5323,9.3291,15.3234,11.9235,15.9726,9.4280,14.4996,18.9957,19.1047,17.3866,7.8392,10.6630,11.5307,10.5109,10.8108,9.4269,9.7347,15.7141,12.3447,12.7016,17.4175,18.7217,14.0473,17.0485,10.6184,20.3861,11.9670,10.7652,13.0105,10.1189,12.6565,8.4959,9.8983,14.8328,13.4893,13.7409,7.3448,13.7473,10.5161,14.5741,17.3856,20.2804,18.4848,20.8167,15.1022,7.8186,10.1472,10.7877,12.0520,13.4455,17.8544,15.8283,15.0824,18.0214,13.0807,13.5594,12.1910,14.4164,11.8682,12.1499,14.9503,8.6662,10.1704,16.2612,13.0423,11.6181,12.4118,11.1833,12.1579,12.5148,9.1930,11.9030,13.8343,11.1259,10.7000,10.7140,16.5991,13.1798,12.7904,14.0906,13.7925,10.2032,14.0423,10.1840,12.4915,11.2030,6.5776,8.3057,9.5873,11.4458,11.0570,10.4927,7.9739,8.6394,7.7143,12.4167,11.0751,8.3570,8.3877,10.9472,7.5613,10.5551,7.8762,7.8574,7.8416,7.8289,7.8195,7.8134,7.8109,7.8120,7.8170,7.8255,7.8379,7.8541,7.8741,7.8984,7.9264,7.9581,7.9936,8.0327,8.0755,8.1219,8.1717,8.2251,8.2821,8.3423,8.4059,8.4729,8.5431,8.6167,8.6933,8.7732,8.8562,8.9424,9.0315,9.1237,9.2187,9.3166,9.4173,9.5208,9.6269,9.7355,9.8467,9.9603,10.0764,10.1947,10.3151,10.4376,10.5616,10.6855,10.8027,10.8959
45127.2083333,14.5685,21.3299,21.0010,21.2662,31.6428,18.9455,24.0221,18.5028,23.5138,17.6575,18.7690,19.1053,13.6717,19.5743,21.7675,21.1104,23.7205,22.6210,16.4606,16.2676,23.1120,16.7021,13.4598,17.8005,17.5693,26.8512,17.6283,14.5973,19.7389,15.2799,18.6942,17.5733,17.7916,17.5582,18.0937,16.3087,18.5080,19.0219,13.4555,18.3689,18.9280,16.0903,13.6947,14.3088,25.6293,19.4486,15.1493,14.3971,11.7451,9.4390,12.4084,14.2678,15.1992,14.4744,6.7273,13.1210,12.2330,12.5371,18.1048,13.8093,13.4562,11.6834,11.2420,11.5355,10.0502,11.0401,14.3343,15.0601,9.3167,9.8540,11.6390,12.1484,11.3037,9.5346,7.2031,12.7230,11.9600,12.2912,11.1606,14.4023,19.7126,18.2067,11.6526,8.9825,10.7761,9.5345,15.7175,12.2602,16.3797,9.6220,14.9219,19.2896,19.3771,17.8319,8.0255,10.9757,11.8508,10.6344,11.0082,9.5490,9.8587,15.8272,11.9915,12.2973,16.9886,18.2644,13.5981,16.5408,10.1082,20.2254,11.3872,10.1700,12.3832,9.4915,11.9894,7.9046,9.2835,14.2307,12.9503,13.2100,6.8455,13.1821,9.9593,14.1587,17.3404,20.4847,18.5033,20.7981,14.7664,7.4161,9.7093,10.3631,11.7085,13.2383,17.8931,15.8049,15.0267,18.3017,12.8411,13.4373,11.9803,14.4760,11.6696,11.9485,15.1146,8.3560,9.9286,16.6272,13.2291,11.6175,12.6076,11.2786,12.5777,13.4115,9.1829,12.3323,14.7488,11.4854,10.9917,11.1298,17.7141,14.0889,13.5647,15.0382,14.5146,10.6961,15.0282,10.8891,13.8677,12.4062,6.9951,9.0060,10.6140,12.8234,12.3699,11.4546,8.6819,9.4362,8.4358,13.3595,11.8520,8.9889,9.0105,11.6085,8.0980,11.1916,8.4519,8.4241,8.3983,8.3747,8.3531,8.3336,8.3162,8.3009,8.2880,8.2772,8.2687,8.2627,8.2590,8.2583,8.2602,8.2649,8.2725,8.2829,8.2965,8.3130,8.3327,8.3555,8.3816,8.4108,8.4432,8.4789,8.5178,8.5598,8.6050,8.6533,8.7048,8.7593,8.8169,8.8774,8.9409,9.0073,9.0765,9.1486,9.2234,9.3009,9.3811,9.4639,9.5492,9.6371,9.7275,9.8201,9.9147,10.0099,10.1008,10.1733
45127.2500000,13.9517,20.9443,20.4750,20.7224,31.3572,18.0946,23.4827,17.9299,23.1466,16.8519,18.0517,18.4939,12.8681,18.9943,21.5674,20.9543,23.8381,22.7739,16.0321,15.9216,23.3718,16.4842,13.0205,17.7507,17.5311,27.4595,17.6534,14.3697,20.2896,15.3099,19.6947,18.7675,19.3928,18.6992,19.3695,17.2552,19.7948,20.3889,14.1831,19.5125,20.0738,17.0431,14.4809,15.1527,26.5711,20.9883,16.3131,15.2110,12.5111,9.9649,13.1359,15.1344,16.0423,15.2931,7.1301,14.4206,13.3716,13.4787,18.8563,14.4506,14.0012,12.1975,11.9260,12.3316,10.5613,11.6298,14.9982,15.5582,9.5091,9.9488,11.8275,12.4728,11.5102,9.4764,6.8640,12.9112,12.0785,12.5725,11.4081,14.4777,19.3013,17.8923,11.3585,8.5630,10.4922,9.2256,15.5543,12.0429,16.2269,9.3014,14.7961,19.0759,19.1686,17.8127,7.8231,10.9130,11.8211,10.4513,10.9006,9.4064,9.7445,15.7402,11.3530,11.6517,16.3163,17.5868,12.9825,15.8805,9.5565,19.9173,10.8093,9.6105,11.7576,8.8970,11.3161,7.3456,8.6755,13.5448,12.3061,12.5545,6.3195,12.4872,9.3093,13.5450,16.9888,20.3264,18.1791,20.4276,14.1679,6.8844,9.1223,9.7883,11.1837,12.8048,17.6359,15.5117,14.7194,18.2649,12.4120,13.1033,11.6027,14.2887,11.3044,11.5825,15.0114,7.9643,9.5677,16.6922,13.1379,11.3876,12.5232,11.1323,12.6784,13.9050,8.9756,12.4230,15.2316,11.4919,10.9403,11.1663,18.3569,14.5016,13.8584,15.4794,14.7554,10.7325,15.5141,11.1232,14.7438,13.1496,7.0899,9.3321,11.2797,13.8771,13.3899,12.1687,9.1555,10.0098,8.9401,14.1167,12.4365,9.4063,9.4160,12.0715,8.4078,11.6208,8.7996,8.7705,8.7409,8.7112,8.6823,8.6543,8.6277,8.6026,8.5792,8.5574,8.5375,8.5195,8.5033,8.4894,8.4774,8.4676,8.4598,8.4541,8.4506,8.4492,8.4501,8.4532,8.4585,8.4661,8.4760,8.4883,8.5030,8.5202,8.5398,8.5619,8.5867,8.6140,8.6439,8.6765,8.7118,8.7498,8.7905,8.8339,8.8799,8.9287,8.9800,9.0341,9.0907,9.1500,9.2118,9.2760,9.3425,9.4101,9.4752,9.5270
45127.2916667,12.8883,19.9807,19.3692,19.5120,30.2380,16.4868,21.9983,16.4409,21.8087,15.2007,16.4091,16.9017,11.2280,17.3722,20.1913,19.6055,22.6755,21.6289,14.5096,14.5518,22.4770,15.2220,11.7267,16.7558,16.5633,26.9424,16.5613,13.1614,19.7454,14.3940,19.6395,18.8807,19.8765,18.7426,19.4813,17.0561,19.8520,20.4520,13.6579,19.3954,19.8258,16.5606,13.7856,14.5158,26.1346,21.0204,16.0491,14.7737,12.1170,9.4286,12.7999,14.8961,15.7653,14.9652,6.4409,14.5812,13.4763,13.4291,18.6202,14.0038,13.4349,11.5877,11.4858,12.0939,10.1923,11.4006,14.9300,15.4204,9.4392,9.9050,11.8141,12.4557,11.3141,9.0554,6.3082,12.5829,11.5420,12.0723,10.7217,13.4962,17.8417,16.3348,9.7264,6.8528,8.7601,7.5079,13.8683,10.2872,14.4745,7.5037,13.0311,17.2250,17.3366,16.1372,6.1639,9.3745,10.3418,8.9237,9.3872,7.8977,8.2793,14.2251,9.7858,10.0290,14.5727,15.7596,11.2064,14.1322,8.0786,18.6655,9.4919,8.4451,10.5723,7.7641,10.0677,6.2469,7.4854,12.2083,10.9602,11.1865,5.2090,11.1747,8.0806,12.2796,15.8198,19.2483,16.9137,19.0770,12.6395,5.6042,7.8018,8.5090,9.9490,11.6121,16.5133,14.3541,13.5717,17.3025,11.1646,11.9571,10.5048,13.3572,10.2698,10.5633,14.1583,6.9919,8.6323,16.0395,12.3041,10.4504,11.7011,10.3437,12.1367,13.7081,8.3262,11.9443,14.9913,10.8279,10.1638,10.3614,18.0407,13.8482,13.0640,14.7664,13.8721,9.6254,14.7578,10.1614,14.3625,12.7515,6.3100,8.7828,11.0323,14.0114,13.4704,12.0092,8.7433,9.6764,8.5200,13.9218,12.0518,8.7570,8.6608,11.3359,7.4638,10.7239,7.7609,7.7615,7.7618,7.7606,7.7574,7.7515,7.7438,7.7339,7.7222,7.7086,7.6935,7.6773,7.6600,7.6421,7.6237,7.6050,7.5864,7.5679,7.5500,7.5327,7.5163,7.5010,7.4869,7.4742,7.4629,7.4531,7.4449,7.4373,7.4327,7.4297,7.4286,7.4292,7.4316,7.4359,7.4420,7.4498,7.4605,7.4713,7.4845,7.4996,7.5164,7.5349,7.5551,7.5768,7.5993,7.6170,7.6397,7.6618,7.6794,7.6934
45127.3333333,10.1789,17.3254,16.7923,16.9267,27.8236,13.8799,19.4480,13.7455,19.2822,12.6016,13.7822,14.2979,8.7502,14.5650,17.5111,16.9606,20.0222,18.8970,11.6705,11.8888,20.1858,12.7095,9.3525,14.4926,14.3026,25.1370,14.2902,10.8411,17.9352,12.3091,18.2004,17.5406,18.7180,17.1948,18.1340,15.5838,18.7095,19.3074,11.9901,18.1431,18.4123,14.9786,11.9589,12.7379,24.5852,19.6102,14.3482,13.0333,10.3794,7.7050,11.1819,13.2714,14.0016,13.1723,4.5998,13.2075,12.1223,12.0514,17.2342,12.4519,11.8065,9.8851,9.8051,10.5266,8.5913,9.7827,13.3339,13.9703,8.5289,9.3510,11.4495,12.1009,10.7710,8.2835,5.6092,11.9690,10.6930,11.2332,9.6402,12.1667,16.2444,14.5739,7.8672,5.0354,6.6094,5.3610,11.5185,7.8306,11.8466,5.0117,10.2491,14.2651,14.3163,13.0912,3.3823,6.4640,7.4477,6.1651,6.5440,5.1046,5.4906,11.2977,6.2126,6.5240,10.9355,12.1828,7.8775,10.9448,5.3383,15.9820,6.9786,6.1329,8.3447,5.7040,7.8919,4.3220,5.3902,10.0054,8.8126,9.0643,3.4884,9.0731,6.0452,10.1818,13.7022,17.2186,14.7590,16.8814,10.3344,3.7366,5.7822,6.4487,7.7766,9.4097,14.2107,12.1081,11.4044,15.2893,9.0359,9.7453,8.3914,11.4183,8.3570,8.7137,12.4184,5.3576,6.9887,14.5677,10.7172,8.8185,10.1292,8.8153,10.8074,12.6273,7.1281,10.8643,14.1111,9.6812,8.8322,8.9187,17.0914,12.4242,11.6141,13.3280,12.4261,7.9252,13.1637,8.3970,12.8086,11.1775,4.5797,7.1098,9.5220,12.8907,12.3212,10.9024,7.3215,8.3429,7.1532,12.7419,10.9726,7.3799,7.1117,9.7589,5.6984,8.8560,5.5421,5.5905,5.6320,5.6667,5.6944,5.7157,5.7331,5.7445,5.7513,5.7539,5.7530,5.7493,5.7431,5.7355,5.7254,5.7145,5.7020,5.6881,5.6731,5.6573,5.6440,5.6227,5.6025,5.5805,5.5578,5.5341,5.5092,5.4834,5.4569,5.4295,5.4018,5.3735,5.3448,5.3159,5.2870,5.2576,5.2278,5.1955,5.1485,5.0659,4.9967,4.9353,4.8786,4.8231,4.7696,4.7195,4.6736,4.6319,4.5883,4.5559
45127.3750000,5.1420,12.3283,12.2621,12.6492,23.8498,10.1752,15.7996,10.0116,15.7617,9.2972,10.5188,11.1251,5.9165,10.6752,13.7719,13.4281,16.9406,15.1380,8.1045,7.8737,16.4340,8.7683,5.8364,11.1677,11.0527,22.2992,11.1745,7.8560,15.3324,9.4607,15.7297,15.0870,16.4218,13.9045,14.3195,11.4879,15.5882,16.9405,9.4211,16.0325,16.2362,12.9744,9.8076,10.7499,22.8314,17.7115,12.1579,10.8347,8.1754,5.7494,9.3740,10.5371,11.0667,9.6550,1.4202,9.9454,8.8501,9.0642,14.4861,9.6567,9.3954,6.7641,6.7854,7.7911,6.3147,7.2949,11.1323,10.7707,5.3710,7.6342,10.2891,11.1388,9.8988,6.9935,4.7573,11.1824,9.7119,10.4012,8.6812,11.1553,15.4158,13.5780,6.5615,4.4260,4.6882,3.6603,9.6118,5.9040,9.5173,2.8823,7.4822,11.0302,11.3084,9.9391,-0.0411,2.7410,3.8203,2.9515,3.0797,2.2774,1.8365,7.4547,1.2622,2.1728,6.0107,6.9363,2.2315,5.7343,0.5986,11.1916,2.4938,1.8211,4.2448,2.1056,4.5271,1.4412,1.7708,6.2891,5.3960,5.7907,0.9480,6.6013,3.2767,7.3410,10.7764,14.5024,12.0991,14.2430,7.6618,1.6685,3.5149,4.0536,5.2324,6.7341,10.9034,8.9853,8.4047,12.5305,6.1079,6.4325,5.3388,8.5414,5.6938,6.1910,10.0214,3.3203,4.9181,12.5415,8.6299,6.7616,8.0800,6.8312,9.0075,10.9607,5.6984,9.5455,13.0654,8.4019,7.4183,7.2314,16.8785,10.7048,10.1913,11.5418,10.7836,6.3157,10.8377,6.3170,10.2021,8.4783,1.9544,4.3754,6.6692,10.6841,9.7394,9.0950,4.8671,6.0275,4.8436,10.6799,9.6937,5.7785,5.3259,8.0480,3.9347,6.7816,2.6149,2.7716,2.8990,3.0179,3.1253,3.2189,3.3047,3.3800,3.4459,3.5018,3.5503,3.5911,3.6243,3.6501,3.6702,3.6834,3.6895,3.6905,3.6857,3.6758,3.6605,3.6407,3.6162,3.5873,3.5547,3.5185,3.4786,3.4353,3.3877,3.3246,3.1465,2.9959,2.8260,2.6660,2.5201,2.3752,2.2310,2.0883,1.9503,1.8137,1.6791,1.5472,1.4196,1.2949,1.1739,1.0572,0.9457,0.8401,0.7331,0.6545
45127.4166667,-3.8286,3.0119,3.7823,4.5471,17.4989,2.2269,7.9011,3.2640,9.8101,2.6419,4.1866,5.3342,1.1658,5.4309,8.8435,8.9530,13.8644,10.7672,5.0831,3.8069,12.8179,5.3050,2.6286,7.9450,7.6621,19.2302,5.9859,2.7229,10.2463,4.0645,10.3042,11.0160,13.4415,10.4184,10.2038,6.1943,8.2311,9.3548,2.6337,10.8683,9.7876,7.3714,4.5009,5.9507,20.0893,13.0212,6.9669,6.2632,4.4846,2.6000,7.9227,8.5376,8.5875,6.4413,-2.4554,5.6457,3.5727,4.5948,9.4979,2.8272,4.5361,0.6761,1.0159,2.5498,2.4038,3.3577,8.5842,7.7408,0.5336,4.2809,7.5065,7.6282,7.6125,4.4616,2.9179,10.2233,6.7875,9.2437,4.9199,6.9877,13.9508,11.0319,1.4615,1.4969,-0.4498,-0.7644,5.3354,1.9441,5.2906,1.0444,4.5469,6.2180,6.4734,4.8671,-5.1719,-3.5573,-2.0223,-2.0303,-1.9676,-0.8025,-2.6711,4.2893,-4.1452,-1.9339,1.4284,1.6206,-3.8926,-1.2871,-5.9092,4.9425,-3.3493,-3.7019,-1.5152,-2.9197,0.6114,-1.9640,-3.1222,0.8606,0.9496,0.3542,-4.2895,1.8565,-1.8753,2.7046,4.6603,8.6191,6.2133,8.4798,1.6205,-3.8612,-1.6213,-0.8629,0.6953,2.5342,5.9436,3.6826,3.9235,9.4928,3.1364,2.0724,1.3270,4.6969,1.8886,1.5803,5.4339,-0.9273,1.1362,8.3341,4.4889,1.5180,3.7437,2.4467,5.3734,7.9089,3.0192,6.8584,11.8663,5.2908,5.4804,3.7162,15.4861,8.5257,7.8397,7.1317,7.9354,3.0801,6.9084,3.6403,6.9124,5.1365,-1.1790,1.1693,2.7114,7.5653,6.1946,6.2564,0.7973,2.8792,0.6140,8.1402,7.0970,2.9865,2.4724,5.4714,1.4684,3.9781,-1.5672,-1.2196,-0.8858,-0.5713,-0.2771,-0.0085,0.2406,0.4659,0.6681,0.8471,1.0057,1.1448,1.2658,1.3699,1.4596,1.5350,1.5967,1.6464,1.6801,1.6550,1.3713,1.1920,1.0031,0.8090,0.6178,0.4460,0.2737,0.1004,-0.0743,-0.2503,-0.4183,-0.5885,-0.7604,-0.9330,-1.1007,-1.2696,-1.4390,-1.6084,-1.7751,-1.9417,-2.1074,-2.2719,-2.4339,-2.5943,-2.7524,-2.9073,-3.0583,-3.2040,-3.3527,-3.4619
45127.4583333,-11.7444,-6.4335,-5.1551,-4.2021,10.5156,-7.5996,-2.4438,-5.6177,3.0816,-5.3642,-5.1990,-5.2207,-7.9034,-4.3054,-2.1103,-1.1763,7.4145,3.7905,1.2527,-0.5231,7.4410,-0.7708,-2.8518,2.6295,3.1709,17.5386,1.4441,-2.4510,6.9189,-0.5248,6.6194,5.8639,10.5776,8.3264,7.9735,2.7637,4.2370,1.3838,-6.5580,4.0452,1.3037,-3.2883,-5.8927,-3.8955,15.2199,6.5785,-0.6549,-0.7121,-1.9925,-2.7914,4.7780,6.3014,6.3731,4.9415,-3.9118,3.2788,-0.1956,3.2382,7.1091,-3.1540,-0.5213,-6.3246,-6.1744,-4.4032,-2.7874,-2.4542,3.7636,3.1224,-4.2257,0.1018,6.0236,4.8414,5.8719,0.6175,-0.2309,8.6397,2.2115,7.3533,-0.2517,2.3711,13.6520,9.3572,-2.6476,-2.0494,-5.6798,-5.2741,0.2023,-4.9574,1.4893,-3.4075,0.1846,2.3191,2.6620,0.5046,-8.9589,-9.2932,-8.0789,-7.1754,-7.6232,-4.8385,-7.5354,-0.9662,-10.1774,-7.1245,-3.7498,-3.6742,-8.9084,-8.2276,-12.9537,-1.7575,-8.8156,-8.2421,-6.5633,-8.7475,-4.0025,-5.8760,-9.1645,-5.8074,-4.4432,-4.8653,-9.5422,-3.2508,-7.9892,-3.2607,-3.6330,2.3047,-0.1451,2.8572,-4.0524,-9.3399,-6.6751,-6.1892,-3.9760,-1.1438,2.7957,-2.0827,-3.5127,3.3967,-1.4815,-1.9140,-4.7421,-0.1098,-2.6276,-4.2767,0.5894,-6.2995,-3.5252,5.3795,0.7792,-2.6659,0.5281,-2.1564,0.1161,3.2641,-0.8495,3.4185,8.8432,1.3057,1.5111,-1.0783,13.0860,6.2403,4.4554,2.6396,4.7771,0.2550,4.0031,0.2216,2.6918,1.1126,-4.6369,-2.3595,-1.9074,4.2310,2.7977,3.7416,-3.0498,0.2404,-3.4657,6.6847,5.2141,0.9689,0.3700,3.5534,-0.3964,1.0479,-5.9695,-6.5057,-6.9627,-7.3246,-7.5778,-7.7223,-7.7549,-7.6932,-7.5557,-7.3633,-7.1339,-6.8842,-6.6258,-6.2030,-5.8241,-5.4517,-5.1243,-4.8502,-4.6140,-4.4562,-4.3337,-4.2585,-4.2223,-4.2174,-4.2365,-4.2631,-4.3066,-4.3643,-4.4345,-4.5155,-4.5995,-4.6932,-4.7956,-4.9057,-5.0189,-5.1393,-5.2659,-5.3978,-5.5328,-5.6721,-5.8150,-5.9608,-6.1082,-6.2576,-6.4083,-6.5592,-6.7095,-6.8573,-7.0117,-7.1237
45127.5000000,-14.8984,-12.0843,-9.9960,-7.4387,5.4208,-14.8878,-12.9111,-16.7284,-5.5030,-11.5394,-11.6492,-14.7910,-16.1425,-13.1963,-11.9898,-15.1094,-5.7199,-10.9637,-13.2141,-14.5948,-2.9009,-11.7744,-11.6254,-6.4450,-4.6140,11.5156,-3.5883,-9.2911,1.8735,-7.1283,0.5356,-1.7994,3.8999,1.9876,4.7748,0.6296,3.3001,0.3283,-10.2576,1.3904,-2.3465,-10.7588,-15.6613,-13.8575,9.1947,-2.3249,-11.2526,-11.4183,-13.7143,-14.2195,-6.6724,-2.4241,-0.6434,-3.2622,-10.9897,-3.6777,-4.9340,2.5427,7.0742,-2.9811,-1.6415,-9.8652,-13.2540,-12.1282,-10.2601,-9.4095,-0.8159,-1.1023,-10.7725,-6.0314,-0.3606,-1.8264,0.0293,-2.8566,-2.8525,7.9920,1.0587,6.9775,-4.6354,-2.6001,13.9470,8.2080,-3.9130,-6.4973,-13.1088,-12.1064,-3.3242,-11.2090,-2.3625,-7.3761,-4.0067,-1.6462,-1.5388,-4.9374,-15.1360,-17.7941,-16.2974,-13.3506,-16.8888,-14.0615,-14.2261,-7.7419,-15.1965,-12.0437,-8.5643,-8.5462,-13.3586,-13.0180,-18.8161,-9.2941,-16.8483,-16.4089,-11.8496,-15.4942,-9.6464,-10.0228,-14.8128,-9.1241,-8.0356,-8.6928,-13.8414,-8.2043,-12.1994,-9.1014,-10.1851,-5.8010,-8.0606,-4.0609,-10.4841,-13.8578,-12.1424,-13.3984,-12.3957,-9.8207,-5.3048,-7.9563,-8.3708,-2.9726,-9.0590,-8.1778,-9.8799,-5.2455,-7.2568,-8.4139,-4.0033,-11.0425,-8.1596,1.3867,-6.5254,-8.7378,-6.0684,-7.6198,-5.0372,-2.8149,-5.0373,1.9963,6.2209,0.1015,-3.0381,-4.8662,9.7786,2.3204,-1.0608,-3.3701,-0.9415,-3.1735,-0.0549,-4.3258,-2.8534,-4.2946,-9.1986,-7.3084,-8.0215,-0.9933,-1.8911,0.4927,-7.4899,-2.6573,-6.9721,4.3925,2.7407,-1.4147,-1.9353,1.5869,-2.0265,-1.1109,-7.1555,-7.6485,-8.1459,-8.6492,-9.1563,-9.6686,-10.1723,-10.6669,-11.1466,-11.6064,-12.0398,-12.4413,-12.8032,-13.0002,-13.1667,-13.2635,-13.3078,-13.2985,-13.2226,-13.1118,-12.9432,-12.7361,-12.4974,-12.2346,-11.9554,-11.6595,-11.3642,-11.0767,-10.8037,-10.5504,-10.3164,-10.1102,-9.9337,-9.7875,-9.6686,-9.5793,-9.5178,-9.4818,-9.4679,-9.4748,-9.5002,-9.5414,-9.5961,-9.6628,-9.7397,-9.8250,-9.9170,-10.0135,-10.1248,-10.2037
45127.5416667,-16.9340,-14.8234,-10.3622,-6.5664,6.9003,-10.7102,-10.3726,-18.4774,-7.6384,-11.6137,-12.1477,-15.7722,-17.2107,-16.4045,-16.0804,-19.5508,-12.4109,-17.7258,-19.4591,-22.1147,-11.7034,-22.3670,-21.7656,-20.2431,-15.1587,2.2699,-10.7801,-16.5909,-3.9735,-13.8000,-3.4062,-6.6081,-0.1554,0.8187,3.5663,-0.9881,2.4238,-0.0479,-12.3770,1.3607,-1.1425,-8.1120,-16.3849,-15.8471,8.8723,-6.1884,-14.5342,-13.9051,-18.3090,-19.4434,-11.6018,-9.4035,-8.0775,-9.5886,-17.0128,-14.5832,-14.9455,-3.6688,4.4345,-4.1178,-2.3818,-8.9705,-15.6380,-15.2071,-13.2214,-12.3273,-3.8653,-3.9121,-16.5892,-10.7937,-3.7577,-7.1638,-7.7235,-9.8149,-8.4390,4.8384,-0.3655,6.7346,-5.2308,-2.6187,19.2828,13.4404,1.9273,-0.7964,-11.2254,-9.9668,-1.3252,-11.4002,-1.7249,-6.4100,-3.0578,-0.2739,-0.2018,-4.7148,-13.4434,-16.8301,-16.2020,-10.9305,-16.3239,-14.7791,-15.8403,-11.7046,-18.9421,-16.1748,-12.7805,-12.5240,-16.4602,-16.4332,-22.7636,-14.9034,-20.6861,-20.3609,-14.6740,-16.8597,-12.9149,-12.2481,-19.4102,-12.9278,-12.2874,-11.6104,-16.2600,-12.2955,-15.0251,-12.5939,-12.6476,-8.3304,-10.6720,-6.2087,-12.3319,-13.9245,-13.7197,-14.7986,-16.8056,-15.7885,-8.9962,-12.2738,-12.5188,-6.9362,-11.7490,-11.8938,-13.3049,-9.1862,-10.5810,-11.3640,-7.4113,-13.3692,-11.5337,-1.8449,-11.7844,-13.1919,-11.1818,-13.3215,-10.9277,-10.0529,-9.8612,-0.9445,3.1098,-1.0161,-3.4769,-6.5017,8.6982,1.7015,-0.7995,-1.9353,1.6255,-1.6415,0.0006,-5.1843,-6.0357,-7.8991,-11.1170,-10.5887,-11.2764,-5.1915,-6.0616,-2.8901,-10.9037,-6.0283,-8.9307,2.5990,1.3955,-2.1950,-2.3802,1.6001,-1.3788,-0.6982,-5.8299,-6.1140,-6.4216,-6.7490,-7.0912,-7.4496,-7.8102,-8.1759,-8.5442,-8.9141,-9.2834,-9.6507,-10.0133,-10.2841,-10.5604,-10.8158,-11.0626,-11.2994,-11.5147,-11.7277,-11.9176,-12.0921,-12.2496,-12.3882,-12.5055,-12.5941,-12.6591,-12.6996,-12.7147,-12.7044,-12.6658,-12.6036,-12.5194,-12.4152,-12.2917,-12.1543,-12.0062,-11.8507,-11.6907,-11.5306,-11.3737,-11.2232,-11.0816,-10.9516,-10.8351,-10.7335,-10.6475,-10.5771,-10.5388,-10.4945
45127.5833333,-17.1677,-13.7531,-10.2115,-5.8354,7.5069,-8.3514,-8.8012,-15.3612,-5.8498,-8.3565,-9.0632,-12.4326,-13.1442,-13.5026,-13.8928,-17.2415,-11.7715,-16.8340,-17.5798,-20.6803,-12.4771,-23.0018,-19.6749,-23.0552,-17.3995,-2.6486,-16.5656,-20.9754,-9.4984,-18.7000,-10.2483,-12.5749,-5.2566,-0.4350,3.6291,-0.4353,3.7392,2.0488,-10.3661,4.0445,1.9178,-4.0154,-13.6743,-13.6821,11.5087,-4.5894,-11.7548,-10.6468,-15.5223,-16.5450,-9.7376,-8.8144,-7.8765,-8.8775,-14.7295,-17.5995,-17.8923,-8.1618,2.2243,-5.7353,-4.0139,-9.2645,-16.8797,-16.5224,-13.6843,-10.3459,-3.8553,-4.5201,-19.0104,-13.3232,-6.0045,-7.3228,-7.3832,-12.6328,-10.4204,1.0841,-3.6791,1.2410,-8.8300,-5.6719,18.6246,13.1334,2.3990,-0.0025,-10.7850,-6.8629,1.8497,-6.4143,2.5230,-1.8048,1.5694,4.6140,4.8241,-0.0002,-7.2168,-10.3621,-10.0369,-3.6962,-9.7033,-8.7023,-9.8019,-7.3118,-12.5144,-10.7994,-8.5706,-9.1607,-13.1532,-14.3271,-20.3921,-16.3235,-20.7586,-20.6677,-15.1418,-16.2479,-13.8169,-12.1938,-20.0235,-14.1307,-15.3274,-12.0663,-14.6716,-12.5721,-14.3914,-13.2138,-15.7975,-10.0857,-11.3416,-6.2039,-11.2937,-10.9106,-12.6128,-12.3845,-15.2874,-15.1831,-8.1587,-12.0890,-14.3860,-8.1627,-11.3756,-11.7969,-12.6710,-8.7600,-9.3427,-10.3253,-7.6154,-11.5365,-10.5741,-2.1502,-12.9651,-13.7699,-11.6834,-14.5352,-13.3424,-14.3328,-12.1544,-4.0059,-0.7553,-3.4955,-5.1502,-8.5094,6.5940,0.1753,-1.3379,-1.4954,2.7589,-0.8566,0.9261,-4.0644,-5.3853,-7.0856,-8.7123,-9.3908,-10.6646,-5.9617,-7.0330,-3.4024,-9.6755,-6.4144,-8.6416,2.0137,0.9308,-2.3724,-2.5417,1.4621,-1.1701,-0.5419,-4.9863,-4.9963,-5.0097,-5.0295,-5.0575,-5.1029,-5.1551,-5.2224,-5.3064,-5.4087,-5.5293,-5.6682,-5.8235,-5.9327,-6.0644,-6.1987,-6.3435,-6.4966,-6.6490,-6.8140,-6.9760,-7.1408,-7.3070,-7.4736,-7.6393,-7.7989,-7.9562,-8.1106,-8.2610,-8.4067,-8.5442,-8.6756,-8.7998,-8.9157,-9.0210,-9.1165,-9.2012,-9.2740,-9.3339,-9.3807,-9.4142,-9.4340,-9.4402,-9.4332,-9.4136,-9.3823,-9.3403,-9.2894,-9.2543,-9.1996
45127.6250000,-15.3929,-10.0271,-6.2001,-4.9498,12.1719,-2.9297,-4.8620,-15.0056,-3.9937,-5.5732,-7.2883,-11.3179,-12.2311,-11.9412,-12.9666,-14.8064,-11.3429,-16.4639,-16.5950,-19.4295,-12.6671,-23.6313,-19.2951,-20.8767,-18.5199,-3.1136,-18.8565,-21.4963,-11.3511,-19.4293,-14.4095,-16.8465,-10.7971,-5.0456,-0.2599,-1.6107,4.0636,2.8647,-11.3934,4.8150,2.3332,-2.7003,-12.4131,-10.9711,11.5988,-6.8161,-12.8529,-10.4712,-15.4663,-13.4433,-8.6590,-9.4237,-9.0520,-9.5131,-14.9468,-20.4514,-19.9744,-11.5910,1.4660,-6.6221,-5.7087,-10.6510,-20.2471,-20.1866,-16.8160,-13.1177,-4.9315,-3.6268,-20.4773,-14.7486,-6.5477,-9.3190,-8.8208,-12.1592,-6.1256,0.9449,-2.9946,-1.7528,-10.9999,-3.2463,18.4199,12.0403,1.1042,-1.2821,-10.8676,-9.2001,-2.2865,-10.3726,-2.6018,-7.0101,-3.2015,0.9417,2.1402,-2.0578,-10.1091,-9.4952,-6.4712,2.3593,-4.1994,-4.1954,-6.1054,-4.7014,-8.2672,-7.2817,-4.2822,-5.4407,-9.3946,-11.2529,-17.6317,-15.9376,-19.4353,-19.5570,-13.1835,-13.6864,-12.6430,-11.2975,-17.1920,-13.8584,-18.3076,-15.8687,-14.7246,-13.1916,-14.2210,-13.3762,-16.1098,-13.7007,-15.2252,-9.7808,-14.2233,-13.2961,-13.2275,-14.7106,-16.9559,-16.5512,-8.0942,-12.5660,-14.7429,-9.9936,-11.8656,-12.6980,-12.5159,-10.5805,-10.1635,-8.9489,-6.6017,-10.6583,-10.1479,-0.2249,-12.3061,-12.2989,-10.4889,-12.8224,-13.0445,-16.0599,-10.4803,-4.5900,-2.4498,-4.4710,-6.2106,-10.9026,3.6241,-5.4206,-3.7757,-3.3979,1.5215,-2.6875,-1.2388,-8.6074,-7.8526,-8.7786,-9.2863,-9.4930,-10.7159,-6.8488,-8.0366,-3.7887,-8.9328,-6.7859,-8.3683,1.8324,0.3396,-3.0978,-3.5190,0.3175,-2.2747,-2.1408,-6.3446,-6.4786,-6.5969,-6.7006,-6.7905,-6.8746,-6.9410,-6.9974,-7.0455,-7.0872,-7.1235,-7.1559,-7.1850,-7.1680,-7.1561,-7.1376,-7.1206,-7.1062,-7.0904,-7.0851,-7.0814,-7.0851,-7.0971,-7.1179,-7.1477,-7.1836,-7.2288,-7.2830,-7.3458,-7.4165,-7.4927,-7.5754,-7.6639,-7.7570,-7.8529,-7.9519,-8.0529,-8.1551,-8.2570,-8.3583,-8.4582,-8.5558,-8.6501,-8.7408,-8.8271,-8.9081,-8.9831,-9.0510,-9.1312,-9.1676
45127.6666667,-16.4377,-12.4848,-8.7098,-7.3671,15.5159,-2.5035,1.1369,-10.6379,-0.9097,-0.9174,-0.2015,-1.8803,-1.9185,-2.2856,-4.3598,-5.5840,-0.5223,-6.0995,-7.0829,-13.0753,-5.0118,-17.0567,-14.6841,-15.0316,-16.7954,-1.2884,-18.7479,-20.8807,-14.0049,-19.3371,-16.9571,-19.1720,-13.5417,-7.5571,-3.1486,-2.3046,2.2574,2.3411,-8.4565,8.2185,11.6875,3.7336,-3.2268,0.1720,20.2354,-2.2160,-8.1397,-5.8766,-12.2065,-10.7529,-4.9952,-6.6508,-6.8588,-6.2644,-11.7000,-21.4527,-21.3958,-14.1024,2.3095,-4.3157,-2.5352,-8.6647,-18.5388,-19.7698,-17.6117,-15.6313,-9.7326,-4.7216,-20.8477,-14.0949,-6.7493,-10.0078,-9.2784,-10.4470,-4.2653,0.4595,0.3593,-0.7558,-8.2008,3.7790,24.2413,17.9341,3.4227,1.8278,-1.2382,-3.2420,6.5818,-1.0390,5.9262,0.9414,3.2548,8.0480,7.6348,1.3153,-9.3800,-10.5732,-8.4460,-0.3164,-5.2423,-1.4410,-3.8078,1.1414,-2.9527,-4.1818,1.4431,1.0855,-4.9569,-3.7155,-10.8355,-11.0347,-14.6862,-15.0436,-11.0750,-10.7441,-7.3943,-7.8953,-12.7587,-7.8190,-14.1065,-12.9186,-11.0182,-9.8221,-12.7380,-13.4385,-13.7840,-10.9147,-12.9609,-7.9672,-12.5812,-12.4795,-13.9815,-15.1934,-18.4689,-18.8237,-9.1353,-13.6115,-14.9386,-11.3372,-13.4249,-14.3520,-12.6471,-11.9651,-11.0183,-7.7376,-4.6825,-8.9951,-9.8356,1.0518,-12.3066,-11.8100,-10.9517,-11.3926,-11.0997,-14.6226,-8.8909,-5.2026,-0.4809,-1.2827,-2.2566,-8.5090,6.8003,-4.2593,-0.3962,0.6289,6.1940,-0.5974,2.0402,-7.9661,-6.9630,-9.5709,-7.9015,-9.3723,-9.4632,-6.0705,-7.3324,-2.4602,-6.6371,-6.7384,-7.9552,4.4182,3.0974,-0.1137,-0.4275,3.4855,0.9291,0.8087,-3.2103,-3.5092,-3.8197,-4.1365,-4.4544,-4.7749,-5.0805,-5.3728,-5.6479,-5.9031,-6.1363,-6.3462,-6.5323,-6.6639,-6.7778,-6.8662,-6.9361,-6.9893,-7.0242,-7.0501,-7.0619,-7.0647,-7.0602,-7.0499,-7.0349,-7.0145,-6.9922,-6.9691,-6.9464,-6.9249,-6.9044,-6.8871,-6.8736,-6.8645,-6.8597,-6.8605,-6.8669,-6.8793,-6.8973,-6.9213,-6.9510,-6.9862,-7.0264,-7.0714,-7.1206,-7.1735,-7.2291,-7.2859,-7.3598,-7.3930
45127.7083333,-14.1267,-12.3552,-8.8970,-7.7117,12.9762,-2.0266,1.5463,-8.1881,3.4038,1.0337,0.9960,-0.6175,-0.8993,-0.9593,-2.3759,-2.0946,4.4650,2.1303,2.7927,-0.8722,6.0907,-3.4361,-1.0825,-2.2105,-4.3569,11.4462,-7.7884,-10.4410,-8.2991,-13.7607,-14.3873,-18.2922,-15.0538,-9.5512,-5.0093,-4.4320,2.5051,2.1580,-10.0663,3.8918,7.5006,1.8530,-3.0312,1.2666,26.4153,6.1436,-0.1437,4.5768,-3.0542,-1.3186,2.7063,3.7545,3.0733,0.8503,-2.5564,-14.3685,-15.4216,-9.8032,7.9690,-0.6177,0.9000,-4.0457,-12.2366,-14.2251,-10.1870,-12.0542,-7.9581,-4.5198,-20.0829,-14.3630,-8.2969,-8.0320,-9.6100,-10.8028,-4.8150,1.3614,0.1305,-0.4084,-4.8701,9.6500,29.2690,23.0586,5.5356,3.7170,4.5705,-0.0840,12.1322,5.3079,12.5183,4.5513,7.3604,16.5200,17.2497,10.2480,-0.6322,-2.3495,-1.0914,5.5791,0.9855,3.3871,1.2750,8.0118,1.3813,2.7900,7.8178,8.3622,-0.2266,2.7559,-4.9202,-4.9826,-8.2283,-9.1495,-6.4028,-5.5395,-3.2928,-2.8819,-7.1340,-3.6246,-8.6680,-7.9059,-5.5153,-3.8704,-7.8519,-7.9791,-10.6436,-7.5976,-9.4397,-4.2074,-8.3029,-8.3304,-10.5877,-10.8219,-15.2764,-16.6240,-7.3089,-12.1428,-13.4457,-11.1633,-12.6726,-14.3605,-14.8249,-13.8546,-13.1477,-9.2389,-8.1676,-9.7079,-9.9042,0.5469,-10.9707,-10.0127,-9.4514,-9.4112,-9.2678,-11.9125,-4.4463,-1.0060,2.4331,0.3232,-0.3323,-4.0646,10.8912,0.4818,4.1375,5.7388,11.1167,0.8211,5.6692,-5.2646,-4.7233,-7.3234,-6.2247,-7.2611,-8.6128,-4.4143,-5.2855,-0.1684,-3.6958,-3.9368,-6.5656,6.4854,5.2040,2.0762,1.8886,6.0018,3.4576,3.7194,0.0147,-0.0932,-0.2058,-0.3228,-0.4443,-0.5771,-0.7101,-0.8501,-0.9981,-1.1552,-1.3218,-1.4978,-1.6823,-1.8518,-2.0302,-2.2088,-2.3891,-2.5686,-2.7424,-2.9135,-3.0749,-3.2273,-3.3692,-3.4994,-3.6170,-3.7200,-3.8099,-3.8869,-3.9515,-4.0042,-4.0449,-4.0757,-4.0975,-4.1113,-4.1177,-4.1183,-4.1143,-4.1065,-4.0957,-4.0830,-4.0692,-4.0550,-4.0411,-4.0282,-4.0169,-4.0075,-4.0002,-3.9947,-4.0086,-3.9936
45127.7500000,-9.3146,-9.1067,-6.3896,-5.7563,12.3168,-0.8448,1.9580,-6.1925,4.3733,2.3100,2.3840,1.3175,1.0298,1.1666,0.2486,0.2794,5.9209,4.1333,4.1237,1.5720,8.3623,0.4974,2.8212,2.8843,1.9231,19.7672,2.6466,0.8115,2.3886,-2.2384,-4.6658,-9.4989,-8.8547,-5.3268,-2.5451,-3.2458,3.0283,5.1328,-6.3452,5.2983,8.0302,2.8028,-1.5236,2.1274,29.6821,10.5801,4.7709,10.4516,3.3109,4.7930,8.4317,10.7809,12.6053,9.1987,5.4083,-4.2794,-5.4200,-1.0172,14.4263,6.3224,7.2569,2.6882,-4.4481,-6.6669,-2.9389,-4.8677,0.0090,1.2226,-15.6895,-12.5794,-8.4132,-8.0073,-9.2413,-9.7606,-4.1472,0.6992,-0.1214,0.1690,-2.9112,13.2775,30.2635,25.3984,9.3838,7.6244,9.8320,5.7023,18.9384,13.2942,20.1836,11.8801,15.3960,26.2957,25.4551,18.6429,7.6235,6.3231,7.1590,12.3426,8.5334,9.8305,8.1660,16.4990,6.8748,8.7673,13.1784,15.3032,6.9931,11.2488,3.3660,3.8108,-0.0545,-2.1167,-0.4697,0.0247,1.3148,1.7736,-2.1111,0.2035,-3.9921,-3.6240,-1.6066,1.0568,-3.0731,-2.5058,-4.1739,-0.4932,-1.4273,4.6540,0.0605,-0.3268,-2.8882,-3.2999,-7.5231,-9.7590,-1.5920,-6.5284,-7.8862,-6.4301,-7.3372,-10.1420,-10.6903,-11.1118,-10.3321,-6.8531,-7.8574,-8.1637,-9.3408,-2.0943,-11.1506,-10.2538,-10.2565,-9.5003,-9.2647,-11.1405,-2.9417,-1.0894,1.9016,0.3522,0.4509,-1.0828,14.2818,3.8996,7.5907,10.3474,15.4171,5.5448,12.1290,1.4219,1.7937,-0.5985,-0.5542,-1.9132,-4.1200,-0.7673,-1.1449,4.1694,1.0024,0.7736,-2.3507,9.4432,9.4523,6.3461,6.2925,10.5827,7.8370,8.8722,4.9003,5.2350,5.5539,5.8438,6.1010,6.2770,6.3773,6.3915,6.2851,6.0730,5.7361,5.3000,4.7744,4.4021,4.1428,3.9580,3.8157,3.6972,3.5925,3.4911,3.3923,3.2924,3.1903,3.0853,2.9777,2.8687,2.7575,2.6449,2.5315,2.4183,2.3068,2.1973,2.0908,1.9882,1.8909,1.7992,1.7137,1.6351,1.5638,1.4999,1.4436,1.3948,1.3533,1.3189,1.2910,1.2694,1.2535,1.2437,1.2229,1.2381
45127.7916667,-2.7161,-3.2689,-1.2683,-1.0240,14.7546,2.7700,4.8450,-2.3451,6.3111,4.1917,4.1150,3.0849,2.3908,2.5747,1.9118,2.0559,7.2261,5.9371,5.4958,3.5054,9.8411,2.6985,4.1404,4.6019,3.8771,20.6974,5.0894,3.6664,6.2875,3.0096,2.3114,-1.4198,-0.5469,2.6097,4.7193,3.4189,8.2981,10.6331,-0.1488,9.3777,11.2164,6.2477,2.1678,5.1201,31.7730,13.5127,7.9345,12.6705,6.5543,7.4155,11.1775,14.0213,17.2719,14.2598,9.0832,3.2518,2.4714,6.4066,20.3247,12.7288,13.4237,9.3138,3.3500,1.2279,4.1967,2.3453,7.4414,7.8068,-9.0310,-7.9015,-5.4214,-5.7356,-7.1069,-7.8747,-2.9624,0.4474,-0.3250,0.2319,-2.2717,12.1321,28.0078,23.8105,9.2034,7.3295,9.6604,6.4646,19.2169,14.0481,21.3064,12.8274,17.8637,28.7031,28.5921,22.9838,11.6933,12.1299,13.2958,17.1900,14.4458,15.0106,14.0109,23.2616,12.3616,14.1247,18.5774,20.5805,12.8954,17.5693,10.1110,12.6025,8.2390,5.9318,7.1913,7.0033,7.9812,7.7087,4.6183,6.4116,2.6462,2.5198,3.0314,5.2066,1.6959,2.1289,0.9719,4.3282,3.8656,10.4301,5.9440,4.9396,3.5656,3.2497,0.2058,-1.5372,5.6472,1.8745,0.9092,1.9878,1.0059,-2.3170,-3.2865,-4.5732,-4.2270,-1.7565,-3.6936,-3.5399,-5.1903,-0.5718,-7.8482,-7.1031,-7.8916,-7.7998,-8.4887,-10.6547,-3.3488,-2.1099,0.3881,-0.7156,-0.2568,-1.2076,12.7961,3.8296,7.2875,10.0872,14.4147,6.0580,13.0735,4.1301,5.4103,4.1952,3.5743,3.1420,1.5869,4.6055,4.3303,9.2832,6.1607,6.2798,3.6210,13.9921,14.5364,11.3043,11.3906,15.8580,12.5462,14.4486,9.8090,9.9607,10.1240,10.2996,10.4982,10.6941,10.9066,11.1406,11.3704,11.6099,11.8376,12.0686,12.2865,12.4953,12.6883,12.8550,12.9892,13.0864,13.1400,13.1421,13.0912,12.9841,12.8235,12.6033,12.3303,12.0134,11.6533,11.2589,10.8754,10.5544,10.2893,10.0712,9.8911,9.7405,9.6122,9.4998,9.3985,9.3050,9.2167,9.1320,9.0498,8.9695,8.8912,8.8147,8.7404,8.6687,8.6002,8.5367,8.4656,8.4416
45127.8333333,3.4015,2.6699,3.9748,3.8293,17.6289,6.2653,7.9939,1.6022,8.8779,6.5316,6.4074,5.4578,4.3855,5.0088,4.2455,4.0433,8.3099,6.9673,5.9230,4.3580,10.2255,3.7376,4.5607,5.4474,4.9157,20.4035,5.9954,4.5928,7.4858,4.4547,4.6354,1.7049,3.0929,6.3236,8.6452,7.7135,12.4844,14.8313,5.1648,13.7227,15.1931,10.4619,6.5930,8.9001,33.3155,16.4774,10.7646,14.3021,8.7569,8.7707,12.4426,15.2286,18.2433,15.6842,9.0922,6.8504,6.3937,9.8482,22.7292,15.6328,16.3155,12.7526,8.0315,6.4407,8.7071,7.4723,12.7387,13.1148,-2.0887,-2.0464,-0.7616,-1.7042,-3.3549,-4.5232,-0.6109,1.5411,0.4944,0.7288,-1.6263,10.6843,24.8862,21.0446,7.6208,5.6527,7.8292,5.1865,16.9442,11.9755,19.0828,10.5316,16.3363,26.7042,26.9896,22.3422,10.6059,12.3631,13.8143,16.5150,14.7914,14.8811,14.6099,24.4342,14.7050,16.3147,21.2188,23.2685,16.0897,20.6552,13.4551,18.2001,13.4905,11.6880,13.0787,12.1618,13.4053,11.9760,10.1208,12.2462,8.9091,8.6203,7.5604,10.1482,6.7294,7.1468,5.9617,8.6272,7.8201,13.4313,8.8735,6.7331,6.4405,6.4248,4.5266,3.3890,9.5044,6.4437,6.0883,7.8070,6.7991,4.4368,3.6433,2.6190,2.6753,4.3694,2.5539,2.2699,0.7298,3.7790,-2.3674,-2.0353,-3.3636,-3.9245,-5.4738,-8.1982,-2.0993,-1.6495,0.0390,-0.9238,-0.4777,-1.3763,10.4514,2.6720,5.4705,8.0440,11.4874,4.3732,11.0656,3.6242,5.6966,5.1144,3.9233,4.7251,4.2558,7.4416,7.4747,11.4797,8.3479,8.8518,6.7927,16.3869,16.6649,13.2356,13.4932,18.1654,14.2046,17.2262,12.5712,12.7391,12.9009,13.0575,13.2175,13.3631,13.5104,13.6616,13.8065,13.9571,14.1013,14.2534,14.4056,14.5654,14.7324,14.9034,15.0771,15.2548,15.4349,15.6149,15.7949,15.9724,16.1480,16.3133,16.4686,16.6135,16.7404,16.8498,16.9370,16.9976,17.0323,17.0372,17.0109,16.9525,16.8625,16.7418,16.5926,16.4182,16.2230,16.0127,15.7935,15.5730,15.3575,15.1523,14.9610,14.7857,14.6275,14.4874,14.3552,14.2815
45127.8750000,8.4774,8.3711,9.2569,9.0267,21.5969,10.5104,12.2282,6.1992,12.3386,9.5665,9.4021,8.4455,6.7822,7.9556,7.2754,6.8134,10.3803,8.9385,7.2265,5.7838,11.1778,5.1105,5.2355,6.2932,5.7720,20.0420,6.6791,5.1370,8.1044,5.0911,5.7386,3.2782,4.6861,7.5300,9.8467,8.9915,13.8087,16.3491,7.4698,15.8778,17.4891,13.1624,9.6416,11.6951,34.5758,19.4336,13.5907,16.0840,10.9243,10.1765,13.8647,16.5995,19.2587,16.9568,9.1700,9.4778,8.8149,11.6227,23.4982,16.6909,17.2323,14.0009,10.2772,9.1234,10.5944,9.9811,15.3468,16.1198,3.3243,3.2825,4.2382,3.2064,1.4497,-0.1580,2.6380,4.3520,3.0860,3.0588,0.8583,11.4026,23.9913,20.4689,8.1227,6.0403,7.9253,5.5022,15.9759,11.0584,17.6425,9.0743,14.9557,24.5272,24.8064,20.6879,8.6658,10.9578,12.4056,14.1242,13.0885,12.7376,12.8122,22.6346,14.8349,16.3017,21.6197,23.7835,17.0202,21.5513,14.2975,21.0390,15.3820,13.9565,15.7589,14.2494,16.0979,13.5991,13.0031,16.0630,13.2702,13.1219,10.4401,14.2246,10.8193,11.8940,11.1968,13.4800,12.2286,16.9387,11.9714,8.4211,8.7158,8.6395,7.3684,6.5960,11.9383,9.1303,8.7521,10.6950,9.0908,7.5675,6.9086,6.6385,6.4762,7.8882,7.0827,5.9861,5.2694,8.2883,3.1541,3.2375,2.0202,1.1324,-0.7253,-3.6974,0.9936,1.0692,2.1798,1.2163,1.5097,0.5455,10.3584,3.5457,5.5964,7.8043,10.3836,4.2183,10.0673,3.5218,5.4705,4.7862,2.9770,4.3388,4.5654,7.8625,8.1353,11.2117,8.1690,9.0284,7.4256,16.5054,16.3920,12.8066,13.1844,17.9675,13.5192,17.4233,12.9059,13.1377,13.3602,13.5741,13.7860,13.9831,14.1775,14.3711,14.5563,14.7416,14.9179,15.0950,15.2669,15.4385,15.6092,15.7768,15.9403,16.1014,16.2596,16.4142,16.5667,16.7169,16.8670,17.0132,17.1578,17.3029,17.4451,17.5871,17.7273,17.8644,18.0000,18.1324,18.2607,18.3841,18.5015,18.6116,18.7133,18.8050,18.8854,18.9532,19.0068,19.0453,19.0677,19.0732,19.0612,19.0318,18.9858,18.9254,18.8469,18.7960
45127.9166667,12.6041,13.5091,14.0185,13.7544,25.5685,14.3144,16.3714,10.5575,16.1133,12.8143,12.7867,11.9914,9.7222,11.3793,10.9857,10.3333,13.3609,11.7916,9.3575,8.0432,13.1595,7.3203,6.8263,8.1025,7.5322,20.6273,8.0478,6.3248,9.2790,6.1445,7.0839,4.9024,6.1327,8.3617,10.4613,9.4515,14.0777,16.5660,8.1851,16.4920,18.1525,14.0836,10.8391,12.7812,34.6630,21.4117,15.6054,17.3938,12.7209,11.3479,15.2279,18.0608,20.4779,18.3995,9.6029,12.3049,11.4553,13.6495,24.5323,17.8007,18.0686,14.9900,12.0644,11.2655,11.9136,11.7451,17.0095,17.9367,6.9397,7.1441,8.2246,7.4696,5.8399,4.1847,5.7972,7.9310,6.5923,6.4593,4.4096,13.4747,24.5840,21.3259,9.8573,7.6251,9.4110,7.1864,16.7149,11.8789,18.0202,9.4771,15.3010,23.9955,24.1211,20.3597,8.2409,10.7224,12.0029,12.8760,12.2131,11.4411,11.5769,20.9990,14.6308,15.8359,21.2945,23.4086,16.8894,21.3900,14.0255,22.3604,15.6441,14.3605,16.4795,14.4098,16.7312,13.3498,13.6652,17.6295,15.2582,15.3086,11.2093,16.4021,12.9879,15.1052,15.3325,17.7974,16.3292,20.4897,15.1060,10.2112,11.1831,11.2051,10.5211,10.1168,14.9386,12.0913,11.4381,13.3917,10.8802,9.7696,8.9043,9.1324,8.4534,9.5234,9.5966,7.3531,7.3762,10.9879,6.5479,6.4161,5.7405,5.0446,3.7686,1.3314,4.4560,4.7481,5.7042,4.5245,4.6490,3.7756,12.2398,6.1256,7.4887,9.3723,11.1721,5.6561,10.8050,4.8453,6.5720,5.5856,3.2025,4.5419,4.9502,7.9789,8.1496,10.3027,7.2537,8.2157,6.8462,15.3513,14.8361,11.1414,11.5366,16.2594,11.5387,15.9536,11.6054,11.8970,12.1860,12.4716,12.7572,13.0323,13.3044,13.5737,13.8340,14.0905,14.3364,14.5783,14.8118,15.0403,15.2637,15.4802,15.6896,15.8930,16.0902,16.2809,16.4662,16.6459,16.8218,16.9911,17.1555,17.3165,17.4718,17.6236,17.7710,17.9133,18.0524,18.1874,18.3185,18.4461,18.5702,18.6910,18.8087,18.9234,19.0352,19.1441,19.2500,19.3529,19.4526,19.5489,19.6413,19.7294,19.8125,19.8898,19.9513,20.0070
45127.9583333,15.1928,17.3752,17.6602,17.4706,29.0216,17.3128,19.9753,14.1300,19.4862,15.5563,15.7383,15.1512,12.1826,14.5030,14.5241,13.7758,16.5530,14.9515,11.7482,10.5970,15.7687,9.9316,8.8445,10.4903,9.8883,22.1601,10.0951,8.1192,11.1861,7.7859,9.0218,7.0028,8.0050,9.5644,11.3721,10.0856,14.4164,16.6817,8.5502,16.6889,18.2690,14.3119,11.2034,12.9970,33.9446,22.2802,16.4134,17.6795,13.4120,11.5370,15.6995,18.7609,21.1119,19.3096,9.6623,14.6281,13.6952,15.4425,25.6228,18.9610,19.0278,16.0647,13.7979,13.3076,13.1861,13.3751,18.5349,19.4300,9.3386,9.7137,11.0677,10.6801,9.1789,7.5026,7.9502,11.1125,9.8192,9.7617,7.8645,15.8076,25.7052,22.7215,11.9182,9.4564,11.3015,9.2111,18.1798,13.3871,19.2376,10.6355,16.5195,24.4809,24.4861,21.0486,8.8276,11.4720,12.6177,12.8189,12.4236,11.3272,11.4732,20.4435,14.8681,15.8102,21.2845,23.2544,16.8439,21.1874,13.5906,23.0209,15.2300,13.9175,16.2417,13.7302,16.3591,12.3685,13.2574,17.9138,15.8298,16.0034,10.7305,16.9828,13.4625,16.5304,17.7422,20.6384,19.0764,22.9803,17.1766,11.0530,12.7201,12.9924,12.9682,13.0923,17.8782,15.0730,14.2733,16.4437,12.9800,12.1830,11.0185,11.6662,10.3524,11.0624,11.8059,8.2848,8.7257,12.9987,8.8709,8.3897,8.0964,7.3494,6.7384,5.0848,6.5840,7.4830,8.6797,7.1473,7.1780,6.5868,14.4818,8.8963,9.7554,11.5092,12.6938,7.5942,12.4413,6.8680,8.6554,7.4052,4.3779,5.6887,6.1860,8.9015,8.8399,10.1467,7.0405,7.9396,6.6447,14.5180,13.6284,9.8822,10.2010,14.6827,9.8748,14.3934,10.1955,10.4374,10.6839,10.9344,11.1912,11.4469,11.7064,11.9699,12.2325,12.4978,12.7606,13.0250,13.2876,13.5501,13.8120,14.0713,14.3271,14.5798,14.8283,15.0719,15.3108,15.5443,15.7732,15.9951,16.2109,16.4213,16.6247,16.8222,17.0132,17.1973,17.3756,17.5477,17.7137,17.8738,18.0282,18.1772,18.3209,18.4597,18.5936,18.7230,18.8480,18.9689,19.0860,19.1994,19.3092,19.4155,19.5183,19.6167,19.7020,19.7742
45128.0000000,16.6243,20.0723,20.1635,20.0561,31.6111,19.2477,22.5960,16.7269,22.0930,17.4689,17.8848,17.5259,13.8445,16.9755,17.5106,16.7395,19.4774,17.9019,13.8839,12.9261,18.4392,12.4159,10.7675,12.9435,12.3518,24.1804,12.3851,10.1305,13.5432,9.7999,11.4782,9.5861,10.4085,11.3008,12.8192,11.2083,15.2406,17.2260,9.1983,17.0844,18.5165,14.5851,11.5278,13.1393,33.1064,22.6842,16.6340,17.3935,13.3820,11.1066,15.4590,18.6879,20.9786,19.4112,9.1290,16.0097,15.0371,16.4542,26.1572,19.5834,19.5439,16.7216,15.0701,14.9343,14.1814,14.7537,19.9611,20.8006,11.0950,11.5163,13.1387,13.0791,11.6157,9.7730,9.1430,13.5275,12.2729,12.3761,10.5881,17.6675,26.5563,23.8345,13.5061,10.7653,12.7826,10.7868,19.5336,14.7610,20.4918,11.7436,17.8584,25.2728,25.2271,22.1283,9.7176,12.6064,13.6891,13.3433,13.1773,11.8339,12.0076,20.6460,15.2165,15.9773,21.4856,23.3439,17.0258,21.1890,13.4196,23.6655,14.8983,13.4707,15.8758,13.0245,15.7891,11.4127,12.6008,17.6833,15.7718,15.9861,9.8764,16.7495,13.1078,16.8720,18.9159,22.2096,20.5061,24.2382,17.9904,10.8723,13.0754,13.5960,14.1669,14.8398,19.8809,17.1806,16.3752,19.0160,14.6733,14.2773,12.9234,14.1081,12.2235,12.7269,14.1464,9.4012,10.1766,15.1889,11.1392,10.2602,10.2218,9.1859,8.9960,7.9341,7.8302,9.3495,10.8731,8.8501,8.7956,8.4359,16.2061,10.9566,11.4297,13.1765,13.8699,9.0117,13.8945,8.5695,10.7651,9.3830,5.6390,7.1199,7.8691,10.4732,10.2272,10.8209,7.6367,8.4768,7.2018,14.5410,13.3262,9.5601,9.7797,13.9642,9.1677,13.5947,9.5412,9.6940,9.8539,10.0208,10.1963,10.3753,10.5615,10.7551,10.9527,11.1569,11.3641,11.5772,11.7938,12.0152,12.2409,12.4696,12.7004,12.9336,13.1683,13.4039,13.6401,13.8764,14.1131,14.3481,14.5817,14.8142,15.0439,15.2714,15.4957,15.7161,15.9331,16.1459,16.3542,16.5577,16.7563,16.9498,17.1380,17.3209,17.4984,17.6705,17.8371,17.9984,18.1544,18.3051,18.4507,18.5912,18.7264,18.8553,18.9695,19.0611
45128.0416667,17.2301,21.8724,21.8331,21.8442,33.6132,20.5279,24.5805,18.5827,24.1020,18.7894,19.4396,19.2919,14.9082,18.8670,19.9308,19.1495,21.9737,20.4473,15.5884,14.8166,20.8981,14.5532,12.3741,15.1856,14.6403,26.3948,14.6520,12.0787,16.0507,11.8830,14.1933,12.4603,13.2376,13.5202,14.8287,12.8854,16.7089,18.4355,10.3716,18.0364,19.3134,15.3565,12.2924,13.7220,32.7223,23.2471,16.9183,17.1883,13.2859,10.7042,15.1320,18.4275,20.6108,19.2103,8.5164,16.8172,15.7578,16.8925,26.2270,19.7211,19.5990,16.8932,15.7634,15.9676,14.6843,15.6338,21.0291,21.9041,12.4171,12.8857,14.8095,15.0729,13.5846,11.3998,9.8394,15.4399,14.1813,14.4936,12.7810,19.2163,27.2743,24.7914,14.7836,11.7373,13.9559,11.9891,20.7031,15.8990,21.6034,12.6228,19.0646,26.0782,26.0219,23.2428,10.5244,13.7118,14.7957,14.0150,14.0638,12.5281,12.7555,21.2143,15.5572,16.1999,21.7767,23.5663,17.3287,21.3553,13.4429,24.3892,14.7895,13.2655,15.7187,12.6390,15.4691,10.8759,12.2184,17.5643,15.7675,15.9745,9.2834,16.4327,12.6714,16.8739,19.5628,23.1379,21.2115,24.7783,18.0826,10.2496,12.7521,13.4218,14.4245,15.5514,20.9311,18.3075,17.5236,20.7176,15.5698,15.5760,14.1044,15.8953,13.5329,13.9778,16.1402,10.2862,11.4238,17.3410,13.2776,12.0518,12.3051,10.9928,11.1747,10.6163,9.0176,11.1305,13.0196,10.4314,10.2236,9.9989,17.8876,12.8029,12.9384,14.7241,14.9962,10.2135,15.2569,9.9880,12.6751,11.1404,6.5756,8.3284,9.4458,12.1582,11.8200,11.8426,8.5632,9.4245,8.1672,15.2001,13.7345,9.9597,10.1167,14.0731,9.3132,13.6429,9.7120,9.7913,9.8762,9.9667,10.0644,10.1658,10.2739,10.3891,10.5092,10.6363,10.7679,10.9065,11.0504,11.2007,11.3571,11.5189,11.6856,11.8574,12.0337,12.2141,12.3987,12.5869,12.7790,12.9736,13.1708,13.3709,13.5727,13.7764,13.9813,14.1869,14.3933,14.5999,14.8063,15.0122,15.2172,15.4211,15.6234,15.8240,16.0224,16.2185,16.4118,16.6023,16.7896,16.9736,17.1540,17.3305,17.5025,17.6683,17.8187,17.9372
45128.0833333,17.2334,22.8782,22.7230,22.8357,34.8948,21.0826,25.8139,19.7681,25.5232,19.5606,20.4360,20.4957,15.4966,20.1821,21.7796,21.0153,24.0103,22.5425,16.8566,16.2573,23.0018,16.2352,13.5682,17.0415,16.5529,28.4789,16.6084,13.7185,18.4174,13.7875,16.8880,15.3341,16.1991,15.9315,17.1214,14.8632,18.6006,20.1376,11.9246,19.4504,20.5924,16.5742,13.4598,14.7407,32.9022,24.2310,17.5888,17.3548,13.4990,10.6658,15.0918,18.3803,20.4131,19.1081,8.1636,17.4881,16.2911,17.1455,26.1262,19.6470,19.4314,16.8043,16.0864,16.5709,14.8289,16.0922,21.6957,22.6323,13.3388,13.8900,16.1266,16.7012,15.1666,12.6355,10.2857,17.0162,15.7233,16.2411,14.5525,20.4717,27.8122,25.5333,15.7287,12.3789,14.8134,12.8535,21.6683,16.8031,22.5518,13.2907,20.1028,26.8118,26.7584,24.2749,11.1703,14.6772,15.7888,14.6322,14.8659,13.1641,13.4512,21.8424,15.7703,16.3291,21.9846,23.7340,17.5703,21.4927,13.5061,25.1116,14.8217,13.2463,15.7239,12.4821,15.3415,10.6220,12.0548,17.5746,15.8629,16.0633,9.0114,16.2843,12.4431,16.9325,20.1134,23.8838,21.6872,25.0684,17.9536,9.6659,12.2877,13.0170,14.2853,15.7241,21.3799,18.7671,17.9703,21.6567,15.7855,16.1187,14.5508,16.8881,14.1166,14.5600,17.4244,10.6186,12.0934,18.9515,14.8124,13.2986,13.9057,12.4572,13.1089,13.1133,10.1449,12.8516,15.1664,11.9733,11.6158,11.5109,19.7116,14.6443,14.4741,16.3258,16.2156,11.3778,16.6778,11.3213,14.5439,12.8161,7.3744,9.3818,10.8632,13.7761,13.3599,12.8819,9.4550,10.3796,9.1172,16.0367,14.3548,10.5410,10.6645,14.4838,9.7266,14.0314,10.1856,10.2313,10.2807,10.3338,10.3915,10.4515,10.5157,10.5845,10.6563,10.7328,10.8122,10.8965,10.9844,11.0772,11.1747,11.2765,11.3826,11.4932,11.6083,11.7276,11.8513,11.9794,12.1121,12.2486,12.3891,12.5339,12.6822,12.8343,12.9899,13.1486,13.3105,13.4753,13.6427,13.8124,13.9844,14.1583,14.3339,14.5109,14.6892,14.8684,15.0483,15.2287,15.4093,15.5899,15.7701,15.9496,16.1276,16.3020,16.4635,16.5907
45128.1250000,17.0097,23.4551,23.1836,23.3711,35.7257,21.2253,26.5237,20.4185,26.3995,19.8388,20.8957,21.1212,15.5929,20.8111,22.9155,22.1907,25.4182,24.0307,17.5813,17.1485,24.6054,17.3819,14.2910,18.4037,17.9780,30.2469,18.1148,14.9031,20.3944,15.2669,19.2466,17.8906,18.9555,18.1933,19.3498,16.7891,20.5625,21.9820,13.5050,21.0170,22.0622,17.9547,14.7543,15.9331,33.4431,25.4874,18.5201,17.8043,13.9643,10.9187,15.3398,18.6060,20.4861,19.2370,8.1141,18.2157,16.8484,17.4332,26.0735,19.5828,19.2529,16.6594,16.2410,16.9277,14.7762,16.2666,22.0300,23.0025,13.8527,14.5124,17.0658,17.9432,16.3547,13.4923,10.4992,18.2561,16.9169,17.6427,15.9485,21.4621,28.1863,26.0770,16.3879,12.7487,15.3748,13.3910,22.3564,17.3978,23.2162,13.6516,20.8280,27.3028,27.2559,25.0333,11.5087,15.3213,16.4795,15.0107,15.4049,13.5626,13.9089,22.3027,15.8827,16.3665,22.0820,23.7892,17.6722,21.4871,13.4393,25.6394,14.7740,13.1894,15.6973,12.3507,15.2352,10.4493,11.9449,17.5956,15.9545,16.1539,8.8661,16.1963,12.3072,17.0045,20.5928,24.5327,22.0711,25.2798,17.7991,9.2462,11.8856,12.6247,14.0469,15.6924,21.5516,18.9006,18.0514,22.1210,15.6191,16.1700,14.4995,17.2591,14.1406,14.5789,18.0220,10.4555,12.1697,19.8717,15.6209,13.8665,14.8022,13.2757,14.4250,15.0371,10.8591,14.1548,16.9579,13.1716,12.7009,12.7338,21.4197,16.2790,15.8592,17.8204,17.3813,12.4083,18.0505,12.5149,16.3166,14.3832,8.0614,10.3218,12.1543,15.3227,14.8254,13.8936,10.2696,11.2661,9.9645,16.9057,15.0204,11.1259,11.2225,14.9683,10.1652,14.4890,10.6701,10.6906,10.7143,10.7414,10.7724,10.8056,10.8425,10.8832,10.9267,10.9739,11.0237,11.0774,11.1340,11.1943,11.2582,11.3254,11.3957,11.4694,11.5463,11.6263,11.7096,11.7960,11.8859,11.9787,12.0747,12.1741,12.2765,12.3822,12.4911,12.6029,12.7180,12.8361,12.9573,13.0815,13.2086,13.3386,13.4714,13.6069,13.7451,13.8858,14.0289,14.1743,14.3219,14.4715,14.6229,14.7758,14.9296,15.0823,15.2258,15.3394
45128.1666667,16.4103,23.4737,23.1182,23.3733,36.0121,20.9204,26.7164,20.5715,26.7910,19.7262,20.9407,21.3134,15.3757,20.9147,23.4495,22.7479,26.1939,24.8722,17.7477,17.4621,25.5937,17.9269,14.4979,19.1822,18.8253,31.5273,19.0681,15.5759,21.8700,16.2601,21.1380,19.9758,21.3052,20.0877,21.2676,18.4173,22.3181,23.6823,14.8599,22.4862,23.4642,19.2433,15.9307,17.0510,34.1032,26.8216,19.5322,18.3878,14.5522,11.3109,15.7488,19.0023,20.7469,19.5311,8.2440,19.0128,17.4757,17.8120,26.1379,19.6150,19.1694,16.5879,16.3923,17.2256,14.7172,16.3625,22.2197,23.1673,14.0596,14.7982,17.6261,18.7716,17.1239,13.9824,10.4794,19.1236,17.7351,18.6570,16.9331,22.1178,28.3028,26.3357,16.7118,12.8250,15.6185,13.6112,22.7489,17.6922,23.5947,13.7451,21.2495,27.5339,27.4894,25.4952,11.5744,15.6489,16.8517,15.1184,15.6408,13.6805,14.0764,22.5052,15.7829,16.2135,21.9793,23.6554,17.5842,21.3247,13.2544,25.9561,14.6105,13.0280,15.5494,12.1316,15.0220,10.2085,11.7419,17.4792,15.8961,16.1031,8.6873,16.0426,12.1404,16.9978,20.9295,25.0357,22.3400,25.4008,17.6201,8.9389,11.5579,12.2945,13.8081,15.5895,21.5907,18.8871,17.9748,22.3360,15.3138,16.0033,14.2392,17.2931,13.8933,14.3069,18.1743,10.0550,11.8965,20.2501,15.8692,13.9137,15.1043,13.5121,15.0860,16.2540,11.0551,14.8563,18.1416,13.8041,13.2452,13.4202,22.6751,17.4064,16.7962,18.8988,18.1849,13.0502,19.1032,13.3646,17.8062,15.7032,8.5645,11.0579,13.2491,16.7284,16.1636,14.8244,10.9785,12.0563,10.6978,17.7542,15.6723,11.6637,11.7368,15.4552,10.5653,14.9411,11.1045,11.1051,11.1085,11.1148,11.1245,11.1363,11.1512,11.1694,11.1900,11.2138,11.2400,11.2695,11.3016,11.3370,11.3754,11.4168,11.4610,11.5082,11.5582,11.6111,11.6668,11.7254,11.7869,11.8511,11.9179,11.9877,12.0600,12.1350,12.2127,12.2929,12.3757,12.4610,12.5489,12.6392,12.7321,12.8274,12.9251,13.0252,13.1278,13.2328,13.3401,13.4498,13.5618,13.6761,13.7927,13.9113,14.0315,14.1518,14.2658,14.3564
45128.2083333,15.7470,23.2347,22.7900,23.0837,35.9417,20.3627,26.5223,20.3287,26.7211,19.2413,20.5665,21.0485,14.8177,20.6569,23.5276,22.8266,26.4514,25.1711,17.4779,17.2995,26.0099,17.9478,14.2641,19.4025,19.1056,32.2535,19.4527,15.7235,22.7553,16.7049,22.4462,21.4808,23.1214,21.4948,22.7405,19.6165,23.7050,25.0565,15.8365,23.6756,24.6154,20.2684,16.8308,17.9275,34.6824,28.0292,20.4230,18.9128,15.0779,11.6617,16.1531,19.4212,21.0628,19.8744,8.4146,19.7954,18.0997,18.2198,26.2772,19.7129,19.1598,16.5782,16.5516,17.4961,14.6827,16.4375,22.3504,23.2336,14.0796,14.8539,17.9014,19.2708,17.5517,14.1478,10.2640,19.6310,18.1890,19.2946,17.5307,22.4511,28.1675,26.3201,16.7381,12.6543,15.5725,13.5407,22.8259,17.6751,23.6520,13.5624,21.3345,27.4610,27.4172,25.6211,11.3719,15.6474,16.8913,14.9499,15.5744,13.5251,13.9595,22.4139,15.5664,15.9402,21.7187,23.3516,17.3167,20.9817,12.9138,26.0129,14.2888,12.7248,15.2515,11.8016,14.6837,9.8840,11.4325,17.2108,15.6760,15.8878,8.4189,15.7488,11.8563,16.8217,21.0408,25.3081,22.4149,25.3580,17.3441,8.6328,11.2142,11.9474,13.5190,15.3966,21.5047,18.7585,17.7933,22.3826,14.9533,15.7317,13.8961,17.1489,13.5402,13.9213,18.0838,9.6046,11.4886,20.3013,15.7999,13.6859,15.0452,13.3748,15.2522,16.8699,10.8666,15.0469,18.7570,13.9435,13.3197,13.6047,23.4097,17.9842,17.2310,19.4799,18.5412,13.2531,19.7071,13.7671,18.8352,16.5920,8.7465,11.5048,14.0392,17.8648,17.2542,15.5611,11.4952,12.6641,11.2488,18.4892,16.2284,12.0935,12.1523,15.8817,10.8856,15.3367,11.4555,11.4410,11.4285,11.4183,11.4107,11.4048,11.4015,11.4008,11.4023,11.4065,11.4129,11.4222,11.4339,11.4484,11.4656,11.4856,11.5081,11.5333,11.5611,11.5915,11.6246,11.6602,11.6985,11.7392,11.7825,11.8284,11.8767,11.9275,11.9808,12.0365,12.0946,12.1551,12.2179,12.2831,12.3506,12.4204,12.4924,12.5667,12.6432,12.7219,12.8027,12.8857,12.9708,13.0580,13.1472,13.2384,13.3311,13.4242,13.5128,13.5832
45128.2500000,14.8286,22.5942,22.0959,22.4316,35.4566,19.5316,25.9831,19.8451,26.3714,18.5812,19.9849,20.5490,14.1389,20.1612,23.2918,22.5827,26.3402,25.0829,16.9450,16.8432,25.9955,17.6161,13.7654,19.2208,18.9659,32.4887,19.3808,15.4818,23.1250,16.7009,23.2034,22.4234,24.3847,22.3855,23.7191,20.3494,24.6510,26.0212,16.4095,24.5020,25.4238,20.9496,17.3968,18.4968,35.0647,29.0027,21.0971,19.2734,15.4453,11.8769,16.4390,19.7410,21.3068,20.1437,8.5175,20.4880,18.6598,18.5950,26.4206,19.8126,19.1682,16.5918,16.7171,17.7658,14.6988,16.5379,22.4795,23.2694,14.0200,14.7902,17.9942,19.5437,17.7498,14.1083,9.9536,19.8608,18.3593,19.6263,17.8178,22.5058,27.7975,26.0459,16.5070,12.2895,15.3001,13.2623,22.6521,17.4260,23.4574,13.1931,21.1557,27.1353,27.0859,25.4642,10.9920,15.4012,16.6722,14.5686,15.2653,13.1566,13.6173,22.0739,15.1196,15.4613,21.2370,22.8408,16.8697,20.4735,12.4727,25.8563,13.8526,12.3125,14.8197,11.3672,14.2166,9.4689,11.0141,16.7816,15.2908,15.5086,8.0739,15.3252,11.4709,16.4887,20.9353,25.3417,22.2776,25.1162,16.9370,8.2845,10.8175,11.5467,13.1500,15.0901,21.2669,18.4971,17.4980,22.2653,14.5399,15.3852,13.5136,16.8936,13.1458,13.4968,17.8528,9.1808,11.0616,20.1632,15.5653,13.3405,14.8091,13.0726,15.1443,17.1021,10.5029,14.9197,18.9623,13.7592,13.0927,13.4522,23.7167,18.1433,17.2754,19.6474,18.5199,13.1088,19.9046,13.7908,19.4154,17.0511,8.6492,11.6058,14.4512,18.6301,17.9965,16.0048,11.7451,13.0101,11.5502,18.9992,16.5741,12.3128,12.3649,16.1273,11.0226,15.5654,11.6390,11.6259,11.6118,11.5974,11.5835,11.5699,11.5573,11.5462,11.5362,11.5278,11.5208,11.5157,11.5123,11.5110,11.5117,11.5144,11.5192,11.5261,11.5352,11.5465,11.5599,11.5757,11.5937,11.6140,11.6365,11.6614,11.6885,11.7179,11.7497,11.7836,11.8199,11.8584,11.8991,11.9421,11.9872,12.0346,12.0841,12.1358,12.1897,12.2456,12.3037,12.3638,12.4260,12.4903,12.5565,12.6247,12.6944,12.7649,12.8322,12.8855
45128.2916667,13.3164,21.1183,20.4932,20.7266,33.6909,17.4749,24.0024,17.9571,24.5929,16.6270,18.0681,18.7296,12.3636,18.4983,21.8647,21.2218,25.0979,23.8675,15.4703,15.5013,24.9395,16.3048,12.4438,18.1018,17.8677,31.5448,18.1024,14.1567,22.3191,15.6683,22.8593,22.2414,24.5021,22.1583,23.5233,19.9336,24.3762,25.7031,15.7430,24.0666,24.8429,20.2066,16.4968,17.6153,34.1337,28.5835,20.4908,18.5189,14.8094,11.1768,15.8058,19.0968,20.5634,19.3821,7.6547,20.1325,18.2658,18.0401,25.6003,18.8532,18.0935,15.5126,15.7798,17.0057,13.8534,15.8174,21.8497,22.6085,13.5981,14.4368,17.6903,19.2515,17.3181,13.5393,9.2595,19.4088,17.7284,19.0262,17.0195,21.3533,26.2162,24.3733,14.7872,10.4881,13.4591,11.4766,20.8926,15.6023,21.6524,11.3589,19.3690,25.2257,25.2024,23.7466,9.2898,13.8187,15.1423,12.9740,13.6772,11.5574,12.0573,20.4326,13.6034,13.8913,19.5920,21.1107,15.2010,18.8339,11.0847,24.7469,12.6486,11.2533,13.7653,10.3185,13.0806,8.4160,9.8999,15.5768,14.0671,14.2762,7.0181,14.1653,10.3841,15.4091,19.9407,24.4226,21.1872,23.9040,15.5991,7.1639,9.6900,10.4655,12.1136,14.0764,20.2388,17.4450,16.4409,21.3145,13.3748,14.3056,12.4876,15.9819,12.1565,12.4999,16.9595,8.2428,10.1382,19.3906,14.6550,12.3439,13.8983,12.2046,14.4745,16.7131,9.7532,14.2647,18.4703,12.9196,12.1242,12.4461,23.0388,17.2217,16.2145,18.6329,17.3415,11.7879,18.8352,12.6086,18.7432,16.3930,7.7293,10.8572,13.9683,18.4777,17.7932,15.5670,11.1040,12.4314,10.9041,18.5016,15.8921,11.4081,11.3524,15.0957,9.8351,14.3859,10.3634,10.3861,10.4073,10.4262,10.4424,10.4552,10.4659,10.4741,10.4799,10.4837,10.4853,10.4856,10.4844,10.4821,10.4790,10.4752,10.4710,10.4668,10.4626,10.4589,10.4558,10.4534,10.4521,10.4519,10.4529,10.4554,10.4591,10.4635,10.4703,10.4790,10.4895,10.5015,10.5151,10.5306,10.5476,10.5663,10.5878,10.6093,10.6329,10.6583,10.6849,10.7132,10.7430,10.7738,10.8052,10.8324,10.8610,10.8893,10.9131,10.9317
45128.3333333,10.7031,18.4460,17.8464,18.0213,30.9345,14.6878,21.1120,14.8989,21.5543,13.6171,14.9959,15.6543,9.4642,15.3632,18.8305,18.2639,22.1052,20.8498,12.4912,12.7386,22.4412,13.7135,10.0330,15.7468,15.5198,29.3786,15.6854,11.7309,20.2358,13.4117,21.0574,20.5174,22.8722,20.2154,21.7372,18.1052,22.7649,24.0470,13.7986,22.3244,22.9274,18.1992,14.3046,15.4395,31.9464,26.5845,18.3368,16.3461,12.7426,9.2134,13.8402,17.0347,18.3113,17.1349,5.6219,18.2333,16.4070,16.1492,23.5909,16.7444,15.9003,13.2773,13.5332,14.8380,11.7119,13.6185,19.5648,20.4927,12.2310,13.4564,16.8865,18.4457,16.3462,12.4048,8.2311,18.4171,16.5147,17.8090,15.5414,19.5618,24.1800,22.1640,12.5098,8.2671,10.8636,8.9200,18.0991,12.7130,18.5935,8.4747,16.1959,21.8546,21.7947,20.3443,6.1986,10.6098,11.9619,9.9307,10.5543,8.4900,8.9981,17.1674,10.5392,10.8093,16.3352,17.8254,12.0886,15.7580,8.3667,22.1058,10.1344,8.9308,11.5589,8.2456,10.9231,6.4583,7.7983,13.4189,11.9515,12.1893,5.2523,12.0862,8.3499,13.3493,17.8564,22.4119,19.0565,21.7053,13.3266,5.2914,7.7057,8.4586,10.0112,11.9582,17.9592,15.2362,14.3032,19.2802,11.2805,12.1056,10.3916,14.0290,10.2487,10.6414,15.1641,6.6069,8.4833,17.8012,12.9861,10.6406,12.2258,10.5811,13.0096,15.4415,8.4516,13.0068,17.3288,11.5794,10.5675,10.7552,21.6610,15.4377,14.4076,16.7877,15.4978,9.7659,16.8030,10.4995,16.7572,14.4312,5.7534,8.9023,12.1321,16.9723,16.2622,14.1010,9.3735,10.7649,9.2226,16.9025,14.4172,9.6779,9.4354,13.0890,7.6898,12.0677,7.7227,7.7875,7.8467,7.9002,7.9469,7.9889,8.0269,8.0593,8.0870,8.1107,8.1306,8.1475,8.1616,8.1736,8.1829,8.1908,8.1965,8.2003,8.2024,8.2031,8.2044,8.2003,8.1954,8.1884,8.1793,8.1694,8.1581,8.1457,8.1321,8.1172,8.1016,8.0851,8.0678,8.0502,8.0321,8.0131,7.9936,7.9716,7.9347,7.8584,7.7999,7.7478,7.6995,7.6516,7.6053,7.5621,7.5221,7.4858,7.4466,7.4172
45128.3750000,4.4188,12.0268,11.9034,12.2824,25.2107,9.4922,15.9275,9.9278,16.7550,9.2111,10.6413,11.4370,5.7771,10.6802,14.2302,13.8856,18.0857,16.1700,8.1716,8.0399,17.7723,9.0040,5.8461,11.6817,11.5434,25.4347,11.7212,8.0575,16.8148,9.9617,17.8139,17.2319,19.6329,16.0305,16.9308,13.1207,18.5617,20.4827,10.3179,19.0401,19.4681,14.9500,10.9640,12.1932,28.6338,23.2781,14.9579,13.0613,9.6414,6.4484,11.0490,13.1951,14.2074,12.4427,1.6337,13.7676,11.9911,11.9701,19.4390,12.6236,12.1508,8.8892,9.2385,10.8031,8.2598,9.9272,16.0518,16.0378,8.3711,11.0683,14.9249,16.5541,14.5211,10.3595,6.6578,16.6731,14.5410,15.8537,13.3614,17.1181,21.7838,19.5339,9.6291,6.1657,7.3703,5.7284,14.5597,9.2106,14.6396,4.8604,11.8450,16.9658,17.1498,15.6183,1.4608,5.5552,7.0045,5.3732,5.7465,4.3736,4.0858,11.9822,4.9569,5.8620,10.8362,12.0035,5.9032,10.0942,3.2968,17.0330,5.4009,4.3901,7.1789,4.3080,7.1701,3.1533,3.7396,9.2190,8.0080,8.3832,2.2536,9.1682,5.1524,10.0771,14.4279,19.1498,15.8504,18.4452,10.0952,2.7338,4.9819,5.6451,7.0719,8.8671,14.1316,11.6255,10.8261,15.9729,7.8921,8.3611,6.9553,10.7227,7.1955,7.7278,12.3036,4.2210,6.0682,15.2456,10.3811,8.0784,9.6676,8.1962,10.8134,13.3352,6.6629,11.1866,15.6321,9.6960,8.5059,8.4000,20.4984,12.7837,12.0164,13.9168,12.7362,7.1453,13.3167,7.4312,13.1107,10.8249,2.5078,5.5670,8.6124,13.9845,12.8791,11.4943,6.1908,7.6707,6.1512,13.8582,12.1378,7.1295,6.6642,10.2604,4.9012,8.8293,3.7201,3.8872,4.0325,4.1686,4.2931,4.4041,4.5073,4.6001,4.6831,4.7559,4.8209,4.8777,4.9268,4.9681,5.0036,5.0314,5.0535,5.0697,5.0803,5.0857,5.0857,5.0812,5.0719,5.0584,5.0402,5.0183,4.9926,4.9630,4.9289,4.8822,4.7476,4.5852,4.4199,4.2704,4.1337,3.9965,3.8596,3.7236,3.5922,3.4618,3.3335,3.2077,3.0861,2.9672,2.8514,2.7397,2.6324,2.5303,2.4257,2.3470
45128.4166667,-5.7024,1.2388,1.8647,2.5016,16.6438,-0.2166,5.9087,1.2053,8.4818,0.5103,2.1527,3.4252,-0.9493,3.5327,7.3187,7.5047,13.0778,9.9990,3.6303,2.5494,12.4557,4.0472,1.2884,6.9351,6.6299,20.3838,4.9544,1.4814,10.0415,3.1866,10.8523,11.6111,15.0171,11.0447,11.2432,6.3662,9.5308,11.1202,2.0645,12.0522,11.1286,7.5009,3.8764,5.4999,23.4615,16.2964,7.7469,6.6155,4.2495,1.7804,7.8774,9.4146,9.9366,7.4704,-3.3964,7.6231,4.9121,5.6414,12.3748,3.9061,5.3468,0.9499,1.5198,3.5100,2.4437,3.9786,11.3362,11.0424,2.3589,6.6224,10.9836,11.8375,11.0168,6.7266,3.8700,14.3823,10.3045,13.2022,8.1471,11.3233,18.4859,15.1235,2.9247,1.7145,0.5556,-0.3777,8.1662,3.1850,8.2141,1.0306,6.5482,9.6996,9.8695,8.1519,-5.5746,-2.8559,-1.0242,-1.7139,-1.4436,-0.7965,-2.4709,6.5264,-2.6999,-0.4154,4.1686,4.7188,-2.0233,1.4467,-4.5886,9.4865,-1.4684,-1.9930,0.5807,-1.5220,2.4154,-1.0008,-1.8819,2.9754,2.6834,2.0713,-3.7064,3.5436,-0.8092,4.5309,7.3406,12.1704,8.8947,11.5414,3.0293,-3.6224,-1.0715,-0.1601,1.6502,3.7776,8.1817,5.4016,5.3994,11.8792,4.0251,3.1297,2.1113,5.9432,2.5448,2.2982,6.7908,-0.7143,1.5594,10.1036,5.4080,2.1006,4.5197,3.0638,6.3844,9.4462,3.3387,7.7315,13.4808,5.8408,5.7325,4.0690,17.8983,9.4635,8.5325,8.3442,8.6747,2.8838,8.0789,3.5979,8.4200,6.1489,-1.5704,1.1071,3.3542,9.4678,8.0013,7.4004,1.0832,3.3909,0.8985,9.9623,8.2833,3.2486,2.7158,6.4250,1.3881,4.7423,-1.5693,-1.2627,-0.9675,-0.6890,-0.4274,-0.1879,0.0363,0.2411,0.4270,0.5942,0.7453,0.8809,1.0020,1.1095,1.2054,1.2888,1.3612,1.4228,1.4709,1.4719,1.2278,1.0789,0.9070,0.7321,0.5609,0.4085,0.2553,0.1009,-0.0551,-0.2127,-0.3621,-0.5145,-0.6695,-0.8263,-0.9792,-1.1344,-1.2913,-1.4494,-1.6060,-1.7634,-1.9210,-2.0782,-2.2338,-2.3887,-2.5421,-2.6933,-2.8415,-2.9853,-3.1331,-3.2428
45128.4583333,-15.1077,-9.8766,-8.6221,-7.6948,7.7830,-11.2652,-5.8650,-9.2416,-0.1360,-8.9209,-8.7039,-8.6857,-11.2739,-8.3585,-5.8384,-4.7625,4.3304,0.9360,-1.9475,-3.3904,5.2700,-3.4935,-5.4486,0.1252,0.7048,16.7449,-0.9765,-4.9453,5.0114,-2.8046,5.3358,4.7647,10.3317,7.3327,7.3554,1.5347,3.9691,1.6025,-8.1750,3.7245,1.1284,-4.3944,-7.5676,-5.4562,16.7426,7.8876,-1.5450,-1.8625,-3.6227,-4.7754,3.1662,5.4221,5.8895,4.1658,-5.8383,3.4541,-0.4621,2.6411,8.1190,-3.5939,-1.2996,-7.4691,-7.1235,-4.9847,-4.1928,-3.3351,4.6132,4.5157,-3.7907,1.1310,8.0873,7.7795,8.0773,1.8848,-0.0335,11.5777,4.6543,10.1158,1.9157,5.5322,16.9428,12.2400,-2.0104,-2.5779,-5.4931,-5.6091,2.0232,-4.5919,3.0444,-4.2860,0.8473,4.2170,4.3949,2.0617,-10.4681,-9.9712,-8.5105,-8.1289,-8.4197,-6.1229,-8.5784,-0.3938,-11.7995,-8.6092,-4.0497,-3.4873,-9.6195,-7.8250,-13.5295,0.7514,-8.5394,-7.9148,-5.7150,-8.4303,-3.3240,-5.8588,-8.8337,-4.6020,-3.6261,-4.0405,-9.5663,-2.3947,-7.5788,-2.2419,-1.7749,4.8779,1.5800,4.8926,-3.5165,-9.6356,-6.8169,-6.2508,-3.8610,-0.8014,4.0043,-1.1810,-2.7932,4.8303,-1.3597,-1.6516,-4.6452,0.3683,-2.6411,-4.1947,1.1225,-6.6255,-3.7472,6.2189,0.8773,-2.7458,0.5720,-2.1423,0.4781,4.0513,-1.0067,3.7202,9.6992,1.3635,1.0457,-1.3849,14.4339,6.3116,4.3025,3.0186,4.7815,-0.4798,4.2296,-0.5146,3.1677,1.1385,-5.5600,-3.2491,-2.3001,4.8375,3.3078,3.6767,-3.7075,-0.2964,-4.1075,7.2387,5.2454,0.2981,-0.3101,3.4168,-1.2805,0.7926,-6.7034,-7.2445,-7.7105,-8.0862,-8.3580,-8.5254,-8.5836,-8.5491,-8.4390,-8.2735,-8.0701,-7.8451,-7.6106,-7.2933,-6.9077,-6.5488,-6.2277,-5.9545,-5.7158,-5.5534,-5.4273,-5.3497,-5.3127,-5.3078,-5.3273,-5.3534,-5.3945,-5.4473,-5.5098,-5.5805,-5.6515,-5.7303,-5.8164,-5.9092,-6.0044,-6.1063,-6.2142,-6.3276,-6.4442,-6.5655,-6.6908,-6.8195,-6.9504,-7.0842,-7.2200,-7.3572,-7.4948,-7.6312,-7.7761,-7.8817
45128.5000000,-23.9602,-21.4088,-18.8184,-15.8325,-2.3028,-22.6205,-20.2293,-23.3023,-11.4583,-17.2007,-17.1169,-20.1167,-20.7398,-17.3179,-16.2432,-19.5548,-10.1057,-15.4026,-17.6849,-18.9056,-6.9247,-15.9270,-15.3640,-10.3513,-8.5039,8.8629,-7.3573,-12.8547,-1.4613,-10.5085,-2.3088,-4.5037,1.8934,-0.6721,2.4885,-2.1026,1.3209,-1.2194,-13.1441,-0.3455,-3.9902,-13.2689,-18.4227,-16.4950,9.1745,-2.5634,-13.4547,-13.6468,-16.1885,-16.7799,-9.1619,-4.3893,-2.3773,-5.3549,-13.5000,-4.9953,-6.6144,0.5730,6.3938,-4.9108,-3.8548,-12.3724,-15.5618,-14.0789,-12.7419,-11.4594,-1.5342,-1.3765,-11.7099,-6.3862,0.1830,-0.3930,0.9244,-2.6181,-3.3916,9.7658,2.3806,8.6323,-3.5678,-0.6669,16.0606,9.9125,-4.2004,-7.7627,-13.7848,-13.1176,-2.4973,-11.6688,-1.7659,-8.7686,-4.2645,-0.8794,-0.9791,-4.5791,-17.1833,-19.3726,-17.6620,-15.1384,-18.6241,-16.1156,-16.0526,-8.4675,-17.4123,-14.4079,-10.3299,-10.1578,-15.8419,-14.5787,-21.1747,-9.1888,-18.5448,-17.9252,-12.8718,-16.8823,-10.6393,-11.3677,-15.8809,-9.4213,-8.5824,-9.1590,-14.7026,-8.4171,-12.6882,-9.0459,-9.4033,-4.2928,-7.2924,-3.0042,-10.7247,-14.6713,-12.8590,-14.0781,-12.9074,-10.1645,-5.0260,-7.9002,-8.4624,-2.4882,-9.6559,-8.6126,-10.4324,-5.5123,-7.8890,-8.9752,-4.2123,-11.8334,-8.8743,1.4737,-7.0907,-9.4105,-6.6339,-8.1342,-5.2975,-2.7257,-5.6352,1.7402,6.3924,-0.3661,-4.1615,-5.7537,10.2445,1.6787,-1.9183,-3.8742,-1.7630,-4.3727,-0.5723,-5.5593,-3.2014,-5.0224,-10.4713,-8.4165,-8.9417,-1.1714,-2.2122,-0.3002,-8.7330,-3.8414,-8.2923,3.9484,1.8410,-2.8180,-3.3671,0.4983,-3.5930,-2.3225,-8.6672,-9.1691,-9.6749,-10.1863,-10.7010,-11.2205,-11.7308,-12.2315,-12.7170,-13.1824,-13.6218,-14.0299,-14.4004,-14.6676,-14.8290,-14.9407,-15.0008,-15.0088,-14.9517,-14.8604,-14.7122,-14.5252,-14.3060,-14.0614,-13.7991,-13.5183,-13.2359,-12.9590,-12.6939,-12.4461,-12.2151,-12.0099,-11.8327,-11.6842,-11.5617,-11.4678,-11.4006,-11.3581,-11.3367,-11.3354,-11.3516,-11.3828,-11.4266,-11.4817,-11.5464,-11.6189,-11.6979,-11.7813,-11.8806,-11.9511
45128.5416667,-28.8551,-28.3663,-24.1867,-20.6274,-8.0758,-25.1301,-25.4518,-31.9639,-20.8972,-23.9203,-24.3854,-27.7698,-27.5646,-24.8240,-24.4902,-27.7470,-20.3847,-25.4758,-26.5720,-28.9397,-18.8672,-29.5510,-28.0135,-27.0435,-21.5315,-3.9460,-17.6022,-22.6997,-10.1382,-19.7366,-8.5234,-11.4841,-4.2845,-4.1635,-1.9322,-7.0617,-3.4401,-5.7134,-18.7596,-3.9424,-6.7738,-14.5632,-23.2457,-22.2121,5.3263,-10.3169,-20.1840,-19.3442,-23.8314,-24.8202,-16.7852,-14.6198,-13.2987,-15.1107,-22.3522,-18.9458,-19.0789,-7.6330,1.2594,-8.9175,-7.8040,-14.7408,-21.4486,-20.2677,-18.1594,-16.9551,-7.7871,-7.4404,-19.9074,-13.2432,-5.6136,-8.9807,-10.2844,-12.2894,-11.2421,4.0988,-1.7659,5.6113,-7.0070,-4.1575,18.5115,11.5914,-1.9639,-5.4558,-16.2439,-14.6243,-4.6402,-16.1989,-5.5167,-11.7673,-7.6919,-4.0784,-4.2177,-8.8591,-19.0380,-22.1878,-21.4960,-16.2007,-22.0435,-20.6642,-21.5752,-16.7995,-23.7055,-21.1482,-17.5831,-17.3865,-22.0079,-21.1564,-27.8868,-18.0557,-25.0781,-24.4407,-18.3128,-20.8976,-16.9766,-16.4096,-23.7660,-16.3538,-16.0796,-14.9801,-19.8219,-15.3932,-18.2651,-15.4505,-14.8979,-9.7569,-12.8655,-8.1585,-15.3844,-17.0648,-16.6359,-17.3598,-19.2812,-17.9628,-10.3674,-14.2652,-14.5879,-8.4830,-14.3153,-14.4988,-16.0017,-11.7418,-13.3939,-14.1305,-9.9376,-16.2423,-14.2238,-3.7538,-14.7066,-15.8628,-13.5439,-15.6425,-12.8456,-11.4800,-11.5634,-2.0743,1.7635,-2.9714,-6.2199,-9.5343,6.6871,-1.6027,-4.4945,-5.6253,-2.2517,-5.8500,-3.9439,-9.5238,-9.5731,-11.3146,-14.3346,-13.7746,-14.2280,-7.5461,-8.5807,-5.6290,-14.1516,-9.1806,-12.2004,-0.0382,-1.8496,-5.8463,-6.1352,-2.0452,-5.2939,-4.6837,-9.9234,-10.2528,-10.6026,-10.9686,-11.3457,-11.7347,-12.1228,-12.5123,-12.9013,-13.2889,-13.6734,-14.0542,-14.4293,-14.7543,-15.0293,-15.2956,-15.5523,-15.7986,-16.0232,-16.2451,-16.4436,-16.6262,-16.7910,-16.9361,-17.0595,-17.1534,-17.2230,-17.2671,-17.2852,-17.2769,-17.2392,-17.1773,-17.0926,-16.9871,-16.8615,-16.7210,-16.5688,-16.4083,-16.2420,-16.0746,-15.9092,-15.7489,-15.5963,-15.4542,-15.3247,-15.2090,-15.1084,-15.0235,-14.9716,-14.9247
45128.5833333,-35.2829,-32.0159,-28.4252,-23.1379,-10.8767,-25.1191,-27.4764,-32.6825,-24.0461,-24.7911,-26.0323,-30.0153,-29.0094,-28.0991,-28.7501,-31.9320,-26.2469,-30.7116,-29.9420,-32.6674,-24.4064,-35.4906,-29.3686,-35.1817,-27.1957,-12.4936,-27.8602,-31.3091,-18.7314,-28.4737,-19.7087,-21.5292,-12.9022,-6.6137,-2.5956,-7.7202,-4.1563,-6.5532,-20.7819,-4.8543,-7.3182,-13.9937,-25.6570,-25.8615,3.3246,-14.0999,-22.0805,-19.9394,-25.3117,-26.5444,-18.7305,-18.0384,-17.0479,-17.9496,-23.6018,-27.6398,-27.2714,-16.9955,-3.8368,-13.0175,-11.8142,-17.2947,-26.5830,-25.9616,-22.7053,-17.2654,-10.9360,-11.5008,-26.4035,-18.8209,-10.1259,-10.5411,-11.1543,-18.5987,-16.4983,-2.7895,-8.3673,-4.4448,-15.0177,-11.5872,15.7508,9.0110,-3.3828,-6.2539,-19.7923,-14.1258,-4.6353,-14.1405,-4.6423,-10.1946,-6.8149,-3.3029,-3.5635,-8.9883,-16.7673,-20.3226,-20.2045,-12.5607,-19.8842,-18.9753,-20.1855,-17.5327,-22.7708,-20.7934,-18.3244,-18.7688,-22.9583,-23.2571,-29.7929,-24.3196,-29.3569,-28.6749,-21.8495,-22.9414,-20.5736,-18.4347,-28.0947,-20.5992,-23.3341,-18.0339,-20.7992,-18.5956,-20.4480,-19.3300,-22.9208,-15.4028,-17.2800,-11.5138,-17.4951,-16.6452,-19.4429,-18.1135,-21.6752,-21.3780,-11.9247,-16.6555,-20.2487,-12.2544,-15.9387,-16.5109,-17.4104,-13.1374,-13.6812,-14.9986,-12.3171,-16.4132,-15.4104,-5.9258,-19.3011,-19.7504,-16.6228,-19.8601,-18.1516,-19.1785,-16.6590,-6.6974,-3.6840,-6.3586,-8.8844,-13.1928,3.3303,-4.3184,-5.9591,-6.2353,-1.5707,-5.5688,-4.5699,-10.2858,-12.2484,-14.1724,-15.0474,-16.0913,-17.1960,-11.9891,-13.1021,-8.9130,-15.3412,-12.0909,-14.3234,-2.9218,-4.6196,-8.0740,-8.3392,-4.3430,-6.8105,-6.8929,-11.1594,-11.3022,-11.4459,-11.5919,-11.7408,-11.8988,-12.0573,-12.2223,-12.3951,-12.5771,-12.7684,-12.9697,-13.1801,-13.3681,-13.5333,-13.7050,-13.8819,-14.0630,-14.2400,-14.4260,-14.6065,-14.7867,-14.9657,-15.1426,-15.3165,-15.4822,-15.6436,-15.8000,-15.9508,-16.0951,-16.2296,-16.3565,-16.4749,-16.5839,-16.6812,-16.7675,-16.8420,-16.9036,-16.9511,-16.9846,-17.0037,-17.0081,-16.9978,-16.9734,-16.9355,-16.8849,-16.8231,-16.7522,-16.6940,-16.6288
45128.6250000,-35.9941,-31.5112,-26.9728,-25.2496,-8.4968,-19.8130,-23.4383,-32.1411,-21.6070,-19.9022,-21.7632,-26.3623,-25.0239,-25.5011,-27.5108,-29.2642,-26.4902,-31.3967,-29.4098,-32.3900,-26.4630,-37.6316,-30.7352,-34.6368,-31.0888,-15.3453,-31.9276,-33.2822,-22.8947,-30.5920,-26.5974,-28.7968,-21.8276,-13.9121,-8.3081,-8.6502,-2.3618,-3.3111,-19.0279,-1.9766,-4.4717,-10.0021,-21.5642,-20.1938,4.4393,-16.4036,-23.0244,-19.6960,-25.2370,-22.4702,-17.5369,-18.8688,-18.4827,-18.5978,-22.6244,-32.1545,-31.5618,-22.9979,-6.5694,-14.8464,-13.8163,-18.2187,-30.0551,-30.3395,-26.5918,-21.4178,-12.8523,-10.6835,-29.0698,-21.7712,-11.9732,-14.1593,-13.6124,-17.6343,-10.5118,-2.3603,-6.7057,-7.0812,-16.6937,-7.5217,17.1688,9.9675,-2.0046,-4.2955,-16.0573,-13.1205,-6.0365,-14.9893,-7.0117,-11.8772,-8.5664,-4.1788,-3.5083,-8.5794,-16.6594,-16.8598,-13.9469,-3.3887,-11.1055,-10.9013,-12.9708,-12.6524,-18.4553,-17.3419,-14.5223,-15.5345,-19.1093,-20.8132,-27.2321,-25.8389,-29.0998,-28.7548,-21.2499,-21.0822,-20.1762,-17.6698,-25.0226,-20.9910,-27.2365,-23.4758,-20.9724,-19.9940,-20.4359,-19.8692,-23.2163,-19.6299,-21.6565,-15.4935,-20.2534,-18.2711,-19.3595,-20.8558,-24.3187,-24.2812,-13.4026,-18.2546,-21.3008,-15.1711,-16.8688,-17.8272,-17.2858,-15.7068,-14.8579,-13.2053,-10.6760,-14.4412,-14.2733,-3.4201,-17.8879,-17.4771,-15.0526,-17.6720,-18.0162,-21.8742,-14.9709,-7.9543,-6.0120,-7.4390,-9.8400,-15.2884,0.3736,-9.7239,-7.4097,-6.8940,-1.1563,-5.3323,-5.0255,-13.1933,-13.3530,-14.5296,-13.6204,-15.5963,-17.3948,-13.6398,-14.8549,-9.7030,-14.4367,-12.2146,-13.6818,-3.1730,-4.9135,-7.9809,-8.3534,-4.6649,-6.5107,-7.2988,-10.8398,-10.9727,-11.1030,-11.2322,-11.3602,-11.4926,-11.6194,-11.7457,-11.8715,-11.9971,-12.1224,-12.2473,-12.3714,-12.4724,-12.5505,-12.6276,-12.7039,-12.7801,-12.8515,-12.9293,-13.0043,-13.0818,-13.1624,-13.2465,-13.3343,-13.4230,-13.5158,-13.6129,-13.7138,-13.8183,-13.9241,-14.0329,-14.1441,-14.2569,-14.3698,-14.4832,-14.5964,-14.7086,-14.8187,-14.9264,-15.0310,-15.1317,-15.2278,-15.3189,-15.4043,-15.4832,-15.5551,-15.6188,-15.6885,-15.7197
45128.6666667,-28.4710,-27.8398,-24.2871,-23.1512,-3.7261,-15.4365,-15.3257,-24.9972,-16.5421,-12.8761,-13.2608,-15.9064,-12.9400,-15.9983,-18.8286,-19.4637,-14.9504,-19.4687,-17.1086,-22.9064,-17.4220,-28.1900,-23.1442,-27.0081,-27.6293,-12.8079,-29.3517,-30.6669,-25.8366,-30.5652,-30.1539,-32.3728,-26.5442,-18.3826,-13.0294,-10.9031,-4.8621,-3.6051,-14.8758,1.7289,5.0432,-1.9610,-9.9580,-6.3784,15.8687,-7.0532,-13.3588,-10.3641,-17.1524,-14.7836,-10.2701,-12.2435,-12.0866,-11.5443,-14.3606,-29.9865,-30.4608,-23.3060,-4.6724,-10.9268,-9.2246,-14.5253,-26.1486,-28.0407,-24.9000,-22.2508,-16.4022,-10.8629,-28.4738,-21.2533,-13.0367,-15.0932,-14.2641,-16.1440,-8.6106,-2.8858,-3.1878,-4.8931,-12.0440,1.0705,25.2144,18.8263,4.6606,2.9306,-2.6430,-2.5429,7.0834,-0.2627,7.0087,2.2706,4.2663,8.8045,8.3813,1.4120,-8.4138,-11.4543,-10.1927,-0.9264,-7.1978,-3.8855,-6.3276,-2.8455,-8.9324,-9.5822,-4.7206,-5.0504,-10.0584,-9.9144,-16.1703,-18.4604,-21.1016,-21.8130,-17.6844,-16.6682,-14.4432,-12.9979,-19.2909,-15.1271,-22.2028,-20.0591,-16.1087,-16.4601,-18.0087,-19.2548,-20.1435,-16.0124,-17.4608,-11.4410,-15.5264,-13.7736,-16.9569,-18.6417,-23.2722,-24.5087,-13.5282,-17.4991,-19.2688,-14.5811,-16.0224,-17.4771,-16.0790,-15.9382,-14.5517,-11.2643,-8.4703,-11.5935,-12.8316,-2.1752,-16.2074,-15.4175,-14.4295,-15.0502,-15.0477,-19.1658,-11.4436,-6.9365,-2.6964,-2.5477,-4.0258,-10.3823,5.1299,-5.4792,-1.1395,0.1807,6.3096,0.7353,1.1336,-8.5846,-9.4219,-12.1103,-9.0706,-12.2627,-13.5367,-10.6135,-11.5347,-5.7805,-9.0062,-9.1412,-10.0878,1.2582,0.4043,-1.8359,-1.8937,1.7728,0.4194,-0.4798,-3.5725,-3.7848,-4.0182,-4.2680,-4.5286,-4.8003,-5.0667,-5.3284,-5.5809,-5.8212,-6.0470,-6.2569,-6.4506,-6.6128,-6.7447,-6.8634,-6.9706,-7.0683,-7.1544,-7.2379,-7.3132,-7.3847,-7.4533,-7.5196,-7.5842,-7.6455,-7.7062,-7.7666,-7.8273,-7.8885,-7.9492,-8.0114,-8.0754,-8.1413,-8.2087,-8.2787,-8.3514,-8.4268,-8.5048,-8.5854,-8.6687,-8.7545,-8.8423,-8.9322,-9.0236,-9.1162,-9.2088,-9.2991,-9.3969,-9.4384
45128.7083333,-25.0614,-27.0008,-23.4744,-22.4199,-6.0240,-14.4805,-14.5949,-20.8126,-12.8340,-9.6844,-10.1952,-12.2724,-8.8909,-12.0086,-14.8895,-14.7032,-9.8431,-11.9365,-7.7815,-11.2073,-7.2396,-14.7119,-9.5804,-14.1393,-15.0266,-3.7275,-18.8226,-19.4029,-19.1312,-22.8996,-26.9179,-30.8090,-28.0617,-20.9215,-16.6670,-14.5977,-8.8414,-8.1805,-17.8361,-3.1076,0.8526,-3.7851,-9.4753,-5.3013,18.9673,-0.2537,-4.4526,-0.4173,-5.8144,-3.0066,0.1117,-0.9726,-1.6827,-2.2600,-3.1256,-19.4587,-20.4667,-15.0425,1.3649,-5.4360,-4.1147,-8.4899,-18.5562,-21.1709,-17.3131,-17.5176,-14.7188,-10.9046,-25.5665,-20.1549,-14.0537,-15.3807,-15.3122,-16.1635,-8.8272,-4.4698,-4.6553,-5.7790,-11.0338,1.8871,24.1071,18.3606,3.6590,2.1996,-0.3872,-1.0764,9.5823,3.3463,11.1739,5.6787,9.1702,16.3458,17.2687,10.9671,2.4961,0.5954,1.7708,9.2616,3.9468,6.0881,3.8956,7.2148,-1.2593,-1.2006,2.3077,2.3542,-3.3407,-2.6816,-7.7382,-10.4534,-11.3509,-11.5620,-8.8859,-7.5036,-6.6408,-4.8047,-10.3590,-8.6019,-14.5181,-13.4205,-9.0280,-11.2472,-12.9099,-15.2054,-17.9839,-14.6113,-15.3066,-9.5101,-12.1646,-9.0356,-11.5115,-12.3987,-16.9134,-18.9024,-10.9843,-15.3000,-17.0447,-14.2253,-14.5521,-16.0802,-15.2222,-15.3631,-13.6318,-10.8631,-9.7048,-10.0994,-11.0808,-3.0050,-14.0678,-12.8258,-12.3267,-12.3787,-12.6206,-16.2600,-7.7889,-4.9996,-2.0208,-2.0636,-2.8228,-7.1456,6.4716,-3.3058,0.5854,2.1886,7.6793,0.7321,3.2074,-5.4257,-5.9644,-7.7845,-4.4899,-7.0887,-9.1056,-6.7284,-7.6955,-2.4837,-5.0779,-5.4200,-6.7039,3.5843,2.6548,0.4053,0.2674,3.6998,2.1561,1.8687,-0.8913,-0.7852,-0.6714,-0.5552,-0.4418,-0.3432,-0.2529,-0.1819,-0.1346,-0.1145,-0.1233,-0.1614,-0.2277,-0.3089,-0.4022,-0.5148,-0.6429,-0.7829,-0.9281,-1.0806,-1.2321,-1.3825,-1.5295,-1.6715,-1.8071,-1.9339,-2.0533,-2.1651,-2.2695,-2.3669,-2.4568,-2.5411,-2.6204,-2.6955,-2.7664,-2.8347,-2.9007,-2.9650,-3.0280,-3.0903,-3.1523,-3.2143,-3.2766,-3.3395,-3.4032,-3.4677,-3.5329,-3.5975,-3.6770,-3.7140
45128.7500000,-18.8539,-22.5897,-19.5974,-18.9819,-5.5412,-11.6392,-12.7443,-17.4879,-10.9084,-7.5647,-8.1740,-9.8807,-6.6133,-9.3865,-11.7884,-11.4881,-7.3258,-8.6588,-4.7634,-7.2875,-4.0371,-9.3790,-4.5344,-8.1408,-8.2377,4.0581,-8.4988,-8.4336,-9.5611,-12.0379,-17.9177,-22.3606,-22.0023,-16.4701,-13.9995,-13.1242,-8.6879,-6.8714,-15.7445,-4.2432,-1.3271,-5.4055,-10.0641,-6.4769,19.3735,1.4603,-1.9616,3.3829,-1.4345,1.2409,4.2303,4.8462,6.5741,5.0269,3.7375,-9.7952,-10.4256,-5.7844,8.6014,2.4650,3.4533,-0.4757,-9.2156,-12.1527,-8.4686,-9.5259,-6.9955,-5.8707,-21.0514,-17.7707,-13.5153,-14.5698,-14.4300,-14.9399,-7.8470,-5.4220,-5.4465,-5.8512,-9.6856,4.4529,23.7298,19.0251,5.5576,4.1746,3.1219,1.9719,12.9488,7.6012,14.4934,8.4479,12.3763,21.3814,21.0720,15.1120,6.2556,5.2255,6.4282,12.5483,8.6140,10.0788,8.8614,14.7563,5.5395,6.4145,9.4825,10.8495,5.0435,6.6462,0.8152,-1.9142,-3.3789,-4.5461,-2.7819,-1.5480,-1.1081,0.7194,-3.8055,-2.7797,-7.3358,-6.5140,-2.5227,-3.5187,-5.6605,-7.7605,-10.6452,-8.1339,-8.8764,-3.1156,-6.3787,-3.9216,-6.9027,-7.8341,-11.9193,-14.2868,-7.2259,-11.0948,-12.4389,-10.6233,-10.2581,-12.9316,-12.4400,-13.6157,-11.7761,-9.0418,-9.6367,-8.6671,-10.0680,-4.5978,-12.9479,-11.6076,-11.6683,-11.1652,-11.6223,-14.7209,-5.4635,-4.3871,-2.0956,-1.8240,-1.9342,-4.3822,8.9184,-0.6328,3.0826,5.4648,10.5672,3.5262,7.5555,-1.0866,-1.9254,-3.5246,-1.4866,-3.1751,-5.4051,-3.2713,-3.5350,1.9266,-0.3056,-0.6346,-2.6031,6.7350,6.9607,4.6432,4.5204,7.9942,6.1196,6.3388,3.0766,3.3143,3.5447,3.7591,3.9572,4.0983,4.1912,4.2269,4.1755,4.0491,3.8288,3.5351,3.1471,2.8859,2.7514,2.6954,2.6871,2.7051,2.7371,2.7700,2.8011,2.8247,2.8380,2.8394,2.8280,2.8047,2.7685,2.7201,2.6604,2.5909,2.5135,2.4292,2.3396,2.2462,2.1510,2.0548,1.9590,1.8645,1.7724,1.6831,1.5971,1.5146,1.4359,1.3609,1.2895,1.2215,1.1571,1.0972,1.0268,1.0033
45128.7916667,-10.0965,-15.0957,-13.0621,-13.1171,-2.6320,-7.3641,-9.2970,-12.7470,-8.0337,-4.8520,-5.6200,-7.1888,-4.2492,-6.8290,-9.1619,-8.8163,-5.3561,-6.2454,-2.5685,-4.4607,-2.0236,-6.1700,-2.2082,-5.2670,-5.2646,5.5748,-5.0148,-4.3666,-5.0874,-5.9133,-10.7323,-14.3569,-14.2040,-9.0406,-7.3170,-6.7912,-3.8102,-1.8554,-9.3291,-0.6181,1.2408,-2.5317,-6.6172,-3.9445,20.0209,2.7468,-0.4020,4.3129,0.3358,2.4273,5.2837,6.4950,9.5328,8.2211,5.8257,-3.7279,-3.7336,0.5674,13.4875,7.9805,8.9590,5.6832,-1.3958,-3.9439,-0.5723,-1.6779,1.1775,1.3660,-13.8621,-12.8292,-10.6099,-12.3159,-12.3809,-12.6096,-6.2029,-5.5639,-5.6018,-5.8345,-8.9473,3.3786,21.0191,16.9478,4.8383,3.5724,3.1352,2.4404,12.7992,8.1097,14.9920,8.8493,13.6670,22.5302,22.6852,17.6566,8.5831,8.8651,10.1554,14.7732,11.8450,12.5447,11.8456,18.8832,10.0693,11.0820,14.3840,15.8556,10.5709,13.1770,7.9613,7.3424,5.4925,3.8941,5.0326,5.4475,5.6031,6.4340,2.8288,3.3677,-0.6227,-0.3297,2.1435,1.4956,-0.1531,-1.8338,-4.2578,-2.1406,-2.4302,3.3839,0.3146,2.0791,-0.0899,-1.1433,-4.6105,-6.9855,-1.5324,-4.6001,-5.6403,-4.5849,-3.9819,-7.0181,-6.8560,-8.6858,-7.1680,-5.1298,-6.7974,-5.2408,-6.9738,-3.9895,-10.4938,-9.2409,-9.8865,-9.4754,-10.4153,-13.4433,-4.9705,-4.5957,-2.9135,-2.4208,-2.0529,-3.7172,7.9523,-0.1441,3.2525,5.5147,9.8381,3.8489,8.3786,1.2844,1.1094,0.4456,1.6932,0.9045,-0.8855,0.9519,0.8046,5.9301,3.7691,3.7984,2.1226,10.3698,11.1391,8.7372,8.8047,12.4914,10.1054,11.2404,7.4425,7.5910,7.7452,7.9065,8.0827,8.2536,8.4318,8.6281,8.8151,9.0090,9.1906,9.3733,9.5478,9.7135,9.8649,10.0000,10.1102,10.1909,10.2461,10.2598,10.2333,10.1675,10.0545,9.8985,9.7046,9.4718,9.2101,8.9234,8.6403,8.4146,8.2415,8.1118,8.0164,7.9466,7.8949,7.8544,7.8198,7.7871,7.7535,7.7170,7.6764,7.6311,7.5809,7.5261,7.4670,7.4044,7.3394,7.2741,7.1963,7.1632
45128.8333333,-0.2010,-5.2917,-4.1107,-4.6859,3.4786,-0.7023,-3.2606,-6.4837,-3.4787,-0.8884,-1.9346,-3.6537,-1.4177,-3.6651,-6.2130,-6.2184,-3.7149,-4.6234,-1.4526,-2.9720,-1.1820,-4.3676,-1.1847,-3.6967,-3.6449,5.6896,-3.3463,-2.6538,-3.4361,-3.7061,-7.8394,-10.6649,-10.2642,-5.0824,-3.3148,-2.4329,0.2214,2.0633,-3.8655,3.2527,4.7557,1.3978,-2.0897,-0.1177,20.9698,4.9038,1.7284,5.4682,1.8669,3.2469,5.7390,6.8982,9.6055,8.5213,5.1383,-1.3066,-0.9820,2.8746,14.6713,9.6983,10.7129,8.0132,2.4445,0.5283,3.4573,2.8191,6.1086,6.6011,-6.5023,-6.5487,-5.6630,-7.8538,-8.3147,-8.9586,-3.5263,-4.3091,-4.6501,-5.1269,-7.8347,2.5664,18.2088,14.5209,3.5808,2.3593,2.1163,1.5030,10.7058,6.3705,12.7880,6.6692,11.8114,20.2738,20.7283,16.5250,7.2676,8.5244,9.9755,13.3764,11.4484,11.7160,11.5775,19.1553,12.3816,13.3360,17.0325,18.5416,13.4827,16.1866,11.0256,12.7414,10.6296,9.5401,10.8407,10.5844,11.2017,10.7951,8.5781,9.5812,6.1539,6.1638,6.7183,6.8922,5.0036,3.5627,1.1871,2.6647,2.2113,7.1456,4.2259,4.7646,3.6887,3.0599,0.6568,-1.1791,3.0279,0.4993,-0.1393,0.8565,1.4733,-1.0170,-1.0021,-2.8393,-1.6647,-0.3696,-2.2423,-0.8477,-2.5440,-1.1205,-6.2990,-5.3386,-6.5248,-6.6058,-8.2354,-11.4873,-4.0557,-4.3464,-3.3643,-2.7741,-2.2070,-3.5600,5.9963,-0.7530,2.0600,4.1028,7.6307,2.5849,6.9251,1.1603,1.5689,1.3956,2.0705,2.3994,1.4743,3.3970,3.4964,7.7212,5.5847,5.8963,4.6117,12.1837,12.7321,10.1879,10.4177,14.2570,11.3240,13.4628,9.7143,9.8798,10.0380,10.1906,10.3441,10.4848,10.6253,10.7706,10.9082,11.0516,11.1891,11.3327,11.4784,11.6282,11.7814,11.9392,12.0983,12.2581,12.4188,12.5774,12.7344,12.8902,13.0381,13.1789,13.3122,13.4328,13.5414,13.6326,13.7071,13.7602,13.7926,13.8013,13.7855,13.7446,13.6793,13.5903,13.4797,13.3503,13.2060,13.0513,12.8911,12.7311,12.5763,12.4303,12.2961,12.1750,12.0677,11.9745,11.8835,11.8398
45128.8750000,8.3242,4.4333,5.2341,4.6303,11.7847,7.5652,5.3180,1.8793,3.9757,5.7554,4.6576,2.8736,4.0828,2.1222,-0.5798,-1.1375,0.3512,-0.9065,1.4049,-0.1917,1.0136,-1.6553,0.6091,-1.5597,-1.6142,6.5078,-1.2919,-0.8012,-1.6567,-1.7939,-5.5588,-7.9417,-7.6644,-2.8186,-1.0789,-0.0536,2.5906,4.5931,-0.2650,6.1969,7.8127,4.9785,2.0896,3.7656,22.8937,8.3844,5.1957,8.0270,4.6346,5.3291,7.6173,8.7315,11.0296,10.0246,5.7823,1.4635,1.5792,4.8038,15.4972,10.8410,11.7359,9.3466,4.8811,3.3625,5.6269,5.3585,8.8312,9.7919,-0.7814,-0.8431,-0.2618,-2.2908,-2.8393,-3.7784,0.5131,-0.6461,-1.1691,-1.8013,-4.1127,4.7627,18.6320,15.3588,5.4662,4.1924,4.0448,3.3228,11.3275,7.1881,12.9478,6.8258,11.8281,19.5948,19.9856,16.1929,6.7360,8.3035,9.6425,12.0191,10.7487,10.5916,10.6876,18.3258,13.5276,14.4627,18.6294,20.2934,15.4047,18.2103,12.7161,16.3603,13.1523,12.2033,13.8495,12.9532,14.2618,12.6772,11.7918,13.8826,11.1295,11.2728,9.9972,11.8686,9.7760,9.3174,7.5306,8.6994,7.9081,12.0076,8.7437,7.5570,7.1640,6.5861,4.8254,3.4069,6.9167,4.6828,4.1203,5.1303,5.2786,3.4492,3.3908,2.0981,2.9501,3.8973,2.5645,3.2522,2.0784,3.1826,-0.9501,-0.2571,-1.5402,-2.0408,-4.0899,-7.5339,-1.3487,-1.9831,-1.5138,-0.9300,-0.3482,-1.5443,6.1829,0.5667,2.7759,4.5559,7.3524,3.0382,6.8495,1.9007,2.2681,1.9919,1.9671,2.7838,2.4458,4.4692,4.7785,8.1462,6.0843,6.6911,5.7147,12.8983,13.1536,10.5007,10.8669,14.8281,11.4684,14.4422,10.8200,11.0393,11.2492,11.4512,11.6502,11.8368,12.0205,12.2050,12.3816,12.5596,12.7305,12.9023,13.0719,13.2404,13.4071,13.5728,13.7353,13.8946,14.0514,14.2045,14.3553,14.5053,14.6510,14.7947,14.9374,15.0771,15.2160,15.3515,15.4856,15.6160,15.7441,15.8683,15.9880,16.1025,16.2111,16.3128,16.4066,16.4916,16.5668,16.6312,16.6837,16.7236,16.7504,16.7633,16.7623,16.7473,16.7190,16.6795,16.6236,16.5928
45128.9166667,14.5320,12.3979,12.8416,12.2374,19.0290,13.9945,12.6339,8.8841,10.9072,11.6716,10.8757,9.4191,9.6158,8.5755,6.2640,5.4499,6.3334,4.7629,6.0021,4.3626,5.2308,2.6251,3.9165,2.1170,1.7904,8.6427,1.5624,1.7061,0.7931,0.5380,-2.9080,-5.0702,-5.1016,-0.8898,0.5866,1.4823,3.9047,5.8504,1.6799,7.7262,9.3500,6.8387,4.3954,5.9419,23.8261,11.1942,8.1698,10.4150,7.4154,7.4728,9.8293,11.0590,13.0523,12.0822,6.9525,4.8672,4.7866,7.3577,16.8970,12.2868,12.8997,10.6424,7.0820,5.9044,7.4469,7.4259,10.8278,11.9216,3.1760,3.3197,3.9299,2.2780,1.8174,1.0625,4.0638,3.4629,2.8942,2.2129,0.1909,7.7333,19.9180,16.9488,7.8244,6.3963,6.5464,5.7838,13.0993,9.1469,14.4840,8.2882,13.2641,20.3534,20.6283,17.2103,7.5828,9.4046,10.5707,12.0124,11.1416,10.5700,10.6983,18.1282,14.3702,15.1485,19.5576,21.2120,16.3198,19.3296,13.5044,18.9012,14.4564,13.4847,15.3684,13.7947,15.6085,12.9643,13.0089,16.0711,13.7357,13.9863,11.0286,14.6869,12.3462,13.2023,12.4409,13.9173,13.0225,16.6572,12.9796,10.0668,10.5568,10.2316,9.1435,8.1721,11.2772,9.0020,8.2466,9.2096,8.4674,7.0641,6.7357,5.9634,6.2398,6.9125,6.2518,5.7964,5.2968,6.8210,3.3394,3.7425,2.7975,2.3113,0.5648,-2.5281,2.1471,1.5972,1.8008,2.0927,2.5122,1.4754,7.8999,3.0334,4.6158,6.1121,8.1936,4.3350,7.7754,3.3665,3.7846,3.3359,2.6412,3.5726,3.4990,5.3703,5.5982,8.0843,5.9521,6.6632,5.7978,12.5559,12.4278,9.6139,9.9920,13.9329,10.2373,13.7682,10.2499,10.5364,10.8205,11.1020,11.3829,11.6546,11.9226,12.1883,12.4444,12.6969,12.9390,13.1764,13.4068,13.6311,13.8490,14.0616,14.2675,14.4672,14.6615,14.8497,15.0331,15.2129,15.3868,15.5564,15.7227,15.8841,16.0424,16.1960,16.3464,16.4923,16.6350,16.7740,16.9092,17.0409,17.1692,17.2941,17.4158,17.5343,17.6497,17.7621,17.8712,17.9771,18.0796,18.1783,18.2731,18.3635,18.4491,18.5289,18.5931,18.6519
45128.9583333,17.9416,17.8971,18.1589,17.6970,24.7651,18.4951,18.3168,14.0325,16.3563,15.9094,15.4768,14.3649,13.3512,13.6184,12.0073,11.1823,12.0478,10.4769,10.5675,9.1280,10.3582,7.4949,7.8463,6.7697,6.2577,12.3808,5.5611,5.1662,4.3767,3.6319,0.4979,-1.6423,-2.0857,1.3496,2.4589,3.0240,5.1247,6.8096,2.9229,8.6155,10.1110,7.7283,5.5190,6.9085,23.7230,12.6644,9.6665,11.5056,8.8385,8.3444,10.9868,12.5235,14.4347,13.5934,7.5676,7.7889,7.6083,9.6934,18.4001,13.8000,14.1781,11.9861,9.1475,8.2474,9.0656,9.2408,12.5705,13.6284,5.8481,6.1368,6.9302,5.6918,5.2663,4.5532,6.2771,6.8183,6.2640,5.6924,3.9064,10.4471,21.2255,18.5327,9.9296,8.2317,8.7343,7.8648,14.8289,10.9429,16.0081,9.5845,14.6937,21.2584,21.4594,18.3939,8.4763,10.6152,11.6975,12.3984,11.8678,10.9849,11.1597,18.4544,15.0359,15.6849,20.2965,21.8961,16.8994,20.0356,13.7591,20.6167,14.8941,13.8182,15.9183,13.7901,15.9993,12.5593,13.2308,17.1080,15.0395,15.3263,10.8917,15.9184,13.2149,15.2059,15.4725,17.4021,16.4040,19.8171,15.6215,11.0742,12.4246,12.4712,12.1523,11.8298,15.1043,12.8763,12.0562,13.2775,11.4959,10.4533,9.7597,9.5207,9.0679,9.4739,9.4646,7.5764,7.5812,9.8600,6.6479,6.6480,6.0344,5.4407,4.2433,1.8202,4.8499,4.8270,5.1550,4.9941,5.2459,4.4522,10.2601,5.8771,6.9348,8.2711,9.7393,6.0962,9.3849,5.2382,5.8190,5.1320,3.6573,4.6819,4.8175,6.5570,6.6223,8.3146,6.0620,6.7678,5.9012,12.2383,11.7469,8.8068,9.1172,12.8989,9.0099,12.7382,9.2741,9.5125,9.7547,10.0006,10.2518,10.5024,10.7564,11.0147,11.2721,11.5326,11.7913,12.0517,12.3118,12.5715,12.8302,13.0876,13.3423,13.5936,13.8414,14.0845,14.3232,14.5576,14.7857,15.0081,15.2253,15.4358,15.6409,15.8392,16.0318,16.2179,16.3985,16.5732,16.7423,16.9059,17.0644,17.2178,17.3666,17.5108,17.6507,17.7865,17.9184,18.0465,18.1710,18.2921,18.4098,18.5240,18.6348,18.7412,18.8340,18.9124
45129.0000000,18.4770,20.4032,20.5866,20.3245,27.9968,20.3739,21.5329,16.8705,19.7935,18.1559,18.1621,17.4694,15.3224,17.0397,16.2592,15.4951,16.5977,15.1119,13.9565,12.8264,14.9010,11.5294,11.0175,10.9948,10.4552,16.5059,9.6204,8.7251,8.5750,7.2509,4.7467,2.5838,1.7586,4.3257,5.0096,5.1054,6.8387,8.1453,4.2837,9.5240,10.7919,8.4069,6.2931,7.4851,23.2283,13.4003,10.2702,11.6471,9.1778,8.2082,11.0858,12.8808,14.7341,14.0058,7.2321,9.5370,9.3206,11.0438,19.1769,14.6079,14.8590,12.7740,10.6160,10.0561,10.2733,10.7080,14.1074,15.0666,7.7672,8.0917,9.0676,8.1725,7.6880,6.8591,7.4032,9.2194,8.6412,8.2201,6.5748,12.3109,21.8729,19.4191,11.1626,9.1466,10.0365,9.0766,15.9656,12.1064,17.0551,10.3452,15.7072,21.8771,22.0401,19.3209,9.0510,11.5410,12.5871,12.6683,12.4159,11.2872,11.5189,18.7778,14.8333,15.4477,20.3017,21.9233,16.8884,20.1707,13.6162,21.7820,14.9262,13.7427,15.9800,13.4094,15.8684,11.8666,12.9223,17.3935,15.4892,15.7804,10.2726,16.2458,13.2199,16.1008,17.2433,19.5729,18.3674,21.5978,16.8059,10.9116,12.8950,13.2494,13.5827,13.8788,17.5724,15.4089,14.6265,16.3848,13.5938,13.0195,12.0876,12.5305,11.4031,11.6934,12.4202,9.0848,9.5473,12.7660,9.5592,9.1025,8.7774,7.9248,7.1976,5.3920,6.7140,7.3336,7.9460,7.1788,7.1945,6.6405,12.3163,8.1790,8.8161,10.1046,11.0564,7.4800,10.8931,6.8740,7.8876,7.0367,4.7387,5.7917,6.2168,7.9523,7.8681,8.8732,6.4823,7.1727,6.2706,12.2489,11.4321,8.4022,8.6257,12.1936,8.2202,11.9627,8.5698,8.7386,8.9131,9.0933,9.2805,9.4703,9.6655,9.8671,10.0711,10.2807,10.4922,10.7083,10.9277,11.1505,11.3763,11.6051,11.8359,12.0682,12.3021,12.5367,12.7720,13.0081,13.2433,13.4779,13.7119,13.9440,14.1746,14.4024,14.6279,14.8499,15.0687,15.2837,15.4945,15.7008,15.9026,16.0996,16.2916,16.4786,16.6606,16.8374,17.0090,17.1756,17.3372,17.4939,17.6457,17.7927,17.9347,18.0704,18.1913,18.2881
45129.0416667,18.0017,21.4707,21.4990,21.3538,29.6117,20.6701,22.9077,18.0246,21.4645,18.7075,19.0614,18.6995,15.5537,18.7722,18.8052,18.1308,19.6179,18.2734,15.8905,15.0795,18.2515,14.2270,12.9332,14.0606,13.5657,20.0221,12.8052,11.4056,12.2761,10.3262,8.8674,6.8271,5.9148,7.7166,8.1065,7.7182,9.1898,10.1130,6.0562,10.8790,11.8559,9.3603,7.2287,8.1889,22.8410,13.8956,10.5004,11.4269,9.0056,7.6602,10.6444,12.5713,14.3088,13.6345,6.3697,10.2237,9.9234,11.3305,19.0041,14.4520,14.6039,12.6165,11.0417,10.8202,10.5490,11.2773,14.9066,15.9102,9.0405,9.4349,10.6308,10.0449,9.4365,8.3191,7.8617,10.8765,10.2158,9.9582,8.3824,13.4763,21.9816,19.7164,11.6861,9.3704,10.5765,9.4994,16.3824,12.4950,17.3679,10.3641,15.9768,21.8375,21.9806,19.5770,8.9735,11.7840,12.8357,12.4373,12.4236,11.1209,11.4139,18.6448,14.2629,14.7943,19.7651,21.3521,16.2648,19.6300,12.8716,22.1287,14.3731,13.1718,15.5356,12.6872,15.3253,11.0018,12.3028,17.1993,15.4231,15.7090,9.4876,16.0221,12.7479,16.2685,18.1324,20.7895,19.3153,22.3784,16.9971,10.1374,12.4856,13.0340,13.8390,14.6326,18.7833,16.6265,15.8658,18.2064,14.4621,14.3221,13.2159,14.3732,12.6683,12.9660,14.5029,9.8682,10.7976,15.1248,11.8264,10.9707,10.9943,9.9233,9.6818,8.4770,8.1619,9.4515,10.4365,8.9781,8.7863,8.3796,14.1896,10.1114,10.3689,11.6525,12.1482,8.5098,12.1414,8.0918,9.6102,8.5916,5.4447,6.7108,7.4414,9.2770,9.0704,9.4953,6.9590,7.6564,6.7145,12.4484,11.3644,8.2762,8.4266,11.7907,7.8017,11.4776,8.1654,8.2653,8.3708,8.4821,8.6001,8.7220,8.8498,8.9844,9.1230,9.2680,9.4169,9.5717,9.7314,9.8962,10.0658,10.2401,10.4186,10.6009,10.7870,10.9762,11.1687,11.3644,11.5623,11.7625,11.9650,12.1690,12.3747,12.5814,12.7892,12.9973,13.2060,13.4147,13.6230,13.8309,14.0379,14.2439,14.4485,14.6514,14.8525,15.0514,15.2478,15.4417,15.6327,15.8205,16.0051,16.1859,16.3625,16.5330,16.6879,16.8094
45129.0833333,17.4307,22.0883,21.9428,21.8746,30.6811,20.5498,23.6502,18.3933,22.2700,18.5342,19.1445,19.0156,15.0436,19.3500,20.0970,19.4881,21.3706,20.1536,16.6450,16.1024,20.4076,15.7044,13.7574,15.9645,15.5550,22.7071,15.0090,13.1314,15.1844,12.5689,12.3592,10.5351,9.7921,10.9624,11.2524,10.4485,11.8903,12.5751,8.1876,12.7934,13.5363,10.9004,8.6960,9.4562,23.1068,14.8008,11.0447,11.5114,9.0248,7.3813,10.3583,12.3007,13.8605,13.1824,5.6653,10.5382,10.0888,11.1936,18.4340,13.8796,13.9210,11.9966,10.8660,10.9060,10.2171,11.1717,15.0159,16.1163,9.6623,10.2009,11.6831,11.4330,10.7187,9.2851,8.0265,12.1219,11.3704,11.2949,9.7621,14.3623,21.9684,19.8708,12.0089,9.4390,10.8973,9.7084,16.6065,12.6709,17.4781,10.2188,16.0165,21.5944,21.6982,19.5426,8.6669,11.6891,12.7351,11.9685,12.1304,10.6977,11.0296,18.2202,13.3669,13.8559,18.9048,20.4776,15.3972,18.8265,11.9638,22.0006,13.5185,12.2937,14.7202,11.7185,14.4459,9.9925,11.4252,16.5917,14.9414,15.2426,8.6475,15.4729,12.0686,16.0489,18.5188,21.4675,19.7250,22.6424,16.7432,9.2853,11.7835,12.4267,13.5329,14.6853,19.2322,17.0342,16.2597,19.1152,14.5255,14.7146,13.4520,15.2194,13.0242,13.3510,15.6253,9.9116,11.2158,16.6372,13.2057,12.0264,12.4308,11.2410,11.5554,11.0133,9.2203,11.1980,12.6569,10.5079,10.1146,9.8605,16.0379,11.9218,11.8643,13.1982,13.3025,9.5206,13.4340,9.2373,11.2602,10.0253,6.0216,7.4948,8.5258,10.5345,10.2280,10.1613,7.4718,8.1982,7.2161,12.8207,11.5218,8.3913,8.4916,11.6942,7.7198,11.3206,8.0879,8.1364,8.1897,8.2478,8.3116,8.3790,8.4516,8.5301,8.6125,8.7007,8.7929,8.8905,8.9930,9.1006,9.2131,9.3305,9.4525,9.5788,9.7096,9.8445,9.9836,10.1269,10.2737,10.4242,10.5784,10.7358,10.8966,11.0601,11.2266,11.3956,11.5671,11.7409,11.9166,12.0941,12.2732,12.4538,12.6355,12.8182,13.0018,13.1859,13.3704,13.5551,13.7398,13.9242,14.1082,14.2912,14.4727,14.6505,14.8151,14.9441
45129.1250000,16.7876,22.4016,22.1492,22.1840,31.5563,20.4122,24.2536,18.7721,23.0121,18.4373,19.2243,19.2380,14.5856,19.6024,20.8891,20.2528,22.4347,21.2662,16.7391,16.3676,21.7072,16.3497,13.8696,16.9856,16.6635,24.6347,16.3876,14.0782,17.3098,14.0369,15.1294,13.5731,13.1644,13.8025,14.1378,12.9697,14.5878,15.1869,10.3561,14.9855,15.6100,12.8453,10.5490,11.1991,24.1079,16.3654,12.2239,12.1945,9.6010,7.7086,10.6595,12.5760,13.9407,13.2256,5.5615,11.1226,10.4729,11.2864,18.1058,13.5283,13.4394,11.5371,10.7177,10.9265,9.8668,10.9494,14.9012,16.0182,9.7889,10.4631,12.2531,12.3613,11.5836,9.8775,8.0098,13.0791,12.2735,12.4188,10.9391,15.1852,22.0542,20.1275,12.4034,9.6186,11.2929,10.0129,16.9624,12.9814,17.7490,10.2758,16.2258,21.5569,21.6181,19.6606,8.5668,11.7167,12.7465,11.7001,11.9840,10.4491,10.7883,17.8766,12.8169,13.2176,18.2357,19.7434,14.6696,18.0185,11.1105,21.6586,12.6302,11.3906,13.8304,10.7781,13.5211,9.0799,10.5548,15.8456,14.3086,14.6178,7.8736,14.7618,11.3083,15.5880,18.5692,21.8026,19.8436,22.6624,16.3565,8.5929,11.1184,11.8042,13.0963,14.5026,19.3711,17.1161,16.3077,19.5845,14.2863,14.6966,13.2907,15.5234,12.9286,13.2666,16.1333,9.5908,11.1299,17.4890,13.9078,12.4653,13.1966,11.9062,12.7396,12.8562,9.7886,12.4211,14.4163,11.6200,11.1196,11.0268,17.7500,13.5393,13.2442,14.6943,14.4808,10.5141,14.7910,10.3844,12.9512,11.4937,6.6505,8.3544,9.6644,11.8850,11.4801,10.9810,8.1160,8.8809,7.8484,13.4307,11.9526,8.7734,8.8421,11.9379,7.9699,11.5243,8.3472,8.3597,8.3762,8.3967,8.4218,8.4501,8.4828,8.5203,8.5613,8.6071,8.6565,8.7106,8.7690,8.8317,8.8988,8.9703,9.0459,9.1256,9.2095,9.2973,9.3891,9.4850,9.5846,9.6879,9.7952,9.9060,10.0205,10.1383,10.2596,10.3841,10.5120,10.6428,10.7767,10.9133,11.0528,11.1948,11.3394,11.4863,11.6355,11.7869,11.9402,12.0953,12.2522,12.4106,12.5703,12.7311,12.8923,13.0519,13.2015,13.3194
45129.1666667,16.3136,22.6112,22.2287,22.3145,32.1641,20.1302,24.5817,18.8978,23.4958,18.2324,19.1827,19.3481,14.2213,19.7353,21.4891,20.8197,23.2409,22.0616,16.6405,16.3561,22.5314,16.5550,13.6447,17.4454,17.1668,25.8992,17.0674,14.3848,18.6795,14.7914,17.1194,15.8217,15.8202,15.9848,16.4416,14.9497,16.8656,17.4856,12.1469,17.0026,17.5799,14.6817,12.2729,12.8944,25.3757,18.2453,13.7501,13.2979,10.6103,8.4754,11.4431,13.3470,14.5351,13.7653,5.9333,12.0991,11.2401,11.7727,18.1869,13.5608,13.3337,11.4295,10.8323,11.1481,9.7636,10.9055,14.8694,15.9016,9.6927,10.4068,12.4207,12.8224,11.9826,10.0791,7.7541,13.6303,12.7905,13.1479,11.7033,15.6676,21.8992,20.1308,12.5208,9.5745,11.4452,10.1161,17.1648,13.1594,17.9332,10.2915,16.3978,21.5372,21.5801,19.8212,8.5668,11.8315,12.8543,11.5802,11.9576,10.3510,10.6974,17.6927,12.3902,12.7378,17.7083,19.1631,14.1320,17.3974,10.5210,21.3517,11.9083,10.6380,13.0170,9.9615,12.6408,8.2896,9.7395,15.0196,13.5721,13.8792,7.1732,13.9648,10.5299,14.9676,18.3363,21.8126,19.6724,22.4070,15.8001,7.9514,10.4462,11.1602,12.5704,14.1524,19.2610,16.9663,16.1362,19.7585,13.9036,14.4763,12.9678,15.5358,12.6359,12.9704,16.2734,9.1526,10.8146,17.8811,14.1429,12.4858,13.4679,12.0941,13.3475,14.0360,9.9074,13.0714,15.5739,12.1853,11.6074,11.6718,19.0058,14.6735,14.1985,15.7960,15.3173,11.1548,15.8684,11.2459,14.4406,12.8150,7.1967,9.1531,10.7715,13.2643,12.7786,11.8917,8.8273,9.6459,8.5513,14.1943,12.5415,9.2804,9.3212,12.3550,8.3501,11.8998,8.7393,8.7277,8.7195,8.7148,8.7140,8.7159,8.7214,8.7307,8.7430,8.7590,8.7780,8.8007,8.8268,8.8566,8.8899,8.9269,8.9674,9.0114,9.0590,9.1101,9.1648,9.2232,9.2849,9.3502,9.4190,9.4912,9.5668,9.6458,9.7281,9.8136,9.9024,9.9944,10.0895,10.1876,10.2887,10.3928,10.4997,10.6094,10.7219,10.8371,10.9549,11.0751,11.1979,11.3230,11.4503,11.5796,11.7104,11.8410,11.9645,12.0621
45129.2083333,15.3090,22.1795,21.7830,21.9814,32.3282,19.5957,24.5991,18.8410,23.7678,17.9465,19.0278,19.3098,13.8233,19.7035,21.8452,21.1478,23.7998,22.6203,16.4599,16.2392,23.1311,16.6173,13.3805,17.6898,17.4310,26.8585,17.4446,14.4137,19.5740,15.0847,18.4792,17.3991,17.7976,17.5135,18.1173,16.3092,18.5798,19.2705,13.3691,18.5952,19.1810,16.1452,13.6101,14.2610,26.5691,20.0575,15.2288,14.4121,11.6621,9.3050,12.3892,14.3594,15.4464,14.6494,6.5640,13.3887,12.3370,12.6327,18.7208,14.0309,13.6699,11.7390,11.2967,11.6779,9.9943,11.1548,15.0792,15.9570,9.5826,10.2573,12.4258,13.0613,12.1407,10.0054,7.3667,13.8600,12.9836,13.5468,12.1353,15.8915,21.5864,19.9628,12.4531,9.3844,11.3982,10.0230,17.1514,13.1220,17.9047,10.1304,16.3705,21.3636,21.4060,19.8303,8.4533,11.8146,12.8497,11.4149,11.8772,10.2305,10.5918,17.5030,12.2073,12.4919,17.3809,18.7658,13.7737,16.9119,10.0889,21.0793,11.3493,10.0685,12.3746,9.3647,11.9542,7.7432,9.1331,14.3200,12.9428,13.2246,6.6313,13.2013,9.8132,14.2829,17.9308,21.5899,19.2879,21.9460,15.1239,7.3356,9.7458,10.4615,11.9330,13.6340,18.9235,16.6099,15.7714,19.6766,13.4059,14.0948,12.5226,15.3347,12.2250,12.5565,16.1810,8.6944,10.4052,17.9920,14.1252,12.3090,13.4640,11.9990,13.5533,14.7051,9.7511,13.3188,16.2727,12.3821,11.7645,11.9428,19.8687,15.3940,14.7877,16.5432,15.8509,11.5007,16.6333,11.7824,15.5802,13.8007,7.4822,9.7018,11.6470,14.4769,13.9506,12.7361,9.4720,10.3709,9.2203,15.0197,13.2140,9.8534,9.8811,12.9074,8.8319,12.4200,9.2367,9.2049,9.1754,9.1485,9.1246,9.1031,9.0846,9.0695,9.0572,9.0483,9.0422,9.0397,9.0404,9.0446,9.0520,9.0628,9.0769,9.0941,9.1146,9.1382,9.1649,9.1949,9.2278,9.2638,9.3030,9.3451,9.3902,9.4384,9.4895,9.5436,9.6007,9.6606,9.7236,9.7893,9.8580,9.9296,10.0039,10.0811,10.1610,10.2437,10.3291,10.4171,10.5077,10.6010,10.6967,10.7947,10.8947,10.9953,11.0912,11.1675
45129.2500000,14.5666,21.7600,21.2891,21.5344,32.2448,18.9336,24.3338,18.5445,23.7340,17.4672,18.6574,19.0556,13.3492,19.4579,21.9666,21.2869,24.1735,23.0113,16.2540,16.0901,23.5754,16.6086,13.1425,17.8345,17.5933,27.6505,17.7028,14.4060,20.2893,15.2683,19.5614,18.6429,19.3859,18.6498,19.3782,17.2513,19.8657,20.6330,14.1583,19.7750,20.3921,17.2137,14.5505,15.2629,27.5671,21.6701,16.5171,15.3594,12.5600,9.9864,13.2416,15.3337,16.3818,15.5817,7.1619,14.7717,13.5804,13.6947,19.5560,14.8077,14.3524,12.4069,12.1144,12.5726,10.6241,11.8069,15.6903,16.3576,9.6632,10.2219,12.4683,13.2731,12.2582,9.8903,7.0394,13.9608,13.0380,13.7758,12.3845,15.9619,21.1838,19.6873,12.2780,9.1299,11.2558,9.8606,17.0518,13.0119,17.8054,9.9427,16.2811,21.1455,21.1895,19.7795,8.3258,11.7559,12.7986,11.2374,11.7627,10.0919,10.4676,17.3093,12.0665,12.3227,17.1529,18.4975,13.5735,16.5894,9.8672,20.9416,11.0088,9.7181,11.9316,8.9790,11.4625,7.4009,8.7249,13.7778,12.4621,12.7215,6.3039,12.6157,9.3011,13.7241,17.5523,21.3296,18.8739,21.4417,14.4769,6.8488,9.1436,9.8362,11.3153,13.0724,18.4614,16.1389,15.2975,19.4159,12.8541,13.6276,12.0283,15.0024,11.7610,12.0898,15.9355,8.2577,9.9758,17.9126,13.9485,12.0260,13.3097,11.7861,13.5543,15.0706,9.4963,13.3346,16.6581,12.3543,11.7058,11.9751,20.4272,15.8146,15.1054,17.0088,16.1393,11.6264,17.1457,12.0865,16.4458,14.5278,7.6122,10.0560,12.2967,15.4731,14.9206,13.4206,9.9600,10.9529,9.7535,15.7697,13.8228,10.3474,10.3765,13.4439,9.2695,12.9512,9.7260,9.6961,9.6656,9.6350,9.6053,9.5762,9.5484,9.5223,9.4975,9.4747,9.4534,9.4343,9.4172,9.4023,9.3897,9.3796,9.3720,9.3668,9.3643,9.3644,9.3672,9.3729,9.3813,9.3925,9.4066,9.4235,9.4433,9.4659,9.4914,9.5196,9.5507,9.5846,9.6212,9.6605,9.7026,9.7473,9.7947,9.8447,9.8974,9.9527,10.0105,10.0709,10.1338,10.1992,10.2671,10.3373,10.4096,10.4829,10.5534,10.6096
45129.2916667,13.1809,20.4740,19.8705,20.0208,30.8462,17.0201,22.6246,16.9446,22.3660,15.7783,17.0267,17.5389,11.8088,18.0249,20.8379,20.2227,23.3116,22.1817,15.0316,15.0300,22.9647,15.6260,12.1070,17.1008,16.8726,27.3161,16.8169,13.4174,19.9581,14.5902,19.7295,18.9584,20.0248,18.8331,19.5907,17.1479,19.9755,20.7166,13.7217,19.6760,20.1534,16.7617,13.9169,14.6867,27.1106,21.7622,16.3882,15.0599,12.3399,9.6223,13.0517,15.2236,16.2058,15.3546,6.6128,15.0484,13.8247,13.7747,19.3771,14.4520,13.8808,11.9257,11.8303,12.5001,10.4544,11.7599,15.7219,16.2687,9.6363,10.1475,12.3383,13.1167,11.9281,9.4131,6.4584,13.4960,12.3831,13.1415,11.5926,14.8239,19.5280,17.9489,10.5388,7.3617,9.4824,8.1367,15.3261,11.2760,16.0554,8.2195,14.5430,19.2979,19.3769,18.1470,6.8191,10.3594,11.4474,9.8317,10.3645,8.7081,9.1216,15.8533,10.7604,10.9868,15.7225,16.9926,12.1466,15.1958,8.7858,20.0348,10.0837,8.9203,11.0697,8.1515,10.4899,6.5620,7.7899,12.6480,11.3184,11.5410,5.4074,11.4876,8.2756,12.6110,16.4649,20.2721,17.6433,20.0710,13.0122,5.7057,7.9430,8.6646,10.1571,11.9169,17.2694,14.9191,14.0805,18.3060,11.5488,12.4116,10.8748,13.9659,10.6553,10.9894,14.9444,7.2439,8.9864,17.1020,12.9987,10.9970,12.3931,10.9443,12.9462,14.7887,8.8151,12.7717,16.2843,11.5942,10.8491,11.1013,19.9454,15.0592,14.2107,16.1811,15.1455,10.4507,16.3017,11.1040,16.0424,14.1489,6.9123,9.5763,12.1036,15.6198,15.0104,13.2702,9.5832,10.6436,9.3633,15.5485,13.4096,9.6961,9.6191,12.6792,8.3228,12.0354,8.7032,8.7107,8.7188,8.7259,8.7312,8.7334,8.7333,8.7305,8.7249,8.7169,8.7065,8.6941,8.6801,8.6647,8.6484,8.6314,8.6141,8.5968,8.5798,8.5633,8.5477,8.5333,8.5200,8.5082,8.4980,8.4895,8.4827,8.4774,8.4740,8.4734,8.4746,8.4778,8.4831,8.4907,8.5004,8.5123,8.5269,8.5430,8.5616,8.5822,8.6048,8.6297,8.6566,8.6852,8.7152,8.7453,8.7739,8.8051,8.8318,8.8523
45129.3333333,10.8787,18.1529,17.5292,17.5990,28.5114,14.4112,19.9820,14.1411,19.6516,12.9289,14.1147,14.6243,8.9962,14.9369,17.9243,17.3950,20.5150,19.3986,12.1579,12.3906,20.7386,13.1750,9.7824,14.9198,14.7022,25.5786,14.6158,11.1531,18.2024,12.5575,18.3454,17.6604,18.8534,17.3034,18.2538,15.6727,18.7761,19.4627,11.9710,18.2421,18.5277,14.9668,11.8856,12.6812,25.2263,20.0746,14.4745,13.1157,10.4494,7.7473,11.2776,13.4466,14.2656,13.4111,4.6604,13.5355,12.3441,12.2552,17.7792,12.7124,12.0518,10.0401,9.9686,10.7426,8.6770,9.9758,13.9289,14.6690,8.7464,9.5840,11.8744,12.5989,11.1882,8.4846,5.6214,12.5983,11.2325,11.9455,10.1425,13.0511,17.4123,15.6540,8.2047,5.0938,6.8587,5.5268,12.4257,8.3111,12.8759,5.2575,11.2279,15.7913,15.8335,14.6146,3.6810,7.0937,8.2047,6.7310,7.1919,5.6110,6.0426,12.5438,7.8692,8.0571,12.5992,13.8359,9.1560,12.2436,6.2087,17.4977,7.7266,6.7998,9.0386,6.2783,8.5094,4.7930,5.8833,10.6250,9.3377,9.5627,3.8021,9.4780,6.3414,10.5829,14.3490,18.1688,15.4165,17.7480,10.6431,3.8151,5.8922,6.5709,7.9288,9.6157,14.8160,12.5467,11.7903,16.0771,9.2589,10.0455,8.6251,11.8433,8.5882,8.9716,12.9722,5.4659,7.1766,15.3468,11.1635,9.1303,10.5690,9.1994,11.3937,13.4722,7.4389,11.4592,15.1159,10.2002,9.2988,9.4352,18.6304,13.3267,12.4418,14.3946,13.3404,8.4375,14.3426,9.0358,14.1674,12.2920,4.9894,7.7333,10.4421,14.3276,13.7000,11.9889,8.0295,9.1708,7.8615,14.1537,12.0728,8.0748,7.8076,10.7875,6.2750,9.8480,6.2256,6.2891,6.3433,6.3884,6.4228,6.4521,6.4742,6.4895,6.4995,6.5052,6.5072,6.5065,6.5036,6.4994,6.4931,6.4864,6.4782,6.4689,6.4584,6.4469,6.4344,6.4220,6.4057,6.3874,6.3673,6.3466,6.3245,6.3013,6.2769,6.2516,6.2255,6.1988,6.1715,6.1439,6.1162,6.0880,6.0595,6.0290,5.9847,5.8976,5.8327,5.7730,5.7162,5.6606,5.6080,5.5598,5.5174,5.4810,5.4432,5.4149
45129.3750000,5.6959,12.9105,12.6616,12.8741,23.9297,10.0482,15.6443,9.9146,15.6228,9.0829,10.2790,10.8692,5.6234,10.7151,13.7481,13.3399,16.8149,14.9350,7.8776,7.7090,16.2427,8.5157,5.6026,10.9702,10.8433,22.0134,10.8149,7.5748,15.0415,9.2411,15.4303,14.7045,16.0161,13.4280,13.8008,10.9956,15.0071,16.3515,8.7402,15.4066,15.5126,12.0900,8.8556,9.7561,22.3699,17.1664,11.3796,10.0974,7.5230,5.0798,8.6642,9.8459,10.4344,8.9408,0.6643,9.3416,8.1820,8.3281,13.9516,8.8627,8.5757,5.8994,5.9510,7.0166,5.5002,6.5761,10.7914,10.6045,5.2920,7.6206,10.3426,11.1306,9.7435,6.7696,4.3493,11.1336,9.5080,10.2093,8.1955,10.8464,15.1839,13.1847,5.4937,3.1849,3.5463,2.4788,8.9839,4.9128,8.9829,1.7083,6.8974,10.9104,11.1788,9.8506,-1.0469,2.0285,3.2214,2.1568,2.3606,1.4760,1.1072,7.2940,2.6524,3.4683,7.4212,8.3052,3.2206,6.8297,1.3353,12.5803,3.1440,2.3787,4.7692,2.4492,4.8596,1.6067,1.9364,6.5261,5.5095,5.8748,0.9361,6.7054,3.2808,7.4176,10.9884,14.9404,12.2393,14.4988,7.4406,1.3268,3.2071,3.7752,4.9860,6.4951,10.9007,8.8274,8.1907,12.6216,5.7485,6.1380,5.0167,8.3513,5.3665,5.8968,9.9377,2.9524,4.6230,12.6397,8.4136,6.4339,7.8696,6.6728,9.0578,11.2432,5.5260,9.5265,13.3292,8.2123,7.2254,7.0759,17.5407,10.7349,10.1147,11.6029,10.6576,5.8441,10.9392,6.0018,10.5988,8.7583,1.7231,4.4655,7.0161,11.4803,10.4626,9.5334,4.9454,6.1944,4.8939,11.2849,9.9822,5.6824,5.1932,8.1481,3.6232,6.7765,2.3199,2.4657,2.6023,2.7245,2.8343,2.9328,3.0255,3.1091,3.1843,3.2502,3.3091,3.3603,3.4038,3.4393,3.4685,3.4894,3.5037,3.5111,3.5120,3.5068,3.4955,3.4791,3.4574,3.4311,3.4001,3.3654,3.3268,3.2847,3.2384,3.1829,3.0847,2.8686,2.6949,2.5381,2.3921,2.2453,2.0990,1.9539,1.8136,1.6735,1.5337,1.3952,1.2597,1.1265,0.9964,0.8706,0.7504,0.6369,0.5226,0.4366
45129.4166667,-3.4155,3.4644,4.0142,4.5535,17.1282,1.8073,7.2914,2.6758,8.9578,1.7939,3.2222,4.2591,0.0686,4.5008,7.8323,7.8996,12.7704,9.6603,4.0033,2.8029,11.6833,4.1234,1.4971,6.7443,6.4123,17.6906,4.5623,1.3935,8.8166,2.8801,9.1207,9.7606,12.1095,9.0504,8.7442,4.7674,6.6481,7.8012,1.0942,9.2444,8.0819,5.5056,2.5788,3.9131,18.1726,11.0934,4.9415,4.3744,2.7145,0.9125,6.0880,6.7140,6.8206,4.5745,-4.0044,3.8484,1.7207,2.6009,7.6020,0.8372,2.4473,-1.3929,-1.0982,0.4311,0.3295,1.2661,6.7525,6.2694,-0.2660,3.6350,6.9203,7.0294,6.8511,3.6756,2.0610,9.4212,5.8783,8.1529,3.6595,5.8071,12.6009,9.5259,-0.4219,-0.5164,-2.4621,-2.8599,3.3956,-0.3181,3.4654,-1.4171,2.2370,4.2727,4.5139,2.9739,-7.5589,-5.8403,-4.2737,-4.3899,-4.2993,-3.2047,-4.9735,2.2893,-4.2627,-2.0829,1.5174,1.7866,-4.0131,-1.0967,-5.9552,5.6277,-3.2307,-3.5849,-1.3895,-2.9644,0.5218,-2.1697,-3.2930,0.7041,0.5781,-0.0532,-4.7028,1.4418,-2.3295,2.2178,4.2893,8.3264,5.6643,7.9813,0.7640,-4.6616,-2.4964,-1.6945,-0.1211,1.7133,5.2459,2.9243,3.0635,8.7764,2.1210,1.1235,0.3732,3.7141,0.8495,0.6004,4.5193,-1.8566,0.2044,7.5699,3.5347,0.5840,2.8161,1.6087,4.6693,7.3823,2.2443,6.1411,11.2560,4.4740,4.6080,2.9392,15.2162,7.6981,6.9406,6.4270,6.9954,1.9375,6.1203,2.5076,6.2763,4.4015,-2.1564,0.2659,2.0499,7.2997,5.9188,5.7682,0.1327,2.2155,-0.0509,7.7721,6.5406,2.1816,1.6413,4.7722,0.5169,3.1762,-2.5158,-2.2171,-1.9325,-1.6639,-1.4145,-1.1883,-0.9782,-0.7883,-0.6175,-0.4655,-0.3296,-0.2090,-0.1023,-0.0089,0.0735,0.1440,0.2043,0.2544,0.2928,0.2939,0.0639,-0.0931,-0.2812,-0.4661,-0.6455,-0.8063,-0.9680,-1.1310,-1.2957,-1.4620,-1.6203,-1.7815,-1.9450,-2.1100,-2.2709,-2.4338,-2.5982,-2.7636,-2.9273,-3.0925,-3.2590,-3.4260,-3.5920,-3.7577,-3.9220,-4.0840,-4.2422,-4.3950,-4.5507,-4.6660
45129.4583333,-12.3543,-6.8661,-5.7001,-4.8359,9.4170,-8.4963,-3.4171,-6.7680,1.6570,-6.5376,-6.4283,-6.5753,-9.1590,-6.0981,-3.9536,-3.0773,5.3609,1.8758,-0.5664,-2.1392,5.6979,-2.4768,-4.4422,0.8310,1.3520,15.1639,-0.5315,-4.3511,4.6453,-2.4612,4.3541,3.7127,8.3451,6.2079,5.7599,0.8033,2.0375,-0.8150,-8.4773,1.7593,-1.0954,-5.5833,-8.1308,-6.2459,12.5261,3.8115,-3.3623,-3.2108,-4.3669,-4.9788,2.1367,3.5991,3.6817,2.1149,-5.9007,0.5960,-2.7823,0.4042,4.2026,-5.8969,-3.5004,-9.1648,-9.0619,-7.3433,-5.7187,-5.3130,0.9369,0.6859,-5.7531,-1.2750,4.6122,3.6347,4.5059,-0.5919,-1.3910,7.2141,0.8417,5.6357,-1.9866,0.6032,11.6033,7.1962,-4.8110,-4.3865,-7.9621,-7.5900,-2.0445,-7.4326,-1.2213,-6.1536,-2.7819,-0.4932,-0.2341,-2.3746,-11.8526,-12.2414,-11.0377,-10.1348,-10.5996,-7.9229,-10.4235,-3.9426,-12.6227,-9.5605,-5.9110,-5.6221,-10.8951,-9.5960,-14.2495,-2.3072,-9.6367,-8.8684,-7.0114,-9.2881,-4.6205,-6.5346,-9.7359,-6.2910,-5.2164,-5.6677,-10.1878,-4.0235,-8.6626,-4.1036,-4.3579,1.4814,-1.2111,1.7634,-5.3740,-10.2566,-7.8515,-7.4014,-5.2446,-2.4748,1.4535,-3.2105,-4.6776,2.1343,-2.8913,-3.2903,-6.0072,-1.4619,-3.9652,-5.5286,-0.8540,-7.5175,-4.8763,3.8823,-0.8319,-4.0850,-0.9659,-3.3955,-1.0408,2.1627,-1.9514,2.2980,7.6112,0.1450,0.0184,-2.3654,11.9425,4.7008,2.8354,1.3032,3.3186,-1.2925,2.4610,-1.4057,1.3663,-0.2572,-5.9048,-3.7183,-3.1838,3.1298,1.6643,2.4154,-4.3561,-1.1725,-4.7639,5.4210,3.8505,-0.4920,-1.1104,2.0930,-1.9173,-0.4450,-7.3555,-7.8927,-8.3591,-8.7379,-9.0176,-9.1960,-9.2672,-9.2464,-9.1495,-8.9959,-8.8027,-8.5865,-8.3599,-8.1046,-7.7249,-7.3675,-7.0432,-6.7627,-6.5140,-6.3410,-6.2058,-6.1223,-6.0836,-6.0809,-6.1064,-6.1410,-6.1925,-6.2571,-6.3321,-6.4154,-6.4991,-6.5904,-6.6885,-6.7927,-6.8988,-7.0111,-7.1290,-7.2518,-7.3776,-7.5082,-7.6435,-7.7828,-7.9248,-8.0698,-8.2169,-8.3653,-8.5136,-8.6600,-8.8141,-8.9264
45129.5000000,-21.7427,-18.2751,-15.3664,-11.3422,2.7995,-15.7993,-12.9302,-16.7139,-5.6698,-10.9446,-10.5953,-13.4861,-14.6335,-12.3890,-11.0739,-14.1009,-5.0352,-10.3461,-12.5726,-14.0973,-2.5477,-11.0283,-11.3726,-6.9798,-5.3966,11.1685,-2.9988,-8.6072,1.6113,-7.2674,-0.3468,-2.6353,2.7135,1.2964,4.5110,0.9015,3.6397,0.8431,-9.6029,1.3306,-1.8781,-9.7795,-14.4098,-13.3669,8.3520,-2.6952,-11.5190,-11.4982,-13.6337,-13.8204,-7.2118,-2.7588,-0.7966,-3.4454,-10.0204,-4.6270,-6.3418,0.9184,6.2387,-2.9866,-1.5252,-9.5742,-13.1509,-12.9751,-11.6411,-11.2086,-2.6742,-2.3376,-11.5895,-7.0668,-1.2664,-2.3759,-0.7950,-3.4630,-3.2515,7.3870,1.3765,7.1349,-3.4187,-0.8205,14.9093,9.9483,-1.6579,-4.2920,-10.4816,-10.3129,-2.6187,-10.0943,-2.0364,-6.4577,-3.1866,-0.5142,-0.3396,-3.7584,-13.7594,-16.5651,-15.6302,-13.0448,-15.9979,-13.4001,-13.5366,-7.4375,-15.0391,-11.9425,-8.3171,-8.1004,-12.9170,-12.6418,-18.7051,-9.2345,-16.9770,-16.5273,-11.9233,-14.9899,-9.1161,-9.2974,-13.8347,-8.4913,-7.2374,-7.6887,-12.7684,-7.6620,-11.3747,-8.2411,-9.0805,-4.2374,-6.6508,-2.6905,-9.2298,-12.4941,-11.1971,-12.5407,-12.0210,-9.9424,-5.7203,-7.6575,-7.8954,-2.4881,-8.4008,-7.6057,-9.3218,-4.8381,-6.7144,-7.8080,-3.6542,-10.3722,-8.0313,0.9986,-6.3031,-8.6995,-6.5753,-8.1440,-5.7598,-3.6210,-5.7113,0.9215,5.7739,0.1105,-2.8510,-4.2559,10.3277,3.0651,-0.0642,-1.5411,0.8969,-1.4870,1.4906,-2.8851,-1.7332,-3.6911,-8.6023,-7.2219,-8.0008,-0.9335,-1.7627,0.2605,-7.1031,-2.8462,-6.8221,4.4254,3.1869,-0.6766,-1.0464,2.5109,-0.8596,0.1434,-5.7249,-6.2074,-6.7025,-7.2082,-7.7217,-8.2430,-8.7564,-9.2612,-9.7517,-10.2228,-10.6684,-11.0836,-11.4628,-11.7798,-11.9543,-12.0798,-12.1543,-12.1775,-12.1360,-12.0609,-11.9290,-11.7586,-11.5561,-11.3281,-11.0820,-10.8168,-10.5494,-10.2868,-10.0355,-9.8009,-9.5827,-9.3901,-9.2254,-9.0896,-8.9802,-8.8999,-8.8473,-8.8202,-8.8151,-8.8314,-8.8666,-8.9183,-8.9837,-9.0612,-9.1487,-9.2444,-9.3462,-9.4510,-9.5689,-9.6419
45129.5416667,-25.4962,-24.4229,-20.6639,-16.5277,-3.1369,-17.9651,-16.1574,-19.9459,-9.8686,-13.0228,-12.6612,-14.9404,-14.8694,-14.0409,-12.9489,-15.3546,-7.8546,-12.7600,-14.2485,-16.6630,-7.5648,-16.0721,-16.0670,-14.5220,-11.9733,4.3169,-7.7965,-12.2366,-1.8245,-9.6109,-1.7621,-4.0277,1.3098,1.2203,4.2651,1.0877,4.7723,3.2375,-6.6678,3.9699,1.9380,-4.3103,-9.8109,-9.3471,11.2193,-1.7079,-10.0905,-10.6213,-13.9116,-13.9866,-8.8810,-6.2667,-4.7388,-6.5838,-11.5643,-9.8342,-10.9301,-2.4607,4.8477,-2.5226,-0.2125,-6.1280,-10.3259,-10.3241,-8.8037,-9.0698,-2.0244,-2.5535,-13.9532,-10.0195,-4.2540,-6.2434,-5.6784,-7.5506,-6.2093,4.5973,0.4456,6.8350,-2.5480,0.6288,18.4071,14.1228,3.6776,1.3018,-5.2841,-4.5317,2.7891,-4.7614,3.0839,-0.7566,2.3146,5.1459,5.4069,1.5886,-6.6624,-9.9820,-9.7891,-6.3897,-10.1788,-8.5397,-9.3097,-5.5086,-13.0604,-10.6956,-7.5984,-7.3221,-11.1935,-11.8868,-16.9079,-10.4039,-16.4327,-16.6419,-12.6650,-14.5490,-10.9026,-10.2577,-15.4509,-11.0561,-10.0049,-9.6217,-12.6412,-9.4002,-11.5846,-9.0709,-9.3188,-4.3991,-6.1853,-2.0473,-7.7590,-9.1057,-8.9740,-10.3212,-11.5381,-10.9030,-6.8225,-9.1795,-9.4081,-4.5009,-8.9422,-8.6701,-9.8666,-6.0617,-7.2146,-7.7948,-4.3103,-9.1265,-7.7616,0.1024,-7.2212,-8.9158,-7.8007,-9.9174,-8.4979,-7.7099,-7.8583,-1.6558,2.7340,-1.3872,-3.6015,-5.1389,8.8459,2.3672,0.2577,-0.2126,2.7055,0.0692,2.6940,-1.5145,-1.1265,-2.9724,-6.1955,-6.2899,-7.4733,-1.7968,-2.6945,-0.5157,-6.9278,-3.3806,-6.1291,4.1847,3.4595,0.2415,0.1865,3.9369,1.1633,2.3834,-2.4263,-2.5127,-2.6202,-2.7492,-2.9005,-3.0805,-3.2763,-3.4941,-3.7332,-3.9928,-4.2708,-4.5652,-4.8732,-5.1764,-5.4170,-5.6611,-5.9055,-6.1477,-6.3746,-6.6039,-6.8136,-7.0105,-7.1922,-7.3559,-7.4995,-7.6149,-7.7070,-7.7746,-7.8170,-7.8340,-7.8223,-7.7869,-7.7295,-7.6518,-7.5545,-7.4428,-7.3198,-7.1889,-7.0526,-6.9159,-6.7820,-6.6541,-6.5345,-6.4262,-6.3308,-6.2498,-6.1838,-6.1322,-6.1140,-6.0798
45129.5833333,-30.1515,-30.1953,-26.6913,-22.6141,-10.9398,-22.5993,-22.1889,-24.3004,-15.7414,-17.0183,-16.8096,-18.6149,-17.2151,-17.4586,-16.6133,-18.1193,-11.3959,-15.1382,-15.1449,-17.0264,-9.7411,-17.1934,-15.2157,-16.3937,-13.4234,0.1789,-11.8330,-15.2677,-6.4176,-13.4804,-7.0727,-8.6176,-2.7398,-0.6086,2.8994,0.1649,4.0440,2.9891,-6.3829,3.9536,2.1810,-3.0785,-9.0072,-8.6139,11.9679,-0.7360,-7.7816,-8.0537,-11.2405,-11.0386,-7.0074,-5.6036,-4.6477,-6.2798,-9.9295,-11.7174,-12.6811,-5.4496,2.4316,-4.5666,-2.6400,-7.5727,-12.1603,-11.9842,-9.6413,-8.3939,-2.2263,-2.8616,-14.2158,-10.8917,-5.8404,-7.2690,-6.9131,-10.2371,-8.1882,0.5899,-3.2245,1.7653,-6.3095,-3.1564,15.2542,11.1060,1.3036,-0.9142,-7.3863,-5.2233,1.9510,-4.3227,3.0109,-0.4637,2.9094,6.2850,7.0610,3.5953,-3.3525,-5.6924,-5.4065,-1.4612,-5.3309,-4.0896,-4.6537,-1.7205,-9.9501,-8.0769,-5.5945,-5.6498,-9.1602,-10.4745,-14.5433,-10.6396,-14.9842,-15.0601,-11.5781,-12.5720,-10.4654,-9.1900,-14.5746,-11.2960,-11.4570,-10.0603,-11.5578,-10.3671,-11.8868,-10.6856,-12.3656,-7.0297,-7.9342,-3.4831,-8.1529,-7.9176,-8.6039,-8.8274,-10.2308,-9.9814,-5.9849,-8.5272,-9.6828,-5.0468,-8.3465,-8.5756,-9.5106,-6.3559,-7.0523,-7.7305,-5.3021,-8.3883,-7.6211,-1.0254,-8.3173,-9.3596,-8.1991,-10.1641,-9.3773,-9.7353,-8.3477,-3.2077,0.1548,-2.9650,-5.0562,-7.0536,5.7766,-0.3255,-1.7301,-1.7155,1.3715,-1.4572,1.0886,-2.7711,-2.4087,-3.6564,-5.4082,-5.6120,-6.6863,-1.9625,-2.8370,-0.5000,-5.6027,-3.1896,-5.3349,3.7869,3.0467,-0.0378,-0.2186,3.3109,0.6477,1.7551,-2.5709,-2.5723,-2.5708,-2.5676,-2.5644,-2.5700,-2.5717,-2.5784,-2.5917,-2.6135,-2.6447,-2.6864,-2.7391,-2.7923,-2.8069,-2.8324,-2.8691,-2.9171,-2.9692,-3.0400,-3.1155,-3.2021,-3.2992,-3.4059,-3.5213,-3.6399,-3.7651,-3.8954,-4.0293,-4.1652,-4.2987,-4.4311,-4.5607,-4.6856,-4.8028,-4.9124,-5.0130,-5.1032,-5.1812,-5.2472,-5.3005,-5.3408,-5.3676,-5.3814,-5.3827,-5.3721,-5.3506,-5.3196,-5.3055,-5.2649
45129.6250000,-32.2384,-32.7095,-29.0135,-27.0513,-14.6340,-24.0413,-26.1713,-29.8734,-21.4492,-20.9231,-21.9049,-24.6935,-22.9191,-23.6462,-23.7955,-23.6533,-18.7201,-21.9935,-20.7239,-21.7120,-15.7516,-22.8450,-19.2863,-19.4237,-18.1555,-4.2811,-16.7635,-18.2019,-10.0664,-15.7490,-11.2875,-12.6775,-7.6016,-4.7584,-1.3296,-2.8466,1.7218,0.9826,-9.6099,1.9769,-0.6399,-5.4054,-11.3772,-10.1716,8.5853,-5.6725,-11.5299,-10.5805,-13.5642,-11.3265,-8.2934,-8.2078,-7.6521,-8.7624,-12.0839,-15.0890,-14.8878,-8.3743,0.8264,-6.6820,-5.7962,-10.2289,-16.5559,-16.3129,-13.2834,-11.4787,-4.7227,-4.2471,-15.9395,-11.9382,-6.3115,-8.6208,-8.1245,-10.7083,-6.0395,-1.1231,-4.5749,-2.3729,-9.9494,-4.0808,12.2587,7.1871,-2.7650,-4.6547,-10.8996,-10.3262,-4.8625,-11.2931,-5.1565,-8.6089,-5.3188,-1.2704,0.1955,-2.8019,-9.8819,-9.4147,-6.9201,-0.8224,-5.0866,-4.5084,-5.3983,-3.5922,-11.0547,-9.8654,-6.7838,-7.1843,-10.3342,-11.8486,-15.7488,-13.0009,-15.8983,-15.5224,-10.9980,-11.3925,-10.3148,-9.3656,-13.3205,-11.5089,-13.9462,-12.6929,-11.6213,-10.9250,-12.0055,-11.2923,-13.6989,-11.4129,-12.8245,-8.4680,-12.7008,-11.7567,-11.2387,-12.2434,-13.1384,-12.4936,-7.4802,-10.6417,-11.7523,-7.9968,-9.9945,-10.3238,-10.2567,-8.1363,-8.0038,-7.3556,-5.6041,-8.7605,-8.2831,-0.8653,-9.2920,-9.6611,-8.7467,-10.3627,-10.3977,-11.8741,-7.9129,-4.2367,-1.8844,-4.4235,-6.6106,-9.8235,2.1996,-5.9686,-5.2564,-5.1208,-1.6523,-4.9774,-2.9811,-8.4161,-6.8428,-7.3938,-8.2267,-8.2665,-9.1768,-4.9993,-5.8171,-2.8964,-7.1364,-5.1802,-6.8379,1.9697,0.8301,-2.4531,-2.9093,0.4479,-2.2354,-1.5945,-5.7620,-5.8635,-5.9484,-6.0186,-6.0761,-6.1305,-6.1677,-6.1969,-6.2196,-6.2373,-6.2510,-6.2614,-6.2690,-6.2665,-6.2259,-6.1829,-6.1382,-6.0925,-6.0413,-5.9962,-5.9481,-5.9030,-5.8616,-5.8250,-5.7939,-5.7659,-5.7451,-5.7321,-5.7271,-5.7305,-5.7407,-5.7598,-5.7876,-5.8240,-5.8675,-5.9188,-5.9775,-6.0426,-6.1129,-6.1883,-6.2677,-6.3500,-6.4341,-6.5190,-6.6034,-6.6863,-6.7663,-6.8418,-6.9352,-6.9820
45129.6666667,-29.4411,-32.2126,-28.9690,-27.5102,-11.2991,-22.1200,-21.2837,-27.4674,-21.8615,-19.4609,-19.1953,-20.5283,-17.3994,-19.9277,-21.7579,-21.6703,-15.9194,-19.9691,-18.9620,-23.3252,-16.2636,-24.2629,-21.7407,-20.8636,-22.7902,-8.3715,-22.1521,-22.7864,-16.6715,-19.5080,-16.4122,-17.0317,-11.4829,-7.5886,-4.0677,-3.5498,-0.2394,-0.3943,-8.3744,3.8066,6.4851,-1.2158,-5.3017,-2.4977,13.6472,-5.2665,-11.0213,-9.7497,-14.2637,-12.5720,-8.1180,-9.1791,-9.1460,-8.9509,-12.7071,-19.3794,-19.0352,-12.8719,0.2262,-5.7888,-4.1303,-10.2649,-16.9983,-17.6992,-15.7414,-14.8404,-9.7779,-5.8230,-17.9070,-12.4649,-6.9883,-9.7026,-8.7274,-9.5432,-4.4050,-1.6239,-1.5952,-1.9752,-8.1929,1.6149,17.1281,11.7160,-1.6452,-2.8100,-4.0896,-6.9822,0.7735,-5.5364,-0.3657,-4.1355,-2.9250,1.6516,1.5022,-3.6628,-12.9052,-14.1307,-12.3158,-6.1877,-9.5004,-5.4399,-7.5380,-2.5943,-8.5685,-9.9123,-4.8458,-4.9791,-10.4218,-9.0906,-14.0900,-13.2335,-16.0866,-15.6336,-12.6768,-12.1044,-8.5705,-9.1959,-12.4345,-8.3293,-12.7236,-12.0450,-10.1667,-9.0033,-11.7089,-12.1924,-12.4613,-9.7942,-11.9133,-7.9875,-12.5850,-12.5459,-13.6525,-14.5107,-16.4869,-16.3443,-9.4427,-12.9663,-13.6121,-10.9239,-13.0745,-13.5405,-11.9704,-10.9465,-10.1417,-7.3482,-4.6998,-8.4768,-9.0736,-0.0354,-10.2824,-10.0752,-9.7522,-10.0184,-9.8167,-12.1742,-8.1395,-5.9426,-1.1746,-2.3367,-3.6683,-9.0915,3.9710,-6.2711,-3.1756,-2.4729,1.8972,-3.9380,-1.1555,-9.3719,-7.9002,-10.2878,-8.8326,-10.4674,-10.3239,-6.7783,-7.7958,-4.0661,-7.5882,-8.0144,-9.0477,2.0692,1.1037,-1.9102,-2.2475,1.2347,-1.2567,-1.0993,-5.0624,-5.3506,-5.6446,-5.9399,-6.2325,-6.5258,-6.8009,-7.0610,-7.3028,-7.5239,-7.7223,-7.8972,-8.0486,-8.1715,-8.2467,-8.3013,-8.3373,-8.3567,-8.3580,-8.3506,-8.3294,-8.2994,-8.2621,-8.2189,-8.1708,-8.1166,-8.0596,-8.0007,-7.9407,-7.8802,-7.8188,-7.7584,-7.6998,-7.6435,-7.5893,-7.5386,-7.4920,-7.4498,-7.4120,-7.3795,-7.3525,-7.3312,-7.3156,-7.3059,-7.3019,-7.3035,-7.3102,-7.3212,-7.3580,-7.3623
45129.7083333,-22.8480,-27.9273,-25.0379,-24.0633,-10.8624,-17.8739,-17.8229,-22.3535,-15.3769,-14.5141,-15.4820,-17.3285,-14.0947,-17.7680,-20.3180,-19.7072,-13.8459,-15.4246,-12.2123,-15.2236,-10.5749,-15.9326,-12.8766,-14.0016,-16.2509,-2.0110,-17.0981,-18.1431,-16.7381,-19.4438,-19.0589,-20.8169,-16.6435,-12.2410,-7.8494,-6.9561,-0.8090,-0.8726,-10.3290,-0.0005,2.9545,-2.3537,-4.8161,-1.1087,19.7333,2.1798,-4.1967,-0.3578,-6.7101,-4.7400,-2.1190,-0.9075,-1.3706,-3.8808,-5.5008,-15.2792,-16.1101,-11.3605,3.5987,-3.9682,-2.3176,-7.0642,-12.6056,-13.9595,-10.1198,-12.6369,-8.9765,-6.1026,-18.2616,-13.5563,-8.9537,-8.3459,-9.5714,-10.3269,-5.1026,-0.6290,-1.5675,-1.4074,-4.7978,7.8280,23.1818,17.9168,1.9668,0.6848,2.4999,-2.6445,7.2630,1.7549,7.1221,0.7363,1.8038,10.0967,10.7150,4.4979,-4.7187,-7.1738,-6.4874,-1.2728,-4.8356,-2.1341,-4.1508,2.0547,-5.1077,-3.9394,0.3020,0.8674,-6.8155,-3.9939,-9.6139,-9.7927,-12.2848,-12.8470,-11.0311,-9.8624,-7.6382,-6.9915,-10.1825,-7.3631,-10.7843,-10.2521,-7.5240,-5.7470,-9.2274,-8.9043,-11.0305,-7.7041,-9.2742,-4.7745,-8.7265,-8.7587,-10.8520,-10.9154,-14.4393,-15.4189,-8.2313,-12.1042,-12.8075,-11.2403,-12.8519,-14.3089,-14.8773,-13.7467,-13.1977,-9.6024,-8.7136,-9.8909,-9.9252,-0.9781,-9.9996,-9.3231,-9.0647,-8.7545,-8.5343,-10.2073,-4.2045,-1.8670,1.5558,-0.7021,-1.6209,-4.7925,8.1041,-1.4427,1.6045,2.8571,7.2801,-1.7576,2.5526,-6.7416,-6.1867,-8.7343,-7.6207,-9.0158,-10.4163,-6.3105,-6.9795,-2.7569,-5.6250,-6.2118,-8.6364,3.0269,2.2150,-0.5161,-0.6901,2.9475,0.7704,1.0274,-2.4484,-2.5420,-2.6418,-2.7470,-2.8577,-2.9814,-3.1050,-3.2359,-3.3747,-3.5223,-3.6785,-3.8429,-4.0146,-4.1881,-4.3470,-4.5073,-4.6667,-4.8230,-4.9714,-5.1152,-5.2474,-5.3691,-5.4788,-5.5757,-5.6591,-5.7272,-5.7816,-5.8228,-5.8511,-5.8674,-5.8716,-5.8657,-5.8508,-5.8278,-5.7974,-5.7611,-5.7199,-5.6746,-5.6260,-5.5751,-5.5227,-5.4693,-5.4156,-5.3621,-5.3094,-5.2579,-5.2078,-5.1594,-5.1351,-5.0873
45129.7500000,-14.8498,-21.1537,-18.9544,-18.7010,-8.4859,-13.3190,-14.5823,-17.8412,-12.2242,-10.5998,-11.6595,-13.1995,-9.6237,-13.5198,-16.2181,-16.0421,-11.8670,-13.3933,-10.1321,-12.6750,-9.7052,-13.2453,-9.8059,-11.2717,-12.6094,1.6634,-10.7583,-10.8369,-10.9795,-12.7101,-14.9123,-17.7257,-15.9786,-12.8130,-9.8117,-9.5424,-3.7336,-1.3100,-9.4192,-0.3041,2.1977,-2.3434,-4.4590,-1.1618,21.6535,5.6303,0.1963,4.9274,-0.6879,1.1989,3.4260,5.4129,6.8819,3.6467,2.0570,-6.9881,-8.0542,-4.4379,8.2534,1.0788,2.0854,-2.2921,-7.3969,-9.0784,-5.4302,-7.7797,-3.3800,-1.9243,-15.1313,-12.6350,-9.6193,-9.0943,-10.0184,-10.0784,-5.0044,-1.7190,-2.2798,-1.5229,-3.8293,9.8616,23.5590,19.4250,5.1583,4.1341,6.7400,2.6011,13.2649,8.9048,14.0913,7.8782,9.6169,18.9798,18.5213,12.5739,3.8685,1.6858,1.9656,6.1662,2.9767,4.6472,2.8982,9.5151,0.9375,2.2386,5.5628,7.0572,-0.0714,3.2931,-2.0450,-2.6220,-5.0536,-6.6686,-5.9516,-5.0121,-4.1076,-3.1401,-6.5156,-5.2993,-8.3115,-8.2578,-5.5513,-3.8402,-7.0297,-6.4522,-7.7613,-3.6783,-4.0047,1.4273,-2.3862,-2.1763,-4.4306,-4.6356,-8.0026,-9.7532,-3.5860,-7.3805,-8.0905,-7.1305,-7.9546,-10.3293,-10.9539,-11.2381,-10.6517,-7.7125,-8.7304,-8.7567,-9.8895,-3.9760,-11.1361,-10.4779,-10.6983,-9.7647,-9.3700,-10.4180,-3.6292,-2.3417,0.6334,-0.9375,-0.9724,-2.3418,10.6390,1.5659,4.6847,6.8709,11.1057,2.7949,8.1540,-0.5505,-0.3122,-2.5507,-1.9114,-3.6244,-6.0012,-3.0213,-3.4123,0.9670,-1.4393,-2.0206,-4.6266,5.4883,5.7188,3.2142,3.1663,6.8024,4.6870,5.4289,1.9832,2.2453,2.4962,2.7355,2.9341,3.0814,3.1858,3.2139,3.1646,3.0396,2.8317,2.5418,2.1675,1.8611,1.6495,1.4937,1.3717,1.2686,1.1769,1.0870,0.9994,0.9106,0.8199,0.7270,0.6321,0.5369,0.4406,0.3441,0.2482,0.1539,0.0627,-0.0251,-0.1086,-0.1868,-0.2587,-0.3239,-0.3820,-0.4325,-0.4749,-0.5094,-0.5360,-0.5549,-0.5663,-0.5705,-0.5681,-0.5595,-0.5451,-0.5253,-0.5210,-0.4840
45129.7916667,-0.1042,-6.6827,-5.6708,-6.1999,1.4367,-2.6018,-5.2563,-8.7020,-5.4199,-3.9560,-5.4919,-7.4349,-4.5488,-8.5232,-11.4813,-11.4721,-8.3080,-9.5843,-6.2451,-8.5205,-6.9010,-9.3127,-6.3419,-8.4059,-9.5843,2.4252,-7.8882,-7.5706,-8.1910,-8.6214,-10.7232,-12.8899,-11.5241,-8.5240,-6.2765,-6.3593,-1.9790,0.4320,-6.6147,1.0391,3.1024,-0.7800,-2.5835,0.2654,22.0996,7.4614,2.7196,6.9932,2.4154,3.9251,6.3420,8.7618,11.3202,8.7753,6.2895,0.1299,-0.5087,2.8200,14.2345,7.6972,8.4430,4.5326,0.0333,-1.7952,1.0745,-1.3117,2.6596,3.4224,-9.9046,-9.0305,-7.2687,-7.2406,-8.1754,-8.5979,-3.9717,-1.9256,-2.3473,-1.3348,-3.0132,9.3343,22.2996,18.8574,6.1014,5.0820,7.5403,4.3260,14.4301,10.5102,15.9736,9.7478,12.7774,22.0356,22.2240,17.3314,8.6601,7.9592,8.5972,11.9532,9.6654,10.7476,9.6348,16.5040,8.6638,9.7339,12.8290,14.0525,7.5191,10.5579,5.4197,5.5638,3.1173,1.2828,1.6186,2.1673,2.5984,3.1931,0.3473,0.8226,-1.8816,-2.2997,-0.5912,-0.0990,-2.7238,-2.9207,-4.1908,-0.7708,-0.7314,4.8734,1.5366,1.6329,0.2400,0.1373,-2.2526,-3.5357,1.8975,-0.8009,-1.0543,-0.1674,-0.6485,-3.2345,-4.0865,-5.1494,-4.7467,-2.7637,-4.4855,-3.9400,-5.5948,-2.0876,-7.7666,-7.1865,-8.2185,-8.1760,-8.9134,-10.4904,-4.2208,-3.4458,-0.9761,-1.9380,-1.2891,-2.1680,9.4531,1.9507,4.8829,7.2484,10.9759,4.1322,9.6220,2.5099,3.3373,2.0449,2.3412,1.5449,-0.2807,2.2434,1.9993,5.9593,3.8480,3.5488,1.4667,10.1222,10.6270,8.2663,8.4041,12.0588,9.6834,11.0582,7.4711,7.5442,7.6196,7.7066,7.7949,7.8868,8.0004,8.1192,8.2482,8.3904,8.5384,8.6846,8.8342,8.9797,9.1235,9.2483,9.3550,9.4359,9.4882,9.5057,9.4901,9.4368,9.3484,9.2278,9.0800,8.9115,8.7297,8.5427,8.3595,8.1892,8.0354,7.8984,7.7770,7.6692,7.5727,7.4848,7.4034,7.3269,7.2542,7.1842,7.1167,7.0513,6.9883,6.9278,6.8701,6.8157,6.7653,6.7203,6.6665,6.6582
45129.8333333,9.1411,3.8438,4.4127,3.6421,9.9671,5.9447,3.6395,0.5798,3.0739,4.0874,2.6172,0.7433,2.8282,-0.9936,-4.3743,-5.0872,-3.4193,-5.1143,-2.2623,-4.3290,-3.9427,-5.6146,-3.1117,-5.3383,-6.3990,3.2191,-5.3912,-4.7913,-6.0142,-5.8329,-8.3101,-10.1993,-9.0848,-6.0483,-4.0092,-3.6968,0.0246,2.2210,-3.4010,3.0243,4.7125,1.2554,-0.3136,1.9452,21.7113,8.7207,4.3794,7.9292,4.1327,4.9782,7.3172,9.7117,12.1662,10.1055,6.5724,3.4552,3.2868,6.2824,16.7726,10.9233,11.7587,8.5869,5.1625,3.8419,6.1788,4.4098,7.9820,8.4087,-3.7587,-4.0327,-3.4692,-4.0972,-5.2093,-5.6992,-1.9218,-1.0717,-1.6482,-1.0208,-2.5640,7.9446,19.4414,16.3678,4.8786,3.8638,6.1605,3.6631,13.0264,9.4087,14.8790,8.6393,12.4844,21.3186,21.8534,17.9275,9.0130,9.6238,10.5342,12.8614,11.4220,12.0456,11.5801,18.7450,12.5747,13.6199,17.0996,18.4491,12.5329,15.5335,10.6884,12.2847,9.4331,7.9007,8.1663,8.0677,8.5296,8.1629,6.2746,6.8200,4.4101,3.8776,4.5690,5.1460,2.7720,2.2329,0.6303,3.0105,2.6450,7.2152,3.9907,3.4453,2.7215,2.7003,1.0295,0.0345,4.4456,2.3718,2.4383,3.6061,3.3043,1.6946,1.3106,0.5245,0.9485,2.3554,0.8210,1.2846,-0.1277,1.9529,-2.7312,-2.3862,-3.7329,-4.1050,-5.6621,-7.9380,-2.6265,-2.7023,-1.1705,-1.9389,-1.1978,-1.9987,7.5548,1.1993,3.5329,5.6614,8.6206,2.9287,8.1621,2.3993,3.9417,3.3111,3.2039,3.6493,2.8124,5.3297,5.3268,8.4395,6.3863,6.4709,4.8956,12.5720,12.6771,10.1213,10.3165,13.9500,11.0276,13.2904,9.8858,10.0691,10.2484,10.4272,10.5955,10.7522,10.9095,11.0544,11.1907,11.3219,11.4447,11.5565,11.6649,11.7687,11.8745,11.9746,12.0746,12.1732,12.2720,12.3695,12.4682,12.5651,12.6602,12.7526,12.8410,12.9238,12.9989,13.0640,13.1177,13.1581,13.1840,13.1939,13.1872,13.1635,13.1235,13.0680,12.9982,12.9163,12.8245,12.7251,12.6208,12.5141,12.4071,12.3019,12.1999,12.1025,12.0106,11.9257,11.8382,11.7934
45129.8750000,14.9755,11.9510,12.4522,11.8995,18.1870,13.5459,12.0498,8.3960,10.6004,10.7821,9.5632,7.8804,8.7640,6.1836,3.1941,2.3123,3.3685,1.4844,3.4295,1.2886,1.1664,-0.3926,1.2118,-1.0127,-2.1656,5.7776,-1.7517,-1.5141,-3.2120,-3.0880,-5.8645,-7.6345,-6.9745,-4.1603,-2.3923,-1.9958,1.3256,3.4336,-1.2842,4.6740,6.3518,3.3882,2.0260,3.9227,22.0133,10.2774,6.0460,8.9630,5.4849,5.7666,8.1514,10.5115,12.8106,11.1069,6.5663,5.5279,5.3030,7.9032,17.7356,12.3450,13.1560,10.4014,7.7120,6.7609,8.4431,7.3614,11.1856,11.9909,1.4571,1.0187,1.3255,0.5701,-0.6678,-1.7398,1.1727,1.6475,0.9199,1.3250,-0.0455,9.1100,19.4562,16.7153,6.2590,5.0816,6.9836,4.6855,12.9945,9.3433,14.4241,8.0359,12.1504,20.3500,20.9035,17.4365,8.0743,9.3564,10.3689,11.9559,11.1289,11.3062,11.2324,18.6458,14.0296,15.1065,19.1748,20.7576,15.2128,18.3568,13.1719,16.7504,13.0338,11.7707,12.5342,11.8583,12.8845,11.5092,10.6548,12.0628,10.0050,9.5486,8.5337,10.1519,7.7069,7.6115,6.3062,8.1510,7.3927,11.1661,7.6650,5.9321,5.5901,5.3614,4.0535,3.2336,6.9340,4.9847,4.9149,6.1194,5.4036,4.2478,3.8744,3.5726,3.8341,5.0234,4.2997,4.1392,3.4568,5.6242,1.8670,2.1171,1.0125,0.4690,-1.1924,-3.6163,0.6321,0.3942,1.4608,0.8067,1.4106,0.5643,8.5102,3.0092,4.7466,6.5953,8.8629,3.9038,8.4074,3.2374,4.5369,3.7460,2.8326,3.7763,3.6461,6.3264,6.5999,9.0712,7.0265,7.5111,6.3120,13.6473,13.5407,10.8696,11.1976,14.9783,11.6277,14.6282,11.2133,11.3924,11.5625,11.7288,11.8863,12.0365,12.1906,12.3409,12.4912,12.6446,12.7987,12.9508,13.1054,13.2600,13.4177,13.5714,13.7232,13.8708,14.0144,14.1519,14.2850,14.4115,14.5321,14.6470,14.7567,14.8614,14.9617,15.0576,15.1498,15.2387,15.3250,15.4084,15.4890,15.5668,15.6416,15.7129,15.7802,15.8427,15.8999,15.9510,15.9952,16.0318,16.0602,16.0798,16.0905,16.0922,16.0851,16.0705,16.0417,16.0330
45129.9166667,17.2420,16.3585,16.6780,16.2273,22.7432,16.9790,16.7567,13.1248,15.7779,15.0164,14.3493,13.2110,12.9990,12.1454,9.9023,9.0135,9.8730,7.9898,8.8792,7.0593,7.0799,5.2946,6.0597,4.3900,3.1914,9.8143,2.8521,2.7498,0.9850,0.8418,-2.1141,-4.0509,-4.0803,-1.8555,-0.6000,-0.3474,2.3807,4.2181,0.1953,5.6238,7.1473,4.4887,3.2797,4.9271,21.7271,11.4823,7.4905,9.8821,6.8301,6.5848,8.9901,11.2636,13.3098,11.7815,6.4472,7.2903,6.9953,9.1041,18.0897,12.8861,13.5251,11.0524,9.0473,8.4887,9.5483,9.0358,12.9778,14.0449,5.2270,4.9937,5.3182,4.6333,3.4429,2.4011,4.2536,4.9911,4.1427,4.2983,2.9479,10.7569,19.8493,17.3033,7.6468,6.2907,8.0946,6.0942,13.7861,10.2009,15.0587,8.5770,12.8823,20.3618,20.7962,17.6989,8.0503,9.7592,10.6877,11.4967,10.9757,10.6811,10.7163,18.0149,14.3486,15.2704,19.6420,21.2746,15.9078,19.3173,13.8908,19.4214,14.6854,13.5855,14.7545,13.4040,14.9393,12.5442,12.5680,14.9626,13.1626,12.9276,10.4277,13.6308,11.0908,11.9471,11.3094,13.1056,12.0844,15.2912,11.4411,8.4428,8.7675,8.6114,7.7438,7.1247,10.2678,8.1908,7.7956,8.8776,7.4581,6.5398,5.9693,5.9229,5.7233,6.5695,6.3970,5.2943,5.1662,7.6492,4.3882,4.4430,3.8255,3.5519,2.5049,0.5925,3.5262,3.5174,4.4126,3.5768,4.0378,3.3702,10.2948,5.3346,6.5123,8.1136,9.7159,5.2515,9.3926,4.6995,6.0645,5.1470,3.5369,4.5571,4.6493,7.0805,7.2171,8.9066,6.6930,7.3239,6.2618,13.1840,12.7279,9.8645,10.2053,14.0077,10.3033,13.8648,10.4947,10.7661,11.0350,11.3025,11.5629,11.8146,12.0637,12.3030,12.5340,12.7579,12.9727,13.1769,13.3738,13.5628,13.7471,13.9228,14.0930,14.2572,14.4166,14.5709,14.7222,14.8694,15.0136,15.1551,15.2942,15.4309,15.5653,15.6970,15.8261,15.9525,16.0760,16.1964,16.3134,16.4270,16.5371,16.6436,16.7465,16.8458,16.9416,17.0341,17.1231,17.2090,17.2917,17.3713,17.4479,17.5212,17.5912,17.6573,17.7102,17.7599
45129.9583333,17.7812,18.8717,19.0309,18.7086,25.6841,18.6463,19.4916,15.5346,18.5325,16.6852,16.4200,15.6411,14.2213,15.2155,13.9173,13.2325,14.4094,12.7937,12.5494,11.1824,12.0600,9.7894,9.7159,9.0414,7.9382,14.1082,7.3048,6.7287,5.4426,4.8032,2.1676,0.1625,-0.3861,1.1816,1.9101,1.7997,3.8892,5.2440,1.4873,6.3565,7.6024,5.0618,3.8587,5.2198,20.7599,11.6334,7.7484,9.7602,7.0503,6.4218,8.9558,11.2676,13.1913,11.8709,5.9615,8.3444,7.9657,9.6736,17.9609,12.8738,13.3058,10.9819,9.4493,9.1437,9.5838,9.4849,13.5094,14.8143,7.3485,7.5000,8.1319,7.6984,6.5693,5.4598,6.2767,7.8566,6.9573,7.0448,5.7215,12.4950,20.5405,18.1494,9.0685,7.4407,9.1678,7.2731,14.4613,10.8180,15.4380,8.7833,13.2435,20.1050,20.4309,17.6382,7.7572,9.7969,10.6969,10.9438,10.6828,10.0578,10.1793,17.3442,13.9410,14.7457,19.3345,20.9531,15.6485,19.1791,13.3476,20.4325,14.6217,13.5860,15.1709,13.2932,15.2943,12.1286,12.7932,16.1000,14.4778,14.3993,10.4827,15.0485,12.2863,14.1538,14.4015,16.4885,15.3272,18.2750,13.9988,9.6893,10.7219,10.7826,10.4829,10.2942,13.4154,11.2969,10.7016,11.8855,9.6577,8.9061,8.0432,8.2550,7.4966,8.0087,8.2841,6.1138,6.2884,9.1957,6.1440,5.8867,5.5153,5.1118,4.5558,3.2424,4.8561,5.3591,6.3913,5.2854,5.6579,5.2174,11.6815,7.1818,7.9428,9.4326,10.5135,6.3600,10.3360,5.9175,7.4657,6.4247,4.1285,5.3161,5.6757,7.9627,7.9451,8.9560,6.5771,7.2273,6.1821,12.6697,11.8779,8.8664,9.1233,12.7703,8.8624,12.5674,9.1906,9.3935,9.6014,9.8158,10.0330,10.2525,10.4787,10.7065,10.9370,11.1707,11.4056,11.6398,11.8750,12.1094,12.3444,12.5759,12.8047,13.0293,13.2496,13.4641,13.6734,13.8762,14.0727,14.2626,14.4461,14.6232,14.7941,14.9589,15.1180,15.2717,15.4206,15.5648,15.7048,15.8408,15.9733,16.1025,16.2285,16.3515,16.4718,16.5894,16.7043,16.8167,16.9264,17.0334,17.1378,17.2394,17.3379,17.4325,17.5145,17.5836
45130.0000000,17.9080,20.6120,20.5704,20.3338,27.8446,19.5372,21.3593,17.0597,20.4518,17.5819,17.6538,17.1524,14.6336,17.1130,16.5864,15.9330,17.3796,15.9316,14.4805,13.5159,15.5382,12.6386,11.8190,12.3446,11.4518,17.8378,10.9338,9.9281,9.6500,8.4519,6.6279,4.6859,3.9160,4.9000,5.2690,4.7902,6.4280,7.3492,3.6180,7.9749,8.9027,6.3624,5.0693,6.1230,20.3624,11.9821,8.0139,9.5935,7.0257,6.0713,8.6235,10.8928,12.6718,11.5161,5.2682,8.8440,8.4255,9.8320,17.5728,12.6347,12.9342,10.7694,9.6471,9.5712,9.4973,9.7116,13.7347,15.1041,8.3733,8.8082,9.8126,9.7046,8.6639,7.5096,7.3799,10.0600,9.1741,9.3226,8.0404,14.0335,21.2304,19.0224,10.3911,8.4952,10.2770,8.4863,15.4390,11.7547,16.2482,9.4124,14.0547,20.3702,20.5750,18.0199,7.9216,10.1793,11.0200,10.7991,10.7039,9.8042,9.9535,16.9281,13.2750,13.9663,18.6853,20.2790,15.0438,18.6468,12.5265,20.7688,13.9790,12.8984,14.7518,12.4692,14.7626,11.0815,12.1366,16.1241,14.6299,14.6805,9.7420,15.2963,12.3374,15.0646,16.1554,18.6053,17.3005,20.1162,15.3773,9.9309,11.5602,11.8615,12.1077,12.4037,15.8043,13.7099,13.0567,14.6166,11.6092,11.1430,10.0847,10.6998,9.4245,9.7380,10.5054,7.2776,7.7038,11.1390,8.1175,7.5172,7.3040,6.5864,6.2755,5.3341,5.6718,6.6336,7.8362,6.3666,6.6235,6.3445,12.6405,8.4228,8.8704,10.3358,11.0062,7.0637,11.0669,6.8412,8.7396,7.6252,4.6793,6.0770,6.7216,8.9782,8.8397,9.2902,6.7804,7.4530,6.4212,12.5617,11.5087,8.4285,8.6175,12.0810,8.1125,11.8156,8.4942,8.6305,8.7718,8.9191,9.0698,9.2237,9.3843,9.5479,9.7157,9.8884,10.0647,10.2438,10.4272,10.6141,10.8057,10.9994,11.1962,11.3951,11.5961,11.7983,12.0021,12.2062,12.4106,12.6149,12.8185,13.0211,13.2222,13.4212,13.6178,13.8116,14.0022,14.1893,14.3724,14.5514,14.7260,14.8961,15.0615,15.2223,15.3783,15.5298,15.6766,15.8190,15.9571,16.0911,16.2211,16.3472,16.4694,16.5866,16.6907,16.7746
45130.0416667,17.5406,21.6056,21.4273,21.2976,29.4170,19.9271,22.6477,17.9479,21.7486,17.9568,18.3128,18.0389,14.5982,18.2151,18.3919,17.7444,19.4614,18.0981,15.4531,14.7437,17.8883,14.2489,12.7285,14.3377,13.6115,20.5060,13.2716,11.8226,12.7851,10.9957,10.3572,8.6494,8.0113,8.5515,8.7891,7.9935,9.4549,10.0987,6.2011,10.2137,10.8996,8.3160,6.8881,7.6948,20.7903,12.9637,8.8070,9.8583,7.3167,6.0854,8.5826,10.7269,12.2946,11.2171,4.7880,9.1315,8.6027,9.7188,16.9521,12.1387,12.3177,10.2885,9.5013,9.6305,9.1568,9.6439,13.7033,15.0932,8.7786,9.3681,10.6939,10.8781,9.8785,8.6001,7.6753,11.4538,10.5929,10.8779,9.6345,15.0349,21.5367,19.5135,11.2217,9.0536,10.9474,9.2364,16.1320,12.4119,16.8763,9.8527,14.7531,20.6644,20.8096,18.5056,8.2043,10.6901,11.5168,10.9292,10.9786,9.8765,10.0534,16.8607,12.6233,13.2091,17.9724,19.5148,14.3475,17.9061,11.5992,20.6791,13.0991,11.9761,13.9934,11.4513,13.9032,9.9447,11.2056,15.6291,14.2201,14.3424,8.7353,14.8447,11.7317,15.0805,16.8915,19.6861,18.2223,20.9610,15.7712,9.4705,11.5074,12.0014,12.6937,13.4331,17.2318,15.1642,14.5056,16.5627,12.8112,12.6727,11.4909,12.6144,10.8931,11.1511,12.5149,8.2918,9.0288,13.1799,10.1083,9.2026,9.2002,8.2080,8.1308,7.5035,6.6516,8.0367,9.4305,7.5354,7.5817,7.3765,13.6426,9.5426,9.7020,11.1518,11.4613,7.6177,11.6839,7.5255,9.7733,8.5630,5.0006,6.5251,7.4946,9.8503,9.6542,9.6595,7.0477,7.7684,6.7542,12.6600,11.4069,8.2982,8.4406,11.7391,7.7770,11.4280,8.1854,8.2717,8.3619,8.4570,8.5552,8.6566,8.7637,8.8740,8.9883,9.1073,9.2302,9.3563,9.4868,9.6211,9.7602,9.9022,10.0480,10.1969,10.3490,10.5039,10.6618,10.8222,10.9850,11.1501,11.3175,11.4869,11.6583,11.8312,12.0057,12.1814,12.3583,12.5360,12.7142,12.8927,13.0713,13.2495,13.4271,13.6038,13.7793,13.9532,14.1253,14.2952,14.4627,14.6276,14.7896,14.9483,15.1032,15.2527,15.3881,15.4945
45130.0833333,17.0455,22.1842,21.8865,21.8510,30.5710,20.0150,23.5014,18.7221,22.8667,18.2424,18.8061,18.6878,14.4755,18.9264,19.6945,19.0128,20.9797,19.6567,15.9127,15.3781,19.5728,15.1877,13.0674,15.5895,14.9813,22.4915,14.7769,12.8641,15.0137,12.5514,13.1387,11.6883,11.3565,11.5333,11.8173,10.7631,12.3171,12.8747,8.6707,12.6282,13.1822,10.5383,8.9541,9.6138,21.8719,14.5658,10.1867,10.6590,8.0966,6.6145,9.0688,11.0822,12.4291,11.3814,4.8239,9.6994,9.0054,9.8315,16.5644,11.8283,11.8632,9.9132,9.3523,9.6081,8.7855,9.4521,13.4988,14.8637,8.8064,9.4866,11.0849,11.5274,10.5367,9.0670,7.5216,12.2432,11.3907,11.8381,10.6240,15.5616,21.4846,19.6378,11.6127,9.2074,11.2206,9.5692,16.4926,12.7379,17.2222,10.0183,15.1963,20.8050,20.9284,18.8709,8.3708,11.0830,11.9301,11.0573,11.2420,9.9957,10.2131,16.9002,12.2629,12.7381,17.4746,18.9395,13.8342,17.2108,10.7995,20.4305,12.2328,11.0670,13.1612,10.4758,12.9819,8.9260,10.2699,14.9328,13.5937,13.7588,7.7974,14.1316,10.9341,14.6828,17.0631,20.1316,18.4829,21.1493,15.5538,8.7036,10.9532,11.5664,12.5755,13.6663,17.8574,15.7996,15.1444,17.7038,13.2760,13.4357,12.1624,13.7908,11.6849,11.9545,13.9325,8.8138,9.8649,14.8368,11.6709,10.5110,10.7914,9.6443,9.9128,9.6820,7.7268,9.5701,11.2320,8.8760,8.8001,8.6446,15.0307,10.9317,10.8203,12.2674,12.2497,8.4017,12.5536,8.3427,10.8906,9.5165,5.3405,6.9562,8.1598,10.6180,10.3534,9.9761,7.2615,8.0285,7.0230,12.7857,11.3794,8.2624,8.3798,11.5505,7.6251,11.2251,8.0687,8.1284,8.1907,8.2565,8.3244,8.3943,8.4682,8.5443,8.6232,8.7054,8.7905,8.8780,8.9689,9.0629,9.1606,9.2611,9.3647,9.4713,9.5810,9.6934,9.8089,9.9271,10.0481,10.1718,10.2982,10.4274,10.5590,10.6932,10.8297,10.9686,11.1098,11.2531,11.3984,11.5457,11.6947,11.8454,11.9976,12.1511,12.3059,12.4618,12.6185,12.7760,12.9340,13.0924,13.2509,13.4091,13.5665,13.7211,13.8642,13.9769
45130.1250000,16.2378,22.2271,21.8710,21.9484,31.2669,19.8041,23.9969,18.9307,23.5181,18.2387,19.0403,19.1235,14.3531,19.4497,20.7636,20.0544,22.2559,20.9356,16.2054,15.7734,20.9012,15.8066,13.1927,16.4513,15.9262,24.0959,15.8293,13.4790,16.7070,13.5480,15.2759,14.0367,14.0292,13.8280,14.2084,12.8802,14.6661,15.2422,10.6101,14.7774,15.2960,12.5832,10.8344,11.4497,23.2219,16.4827,11.8801,11.8867,9.2764,7.5428,10.0223,11.9507,13.1094,12.0733,5.3297,10.7152,9.8434,10.4026,16.6818,11.9880,11.8733,9.9604,9.5469,9.8687,8.7278,9.4888,13.4407,14.6883,8.6743,9.3710,11.1808,11.8445,10.8469,9.1705,7.1731,12.6449,11.7909,12.4042,11.2127,15.7918,21.2244,19.5404,11.7362,9.1433,11.2568,9.6498,16.6247,12.8373,17.3563,9.9955,15.4273,20.7976,20.9149,19.0832,8.3999,11.3105,12.1916,11.0963,11.3993,10.0471,10.3077,16.9175,12.1887,12.5724,17.2628,18.6499,13.6017,16.8501,10.3616,20.3060,11.6062,10.3786,12.4763,9.7224,12.2044,8.1629,9.5072,14.2577,12.9745,13.1576,7.0607,13.3922,10.1724,14.1460,16.9624,20.2428,18.4066,20.9984,15.0662,7.9322,10.2432,10.9091,12.1133,13.4509,17.9625,15.8916,15.2270,18.2249,13.2143,13.6079,12.2593,14.3205,11.8948,12.1929,14.7226,8.8595,10.1648,15.9332,12.6476,11.2767,11.8508,10.6190,11.2957,11.5342,8.5707,10.9075,12.9274,10.1090,9.8476,9.8008,16.5032,12.3701,12.0462,13.5463,13.2546,9.3365,13.6671,9.3373,12.2234,10.6683,5.8765,7.5785,8.9700,11.5304,11.1740,10.4483,7.6096,8.4020,7.3764,13.0513,11.5083,8.3738,8.4653,11.5298,7.6358,11.1823,8.0917,8.1278,8.1669,8.2093,8.2542,8.3015,8.3522,8.4053,8.4611,8.5198,8.5810,8.6445,8.7107,8.7794,8.8512,8.9251,9.0015,9.0803,9.1614,9.2447,9.3304,9.4183,9.5084,9.6007,9.6954,9.7923,9.8915,9.9929,10.0966,10.2025,10.3108,10.4212,10.5339,10.6487,10.7656,10.8846,11.0057,11.1287,11.2536,11.3804,11.5089,11.6391,11.7709,11.9042,12.0389,12.1747,12.3111,12.4464,12.5732,12.6735
45130.1666667,15.6425,22.2293,21.7897,21.9371,31.7640,19.5119,24.2378,19.0368,23.9209,18.0534,19.0043,19.2142,13.9959,19.5684,21.3759,20.6886,23.1827,21.9192,16.3688,16.0460,22.0234,16.2898,13.2905,17.1459,16.6840,25.5186,16.6741,13.9313,18.1103,14.2789,17.0374,15.9676,16.2741,15.6772,16.1573,14.5210,16.5829,17.1982,12.0315,16.5680,17.0850,14.2689,12.3346,12.9641,24.5282,18.3822,13.5530,13.1388,10.5090,8.5294,11.1447,13.0889,14.1382,13.1275,6.0836,12.1015,11.0693,11.4005,17.3113,12.6314,12.3810,10.4808,10.1772,10.5443,9.1129,9.9313,13.7611,14.8140,8.6255,9.2468,11.1888,12.0187,10.9906,9.0979,6.7869,12.8164,11.9521,12.7201,11.5460,15.8335,20.8461,19.3115,11.7016,8.9712,11.1614,9.5930,16.6191,12.8074,17.3633,9.8798,15.5257,20.7005,20.8183,19.1878,8.3495,11.4196,12.3356,11.0657,11.4661,10.0341,10.3322,16.8886,12.3333,12.6455,17.2970,18.6201,13.6289,16.7298,10.2214,20.3994,11.3113,10.0326,12.0959,9.3155,11.7321,7.7545,9.0545,13.7924,12.5453,12.7202,6.6050,12.7981,9.5891,13.6542,16.7884,20.2211,18.2043,20.7170,14.5234,7.3024,9.5805,10.2549,11.5628,13.0583,17.8035,15.7062,15.0188,18.3662,12.8787,13.4347,12.0212,14.4121,11.7320,12.0491,15.0233,8.5954,10.0689,16.5165,13.1044,11.5615,12.3930,11.1030,12.1691,12.8798,9.0275,11.8361,14.2519,10.9789,10.6394,10.6986,17.8348,13.6194,13.1275,14.7234,14.2038,10.1700,14.7723,10.2843,13.5886,11.8796,6.4758,8.3234,9.9231,12.6326,12.1914,11.1524,8.1690,8.9885,7.9239,13.5776,11.9052,8.7301,8.7952,11.7815,7.8904,11.3979,8.3385,8.3484,8.3614,8.3779,8.3971,8.4191,8.4446,8.4729,8.5041,8.5384,8.5756,8.6154,8.6581,8.7036,8.7522,8.8032,8.8569,8.9130,8.9717,9.0325,9.0958,9.1613,9.2290,9.2988,9.3708,9.4449,9.5211,9.5993,9.6795,9.7616,9.8458,9.9319,10.0200,10.1099,10.2017,10.2954,10.3910,10.4883,10.5875,10.6885,10.7912,10.8957,11.0018,11.1097,11.2191,11.3301,11.4421,11.5538,11.6591,11.7427
45130.2083333,14.9949,22.0208,21.5326,21.7493,32.0329,19.1295,24.3122,19.0631,24.2378,17.8945,18.9727,19.2905,13.7373,19.6047,21.7946,21.0828,23.8015,22.5579,16.3038,16.0692,22.7941,16.5032,13.2233,17.5764,17.1865,26.6972,17.2930,14.2359,19.2749,14.8395,18.5372,17.6098,18.2219,17.2275,17.8043,15.8454,18.1946,18.8502,13.0926,18.0460,18.5724,15.6196,13.4839,14.1502,25.6749,20.0906,15.0020,14.2061,11.5413,9.3122,12.1307,14.1570,15.1578,14.1848,6.7349,13.5360,12.3843,12.5395,18.1953,13.5131,13.1609,11.2688,11.0749,11.5033,9.8105,10.6953,14.4449,15.2725,8.8055,9.2931,11.2951,12.2276,11.1351,9.0105,6.4826,12.8915,11.9955,12.8861,11.7125,15.7439,20.3797,18.9713,11.5349,8.7034,10.9410,9.4081,16.4656,12.6389,17.2236,9.6568,15.4697,20.4790,20.6018,19.1536,8.2042,11.3975,12.3463,10.9389,11.4179,9.9295,10.2612,16.7858,12.4198,12.7003,17.3486,18.6420,13.7175,16.6923,10.2042,20.6012,11.2159,9.9166,11.9399,9.1559,11.5047,7.6023,8.8568,13.5459,12.3265,12.4868,6.4121,12.4259,9.2443,13.3184,16.6701,20.1969,18.0008,20.4215,14.0284,6.8432,9.0393,9.6951,11.0426,12.6259,17.5200,15.3928,14.6768,18.2874,12.4312,13.0924,11.6297,14.2491,11.3796,11.7004,15.0002,8.1884,9.7475,16.7104,13.1785,11.4991,12.5291,11.1901,12.5773,13.7088,9.1136,12.3181,15.1181,11.4277,11.0382,11.2079,18.8338,14.5091,13.8913,15.6110,14.9032,10.7343,15.6687,11.0069,14.7902,12.9583,6.9608,8.9981,10.8427,13.7673,13.2673,11.9518,8.8079,9.6761,8.5669,14.2822,12.4854,9.2424,9.2877,12.2381,8.3097,11.8185,8.7552,8.7440,8.7354,8.7297,8.7264,8.7255,8.7277,8.7324,8.7398,8.7501,8.7631,8.7786,8.7970,8.8182,8.8424,8.8691,8.8987,8.9309,8.9658,9.0032,9.0432,9.0857,9.1307,9.1781,9.2280,9.2802,9.3347,9.3915,9.4505,9.5117,9.5751,9.6406,9.7081,9.7776,9.8491,9.9226,9.9979,10.0750,10.1540,10.2347,10.3171,10.4013,10.4871,10.5745,10.6635,10.7539,10.8455,10.9370,11.0237,11.0925
45130.2500000,14.7328,22.0189,21.4308,21.6571,32.2740,18.8000,24.2994,18.9605,24.3469,17.5999,18.7663,19.1692,13.3849,19.4440,21.9694,21.2552,24.1817,22.9542,16.1183,15.9476,23.2800,16.5047,13.0151,17.7381,17.3961,27.5124,17.5799,14.2819,20.0743,15.1273,19.6918,18.9122,19.8484,18.4787,19.1590,16.8879,19.5211,20.2169,13.8652,19.2301,19.7597,16.6435,14.3060,15.0148,26.5891,21.5155,16.1410,15.0152,12.3010,9.8322,12.8736,15.0078,15.9861,15.0442,7.1403,14.7872,13.5331,13.5412,19.0243,14.3145,13.8849,12.0019,11.9370,12.4622,10.5376,11.5217,15.2714,15.9072,9.1952,9.5546,11.5778,12.5692,11.3888,9.0243,6.3364,12.9826,12.0264,12.9974,11.8017,15.5842,19.8564,18.5389,11.2585,8.3622,10.6184,9.1179,16.1623,12.3239,16.9111,9.3004,15.2142,20.0652,20.1865,18.9013,7.9054,11.1817,12.1543,10.6390,11.1766,9.6544,10.0134,16.5008,12.2759,12.5413,17.1914,18.4710,13.6208,16.5177,10.0933,20.7105,11.1139,9.8345,11.8252,9.0510,11.3456,7.5155,8.7429,13.3775,12.1841,12.3364,6.3340,12.1846,9.0448,13.0953,16.6029,20.1894,17.8231,20.1401,13.6029,6.5262,8.6254,9.2491,10.5942,12.2117,17.1766,15.0183,14.2691,18.0596,11.9338,12.6590,11.1677,13.9258,10.9282,11.2405,14.7557,7.7284,9.3129,16.6191,12.9870,11.2096,12.3795,11.0019,12.6241,14.1011,8.9241,12.4138,15.5417,11.4883,11.0620,11.3225,19.4101,14.9563,14.2424,16.0844,15.2173,10.9184,16.1924,11.3649,15.6425,13.7180,7.1905,9.4260,11.5353,14.7233,14.1907,12.6332,9.3241,10.2636,9.1118,14.9548,13.0323,9.6950,9.7279,12.6815,8.6790,12.2350,9.1449,9.1276,9.1102,9.0935,9.0777,9.0630,9.0502,9.0389,9.0295,9.0221,9.0167,9.0133,9.0121,9.0131,9.0166,9.0223,9.0304,9.0409,9.0537,9.0689,9.0865,9.1064,9.1287,9.1534,9.1805,9.2100,9.2418,9.2760,9.3125,9.3513,9.3925,9.4359,9.4816,9.5295,9.5795,9.6318,9.6861,9.7425,9.8010,9.8614,9.9238,9.9881,10.0543,10.1223,10.1921,10.2635,10.3362,10.4094,10.4790,10.5341
45130.2916667,13.7080,21.1721,20.5115,20.6955,31.5291,17.5512,23.2607,17.9051,23.5130,16.4718,17.6946,18.1798,12.3069,18.4052,21.2138,20.5297,23.6277,22.4095,15.1543,15.1036,22.9226,15.7397,12.1796,17.1919,16.8845,27.4204,16.9372,13.5053,19.9579,14.6263,20.0009,19.3743,20.6464,18.9164,19.6547,17.0876,19.9410,20.6200,13.7170,19.5008,19.9138,16.5811,14.0092,14.7617,26.4716,21.7851,16.1721,14.8788,12.1821,9.5510,12.8041,15.0028,15.9270,14.9708,6.6531,15.1191,13.8365,13.7176,19.0178,14.1607,13.6184,11.7201,11.8053,12.5262,10.4910,11.6400,15.4924,16.0432,9.4082,9.7656,11.7727,12.7235,11.4110,8.8631,6.0955,12.7965,11.6642,12.6118,11.2650,14.6985,18.5856,17.1838,9.9556,7.0231,9.2035,7.7617,14.7286,10.8654,15.4127,7.8443,13.7345,18.4305,18.5598,17.4146,6.5362,9.8901,10.9045,9.3582,9.8966,8.3705,8.7593,15.1448,11.2062,11.4365,16.0372,17.2540,12.4584,15.4072,9.1735,20.0514,10.3704,9.2081,11.2091,8.4368,10.6603,6.8975,8.0780,12.6371,11.4249,11.5688,5.7084,11.4552,8.3792,12.4076,15.9805,19.5823,17.0341,19.2252,12.5711,5.7082,7.7673,8.4060,9.7644,11.3897,16.3405,14.1334,13.3557,17.2380,10.9169,11.6977,10.2398,13.0959,10.0190,10.3221,13.9476,6.8502,8.4521,15.9559,12.1933,10.3416,11.6116,10.2661,12.1022,13.8762,8.3233,11.9710,15.2871,10.8985,10.3857,10.6313,19.0890,14.4194,13.5903,15.4996,14.4937,10.0354,15.5969,10.6339,15.3986,13.4913,6.6367,9.1071,11.4798,14.9501,14.3683,12.6139,9.1105,10.1115,8.8927,14.8678,12.7849,9.2513,9.1907,12.1251,7.9789,11.5373,8.3567,8.3598,8.3641,8.3686,8.3723,8.3746,8.3763,8.3764,8.3752,8.3728,8.3692,8.3644,8.3589,8.3527,8.3463,8.3396,8.3331,8.3269,8.3214,8.3167,8.3130,8.3106,8.3094,8.3098,8.3117,8.3153,8.3206,8.3277,8.3362,8.3471,8.3598,8.3744,8.3909,8.4093,8.4296,8.4517,8.4760,8.5019,8.5297,8.5592,8.5903,8.6233,8.6579,8.6938,8.7311,8.7685,8.8046,8.8429,8.8768,8.9030
45130.3333333,11.4502,19.0019,18.4072,18.5965,29.6845,15.4290,21.2439,15.7656,21.5755,14.4201,15.6485,16.1776,10.3477,16.1081,19.1357,18.5408,21.7272,20.5298,13.1012,13.2172,21.4854,13.9980,10.5041,15.6747,15.3935,26.4016,15.4200,11.8841,18.8752,13.2000,19.2005,18.6539,20.1061,18.1019,19.0227,16.2929,19.4432,20.1113,12.6627,18.8556,19.1355,15.6382,12.7944,13.5903,25.5031,20.9284,15.0617,13.6795,10.9650,8.2956,11.6979,13.8997,14.7058,13.7716,5.2783,14.2319,12.9579,12.8083,18.0902,13.1036,12.4829,10.5281,10.6147,11.4346,9.3416,10.5348,14.4262,15.1061,8.9250,9.5673,11.7170,12.6380,11.1716,8.4364,5.7280,12.4355,11.0999,11.9966,10.4302,13.5688,17.2528,15.7032,8.4748,5.5583,7.4296,6.0248,12.7470,8.8110,13.1835,5.7875,11.4052,15.8899,15.9696,14.8111,4.2294,7.4636,8.4867,7.0587,7.5155,6.0211,6.4179,12.6128,8.8372,9.0608,13.5840,14.8028,10.1484,13.1494,7.1718,18.1976,8.5691,7.5782,9.6983,7.0149,9.1866,5.5509,6.6458,11.1911,9.9995,10.1689,4.5138,10.0458,7.0089,11.0299,14.5911,18.2345,15.5695,17.7003,10.9572,4.4028,6.3619,6.9640,8.2268,9.8081,14.6764,12.4998,11.7639,15.7218,9.3017,10.0167,8.6262,11.5966,8.5271,8.8554,12.5387,5.5271,7.0993,14.7043,10.8431,8.9479,10.2566,8.9324,10.9254,12.8925,7.2459,10.9963,14.4617,9.8643,9.2075,9.3622,18.1779,13.1871,12.3286,14.2568,13.2329,8.5814,14.2369,9.1501,14.1097,12.2015,5.2054,7.7556,10.3053,14.0983,13.5019,11.7596,8.0236,9.1039,7.8573,13.9683,11.9232,8.1552,7.9498,10.8423,6.5631,10.0251,6.6032,6.6486,6.6863,6.7171,6.7409,6.7568,6.7695,6.7770,6.7807,6.7814,6.7796,6.7760,6.7712,6.7658,6.7596,6.7533,6.7465,6.7393,6.7318,6.7240,6.7159,6.7094,6.6986,6.6875,6.6756,6.6635,6.6508,6.6376,6.6238,6.6097,6.5954,6.5809,6.5662,6.5517,6.5374,6.5231,6.5089,6.4937,6.4693,6.4121,6.3741,6.3387,6.3050,6.2725,6.2426,6.2162,6.1939,6.1762,6.1564,6.1423
45130.3750000,6.3155,13.7812,13.5191,13.8117,25.0693,10.9402,16.8383,11.4087,17.5269,10.5558,11.8697,12.5701,7.1140,12.3448,15.5121,15.0781,18.5354,16.7542,9.4124,9.2789,17.8442,10.1009,7.0245,12.4507,12.2555,23.5940,12.2486,8.8768,16.3635,10.4545,16.9032,16.2659,17.7288,14.8281,15.2985,12.4016,16.4444,17.6927,10.0035,16.6388,16.7433,13.3139,10.2346,11.1460,23.3141,18.6785,12.6357,11.3060,8.6664,6.1606,9.6291,10.9165,11.4489,10.0005,1.7661,10.7252,9.5121,9.5615,14.9667,9.9046,9.5346,6.9959,7.1914,8.3034,6.6495,7.7168,11.8047,11.7047,6.1427,8.1346,10.6506,11.5530,10.0471,7.1171,4.7503,11.3393,9.7550,10.5787,8.7490,11.5762,15.2877,13.4577,5.9675,3.6616,4.3046,3.1839,9.6502,5.7401,9.7341,2.5904,7.6080,11.6025,11.8775,10.6159,0.0345,3.0858,4.2266,3.1459,3.3632,2.4260,2.1444,8.0790,4.0886,4.7976,8.8248,9.7371,4.7312,8.2746,2.7860,13.9359,4.5165,3.7130,6.0410,3.6944,6.0243,2.6733,3.1393,7.6611,6.6695,6.9819,1.9585,7.6470,4.3225,8.3553,11.7905,15.5993,12.9609,15.0480,8.2661,2.2294,4.1034,4.6222,5.7473,7.1558,11.4113,9.4212,8.8109,12.8826,6.3059,6.7370,5.6330,8.7762,5.8986,6.3648,10.1196,3.4500,5.0129,12.5470,8.5601,6.6653,7.9889,6.8182,9.0140,11.0614,5.6341,9.3939,12.9716,8.1331,7.3031,7.1832,17.1405,10.7675,10.1183,11.6451,10.7009,6.0656,11.0761,6.2813,10.8755,9.0550,2.2704,4.9400,7.4159,11.7302,10.7660,9.6774,5.3381,6.5306,5.2672,11.4661,10.0286,5.8871,5.4197,8.2675,3.8956,7.0135,2.8387,3.0103,3.1729,3.3142,3.4423,3.5564,3.6612,3.7536,3.8343,3.9029,3.9618,4.0105,4.0498,4.0797,4.1023,4.1162,4.1233,4.1237,4.1181,4.1071,4.0908,4.0701,4.0452,4.0165,3.9841,3.9489,3.9107,3.8697,3.8256,3.7742,3.6853,3.4774,3.3205,3.1750,3.0370,2.8983,2.7608,2.6251,2.4943,2.3653,2.2393,2.1170,1.9996,1.8864,1.7779,1.6748,1.5775,1.4871,1.3953,1.3264
45130.4166667,-2.7390,4.2403,4.6333,5.0979,17.6330,2.0425,7.7302,3.4351,10.0313,2.4480,3.9632,5.1024,0.6988,5.6723,9.1648,9.2337,14.0877,11.1401,5.1160,4.0755,13.0624,5.3762,2.5978,8.0260,7.6624,19.1116,5.8124,2.5517,10.1432,4.1129,10.7340,11.3336,13.6834,10.2473,9.9635,5.8809,7.8677,9.0020,2.1636,10.2960,9.1229,6.4452,3.5738,4.8956,18.7707,12.3584,6.0093,5.4008,3.7195,1.7826,6.8404,7.5405,7.5480,5.2902,-3.3670,4.9120,2.7686,3.4902,8.2801,1.5550,2.9980,-0.6814,-0.2438,1.3593,1.1163,2.0833,7.4570,7.1155,0.7659,4.4431,7.4703,7.6020,7.1797,4.0756,2.4029,9.4972,5.9787,8.1551,3.7853,5.9427,11.9468,8.9589,-0.7668,-0.9418,-2.6062,-3.0565,3.1581,-0.4449,3.2664,-1.5893,1.9389,4.0016,4.2744,2.8657,-7.3875,-5.5276,-3.9718,-4.1620,-4.0320,-3.0281,-4.6332,2.4240,-3.2862,-1.2647,2.4025,2.6818,-3.0890,-0.0903,-4.9226,6.7910,-2.0997,-2.4357,-0.2553,-1.9472,1.4657,-1.4188,-2.3550,1.6637,1.4686,0.8239,-3.9358,2.2848,-1.4294,3.0797,5.0711,8.9513,6.3167,8.4351,1.4150,-4.0435,-1.8062,-0.9914,0.5401,2.2782,5.6674,3.4409,3.5826,8.9298,2.4675,1.5784,0.8642,4.0536,1.2561,1.0203,4.7247,-1.4195,0.6184,7.5714,3.6848,0.8112,2.9427,1.8292,4.7616,7.3277,2.3697,6.0276,10.8189,4.2798,4.4615,2.8346,14.5233,7.3146,6.4775,5.9891,6.4512,1.5307,5.6463,2.1370,5.9820,4.2038,-2.1230,0.4377,2.2502,7.3778,6.0407,5.7194,0.2894,2.2948,0.0709,7.6302,6.2358,1.9531,1.3750,4.3457,0.1639,2.7498,-2.7136,-2.4139,-2.1268,-1.8540,-1.5991,-1.3656,-1.1467,-0.9465,-0.7639,-0.5988,-0.4488,-0.3134,-0.1917,-0.0834,0.0134,0.0975,0.1701,0.2312,0.2796,0.2979,0.1147,-0.0484,-0.2410,-0.4239,-0.6030,-0.7662,-0.9319,-1.1001,-1.2709,-1.4440,-1.6099,-1.7794,-1.9524,-2.1279,-2.3004,-2.4757,-2.6528,-2.8310,-3.0078,-3.1851,-3.3618,-3.5371,-3.7098,-3.8802,-4.0474,-4.2105,-4.3687,-4.5202,-4.6736,-4.7881
45130.4583333,-11.3968,-5.9653,-5.1574,-4.5251,9.3391,-8.8247,-3.8257,-6.8479,1.5777,-6.9706,-6.8792,-7.0691,-9.8470,-6.4050,-4.0926,-3.2363,5.1471,1.9204,-0.8728,-2.1290,5.8972,-2.4147,-4.4943,0.9256,1.4152,15.2740,-0.4955,-4.3666,4.7743,-2.3233,4.8448,4.2751,8.9107,6.4397,5.9886,0.9987,2.2405,-0.6860,-8.4533,1.6494,-1.3279,-5.9012,-8.4668,-6.6594,11.6046,3.5892,-3.6732,-3.4919,-4.5753,-5.3174,1.5998,3.1696,3.1892,1.5501,-6.3979,0.4001,-2.9595,-0.0564,3.4681,-6.5268,-4.4147,-9.9168,-9.7313,-7.9835,-6.5528,-5.9902,0.2452,0.3801,-5.2174,-0.7664,4.8008,3.8240,4.3780,-0.5442,-1.4386,6.7397,0.3783,4.8119,-2.7689,-0.4161,9.6052,5.1740,-6.5285,-6.2302,-9.6362,-9.3650,-4.0237,-9.3099,-3.4928,-8.2024,-5.1662,-2.9604,-2.7156,-4.7267,-13.7152,-13.9957,-12.8094,-11.9691,-12.4034,-9.8221,-12.0739,-5.9005,-12.9201,-10.0881,-6.4624,-6.2170,-11.4717,-9.9987,-14.5296,-2.4028,-9.6738,-8.7608,-6.8341,-9.2097,-4.6370,-6.7167,-9.7112,-6.2213,-5.3059,-5.7790,-10.3192,-4.1040,-8.6320,-4.1150,-4.4197,1.1957,-1.4923,1.2458,-5.7204,-10.5712,-8.1098,-7.6169,-5.4828,-2.8045,0.9556,-3.5008,-4.9299,1.4743,-3.3925,-3.6900,-6.2929,-1.8727,-4.3207,-5.8337,-1.4178,-7.8438,-5.2189,3.1000,-1.5250,-4.6542,-1.6174,-3.7906,-1.4414,1.6622,-2.2889,1.7276,6.6379,-0.5715,-0.7129,-3.0529,10.4993,3.4873,1.4763,-0.0928,1.7675,-2.7402,0.7760,-2.8789,-0.1033,-1.5856,-6.8549,-4.5239,-3.9349,2.2370,0.8210,1.4112,-5.1289,-2.0591,-5.5710,4.2180,2.5008,-1.7558,-2.4445,0.5159,-3.3784,-2.0879,-8.7220,-9.2749,-9.7599,-10.1603,-10.4644,-10.6691,-10.7668,-10.7712,-10.6968,-10.5619,-10.3833,-10.1776,-9.9578,-9.7329,-9.3818,-9.0217,-8.6885,-8.3929,-8.1243,-7.9279,-7.7683,-7.6615,-7.6020,-7.5821,-7.5939,-7.6186,-7.6632,-7.7233,-7.7959,-7.8786,-7.9635,-8.0578,-8.1612,-8.2729,-8.3889,-8.5129,-8.6443,-8.7823,-8.9248,-9.0729,-9.2255,-9.3820,-9.5413,-9.7031,-9.8668,-10.0314,-10.1957,-10.3577,-10.5264,-10.6518
45130.5000000,-20.6118,-17.1935,-14.9103,-11.9196,0.6746,-19.2224,-16.7618,-19.6713,-8.3239,-14.1029,-14.1624,-17.5094,-18.5533,-15.9329,-14.8069,-18.1767,-9.0161,-14.1724,-16.4924,-17.5878,-5.9022,-14.4999,-14.1379,-9.1519,-7.5544,8.0468,-6.5720,-12.0550,-1.4487,-10.0177,-2.8171,-4.9993,0.5387,-1.5746,1.2223,-2.6761,-0.2745,-3.2926,-13.4097,-2.2544,-6.1560,-14.5505,-18.8864,-17.1699,4.6661,-6.5330,-15.5419,-15.3217,-17.2126,-17.2739,-10.5784,-6.3455,-4.7772,-7.7511,-13.9549,-7.7652,-8.9291,-1.9755,2.0508,-7.6433,-6.7304,-14.7270,-17.9309,-16.8209,-14.9078,-13.9569,-6.0981,-5.8714,-13.4306,-8.2972,-2.8069,-3.7555,-2.0514,-4.6323,-4.4084,5.5738,-1.2659,4.0861,-7.3208,-5.4818,9.9339,4.0879,-7.5370,-10.3087,-16.7579,-15.7950,-7.6978,-15.5359,-7.6883,-12.1125,-9.9040,-7.8076,-7.9473,-11.3928,-20.4990,-23.4739,-21.9923,-19.0145,-22.6656,-19.8424,-19.6336,-14.0825,-19.1854,-16.3924,-13.1016,-13.1482,-17.9563,-17.0830,-22.6047,-12.6659,-20.1067,-19.2112,-14.3062,-17.9824,-11.9561,-12.1615,-16.6518,-10.9219,-10.1240,-10.7920,-15.4980,-10.1473,-13.8681,-10.9741,-12.1342,-7.9163,-10.3395,-6.5897,-12.9506,-15.8382,-14.3418,-15.6477,-14.6325,-12.2292,-8.2022,-10.3276,-10.7211,-5.8698,-11.7614,-10.6882,-12.2167,-7.8770,-9.7071,-10.7779,-6.8271,-13.1366,-10.4548,-1.6497,-9.3654,-11.2283,-8.7793,-9.8670,-7.4895,-5.3504,-7.1074,-0.3949,3.3542,-2.2570,-5.9055,-7.2901,6.6377,-0.7237,-4.2800,-6.4914,-4.1568,-5.9072,-3.4312,-7.4819,-6.3694,-7.8595,-11.9763,-10.3548,-11.2526,-4.2255,-5.0547,-2.7956,-10.3009,-5.7434,-9.9722,0.8960,-0.8223,-4.7352,-5.3208,-2.1719,-5.3951,-4.9386,-10.4994,-11.0447,-11.5975,-12.1562,-12.7185,-13.2837,-13.8368,-14.3769,-14.8985,-15.3969,-15.8668,-16.3037,-16.7031,-17.0590,-17.2732,-17.4189,-17.5121,-17.5525,-17.5266,-17.4650,-17.3447,-17.1836,-16.9879,-16.7640,-16.5193,-16.2528,-15.9813,-15.7119,-15.4512,-15.2050,-14.9734,-14.7663,-14.5866,-14.4358,-14.3122,-14.2184,-14.1532,-14.1149,-14.1001,-14.1078,-14.1352,-14.1799,-14.2391,-14.3112,-14.3941,-14.4860,-14.5851,-14.6887,-14.8075,-14.8920
45130.5416667,-27.3546,-26.1524,-21.8343,-18.1492,-6.0648,-22.9706,-22.8042,-29.1582,-18.0677,-21.2315,-21.5675,-24.9414,-25.0667,-23.2551,-22.8369,-26.2519,-19.2210,-24.2704,-25.5247,-27.7902,-17.8877,-28.5947,-27.0055,-25.7319,-20.3272,-4.1878,-16.4315,-21.6265,-9.5443,-18.7435,-8.2204,-11.1159,-4.8225,-4.6305,-3.0864,-7.2242,-4.4769,-7.2041,-18.7097,-5.3091,-8.4472,-15.4679,-23.5106,-22.5206,1.5358,-13.5792,-21.6994,-20.5083,-24.5189,-25.0347,-17.9839,-16.4192,-15.5148,-17.3038,-22.8198,-21.4547,-21.0378,-9.6801,-2.4321,-11.0723,-10.0320,-16.4753,-23.1753,-22.3439,-19.6682,-18.9313,-11.5766,-11.3074,-21.5955,-15.2582,-8.6954,-12.7290,-13.2394,-13.9088,-11.9987,0.5558,-4.7533,1.7646,-10.1340,-8.3371,13.0828,6.4550,-4.7078,-7.3627,-18.5478,-16.5642,-8.8365,-19.0460,-10.1984,-13.8814,-12.0098,-9.7374,-9.9713,-14.5005,-21.1991,-25.4938,-25.1775,-19.4630,-25.5106,-23.7872,-24.6804,-22.0236,-25.2378,-22.9256,-20.1974,-20.2624,-24.0705,-23.5192,-29.2034,-21.4177,-26.6461,-25.8364,-19.9671,-22.3000,-18.6873,-17.6551,-25.0181,-18.2063,-17.8520,-16.7177,-20.6732,-16.9470,-19.2643,-17.0718,-17.2977,-13.0093,-15.5671,-11.4077,-17.3271,-17.9735,-17.8292,-18.6956,-20.8122,-19.8164,-13.2404,-16.5356,-16.7366,-11.7078,-16.2992,-16.5020,-17.7318,-14.0265,-15.1250,-15.8411,-12.4146,-17.5234,-15.6601,-6.6946,-16.8495,-17.5683,-15.6611,-17.2248,-14.7194,-13.7822,-12.7810,-3.9774,-1.0786,-4.7788,-7.9476,-11.1519,3.0524,-4.1065,-6.9749,-8.4273,-4.8497,-7.5999,-6.8661,-11.4200,-12.5004,-13.7829,-15.4302,-15.1023,-16.1589,-10.4132,-11.3916,-8.1440,-15.8685,-11.2070,-14.0265,-3.2195,-4.6397,-7.9033,-8.2144,-4.8041,-7.1845,-7.3262,-11.7874,-12.0937,-12.4225,-12.7695,-13.1312,-13.5090,-13.8903,-14.2779,-14.6701,-15.0660,-15.4639,-15.8629,-16.2616,-16.6574,-16.9809,-17.2850,-17.5809,-17.8670,-18.1315,-18.3927,-18.6295,-18.8493,-19.0500,-19.2294,-19.3856,-19.5107,-19.6098,-19.6820,-19.7265,-19.7431,-19.7289,-19.6890,-19.6252,-19.5392,-19.4319,-19.3084,-19.1718,-19.0253,-18.8718,-18.7158,-18.5604,-18.4089,-18.2640,-18.1286,-18.0049,-17.8946,-17.7987,-17.7183,-17.6711,-17.6281
45130.5833333,-30.5591,-26.8176,-22.7633,-17.5839,-5.7665,-20.2568,-22.5030,-28.5740,-20.2308,-21.4170,-22.6124,-26.7350,-26.4422,-26.1343,-26.6455,-29.9383,-24.4178,-28.8120,-28.3178,-31.0380,-22.6947,-33.5441,-28.1069,-33.3231,-25.4752,-11.5662,-25.9623,-30.1255,-17.6422,-27.2006,-19.1105,-20.9505,-12.9664,-6.4939,-2.9565,-6.6854,-3.7900,-6.6551,-19.7638,-4.9788,-7.5400,-13.4898,-24.6802,-24.9951,0.8961,-16.0700,-22.5087,-20.0155,-25.0251,-25.7093,-18.8003,-18.5954,-17.9738,-18.8667,-23.0612,-29.0756,-28.7653,-18.7390,-7.0344,-14.4821,-13.1417,-18.1045,-27.4565,-27.4128,-23.8370,-19.1350,-13.9303,-14.2743,-27.4826,-20.3743,-12.6248,-13.8412,-13.8852,-20.0724,-17.1788,-5.7867,-10.7090,-7.4601,-17.3642,-14.7748,11.6040,5.4362,-4.5581,-6.5652,-20.3277,-14.4782,-7.1249,-15.3670,-7.6032,-10.7323,-9.3766,-7.0960,-7.4000,-12.7596,-17.4103,-21.9719,-22.1372,-14.1174,-21.4669,-20.2109,-21.4790,-20.8453,-23.5395,-21.6742,-19.8955,-20.5096,-23.9001,-24.5590,-30.2576,-26.9201,-30.3395,-29.6137,-23.0629,-23.7623,-21.6112,-18.9572,-28.5786,-21.8066,-24.4699,-19.5535,-21.5370,-20.0490,-21.3107,-20.7075,-24.7749,-18.0446,-19.3460,-14.0288,-18.7165,-16.9948,-20.1201,-19.0689,-22.9245,-23.1337,-14.5668,-18.3863,-21.6648,-14.7247,-17.2044,-17.8560,-18.5355,-14.9721,-15.1152,-16.3601,-14.2880,-17.2388,-16.5874,-8.6306,-21.0028,-21.1411,-18.3749,-21.2121,-19.8449,-21.3819,-17.8062,-8.4103,-6.0070,-7.5987,-9.8043,-13.9426,0.6179,-5.8779,-7.3329,-7.8267,-2.9580,-6.1274,-6.3965,-11.1816,-14.4429,-16.0498,-15.6689,-16.8575,-18.4850,-14.1164,-15.1036,-10.6097,-16.2376,-13.2446,-15.2697,-5.2282,-6.4272,-9.1331,-9.4229,-6.1035,-7.6997,-8.5408,-12.1204,-12.2843,-12.4492,-12.6148,-12.7818,-12.9561,-13.1281,-13.3042,-13.4856,-13.6738,-13.8696,-14.0739,-14.2871,-14.5085,-14.6890,-14.8673,-15.0517,-15.2417,-15.4292,-15.6277,-15.8227,-16.0200,-16.2187,-16.4177,-16.6161,-16.8086,-16.9988,-17.1857,-17.3685,-17.5458,-17.7142,-17.8755,-18.0288,-18.1727,-18.3048,-18.4255,-18.5338,-18.6285,-18.7082,-18.7731,-18.8223,-18.8558,-18.8734,-18.8755,-18.8628,-18.8361,-18.7966,-18.7463,-18.7063,-18.6506
45130.6250000,-28.3970,-24.0943,-19.4642,-17.1125,-1.1736,-13.3764,-16.1238,-25.1556,-14.9531,-13.7852,-15.4491,-20.2088,-19.8040,-21.1647,-23.3512,-25.1660,-22.7289,-27.7912,-26.3000,-29.1954,-23.3442,-34.0297,-27.8710,-31.7881,-28.2569,-13.6321,-28.6054,-30.4439,-20.5400,-28.0786,-24.4656,-26.7828,-20.5034,-12.7872,-8.0834,-7.7129,-2.1308,-2.8450,-16.6755,-0.7437,-3.2871,-8.3307,-18.8707,-17.8527,4.0263,-15.9470,-21.2916,-17.9703,-23.0844,-20.3990,-16.0117,-17.6148,-17.5408,-17.7684,-20.3778,-30.9055,-30.2403,-21.7876,-7.8075,-14.8485,-13.8795,-17.6319,-29.1243,-29.7525,-25.5821,-21.0352,-14.4114,-12.6178,-29.0711,-22.3814,-13.8769,-16.1245,-15.0352,-18.3816,-11.2104,-5.1426,-8.8005,-9.1168,-17.9903,-10.4891,13.3868,6.9046,-2.8258,-4.1932,-15.8874,-12.5733,-7.1457,-14.8735,-8.3326,-10.9108,-9.2662,-5.9743,-5.2327,-10.0348,-14.8369,-16.2596,-13.7570,-3.2923,-10.6615,-9.8483,-11.7419,-13.3424,-17.3372,-16.5567,-14.3765,-15.5012,-18.3290,-20.3430,-25.9351,-26.5666,-28.3623,-28.0977,-21.2559,-20.7383,-20.0495,-17.2944,-24.6742,-21.2000,-26.7083,-23.0786,-20.3327,-20.2843,-20.3986,-20.3582,-24.3562,-21.2941,-22.6540,-16.9956,-20.4835,-17.4753,-18.9146,-20.0920,-23.7158,-24.1394,-14.9393,-19.1530,-22.0485,-16.8711,-17.4496,-18.3071,-17.5345,-15.9889,-14.7198,-13.4398,-11.7317,-14.1551,-14.2194,-5.4080,-18.4614,-17.8065,-16.0941,-18.4308,-19.1790,-23.2311,-15.6661,-9.4297,-7.9965,-8.5425,-10.5711,-15.5859,-1.8138,-10.4789,-8.4263,-8.1890,-2.4256,-5.7338,-6.2155,-12.8523,-14.1964,-14.9353,-12.9736,-14.9834,-17.4481,-14.5619,-15.7032,-10.4387,-14.4789,-12.3599,-13.6919,-4.4759,-5.6894,-8.0818,-8.4761,-5.4033,-6.5025,-7.8312,-10.7923,-10.8948,-10.9928,-11.0893,-11.1862,-11.2907,-11.3923,-11.4974,-11.6064,-11.7199,-11.8376,-11.9593,-12.0845,-12.2123,-12.3069,-12.3958,-12.4854,-12.5755,-12.6611,-12.7530,-12.8416,-12.9324,-13.0257,-13.1219,-13.2216,-13.3217,-13.4260,-13.5345,-13.6472,-13.7640,-13.8829,-14.0057,-14.1321,-14.2614,-14.3923,-14.5251,-14.6591,-14.7935,-14.9272,-15.0597,-15.1902,-15.3177,-15.4414,-15.5605,-15.6742,-15.7817,-15.8818,-15.9731,-16.0703,-16.1192
45130.6666667,-26.0495,-24.3656,-20.1543,-18.1216,2.3176,-11.6910,-9.8354,-20.3080,-11.9598,-9.1656,-8.7246,-10.7590,-8.5270,-10.6793,-13.3239,-14.3862,-9.9717,-15.2990,-14.1254,-20.3360,-14.0197,-25.1505,-20.9651,-24.0781,-25.0849,-11.3986,-27.2639,-28.5340,-23.2198,-27.5563,-27.0822,-29.2205,-23.7834,-15.9123,-11.5955,-9.3926,-4.8926,-4.3289,-13.8492,2.2154,5.9823,-1.4040,-8.5683,-5.3178,14.1399,-8.8262,-13.5071,-10.4424,-16.6215,-14.4363,-9.5670,-12.3745,-12.9607,-12.1809,-14.4722,-29.6421,-29.4095,-22.0478,-5.4610,-10.8868,-9.2508,-14.9090,-25.9344,-27.7033,-24.4512,-21.8382,-17.6464,-12.5170,-28.5266,-21.6063,-14.4717,-17.3404,-15.7457,-16.5993,-8.9569,-5.8227,-5.2903,-7.6620,-14.4994,-2.9997,19.4765,13.1833,0.1595,-0.5603,-5.6126,-5.8620,2.6248,-4.0942,1.9287,-0.8171,-0.5067,3.6733,3.2057,-3.3047,-10.3672,-13.3081,-11.7158,-2.2663,-8.0728,-3.6732,-6.5312,-4.2595,-8.3709,-9.9742,-5.5865,-6.2535,-11.2317,-10.6105,-16.3997,-20.0054,-21.4133,-21.6146,-17.9188,-16.5954,-14.0251,-12.9275,-19.1655,-14.9265,-21.9238,-19.7877,-15.5993,-16.4894,-18.1780,-20.1085,-21.8685,-18.4153,-19.8106,-14.5420,-17.7393,-15.1764,-18.0599,-19.1554,-23.4909,-24.6693,-14.9639,-19.0557,-20.9394,-17.4723,-17.8958,-19.0026,-16.8275,-16.8390,-14.8854,-11.6907,-9.4524,-11.8484,-13.1315,-3.6867,-17.2197,-15.9325,-15.1895,-15.4778,-15.9285,-20.6007,-12.7219,-9.3250,-5.4428,-4.5710,-5.7562,-12.5662,1.4951,-8.8625,-4.4658,-3.5847,2.7784,-2.8876,-2.0748,-10.9086,-11.9220,-14.1973,-9.6693,-12.7738,-14.0252,-11.9456,-13.1659,-7.3244,-10.2784,-10.9374,-11.6259,-0.7911,-1.6409,-3.6542,-3.9422,-0.9111,-1.8903,-3.4556,-6.2039,-6.4474,-6.7009,-6.9604,-7.2225,-7.4891,-7.7448,-7.9915,-8.2260,-8.4460,-8.6496,-8.8364,-9.0063,-9.1599,-9.2737,-9.3693,-9.4536,-9.5288,-9.5931,-9.6559,-9.7118,-9.7655,-9.8181,-9.8704,-9.9228,-9.9737,-10.0256,-10.0789,-10.1337,-10.1901,-10.2470,-10.3059,-10.3672,-10.4309,-10.4964,-10.5646,-10.6356,-10.7093,-10.7856,-10.8647,-10.9465,-11.0309,-11.1175,-11.2063,-11.2970,-11.3891,-11.4818,-11.5731,-11.6758,-11.7292
45130.7083333,-21.6086,-22.6459,-18.8695,-17.3165,0.2636,-10.5215,-8.8929,-16.7737,-7.3359,-6.1242,-6.4765,-8.4647,-6.3524,-8.4287,-10.6933,-10.4317,-4.6423,-6.5710,-3.3540,-7.1260,-2.1622,-10.2597,-6.0556,-9.8242,-11.2864,1.9455,-14.3120,-16.0411,-16.2017,-20.4868,-23.9964,-27.8781,-25.1806,-18.0326,-13.9058,-11.8754,-5.6781,-5.1868,-15.0324,-1.9386,1.8802,-3.2160,-8.1530,-3.9345,19.9787,0.5482,-3.7834,1.3270,-5.2974,-2.8801,0.2756,-0.0458,-0.5417,-2.0602,-2.7132,-19.7000,-20.6999,-15.1666,1.5255,-5.1711,-3.7724,-8.3359,-17.7365,-20.2978,-15.5756,-16.6962,-14.3713,-10.7991,-25.9310,-20.6896,-15.4059,-15.7565,-16.1157,-16.6629,-9.0870,-5.5774,-5.7807,-7.2646,-11.2335,2.1578,23.7797,18.0339,3.3568,2.3784,0.8327,-1.3861,8.9803,3.4880,9.7987,4.8071,5.8317,13.4451,14.0978,7.4754,0.0356,-3.1499,-2.4051,5.3039,0.0311,2.9883,0.6065,4.5677,-1.6915,-1.0341,2.9771,3.0624,-3.4564,-1.6059,-7.0758,-10.8936,-11.4444,-12.3996,-10.3692,-8.7594,-7.6079,-5.7690,-11.2999,-9.2032,-14.8991,-13.6536,-8.9559,-10.0734,-12.3579,-14.2197,-17.9043,-14.5106,-15.2400,-9.7905,-12.0608,-9.4739,-13.0272,-13.5640,-18.7585,-21.0059,-12.3968,-16.1639,-17.5859,-15.5852,-15.2285,-17.2800,-17.0827,-17.3074,-15.6545,-12.1028,-11.6582,-11.3745,-12.2425,-3.9709,-15.1845,-13.5542,-13.2554,-12.7810,-13.2366,-16.9506,-7.4591,-4.7372,-2.0769,-2.2381,-2.9723,-7.2133,5.8666,-3.2249,0.8624,2.2736,8.2630,0.2893,2.6361,-6.3939,-7.9577,-10.1373,-6.3332,-8.8156,-11.1251,-8.5006,-9.1032,-3.1054,-5.2172,-5.9495,-7.7142,3.0155,2.5227,0.7512,0.6715,3.8912,2.9164,1.9801,-0.5025,-0.5392,-0.5873,-0.6460,-0.7148,-0.8001,-0.8901,-0.9912,-1.1039,-1.2288,-1.3655,-1.5138,-1.6728,-1.8408,-1.9983,-2.1573,-2.3194,-2.4823,-2.6415,-2.8003,-2.9522,-3.0980,-3.2368,-3.3676,-3.4898,-3.6018,-3.7052,-3.8004,-3.8879,-3.9684,-4.0418,-4.1100,-4.1739,-4.2345,-4.2920,-4.3478,-4.4026,-4.4567,-4.5106,-4.5649,-4.6198,-4.6755,-4.7323,-4.7904,-4.8498,-4.9105,-4.9721,-5.0328,-5.1064,-5.1319
45130.7500000,-15.0070,-18.0042,-15.1302,-14.3646,0.0576,-8.7600,-8.3486,-14.4443,-6.7486,-5.2677,-5.6499,-7.1656,-4.9139,-6.3137,-8.3380,-8.0994,-3.2636,-4.6804,-1.7993,-4.3622,0.0924,-6.0608,-1.9922,-4.4992,-4.9132,8.5478,-4.9398,-5.3702,-5.9433,-8.7934,-14.0087,-18.7861,-18.9392,-13.8006,-11.7819,-10.9214,-6.1636,-4.9184,-13.0377,-2.1864,0.9166,-3.4958,-7.6906,-4.1504,20.1258,2.8372,-0.2843,5.2460,0.1914,2.4412,5.5237,6.4072,7.5836,5.9637,4.7776,-9.1115,-9.8081,-5.2808,8.8808,2.5532,3.3966,-0.8322,-9.2193,-12.1476,-7.8126,-9.3870,-7.3755,-5.4348,-20.2908,-17.6261,-14.5204,-15.3248,-15.6055,-15.4504,-8.2659,-6.7416,-6.7702,-7.7466,-10.7366,2.3876,21.7256,17.0102,3.8963,3.0990,2.6985,1.1251,11.6380,7.2026,13.4290,8.4409,10.6638,19.1983,19.5547,13.7813,6.3966,4.4260,5.1561,11.2677,7.0873,9.0378,7.3101,12.0341,5.0691,5.8432,9.3232,10.0478,4.0183,6.2209,1.2069,-1.8535,-2.1705,-3.3202,-2.1604,-0.9449,-0.5795,0.9032,-3.7704,-3.0220,-7.8380,-7.2978,-3.2677,-4.4259,-6.5175,-8.4582,-11.9422,-8.8387,-8.7915,-3.3631,-5.3939,-2.7483,-5.8822,-6.5456,-11.0965,-13.8717,-7.5828,-11.1754,-12.4407,-11.4612,-10.2783,-12.6430,-12.3495,-13.5648,-11.8438,-9.2558,-10.5012,-9.0564,-10.7484,-5.7937,-14.5337,-13.0279,-13.4110,-12.4567,-12.8784,-15.9176,-6.3171,-4.9742,-2.8191,-2.5632,-2.5278,-5.0120,7.1395,-1.0781,2.7120,4.6907,10.0366,2.9044,6.4510,-1.4235,-2.6942,-4.2221,-1.1163,-3.1821,-5.8418,-4.0791,-4.5037,1.0523,-0.7571,-1.3884,-3.1445,5.9916,6.2049,4.3670,4.3531,7.6094,6.2326,6.2609,3.6167,3.9315,4.2317,4.5163,4.7653,4.9689,5.1362,5.2401,5.2847,5.2521,5.1515,4.9727,4.7172,4.4588,4.2940,4.1782,4.0876,4.0083,3.9342,3.8566,3.7767,3.6916,3.6006,3.5039,3.4019,3.2961,3.1860,3.0724,2.9561,2.8380,2.7198,2.6016,2.4842,2.3684,2.2555,2.1456,2.0392,1.9368,1.8389,1.7453,1.6561,1.5713,1.4906,1.4139,1.3407,1.2708,1.2042,1.1418,1.0681,1.0411
45130.7916667,-7.5382,-11.4342,-9.3742,-9.1933,2.5312,-4.9008,-5.4704,-10.3634,-4.7291,-3.3691,-4.0538,-5.6382,-3.7707,-4.7088,-6.8185,-6.6822,-2.6792,-3.7789,-1.2136,-3.1709,0.4931,-4.5370,-1.2857,-3.3104,-3.5487,8.5397,-3.1091,-3.0104,-3.0099,-4.2877,-8.1355,-11.8028,-11.8294,-6.9895,-5.6689,-5.2833,-2.1244,-1.2409,-8.3468,-0.1367,1.8510,-2.2707,-6.0109,-3.3253,19.1874,2.9483,0.1897,5.1262,1.0657,2.8110,5.8671,7.3425,9.6319,8.3733,5.9776,-3.8024,-3.8428,0.3583,13.1092,7.4491,8.2933,4.7449,-2.1732,-4.8147,-1.0245,-2.6691,-0.8225,0.1254,-13.6959,-12.7063,-11.2962,-12.8308,-13.3562,-13.3029,-6.8123,-7.1889,-7.3775,-8.2920,-10.7993,0.4673,17.9698,13.7730,2.0277,1.2776,1.0966,-0.0334,9.4992,5.5256,11.6017,6.5157,9.6963,18.1174,18.9610,14.2265,6.7272,6.3317,7.4097,12.2146,9.2588,10.5970,9.7027,15.5152,9.2418,10.1495,13.7491,14.5724,9.0443,11.6091,6.8639,5.5435,4.7912,3.5461,4.4310,5.0106,5.3192,5.9874,2.5362,3.0503,-0.9871,-0.8091,1.8577,0.8722,-0.8639,-2.8486,-6.2607,-4.1403,-4.0659,1.0568,-0.9002,1.0611,-1.1384,-1.7733,-5.2776,-7.6683,-2.7591,-5.4079,-6.2714,-5.9340,-4.5989,-7.2920,-7.2682,-9.0888,-7.5516,-5.6687,-7.6577,-5.5390,-7.3810,-4.8483,-11.5896,-10.1964,-11.2503,-10.7683,-12.0753,-15.3873,-6.5380,-6.1758,-4.7471,-4.1888,-3.7045,-5.5158,4.7973,-2.0573,1.3403,3.2518,7.7857,1.8595,5.7098,-0.5708,-1.1408,-1.6473,0.7980,-0.0155,-1.9092,-0.2880,-0.4710,4.5823,2.8658,2.5631,1.0854,8.9204,9.4157,7.4044,7.4407,10.7189,8.7472,9.5149,6.3435,6.4612,6.5877,6.7296,6.8785,7.0334,7.2098,7.3929,7.5914,7.7910,7.9988,8.2012,8.4057,8.6021,8.7947,8.9698,9.1265,9.2570,9.3617,9.4334,9.4658,9.4585,9.4104,9.3218,9.1962,9.0338,8.8417,8.6242,8.3902,8.1788,7.9955,7.8366,7.6976,7.5737,7.4612,7.3560,7.2554,7.1572,7.0602,6.9632,6.8660,6.7682,6.6701,6.5719,6.4739,6.3766,6.2809,6.1887,6.0877,6.0374
45130.8333333,0.5647,-3.1690,-1.6993,-1.8018,8.0665,1.4342,0.4041,-4.0186,0.0689,1.0779,0.2023,-1.4843,-0.2320,-1.0789,-3.3565,-3.6197,-0.6793,-1.9224,0.0450,-1.7209,1.2224,-2.9088,-0.4226,-2.0977,-2.2718,8.4249,-1.7226,-1.6405,-1.7290,-2.5958,-5.8394,-8.6695,-8.3136,-3.3779,-1.8066,-1.0176,1.9991,3.0017,-2.7694,4.0816,5.7228,2.0331,-1.2329,0.7198,20.4442,5.0497,2.0677,5.9665,2.1701,3.2919,6.0153,7.4730,9.6351,8.6756,5.2744,-1.3537,-1.0415,2.8077,14.5794,9.5487,10.4927,7.5788,2.0917,0.0500,3.3012,2.1541,4.2706,5.2068,-6.9895,-6.9345,-6.4907,-8.3261,-9.0057,-9.3406,-3.7344,-5.3210,-5.7095,-6.7141,-8.8099,0.7720,16.3797,12.6374,2.1653,1.4404,1.2528,0.2641,8.4642,4.7500,10.2585,5.1897,8.6053,16.4489,17.3603,13.2252,5.5224,5.9015,7.0525,10.7298,8.6941,9.5002,9.1463,15.4142,10.9471,11.9153,15.9431,17.0401,11.9552,14.6157,9.9122,10.6769,9.4223,8.4693,9.5685,9.5150,10.2254,9.8040,7.6621,8.6613,5.3000,5.3187,6.1898,6.1714,4.3951,2.8395,-0.2651,1.2070,1.0577,5.3207,3.3009,4.0342,2.6734,2.1051,-0.5415,-2.5336,1.1468,-1.0490,-1.5886,-1.2276,0.1471,-1.9799,-1.9250,-3.6348,-2.2935,-1.0519,-3.0963,-1.1565,-2.9061,-1.7825,-7.0260,-5.8686,-7.3365,-7.3298,-9.3046,-12.9065,-4.9689,-5.3836,-4.6769,-3.8898,-3.2334,-4.7939,3.3955,-2.2176,0.6048,2.3181,6.0638,1.1701,4.6272,-0.4547,-0.8059,-0.9899,0.8030,0.9047,-0.1894,1.5337,1.6989,5.9801,4.3772,4.4747,3.4419,10.6101,11.0272,8.9431,9.1739,12.6205,10.1860,11.9088,8.7671,8.9138,9.0523,9.1877,9.3143,9.4313,9.5524,9.6679,9.7848,9.8978,10.0145,10.1283,10.2479,10.3698,10.5006,10.6342,10.7736,10.9165,11.0636,11.2143,11.3654,11.5167,11.6669,11.8141,11.9576,12.0932,12.2202,12.3342,12.4348,12.5188,12.5842,12.6298,12.6536,12.6546,12.6327,12.5877,12.5209,12.4337,12.3286,12.2085,12.0769,11.9384,11.7973,11.6570,11.5204,11.3893,11.2652,11.1497,11.0336,10.9694
45130.8750000,8.0041,5.2726,6.3459,6.1934,15.1094,8.6278,7.9244,3.5888,6.9405,7.3666,6.5894,5.0362,5.4947,5.0112,2.7876,2.1266,4.1730,2.6565,3.7752,1.9683,4.2945,0.6206,2.2173,0.7686,0.4702,9.9017,0.8967,0.7756,0.5729,-0.2477,-3.2289,-5.6822,-5.4623,-0.9155,0.6709,1.5749,4.6329,5.9906,1.1919,7.5792,9.3973,6.3005,3.5947,5.3136,23.3498,9.4384,6.3494,9.2172,5.5524,5.9859,8.4307,9.7466,11.5435,10.6116,6.2705,1.8708,1.9834,5.2195,15.9335,11.2608,12.1442,9.6276,5.2792,3.7061,6.2567,5.5942,8.0034,9.1729,-1.1485,-1.3252,-1.1693,-2.8874,-3.5418,-4.0580,0.4116,-1.3542,-1.7883,-2.8086,-4.5089,3.7125,17.6034,14.3597,4.9980,4.1997,4.1554,3.2411,10.4343,6.9381,11.9385,6.8319,10.3281,17.4596,18.2276,14.4724,6.5149,7.2479,8.2483,10.8696,9.4184,9.6759,9.5112,15.7624,12.6246,13.5031,17.8191,19.0850,14.2190,16.9363,11.9136,14.5494,12.2128,11.3543,12.7776,12.0928,13.3969,11.8998,11.0037,12.9823,10.2889,10.4341,9.5131,11.1292,9.1787,8.6003,6.2468,7.5148,7.1527,10.7697,8.4077,7.5072,6.9259,6.3969,4.4196,2.8091,5.7330,3.6959,3.1068,3.3874,4.2059,2.5308,2.4587,1.1522,2.1613,3.0612,1.5518,2.7897,1.6000,2.4490,-1.6443,-0.7194,-2.1298,-2.4135,-4.6527,-8.3459,-1.6449,-2.4229,-2.2027,-1.3769,-0.7308,-2.0457,4.4425,-0.1645,2.0741,3.5655,6.5679,2.4561,5.4403,1.1392,0.7161,0.4192,1.4327,1.8380,1.1513,2.8005,3.1023,6.5486,4.9863,5.3762,4.6203,11.3350,11.5529,9.3749,9.7621,13.3639,10.5317,13.1269,10.0847,10.3380,10.5801,10.8142,11.0358,11.2441,11.4489,11.6433,11.8321,12.0114,12.1863,12.3518,12.5139,12.6698,12.8241,12.9726,13.1177,13.2581,13.3951,13.5291,13.6591,13.7863,13.9113,14.0345,14.1574,14.2787,14.4001,14.5201,14.6403,14.7600,14.8789,14.9972,15.1140,15.2286,15.3405,15.4485,15.5518,15.6492,15.7396,15.8220,15.8948,15.9574,16.0089,16.0484,16.0752,16.0891,16.0903,16.0799,16.0513,16.0418
45130.9166667,13.4351,12.1773,12.8609,12.6462,21.0873,14.0254,14.0217,9.6260,12.8042,12.3605,11.8675,10.6512,10.2120,10.6906,8.9863,8.2292,9.8767,8.2481,8.3784,6.7158,8.8567,5.2355,5.9309,4.9209,4.4233,12.6778,4.2914,3.8253,3.6237,2.6053,-0.0726,-2.3566,-2.4612,1.3717,2.6805,3.3607,6.1587,7.5197,3.2308,9.2884,11.0926,8.3098,5.9651,7.5843,24.6982,12.6730,9.7179,11.9513,8.7235,8.5220,11.0798,12.5182,14.0911,13.1549,7.7779,5.7408,5.6051,8.1505,17.6980,13.0235,13.6034,11.2157,7.7431,6.5300,8.2922,7.9972,10.5593,11.8359,3.2059,3.1338,3.2866,1.8042,1.2052,0.7538,3.9068,2.7480,2.2662,1.2444,-0.2452,6.7311,18.9337,16.0049,7.3844,6.3529,6.6029,5.7193,12.3799,9.0265,13.7526,8.4597,12.2382,18.8033,19.4812,16.1746,7.8969,9.1268,10.0513,11.7266,10.7263,10.5204,10.4654,16.6658,14.1401,14.8487,19.3020,20.5672,15.6971,18.5131,13.0899,17.4237,13.8022,12.8854,14.5393,13.1696,14.9182,12.4133,12.4012,15.2771,12.9872,13.2217,10.6278,13.9739,11.7768,12.4612,11.1759,12.7059,12.2279,15.4665,12.6212,9.9880,10.3715,10.1231,8.9189,7.8345,10.4683,8.4307,7.6975,8.0142,7.9078,6.5761,6.2200,5.3333,5.7295,6.3072,5.3805,5.4075,4.8137,6.0036,2.5671,3.1554,2.0845,1.8045,-0.0427,-3.2798,1.8838,1.2191,1.2249,1.7666,2.2678,1.1762,6.5186,2.5317,4.1543,5.4061,7.6770,4.0273,6.7626,2.9552,2.6948,2.2957,2.5259,3.1330,2.7182,4.1675,4.3568,6.9285,5.2394,5.7207,5.0156,11.2291,11.0912,8.7100,9.0757,12.6370,9.4333,12.5521,9.5252,9.8190,10.1125,10.4069,10.6976,10.9828,11.2682,11.5476,11.8233,12.0914,12.3547,12.6088,12.8574,13.0980,13.3336,13.5608,13.7809,13.9931,14.1979,14.3954,14.5850,14.7672,14.9425,15.1111,15.2740,15.4304,15.5815,15.7266,15.8669,16.0025,16.1334,16.2605,16.3837,16.5034,16.6200,16.7337,16.8448,16.9535,17.0601,17.1646,17.2670,17.3677,17.4664,17.5631,17.6575,17.7494,17.8382,17.9229,17.9931,18.0574
45130.9583333,16.7301,17.2449,17.6765,17.5151,26.0255,17.9942,18.9034,14.1941,17.4851,15.9816,15.7821,14.8533,13.3042,14.8706,13.8551,13.1138,14.7757,13.2249,12.2645,10.9045,13.5159,9.6566,9.4935,9.3023,8.7336,16.4603,8.2920,7.3523,7.4767,5.9682,3.7377,1.5050,1.0511,4.0640,5.0220,5.2909,7.7495,8.8934,4.7007,10.4466,12.0751,9.3807,7.1734,8.6291,24.8951,14.3628,11.3493,13.1134,10.2231,9.4585,12.3649,14.1459,15.7427,14.9352,8.5064,9.0059,8.7691,10.8278,19.5769,14.8735,15.2045,12.8697,10.0853,9.1450,10.0861,10.0443,12.6642,13.8616,6.1862,6.2941,6.6842,5.5469,4.9722,4.4347,6.2805,6.2818,5.7674,4.8666,3.5203,9.5502,20.3236,17.6558,9.5114,8.1316,8.6962,7.7261,14.1090,10.7407,15.2720,9.6199,13.7370,19.8356,20.4143,17.4744,8.7085,10.4332,11.3454,12.2615,11.6498,11.0811,11.1496,17.4430,14.9985,15.6274,20.2969,21.5941,16.6624,19.5950,13.6984,19.5674,14.6111,13.5599,15.4401,13.4884,15.5985,12.3023,12.8893,16.5386,14.4960,14.7449,10.6427,15.3326,12.7624,14.5411,14.3061,16.2155,15.5846,18.6400,15.1885,10.9016,12.1613,12.2592,11.8529,11.4428,14.3199,12.3354,11.5768,12.2717,11.1077,10.1474,9.4799,9.1478,8.8322,9.1763,8.9149,7.4603,7.3657,9.2852,6.1237,6.2652,5.4922,4.9992,3.6394,1.0357,4.5093,4.3555,4.4912,4.5734,4.9282,4.0960,8.9500,5.3458,6.4551,7.5873,9.2340,5.7978,8.4933,4.8952,4.9098,4.3256,3.6351,4.4229,4.2993,5.6654,5.7190,7.5253,5.6726,6.1878,5.4568,11.2587,10.7904,8.2435,8.5335,11.9527,8.5106,11.8346,8.7864,9.0146,9.2471,9.4852,9.7261,9.9686,10.2173,10.4680,10.7224,10.9778,11.2362,11.4944,11.7546,12.0149,12.2769,12.5375,12.7973,13.0548,13.3097,13.5616,13.8090,14.0519,14.2897,14.5221,14.7492,14.9699,15.1846,15.3924,15.5939,15.7886,15.9766,16.1582,16.3331,16.5017,16.6640,16.8202,16.9705,17.1151,17.2544,17.3885,17.5176,17.6422,17.7626,17.8789,17.9914,18.1004,18.2058,18.3068,18.3946,18.4694
45131.0000000,18.2496,20.5029,20.7463,20.6820,29.5862,20.3990,22.3501,17.3191,20.9851,18.4018,18.5433,17.9332,15.2995,17.9658,17.6785,16.9400,18.7527,17.2656,15.0991,14.0320,17.4739,13.1326,12.1551,13.0044,12.4674,20.2627,12.0095,10.6079,11.5361,9.4600,8.0486,5.9037,5.2457,7.4324,8.0695,7.8453,10.0073,10.8697,6.5220,11.9639,13.3457,10.6103,8.4083,9.6601,25.0334,15.5822,12.2953,13.5588,10.7893,9.5170,12.6983,14.7431,16.3509,15.6475,8.3011,11.0990,10.8200,12.5354,20.7953,16.1000,16.3132,14.0841,11.9749,11.3959,11.6523,11.9327,14.7440,15.7926,8.4049,8.5725,9.2420,8.4484,7.8404,7.0966,7.7291,9.1123,8.5632,7.8592,6.6025,11.9208,21.4926,19.0660,11.2200,9.4582,10.3862,9.3230,15.6960,12.2639,16.7309,10.6521,15.1723,20.8959,21.3734,18.7384,9.4009,11.5674,12.4702,12.7412,12.4225,11.5337,11.6824,18.0890,15.3102,15.8739,20.7564,22.0974,17.0943,20.1727,13.8805,21.1720,14.9930,13.8237,15.8945,13.4781,15.8612,11.9836,12.9717,17.2480,15.3700,15.6212,10.3592,16.0299,13.1046,15.7601,16.4354,18.6787,17.7825,20.6864,16.5460,10.8701,12.7577,13.1217,13.3671,13.5798,16.9234,14.9722,14.2456,15.5479,13.3214,12.8082,11.9152,12.2883,11.3015,11.5649,12.0973,9.1332,9.5373,12.4668,9.3424,9.0178,8.5638,7.7716,6.8666,4.8554,6.5752,7.0633,7.4881,6.9517,7.1095,6.4977,11.3251,7.8938,8.5739,9.6873,10.8012,7.4052,10.2914,6.7293,7.2171,6.4543,4.7737,5.7913,5.9833,7.3748,7.2846,8.4154,6.3662,6.9097,6.1236,11.6396,10.8824,8.2048,8.4215,11.6871,8.1063,11.5066,8.4624,8.6235,8.7899,8.9623,9.1388,9.3187,9.5051,9.6951,9.8901,10.0881,10.2909,10.4962,10.7058,10.9186,11.1359,11.3557,11.5786,11.8038,12.0311,12.2604,12.4908,12.7221,12.9540,13.1862,13.4186,13.6502,13.8811,14.1104,14.3381,14.5636,14.7864,15.0064,15.2230,15.4359,15.6447,15.8492,16.0491,16.2441,16.4341,16.6189,16.7983,16.9724,17.1411,17.3045,17.4624,17.6149,17.7618,17.9018,18.0261,18.1257
45131.0416667,18.9035,22.6913,22.7487,22.7710,32.2062,21.7978,24.7201,19.3275,23.4256,19.7872,20.2368,19.9058,16.2686,20.0260,20.4683,19.7516,21.8352,20.4214,17.0381,16.2209,20.6702,15.6865,13.9420,15.8554,15.3669,23.6071,14.9984,13.0963,15.0989,12.3724,12.1045,10.1603,9.5770,11.0517,11.5285,10.8309,12.8706,13.5092,8.8088,14.0489,15.1908,12.3366,10.0512,11.1063,25.6432,16.9766,13.2783,14.0025,11.2001,9.4952,12.8403,15.0268,16.5660,15.8926,7.8344,12.4141,12.0132,13.4118,21.2976,16.5717,16.6866,14.5402,13.0173,12.8083,12.4891,13.1365,16.3274,17.3626,10.1202,10.3392,11.3158,10.8455,10.1351,9.0201,8.5880,11.3564,10.7367,10.2667,9.0519,13.8439,22.4048,20.1895,12.5029,10.3507,11.6303,10.4537,16.9707,13.4307,17.9208,11.3812,16.3494,21.8056,22.2117,19.8545,9.9181,12.5018,13.4280,13.1730,13.0982,11.9478,12.1647,18.7136,15.3493,15.8552,20.9127,22.2829,17.1952,20.3734,13.7323,22.2599,14.9964,13.7439,15.9814,13.2265,15.8201,11.5514,12.8106,17.5875,15.8359,16.0935,9.9870,16.3427,13.1265,16.4763,17.9487,20.5037,19.2935,22.0695,17.2359,10.4956,12.7675,13.2941,14.0110,14.7240,18.5689,16.5762,15.8462,17.7819,14.5175,14.4037,13.3153,14.4110,12.8166,13.0933,14.4792,10.1122,11.0070,15.1336,11.9259,11.1844,11.1206,10.0930,9.7148,8.3381,8.3506,9.5580,10.4000,9.1499,9.0854,8.6430,13.7637,10.3272,10.6264,11.7825,12.4256,8.9191,12.1240,8.4253,9.4752,8.5018,5.7746,7.0452,7.6062,9.1597,8.9563,9.5037,7.2339,7.8290,6.9756,12.3557,11.3467,8.5467,8.7028,11.8446,8.1624,11.5924,8.5464,8.6452,8.7492,8.8591,8.9736,9.0921,9.2172,9.3467,9.4818,9.6210,9.7656,9.9141,10.0677,10.2256,10.3887,10.5557,10.7269,10.9017,11.0801,11.2619,11.4466,11.6341,11.8242,12.0168,12.2118,12.4088,12.6077,12.8081,13.0100,13.2130,13.4170,13.6218,13.8270,14.0324,14.2378,14.4428,14.6472,14.8507,15.0531,15.2540,15.4532,15.6503,15.8452,16.0376,16.2272,16.4136,16.5960,16.7727,16.9336,17.0605
45131.0833333,18.9424,24.0335,23.9367,24.0456,34.0814,22.4935,26.3170,20.5852,25.1469,20.5384,21.2585,21.1653,16.6543,21.2761,22.3956,21.6958,24.0954,22.7484,18.2117,17.6102,23.1173,17.4290,15.0147,17.9326,17.5036,26.4174,17.2737,14.8727,18.0493,14.6048,15.6048,13.8898,13.5563,14.4008,14.8627,13.7361,15.8641,16.4101,11.2226,16.4712,17.4408,14.4340,12.0150,12.9310,26.8238,18.8070,14.6352,14.8026,11.8922,9.8093,13.2520,15.5022,16.9195,16.2175,7.6163,13.5435,12.9466,14.0236,21.5576,16.7454,16.7345,14.6155,13.5412,13.6250,12.7837,13.7328,17.3050,18.3821,11.2998,11.6417,12.9731,12.8357,12.0097,10.4868,9.1494,13.2192,12.5016,12.2686,11.0496,15.4419,23.1375,21.1001,13.4726,10.9477,12.5485,11.2554,18.0017,14.3248,18.8901,11.8852,17.2995,22.5590,22.9067,20.7965,10.2658,13.2250,14.1896,13.4993,13.6254,12.2616,12.5394,19.2514,15.2449,15.7001,20.8926,22.2823,17.1179,20.3591,13.4437,22.9951,14.7884,13.4653,15.8181,12.8215,15.5521,11.0392,12.4661,17.6127,15.9602,16.2303,9.5584,16.3716,12.9471,16.8425,19.0124,21.8784,20.3597,23.0387,17.5677,10.0724,12.5622,13.1873,14.2343,15.3298,19.6357,17.5508,16.7801,19.2893,15.0606,15.2522,13.9732,15.6939,13.5528,13.8534,16.0184,10.4309,11.7219,17.0354,13.6652,12.5591,12.9049,11.7265,11.9452,11.2723,9.6946,11.6562,13.0268,11.0281,10.7635,10.4968,16.1698,12.6017,12.5773,13.8364,14.0652,10.3446,13.9840,10.0309,11.7205,10.5112,6.7095,8.2433,9.1717,10.9654,10.6532,10.6769,8.1521,8.8174,7.8847,13.2688,12.0317,9.0972,9.2094,12.2799,8.4933,11.9680,8.9027,8.9575,9.0168,9.0809,9.1491,9.2208,9.2979,9.3790,9.4648,9.5544,9.6487,9.7467,9.8494,9.9563,10.0680,10.1838,10.3040,10.4281,10.5563,10.6885,10.8242,10.9637,11.1066,11.2530,11.4028,11.5557,11.7118,11.8706,12.0323,12.1965,12.3631,12.5321,12.7031,12.8761,13.0509,13.2273,13.4051,13.5842,13.7644,13.9455,14.1273,14.3097,14.4925,14.6754,14.8584,15.0410,15.2225,15.4007,15.5661,15.6966
45131.1250000,18.5317,24.6375,24.3792,24.5311,35.1173,22.4366,27.0278,21.0927,26.0821,20.6095,21.5494,21.6582,16.4522,21.7219,23.4421,22.7591,25.4769,24.1855,18.6172,18.2064,24.7027,18.3154,15.3546,19.1479,18.7753,28.4396,18.6682,15.8259,20.1723,16.0283,18.3203,16.8306,16.8378,17.0940,17.6116,16.0732,18.4141,18.9507,13.1796,18.6229,19.4742,16.2891,13.7059,14.5510,28.0630,20.6989,16.0688,15.7112,12.7106,10.2917,13.8297,16.1294,17.4168,16.6526,7.6104,14.6177,13.7903,14.5410,21.7185,16.7747,16.6130,14.4813,13.7370,14.0317,12.7245,13.8875,17.7572,18.8466,11.9202,12.4115,14.0864,14.2560,13.3124,11.4528,9.3642,14.6003,13.7732,13.7517,12.4761,16.5291,23.4497,21.5447,13.9094,11.0549,12.9288,11.5339,18.5311,14.7072,19.3691,11.9357,17.7518,22.8599,23.1589,21.2779,10.2230,13.5086,14.5176,13.4622,13.7510,12.2217,12.5546,19.4201,14.8996,15.3013,20.5702,21.9595,16.7364,20.0044,12.9291,23.3180,14.3482,12.9938,15.4047,12.2458,15.0393,10.3987,11.9123,17.2862,15.7011,15.9748,8.9808,16.0460,12.4909,16.7838,19.5331,22.6950,20.8944,23.4969,17.4798,9.5126,12.1174,12.8162,14.0994,15.4827,20.1816,17.9955,17.1759,20.1816,15.1122,15.5349,14.0931,16.3108,13.7056,14.0184,16.8220,10.2605,11.8235,18.1551,14.5713,13.1459,13.8488,12.5635,13.3525,13.3763,10.3834,13.0406,14.9748,12.2362,11.8302,11.7402,18.1111,14.3134,14.0211,15.4210,15.2855,11.3036,15.4686,11.2193,13.6456,12.2373,7.4163,9.2577,10.5685,12.6668,12.2497,11.7908,8.9804,9.7222,8.6932,14.1726,12.7058,9.6078,9.6759,12.7081,8.7919,12.3239,9.2116,9.2316,9.2559,9.2848,9.3176,9.3540,9.3952,9.4400,9.4890,9.5415,9.5981,9.6581,9.7222,9.7899,9.8619,9.9375,10.0169,10.1000,10.1868,10.2772,10.3711,10.4685,10.5692,10.6734,10.7811,10.8920,11.0061,11.1234,11.2438,11.3673,11.4937,11.6230,11.7552,11.8900,12.0275,12.1674,12.3098,12.4545,12.6014,12.7504,12.9012,13.0540,13.2085,13.3645,13.5220,13.6806,13.8398,13.9974,14.1452,14.2617
45131.1666667,17.7737,24.6860,24.3187,24.5302,35.6451,22.0340,27.2526,21.1343,26.4851,20.2836,21.3860,21.6369,15.8830,21.6283,23.8319,23.1349,26.1281,24.8686,18.4147,18.1430,25.5260,18.5130,15.1320,19.6344,19.3173,29.7597,19.3487,16.1124,21.5137,16.7008,20.2104,18.9479,19.3501,19.0678,19.6957,17.7607,20.3982,20.9764,14.5519,20.3423,21.1281,17.7533,14.9909,15.8155,29.1495,22.3922,17.3093,16.5093,13.4211,10.7192,14.3924,16.7747,17.9753,17.1656,7.7384,15.6801,14.6293,15.0967,21.9727,16.8886,16.5729,14.4011,13.8881,14.3218,12.5959,13.8879,17.9491,18.9876,12.0786,12.7001,14.7057,15.1761,14.1251,11.9390,9.2743,15.5268,14.6016,14.8047,13.4741,17.2834,23.5494,21.7589,14.0921,10.9650,13.0409,11.5424,18.7446,14.7679,19.5040,11.7019,17.8300,22.8055,23.0491,21.3492,9.8645,13.3770,14.4229,13.0934,13.5086,11.8587,12.2318,19.2174,14.2928,14.6614,19.9750,21.3665,16.1209,19.3923,12.2292,23.2488,13.6819,12.3219,14.7667,11.5355,14.3488,9.6938,11.2378,16.7318,15.2101,15.4811,8.3393,15.4703,11.8490,16.3958,19.6185,23.0376,20.9779,23.5221,17.0544,8.8434,11.4654,12.2021,13.6417,15.2428,20.2801,18.0105,17.1531,20.5874,14.8292,15.4198,13.8514,16.4541,13.4882,13.8060,17.1131,9.8372,11.5554,18.7093,14.9205,13.2377,14.2074,12.7992,14.0416,14.6769,10.5115,13.7575,16.2437,12.8418,12.3346,12.3942,19.5121,15.4591,14.9632,16.5325,16.0976,11.8536,16.5424,11.9747,15.1224,13.5224,7.7766,9.9054,11.6154,14.0937,13.6131,12.7413,9.6550,10.4932,9.3772,15.0440,13.3736,10.1107,10.1494,13.1838,9.1325,12.7324,9.5517,9.5374,9.5268,9.5200,9.5169,9.5173,9.5221,9.5308,9.5438,9.5606,9.5818,9.6067,9.6359,9.6691,9.7066,9.7479,9.7932,9.8421,9.8948,9.9511,10.0109,10.0740,10.1405,10.2103,10.2834,10.3596,10.4390,10.5214,10.6068,10.6953,10.7866,10.8809,10.9780,11.0779,11.1806,11.2859,11.3939,11.5044,11.6174,11.7330,11.8508,11.9711,12.0936,12.2182,12.3450,12.4736,12.6036,12.7334,12.8559,12.9527
45131.2083333,16.7892,24.3069,23.8845,24.1787,35.7960,21.4438,27.1990,20.9557,26.6427,19.8681,21.1118,21.4880,15.3443,21.3203,23.9352,23.2291,26.4622,25.2169,18.0286,17.8361,25.9550,18.4056,14.7139,19.7428,19.4704,30.6584,19.6489,16.0876,22.3958,16.9782,21.5692,20.5161,21.3220,20.5451,21.3139,19.0078,21.9928,22.6553,15.5608,21.7673,22.5441,18.9897,16.0544,16.9025,30.2171,24.0224,18.4875,17.2881,14.1037,11.1569,14.9889,17.4809,18.6379,17.8052,8.0121,16.8295,15.5893,15.8340,22.4988,17.2936,16.8553,14.6479,14.3196,14.8653,12.7760,14.1513,18.3296,19.2218,12.0760,12.7353,15.0191,15.7708,14.6295,12.1404,9.0565,16.1648,15.1699,15.6140,14.2529,17.9105,23.6462,21.9790,14.2883,10.9488,13.1935,11.6206,19.0177,14.9152,19.7273,11.6281,18.0047,22.8635,23.0488,21.4885,9.6631,13.3078,14.3684,12.8303,13.3293,11.5845,11.9694,19.0066,13.8151,14.1371,19.4393,20.8141,15.5655,18.7844,11.5870,23.0286,13.0049,11.6395,14.0838,10.8466,13.6388,9.0522,10.5865,16.1151,14.6628,14.9373,7.7920,14.8632,11.2371,15.9271,19.5309,23.1742,20.8888,23.3882,16.5672,8.2861,10.8551,11.5937,13.1151,14.8607,20.1613,17.8232,16.9367,20.7294,14.4329,15.1443,13.4882,16.3775,13.1506,13.4704,17.1592,9.4020,11.1913,18.9728,15.0129,13.1387,14.3042,12.7777,14.3478,15.4768,10.3878,14.0851,17.0684,13.1032,12.5164,12.6969,20.5378,16.2525,15.6089,17.3613,16.6869,12.2072,17.3876,12.5110,16.3267,14.5359,7.9818,10.3726,12.4328,15.3038,14.7772,13.5490,10.2034,11.1486,9.9613,15.8876,14.0467,10.6284,10.6621,13.7490,9.5632,13.2701,10.0159,9.9875,9.9611,9.9369,9.9148,9.8948,9.8775,9.8628,9.8509,9.8416,9.8354,9.8320,9.8318,9.8348,9.8413,9.8510,9.8642,9.8808,9.9008,9.9243,9.9512,9.9816,10.0154,10.0526,10.0933,10.1374,10.1848,10.2355,10.2895,10.3467,10.4070,10.4705,10.5369,10.6063,10.6785,10.7536,10.8315,10.9121,10.9953,11.0811,11.1694,11.2602,11.3534,11.4490,11.5469,11.6470,11.7487,11.8509,11.9481,12.0252
45131.2500000,15.6216,23.4994,23.0163,23.3584,35.3485,20.4231,26.6038,20.3637,26.3407,19.1313,20.4994,21.0075,14.6486,20.8098,23.7596,23.0520,26.4825,25.2504,17.4950,17.3783,26.0602,18.0824,14.1939,19.5911,19.3469,31.1459,19.6039,15.8195,22.8696,16.9563,22.4787,21.6090,22.8017,21.5571,22.4600,19.8124,23.1294,23.8847,16.1649,22.7854,23.5585,19.8192,16.7252,17.6174,31.0197,25.3928,19.4430,17.9003,14.6527,11.4879,15.4767,18.0861,19.2158,18.3583,8.2172,17.8911,16.4960,16.5460,23.0367,17.7106,17.1754,14.9536,14.8165,15.4962,13.1120,14.5792,18.8731,19.5935,12.1369,12.7420,15.1900,16.1415,14.8936,12.1423,8.7475,16.4992,15.4303,16.0791,14.6744,18.1869,23.4333,21.8651,14.1564,10.6703,13.0660,11.4644,19.0468,14.8548,19.7551,11.4309,18.0206,22.7903,22.9396,21.5329,9.4769,13.2339,14.3099,12.5986,13.1602,11.3541,11.7475,18.8005,13.3941,13.6721,18.9184,20.2621,15.0374,18.1951,11.0509,22.7455,12.3948,11.0300,13.4161,10.2019,12.9208,8.4457,9.9401,15.4079,14.0109,14.2833,7.2638,14.1830,10.6055,15.3467,19.2368,23.0680,20.5931,23.0421,15.9723,7.7694,10.2658,11.0024,12.5613,14.3890,19.8570,17.4673,16.5583,20.6236,13.9250,14.7278,13.0283,16.1076,12.7038,13.0212,16.9749,8.9417,10.7570,18.9650,14.8632,12.8547,14.1722,12.5826,14.3990,15.9293,10.1319,14.1257,17.5069,13.0642,12.4110,12.6855,21.1489,16.6259,15.8603,17.7717,16.8898,12.2143,17.8467,12.7124,17.1669,15.2291,8.0290,10.6353,13.0098,16.2603,15.6928,14.1448,10.5583,11.6041,10.3508,16.5394,14.5238,10.9405,10.9679,14.1192,9.7870,13.6207,10.2945,10.2730,10.2507,10.2284,10.2062,10.1843,10.1634,10.1432,10.1241,10.1061,10.0894,10.0740,10.0603,10.0483,10.0383,10.0301,10.0241,10.0202,10.0186,10.0194,10.0225,10.0281,10.0363,10.0471,10.0606,10.0768,10.0958,10.1176,10.1422,10.1697,10.2002,10.2335,10.2697,10.3089,10.3509,10.3959,10.4437,10.4944,10.5479,10.6042,10.6632,10.7249,10.7893,10.8563,10.9259,10.9978,11.0719,11.1470,11.2191,11.2761
45131.2916667,13.9061,21.9167,21.3440,21.6378,33.7848,18.4087,24.7794,18.6204,24.7951,17.2906,18.7157,19.3263,12.9383,19.2178,22.4600,21.8187,25.4372,24.2417,16.1260,16.1423,25.2435,16.9389,13.0107,18.6625,18.4415,30.6437,18.5871,14.6964,22.3602,16.1020,22.4572,21.7691,23.3385,21.6572,22.6343,19.6632,23.2227,23.9948,15.7078,22.6988,23.3606,19.4027,16.1245,17.0642,30.6362,25.4759,19.2008,17.4662,14.2574,10.9717,15.1181,17.8138,18.9036,18.0003,7.5826,18.0325,16.5681,16.4573,22.7593,17.2271,16.5661,14.3132,14.3577,15.2412,12.7047,14.3154,18.7939,19.4271,11.9805,12.6061,15.1275,16.1395,14.7267,11.7423,8.1785,16.2800,15.0242,15.7688,14.1995,17.4706,22.2370,20.6033,12.8007,9.2093,11.6264,10.0284,17.6985,13.4144,18.3580,9.9252,16.6045,21.3082,21.4554,20.1978,8.1037,11.9770,13.1068,11.3230,11.9080,10.0921,10.5187,17.5445,12.0851,12.3296,17.4861,18.7705,13.5913,16.7604,9.8396,21.7648,11.2807,10.0182,12.3665,9.1922,11.7904,7.4573,8.8601,14.1793,12.7811,13.0246,6.2396,12.9485,9.4556,14.1675,18.1969,22.1314,19.4614,21.8305,14.5782,6.6229,9.0668,9.8376,11.4380,13.3150,18.8610,16.4279,15.5158,19.7641,12.7806,13.6664,11.9964,15.2196,11.7120,12.0338,16.1453,8.0101,9.8449,18.3198,14.0645,11.9601,13.3910,11.8242,13.8757,15.7604,9.5008,13.6624,17.2959,12.4396,11.6757,11.9387,20.8901,16.0633,15.1608,17.1650,16.1042,11.2304,17.2103,11.8693,16.8960,14.9196,7.3352,10.1232,12.7938,16.4198,15.8044,14.0015,10.1816,11.3028,9.9704,16.3786,14.1673,10.3520,10.2934,13.4601,8.9508,12.8235,9.3796,9.3748,9.3706,9.3664,9.3616,9.3558,9.3496,9.3425,9.3345,9.3255,9.3157,9.3050,9.2936,9.2816,9.2691,9.2564,9.2435,9.2307,9.2182,9.2062,9.1947,9.1841,9.1744,9.1658,9.1585,9.1525,9.1480,9.1450,9.1432,9.1435,9.1457,9.1498,9.1557,9.1636,9.1736,9.1855,9.1997,9.2162,9.2345,9.2549,9.2773,9.3021,9.3289,9.3577,9.3883,9.4200,9.4505,9.4844,9.5150,9.5387
45131.3333333,10.4959,18.5146,18.0651,18.4013,30.7354,15.2594,21.7405,15.6730,22.0523,14.5094,15.9484,16.6260,10.3862,16.4539,19.8649,19.3035,22.9806,21.8132,13.6080,13.7987,23.2483,14.7481,10.9460,16.7052,16.5124,29.1313,16.6486,12.7101,20.8460,14.3152,21.2865,20.7032,22.4919,20.4830,21.6389,18.4866,22.3428,23.1331,14.3189,21.6697,22.1827,18.0595,14.5569,15.5333,29.3064,24.3310,17.7452,15.9258,12.7281,9.4532,13.6845,16.3930,17.3854,16.4862,6.0446,16.9208,15.4477,15.2848,21.5531,15.8568,15.1178,12.8136,12.8938,13.8888,11.2818,12.9121,17.4812,18.2184,11.1506,12.0485,14.7548,15.8057,14.2101,10.9985,7.4600,15.7357,14.2607,15.0530,13.2512,16.3161,20.7970,19.0307,11.1144,7.5090,9.6930,8.1026,15.6615,11.2550,16.0987,7.7253,14.2212,18.7989,18.8945,17.6380,5.7229,9.5085,10.6579,8.9604,9.4819,7.6966,8.1375,15.0258,9.6441,9.8622,14.8829,16.1498,11.1007,14.2853,7.6644,19.6706,9.2369,8.1410,10.5498,7.5110,9.9987,5.8826,7.1578,12.3614,10.9978,11.2457,4.7985,11.1491,7.7361,12.3739,16.4023,20.4066,17.5912,19.9169,12.5388,4.9859,7.2870,8.0221,9.5324,11.3844,16.8935,14.4935,13.6466,18.0459,10.9193,11.7711,10.1816,13.5526,10.0489,10.4120,14.6166,6.5690,8.3793,17.0019,12.6344,10.4784,11.9668,10.4327,12.6677,14.8003,8.3865,12.6542,16.4865,11.3623,10.4372,10.6200,20.0210,14.8006,13.8527,15.9006,14.7890,9.7029,15.8278,10.3189,15.6163,13.6001,5.8545,8.6833,11.5213,15.5164,14.8745,13.0278,8.9584,10.1570,8.7896,15.3870,13.1838,9.1211,8.9255,12.0719,7.4171,11.2143,7.5241,7.5593,7.5879,7.6103,7.6268,7.6355,7.6419,7.6434,7.6414,7.6364,7.6290,7.6198,7.6093,7.5981,7.5859,7.5736,7.5607,7.5475,7.5340,7.5203,7.5063,7.4953,7.4776,7.4612,7.4446,7.4273,7.4094,7.3910,7.3720,7.3528,7.3332,7.3134,7.2934,7.2734,7.2535,7.2334,7.2134,7.1925,7.1639,7.1042,7.0641,7.0248,6.9867,6.9497,6.9153,6.8841,6.8564,6.8330,6.8082,6.7901
45131.3750000,5.1763,12.8651,12.6610,13.0308,25.3068,10.1373,16.5098,10.6734,17.2057,9.9213,11.3847,12.1983,6.4558,12.0356,15.5705,15.2208,19.1703,17.5286,9.5247,9.5135,19.1166,10.4997,7.1627,13.0647,12.9519,25.8010,13.0591,9.3341,17.8567,11.1908,18.5835,17.9574,19.8384,16.9881,17.7632,14.4615,19.1149,20.4085,11.3706,19.0867,19.4111,15.3504,11.6635,12.7397,26.7287,21.7401,14.9420,13.1761,10.0821,7.0301,11.2475,13.1387,13.9108,12.5421,2.5104,13.2861,11.8703,11.8714,18.2305,12.4368,11.9153,9.1057,9.3003,10.5754,8.3800,9.8807,14.6799,14.7120,8.2223,10.3373,13.4098,14.4899,12.8182,9.3906,6.1903,14.4243,12.6898,13.4900,11.4224,14.2550,18.6819,16.6546,8.4195,5.3449,6.4468,5.0944,12.4734,8.0458,12.5833,4.3900,10.3703,14.5534,14.8005,13.4525,1.5351,5.1377,6.3959,5.0204,5.3230,4.0414,3.8942,10.5453,4.9141,5.5782,10.1046,11.0959,5.7788,9.4039,3.3313,15.3693,5.1923,4.2894,6.8463,4.1705,6.7202,2.9841,3.6374,8.6973,7.5251,7.8824,2.1726,8.4817,4.8746,9.4253,13.3106,17.4653,14.6405,16.9230,9.5008,2.5933,4.7362,5.3738,6.7414,8.4275,13.3837,11.1473,10.4269,14.9634,7.7027,8.3086,6.9936,10.5345,7.2225,7.7228,11.9999,4.3258,6.1158,14.6889,10.2051,8.0611,9.5763,8.2063,10.6593,12.9286,6.7048,10.9828,14.9602,9.5771,8.5024,8.4282,18.9441,12.4144,11.6359,13.3513,12.2906,7.1900,12.7716,7.4814,12.5095,10.5519,3.0162,5.8556,8.6348,13.1589,12.1934,10.8998,6.2850,7.5788,6.1959,12.9166,11.2384,6.8329,6.3996,9.5117,4.7831,8.2502,3.8771,4.0168,4.1516,4.2616,4.3642,4.4543,4.5367,4.6086,4.6708,4.7226,4.7664,4.8018,4.8292,4.8486,4.8619,4.8677,4.8677,4.8620,4.8510,4.8353,4.8149,4.7907,4.7625,4.7308,4.6962,4.6588,4.6187,4.5762,4.5309,4.4798,4.3985,4.2081,4.0700,3.9366,3.8082,3.6792,3.5518,3.4261,3.3048,3.1850,3.0677,2.9535,2.8435,2.7368,2.6341,2.5357,2.4421,2.3544,2.2650,2.1980
45131.4166667,-2.9138,4.0673,4.3771,4.7960,17.9270,1.5888,7.5166,2.8623,9.5888,1.8404,3.3962,4.5397,-0.0946,4.8471,8.5967,8.7209,13.8443,11.1799,4.5536,3.7627,13.6304,5.2287,2.3146,8.1228,7.8726,20.6550,6.2448,2.7344,11.2392,4.5927,12.1413,12.6497,15.2752,11.8745,11.9237,7.5598,10.3745,11.7079,3.5630,12.6053,11.7308,8.3981,4.9400,6.3832,21.8440,15.2013,8.1299,7.0848,4.9266,2.4912,8.0272,9.2571,9.4904,7.3493,-2.8204,7.1684,4.9407,5.5660,11.3400,4.0490,5.1887,1.3725,1.8262,3.5929,2.7419,4.1206,10.0466,9.8334,2.7579,6.4999,10.0248,10.4329,9.7074,6.1316,3.6481,12.2861,8.7476,10.8086,6.3621,8.5934,15.0618,11.9424,1.5934,0.5083,-0.5267,-1.2193,5.9810,1.8270,6.0957,-0.0123,4.5086,6.9257,7.1732,5.6701,-5.9062,-3.3839,-1.7024,-2.2201,-2.0053,-1.4914,-2.8605,4.7547,-2.1242,-0.3284,3.7269,4.0609,-1.9661,1.1357,-4.2068,8.2276,-1.3766,-1.8081,0.6097,-1.3832,2.0765,-1.1417,-1.8224,2.6793,2.2387,1.6973,-3.5574,3.0633,-0.8225,4.0594,6.5713,10.7579,7.9121,10.2010,2.5753,-3.5740,-1.1760,-0.3014,1.3789,3.3069,7.4079,5.0127,5.0243,10.6854,3.5404,2.9524,2.0598,5.6153,2.4058,2.2943,6.4945,-0.5604,1.6365,9.6058,5.2088,2.1942,4.4501,3.2025,6.3738,9.1433,3.3987,7.5634,12.6618,5.6987,5.6032,4.1285,16.2948,8.8930,7.9356,7.8132,8.0382,2.6662,7.4157,3.2937,7.6566,5.7418,-1.2944,1.4213,3.5759,8.8663,7.5310,6.9341,1.3208,3.3484,1.0927,9.0583,7.4003,2.8398,2.2747,5.4768,0.9333,3.8784,-1.6706,-1.3825,-1.1086,-0.8506,-0.6117,-0.3954,-0.1947,-0.0135,0.1494,0.2941,0.4234,0.5378,0.6385,0.7260,0.8022,0.8663,0.9197,0.9624,0.9940,1.0039,0.8714,0.6710,0.4700,0.2866,0.1061,-0.0598,-0.2274,-0.3967,-0.5680,-0.7409,-0.9069,-1.0753,-1.2454,-1.4165,-1.5837,-1.7520,-1.9208,-2.0895,-2.2559,-2.4219,-2.5868,-2.7498,-2.9100,-3.0678,-3.2226,-3.3735,-3.5202,-3.6608,-3.8044,-3.9115
45131.4583333,-12.3870,-6.7868,-5.8399,-5.0582,9.3844,-9.1722,-3.8250,-7.2163,1.3366,-7.1719,-6.9932,-7.1821,-10.1202,-6.6727,-4.2742,-3.5613,4.7673,1.7159,-1.6858,-2.7635,6.0175,-2.8871,-5.0620,0.5925,1.1854,16.1729,-0.4641,-4.5517,5.3055,-2.2679,5.6993,5.2330,10.1345,7.6845,7.5312,2.3165,4.3433,1.7404,-7.2301,3.7960,1.1546,-3.8549,-6.9112,-4.9398,14.7430,6.4856,-1.4983,-1.6776,-3.2659,-4.4670,2.7746,4.8011,4.9898,3.3761,-5.8855,2.4286,-0.9720,1.7402,6.2403,-4.1991,-2.4324,-8.0147,-7.7653,-5.8137,-5.0255,-3.9433,2.8504,3.1169,-3.3496,1.1662,7.1837,6.6216,6.8520,1.4180,-0.2165,9.4345,3.1221,7.4280,-0.1371,2.3611,12.7822,8.2594,-4.0282,-4.6947,-7.4227,-7.4427,-0.9651,-6.8102,-0.6126,-6.4816,-2.4631,0.1168,0.3271,-1.7929,-12.2257,-11.7776,-10.4172,-9.8773,-10.1917,-8.1369,-10.0880,-3.3199,-11.5262,-8.9213,-4.9093,-4.6062,-10.1450,-8.4523,-13.5427,-0.7842,-8.8239,-8.0410,-5.8186,-8.4512,-3.8714,-6.2509,-9.0047,-5.0338,-4.4235,-4.8427,-9.8374,-3.3095,-7.9437,-3.1342,-2.8576,2.9898,0.0745,2.9676,-4.5966,-10.0383,-7.4757,-6.9509,-4.7143,-1.8830,2.5401,-1.9218,-3.4193,3.2060,-2.3728,-2.4479,-5.1472,-0.3732,-3.2316,-4.5953,0.2269,-7.0283,-4.2958,4.9789,-0.1341,-3.3298,-0.2031,-2.4291,0.1973,3.5081,-1.2007,3.3622,8.5750,1.0038,0.4789,-1.6564,12.3999,5.1534,3.0287,1.9049,3.5342,-1.4350,2.6603,-1.5972,1.6917,0.0183,-5.9945,-3.5442,-2.5694,3.7960,2.3883,2.6989,-4.0074,-0.9269,-4.4277,5.7609,3.8102,-0.7227,-1.3963,1.8057,-2.4413,-0.7790,-7.4654,-8.0075,-8.4866,-8.8870,-9.1969,-9.4128,-9.5260,-9.5483,-9.4928,-9.3764,-9.2153,-9.0257,-8.8205,-8.6095,-8.3244,-7.9788,-7.6560,-7.3663,-7.1184,-6.9009,-6.7364,-6.6244,-6.5612,-6.5404,-6.5541,-6.5848,-6.6381,-6.7090,-6.7940,-6.8900,-6.9894,-7.0977,-7.2140,-7.3373,-7.4635,-7.5960,-7.7338,-7.8761,-8.0212,-8.1700,-8.3218,-8.4758,-8.6312,-8.7879,-8.9453,-9.1026,-9.2590,-9.4124,-9.5727,-9.6904
45131.5000000,-21.3616,-18.0677,-15.9028,-12.9372,-0.0623,-20.3088,-17.6576,-20.5300,-9.1488,-14.8700,-14.8482,-18.1338,-19.1183,-16.2600,-14.9622,-18.3208,-9.1501,-14.2093,-16.9768,-17.9251,-5.7499,-14.8233,-14.5579,-9.5510,-8.0215,8.3543,-7.0602,-12.6322,-1.5283,-10.4249,-2.6337,-4.7825,1.0083,-1.1132,1.9908,-2.1034,0.9814,-1.7148,-12.8506,-0.8548,-4.4417,-13.2872,-17.9093,-15.9943,7.2568,-3.9621,-13.6339,-13.7842,-15.9393,-16.3553,-9.4238,-4.7076,-3.0432,-6.1477,-13.4795,-5.9035,-7.1962,-0.5456,4.2959,-5.9087,-5.3014,-13.3866,-16.4119,-15.0514,-13.6941,-12.2785,-3.8944,-3.5366,-11.6795,-6.4919,-0.6349,-1.2220,0.1357,-2.8747,-3.3819,7.9636,1.1189,6.3204,-5.1220,-3.1939,12.4545,6.5017,-5.7796,-9.4246,-15.1507,-14.4053,-5.1665,-13.5176,-5.2506,-10.8191,-7.6154,-5.1163,-5.2653,-8.7419,-19.2843,-21.3495,-19.7351,-17.1423,-20.7057,-18.2819,-17.7683,-11.5452,-17.8914,-15.3180,-11.6968,-11.7122,-16.8202,-15.7254,-21.6603,-10.9831,-19.1579,-18.3382,-13.2174,-17.1959,-11.0828,-11.5872,-15.8857,-9.8266,-9.3503,-9.9982,-15.0593,-9.4056,-13.2414,-10.0703,-10.8112,-6.2912,-8.9536,-5.1031,-12.0410,-15.4503,-13.8219,-15.0423,-13.8997,-11.4068,-6.9445,-9.0278,-9.4824,-4.4058,-10.9238,-9.6238,-11.2656,-6.6254,-8.8323,-9.7721,-5.4347,-12.4687,-9.6727,-0.0419,-8.2024,-10.1857,-7.6213,-8.6570,-6.0483,-3.6506,-6.1949,0.9540,5.0325,-1.0188,-5.0049,-6.0953,8.4000,0.7638,-2.9607,-4.7347,-2.6415,-4.8054,-1.7051,-6.3298,-4.6217,-6.2771,-11.1327,-9.3850,-9.9276,-2.6838,-3.5460,-1.6093,-9.2899,-4.7557,-9.0527,2.2486,0.2710,-3.9462,-4.5326,-1.1601,-4.7555,-3.9218,-9.5854,-10.1022,-10.6278,-11.1603,-11.6969,-12.2370,-12.7656,-13.2822,-13.7818,-14.2602,-14.7125,-15.1348,-15.5229,-15.8716,-16.1211,-16.2712,-16.3723,-16.4237,-16.4257,-16.3671,-16.2649,-16.1234,-15.9482,-15.7454,-15.5214,-15.2758,-15.0243,-14.7737,-14.5304,-14.3000,-14.0833,-13.8892,-13.7206,-13.5793,-13.4640,-13.3773,-13.3184,-13.2855,-13.2759,-13.2885,-13.3205,-13.3696,-13.4331,-13.5092,-13.5958,-13.6910,-13.7929,-13.8988,-14.0196,-14.1059
45131.5416667,-26.1558,-25.4570,-21.2334,-17.7265,-5.6422,-22.9581,-23.0429,-29.4526,-18.8396,-22.0983,-22.5920,-26.1251,-26.2536,-24.1975,-23.7312,-27.1660,-20.1212,-25.0339,-26.5541,-28.6638,-18.3626,-29.1629,-27.6319,-26.4390,-21.0850,-4.3615,-17.2830,-22.5670,-10.1971,-19.6232,-8.7610,-11.5813,-5.1903,-5.1010,-3.4915,-7.5113,-4.2093,-6.7467,-19.1801,-4.8276,-7.7931,-15.2977,-23.4897,-22.4255,2.8770,-12.2632,-21.0008,-19.9537,-24.2010,-24.9114,-17.7531,-15.7443,-14.6750,-16.5209,-22.9688,-20.2849,-19.9485,-8.9102,-0.8530,-10.0203,-9.2806,-15.8719,-22.4380,-21.4408,-19.3077,-18.1675,-10.3167,-9.7744,-20.3958,-13.8956,-6.9399,-10.7871,-11.3649,-12.5044,-11.2539,2.5667,-2.8484,3.4657,-8.4626,-6.5761,14.9980,8.2036,-3.6827,-7.0727,-17.6942,-15.9335,-7.2836,-18.0050,-8.8527,-13.6493,-10.9188,-8.2627,-8.5198,-13.0874,-21.1494,-24.8101,-24.2929,-18.8833,-24.7828,-23.3769,-24.0046,-20.5995,-24.9199,-22.7110,-19.6071,-19.5908,-23.6638,-22.7510,-28.8123,-20.2761,-26.2044,-25.4344,-19.3625,-21.9731,-18.2708,-17.5024,-24.6664,-17.5023,-17.4351,-16.2197,-20.5129,-16.4779,-18.9273,-16.4925,-16.4229,-11.8329,-14.6701,-10.4467,-16.9358,-18.0617,-17.8211,-18.6095,-20.5674,-19.3692,-12.4562,-15.7915,-16.1037,-10.8086,-15.9764,-16.0031,-17.3434,-13.3655,-14.7885,-15.3928,-11.5958,-17.3726,-15.3484,-5.6109,-16.1348,-16.9596,-15.0151,-16.5215,-13.7048,-12.4567,-12.1903,-3.0126,0.2025,-3.9729,-7.2551,-10.3034,4.4377,-3.1882,-6.1286,-7.2353,-3.9095,-7.0708,-5.7606,-10.8480,-11.3298,-12.7538,-15.0844,-14.5755,-15.2755,-9.2597,-10.2593,-7.3105,-15.1792,-10.5707,-13.4781,-2.2627,-3.9427,-7.5057,-7.8381,-4.2440,-6.9699,-6.8136,-11.4171,-11.7271,-12.0582,-12.4059,-12.7668,-13.1419,-13.5185,-13.8992,-14.2823,-14.6671,-15.0521,-15.4368,-15.8200,-16.2000,-16.5356,-16.8272,-17.1109,-17.3857,-17.6499,-17.8924,-18.1213,-18.3349,-18.5312,-18.7083,-18.8640,-18.9913,-19.0948,-19.1734,-19.2264,-19.2536,-19.2520,-19.2261,-19.1771,-19.1068,-19.0157,-18.9084,-18.7877,-18.6569,-18.5184,-18.3765,-18.2343,-18.0950,-17.9612,-17.8359,-17.7211,-17.6185,-17.5297,-17.4553,-17.4134,-17.3744
45131.5833333,-31.4402,-28.1701,-24.0204,-18.7860,-7.0952,-22.1438,-24.5771,-30.1203,-21.9556,-23.1348,-24.4398,-28.6252,-28.1106,-27.7336,-28.3928,-31.8635,-26.5450,-30.9523,-30.5860,-33.1635,-24.7217,-35.9174,-29.8651,-35.3674,-27.1780,-12.9948,-27.8981,-31.8901,-19.0143,-28.7527,-20.3262,-22.0754,-13.9618,-7.5624,-4.4216,-8.1835,-5.2143,-8.1039,-21.8477,-6.3791,-8.9845,-15.4268,-27.1049,-27.1328,0.2018,-16.6865,-23.6189,-21.2601,-26.4187,-27.2371,-20.2611,-19.7620,-19.0517,-20.0133,-24.8720,-29.3599,-28.9689,-19.1123,-6.8014,-15.0694,-14.1577,-19.2888,-28.4502,-27.9258,-24.5210,-19.2685,-13.5266,-14.1854,-27.3975,-19.9305,-11.8578,-12.8191,-12.9661,-19.7558,-17.5116,-4.9574,-10.0350,-6.9991,-16.9283,-14.4474,12.0457,5.4456,-5.3578,-8.0174,-21.6408,-15.7054,-7.5173,-16.2590,-8.2084,-12.3256,-10.3253,-7.7723,-8.1437,-13.4791,-19.1098,-23.1728,-23.3167,-15.5224,-23.0078,-22.0305,-23.1041,-21.9003,-24.5385,-22.8828,-20.9584,-21.6361,-25.3167,-25.6342,-31.5056,-27.2738,-31.1637,-30.3037,-23.5343,-24.5610,-22.4121,-19.9815,-29.6274,-22.3627,-25.2878,-19.8952,-22.1987,-20.4876,-21.9337,-21.1666,-25.2483,-18.0926,-19.6410,-14.2885,-19.5033,-17.9997,-21.1006,-19.7224,-23.4102,-23.6455,-14.5742,-18.6589,-22.1736,-14.8598,-17.8538,-18.3909,-19.1658,-15.2259,-15.5613,-16.8582,-14.5939,-18.0096,-17.1072,-8.4703,-21.4424,-21.5624,-18.3959,-21.4683,-19.8000,-20.9829,-18.0892,-8.2863,-5.7465,-7.8025,-10.2284,-14.3075,0.8874,-6.3016,-7.7220,-8.0464,-3.4081,-6.9837,-6.7010,-11.9238,-14.5268,-16.1744,-16.2798,-17.1955,-18.5203,-13.9170,-14.9845,-10.7371,-16.5767,-13.6391,-15.7715,-5.3412,-6.8978,-9.9086,-10.2437,-6.7959,-8.7021,-9.3664,-13.0547,-13.2289,-13.4023,-13.5751,-13.7485,-13.9284,-14.1057,-14.2866,-14.4724,-14.6645,-14.8637,-15.0708,-15.2862,-15.5094,-15.7113,-15.8925,-16.0790,-16.2702,-16.4651,-16.6561,-16.8494,-17.0440,-17.2392,-17.4340,-17.6274,-17.8147,-17.9994,-18.1807,-18.3576,-18.5293,-18.6925,-18.8489,-18.9974,-19.1370,-19.2653,-19.3828,-19.4884,-19.5810,-19.6595,-19.7237,-19.7730,-19.8073,-19.8262,-19.8304,-19.8202,-19.7965,-19.7603,-19.7139,-19.6783,-19.6306
45131.6250000,-31.7479,-27.0669,-22.0148,-19.8995,-2.8472,-15.2703,-17.9648,-27.5032,-17.1289,-15.5730,-17.2270,-22.3013,-22.0388,-23.3932,-25.9439,-27.7561,-25.5820,-30.7291,-29.2576,-32.1924,-26.1122,-37.5938,-31.0211,-34.8885,-31.7153,-16.1561,-32.0384,-33.6696,-23.4405,-30.9257,-27.1248,-29.2133,-22.6073,-14.5521,-10.0280,-8.9876,-3.1921,-3.9903,-19.0747,-2.3059,-4.8021,-10.5212,-21.8680,-20.4485,2.2436,-18.4850,-24.3078,-20.7611,-26.2296,-23.2536,-18.7491,-20.1695,-20.0103,-20.1716,-23.3986,-33.6359,-32.9783,-24.6646,-8.9880,-16.3755,-15.5516,-19.2000,-31.2930,-31.9721,-28.1648,-22.9802,-15.9098,-13.1761,-30.2118,-22.8555,-13.6117,-15.9450,-14.9117,-18.5795,-11.4495,-4.5397,-8.1233,-9.2017,-18.1555,-9.6576,14.4971,7.6294,-2.9050,-4.6823,-16.2662,-13.3165,-7.4630,-15.8765,-9.3617,-12.9141,-10.9659,-7.5290,-7.0054,-12.1044,-18.1180,-19.1382,-16.3694,-5.4887,-13.0790,-12.2505,-14.0095,-15.2491,-19.4153,-18.8494,-16.3405,-17.4242,-20.4622,-22.2070,-28.4071,-28.5638,-30.8281,-30.4361,-23.0051,-22.5375,-21.6164,-18.9328,-26.3309,-22.3884,-28.7341,-24.9321,-22.0655,-21.6363,-21.7946,-21.4728,-25.0971,-22.0056,-23.8335,-18.0672,-22.0596,-19.3375,-20.7973,-22.1197,-25.8469,-26.2873,-15.8510,-20.1819,-23.2273,-17.7048,-18.7042,-19.5932,-18.8132,-17.4023,-16.2227,-14.5368,-12.4551,-15.5036,-15.5616,-5.6258,-19.6811,-19.0108,-17.1907,-19.3375,-19.7962,-23.6894,-16.2809,-9.5321,-7.8144,-8.5874,-10.8623,-16.1540,-1.6442,-11.3379,-8.8290,-8.3888,-2.6029,-6.3102,-6.7315,-14.3672,-15.2014,-16.1080,-14.4550,-16.4287,-18.5943,-15.4410,-16.5775,-11.2622,-15.3634,-13.2216,-14.5903,-4.8699,-6.4182,-9.0255,-9.4675,-6.3132,-7.5583,-8.9527,-11.9417,-12.1084,-12.2712,-12.4324,-12.5933,-12.7591,-12.9196,-13.0796,-13.2387,-13.3972,-13.5544,-13.7104,-13.8650,-14.0178,-14.1480,-14.2565,-14.3628,-14.4675,-14.5710,-14.6691,-14.7677,-14.8674,-14.9689,-15.0728,-15.1793,-15.2861,-15.3964,-15.5104,-15.6281,-15.7493,-15.8721,-15.9980,-16.1267,-16.2576,-16.3892,-16.5220,-16.6552,-16.7880,-16.9195,-17.0492,-17.1764,-17.3003,-17.4201,-17.5351,-17.6445,-17.7477,-17.8437,-17.9311,-18.0226,-18.0691
45131.6666667,-30.5686,-28.9564,-24.3929,-22.5304,-1.2146,-15.0882,-13.0960,-23.6956,-15.1271,-11.6302,-11.0373,-13.0401,-10.3780,-12.5290,-15.2839,-16.2672,-12.0792,-17.5957,-16.3056,-22.7102,-16.3823,-28.1056,-23.4596,-26.7624,-28.2722,-14.1820,-30.6330,-31.6451,-26.5730,-30.7482,-30.5166,-32.5241,-26.9695,-18.7141,-14.4116,-11.4933,-6.5462,-5.6365,-15.6930,0.9773,5.0639,-2.8967,-10.4818,-6.8314,13.0170,-10.7785,-15.8407,-12.7470,-19.2856,-16.8354,-12.0603,-15.0576,-15.6657,-14.7433,-17.0817,-32.6966,-32.5229,-25.3213,-7.4653,-13.1591,-11.7249,-17.5098,-28.8040,-30.3821,-27.2380,-24.0274,-19.6692,-13.7795,-30.3622,-22.7865,-14.9445,-17.8056,-16.0486,-17.1133,-9.4473,-5.6774,-4.8081,-7.8570,-14.6573,-2.2029,20.5634,13.9967,0.2550,-0.7081,-5.5082,-5.9644,3.1667,-3.9426,2.2338,-1.0765,-0.6994,3.6639,2.9382,-3.8943,-11.7201,-14.6524,-13.0392,-3.3103,-9.5021,-5.0868,-8.2703,-5.9151,-10.4302,-12.3741,-7.6855,-8.3166,-13.4258,-12.5077,-18.5014,-22.0570,-23.6996,-23.8981,-19.9688,-18.6326,-15.9486,-14.8794,-21.2151,-16.6751,-24.4123,-22.0685,-17.3607,-18.2234,-19.8647,-21.7437,-23.1466,-19.4536,-21.0601,-15.5962,-19.0489,-16.3914,-19.3972,-20.6661,-25.1997,-26.5759,-16.1151,-20.4730,-22.5274,-18.8350,-19.3655,-20.3971,-18.0592,-18.2968,-16.2412,-12.7845,-10.3527,-13.1480,-14.5335,-4.3212,-18.6621,-17.2878,-16.5202,-16.6726,-16.9660,-21.5205,-13.7095,-10.0211,-5.7209,-4.8585,-6.1969,-13.3218,1.4848,-9.7727,-4.7770,-3.6599,2.7995,-3.2058,-2.2222,-11.8185,-12.4719,-14.9917,-10.4290,-13.8930,-15.0473,-12.9632,-14.2503,-8.3414,-11.2856,-12.0994,-12.6738,-1.4354,-2.5120,-4.5954,-4.8812,-1.7988,-2.7693,-4.4113,-7.0533,-7.2863,-7.5309,-7.7847,-8.0452,-8.3145,-8.5788,-8.8399,-9.0945,-9.3401,-9.5745,-9.7965,-10.0054,-10.2012,-10.3697,-10.5124,-10.6442,-10.7668,-10.8815,-10.9862,-11.0856,-11.1807,-11.2724,-11.3611,-11.4474,-11.5296,-11.6104,-11.6900,-11.7689,-11.8471,-11.9241,-12.0013,-12.0792,-12.1579,-12.2372,-12.3179,-12.4004,-12.4847,-12.5706,-12.6585,-12.7484,-12.8402,-12.9336,-13.0286,-13.1249,-13.2220,-13.3193,-13.4147,-13.5192,-13.5759
45131.7083333,-23.8542,-25.7052,-22.0311,-20.9606,-3.3248,-13.8198,-12.5437,-20.4750,-11.1412,-9.5799,-10.0455,-12.1010,-9.3983,-11.4572,-13.8474,-13.2856,-7.3313,-8.9935,-5.2609,-9.0642,-4.2146,-12.5023,-7.7910,-11.9220,-13.8429,-0.6010,-17.6049,-18.9808,-19.7740,-23.6871,-27.8704,-31.7744,-29.1680,-21.7046,-17.7243,-15.0334,-8.6082,-8.1580,-18.4697,-4.7617,-0.3963,-5.6874,-10.7184,-6.0685,18.5386,-1.7072,-6.3087,-0.7516,-7.7144,-4.9020,-2.0157,-2.3865,-3.2344,-4.9474,-5.0168,-23.1390,-24.2621,-18.9464,-1.0207,-8.0493,-6.7425,-11.3480,-21.0618,-23.6970,-18.9127,-20.0064,-17.8474,-13.4743,-28.4922,-22.6399,-16.8500,-17.1480,-17.5526,-17.9902,-10.2918,-6.2801,-6.2323,-8.3350,-12.1696,2.3314,24.0249,17.9033,2.0686,0.9339,-0.1317,-2.8994,8.2777,2.4013,8.9987,3.3032,4.4042,12.7508,13.3109,6.3134,-1.5464,-4.6970,-3.8437,4.1678,-1.3393,1.7888,-0.7664,3.3895,-2.8395,-2.4120,1.3699,1.3783,-5.7299,-3.5787,-9.4096,-13.6147,-14.2136,-15.0061,-12.8845,-11.0679,-9.9027,-7.8042,-13.5238,-11.3589,-17.5970,-16.2438,-10.7798,-12.1562,-14.5493,-16.5807,-20.3588,-16.8283,-17.8090,-12.2053,-14.6013,-11.6718,-15.3158,-15.7535,-21.1682,-23.5309,-14.1744,-18.2504,-19.8469,-17.9168,-17.6302,-19.6922,-19.3660,-19.7804,-17.8807,-13.9320,-13.4522,-13.0196,-13.9259,-5.1575,-17.0246,-15.2508,-14.9200,-14.2052,-14.5522,-18.2424,-8.5605,-5.8361,-3.0722,-3.3119,-4.0928,-8.4900,5.1807,-4.9063,-0.3161,1.2557,7.3609,-1.3730,1.4353,-8.3614,-9.5264,-11.7540,-7.6346,-10.1032,-12.4122,-9.7405,-10.4847,-4.4149,-6.5777,-7.5557,-9.4667,1.6732,0.8515,-1.0156,-1.1798,1.9598,1.0271,-0.1776,-2.5385,-2.5948,-2.6578,-2.7271,-2.8029,-2.8918,-2.9836,-3.0851,-3.1973,-3.3213,-3.4575,-3.6058,-3.7658,-3.9364,-4.1055,-4.2719,-4.4434,-4.6183,-4.7946,-4.9682,-5.1400,-5.3086,-5.4728,-5.6315,-5.7840,-5.9282,-6.0656,-6.1961,-6.3199,-6.4371,-6.5474,-6.6524,-6.7524,-6.8481,-6.9397,-7.0281,-7.1138,-7.1973,-7.2788,-7.3590,-7.4380,-7.5162,-7.5938,-7.6711,-7.7483,-7.8254,-7.9021,-7.9769,-8.0620,-8.1004
45131.7500000,-17.7679,-21.3111,-18.1406,-17.5224,-2.9396,-11.0177,-10.8858,-16.9448,-9.3421,-7.3676,-7.9564,-9.6873,-6.9465,-8.9009,-11.3043,-11.0856,-6.4007,-7.6463,-4.2352,-6.8620,-2.5612,-8.5748,-3.8803,-6.6974,-7.3155,6.7213,-7.1778,-7.2598,-8.6995,-11.1643,-17.3989,-22.3164,-22.7842,-17.4258,-15.6281,-14.2875,-9.3727,-7.7515,-16.3685,-5.4227,-1.9262,-6.4750,-10.6576,-6.7845,18.7444,0.3459,-2.9110,3.3713,-2.0874,0.6821,3.4448,4.4180,5.7481,3.6599,3.3494,-12.0520,-12.8912,-8.5435,6.5890,0.0412,0.7798,-3.4875,-12.1914,-15.3115,-10.7888,-12.4732,-10.4885,-8.2815,-23.4601,-20.3148,-16.7691,-17.3380,-17.5686,-17.3314,-9.8044,-8.0065,-7.7556,-9.0817,-11.7667,3.0555,22.2898,17.3440,3.2620,2.4296,2.5267,0.4025,11.7805,7.0751,13.3607,7.7310,9.8466,19.3864,19.2136,12.8898,5.1976,2.9603,3.6755,10.1325,5.7244,7.8203,5.9392,11.2749,3.7118,4.6349,7.9479,9.0485,2.5813,5.3055,-0.1519,-3.8581,-4.3252,-5.6935,-4.6217,-3.1181,-2.8988,-0.9244,-5.9834,-5.3993,-10.5872,-9.9729,-5.0583,-6.3551,-8.6181,-10.6940,-14.1733,-10.9195,-11.0648,-5.2508,-7.5717,-4.5105,-8.1085,-8.8129,-13.7307,-16.7749,-9.6313,-13.5605,-14.9541,-14.0714,-12.7665,-15.4415,-15.0338,-16.5872,-14.5243,-11.4333,-12.9833,-11.1132,-12.9906,-7.8247,-16.9095,-15.1825,-15.5895,-14.3153,-14.6541,-17.6122,-7.3328,-6.1966,-3.9877,-3.6407,-3.5797,-6.0126,7.0060,-2.2839,2.0625,4.3223,9.9160,2.0323,6.1267,-2.7369,-4.0332,-5.7345,-2.4105,-4.6163,-7.4583,-5.6195,-5.9990,-0.0270,-1.8010,-2.6340,-4.6962,4.8227,5.1149,3.2790,3.2079,6.3976,5.1882,4.8294,2.2104,2.5227,2.8276,3.0994,3.3364,3.5216,3.6631,3.7266,3.7186,3.6147,3.4279,3.1431,2.7740,2.3617,2.0803,1.8902,1.7494,1.6357,1.5352,1.4414,1.3474,1.2505,1.1492,1.0427,0.9309,0.8150,0.6941,0.5688,0.4397,0.3076,0.1738,0.0386,-0.0973,-0.2329,-0.3671,-0.4998,-0.6300,-0.7575,-0.8815,-1.0019,-1.1186,-1.2313,-1.3401,-1.4450,-1.5462,-1.6437,-1.7374,-1.8257,-1.9218,-1.9661
45131.7916667,-8.8775,-13.5475,-11.3802,-11.4202,0.1952,-6.4167,-7.3739,-12.1456,-6.6484,-4.7012,-5.5173,-7.1879,-4.7014,-6.3151,-8.7073,-8.5270,-4.7491,-5.7728,-2.6682,-4.8349,-1.6223,-6.4565,-2.7032,-5.2290,-5.6906,6.7256,-5.0884,-4.5481,-5.2959,-5.9323,-10.6164,-14.3334,-14.6238,-9.5008,-8.4121,-7.5938,-4.4570,-3.0633,-10.4535,-2.5379,-0.2895,-4.4780,-8.1419,-5.2205,18.4696,1.0031,-1.8083,3.7415,-0.6290,1.6294,4.3099,5.8525,8.5521,6.8764,5.4374,-5.7802,-5.8565,-1.7433,11.7624,6.0013,6.7822,3.2534,-3.9261,-6.7802,-2.7349,-4.5834,-2.7171,-1.7899,-16.4961,-15.4349,-13.8611,-15.2498,-15.6632,-15.3787,-8.4189,-8.7919,-8.6438,-9.7560,-11.8942,0.9230,18.4815,14.1684,1.6824,0.9866,1.2829,-0.1792,10.2308,6.1301,12.4138,6.8377,10.0351,19.4053,19.8327,14.6471,6.9740,6.3516,7.3918,12.4777,9.2956,10.7218,9.6536,16.0664,8.7452,9.7570,13.1211,14.2451,8.3996,11.5334,6.5483,4.7812,4.0377,2.5244,3.2063,4.0550,4.1090,5.2963,1.3991,1.5437,-2.8191,-2.6596,0.8496,-0.5564,-2.3366,-4.5839,-8.0065,-5.7545,-5.7073,-0.0125,-2.1174,0.4173,-2.2030,-2.9419,-6.8298,-9.5395,-3.9784,-6.8094,-7.7461,-7.5975,-6.0415,-9.2224,-9.1511,-11.4786,-9.6245,-7.3502,-9.8869,-7.1422,-9.2966,-6.9621,-13.8788,-12.2325,-13.3900,-12.6251,-13.9681,-17.2785,-7.6573,-7.5488,-6.1219,-5.3426,-4.7615,-6.4586,4.6393,-3.0345,0.9512,3.1203,7.9310,1.5006,5.8995,-1.0745,-1.6722,-2.1893,0.5158,-0.6260,-2.8076,-1.2301,-1.3910,4.2011,2.5177,2.0797,0.3735,8.4595,9.2564,7.3107,7.3540,10.6413,8.8656,9.3343,6.0983,6.2264,6.3712,6.5209,6.6825,6.8507,7.0420,7.2370,7.4501,7.6609,7.8792,8.0871,8.2958,8.4923,8.6766,8.8454,8.9815,9.0893,9.1626,9.1993,9.1852,9.1216,9.0075,8.8457,8.6328,8.3762,8.0831,7.7584,7.4099,7.0944,6.8245,6.5953,6.4000,6.2314,6.0832,5.9494,5.8251,5.7070,5.5924,5.4795,5.3670,5.2543,5.1412,5.0277,4.9138,4.8001,4.6873,4.5778,4.4613,4.3992
45131.8333333,0.4867,-3.9862,-2.4595,-2.7827,6.8279,0.9928,-0.4705,-4.8724,-1.0173,0.5256,-0.5085,-2.3190,-0.5506,-2.0704,-4.6647,-4.8880,-2.1549,-3.2748,-0.7112,-2.5945,-0.1431,-3.9734,-1.0313,-3.2202,-3.6064,7.1211,-3.0645,-2.6163,-3.5758,-3.8494,-7.9550,-10.8000,-10.6370,-5.3174,-3.8919,-2.5986,0.3680,1.8441,-3.9748,2.4012,4.2647,0.5742,-2.5597,-0.4434,20.1774,3.6691,0.7131,5.0786,1.0695,2.6517,4.9782,6.4280,8.9137,7.6052,5.0946,-2.8081,-2.4527,1.3597,13.7292,8.6812,9.6034,6.7624,1.0939,-1.1068,2.4415,1.1223,3.2953,4.1759,-8.9234,-9.0736,-8.7459,-10.6052,-11.2315,-11.4049,-5.2748,-7.2028,-7.3003,-8.4819,-10.2231,0.6765,16.3470,12.5222,1.4653,0.8371,1.0397,-0.1622,8.8198,5.0337,10.8094,5.3410,8.8933,17.6740,18.3234,13.9027,6.0540,6.3852,7.5798,11.4913,9.3369,10.2449,9.8191,16.7322,11.0585,12.1434,15.9897,17.3518,12.0234,15.1040,10.2295,10.6856,9.5766,8.4776,9.3891,9.5695,10.0561,10.0497,7.5713,8.1870,4.5582,4.5189,6.0965,5.5874,3.7876,1.8452,-1.4063,0.0604,-0.1277,4.5851,2.5193,3.8093,2.1429,1.5203,-1.4012,-3.6471,0.4934,-1.7796,-2.2782,-2.0300,-0.3255,-2.8330,-2.7138,-4.9477,-3.3052,-1.8232,-4.4818,-1.8828,-4.0021,-3.3685,-8.7045,-7.3316,-9.0295,-8.8749,-11.0610,-14.7965,-6.0674,-6.8196,-6.2221,-5.1456,-4.3948,-5.8785,2.8544,-3.3795,-0.0391,1.8954,5.9015,0.6858,4.6230,-0.9072,-1.1926,-1.2516,0.8454,0.7623,-0.5325,1.1448,1.3549,6.1108,4.5383,4.5364,3.3506,10.6905,11.3859,9.3598,9.6228,13.1211,10.8166,12.3773,9.1810,9.3474,9.5083,9.6557,9.7954,9.9243,10.0571,10.1825,10.3100,10.4323,10.5599,10.6833,10.8145,10.9481,11.0879,11.2360,11.3835,11.5375,11.6941,11.8558,12.0149,12.1726,12.3269,12.4780,12.6188,12.7496,12.8685,12.9697,13.0532,13.1149,13.1520,13.1638,13.1479,13.1034,13.0304,12.9292,12.8016,12.6500,12.4779,12.2895,12.0895,11.8837,11.6772,11.4747,11.2797,11.0948,10.9218,10.7629,10.6106,10.5207
45131.8750000,7.9859,4.6635,5.8395,5.5276,14.1855,8.4604,7.4339,3.1501,6.3250,7.2456,6.3504,4.7112,5.6138,4.5274,1.9953,1.3515,3.1596,1.7240,3.3854,1.4796,3.2957,-0.0618,1.9229,0.0271,-0.4297,8.9226,-0.0114,0.2199,-0.7950,-1.0416,-4.8968,-7.4231,-7.4755,-2.5767,-1.1569,0.2313,3.2005,4.9844,0.2725,6.1778,8.1886,5.1408,2.5892,4.4310,23.2108,8.3554,5.3672,8.6348,4.8399,5.6585,7.7311,8.9964,11.0424,9.8063,6.2320,0.6848,0.8464,4.0486,15.2219,10.5713,11.4509,9.0186,4.5145,2.7991,5.6525,4.8571,7.3429,8.5243,-2.3379,-2.7472,-2.8439,-4.7146,-5.3747,-5.7768,-0.7822,-3.1849,-3.4214,-4.6819,-6.1040,3.1816,17.0972,13.7642,3.9396,3.2706,3.4743,2.4037,10.1888,6.6327,11.8680,6.4475,10.0673,18.0590,18.6390,14.6802,6.5828,7.3489,8.4292,11.2361,9.7382,10.0971,9.9356,16.8541,12.5589,13.5840,17.8160,19.3659,14.3442,17.4812,12.3606,14.8745,12.6967,11.7815,13.0730,12.5592,13.7155,12.4890,11.3878,13.0829,10.1856,10.2923,9.9164,11.1902,9.2356,8.3109,5.7473,6.9212,6.4908,10.4231,8.0263,7.5578,6.7297,6.1289,3.9086,2.0557,5.2754,3.1962,2.6644,2.8488,4.0023,2.0733,2.1121,0.3979,1.7213,2.8232,0.8062,2.6665,1.2078,1.5068,-2.6129,-1.5019,-3.1623,-3.3610,-5.9213,-9.8951,-2.4462,-3.6389,-3.6481,-2.5100,-1.8112,-3.1221,3.6374,-1.4473,1.2033,2.8383,6.0533,1.7377,5.0582,0.4584,0.0765,-0.0557,1.2634,1.6034,0.8145,2.4673,2.8603,6.7193,5.1906,5.5399,4.6916,11.5578,12.0018,9.8457,10.2663,13.9466,11.1569,13.6942,10.5811,10.8543,11.1194,11.3704,11.6110,11.8384,12.0633,12.2770,12.4861,12.6848,12.8799,13.0643,13.2458,13.4205,13.5907,13.7579,13.9162,14.0712,14.2209,14.3686,14.5099,14.6475,14.7819,14.9152,15.0447,15.1727,15.3002,15.4252,15.5496,15.6722,15.7923,15.9104,16.0253,16.1362,16.2423,16.3423,16.4353,16.5198,16.5947,16.6586,16.7101,16.7482,16.7720,16.7804,16.7730,16.7495,16.7106,16.6581,16.5885,16.5462
45131.9166667,13.2158,11.4921,12.2971,11.9750,20.1677,13.8113,13.5374,9.1615,12.1893,12.1978,11.6283,10.3674,10.3061,10.4186,8.4717,7.7590,9.2085,7.6637,8.2776,6.5331,8.2056,4.8870,5.8822,4.4862,3.8496,11.9505,3.6828,3.5049,2.5609,2.0713,-1.4079,-3.7543,-4.1431,0.0208,1.1500,2.2642,4.9192,6.6205,2.4725,8.0006,9.9731,7.2742,5.0978,6.8131,24.5475,11.7014,8.9017,11.4774,8.1871,8.3187,10.5695,11.9565,13.7420,12.5599,7.8246,4.7944,4.7088,7.2275,17.1229,12.4840,13.0553,10.7400,7.1225,5.7689,7.8016,7.3766,9.9772,11.2917,2.4345,2.2209,2.1275,0.4812,-0.1168,-0.4679,3.1895,1.2640,0.9219,-0.3654,-1.6198,6.2205,18.4243,15.3972,6.4237,5.5330,5.9006,4.8868,11.9231,8.5085,13.3840,7.8614,11.6656,18.9566,19.4551,15.9516,7.5689,8.8015,9.7903,11.6250,10.5958,10.4715,10.4308,17.2297,13.7140,14.5588,18.9664,20.5051,15.5387,18.7393,13.2614,17.6361,14.1812,13.2851,14.8937,13.6538,15.3476,13.0020,12.8967,15.6200,13.1863,13.4090,11.1653,14.3556,12.1506,12.5985,11.1430,12.5862,12.0539,15.5464,12.6702,10.3212,10.5356,10.2141,8.8039,7.4982,10.3072,8.2056,7.4880,7.6772,7.8476,6.3031,6.0332,4.8123,5.4832,6.2163,4.8913,5.4362,4.6767,5.3954,1.9952,2.7625,1.4984,1.3196,-0.8100,-4.3364,1.5100,0.4522,0.1837,1.0482,1.5407,0.4051,5.8225,1.4582,3.4023,4.7302,7.1742,3.4004,6.3013,2.2767,1.9328,1.6559,2.1807,2.7075,2.2033,3.6542,3.9506,6.8848,5.2355,5.7131,4.9613,11.3254,11.3837,9.0091,9.4177,13.0879,9.8786,13.0206,9.9191,10.2407,10.5638,10.8828,11.1991,11.5093,11.8197,12.1229,12.4224,12.7131,12.9992,13.2747,13.5450,13.8066,14.0612,14.3095,14.5472,14.7779,15.0002,15.2162,15.4227,15.6212,15.8122,15.9968,16.1731,16.3428,16.5065,16.6630,16.8139,16.9588,17.0978,17.2317,17.3606,17.4848,17.6047,17.7205,17.8326,17.9412,18.0467,18.1491,18.2484,18.3449,18.4382,18.5284,18.6150,18.6977,18.7759,18.8490,18.9074,18.9618
45131.9583333,16.3730,16.4599,16.9900,16.7324,24.9637,17.5945,18.2669,13.5850,16.7402,15.6547,15.4053,14.4601,13.2416,14.7234,13.4988,12.8029,14.2936,12.8312,12.2978,10.8937,13.0998,9.5228,9.5988,9.1083,8.4322,15.9722,7.9503,7.2576,6.7289,5.6923,2.7245,0.4182,-0.3289,2.9936,3.7734,4.4435,6.7307,8.1526,4.1438,9.3411,11.0918,8.4898,6.4455,7.9622,24.7200,13.4643,10.6360,12.6968,9.7833,9.2938,11.9376,13.6625,15.4396,14.4329,8.5396,8.2124,8.0459,10.0909,19.1072,14.4592,14.7913,12.5304,9.6252,8.5575,9.7428,9.5774,12.1916,13.4114,5.6558,5.6744,5.8355,4.5434,4.0010,3.6369,5.9282,5.1663,4.7780,3.6054,2.4632,9.1884,19.9425,17.1801,8.7797,7.5544,8.1671,7.1114,13.7266,10.3161,14.9374,9.1408,13.1986,19.8872,20.2832,17.1479,8.3425,10.0139,10.9509,11.9910,11.3383,10.8273,10.8903,17.6492,14.4385,15.1540,19.7439,21.2567,16.2537,19.5074,13.5749,19.5078,14.7047,13.7021,15.5766,13.7193,15.8273,12.6188,13.1869,16.7825,14.6487,14.9232,11.0539,15.7515,13.1791,14.8432,14.5026,16.3769,15.7280,19.0118,15.5314,11.3909,12.5787,12.6360,12.0861,11.5006,14.4940,12.4431,11.6799,12.2395,11.2841,10.1406,9.5205,8.8971,8.7888,9.2283,8.6298,7.5653,7.3548,8.8645,5.7530,6.0434,5.1228,4.7458,3.1785,0.3353,4.3928,3.9115,3.7792,4.1694,4.4939,3.6234,8.4441,4.5453,5.9074,7.0711,8.8567,5.3558,8.1152,4.3769,4.2375,3.7481,3.3517,4.0078,3.7545,5.0617,5.1925,7.2960,5.4812,5.9888,5.2297,11.1383,10.8304,8.2816,8.6101,12.1371,8.6677,12.0517,8.9376,9.1998,9.4682,9.7391,10.0136,10.2895,10.5715,10.8543,11.1406,11.4267,11.7155,12.0025,12.2914,12.5793,12.8668,13.1541,13.4374,13.7187,13.9963,14.2710,14.5397,14.8030,15.0605,15.3126,15.5572,15.7951,16.0263,16.2497,16.4660,16.6747,16.8756,17.0692,17.2553,17.4340,17.6057,17.7703,17.9281,18.0795,18.2246,18.3637,18.4970,18.6248,18.7476,18.8654,18.9785,19.0872,19.1913,19.2904,19.3759,19.4482
45132.0000000,17.8339,19.6834,20.0214,19.8818,28.4816,19.9469,21.6661,16.6346,20.1288,17.9352,18.0215,17.3848,15.0334,17.7720,17.3149,16.6372,18.3223,16.9375,15.1453,14.0576,17.1678,13.0824,12.2882,12.9164,12.3008,19.9189,11.8201,10.6210,10.9998,9.3396,7.2870,5.0795,4.1392,6.6137,7.0781,7.2133,9.1895,10.2760,6.1265,10.9526,12.4454,9.8242,7.7878,9.0836,24.8439,14.7421,11.6559,13.0861,10.3338,9.3023,12.2708,14.2671,16.0346,15.1757,8.2823,10.3748,10.1735,11.8880,20.3577,15.7323,15.9532,13.7955,11.5859,10.8961,11.3740,11.5479,14.3402,15.3779,8.0104,8.1239,8.5907,7.6572,7.0991,6.5509,7.5625,8.2541,7.8292,6.8751,5.8084,11.6966,21.2511,18.7422,10.7145,9.0801,10.0148,8.8948,15.4037,11.9475,16.4661,10.3076,14.7249,20.9402,21.2485,18.4307,9.1115,11.1927,12.0998,12.4796,12.1168,11.2754,11.4083,18.1790,14.5876,15.2348,20.0329,21.5646,16.5386,19.8089,13.5258,20.8455,14.8200,13.6977,15.7774,13.4382,15.8340,12.0150,13.0057,17.2674,15.3292,15.6148,10.5013,16.2487,13.3230,15.9493,16.5885,18.8611,17.9911,21.1257,16.9572,11.3151,13.2110,13.5730,13.7454,13.8494,17.3131,15.3122,14.5849,15.7859,13.7037,13.0483,12.1776,12.3211,11.4823,11.8038,12.0648,9.3631,9.6836,12.2771,9.1969,8.9814,8.3925,7.6706,6.5871,4.3664,6.5638,6.8000,6.9852,6.7311,6.8056,6.1681,10.9168,7.2521,8.1468,9.2740,10.5114,7.0960,9.9893,6.3481,6.6525,5.9761,4.5836,5.3422,5.4141,6.7259,6.7085,8.0976,6.1006,6.6290,5.8297,11.3984,10.7756,8.1004,8.3445,11.6941,8.0872,11.5364,8.4353,8.6186,8.8093,9.0046,9.2056,9.4107,9.6235,9.8402,10.0628,10.2889,10.5205,10.7546,10.9938,11.2363,11.4825,11.7326,11.9839,12.2381,12.4938,12.7516,13.0094,13.2675,13.5255,13.7835,14.0399,14.2950,14.5486,14.7995,15.0480,15.2932,15.5346,15.7722,16.0054,16.2339,16.4574,16.6756,16.8882,17.0952,17.2963,17.4913,17.6802,17.8630,18.0396,18.2100,18.3743,18.5323,18.6839,18.8279,18.9556,19.0573
45132.0416667,18.4960,21.8558,21.9958,21.9462,31.0224,21.2894,23.9718,18.6499,22.5669,19.3295,19.7262,19.3677,16.0051,19.9680,20.2272,19.5321,21.4607,20.1176,17.0534,16.2154,20.3702,15.6202,14.0232,15.7714,15.2270,23.2952,14.8480,13.1210,14.6747,12.3195,11.5055,9.5091,8.6669,10.4139,10.7325,10.3640,12.2169,13.0405,8.5456,13.1995,14.4093,11.6624,9.5266,10.5995,25.4246,16.1745,12.6864,13.5628,10.7764,9.2708,12.4144,14.5313,16.1922,15.3877,7.7294,11.6878,11.3736,12.7794,20.8236,16.1816,16.3129,14.2407,12.6393,12.3374,12.2226,12.7801,15.9408,16.9665,9.8018,9.9835,10.7729,10.1692,9.5187,8.6211,8.4978,10.6527,10.1512,9.4474,8.4014,13.6590,22.1966,19.9082,12.0952,10.0703,11.3373,10.1311,16.7255,13.1799,17.7006,11.1300,15.9773,21.8469,22.1032,19.5873,9.7156,12.2071,13.1263,12.9618,12.8441,11.7364,11.9326,18.7406,14.7710,15.3050,20.2136,21.7025,16.5990,19.9073,13.2876,21.7333,14.6372,13.4223,15.6587,12.9764,15.5701,11.3619,12.6216,17.3779,15.5862,15.8773,9.9010,16.3262,13.1176,16.4645,17.9258,20.5381,19.3790,22.3780,17.5190,10.7542,13.0829,13.6395,14.3395,15.0000,18.9809,16.9631,16.2511,18.1412,14.9710,14.7717,13.7015,14.6415,13.1494,13.4722,14.6625,10.4469,11.3009,15.1771,11.9985,11.3305,11.1570,10.1704,9.6362,8.0636,8.4414,9.4507,10.0711,9.0555,8.9025,8.4271,13.4280,9.8101,10.2779,11.4256,12.1703,8.6704,11.8484,8.1170,8.9829,8.0985,5.6450,6.6841,7.0947,8.5200,8.3646,9.1294,6.9213,7.4891,6.6337,12.0105,11.1166,8.3312,8.5070,11.7058,8.0135,11.4751,8.3947,8.5124,8.6366,8.7656,8.9001,9.0390,9.1848,9.3351,9.4913,9.6516,9.8178,9.9878,10.1634,10.3435,10.5285,10.7187,10.9122,11.1103,11.3120,11.5180,11.7267,11.9384,12.1529,12.3703,12.5896,12.8110,13.0342,13.2587,13.4844,13.7109,13.9377,14.1648,14.3918,14.6183,14.8441,15.0687,15.2920,15.5136,15.7332,15.9506,16.1654,16.3774,16.5862,16.7917,16.9935,17.1913,17.3843,17.5706,17.7401,17.8730
45132.0833333,18.5430,23.2061,23.1913,23.2402,32.8741,21.9875,25.5443,19.8937,24.2408,20.0402,20.7009,20.5761,16.3453,21.2812,22.2356,21.5651,23.8240,22.5409,18.2981,17.6653,22.8884,17.4184,15.1198,17.8844,17.4024,26.1287,17.1534,14.8893,17.6771,14.5545,15.0784,13.3250,12.7607,13.8682,14.1922,13.3665,15.3194,16.0224,11.0363,15.7661,16.7876,13.8911,11.6121,12.5309,26.6255,18.0667,14.1016,14.4131,11.5238,9.6136,12.8730,15.0432,16.5512,15.7372,7.4984,12.8421,12.3213,13.4050,21.0465,16.3232,16.3269,14.2756,13.1314,13.1306,12.4761,13.3460,16.8801,17.9666,11.0098,11.3317,12.4985,12.2400,11.4781,10.1601,9.0765,12.6105,12.0035,11.5616,10.4978,15.2794,22.9556,20.8550,13.1431,10.7389,12.3117,11.0005,17.7759,14.1031,18.6787,11.6748,16.9590,22.5688,22.7857,20.5354,10.0967,12.9638,13.9183,13.3111,13.4007,12.0785,12.3386,19.2493,14.7820,15.2611,20.2960,21.7763,16.6238,19.9499,13.0794,22.4448,14.4139,13.1016,15.4284,12.5041,15.2083,10.7692,12.1753,17.2685,15.5863,15.8766,9.3368,16.1635,12.7590,16.6404,18.7995,21.7212,20.2622,23.1465,17.6540,10.1209,12.6696,13.3312,14.3882,15.4674,19.9219,17.8311,17.0933,19.6070,15.4353,15.5881,14.3286,15.9660,13.8962,14.2456,16.2967,10.7712,12.0647,17.2323,13.8816,12.8253,13.0956,11.9407,12.0418,11.2046,9.8920,11.7171,12.8988,11.0882,10.7405,10.4363,15.9759,12.2708,12.3744,13.6098,13.9206,10.2145,13.7945,9.8256,11.3148,10.1775,6.6173,7.9572,8.7375,10.3838,10.1098,10.3242,7.8721,8.5010,7.5733,12.9064,11.7707,8.8641,8.9869,12.0842,8.3072,11.7829,8.7011,8.7648,8.8344,8.9085,8.9878,9.0716,9.1616,9.2563,9.3565,9.4612,9.5715,9.6859,9.8058,9.9303,10.0598,10.1944,10.3329,10.4761,10.6234,10.7752,10.9306,11.0896,11.2523,11.4188,11.5884,11.7611,11.9372,12.1159,12.2975,12.4817,12.6682,12.8570,13.0478,13.2404,13.4347,13.6305,13.8275,14.0257,14.2247,14.4243,14.6244,14.8247,15.0250,15.2250,15.4246,15.6232,15.8202,16.0132,16.1920,16.3325
45132.1250000,18.1278,23.8415,23.6927,23.8245,34.0148,22.0710,26.4062,20.5251,25.3003,20.2507,21.1389,21.2169,16.2777,22.0093,23.5621,22.8831,25.4528,24.2037,18.8903,18.4366,24.6846,18.5029,15.6294,19.2946,18.8818,28.3731,18.7816,16.0404,20.0312,16.1537,18.0012,16.4759,16.2648,16.7752,17.1776,15.9132,18.1041,18.7829,13.1955,18.2052,19.1134,16.0469,13.5959,14.4423,28.1013,20.2209,15.7800,15.5490,12.5494,10.2760,13.6566,15.8742,17.2326,16.3796,7.6480,14.1276,13.3685,14.1352,21.3951,16.5470,16.3988,14.3232,13.5090,13.7182,12.5682,13.6481,17.4516,18.5306,11.6794,12.1545,13.7034,13.7884,12.9250,11.2393,9.3654,14.1585,13.4470,13.2634,12.1512,16.5605,23.4932,21.5502,13.8649,11.1129,12.9613,11.5527,18.5628,14.7485,19.4134,11.9897,17.6864,23.0936,23.2748,21.2585,10.2815,13.4748,14.4686,13.4912,13.7470,12.2488,12.5613,19.5828,14.6522,15.0765,20.1996,21.6669,16.4771,19.7950,12.7675,22.9217,14.1319,12.7709,15.1481,12.0649,14.8224,10.2639,11.7443,17.0474,15.4439,15.7244,8.8469,15.8702,12.3337,16.5847,19.3130,22.5111,20.7692,23.5569,17.5250,9.5238,12.1651,12.8861,14.1799,15.5621,20.4104,18.2255,17.4411,20.4819,15.4419,15.8487,14.4194,16.6073,14.0480,14.4103,17.1701,10.5970,12.1908,18.4839,14.9162,13.5262,14.1897,12.9108,13.6254,13.5294,10.7107,13.3076,15.1101,12.5181,12.0240,11.9079,18.1821,14.2958,14.1084,15.4932,15.4313,11.4582,15.5603,11.2890,13.5064,12.1351,7.4884,9.1504,10.3149,12.2566,11.8697,11.5813,8.8474,9.5527,8.5358,13.9498,12.5826,9.5263,9.6064,12.6550,8.7646,12.2868,9.1715,9.1959,9.2255,9.2592,9.2974,9.3396,9.3872,9.4388,9.4952,9.5556,9.6208,9.6898,9.7636,9.8416,9.9242,10.0116,10.1027,10.1983,10.2981,10.4023,10.5103,10.6222,10.7380,10.8578,10.9810,11.1079,11.2385,11.3723,11.5095,11.6498,11.7932,11.9396,12.0887,12.2406,12.3951,12.5521,12.7114,12.8729,13.0366,13.2022,13.3697,13.5390,13.7098,13.8821,14.0556,14.2301,14.4049,14.5777,14.7398,14.8673
45132.1666667,17.3719,23.8743,23.5978,23.7812,34.4572,21.5882,26.5590,20.5455,25.6919,19.9176,20.9844,21.2295,15.7553,22.0762,24.1619,23.4915,26.3678,25.1498,18.9101,18.6029,25.7577,18.9106,15.5807,19.9830,19.6243,29.8823,19.6401,16.4899,21.5936,17.0195,20.1364,18.8314,19.0208,18.9735,19.4911,17.8066,20.3009,21.0042,14.7573,20.1850,21.0191,17.7599,15.1158,15.9430,29.4063,22.2009,17.3054,16.6386,13.5456,10.9439,14.4856,16.7787,18.0222,17.1263,7.9320,15.4345,14.4417,14.9156,21.8389,16.8431,16.5402,14.4198,13.8512,14.2126,12.6247,13.8457,17.8330,18.8379,11.9579,12.5338,14.4051,14.7847,13.8106,11.8078,9.3075,15.1853,14.3717,14.4292,13.2438,17.3507,23.6288,21.8117,14.1116,11.0720,13.1462,11.6543,18.8959,14.9410,19.7024,11.9077,17.9618,23.2087,23.3604,21.5564,10.1229,13.5847,14.6199,13.3410,13.7303,12.0991,12.4568,19.5778,14.2842,14.6612,19.8319,21.2785,16.0680,19.3770,12.2700,23.0551,13.6657,12.2958,14.6921,11.5186,14.2872,9.6972,11.2087,16.6236,15.0843,15.3570,8.3290,15.4074,11.8060,16.2979,19.4754,22.9049,20.8956,23.5886,17.1116,8.8775,11.5262,12.2789,13.7247,15.3204,20.4760,18.2060,17.3790,20.8560,15.1077,15.7003,14.1423,16.7425,13.8003,14.1635,17.4667,10.1332,11.9010,19.0784,15.2880,13.6228,14.5905,13.2021,14.4240,14.9876,10.9024,14.1412,16.5393,13.2249,12.6407,12.6905,19.7553,15.6231,15.2074,16.7675,16.3873,12.1353,16.8058,12.2175,15.2223,13.6621,8.0225,10.0048,11.5899,13.9116,13.4447,12.7084,9.6807,10.4822,9.3721,14.9636,13.3713,10.1397,10.1837,13.2260,9.1914,12.7863,9.6050,9.5972,9.5937,9.5940,9.5984,9.6064,9.6192,9.6357,9.6566,9.6812,9.7102,9.7428,9.7798,9.8207,9.8659,9.9153,9.9683,10.0255,10.0865,10.1517,10.2204,10.2929,10.3690,10.4489,10.5323,10.6192,10.7097,10.8035,10.9008,11.0014,11.1051,11.2121,11.3222,11.4354,11.5515,11.6706,11.7924,11.9170,12.0443,12.1742,12.3065,12.4413,12.5784,12.7177,12.8590,13.0022,13.1467,13.2906,13.4264,13.5334
45132.2083333,16.1425,23.2502,22.9237,23.1939,34.3312,20.7417,26.2405,20.1923,25.6562,19.3059,20.5097,20.8795,15.0145,21.7296,24.2431,23.5634,26.7051,25.5092,18.5020,18.3046,26.2486,18.8348,15.1721,20.1494,19.8436,30.8502,19.9864,16.4852,22.5448,17.3269,21.5799,20.4813,21.0852,20.5239,21.1854,19.1023,21.9432,22.7038,15.7729,21.6435,22.4542,19.0061,16.1724,17.0224,30.4581,23.8842,18.5484,17.4858,14.3195,11.4430,15.1910,17.6120,18.8040,17.8942,8.2572,16.7229,15.5252,15.7626,22.4430,17.3050,16.8654,14.6921,14.3085,14.7847,12.8093,14.1245,18.2373,19.1084,12.0364,12.6518,14.7952,15.4370,14.3479,12.0144,9.0530,15.8229,14.9140,15.2120,13.9640,17.8525,23.5830,21.8815,14.1609,10.8894,13.1293,11.5616,18.9897,14.9043,19.7429,11.6453,17.9750,23.0841,23.2031,21.5704,9.7770,13.4166,14.4840,12.9825,13.4736,11.7477,12.1363,19.3259,13.6965,14.0483,19.2452,20.6830,15.4886,18.7523,11.6344,22.8913,13.0504,11.6916,14.0929,10.8979,13.6509,9.1080,10.6168,16.0692,14.5949,14.8614,7.8069,14.8268,11.2155,15.8470,19.3889,23.0194,20.7744,23.3881,16.5610,8.2672,10.8547,11.6062,13.1323,14.8708,20.2600,17.9180,17.0532,20.8812,14.5812,15.2993,13.6500,16.5487,13.3317,13.6910,17.3970,9.5649,11.4097,19.2472,15.2725,13.4027,14.5853,13.0857,14.6774,15.7800,10.7058,14.4355,17.3680,13.4431,12.8011,12.9791,20.8020,16.4299,15.8482,17.5925,16.9544,12.4471,17.6402,12.7344,16.4646,14.7179,8.2095,10.5141,12.4926,15.2333,14.7173,13.5975,10.2915,11.2064,10.0176,15.8713,14.0850,10.6816,10.7110,13.7961,9.6118,13.3097,10.0466,10.0169,9.9902,9.9660,9.9447,9.9262,9.9113,9.8994,9.8912,9.8862,9.8850,9.8870,9.8930,9.9025,9.9159,9.9331,9.9538,9.9783,10.0064,10.0383,10.0737,10.1127,10.1552,10.2012,10.2507,10.3036,10.3600,10.4196,10.4827,10.5490,10.6185,10.6912,10.7670,10.8460,10.9280,11.0129,11.1008,11.1917,11.2853,11.3818,11.4809,11.5828,11.6872,11.7942,11.9037,12.0155,12.1290,12.2429,12.3512,12.4368
45132.2500000,15.0170,22.4717,22.0721,22.3897,33.8656,19.7268,25.6068,19.5383,25.2546,18.4734,19.7884,20.2748,14.1857,21.1713,24.0418,23.3622,26.7272,25.5437,17.9257,17.8004,26.3679,18.4908,14.6028,19.9893,19.7267,31.4039,19.9885,16.2278,23.0891,17.3263,22.5634,21.6478,22.6496,21.6113,22.4206,19.9690,23.1623,24.0002,16.4101,22.7339,23.5394,19.9025,16.8881,17.7794,31.2886,25.3055,19.5416,18.1187,14.8785,11.7627,15.7109,18.2778,19.4561,18.5483,8.4965,17.8966,16.5433,16.6011,23.1263,17.8716,17.3393,15.1354,14.9253,15.5200,13.2193,14.6204,18.8436,19.5477,12.1395,12.7176,15.0602,15.9169,14.7116,12.0686,8.7753,16.2408,15.2438,15.7637,14.4588,18.1784,23.4391,21.8451,14.1151,10.6770,13.0476,11.4342,19.0193,14.8322,19.7409,11.4161,17.9550,22.9410,23.0285,21.5436,9.4947,13.2401,14.3228,12.6490,13.2085,11.4159,11.8161,19.0076,13.2907,13.5838,18.7320,20.1232,14.9444,18.1232,11.0294,22.5711,12.4004,11.0566,13.4302,10.2595,12.9650,8.5250,10.0091,15.4324,14.0255,14.2942,7.3281,14.2134,10.6421,15.3336,19.1595,22.9653,20.5256,23.0713,15.9915,7.7695,10.2651,10.9998,12.5553,14.3756,19.9183,17.5214,16.6265,20.7232,14.0141,14.8146,13.1089,16.2036,12.8016,13.1501,17.1317,9.0170,10.8737,19.1593,15.0422,13.0313,14.3662,12.7854,14.6359,16.1609,10.3499,14.4114,17.7856,13.3650,12.6675,12.9480,21.4387,16.8488,16.1421,18.0613,17.2142,12.4987,18.1572,12.9753,17.3611,15.4460,8.2294,10.7813,13.1053,16.2610,15.7124,14.2611,10.7018,11.7307,10.4764,16.6270,14.6681,11.0991,11.1288,14.2905,9.9557,13.7868,10.4409,10.4093,10.3780,10.3473,10.3178,10.2897,10.2635,10.2389,10.2165,10.1959,10.1776,10.1613,10.1475,10.1361,10.1274,10.1214,10.1179,10.1173,10.1196,10.1248,10.1330,10.1441,10.1583,10.1757,10.1961,10.2196,10.2463,10.2762,10.3092,10.3454,10.3846,10.4270,10.4725,10.5210,10.5726,10.6271,10.6847,10.7451,10.8085,10.8747,10.9438,11.0156,11.0902,11.1674,11.2473,11.3296,11.4141,11.4996,11.5815,11.6463
45132.2916667,13.5637,21.0943,20.5311,20.7375,32.2695,17.6563,23.6903,17.7368,23.6290,16.5467,17.9073,18.4958,12.3975,19.5178,22.6862,22.0633,25.6111,24.4516,16.4474,16.4766,25.4735,17.2385,13.3076,18.9742,18.7320,30.7895,18.8367,14.9894,22.5309,16.4183,22.5471,21.8074,23.1908,21.6868,22.5657,19.7782,23.2122,24.0529,15.9038,22.6207,23.2820,19.4108,16.1986,17.1388,30.8115,25.3524,19.2773,17.6516,14.4662,11.2035,15.3142,17.9587,19.0759,18.1166,7.7416,18.0155,16.6051,16.4919,22.7950,17.3187,16.6686,14.4487,14.4612,15.3001,12.8533,14.4142,18.8165,19.4270,12.0399,12.6294,15.0296,15.9271,14.5481,11.6962,8.2052,16.0351,14.8300,15.4422,13.9354,17.3413,22.0984,20.4210,12.5992,9.0652,11.4715,9.8943,17.5792,13.3083,18.2655,9.8430,16.4716,21.3566,21.4488,20.1299,8.0580,11.9348,13.0634,11.2959,11.8645,10.0523,10.4818,17.6173,11.8942,12.1464,17.2060,18.5232,13.3940,16.6098,9.7716,21.5541,11.2359,9.9913,12.3160,9.1599,11.7372,7.4199,8.8188,14.1008,12.6906,12.9428,6.2299,12.9426,9.4637,14.1473,18.1079,22.0172,19.3842,21.8269,14.5726,6.6166,9.0775,9.8536,11.4474,13.3032,18.8732,16.4226,15.5177,19.7826,12.7849,13.6791,12.0126,15.2450,11.7307,12.0732,16.2012,8.0000,9.8738,18.4047,14.1147,12.0008,13.4576,11.9179,14.0127,15.8992,9.6044,13.8181,17.4378,12.5700,11.7684,12.0429,21.0394,16.1277,15.2669,17.2789,16.2421,11.3185,17.3713,12.0002,17.0358,15.1119,7.4967,10.2865,12.9185,16.4583,15.8438,14.1128,10.2917,11.4025,10.0604,16.4381,14.2611,10.4246,10.3537,13.5369,8.9935,12.8877,9.4221,9.4310,9.4396,9.4464,9.4507,9.4517,9.4504,9.4460,9.4392,9.4298,9.4186,9.4054,9.3910,9.3757,9.3597,9.3436,9.3275,9.3119,9.2970,9.2832,9.2706,9.2594,9.2499,9.2421,9.2362,9.2322,9.2304,9.2306,9.2328,9.2370,9.2442,9.2536,9.2653,9.2795,9.2961,9.3151,9.3366,9.3612,9.3874,9.4161,9.4473,9.4808,9.5166,9.5544,9.5941,9.6347,9.6734,9.7164,9.7540,9.7826
45132.3333333,10.5351,18.1170,17.6474,17.8731,29.5506,14.7963,20.8603,14.8488,20.8570,13.7044,15.0273,15.6245,9.6437,16.3450,19.7038,19.1800,22.7890,21.6698,13.5845,13.8130,23.1984,14.7610,10.9599,16.7416,16.5298,29.0164,16.6219,12.7021,20.7335,14.3238,21.1126,20.4946,22.0954,20.2673,21.3499,18.3660,22.0951,22.9231,14.2245,21.3412,21.8317,17.7841,14.3297,15.2971,29.1352,23.8574,17.4720,15.7930,12.6299,9.3854,13.5997,16.2620,17.2549,16.3161,5.9235,16.6319,15.2134,15.0570,21.3156,15.6617,14.9152,12.6232,12.6606,13.6148,11.0974,12.6914,17.1959,17.9942,11.1222,12.0371,14.6410,15.5710,13.9879,10.8713,7.4030,15.4158,13.9622,14.6275,12.8602,16.0195,20.4823,18.6495,10.7098,7.1673,9.2826,7.6933,15.2010,10.7942,15.6126,7.2720,13.6805,18.4127,18.4574,17.1382,5.2857,9.0615,10.2190,8.5604,9.0709,7.3018,7.7488,14.7146,9.2446,9.4489,14.3541,15.6344,10.6340,13.8673,7.3214,19.1797,8.9268,7.8730,10.2824,7.2766,9.7505,5.6542,6.9236,12.0932,10.7175,10.9625,4.5754,10.8901,7.4914,12.1094,16.0739,20.0528,17.2769,19.6688,12.2957,4.7647,7.0760,7.8214,9.3227,11.1652,16.6906,14.2942,13.4597,17.8611,10.7181,11.5562,9.9772,13.3610,9.8624,10.2456,14.4625,6.3824,8.2173,16.8822,12.4884,10.3238,11.8249,10.3091,12.5862,14.7305,8.3050,12.6192,16.4424,11.3074,10.3424,10.5127,19.9403,14.6315,13.7194,15.7579,14.6733,9.5308,15.6913,10.1478,15.4305,13.4669,5.7065,8.5756,11.4149,15.3658,14.7369,12.9755,8.8890,10.0860,8.7092,15.2684,13.1074,8.9991,8.7684,11.9087,7.2055,10.9945,7.2530,7.2953,7.3300,7.3573,7.3781,7.3894,7.4001,7.4050,7.4068,7.4059,7.4030,7.3987,7.3935,7.3878,7.3811,7.3743,7.3666,7.3579,7.3486,7.3382,7.3267,7.3177,7.3012,7.2855,7.2686,7.2505,7.2312,7.2110,7.1903,7.1691,7.1476,7.1259,7.1042,7.0826,7.0612,7.0401,7.0192,6.9978,6.9682,6.9001,6.8576,6.8142,6.7720,6.7317,6.6947,6.6618,6.6334,6.6108,6.5863,6.5684
45132.3750000,5.2547,12.6042,12.4081,12.6921,24.3452,9.8801,15.8894,10.0615,16.2480,9.3433,10.6951,11.4230,5.9269,11.6032,15.0911,14.7831,18.7058,17.0049,9.1297,9.1064,18.6416,10.0985,6.8053,12.7651,12.6501,25.3658,12.7517,9.0803,17.5175,10.9668,18.1799,17.4907,19.1905,16.4173,17.0773,13.9535,18.5504,19.9182,11.0305,18.5342,18.8376,14.8806,11.2508,12.3201,26.3211,21.0466,14.4460,12.8193,9.7647,6.7550,10.9356,12.6791,13.4430,11.9598,2.0361,12.6150,11.2631,11.2961,17.6505,11.9238,11.4416,8.5864,8.7601,10.0157,7.9621,9.3891,14.1304,14.0971,7.8899,10.1554,13.1740,14.1577,12.5226,9.1901,6.0685,14.0505,12.3360,13.0196,10.9932,13.8894,18.2939,16.2089,7.9550,5.0314,5.9517,4.6286,11.9236,7.5197,11.9958,3.8544,9.7091,13.9576,14.1378,12.7418,0.8793,4.4252,5.6809,4.3580,4.6313,3.4284,3.1996,9.8696,4.3625,5.0740,9.4067,10.3578,5.0355,8.7501,2.7618,14.6096,4.6168,3.7254,6.2715,3.6541,6.2052,2.5343,3.1052,8.1217,6.9765,7.3537,1.7778,8.0834,4.4475,8.9657,12.7732,16.9061,14.1330,16.4617,9.0736,2.2375,4.3713,5.0088,6.3659,8.0310,12.9040,10.7008,10.0011,14.5551,7.3002,7.8496,6.5707,10.1250,6.8503,7.3817,11.6653,4.0220,5.8232,14.3907,9.8977,7.7618,9.2828,7.9451,10.4293,12.6971,6.4955,10.7915,14.7625,9.3713,8.2726,8.1785,18.8106,12.0906,11.3785,13.0262,12.0026,6.8821,12.4011,7.1365,12.0732,10.1675,2.6409,5.5410,8.2727,12.7748,11.7809,10.6515,5.9637,7.2656,5.8845,12.5589,11.0200,6.5696,6.1013,9.2083,4.4499,7.8778,3.3883,3.5380,3.6803,3.8019,3.9145,4.0133,4.1042,4.1841,4.2539,4.3129,4.3635,4.4052,4.4386,4.4633,4.4816,4.4918,4.4958,4.4936,4.4859,4.4730,4.4554,4.4336,4.4077,4.3781,4.3455,4.3099,4.2715,4.2303,4.1861,4.1363,4.0559,3.8510,3.7095,3.5663,3.4273,3.2884,3.1511,3.0153,2.8843,2.7542,2.6261,2.5005,2.3790,2.2606,2.1461,2.0364,1.9320,1.8347,1.7360,1.6617
45132.4166667,-3.7281,3.1056,3.5856,4.0426,16.7671,1.0600,6.7774,2.1828,8.6689,1.2605,2.7821,3.9148,-0.4559,4.3624,8.0635,8.2130,13.3994,10.5510,4.1323,3.2132,13.0405,4.7069,1.8230,7.6734,7.3859,20.0064,5.6568,2.1855,10.5990,4.1024,11.5430,12.0901,14.5931,11.2044,11.0737,6.7722,9.3547,10.8204,2.9268,11.8403,10.9108,7.7571,4.3983,5.8629,21.3576,14.3759,7.4881,6.6089,4.5366,2.1767,7.8131,8.8866,9.0796,6.7439,-3.3459,6.4026,4.1226,4.8237,10.5552,3.2644,4.5988,0.6594,1.1139,2.8932,2.2530,3.5292,9.4852,9.1747,2.1526,6.0781,9.5945,9.9167,9.3594,5.8493,3.4796,11.9501,8.3521,10.4166,5.9201,8.2261,14.8344,11.6584,1.2095,0.4128,-0.9088,-1.5455,5.5748,1.4723,5.6595,-0.2519,4.0606,6.4120,6.6565,5.1178,-6.4576,-4.0628,-2.3684,-2.7912,-2.5971,-1.8830,-3.4425,4.2928,-2.9042,-0.9234,2.9946,3.3001,-2.7884,0.4077,-4.8638,7.4258,-2.0081,-2.4474,-0.0792,-1.9832,1.5652,-1.5640,-2.4207,1.9934,1.6209,1.0194,-4.1150,2.5410,-1.3994,3.4738,5.8558,10.0043,7.2433,9.5808,1.9992,-4.0699,-1.6778,-0.7715,0.9349,2.8873,6.8384,4.4923,4.5493,10.3110,3.1903,2.4591,1.6046,5.1153,1.9576,1.8208,6.0040,-0.9554,1.2706,9.1665,4.8284,1.7828,4.0787,2.8310,6.0403,8.8295,3.1387,7.3152,12.4901,5.4575,5.3829,3.8387,16.2226,8.6465,7.7674,7.4885,7.8405,2.4782,7.1006,3.0995,7.2976,5.3902,-1.6482,1.0568,3.1047,8.4187,7.0333,6.6481,0.9134,2.9901,0.6919,8.6775,7.2093,2.6389,2.0696,5.2985,0.7658,3.6699,-2.0457,-1.7445,-1.4584,-1.1893,-0.9404,-0.7151,-0.5063,-0.3176,-0.1477,0.0037,0.1396,0.2605,0.3677,0.4617,0.5444,0.6148,0.6745,0.7233,0.7612,0.7830,0.7407,0.4579,0.2807,0.0842,-0.1141,-0.2918,-0.4669,-0.6418,-0.8179,-0.9953,-1.1647,-1.3362,-1.5093,-1.6834,-1.8528,-2.0233,-2.1945,-2.3659,-2.5348,-2.7039,-2.8725,-3.0400,-3.2051,-3.3685,-3.5291,-3.6863,-3.8392,-3.9857,-4.1351,-4.2463
45132.4583333,-13.2839,-7.8746,-6.8395,-6.0277,8.0928,-10.0407,-4.8738,-8.1235,0.3211,-7.9488,-7.8406,-8.0956,-10.7409,-7.3626,-5.0406,-4.2831,4.3181,1.1013,-1.9649,-3.1537,5.5527,-3.3457,-5.5199,0.1547,0.7381,15.6657,-0.9898,-5.1109,4.7275,-2.7964,4.9922,4.5922,9.5767,7.2568,6.9644,1.8977,3.6295,0.8744,-7.9805,2.9324,0.1117,-4.7617,-7.6858,-5.6444,14.2866,5.7493,-2.1104,-2.1836,-3.6754,-4.7935,2.6362,4.6364,4.8262,3.0613,-6.1028,2.0059,-1.4980,1.3597,5.7335,-4.8418,-2.8936,-8.6941,-8.4427,-6.4820,-5.4974,-4.4470,2.4903,2.7327,-3.8720,0.6922,6.7758,6.0870,6.5357,1.0803,-0.4705,9.1075,2.6542,7.0702,-0.6481,1.9207,12.6714,8.0886,-4.3265,-4.7797,-7.7466,-7.6931,-1.1715,-7.0407,-0.9483,-6.4790,-2.5363,0.0482,0.3032,-1.8135,-12.3061,-11.9940,-10.6392,-10.0241,-10.3639,-8.1011,-10.2140,-3.3357,-12.4311,-9.6199,-5.6961,-5.3857,-10.9384,-9.2279,-14.2632,-1.5402,-9.3700,-8.5239,-6.3434,-8.9648,-4.2346,-6.5349,-9.5336,-5.6306,-4.9280,-5.3965,-10.3280,-3.7541,-8.4838,-3.6982,-3.6378,2.2436,-0.5892,2.3724,-5.1277,-10.5105,-7.9159,-7.3848,-5.0999,-2.1993,2.1003,-2.3473,-3.8674,2.8714,-2.6212,-2.7871,-5.5143,-0.6888,-3.4994,-4.9601,-0.1666,-7.3989,-4.6261,4.6261,-0.4734,-3.6879,-0.4791,-2.7239,-0.1075,3.2285,-1.4219,3.1812,8.4459,0.8085,0.2359,-1.9360,12.3732,4.9928,2.8709,1.5613,3.3730,-1.5225,2.4421,-1.6408,1.5286,-0.1160,-6.1331,-3.7351,-2.9130,3.5064,2.0449,2.5517,-4.3370,-1.1445,-4.7426,5.5520,3.7527,-0.7874,-1.4548,1.7888,-2.4532,-0.8285,-7.6775,-8.2303,-8.7202,-9.1312,-9.4513,-9.6760,-9.7960,-9.8223,-9.7675,-9.6487,-9.4820,-9.2843,-9.0692,-8.8477,-8.5995,-8.2343,-7.8886,-7.5729,-7.2964,-7.0479,-6.8531,-6.7290,-6.6255,-6.5837,-6.5807,-6.5974,-6.6398,-6.7020,-6.7795,-6.8690,-6.9617,-7.0637,-7.1738,-7.2912,-7.4114,-7.5383,-7.6711,-7.8090,-7.9499,-8.0953,-8.2443,-8.3963,-8.5501,-8.7058,-8.8626,-9.0195,-9.1756,-9.3286,-9.4883,-9.6057
45132.5000000,-21.7111,-18.4988,-16.3495,-13.1417,-0.4856,-20.6345,-18.0873,-20.8266,-9.4337,-14.9686,-15.0639,-18.7100,-19.4476,-16.8914,-15.6343,-19.1423,-9.5053,-14.8473,-17.3641,-18.4053,-5.9902,-15.0641,-14.7669,-9.7195,-8.2734,8.2722,-7.1464,-12.8471,-1.6984,-10.7231,-3.1619,-5.3432,0.6004,-1.4285,1.7317,-2.2166,0.6883,-2.0933,-13.2279,-1.2467,-4.9714,-13.8908,-18.3692,-16.3603,7.2846,-4.3093,-14.0674,-14.1952,-16.2328,-16.5126,-9.4055,-4.4490,-2.7375,-6.1621,-13.4304,-5.8472,-7.2048,-0.2711,4.4945,-5.8527,-5.1163,-13.6162,-16.6354,-15.2362,-13.7205,-12.3326,-3.8310,-3.5841,-12.0592,-6.8466,-0.9515,-1.5517,0.0705,-2.9771,-3.4300,7.9822,0.9848,6.3714,-5.3041,-3.2501,12.9398,6.9370,-5.4909,-9.2081,-15.1025,-14.2896,-4.8128,-13.2853,-4.9935,-10.3648,-7.1092,-4.5330,-4.6096,-8.0978,-18.9905,-20.8810,-19.3105,-16.7371,-20.3769,-17.7290,-17.1259,-10.6298,-18.5966,-15.7964,-12.1933,-12.1680,-17.2812,-16.2380,-22.2510,-11.5545,-19.6700,-18.7815,-13.4875,-17.5694,-11.0580,-11.4671,-16.0463,-9.9363,-9.3968,-10.1186,-15.2973,-9.5334,-13.4809,-10.3372,-11.3144,-6.7364,-9.3289,-5.3737,-12.2720,-15.7171,-14.0501,-15.3189,-14.1437,-11.5853,-7.2582,-9.1472,-9.5900,-4.4585,-11.0258,-9.6756,-11.3582,-6.6590,-8.8345,-9.8491,-5.4941,-12.5957,-9.7289,-0.0214,-8.2627,-10.2503,-7.6398,-8.6517,-6.1901,-3.7805,-6.2563,1.0679,5.2261,-0.8490,-5.0273,-5.9859,8.8403,1.0930,-2.6803,-4.5887,-2.2968,-4.2413,-1.2791,-5.8751,-4.3682,-6.0812,-11.0755,-9.3980,-10.1143,-2.6822,-3.5496,-1.3917,-9.2559,-4.5874,-9.0776,2.4830,0.6409,-3.5870,-4.1460,-0.6836,-4.2930,-3.4557,-9.2666,-9.7965,-10.3363,-10.8829,-11.4325,-11.9837,-12.5213,-13.0446,-13.5489,-14.0302,-14.4838,-14.9063,-15.2935,-15.6413,-15.9245,-16.0683,-16.1619,-16.2048,-16.1971,-16.1270,-16.0123,-15.8688,-15.6676,-15.4486,-15.2073,-14.9426,-14.6709,-14.3992,-14.1340,-13.8811,-13.6410,-13.4233,-13.2313,-13.0670,-12.9290,-12.8206,-12.7410,-12.6887,-12.6608,-12.6566,-12.6733,-12.7086,-12.7595,-12.8241,-12.9003,-12.9859,-13.0788,-13.1762,-13.2888,-13.3682
45132.5416667,-29.0236,-28.4658,-23.4168,-19.2956,-7.0066,-24.0267,-23.8624,-30.3454,-19.2696,-22.2060,-22.5520,-26.1469,-25.9882,-24.3398,-23.8339,-27.4386,-20.0261,-25.2295,-26.6158,-28.8812,-18.3089,-29.2665,-27.7616,-26.4664,-21.0172,-3.9584,-16.8790,-22.4392,-9.7554,-19.3290,-8.4778,-11.3785,-4.9360,-4.7882,-3.1773,-6.7678,-3.6477,-6.3400,-18.9572,-4.7643,-7.7768,-15.3269,-23.4898,-22.3877,3.4811,-11.9588,-20.7870,-19.8808,-24.1655,-24.8499,-17.6137,-15.3296,-14.0879,-16.1160,-22.7276,-19.7768,-19.4384,-7.9516,0.2017,-9.0701,-8.1774,-15.1271,-21.7820,-20.7987,-18.6285,-17.5415,-9.4316,-9.1027,-20.3680,-13.9448,-6.9667,-11.0872,-11.2877,-12.2937,-11.0534,3.0575,-2.4390,4.1012,-8.0946,-6.0778,16.1289,9.3100,-2.7510,-6.3064,-17.1317,-15.3301,-6.2776,-17.1961,-7.8220,-12.5437,-9.5756,-6.7733,-6.9409,-11.5145,-20.1331,-23.8302,-23.2189,-17.8083,-23.7635,-22.2440,-22.8148,-19.0268,-24.9840,-22.5816,-19.4379,-19.3569,-23.4474,-22.6679,-28.8998,-20.2972,-26.2973,-25.5775,-19.3521,-22.1222,-18.1163,-17.3376,-24.7478,-17.3271,-17.1237,-15.8790,-20.4053,-16.0817,-18.6293,-16.1145,-16.1709,-11.5103,-14.3284,-10.0107,-16.5295,-17.8600,-17.4864,-18.3557,-20.3575,-19.1032,-12.2508,-15.4913,-15.7976,-10.3984,-15.6652,-15.6592,-17.0531,-12.9723,-14.3889,-15.0318,-11.1596,-17.1747,-15.0008,-5.0724,-15.7535,-16.5983,-14.7184,-16.1647,-13.3422,-12.1262,-11.8848,-2.4778,0.8278,-3.4069,-7.0590,-10.0050,5.1255,-2.7712,-5.5883,-6.7781,-3.2690,-6.2955,-4.9447,-10.0117,-10.4966,-11.9602,-14.5422,-14.2400,-15.0573,-8.8633,-9.8711,-6.7444,-14.8422,-10.0550,-13.1026,-1.5692,-3.1422,-6.7534,-7.0420,-3.2937,-6.0983,-5.8286,-10.5834,-10.8726,-11.1840,-11.5136,-11.8578,-12.2176,-12.5805,-12.9489,-13.3214,-13.6969,-14.0739,-14.4517,-14.8292,-15.2049,-15.5620,-15.8471,-16.1241,-16.3917,-16.6479,-16.8811,-17.0999,-17.3106,-17.4867,-17.6503,-17.7917,-17.9033,-17.9904,-18.0521,-18.0877,-18.0970,-18.0770,-18.0324,-17.9647,-17.8757,-17.7656,-17.6394,-17.5000,-17.3505,-17.1934,-17.0331,-16.8729,-16.7159,-16.5648,-16.4223,-16.2908,-16.1719,-16.0669,-15.9768,-15.9198,-15.8691
45132.5833333,-33.1513,-30.6102,-25.7344,-20.1014,-8.6505,-23.5709,-26.1104,-31.9812,-23.6264,-24.5475,-25.7137,-29.8810,-29.0498,-28.9190,-29.2834,-32.6258,-26.6814,-31.1327,-30.6080,-33.2144,-24.3936,-35.9917,-29.7965,-35.2666,-26.8137,-12.2838,-27.1929,-31.5879,-18.2484,-28.3280,-19.7146,-21.4765,-13.2191,-6.7416,-3.9493,-7.1380,-4.2046,-7.1841,-21.2400,-5.7566,-8.4807,-15.0450,-26.8931,-26.8757,1.1838,-15.9917,-23.0763,-20.8304,-26.0791,-26.8616,-19.7057,-19.0115,-18.2420,-19.4182,-24.6875,-28.7200,-28.3330,-18.0605,-5.5318,-13.9320,-12.8589,-18.2895,-27.5190,-26.9253,-23.5332,-18.1938,-11.8629,-12.9105,-26.9371,-19.5705,-11.5108,-12.8013,-12.7893,-19.6015,-17.5138,-4.4195,-9.5418,-6.3098,-16.4915,-13.9672,13.2698,6.6468,-4.3860,-7.2418,-21.1374,-15.0333,-6.3660,-15.3589,-7.0459,-11.2768,-8.9118,-6.1523,-6.4167,-11.7325,-18.0738,-22.0424,-22.0333,-14.2469,-21.7375,-20.6923,-21.6633,-19.8349,-25.5153,-23.5056,-21.3190,-21.7545,-25.3438,-25.5190,-31.4876,-26.9536,-30.9622,-30.1333,-23.1803,-24.3844,-21.9620,-19.6061,-29.5172,-21.8683,-24.7701,-19.3051,-22.0501,-19.9815,-21.5614,-20.6265,-24.8162,-17.3873,-18.9157,-13.4447,-18.7513,-17.5771,-20.4787,-19.0667,-22.8822,-23.0616,-13.9458,-17.9779,-21.5461,-14.0225,-17.2268,-17.7623,-18.6348,-14.5645,-15.0168,-16.3902,-13.9783,-17.7001,-16.6578,-7.7517,-20.9608,-21.0993,-17.7681,-20.9252,-19.2675,-20.4365,-17.6823,-7.5251,-4.8575,-7.0518,-9.8387,-13.8753,1.7456,-5.9000,-7.0608,-7.4466,-2.6751,-6.2326,-5.8300,-11.0974,-13.6306,-15.2973,-15.7435,-16.8693,-18.1929,-13.3625,-14.4220,-10.0425,-16.1280,-13.0165,-15.2793,-4.4877,-5.9973,-9.1265,-9.4294,-5.7896,-7.8641,-8.3398,-12.2224,-12.3709,-12.5182,-12.6649,-12.8121,-12.9657,-13.1170,-13.2722,-13.4327,-13.6000,-13.7748,-13.9583,-14.1508,-14.3522,-14.5512,-14.7098,-14.8743,-15.0439,-15.2178,-15.3879,-15.5608,-15.7416,-15.9117,-16.0874,-16.2621,-16.4306,-16.5968,-16.7598,-16.9186,-17.0721,-17.2170,-17.3550,-17.4851,-17.6062,-17.7157,-17.8144,-17.9011,-17.9749,-18.0345,-18.0800,-18.1109,-18.1271,-18.1284,-18.1152,-18.0881,-18.0479,-17.9958,-17.9338,-17.8835,-17.8246
45132.6250000,-33.2406,-29.1461,-23.3576,-20.7218,-3.6146,-15.8397,-18.4573,-28.1995,-17.6549,-15.7814,-17.3857,-22.6864,-22.4743,-24.6942,-27.2601,-28.8889,-26.2150,-31.4165,-29.8145,-32.6536,-25.9762,-37.8750,-31.1112,-34.7782,-31.3160,-15.0612,-31.1138,-33.1318,-22.2449,-30.1414,-26.0567,-28.1656,-21.3443,-13.1555,-8.9696,-7.4070,-1.6598,-2.3862,-17.8795,-1.0420,-3.5271,-9.5315,-21.0553,-19.6154,3.8406,-17.2255,-23.2818,-19.9863,-25.6021,-22.6803,-17.8382,-18.9968,-18.7142,-19.0317,-22.9091,-32.5063,-31.8665,-23.1875,-7.1241,-14.7321,-13.7984,-17.7045,-29.9430,-30.5826,-26.8634,-21.3885,-14.0341,-11.3861,-29.3490,-21.9650,-12.6388,-15.0954,-13.9010,-17.8566,-10.9784,-3.5973,-7.2084,-8.1618,-17.3596,-8.6665,16.2627,9.4258,-1.4730,-3.4397,-15.0721,-12.1120,-5.6695,-14.4565,-7.6729,-11.5514,-9.1237,-5.4168,-4.7720,-9.8514,-16.8307,-17.6980,-14.6206,-3.8020,-11.2762,-10.3744,-12.0379,-12.6232,-19.1430,-18.6277,-15.9878,-17.0180,-20.1660,-22.0261,-28.5636,-28.3086,-30.7502,-30.3153,-22.5750,-22.1618,-20.8024,-18.3239,-25.8739,-21.3926,-27.7718,-23.8276,-21.4969,-20.5749,-20.9981,-20.3977,-24.0117,-20.7239,-22.6290,-16.7241,-20.9384,-18.7578,-20.0354,-21.2420,-25.0080,-25.3144,-14.6332,-19.0014,-22.1914,-16.4009,-17.7047,-18.5769,-17.8704,-16.2006,-15.1393,-13.4750,-11.2266,-14.8006,-14.7248,-4.3335,-18.7762,-18.2177,-16.4693,-18.6488,-19.0542,-22.9289,-15.7433,-8.6235,-6.5841,-7.5468,-10.0953,-15.3809,-0.3104,-10.5267,-7.7771,-7.3611,-1.4577,-5.2519,-5.4728,-13.3140,-13.9437,-14.9537,-13.8116,-15.8368,-18.0251,-14.6655,-15.8217,-10.4046,-14.7587,-12.4325,-13.8713,-3.6790,-5.2366,-8.0312,-8.4490,-5.0512,-6.5336,-7.6777,-10.9084,-11.0548,-11.1958,-11.3346,-11.4725,-11.6150,-11.7518,-11.8877,-12.0224,-12.1559,-12.2877,-12.4178,-12.5461,-12.6725,-12.7891,-12.8692,-12.9466,-13.0222,-13.0964,-13.1649,-13.2339,-13.3084,-13.3764,-13.4509,-13.5283,-13.6058,-13.6872,-13.7726,-13.8620,-13.9552,-14.0502,-14.1488,-14.2506,-14.3550,-14.4604,-14.5674,-14.6752,-14.7832,-14.8902,-14.9960,-15.0997,-15.2005,-15.2977,-15.3905,-15.4782,-15.5599,-15.6349,-15.7017,-15.7735,-15.8043
45132.6666667,-31.6700,-30.5863,-25.4287,-23.1321,-1.7051,-15.3672,-13.2074,-24.1499,-15.3623,-11.5375,-10.8709,-12.9661,-10.2077,-13.1320,-15.9246,-16.9383,-12.3475,-18.0534,-16.7620,-23.2683,-16.3664,-28.6406,-23.8613,-26.8682,-28.2044,-13.1654,-29.9140,-31.2682,-25.4004,-29.9333,-29.0932,-31.0294,-25.1841,-16.7961,-12.6651,-9.4744,-4.3667,-3.3797,-13.9823,2.7021,6.8486,-1.5205,-9.2772,-5.5282,15.1752,-8.8673,-14.2131,-11.4513,-18.1986,-15.9592,-10.7096,-13.4552,-13.8925,-13.0777,-16.3604,-31.1261,-31.0082,-23.4390,-5.0135,-10.9377,-9.4298,-15.6112,-26.9726,-28.3940,-25.4158,-21.8534,-17.1138,-11.2874,-29.0974,-21.5411,-13.5400,-16.4478,-14.5073,-15.8906,-8.5099,-4.1403,-3.1958,-6.2256,-13.2715,-0.5802,22.9140,16.3153,2.0358,0.7344,-4.0713,-4.6053,5.3029,-2.1404,4.4355,0.7055,1.6311,6.3637,5.7792,-1.0225,-10.0750,-12.7421,-10.8658,-1.2605,-7.3994,-2.9654,-6.2219,-2.9951,-9.2374,-11.2501,-6.2421,-6.8133,-12.1658,-11.3931,-17.8327,-21.0728,-23.1615,-23.5223,-19.4385,-18.2875,-15.1837,-14.4639,-20.8809,-15.6939,-23.5710,-21.0205,-16.8029,-16.9349,-18.8689,-20.3566,-21.5587,-17.4999,-19.1467,-13.4828,-17.2712,-15.3609,-18.1946,-19.3853,-23.9370,-25.1734,-14.2885,-18.7231,-20.9071,-16.8985,-17.8315,-18.8321,-16.6193,-16.6146,-14.7526,-11.2748,-8.5801,-12.1469,-13.3522,-2.4320,-17.2514,-16.0254,-15.2701,-15.5060,-15.7664,-20.3435,-12.9169,-8.8317,-4.0980,-3.4631,-5.1084,-12.3575,3.2044,-8.6281,-3.3352,-2.1591,4.4063,-1.8460,-0.4818,-10.4312,-10.7365,-13.4776,-9.5050,-13.0436,-14.0681,-11.7271,-13.0292,-7.0690,-10.3240,-11.0648,-11.7143,0.1113,-0.9975,-3.3149,-3.5692,-0.1873,-1.4690,-2.7837,-5.7140,-5.9217,-6.1405,-6.3681,-6.6022,-6.8452,-7.0835,-7.3188,-7.5478,-7.7682,-7.9776,-8.1747,-8.3589,-8.5300,-8.6830,-8.7994,-8.9045,-9.0000,-9.0871,-9.1634,-9.2342,-9.3033,-9.3626,-9.4215,-9.4777,-9.5293,-9.5793,-9.6280,-9.6758,-9.7230,-9.7688,-9.8148,-9.8616,-9.9093,-9.9577,-10.0078,-10.0598,-10.1140,-10.1700,-10.2285,-10.2893,-10.3523,-10.4175,-10.4846,-10.5534,-10.6235,-10.6942,-10.7635,-10.8434,-10.8806
45132.7083333,-26.6596,-28.6414,-24.0317,-22.2368,-4.0730,-14.1870,-12.4214,-20.5020,-10.7932,-8.9440,-9.2396,-11.2909,-8.5722,-11.3416,-13.7261,-13.1354,-6.6643,-8.4163,-4.7206,-8.7610,-3.3067,-12.1491,-7.4504,-11.3780,-13.2136,0.8946,-16.6448,-18.4259,-18.3812,-22.7686,-26.2624,-29.9430,-26.8098,-19.1549,-15.1569,-12.2509,-5.5533,-5.0785,-16.1640,-1.9795,2.7161,-2.8905,-8.1229,-3.3405,22.1468,1.3482,-3.7513,1.4171,-5.9014,-3.3203,0.1388,0.0858,-0.6995,-2.4854,-3.6451,-20.7012,-21.9202,-16.2244,2.5156,-4.7429,-3.3055,-8.3336,-18.1842,-20.7240,-16.2829,-17.0925,-14.5644,-10.2072,-26.6668,-20.8038,-14.6672,-14.9554,-15.2068,-16.1285,-8.7373,-3.8664,-3.6655,-5.6216,-9.6255,5.3353,27.7498,21.6329,5.0654,3.4680,2.4933,-0.5531,11.5222,5.1662,12.2744,5.9190,7.7351,16.5761,17.2214,10.1028,0.7530,-2.0158,-0.8627,7.0534,1.6292,4.7168,2.1237,7.2988,-0.8211,-0.3967,3.7424,3.9360,-3.5516,-1.4647,-7.9584,-11.7003,-12.9329,-13.8602,-11.4732,-9.8304,-8.2228,-6.4930,-12.3085,-9.4532,-15.8565,-14.4031,-9.7143,-10.4249,-13.2893,-14.8941,-18.4085,-14.3971,-15.3772,-9.5050,-12.3550,-10.3329,-13.6546,-13.9690,-19.3415,-21.4525,-11.4810,-15.7740,-17.5520,-15.2663,-15.6041,-17.6046,-17.3993,-17.4370,-15.7708,-11.7444,-10.8212,-11.3389,-12.0470,-2.3183,-14.6926,-13.1168,-12.7675,-12.3075,-12.5899,-16.2873,-7.1163,-3.9472,-0.6809,-1.1932,-2.2669,-6.7775,7.8384,-3.0015,1.8490,3.5783,9.7833,0.5458,3.9511,-6.4273,-7.1802,-9.7314,-6.4216,-8.8390,-10.9461,-7.9177,-8.6991,-2.6324,-5.2053,-6.0893,-8.1271,3.8333,2.9252,0.7436,0.6165,4.1429,2.8023,2.0045,-0.7291,-0.7716,-0.8197,-0.8730,-0.9319,-1.0029,-1.0760,-1.1577,-1.2491,-1.3512,-1.4643,-1.5883,-1.7228,-1.8668,-2.0149,-2.1515,-2.2922,-2.4355,-2.5795,-2.7200,-2.8584,-2.9954,-3.1235,-3.2481,-3.3663,-3.4762,-3.5793,-3.6755,-3.7650,-3.8480,-3.9241,-3.9948,-4.0607,-4.1223,-4.1797,-4.2339,-4.2856,-4.3351,-4.3826,-4.4289,-4.4742,-4.5188,-4.5629,-4.6069,-4.6509,-4.6951,-4.7392,-4.7819,-4.8367,-4.8508
45132.7500000,-17.7288,-21.9821,-18.5579,-17.7545,-3.1338,-11.1153,-10.8510,-17.1643,-9.2413,-7.1104,-7.5472,-9.1800,-6.3610,-8.9807,-11.1402,-10.7141,-5.3927,-6.5679,-3.1789,-5.9050,-1.0271,-7.5954,-2.9024,-5.4931,-6.0634,9.0125,-5.5966,-6.0997,-6.8279,-9.8548,-15.4829,-20.3058,-20.2408,-14.7548,-12.8032,-11.3109,-5.8797,-3.7938,-13.4243,-1.8011,1.9155,-3.0535,-7.5229,-3.4487,23.5415,4.6593,0.7935,6.8423,0.8099,3.1854,6.4625,7.7426,9.2871,6.8627,5.2076,-8.9729,-10.0140,-5.4355,10.5147,3.6048,4.4643,-0.1786,-8.8718,-11.7637,-7.5757,-8.8506,-6.0406,-3.9634,-20.9866,-17.9008,-14.0290,-14.5415,-14.7070,-14.8973,-7.8315,-4.9279,-4.5839,-5.7519,-8.6202,6.8763,26.6688,21.6964,6.7179,5.3831,5.8464,3.4422,16.1100,10.9119,17.7665,11.1644,14.1573,24.3453,24.0848,17.5795,8.0953,6.3402,7.2787,13.5017,9.1433,11.0793,9.1795,15.8484,6.6244,7.5324,11.1648,12.4893,5.4578,8.4540,2.2023,-0.8252,-2.1913,-3.9132,-2.7014,-1.5011,-0.9171,0.6193,-4.5003,-3.2227,-8.6008,-7.8461,-3.6474,-3.9275,-6.7384,-8.2627,-11.3697,-7.6019,-7.9189,-1.7077,-4.7406,-2.8338,-6.1665,-6.7259,-11.5953,-14.4064,-6.3316,-10.4527,-11.9708,-10.5761,-10.0735,-12.8147,-12.6561,-13.8560,-12.1787,-8.8599,-9.9389,-9.2364,-10.8350,-4.4845,-14.1807,-12.6972,-12.9308,-11.7799,-11.9230,-14.7922,-5.1444,-3.5440,-0.8403,-0.9980,-1.1866,-3.6182,10.6313,0.4096,4.9378,7.4366,13.0791,4.4858,9.4338,-0.2312,-0.9090,-2.9528,-0.7349,-2.6919,-5.3741,-3.1239,-3.5357,2.4285,0.1605,-0.5606,-2.9136,7.5777,7.7741,5.5266,5.4944,9.1568,7.4179,7.5632,4.4583,4.7851,5.1084,5.4000,5.6585,5.8659,6.0298,6.1148,6.1275,6.0441,5.8783,5.6169,5.2802,4.8749,4.5832,4.3950,4.2627,4.1624,4.0792,4.0055,3.9338,3.8592,3.7847,3.7049,3.6209,3.5340,3.4432,3.3489,3.2517,3.1523,3.0520,2.9509,2.8497,2.7492,2.6503,2.5534,2.4588,2.3673,2.2791,2.1944,2.1134,2.0361,1.9626,1.8927,1.8263,1.7634,1.7040,1.6493,1.5852,1.5661
45132.7916667,-8.1999,-13.4458,-11.0691,-11.0128,0.5968,-6.0439,-6.9246,-11.8960,-6.2087,-4.2611,-5.0712,-6.8167,-4.4348,-6.8917,-9.2535,-8.9911,-4.6637,-5.5707,-2.4548,-4.5626,-0.6937,-6.0226,-2.2212,-4.4207,-4.7848,8.7130,-3.8663,-3.6794,-3.6586,-4.8312,-8.8687,-12.5492,-12.3970,-7.2794,-6.0887,-5.2511,-1.5631,0.2393,-8.2338,0.6389,3.1622,-1.4675,-5.4765,-2.3068,23.0229,5.3169,1.8626,7.1823,2.3340,4.1307,7.4682,9.4111,12.2881,10.3277,7.3536,-2.4512,-2.8215,1.3817,15.6467,9.3245,10.0938,6.0885,-1.1711,-3.8529,-0.2360,-1.6555,1.2004,2.3044,-13.7359,-12.6333,-10.7231,-12.1170,-12.6329,-12.8843,-6.5232,-5.6041,-5.4757,-6.4746,-8.8963,4.5365,22.5954,18.1888,4.6472,3.3386,4.0470,2.2545,14.0481,9.3548,16.2990,9.5671,13.8088,23.8870,24.2706,18.9566,9.3131,9.3250,10.6215,15.4202,12.3103,13.5255,12.4735,20.2373,11.3463,12.3730,16.1918,17.5520,11.1135,14.5540,8.8231,8.0863,6.4314,4.6853,5.5326,6.0036,6.3839,7.0129,3.0723,3.8338,-0.8359,-0.6575,2.0007,1.5434,-0.8293,-2.4940,-5.5042,-2.6311,-2.7418,3.3221,0.4676,1.8261,-0.4452,-1.0014,-4.7831,-7.2626,-0.8083,-3.9042,-4.9655,-4.1918,-3.5310,-6.6256,-6.7815,-8.6645,-7.2808,-4.8499,-6.8240,-5.4192,-7.2888,-3.6502,-11.3137,-10.0041,-10.9572,-10.3241,-11.3086,-14.3574,-5.5910,-4.8579,-2.8305,-2.7236,-2.3429,-4.0175,8.4419,-0.2015,3.8504,6.2845,11.0622,3.8253,9.1645,1.3208,1.5242,0.6630,2.1544,1.4967,-0.4102,1.6480,1.4139,6.8435,4.5825,4.2598,2.2613,11.3661,11.9164,9.4574,9.5072,13.2761,10.8595,11.8959,8.1527,8.2870,8.4392,8.5956,8.7637,8.9380,9.1350,9.3350,9.5500,9.7649,9.9860,10.1964,10.4069,10.6051,10.7883,10.9609,11.1022,11.2166,11.2989,11.3436,11.3422,11.2927,11.1980,11.0578,10.8703,10.6430,10.3824,10.0929,9.7792,9.4922,9.2477,9.0424,8.8702,8.7245,8.5991,8.4884,8.3878,8.2938,8.2041,8.1167,8.0304,7.9445,7.8588,7.7732,7.6878,7.6028,7.5191,7.4385,7.3494,7.3081
45132.8333333,1.9139,-3.1244,-1.6074,-2.0374,7.4217,1.3594,-0.1986,-4.8349,-0.8755,0.5884,-0.4968,-2.4035,-0.7143,-2.9631,-5.6307,-5.8594,-2.7776,-3.9167,-1.3817,-3.2813,-0.3471,-4.6614,-1.6574,-3.5942,-3.8883,7.8777,-3.0635,-2.8504,-2.9869,-3.6649,-7.0444,-9.8339,-9.2006,-3.8924,-2.3671,-1.1275,2.3649,4.1668,-2.8260,4.6601,6.6934,2.4844,-1.0827,1.2613,23.6807,7.0281,3.4144,7.6766,3.2514,4.3491,7.4215,9.3529,12.0738,10.5184,6.3820,0.0608,0.1329,4.0014,17.1725,11.4799,12.3600,9.0263,3.2307,1.1430,4.2178,3.2467,6.3399,7.4454,-6.6127,-6.4956,-5.7178,-7.5685,-8.3852,-9.0952,-3.6347,-4.1668,-4.4029,-5.5333,-7.6807,3.7656,19.8898,15.8884,3.6497,2.3688,2.9531,1.3968,11.7622,7.2976,13.7572,7.0319,11.6528,21.1427,21.7423,17.1832,7.3134,8.3061,9.7543,13.3699,11.2849,11.9645,11.5797,19.8177,13.3347,14.3641,18.6411,20.1477,14.1265,17.5606,11.8590,13.4983,11.4002,10.1498,11.2877,11.0788,11.9096,11.3382,8.8804,10.1354,6.1992,6.1816,6.9580,7.3583,4.9722,3.5593,0.6270,2.6146,2.1577,7.1871,4.2774,4.4501,3.1125,2.6708,-0.1035,-2.1054,2.9444,0.3967,-0.2254,0.6740,1.4088,-1.0010,-1.1081,-2.8496,-1.6949,-0.0389,-2.0687,-0.7957,-2.5866,-0.5745,-6.7123,-5.6987,-7.1555,-7.1202,-8.8867,-12.3077,-4.5553,-4.6301,-3.3907,-3.1087,-2.5110,-3.9703,6.2521,-0.9921,2.3577,4.5650,8.4833,2.3990,7.3539,0.9059,1.5459,1.1632,2.0043,2.5499,1.6351,3.8940,4.0200,8.5632,6.3361,6.4670,4.9735,13.3711,13.7643,11.1457,11.3745,15.3452,12.3323,14.4336,10.6463,10.7832,10.9194,11.0457,11.1684,11.2839,11.4066,11.5242,11.6458,11.7634,11.8869,12.0068,12.1342,12.2638,12.3974,12.5420,12.6863,12.8369,12.9927,13.1484,13.3042,13.4577,13.6097,13.7578,13.8960,14.0246,14.1419,14.2422,14.3256,14.3886,14.4286,14.4451,14.4358,14.3997,14.3369,14.2475,14.1331,13.9958,13.8386,13.6655,13.4805,13.2900,13.0995,12.9138,12.7366,12.5705,12.4170,12.2780,12.1441,12.0681
45132.8750000,9.3275,5.6816,6.8697,6.4696,15.0315,9.0342,7.8943,3.3462,6.5405,7.3425,6.3316,4.5138,5.3005,3.4853,0.7402,-0.0050,1.9741,0.4505,2.1482,0.1807,2.2682,-1.4469,0.6428,-1.1941,-1.6210,8.5102,-1.0878,-1.0260,-1.4628,-2.0159,-5.2584,-7.6863,-7.2354,-2.3034,-0.7327,0.6291,4.1207,6.2239,0.4444,7.4795,9.6399,6.0803,3.1206,5.1545,25.6157,10.5540,6.8671,10.1079,5.9230,6.3118,9.1038,10.8672,13.1744,11.7401,6.6607,2.7018,2.6269,5.8904,17.8792,12.5654,13.3953,10.5168,5.9346,4.3583,6.7710,6.2913,9.6263,11.0387,-0.6948,-0.7582,-0.3256,-2.1020,-2.9522,-3.8830,0.4559,-0.4962,-0.9147,-2.1018,-3.9453,5.8541,20.1749,16.6169,5.5804,4.2838,4.8296,3.3986,12.4583,8.1832,14.0498,7.3622,11.9486,20.5801,21.0637,16.9294,6.9253,8.2554,9.5499,12.0900,10.6424,10.7829,10.6524,18.8002,14.1640,15.1726,19.8740,21.5716,15.8795,19.4176,13.4926,17.1777,13.9665,12.8959,14.4122,13.5304,14.9996,13.2593,12.1933,14.4747,11.2940,11.4178,10.3486,12.4131,9.9536,9.5166,7.2740,8.9217,8.1668,12.3650,9.1159,7.7093,7.1051,6.6193,4.5017,2.8428,6.8915,4.5149,3.8547,4.6666,4.9000,3.0772,2.9286,1.6787,2.5564,3.8115,2.3963,3.0814,1.8947,3.5072,-1.3766,-0.5860,-2.0173,-2.3284,-4.4631,-8.0643,-1.5606,-2.0885,-1.4385,-1.1072,-0.5167,-1.8036,6.4691,0.3896,3.0250,4.9380,8.0425,2.8802,7.1894,1.6747,2.2037,1.7433,1.8736,2.8001,2.4448,4.7437,5.0737,8.7098,6.5424,7.0525,5.9309,13.8528,13.9749,11.2244,11.6141,15.7562,12.2774,15.3350,11.6620,11.9094,12.1487,12.3727,12.5855,12.7842,12.9797,13.1631,13.3413,13.5086,13.6722,13.8252,13.9758,14.1203,14.2600,14.4004,14.5339,14.6658,14.7965,14.9231,15.0472,15.1687,15.2899,15.4108,15.5292,15.6474,15.7659,15.8827,15.9995,16.1153,16.2295,16.3423,16.4526,16.5594,16.6618,16.7586,16.8487,16.9307,17.0035,17.0656,17.1155,17.1527,17.1761,17.1850,17.1789,17.1576,17.1217,17.0732,17.0076,16.9685
45132.9166667,14.3106,12.4023,13.2238,12.8307,20.9935,14.3609,14.0101,9.4352,12.4926,12.4059,11.7329,10.3127,10.1924,9.6381,7.4135,6.5488,8.0043,6.2839,6.9936,5.1070,6.7944,3.2535,4.4048,2.8627,2.2136,10.8224,2.0600,1.8080,1.1343,0.4493,-2.6983,-4.9987,-4.9818,-0.7702,0.5033,1.6272,4.7625,6.7826,1.7571,8.4084,10.5353,7.3887,4.8741,6.7608,26.0276,12.9591,9.4791,12.1000,8.4429,8.2323,11.0734,12.8995,14.9234,13.5685,7.5948,5.9014,5.6138,8.2049,18.9184,13.6621,14.2068,11.5131,7.8460,6.6395,8.3040,8.1743,11.5934,13.1769,3.4864,3.6028,4.0502,2.5505,1.7779,0.9545,4.0195,3.5271,3.0133,1.8349,0.1836,8.5361,21.1425,17.8977,7.7528,6.3064,6.9834,5.6471,13.8551,9.7434,15.2083,8.4969,13.1478,21.0076,21.3757,17.6636,7.5773,9.2184,10.3576,11.9585,10.9423,10.6183,10.5760,18.4177,14.7424,15.5754,20.4368,22.1144,16.5244,20.1565,13.9451,19.4415,15.0079,13.9835,15.8005,14.2462,16.2109,13.4379,13.3668,16.5938,13.9113,14.1469,11.3518,15.1624,12.5369,13.3868,12.2229,14.1021,13.2474,16.9813,13.3172,10.2607,10.6029,10.3500,8.9978,7.8289,11.3487,8.9526,8.1006,8.8328,8.1775,6.6996,6.2641,5.4207,5.7184,6.5751,5.7702,5.3850,4.8183,6.6754,2.5969,3.1076,2.0456,1.7778,0.0174,-3.1545,1.8712,1.3886,1.7527,1.8704,2.3163,1.2145,8.0894,2.7996,4.7282,6.3352,8.6681,4.1240,7.9431,3.0668,3.5700,2.9693,2.4492,3.4709,3.3605,5.4437,5.6785,8.3858,6.1433,6.7822,5.7975,13.1725,12.9223,9.9972,10.3902,14.5026,10.6679,14.2967,10.6952,11.0008,11.3070,11.6074,11.9038,12.1928,12.4810,12.7606,13.0355,13.3004,13.5597,13.8076,14.0492,14.2815,14.5049,14.7232,14.9306,15.1308,15.3239,15.5078,15.6837,15.8515,16.0128,16.1680,16.3155,16.4573,16.5940,16.7246,16.8508,16.9724,17.0895,17.2033,17.3136,17.4207,17.5249,17.6263,17.7253,17.8220,17.9165,18.0087,18.0985,18.1860,18.2712,18.3538,18.4333,18.5094,18.5816,18.6490,18.7019,18.7521
45132.9583333,17.0585,17.0485,17.6096,17.3024,25.5469,17.9285,18.5471,13.7598,16.9520,15.8033,15.4692,14.3956,13.1773,14.0412,12.5539,11.7459,13.2006,11.5763,11.2412,9.6868,11.7101,8.0482,8.3240,7.5133,6.7781,14.5260,6.1828,5.4920,4.9174,3.8118,0.8788,-1.4424,-1.9277,1.4395,2.3021,3.0019,5.6518,7.3423,2.6793,8.8507,10.7567,7.7941,5.5041,7.1743,25.2987,13.8549,10.4391,12.6084,9.4101,8.6998,11.7858,13.8805,15.8683,14.7131,7.9238,8.5600,8.2095,10.3184,20.0873,14.8750,15.1871,12.6094,9.6627,8.7288,9.6295,9.7211,13.0957,14.6254,6.1797,6.5089,7.1832,6.0577,5.3529,4.5706,6.3648,6.9253,6.3797,5.3405,3.8349,11.0598,22.2126,19.2480,9.7463,8.0430,8.9308,7.6044,15.2908,11.2391,16.4201,9.5532,14.3625,21.5817,21.8535,18.5178,8.2498,10.2163,11.2663,12.1164,11.4563,10.7819,10.8252,18.4399,15.0512,15.7565,20.7551,22.3889,16.8213,20.4716,13.8977,20.8416,15.1529,14.0514,16.1058,13.9967,16.3274,12.7867,13.3822,17.3908,15.0489,15.3377,11.0689,16.2300,13.3295,15.3093,15.2194,17.4844,16.5311,20.0310,15.8557,11.2262,12.4685,12.5637,12.0364,11.5377,15.1147,12.7957,11.9077,12.9167,11.2684,10.1550,9.4002,9.0485,8.6498,9.1732,8.9718,7.2368,7.1259,9.5327,5.8422,5.9393,5.1692,4.7309,3.4597,0.9275,4.3472,4.3110,4.7425,4.4897,4.8109,3.9745,10.1249,5.3879,6.7422,8.1723,9.8583,5.6936,9.2707,4.7823,5.4081,4.6284,3.3840,4.4509,4.5407,6.4384,6.5096,8.3933,6.0503,6.7002,5.7447,12.5735,11.9760,8.9334,9.2528,13.1812,9.1630,12.9801,9.4323,9.6852,9.9438,10.2039,10.4670,10.7307,10.9998,11.2688,11.5404,11.8109,12.0830,12.3525,12.6226,12.8908,13.1568,13.4228,13.6839,13.9422,14.1969,14.4459,14.6893,14.9264,15.1576,15.3826,15.5997,15.8097,16.0128,16.2079,16.3958,16.5762,16.7490,16.9148,17.0735,17.2253,17.3704,17.5091,17.6416,17.7683,17.8894,18.0053,18.1161,18.2224,18.3246,18.4228,18.5174,18.6085,18.6963,18.7801,18.8516,18.9134
45133.0000000,18.5963,20.3788,20.6902,20.4718,29.0639,20.2660,21.8735,16.8101,20.3045,18.0532,18.0506,17.2918,14.9680,17.2595,16.5184,15.7257,17.3185,15.7831,14.2726,13.0577,15.8663,11.8322,11.2859,11.5122,10.8359,18.4391,10.2093,9.0915,9.1741,7.5642,5.2697,2.9809,2.1424,4.6557,5.1241,5.3094,7.4979,8.7758,4.2053,9.8926,11.4865,8.5651,6.3557,7.7529,24.6368,14.3451,10.7752,12.5159,9.5336,8.3933,11.6369,13.9143,15.8579,14.8765,7.4410,10.1132,9.7637,11.5437,20.6790,15.5652,15.7737,13.3596,11.1015,10.5110,10.7846,11.1495,14.5857,15.9929,8.0544,8.4525,9.3886,8.6332,7.9385,7.0419,7.6711,9.5162,8.9535,8.1466,6.7566,13.1352,23.0795,20.3861,11.3473,9.3561,10.5198,9.1737,16.6316,12.5942,17.6275,10.5270,15.5953,22.3042,22.5027,19.5015,8.9531,11.2421,12.2396,12.4759,12.0995,11.1378,11.2461,18.6935,15.2230,15.8183,20.9322,22.5239,16.9563,20.6332,13.7401,21.8756,15.0354,13.8127,16.0263,13.4920,16.0546,11.9926,12.9947,17.5737,15.4652,15.7644,10.3875,16.4568,13.2891,16.1503,16.9983,19.6203,18.4803,21.8103,17.0538,11.1069,13.0073,13.3863,13.5543,13.7038,17.6293,15.3984,14.5649,16.1250,13.4961,12.8444,11.8763,12.1944,11.1528,11.5272,12.0617,8.9344,9.2765,12.5149,8.9620,8.6130,8.1120,7.3429,6.4573,4.4731,6.2338,6.7684,7.4192,6.6469,6.8406,6.2172,12.1127,7.7297,8.6122,9.9747,11.1244,7.1584,10.7370,6.4563,7.4095,6.4760,4.4399,5.6730,6.0005,7.8216,7.7310,8.9078,6.4512,7.0916,6.1280,12.5039,11.6161,8.5119,8.7500,12.4499,8.3768,12.1951,8.7279,8.9049,9.0890,9.2771,9.4705,9.6674,9.8716,10.0791,10.2919,10.5076,10.7281,10.9505,11.1774,11.4067,11.6387,11.8747,12.1114,12.3503,12.5909,12.8315,13.0723,13.3125,13.5523,13.7914,14.0283,14.2633,14.4962,14.7257,14.9523,15.1751,15.3938,15.6083,15.8180,16.0226,16.2220,16.4158,16.6038,16.7858,16.9619,17.1317,17.2953,17.4528,17.6042,17.7496,17.8891,18.0228,18.1504,18.2712,18.3770,18.4620
45133.0416667,19.0066,22.4189,22.5510,22.4533,31.5866,21.5703,24.1921,18.7465,22.6779,19.3723,19.6983,19.2421,15.9092,19.3885,19.4159,18.6635,20.5185,19.0684,16.3437,15.4122,19.1942,14.5875,13.2505,14.5635,13.9637,21.8529,13.4385,11.8652,12.9719,10.7940,9.5606,7.4555,6.5949,8.3909,8.6421,8.3471,10.2588,11.1889,6.4982,11.7470,13.0376,10.0775,7.8558,8.9881,24.6708,15.2159,11.3521,12.5668,9.6470,8.1467,11.4278,13.7562,15.5704,14.6736,6.7978,10.9788,10.5522,12.0250,20.6322,15.5894,15.7189,13.4527,11.7970,11.5610,11.3269,12.0106,15.6856,17.0683,9.4561,9.8795,11.0730,10.6438,9.8872,8.7199,8.3348,11.4447,10.8334,10.2844,8.9636,14.6861,23.6062,21.1590,12.4444,10.1430,11.6008,10.2210,17.6486,13.5961,18.5881,11.2124,16.6157,22.9431,23.1064,20.4258,9.5382,12.1655,13.1550,12.8881,12.7526,11.5616,11.7362,19.1060,15.1550,15.6885,20.9230,22.5023,16.9499,20.6352,13.5159,22.6753,14.8434,13.5235,15.8385,12.9987,15.7005,11.3120,12.5568,17.5328,15.5920,15.8821,9.7391,16.3576,12.9705,16.4727,18.0957,21.0116,19.6208,22.7954,17.4567,10.5312,12.8333,13.3944,14.0723,14.7479,19.0822,16.8782,16.0827,18.2507,14.6744,14.4615,13.3306,14.3658,12.7517,13.1062,14.4632,10.0280,10.8511,15.1462,11.6014,10.8551,10.7152,9.6959,9.2641,7.8426,7.9755,9.1434,10.1209,8.7241,8.6879,8.2277,14.1908,9.9632,10.4335,11.7891,12.4680,8.5379,12.2719,8.0227,9.4189,8.3164,5.4162,6.8079,7.4555,9.3564,9.1532,9.7368,7.1517,7.8149,6.8320,12.9041,11.7740,8.6247,8.7960,12.2912,8.2103,11.9759,8.5906,8.7009,8.8178,8.9390,9.0656,9.1964,9.3341,9.4761,9.6239,9.7757,9.9331,10.0940,10.2603,10.4308,10.6054,10.7854,10.9685,11.1557,11.3468,11.5406,11.7373,11.9364,12.1381,12.3422,12.5477,12.7548,12.9634,13.1727,13.3829,13.5934,13.8039,14.0143,14.2242,14.4332,14.6410,14.8474,15.0519,15.2544,15.4545,15.6518,15.8461,16.0372,16.2249,16.4088,16.5888,16.7645,16.9354,17.0995,17.2479,17.3642
45133.0833333,18.6431,23.3963,23.3725,23.3796,33.0931,21.9187,25.4640,19.7357,24.1234,19.8594,20.4759,20.2873,16.0978,20.6255,21.3601,20.6300,22.7857,21.4070,17.5117,16.8272,21.6517,16.3826,14.3440,16.6971,16.1757,24.5982,15.7783,13.7311,15.9911,13.1604,13.1718,11.3050,10.6500,11.8384,12.0508,11.3445,13.2257,13.9674,9.0061,14.0393,15.0903,12.0456,9.7491,10.6756,25.3565,16.5980,12.3832,13.0366,10.0974,8.2839,11.5366,13.8304,15.4542,14.5669,6.4086,11.6554,11.0703,12.2208,20.3073,15.2772,15.2933,13.1150,11.9182,11.9565,11.2732,12.2155,16.1418,17.5598,10.3326,10.8507,12.3253,12.2030,11.3568,9.8714,8.6370,12.8871,12.1897,11.8793,10.5710,15.7550,23.7757,21.5298,13.0341,10.4356,12.1537,10.7255,18.2056,14.1080,19.1051,11.4465,17.1887,23.2213,23.3700,20.9909,9.7572,12.7122,13.7251,13.0465,13.1192,11.7520,11.9972,19.3466,14.8633,15.3399,20.6529,22.2148,16.6823,20.3592,13.1036,23.1352,14.4957,13.1327,15.5162,12.4735,15.2537,10.6855,12.0746,17.3149,15.5028,15.7818,9.1578,16.0792,12.5410,16.4996,18.7538,21.9128,20.2455,23.2679,17.3954,9.8203,12.3264,12.9898,14.0148,15.0820,19.7820,17.5493,16.7525,19.4693,15.0229,15.1582,13.8777,15.5465,13.4255,13.7949,15.9218,10.3466,11.5837,16.9683,13.3452,12.2562,12.5251,11.3755,11.5130,10.7526,9.3582,11.2111,12.6287,10.5575,10.2990,9.9970,16.2813,12.0563,12.1663,13.5629,13.8213,9.8022,13.8081,9.4539,11.3704,10.0768,6.2687,7.8409,8.8087,10.8681,10.5606,10.6217,7.8728,8.5808,7.5621,13.4735,12.1304,8.9254,9.0462,12.3869,8.2976,12.0208,8.6999,8.7638,8.8330,8.9062,8.9839,9.0653,9.1524,9.2432,9.3390,9.4385,9.5429,9.6507,9.7634,9.8801,10.0010,10.1271,10.2566,10.3906,10.5288,10.6706,10.8160,10.9648,11.1173,11.2732,11.4320,11.5938,11.7587,11.9261,12.0960,12.2683,12.4426,12.6191,12.7973,12.9770,13.1581,13.3403,13.5235,13.7074,13.8918,14.0765,14.2611,14.4456,14.6298,14.8133,14.9960,15.1775,15.3570,15.5324,15.6942,15.8209
45133.1250000,17.2584,23.0554,22.9438,23.0643,33.3369,21.1831,25.5447,19.7430,24.5759,19.5072,20.3756,20.4279,15.5873,20.9427,22.3200,21.6281,24.1065,22.8005,17.8620,17.3886,23.2029,17.2707,14.6561,17.9173,17.4668,26.5345,17.1923,14.7021,18.1227,14.6174,15.9090,14.2785,13.9322,14.5542,14.8157,13.7201,15.7345,16.4041,11.0516,16.0892,16.9842,13.8388,11.4385,12.2463,26.2180,18.1493,13.5950,13.7076,10.7512,8.6638,11.8995,14.1496,15.5792,14.6641,6.3076,12.3518,11.5661,12.3900,19.9540,14.8918,14.7628,12.6218,11.7508,11.9690,10.8844,11.9872,16.0677,17.4836,10.6333,11.2869,13.0432,13.2095,12.2776,10.5245,8.6107,13.8455,13.0510,12.9520,11.6135,16.3358,23.5503,21.4612,13.1225,10.2693,12.1895,10.7119,18.2474,14.0904,19.0934,11.1891,17.2048,22.9827,23.1138,21.0017,9.4837,12.7040,13.7446,12.7341,12.9744,11.4786,11.7878,19.1360,14.1007,14.5483,19.9092,21.4676,15.9947,19.6535,12.3835,23.1253,13.8742,12.5199,14.9376,11.7807,14.5875,9.9584,11.4247,16.8146,15.1095,15.3831,8.5199,15.5651,11.9552,16.2281,18.9915,22.3593,20.4251,23.3030,16.9788,9.0431,11.6182,12.3342,13.5836,14.9272,19.9137,17.6257,16.8030,19.9728,14.7794,15.1690,13.7584,15.9256,13.3816,13.7597,16.5189,10.0469,11.5726,17.9058,14.1544,12.7734,13.4108,12.1848,12.8954,12.8222,10.0671,12.5814,14.5021,11.7641,11.3405,11.2093,17.9909,13.6787,13.4946,14.9781,14.8726,10.7012,15.0737,10.5483,13.0636,11.5959,6.9075,8.6667,9.9661,12.2482,11.8455,11.4398,8.4991,9.2598,8.1862,14.0374,12.4927,9.2095,9.2836,12.5064,8.3899,12.0799,8.7953,8.8209,8.8515,8.8860,8.9248,8.9674,9.0150,9.0664,9.1223,9.1818,9.2457,9.3129,9.3846,9.4599,9.5392,9.6229,9.7100,9.8010,9.8960,9.9943,10.0962,10.2014,10.3101,10.4223,10.5375,10.6560,10.7776,10.9022,11.0298,11.1603,11.2935,11.4295,11.5681,11.7091,11.8526,11.9984,12.1463,12.2962,12.4480,12.6017,12.7568,12.9136,13.0716,13.2309,13.3913,13.5523,13.7134,13.8726,14.0211,14.1376
45133.1666667,15.7858,22.2688,22.0459,22.2333,32.9325,19.9971,24.9341,19.0813,24.2329,18.5192,19.5664,19.7984,14.5017,20.4980,22.4233,21.7761,24.5691,23.3423,17.5350,17.2361,23.9428,17.4251,14.3785,18.3807,18.0042,27.7645,17.8810,15.0022,19.4835,15.3294,17.8313,16.4317,16.4463,16.5420,16.9043,15.4266,17.6711,18.3295,12.4843,17.6772,18.4800,15.2209,12.6988,13.4565,26.9751,19.5808,14.7033,14.3223,11.3605,9.0446,12.3192,14.5742,15.8628,14.9335,6.4085,13.1390,12.1622,12.7017,19.7998,14.6982,14.4221,12.2897,11.6443,11.9690,10.5283,11.7040,15.8227,17.1429,10.4940,11.2515,13.2688,13.7125,12.7119,10.7203,8.3067,14.3664,13.4941,13.6120,12.2483,16.6071,23.1317,21.1841,12.9844,9.9332,11.9925,10.4681,18.0211,13.8080,18.7934,10.7104,16.9037,22.4432,22.5433,20.6448,8.9392,12.3170,13.3709,12.1153,12.4781,10.8932,11.2406,18.5370,13.1499,13.5512,18.8813,20.4106,15.0146,18.5956,11.3805,22.6190,12.9442,11.6365,14.0697,10.8928,13.6921,9.1153,10.6113,16.0592,14.4611,14.7377,7.8182,14.8372,11.2257,15.6936,18.8744,22.4310,20.2665,23.0255,16.3505,8.2846,10.8320,11.5623,12.9442,14.4781,19.6836,17.3409,16.4852,20.0149,14.2228,14.7813,13.2645,15.7949,12.9264,13.2987,16.5363,9.4335,11.1153,18.1917,14.3125,12.7003,13.6171,12.3062,13.4849,14.0279,10.1457,13.2280,15.6551,12.3194,11.7741,11.8013,19.1605,14.7331,14.3302,15.9409,15.5423,11.2077,15.9790,11.2554,14.3841,12.7577,7.2650,9.2486,10.8747,13.4315,12.9569,12.1497,9.0149,9.8404,8.7116,14.5932,12.8747,9.5094,9.5507,12.6971,8.5464,12.2167,8.9463,8.9378,8.9335,8.9327,8.9358,8.9424,8.9537,8.9686,8.9879,9.0109,9.0383,9.0693,9.1045,9.1437,9.1868,9.2342,9.2852,9.3401,9.3988,9.4610,9.5267,9.5958,9.6684,9.7443,9.8234,9.9056,9.9911,10.0795,10.1709,10.2653,10.3625,10.4625,10.5653,10.6707,10.7788,10.8893,11.0024,11.1178,11.2355,11.3555,11.4776,11.6019,11.7282,11.8564,11.9864,12.1181,12.2508,12.3829,12.5073,12.6050
45133.2083333,13.8209,20.6581,20.3459,20.5632,31.5223,18.0614,23.4450,17.4230,22.8687,16.7386,17.9466,18.3706,12.8942,19.3302,21.6780,21.0672,24.1046,22.9452,16.4866,16.3560,23.7370,16.7532,13.4442,17.9879,17.6805,28.0277,17.6602,14.5362,19.9442,15.2817,18.8773,17.6856,18.0785,17.6947,18.1721,16.3512,18.8511,19.5328,13.1954,18.4858,19.2246,15.8502,13.2127,13.9639,27.2157,20.5365,15.3846,14.5681,11.6429,9.1279,12.4554,14.7387,15.9226,14.9805,6.3260,13.6973,12.5775,12.8699,19.5453,14.4165,14.0246,11.9202,11.4715,11.8914,10.1787,11.4014,15.5104,16.6349,10.1252,10.9035,13.0728,13.7087,12.6315,10.4883,7.7197,14.3750,13.4310,13.7183,12.3042,16.3160,22.2003,20.3684,12.3179,9.1299,11.2852,9.7663,17.3041,13.0810,18.0413,9.8917,16.1730,21.4864,21.5604,19.8676,8.1417,11.5967,12.6467,11.1993,11.6425,10.0137,10.3838,17.5703,11.7153,12.0884,17.3257,18.8284,13.5777,17.0732,10.0845,21.6002,11.7150,10.4858,12.8596,9.7204,12.4379,8.0014,9.4762,14.8533,13.3502,13.6372,6.8886,13.7501,10.2247,14.7803,18.2650,21.9887,19.6509,22.2990,15.3993,7.4254,9.9009,10.6431,12.0973,13.7428,19.0678,16.6944,15.8210,19.6208,13.3993,14.0833,12.5125,15.2809,12.1933,12.5529,16.1116,8.6529,10.3957,17.9569,13.9662,12.1839,13.3069,11.9520,13.4839,14.5295,9.7695,13.2512,16.1087,12.2644,11.4843,11.6611,19.5543,14.9894,14.4268,16.1662,15.5288,11.0712,16.2427,11.3722,15.1369,13.4191,7.2866,9.4354,11.3856,14.2510,13.7347,12.5849,9.2744,10.1753,9.0018,14.9550,13.0770,9.6270,9.6444,12.7400,8.5492,12.2201,8.9616,8.9383,8.9179,8.8997,8.8840,8.8707,8.8605,8.8528,8.8480,8.8457,8.8465,8.8500,8.8567,8.8664,8.8793,8.8958,8.9153,8.9384,8.9648,8.9946,9.0277,9.0642,9.1041,9.1473,9.1938,9.2436,9.2967,9.3529,9.4123,9.4747,9.5402,9.6086,9.6800,9.7542,9.8312,9.9109,9.9932,10.0782,10.1656,10.2555,10.3477,10.4423,10.5392,10.6382,10.7394,10.8426,10.9472,11.0520,11.1511,11.2289
45133.2500000,12.3700,19.3798,19.0023,19.2668,30.3737,16.6190,22.1707,16.0529,21.4940,15.0720,16.2907,16.7327,11.1430,17.7085,20.3724,19.8064,23.0572,21.9862,15.0887,15.0596,22.9803,15.7121,12.2670,17.1496,16.9112,27.7854,17.0524,13.7264,19.8108,14.7070,19.2155,18.2670,19.0558,18.2540,18.8787,16.7467,19.5222,20.2482,13.4349,18.9334,19.6426,16.1591,13.4277,14.1837,27.1977,21.0857,15.6525,14.5300,11.6176,8.9826,12.3941,14.7363,15.8647,14.9469,6.2135,14.1370,12.8998,13.0153,19.3590,14.2213,13.7278,11.6476,11.3673,11.8750,9.9330,11.1794,15.2372,16.1635,9.6469,10.4152,12.7148,13.5463,12.4096,10.0418,7.0805,14.1316,13.1278,13.6129,12.2034,15.9634,21.3107,19.5904,11.7175,8.4782,10.6584,9.1311,16.5459,12.3229,17.1928,9.0575,15.3107,20.3967,20.4340,18.8961,7.2804,10.7045,11.7410,10.2007,10.6981,9.0680,9.4387,16.4399,10.3552,10.6936,15.7605,17.2085,12.1281,15.4667,8.7114,20.2252,10.2883,9.1416,11.4643,8.4684,11.0915,6.9095,8.3288,13.5588,12.1727,12.4590,5.9639,12.5039,9.1089,13.6301,17.3594,21.2086,18.7355,21.2990,14.2875,6.5586,8.8973,9.6197,11.0961,12.8163,18.2221,15.8536,14.9783,18.9708,12.4778,13.2324,11.6420,14.5500,11.3460,11.6874,15.4472,7.8592,9.5841,17.4397,13.4009,11.5234,12.7628,11.3409,13.0875,14.5254,9.1600,12.8978,16.1032,11.8716,11.0053,11.2525,19.5576,14.8590,14.1855,16.0365,15.2194,10.6856,16.1346,11.1292,15.3770,13.5535,6.9463,9.1818,11.4182,14.6023,14.0877,12.6799,9.2477,10.2328,9.0419,15.0943,13.0947,9.5858,9.5962,12.6628,8.4544,12.1267,8.8898,8.8617,8.8328,8.8034,8.7745,8.7464,8.7199,8.6950,8.6722,8.6515,8.6335,8.6178,8.6049,8.5947,8.5872,8.5827,8.5808,8.5816,8.5851,8.5912,8.5999,8.6112,8.6251,8.6417,8.6609,8.6827,8.7073,8.7345,8.7644,8.7971,8.8325,8.8707,8.9116,8.9553,9.0017,9.0508,9.1026,9.1570,9.2141,9.2738,9.3360,9.4007,9.4679,9.5376,9.6095,9.6837,9.7597,9.8366,9.9099,9.9673
45133.2916667,10.8867,17.8237,17.3355,17.5388,28.5820,14.6610,20.2509,14.3853,19.8275,13.2818,14.4923,14.9790,9.5067,15.9605,18.7690,18.1803,21.4570,20.3722,13.2242,13.2906,21.4669,14.0292,10.6224,15.6723,15.4912,26.6335,15.6143,12.2780,18.9110,13.5773,18.8550,18.1194,19.2747,18.0882,18.8011,16.4011,19.3738,20.1027,12.9060,18.6637,19.2487,15.6343,12.7981,13.5716,26.4278,20.8130,15.1802,13.8846,11.0507,8.3604,11.8065,14.1447,15.1866,14.2586,5.5240,13.9349,12.6863,12.6652,18.6771,13.4807,12.8877,10.8446,10.7480,11.4263,9.4047,10.7265,14.7669,15.5256,9.0858,9.8179,12.1205,13.0154,11.7987,9.3282,6.3093,13.4871,12.3580,12.9373,11.4403,14.8755,19.7041,17.9743,10.2375,7.0233,9.1621,7.7041,14.9716,10.7945,15.5717,7.5865,13.7134,18.5815,18.6041,17.2149,5.9080,9.2788,10.3039,8.7373,9.2235,7.6214,7.9816,14.6773,8.8900,9.1202,13.8858,15.1858,10.2650,13.4756,7.1152,18.4489,8.6409,7.6068,9.8128,6.9590,9.3856,5.4934,6.7875,11.7442,10.4297,10.7163,4.6811,10.8499,7.6619,12.0716,15.8910,19.7926,17.2002,19.6463,12.6140,5.3171,7.5393,8.2745,9.7577,11.4941,16.8638,14.5081,13.6520,17.7484,11.1240,11.9519,10.4248,13.4154,10.1766,10.5077,14.3476,6.8213,8.5161,16.4733,12.3815,10.4532,11.7778,10.3876,12.3082,14.0524,8.3338,12.1670,15.5609,11.0166,10.1212,10.3493,18.9205,14.0604,13.2661,15.1618,14.1916,9.5905,15.2228,10.1458,14.8040,12.9655,6.1423,8.5407,10.9425,14.3505,13.7812,12.1555,8.6029,9.6286,8.4043,14.5004,12.3664,8.7531,8.6954,11.6943,7.4574,11.0693,7.8362,7.8314,7.8267,7.8213,7.8151,7.8076,7.7995,7.7900,7.7794,7.7673,7.7540,7.7395,7.7241,7.7078,7.6910,7.6740,7.6569,7.6401,7.6239,7.6085,7.5941,7.5811,7.5696,7.5598,7.5517,7.5456,7.5415,7.5394,7.5394,7.5412,7.5455,7.5520,7.5606,7.5713,7.5842,7.5992,7.6163,7.6358,7.6569,7.6802,7.7056,7.7329,7.7623,7.7936,7.8267,7.8611,7.8949,7.9316,7.9652,7.9909
45133.3333333,7.8521,14.7103,14.3709,14.6480,25.7341,11.9588,17.5621,12.0266,17.5224,11.0641,12.2436,12.7493,7.5073,13.4148,16.3396,15.8234,19.1089,18.0427,10.8851,11.0269,19.3453,11.8304,8.5661,13.5774,13.4134,24.7696,13.5241,10.1690,17.1396,11.6194,17.4436,16.8716,18.3075,16.8889,17.7762,15.2259,18.4537,19.1984,11.6275,17.7399,18.1905,14.4956,11.5081,12.2982,25.0695,19.6931,13.8677,12.5258,9.7335,7.0987,10.5491,12.8415,13.7771,12.8839,4.3046,12.8662,11.6184,11.5470,17.3852,12.1600,11.5123,9.4753,9.4099,10.1655,8.1306,9.4435,13.4657,14.2769,8.1535,9.0221,11.4056,12.3174,10.9798,8.3572,5.4575,12.6049,11.3298,11.9672,10.3331,13.5116,18.0309,16.2451,8.6207,5.4978,7.3877,5.9840,12.9561,8.7874,13.3637,5.6517,11.4613,16.1019,16.1004,14.7438,3.8976,7.0786,8.0867,6.6428,7.0595,5.5279,5.8867,12.2427,6.8122,7.0068,11.5174,12.7369,8.0437,11.1259,5.1665,16.1400,6.5874,5.6692,7.8278,5.1898,7.4113,3.8720,4.9832,9.6492,8.4023,8.6737,3.1296,8.7572,5.7561,9.9786,13.7519,17.6848,15.0493,17.4395,10.4522,3.7118,5.7447,6.4360,7.8282,9.5319,14.7929,12.5134,11.7336,15.9051,9.2795,10.0764,8.6393,11.7094,8.5284,8.8838,12.7482,5.4414,7.0727,15.0336,10.9262,8.9881,10.3436,8.9871,11.0325,12.9769,7.1996,11.0747,14.6102,9.8993,8.9745,9.1294,17.9368,12.8818,12.0448,13.9572,12.9427,8.2532,13.8961,8.7586,13.5544,11.6843,4.8289,7.2415,9.7379,13.3903,12.8034,11.1381,7.4673,8.5247,7.2930,13.4231,11.3190,7.6005,7.4370,10.3470,6.1073,9.5575,6.2111,6.2230,6.2309,6.2349,6.2355,6.2320,6.2263,6.2187,6.2093,6.1985,6.1870,6.1745,6.1618,6.1490,6.1359,6.1226,6.1092,6.0954,6.0812,6.0665,6.0514,6.0370,6.0201,6.0031,5.9852,5.9668,5.9477,5.9280,5.9080,5.8881,5.8681,5.8483,5.8287,5.8094,5.7906,5.7723,5.7545,5.7371,5.7162,5.6742,5.6472,5.6190,5.5922,5.5672,5.5447,5.5247,5.5076,5.4939,5.4786,5.4679
45133.3750000,4.0892,10.6014,10.4645,10.8182,21.8096,8.5045,13.9293,9.0315,14.5174,8.3424,9.4804,10.0136,5.1643,9.8855,12.9273,12.6474,16.3449,15.2096,8.2849,8.3213,16.6108,9.1563,6.1756,11.0989,11.0069,22.4768,11.1818,7.8924,14.9910,9.3861,15.4792,15.0142,16.8996,15.1619,15.9599,13.2205,16.7074,17.5749,9.7973,16.2469,16.6260,12.9899,9.9060,10.7466,23.4463,18.1807,12.2015,10.7949,8.0497,5.6056,9.0851,11.2324,12.2382,11.1913,2.9017,11.1861,9.9073,9.8601,15.6052,10.3993,9.8713,7.7092,7.5889,8.3898,6.5514,7.7764,12.0031,12.5424,6.5816,7.7904,10.3896,11.3871,10.0604,7.2590,4.6327,11.6678,10.2639,10.9880,9.2673,12.2817,16.6781,14.8680,7.3740,4.5108,5.9422,4.6115,11.1809,7.0438,11.3220,3.9933,9.3293,13.6592,13.6774,12.2885,1.9319,4.7258,5.6667,4.4587,4.7405,3.4373,3.6245,9.5231,4.4972,4.8713,9.0347,10.0779,5.4769,8.3386,2.8113,13.3613,4.3133,3.4889,5.5883,3.2434,5.3229,2.3301,3.0625,7.3259,6.1779,6.4386,1.5037,6.7221,3.8366,7.7422,11.3274,15.2395,12.6343,14.9775,8.1369,2.0872,3.8519,4.4835,5.8518,7.5293,12.4533,10.1996,9.4495,13.7215,7.3040,7.9225,6.5479,9.6013,6.5691,6.9534,10.7613,3.8620,5.3860,13.2021,9.1587,7.2921,8.6148,7.3026,9.4052,11.4575,5.8936,9.7450,13.3904,8.6452,7.7738,7.8127,17.0034,11.6320,10.8386,12.7022,11.7185,7.0530,12.4685,7.4052,12.0556,10.1612,3.4396,5.7567,8.1432,12.0049,11.3574,9.8651,6.0916,7.1304,5.9196,12.1367,10.3226,6.6788,6.5199,9.4280,5.3541,8.5424,4.9901,4.9165,4.8487,4.7870,4.7318,4.6814,4.6394,4.6038,4.5740,4.5490,4.5289,4.5121,4.4983,4.4863,4.4756,4.4651,4.4544,4.4431,4.4310,4.4176,4.4031,4.3873,4.3704,4.3522,4.3331,4.3133,4.2925,4.2708,4.2483,4.2250,4.1990,4.1624,4.1303,4.0976,4.0660,4.0349,4.0039,3.9728,3.9426,3.9112,3.8760,3.8372,3.7959,3.7517,3.7053,3.6574,3.6089,3.5610,3.5096,3.4745
45133.4166667,3.0617,8.8450,8.6317,8.8908,19.5168,6.6812,11.5543,6.8820,12.0365,6.1578,7.1557,7.6211,3.2257,6.4328,9.3892,9.2642,13.1136,12.1642,5.7861,5.8619,14.0110,6.9092,4.2925,8.8914,8.8651,20.3098,9.1153,5.9657,12.9275,7.4020,13.5353,13.2707,15.4765,13.7353,14.6295,11.7798,15.2633,16.1360,8.3122,14.8839,15.1946,11.6950,8.6333,9.5325,22.1515,16.9306,10.8714,9.4394,6.7528,4.5357,7.9830,10.0914,11.1308,10.1863,2.3479,10.1898,8.8648,8.8771,14.4703,9.2730,8.8532,6.6825,6.4960,7.2609,5.5278,6.6378,10.8400,11.3219,5.2184,6.4885,9.2344,10.3399,9.1520,6.3306,4.0175,10.9812,9.5135,10.4815,8.6885,11.6481,16.1504,14.3742,7.0372,4.4009,5.5791,4.3733,10.5885,6.5852,10.6006,3.8307,8.6549,12.6254,12.6116,11.1506,1.4774,3.7684,4.5993,3.6302,3.7711,2.6388,2.6844,8.0717,3.0038,3.4111,7.2965,8.2419,3.9100,6.3479,1.2831,11.0469,2.5749,1.8519,3.8077,1.8192,3.7139,1.2234,1.7189,5.5288,4.5447,4.7401,0.4419,4.9629,2.3713,5.9146,9.2319,13.0596,10.5489,12.8623,6.2907,1.0155,2.4685,2.9904,4.2142,5.7965,10.4757,8.3088,7.6652,11.9260,5.8480,6.3536,5.0785,7.9810,5.1380,5.4342,9.0230,2.6710,3.9966,11.4309,7.5724,5.7726,7.0527,5.7502,7.7965,9.8758,4.6883,8.4159,12.1751,7.4974,6.7553,6.7140,15.9976,10.7039,9.9711,11.8233,10.9861,6.4502,11.6828,6.7957,11.2719,9.3197,2.9276,4.9145,7.0926,10.9777,10.3230,8.8849,5.2183,6.2537,5.0669,11.2901,9.5877,6.1138,6.0038,8.8940,5.0765,8.1193,4.6767,4.6396,4.5998,4.5570,4.5114,4.4606,4.4092,4.3553,4.2992,4.2410,4.1821,4.1224,4.0632,4.0049,3.9486,3.8943,3.8428,3.7944,3.7494,3.7076,3.6670,3.6182,3.5777,3.5407,3.5053,3.4735,3.4438,3.4158,3.3892,3.3637,3.3395,3.3160,3.2941,3.2738,3.2558,3.2392,3.2235,3.2085,3.1948,3.1805,3.1636,3.1440,3.1222,3.0976,3.0705,3.0411,3.0099,2.9776,2.9386,2.9150
45133.4583333,1.9218,7.0508,6.8633,7.0092,17.2030,4.6756,9.1673,5.0754,10.1084,4.4956,5.2196,5.5013,1.6595,3.5382,5.9968,5.8303,9.5740,8.6237,2.9489,3.0550,10.6870,3.8865,1.7732,6.0362,6.1823,17.4592,6.3477,3.4737,10.4263,5.1400,11.3143,11.1041,13.6132,11.9489,12.8035,9.8991,13.3806,14.0366,6.2573,13.0905,13.1456,9.6211,6.6168,7.6282,20.4481,15.1625,9.1331,7.8477,5.3402,3.4115,6.7771,8.7354,9.6328,8.7561,1.4186,8.8109,7.5375,7.6821,12.9723,7.6022,7.2303,5.0742,4.9462,5.8442,4.4181,5.4956,9.5550,9.9194,3.9635,5.2494,8.0867,9.0796,7.9328,5.0771,3.1083,9.8222,8.0937,9.2424,7.1252,9.9125,14.6869,12.7274,5.4177,2.8947,3.9375,3.0322,9.1224,5.1121,9.1427,2.7903,7.2604,11.0758,11.1102,9.6432,0.6974,2.7557,3.5866,2.8850,2.8801,1.9190,1.9346,6.6776,1.7917,2.0740,5.5527,6.2669,2.1574,4.2242,-0.3008,8.7449,0.9859,0.4772,2.2855,0.4351,2.0979,-0.0010,0.1462,3.4913,2.5654,2.7268,-0.8795,3.0670,0.7198,3.8855,6.7369,10.5488,8.1212,10.3987,4.1302,-0.3388,0.9778,1.4325,2.5871,4.0930,8.4896,6.2601,5.5555,9.6888,4.0747,4.5928,3.3156,6.1804,3.5405,3.7455,7.1356,1.3199,2.5728,9.6656,5.8152,4.1349,5.4263,4.2024,6.1486,8.1745,3.4723,6.9985,10.5601,5.9496,5.2009,5.0439,14.3383,9.0801,8.2198,10.0314,9.3612,4.9417,10.0332,5.2894,9.7320,7.9791,2.0984,4.0618,6.0528,9.9663,9.2397,7.8769,4.2039,5.2600,3.9840,10.2627,8.5079,5.0403,4.8419,7.6314,3.9299,6.7216,3.2639,3.2164,3.1736,3.1357,3.1029,3.0719,3.0481,3.0272,3.0079,2.9885,2.9680,2.9452,2.9194,2.8903,2.8580,2.8302,2.8021,2.7710,2.7337,2.6926,2.6455,2.5951,2.5413,2.4854,2.4272,2.3690,2.3109,2.2536,2.1978,2.1442,2.0932,2.0450,2.0004,1.9594,1.9226,1.8893,1.8590,1.8314,1.8069,1.7839,1.7608,1.7372,1.7135,1.6891,1.6639,1.6381,1.6117,1.5853,1.5498,1.5292
45133.5000000,-4.1169,0.5423,0.6910,0.4877,9.1748,-4.6025,-0.9455,-3.7417,2.6384,-2.3197,-2.0105,-2.6085,-5.4237,-3.8033,-1.8567,-2.8278,1.4844,0.1249,-4.7877,-4.4752,3.5479,-3.4267,-4.0404,0.3226,0.6631,10.8251,-0.8067,-3.8549,3.7038,-1.4821,4.9333,4.4600,7.6763,5.7713,6.7021,3.5413,6.7276,6.9242,-1.1104,6.8334,5.7918,1.0687,-2.1086,-0.1222,14.7827,8.0531,1.7565,0.8776,-1.2229,-2.5136,1.2674,3.3921,4.0267,2.4134,-4.5235,3.1914,2.9183,3.8330,7.9315,1.5112,0.4631,-2.4772,-3.0355,-0.9591,-1.0269,0.8401,5.0890,5.0725,-0.0935,2.1239,4.8674,5.5703,4.7814,2.0909,0.7699,7.1802,3.9889,5.1360,0.7983,2.6745,9.3307,5.7625,-2.2845,-5.5611,-5.8046,-5.5403,1.9509,-3.0937,1.6182,-4.7475,-1.1101,2.4081,2.3640,0.5433,-8.0184,-5.7962,-4.2823,-3.8264,-5.4070,-5.7127,-4.8800,-0.4119,-3.9856,-3.8479,-0.8246,-0.6369,-4.8144,-2.4763,-6.5200,2.6752,-4.5052,-4.4106,-1.5658,-4.3454,-2.1081,-3.7395,-4.4715,-0.6186,-2.1404,-2.4259,-5.7092,-1.6733,-4.0196,-1.4797,0.4598,3.4222,0.9785,3.4041,-2.7626,-6.2168,-4.7397,-4.4464,-2.8419,-0.9460,3.3141,1.1497,0.4372,4.0434,-1.8181,-0.8565,-1.8084,1.1328,-1.4067,-1.2075,2.0278,-3.5276,-1.7439,5.6369,0.4928,-0.5745,1.1068,0.7033,2.7202,4.6253,0.8867,5.1954,7.6107,2.9491,0.5243,0.2325,9.8911,3.9450,2.3440,3.2257,2.7184,-0.7858,3.8362,-1.0190,3.2109,2.0808,-2.9843,-0.6008,1.1452,5.7098,4.9942,4.4113,-0.1050,1.7057,-0.2631,6.6057,4.3769,0.4663,-0.1365,2.4992,-1.3200,0.7329,-3.0055,-3.1644,-3.3024,-3.4219,-3.5247,-3.6176,-3.6934,-3.7587,-3.8157,-3.8666,-3.9128,-3.9559,-3.9966,-4.0355,-4.0726,-4.1024,-4.1283,-4.1523,-4.1765,-4.1992,-4.2223,-4.2445,-4.2664,-4.2882,-4.3110,-4.3344,-4.3593,-4.3860,-4.4148,-4.4458,-4.4788,-4.5141,-4.5509,-4.5891,-4.6280,-4.6679,-4.7085,-4.7496,-4.7906,-4.8319,-4.8742,-4.9173,-4.9607,-5.0042,-5.0477,-5.0909,-5.1336,-5.1756,-5.2331,-5.2748
45133.5416667,-19.4464,-15.9877,-12.2046,-10.9640,-1.8455,-14.5819,-12.6692,-18.3182,-10.9095,-14.1379,-14.0462,-15.0769,-17.4062,-15.6852,-14.3386,-15.6285,-11.9427,-13.2033,-16.9656,-17.0585,-8.6831,-17.6954,-16.8272,-14.2585,-10.1011,1.0704,-9.9452,-13.7853,-4.6792,-11.7268,-2.6325,-4.0402,0.0946,-0.1901,-0.6621,-3.6994,-1.2181,-2.3406,-12.9073,-2.2812,-3.8284,-8.4811,-15.3111,-13.6339,5.4733,-4.5061,-10.2164,-9.5837,-13.0436,-14.7619,-9.0003,-8.0006,-7.2952,-7.9284,-15.5071,-9.9500,-8.7228,-3.5078,2.7861,-4.4331,-6.2169,-9.7203,-14.3283,-12.6676,-11.9815,-9.9131,-4.6316,-3.6069,-8.9895,-4.0046,0.5332,-1.9863,-3.9755,-5.4493,-5.4701,3.7047,0.1015,1.9117,-4.4179,-3.2626,9.0653,3.5419,-5.3547,-8.9327,-15.0788,-14.1293,-7.2065,-15.3057,-9.5999,-15.4782,-12.6598,-9.2745,-9.5697,-12.6423,-19.8455,-19.6069,-18.3333,-14.9538,-18.7065,-19.3268,-19.0787,-15.6073,-17.5937,-16.8233,-13.4673,-13.0389,-16.6422,-14.0617,-18.9324,-9.1183,-14.8698,-13.9646,-8.9992,-11.2716,-9.6537,-10.4622,-14.0318,-7.6622,-9.4892,-8.2663,-12.7799,-8.8810,-11.1852,-9.0830,-7.2230,-4.3495,-7.6104,-4.8892,-11.3831,-13.9358,-12.9578,-12.2972,-12.8306,-11.1201,-3.8983,-7.2235,-7.6339,-3.1553,-8.6318,-8.7735,-9.8979,-6.9134,-9.1630,-9.0244,-5.8051,-11.7386,-9.9103,-1.1757,-9.2592,-9.5784,-7.8218,-8.2871,-4.8968,-3.0823,-4.9115,2.4901,4.3280,0.5117,-2.3424,-5.0048,5.7608,-1.3917,-2.7705,-2.0171,-1.3494,-6.0108,-3.3606,-9.0040,-6.9892,-8.0570,-11.6850,-9.9103,-7.9451,-3.1367,-3.7591,-2.9890,-8.6619,-5.9197,-7.4087,0.7899,-1.3934,-5.1588,-5.7292,-2.8154,-6.1694,-5.1986,-8.9499,-9.3094,-9.6736,-10.0360,-10.3902,-10.7367,-11.0608,-11.3646,-11.6461,-11.9046,-12.1395,-12.3511,-12.5402,-12.7079,-12.8554,-12.9802,-13.0864,-13.1771,-13.2555,-13.3220,-13.3792,-13.4273,-13.4680,-13.5021,-13.5312,-13.5555,-13.5762,-13.5940,-13.6094,-13.6228,-13.6344,-13.6446,-13.6533,-13.6608,-13.6670,-13.6723,-13.6773,-13.6820,-13.6866,-13.6917,-13.6984,-13.7067,-13.7167,-13.7285,-13.7421,-13.7574,-13.7744,-13.7932,-13.8318,-13.8553
45133.5833333,-26.2482,-20.9575,-17.0993,-13.8596,-4.7045,-16.6099,-17.4664,-23.2687,-17.9907,-19.7422,-20.6272,-22.8675,-24.7816,-23.8440,-23.3058,-24.7889,-21.7550,-22.8585,-24.9823,-25.8537,-17.7174,-28.1940,-22.9259,-26.2082,-18.4476,-7.4919,-20.4473,-23.9644,-12.5340,-21.1252,-13.2366,-13.8836,-7.9655,-2.4744,-2.4005,-5.2266,-2.8609,-4.7210,-17.6941,-5.5031,-7.0479,-11.3507,-22.2974,-21.8753,0.2792,-12.5865,-17.5002,-15.7371,-20.6020,-22.0114,-15.5693,-15.5028,-14.7546,-14.4226,-21.4028,-21.3366,-19.7849,-14.3858,-2.9056,-9.4418,-10.5219,-13.2335,-20.8602,-19.8611,-18.3523,-12.4870,-8.6874,-9.7203,-18.7726,-11.4996,-4.4308,-3.7083,-4.7846,-12.1697,-11.5707,-1.4853,-5.0184,-5.7716,-11.0169,-9.1528,9.3923,3.7904,-4.5201,-7.5573,-18.0408,-13.0556,-6.6160,-13.7043,-9.0179,-14.2756,-13.0081,-10.4780,-11.5013,-16.2207,-21.4773,-23.0802,-22.8579,-16.7051,-22.6657,-23.4922,-24.0694,-22.6866,-24.4964,-23.7582,-21.1369,-21.0847,-24.2620,-22.7916,-28.0063,-20.8225,-25.1059,-23.8394,-17.0812,-18.1357,-16.7552,-15.9398,-22.5767,-14.5686,-18.8724,-13.1314,-16.7799,-13.5953,-15.2654,-13.8851,-16.0954,-10.2652,-12.7463,-8.8800,-14.8247,-15.5261,-17.9609,-15.7654,-18.5724,-18.2857,-8.4233,-12.6623,-16.2533,-8.9595,-12.7280,-13.1208,-13.8371,-10.1222,-11.4081,-12.1037,-9.7559,-14.2884,-13.2596,-4.5828,-15.9436,-15.9052,-12.4807,-15.2266,-12.8155,-12.9426,-12.6642,-3.1297,-1.1360,-3.2082,-5.4915,-9.1796,3.4989,-3.8410,-3.6840,-2.3865,-0.0185,-5.0866,-3.8556,-10.0302,-11.0228,-12.9884,-15.0439,-15.3851,-14.5236,-10.4941,-11.2192,-8.7719,-13.2459,-11.4079,-12.5462,-3.7976,-5.7031,-8.9115,-9.3224,-6.1958,-8.5822,-8.5139,-11.6701,-11.8754,-12.0851,-12.2989,-12.5167,-12.7438,-12.9698,-13.1997,-13.4335,-13.6712,-13.9123,-14.1563,-14.4022,-14.6490,-14.8950,-15.1357,-15.3710,-15.5999,-15.8219,-16.0343,-16.2362,-16.4257,-16.6020,-16.7641,-16.9121,-17.0456,-17.1649,-17.2704,-17.3629,-17.4429,-17.5112,-17.5687,-17.6162,-17.6545,-17.6842,-17.7066,-17.7225,-17.7327,-17.7377,-17.7388,-17.7370,-17.7329,-17.7268,-17.7192,-17.7106,-17.7011,-17.6912,-17.6811,-17.6890,-17.6800
45133.6250000,-30.0526,-23.3241,-18.2964,-17.4019,-1.8988,-11.9605,-12.2649,-21.8662,-13.2239,-12.1487,-13.1550,-16.6420,-18.9628,-20.3122,-22.3223,-22.5915,-22.5122,-25.1487,-26.2917,-27.8858,-21.3466,-32.8519,-27.1559,-28.6307,-25.6993,-11.9405,-26.5962,-28.0128,-17.7337,-24.3800,-19.9547,-20.8790,-15.6987,-8.4268,-6.6112,-4.8829,0.2098,0.4304,-14.3319,-0.5466,-2.1979,-6.6305,-17.4961,-15.8157,2.3348,-15.2059,-19.7884,-17.1400,-22.8445,-20.7918,-16.3215,-18.0190,-17.7979,-16.8826,-22.4631,-28.0769,-26.3582,-21.6691,-6.2546,-12.1378,-12.7538,-14.1588,-24.6593,-24.6535,-22.4855,-16.3954,-11.2653,-8.5133,-23.2121,-15.9066,-7.1443,-7.7707,-7.4204,-11.3628,-6.1893,-0.1906,-2.0853,-6.2521,-11.2263,-2.9595,14.4211,8.5730,-0.0184,-2.0433,-10.7083,-8.6326,-3.7540,-11.0247,-7.3113,-11.9333,-10.7996,-7.6668,-7.9426,-12.7178,-18.4065,-18.0002,-15.0369,-5.6996,-12.1161,-12.6277,-14.2467,-15.7922,-20.4818,-21.2619,-18.4922,-19.2486,-22.1569,-22.6358,-28.8468,-26.3062,-29.3943,-28.6664,-20.9210,-20.4524,-19.5276,-18.3653,-23.3318,-17.8607,-25.1694,-20.7367,-19.4044,-16.6437,-17.2013,-15.3980,-16.6389,-14.0918,-16.7191,-12.0378,-17.0043,-16.6661,-17.5027,-18.0380,-21.0515,-21.0158,-9.6733,-14.5676,-18.0457,-12.4445,-14.7265,-15.5173,-14.8142,-13.1674,-12.9172,-10.6939,-8.1774,-12.7870,-12.4842,-1.8511,-14.9545,-14.4194,-12.5378,-14.3575,-13.8350,-16.6032,-12.1447,-5.0086,-3.1971,-4.3620,-6.7136,-11.6325,1.5768,-8.5327,-4.7625,-2.8609,1.0126,-4.0650,-3.3910,-11.9963,-11.1143,-12.4259,-12.7847,-14.4047,-15.0599,-12.4492,-13.5829,-9.9279,-13.2858,-11.9314,-12.6696,-3.9184,-5.8454,-8.7144,-9.2370,-6.2882,-7.9177,-8.7119,-11.3425,-11.4797,-11.6081,-11.7328,-11.8571,-11.9883,-12.1169,-12.2487,-12.3841,-12.5234,-12.6667,-12.8139,-12.9648,-13.1193,-13.2769,-13.4354,-13.5957,-13.7581,-13.9231,-14.0898,-14.2583,-14.4277,-14.5976,-14.7675,-14.9370,-15.1051,-15.2713,-15.4348,-15.5948,-15.7505,-15.9008,-16.0450,-16.1821,-16.3114,-16.4321,-16.5437,-16.6461,-16.7390,-16.8221,-16.8958,-16.9605,-17.0166,-17.0643,-17.1041,-17.1364,-17.1617,-17.1805,-17.1932,-17.2171,-17.2140
45133.6666667,-31.4686,-28.1223,-23.6643,-22.8393,-2.8466,-14.8736,-10.7406,-21.7170,-14.3863,-11.3370,-10.2012,-10.7485,-9.9452,-11.6631,-13.4767,-13.0501,-10.2974,-13.7296,-14.9309,-20.4734,-13.4427,-25.6789,-21.9407,-23.0221,-24.9057,-11.8932,-27.7091,-28.7990,-23.1943,-26.9147,-25.1942,-25.9184,-21.1445,-13.4351,-11.0886,-7.7560,-3.0426,-1.1955,-11.3465,2.7914,7.6065,0.4350,-6.8462,-2.9481,12.9911,-8.0958,-12.3587,-10.2428,-17.2164,-15.7994,-10.8403,-14.2487,-14.9140,-13.1643,-17.7646,-29.4008,-28.5425,-24.3972,-6.6955,-11.2146,-11.0905,-15.3598,-25.1083,-25.6906,-23.9411,-19.5543,-16.2050,-9.9498,-24.8069,-17.1792,-9.5154,-10.8457,-9.7024,-11.3081,-5.6669,-1.7976,0.6177,-5.1199,-8.6281,3.7280,20.5467,14.7628,2.3887,0.9767,-1.4096,-2.7180,6.2074,0.0338,4.1948,-0.0046,-0.2337,4.0675,2.7447,-3.6809,-11.2418,-12.9579,-11.1903,-2.8093,-8.2163,-4.8871,-8.3098,-6.1828,-11.9421,-15.0145,-10.1988,-10.7807,-15.9845,-14.2505,-20.3811,-22.1273,-24.8514,-25.1091,-21.1121,-19.9599,-17.2619,-17.4107,-22.0699,-16.0882,-24.7439,-21.7539,-18.1621,-16.7899,-18.7814,-19.0135,-17.8860,-13.8650,-15.8331,-10.8700,-15.2551,-14.8098,-17.0413,-17.5302,-21.2177,-21.9439,-10.2406,-15.1838,-17.6431,-13.7174,-15.7008,-16.6741,-14.6425,-14.6684,-13.5915,-9.8250,-6.8839,-11.5558,-12.5289,-1.2269,-15.1067,-14.0171,-13.0226,-13.0045,-12.2952,-15.6890,-10.8957,-6.5261,-1.7453,-1.4639,-3.1099,-10.1421,4.2325,-7.6737,-1.5362,0.9194,5.7771,-1.6123,0.6669,-9.9457,-8.7975,-11.7805,-9.0426,-12.2702,-11.9487,-10.0808,-11.4047,-6.9483,-9.5543,-11.0973,-11.2903,-0.6391,-2.1238,-4.5015,-4.9090,-2.0374,-3.3289,-4.6179,-7.0684,-7.3349,-7.6070,-7.8826,-8.1593,-8.4400,-8.7111,-8.9746,-9.2277,-9.4681,-9.6940,-9.9045,-10.0994,-10.2794,-10.4455,-10.5979,-10.7395,-10.8726,-10.9999,-11.1225,-11.2423,-11.3603,-11.4773,-11.5942,-11.7115,-11.8295,-11.9483,-12.0681,-12.1888,-12.3103,-12.4324,-12.5548,-12.6772,-12.7993,-12.9205,-13.0407,-13.1594,-13.2763,-13.3909,-13.5030,-13.6123,-13.7184,-13.8209,-13.9193,-14.0132,-14.1021,-14.1853,-14.2618,-14.3447,-14.3839
45133.7083333,-29.1474,-29.3400,-25.2121,-24.5436,-7.7032,-16.1592,-12.6768,-20.6775,-12.1578,-11.0280,-10.9858,-11.7972,-10.5894,-12.3740,-13.9998,-12.2085,-7.0784,-6.6671,-4.9841,-8.1274,-2.2084,-10.9794,-7.0780,-9.2674,-11.4694,1.2229,-15.8993,-17.5580,-17.6821,-21.5672,-24.3576,-27.0481,-24.7892,-17.7828,-15.2452,-12.1800,-5.7638,-4.5528,-15.3840,-3.1995,2.2806,-2.1914,-6.9786,-2.0156,19.4853,1.1611,-3.1513,1.5091,-6.1212,-4.1389,-0.9600,-1.5222,-2.7015,-3.8599,-5.6608,-20.6436,-21.3828,-18.6503,-0.5856,-6.6655,-6.4107,-9.9042,-18.5364,-20.5058,-17.1508,-17.4768,-16.2354,-11.3237,-24.6286,-18.3448,-12.2113,-11.0045,-12.0267,-13.2222,-7.4038,-2.5932,-1.1982,-5.4190,-6.4143,8.5156,24.9647,19.5207,4.3797,2.6518,3.6995,-0.2620,11.1684,5.7723,10.9098,4.1445,4.8706,13.5349,13.5435,6.6814,-1.0773,-3.1701,-2.0450,4.9758,0.1797,2.5418,-0.1384,4.0310,-4.5519,-4.9199,-1.3063,-1.0372,-8.3710,-5.5980,-11.7170,-14.8289,-16.4508,-17.2867,-15.0974,-13.2748,-12.1183,-10.6012,-15.3846,-12.1642,-19.1341,-17.4284,-12.8290,-12.9077,-15.8457,-16.6022,-18.3048,-14.2437,-15.4649,-10.1106,-13.4241,-12.3100,-15.1257,-14.7109,-19.2672,-20.7221,-9.6333,-14.2641,-16.1232,-13.6916,-14.9732,-16.8055,-16.6659,-16.6037,-15.5014,-11.1792,-10.0177,-11.3827,-11.9336,-1.8707,-13.5671,-12.1629,-11.6517,-11.1244,-10.6151,-13.2651,-6.3695,-2.9015,0.4565,-0.4661,-1.6153,-5.8666,7.9904,-3.1206,2.4275,5.2678,10.0741,-0.3254,3.9923,-7.0518,-6.5618,-9.3246,-6.9539,-9.1774,-10.1552,-7.3061,-8.0815,-3.2152,-5.3302,-6.8092,-8.6020,2.5237,1.2781,-0.8895,-1.1593,1.8427,0.6532,-0.3675,-2.6362,-2.7591,-2.8855,-3.0150,-3.1478,-3.2903,-3.4326,-3.5810,-3.7366,-3.9002,-4.0720,-4.2518,-4.4393,-4.6333,-4.8326,-5.0346,-5.2382,-5.4422,-5.6452,-5.8452,-6.0413,-6.2317,-6.4156,-6.5920,-6.7606,-6.9210,-7.0733,-7.2176,-7.3544,-7.4841,-7.6075,-7.7252,-7.8378,-7.9461,-8.0507,-8.1522,-8.2514,-8.3486,-8.4443,-8.5387,-8.6325,-8.7257,-8.8183,-8.9105,-9.0020,-9.0927,-9.1820,-9.2682,-9.3631,-9.4098
45133.7500000,-21.5469,-24.4134,-21.1793,-21.0979,-7.6193,-13.6926,-12.0270,-18.3530,-11.4469,-9.7036,-9.8936,-10.5483,-8.8055,-10.7803,-12.3469,-11.0092,-6.9253,-6.2992,-4.6221,-6.7551,-1.4181,-7.8553,-3.7344,-4.8825,-5.6240,8.7137,-5.3198,-5.7216,-6.4809,-9.1349,-14.1054,-18.0570,-18.7631,-13.9669,-13.2819,-11.7760,-6.5717,-3.5670,-13.2125,-3.3805,1.0464,-2.9101,-6.9627,-2.6856,21.2482,4.3503,1.1668,6.9301,0.4656,2.4527,5.4413,6.3222,7.7772,5.7265,3.8968,-8.9514,-9.6532,-7.5456,7.7192,1.9110,1.7634,-1.6077,-9.3159,-11.8165,-8.5650,-9.5718,-7.8902,-5.7417,-20.7531,-17.2539,-13.1273,-12.0347,-12.7200,-13.2103,-7.3737,-4.2118,-2.7604,-5.6158,-5.7677,10.2621,24.7906,20.5106,6.8312,5.4381,7.6333,4.4207,16.7490,12.3663,17.4922,10.5582,12.4925,22.6459,21.5621,15.1340,7.1493,5.6760,6.5007,12.0844,8.1871,9.5696,7.5439,13.4221,3.3761,3.7014,6.5640,8.0335,1.2754,4.7791,-1.1271,-4.2879,-5.8412,-7.6937,-6.8125,-5.2055,-5.1827,-3.2919,-7.9335,-6.7022,-12.4152,-11.4847,-6.8397,-7.0934,-9.8876,-11.0331,-12.5777,-8.8006,-9.4079,-3.4161,-6.8938,-5.3540,-8.6832,-8.8262,-13.1822,-15.5050,-6.1802,-10.5490,-12.0366,-10.3089,-10.5125,-13.1737,-12.9999,-14.0317,-12.6790,-8.9240,-9.7887,-9.6429,-11.1257,-4.4191,-13.4699,-12.0839,-12.1746,-11.0450,-10.6137,-12.5824,-4.6717,-2.8326,0.0302,-0.4631,-0.7834,-2.9268,11.0986,0.4952,5.6741,9.2233,13.8058,4.2587,10.0525,-0.3761,-0.2125,-2.5709,-1.2022,-3.2479,-5.1870,-3.0203,-3.3459,1.8419,-0.0242,-1.1606,-3.4193,6.4579,6.6480,4.5509,4.4637,7.7073,6.2924,6.1292,3.4333,3.7296,4.0235,4.2829,4.5075,4.6784,4.8028,4.8412,4.8012,4.6553,4.4184,4.0750,3.6490,3.1234,2.7079,2.4040,2.1731,1.9862,1.8242,1.6751,1.5316,1.3896,1.2469,1.1022,0.9552,0.8059,0.6545,0.5016,0.3477,0.1936,0.0400,-0.1122,-0.2624,-0.4097,-0.5535,-0.6933,-0.8286,-0.9592,-1.0847,-1.2052,-1.3207,-1.4314,-1.5374,-1.6391,-1.7365,-1.8300,-1.9194,-2.0034,-2.0939,-2.1327
45133.7916667,-10.9809,-15.5844,-13.5113,-14.1492,-3.8731,-8.5540,-8.4156,-13.4462,-8.6638,-6.8161,-7.4191,-8.3154,-6.5327,-8.5050,-10.4116,-9.3892,-6.1669,-5.5697,-3.8046,-5.5132,-1.4011,-6.6008,-3.2222,-4.3999,-4.9261,7.9342,-4.1065,-3.8006,-3.7026,-4.4929,-7.7671,-10.5907,-10.9121,-6.3194,-6.1409,-5.2513,-1.7539,0.9515,-7.5689,-0.2362,2.8601,-0.9094,-4.5952,-1.2560,21.5118,5.5273,2.6415,7.7244,2.4911,3.9844,7.0314,8.6226,11.5179,9.8651,6.9200,-1.8640,-1.9285,0.2172,13.8003,8.5104,8.4656,5.5575,-0.8791,-3.2271,-0.3674,-1.6065,0.2658,1.1813,-13.9535,-12.8350,-10.8001,-10.8127,-11.7333,-12.1582,-6.7385,-5.4877,-4.3080,-6.5980,-6.6327,7.4027,20.9929,17.3012,4.9687,3.6678,5.8588,3.5190,15.2947,11.3365,17.0059,10.0446,13.5061,23.5794,23.2986,18.1130,9.8217,10.0855,11.2920,15.5562,12.7927,13.5651,12.3852,19.4502,9.5580,10.0677,13.0023,14.3947,8.3195,12.1329,6.8882,5.5801,3.9669,2.0062,2.3512,3.2664,2.9572,4.1881,0.3539,0.6908,-4.2187,-3.9592,-0.4728,-1.4866,-3.6492,-5.3019,-7.1253,-4.2724,-4.5602,1.3868,-1.6840,-0.1510,-2.6198,-2.9681,-6.4877,-8.6871,-1.2774,-4.5265,-5.5148,-4.4414,-4.2923,-7.3600,-7.4684,-9.2372,-8.0564,-5.2558,-7.0905,-5.9849,-7.7737,-3.8899,-10.9812,-9.7116,-10.4526,-9.7444,-10.1946,-12.4348,-5.1157,-4.1443,-1.9226,-2.1157,-1.8815,-3.2850,9.1142,0.1752,4.8019,8.1439,12.0594,4.0949,10.2174,1.7907,2.7725,1.6879,2.4539,1.6435,0.2268,2.1853,1.9755,6.8234,4.8230,4.2031,2.2719,10.8511,11.5178,9.2217,9.2536,12.7024,10.6113,11.4017,7.9749,8.1254,8.2951,8.4670,8.6496,8.8366,9.0448,9.2527,9.4721,9.6901,9.9113,10.1167,10.3197,10.5055,10.6726,10.8162,10.9242,11.0016,11.0387,11.0389,10.9855,10.8799,10.7211,10.5095,10.2498,9.9396,9.5897,9.2027,8.7872,8.3835,8.0361,7.7389,7.4848,7.2658,7.0743,6.9037,6.7484,6.6040,6.4675,6.3363,6.2090,6.0843,5.9620,5.8416,5.7232,5.6071,5.4938,5.3855,5.2720,5.2126
45133.8333333,-0.1109,-4.9700,-3.7983,-4.9154,2.9703,-1.1570,-2.0922,-6.6897,-3.6971,-2.1808,-3.1952,-4.4715,-3.0633,-5.0791,-7.4136,-6.9561,-4.8041,-4.5972,-3.0142,-4.5355,-1.5464,-5.6518,-2.8833,-4.1221,-4.5634,6.4634,-3.9451,-3.5859,-3.7422,-4.0566,-6.7686,-8.7987,-8.4861,-3.6054,-2.8948,-1.5291,1.8157,4.4583,-2.5083,3.6020,6.1444,2.6914,-0.5898,1.9117,22.1131,7.1115,4.0290,8.0459,3.3900,4.2498,7.0665,8.6856,11.3914,10.0707,6.0437,0.5675,0.8999,3.0083,15.4479,10.6658,10.8569,8.4666,3.3987,1.6421,4.1214,3.3395,5.6823,6.5997,-6.7660,-6.8514,-6.1828,-7.0186,-8.2923,-9.2321,-4.4856,-4.9395,-4.3279,-6.5721,-6.7272,5.2044,17.3599,13.9748,2.8263,1.5913,3.3834,1.4366,11.9051,8.0758,13.5768,6.7018,10.7697,20.3291,20.4534,16.1542,7.5056,8.8662,10.3305,13.4990,11.7538,12.1311,11.7178,19.4723,11.9713,12.6158,16.0357,17.5415,11.9668,15.6138,10.5736,11.5419,9.7885,8.4441,9.0288,9.2567,9.3753,9.4648,6.9404,7.5228,3.3738,3.3249,5.1009,4.5789,2.4913,0.7517,-1.4246,0.3896,-0.2298,4.6101,1.6999,2.4517,0.8345,0.5316,-2.0916,-3.9379,1.7531,-0.8779,-1.3875,-0.2508,0.1908,-2.1933,-2.2139,-3.9398,-2.8760,-0.9434,-2.9293,-1.7076,-3.4726,-1.4290,-7.0827,-6.0866,-7.3514,-7.1657,-8.4194,-11.0649,-4.4967,-4.3795,-2.9629,-2.9608,-2.4856,-3.7085,6.4893,-1.0158,2.7837,5.7433,8.9239,2.2838,7.9459,1.0716,2.5258,2.0455,2.3095,2.8088,2.3428,4.5762,4.7208,8.7645,6.6999,6.6093,5.1485,13.0739,13.5420,11.0387,11.2405,14.9279,12.1601,14.0549,10.5122,10.6529,10.7932,10.9224,11.0479,11.1663,11.2928,11.4142,11.5409,11.6640,11.7946,11.9217,12.0577,12.1954,12.3371,12.4829,12.6271,12.7763,12.9274,13.0808,13.2294,13.3744,13.5138,13.6458,13.7692,13.8776,13.9721,14.0465,14.1012,14.1320,14.1355,14.1121,14.0590,13.9754,13.8611,13.7167,13.5440,13.3454,13.1245,12.8858,12.6342,12.3766,12.1189,11.8668,11.6248,11.3963,11.1834,10.9888,10.8057,10.6922
45133.8750000,8.4964,4.8142,5.6498,4.6208,11.5432,7.4137,6.5440,1.8994,4.0250,4.9788,3.8896,2.4533,3.1208,1.1913,-1.4247,-1.6536,-0.5604,-0.9512,0.0985,-1.5820,0.4254,-2.9749,-0.9574,-2.3459,-2.8580,6.5634,-2.4340,-2.2065,-2.7710,-2.9783,-5.7302,-7.5062,-7.3213,-2.7486,-1.8633,-0.3612,3.0014,5.8548,0.1148,5.9569,8.5843,5.7117,3.0060,5.1902,23.7349,10.2022,7.0006,10.0318,5.6929,5.9259,8.5285,10.0547,12.3742,11.1682,6.2606,2.9586,3.1025,4.9012,16.2140,11.7312,11.9832,9.8835,5.8693,4.5456,6.4504,6.1168,8.8286,10.1068,-0.8894,-1.1048,-0.7928,-1.7504,-3.0538,-4.3379,-0.4783,-1.6049,-1.3726,-3.5366,-3.7101,6.5080,17.3472,14.3205,4.2937,3.0766,4.4810,2.7066,11.7524,7.9773,12.9973,6.2513,10.2866,18.9599,19.0440,15.1525,6.2624,7.8879,9.2365,11.4547,10.3205,10.2672,10.1644,17.9486,12.7874,13.5069,17.4211,19.1170,13.9214,17.5397,12.2992,15.3038,12.6126,11.5673,12.6234,12.1955,13.0622,11.9900,10.8269,12.4214,9.1153,9.1859,9.1209,10.1569,8.0342,7.0792,5.2574,6.5648,5.6226,9.5501,6.4338,5.8272,4.8159,4.3393,2.2272,0.6006,5.0337,2.6322,2.0853,3.0319,3.1741,1.3572,1.3319,0.0397,0.9588,2.4220,0.9832,1.8547,0.6310,2.1064,-2.3128,-1.4966,-2.7996,-2.9831,-4.7222,-7.6627,-2.0443,-2.4289,-1.6084,-1.4658,-0.9408,-2.0384,6.2146,-0.0277,2.9864,5.5376,8.0428,2.4757,7.3331,1.4841,2.6921,2.1488,1.8047,2.7605,2.8138,5.1857,5.5756,8.8153,6.7725,7.1512,6.0667,13.6333,13.8322,11.1842,11.5583,15.4732,12.1938,15.0733,11.5847,11.8161,12.0400,12.2483,12.4464,12.6315,12.8153,12.9882,13.1580,13.3184,13.4773,13.6267,13.7756,13.9188,14.0581,14.1940,14.3230,14.4504,14.5753,14.6991,14.8182,14.9351,15.0502,15.1642,15.2781,15.3894,15.5009,15.6098,15.7183,15.8248,15.9278,16.0284,16.1249,16.2163,16.3016,16.3796,16.4490,16.5087,16.5571,16.5930,16.6149,16.6218,16.6129,16.5873,16.5446,16.4846,16.4080,16.3176,16.2114,16.1397
45133.9166667,14.1122,12.1512,12.6951,11.7863,18.4018,13.5354,13.3653,8.6729,10.7665,10.9259,10.1437,8.9903,8.8809,7.9874,5.7034,5.1545,5.6663,4.8031,5.0667,3.3207,4.7064,1.5451,2.7228,1.3606,0.6313,8.4579,0.3789,0.3468,-0.5571,-0.8416,-3.6604,-5.3944,-5.6114,-1.6968,-1.0199,0.2660,3.2492,5.9234,1.0018,6.5381,9.0800,6.5694,4.3010,6.3246,23.8934,12.2531,9.2355,11.6819,7.9342,7.6363,10.3010,11.9251,13.9710,12.8335,7.1053,5.9256,5.8489,7.2303,17.3221,12.8430,12.9287,10.9131,7.7279,6.7452,7.9983,7.9791,10.8334,12.2588,3.2268,3.2319,3.5757,2.7769,1.6287,0.5205,3.2843,2.4707,2.4929,0.4594,0.2228,8.9202,18.4623,15.6856,6.5071,5.1929,6.4831,4.8917,12.9927,9.3114,14.0140,7.3640,11.4085,19.2207,19.2063,15.6801,6.6784,8.4593,9.6113,10.9666,10.1773,9.7123,9.6749,17.1324,13.4256,14.0152,18.1241,19.7799,14.7078,18.3310,12.8158,17.5957,13.7768,12.8244,14.2419,13.1170,14.5690,12.4217,12.2544,14.8372,12.1088,12.3182,10.5090,13.3756,11.1351,11.4438,10.5111,12.0019,10.9980,14.4210,11.0143,8.8754,8.7675,8.4355,6.9643,5.6957,9.3201,6.8970,6.1107,6.8201,6.2442,4.7241,4.4265,3.4438,3.8829,4.8777,3.9474,3.9749,3.3108,4.8386,1.2269,1.8167,0.8375,0.7196,-0.7590,-3.4068,1.0261,0.5835,1.0602,1.0901,1.5117,0.5652,7.3713,2.0154,4.2765,6.4189,8.2758,3.4762,7.7134,2.6218,3.6918,3.0389,2.1876,3.2235,3.4359,5.6148,5.9167,8.3041,6.1618,6.7264,5.7853,12.8908,12.7191,9.8900,10.2861,14.2316,10.5674,14.0772,10.6381,10.9488,11.2595,11.5630,11.8615,12.1514,12.4396,12.7178,12.9903,13.2515,13.5063,13.7483,13.9837,14.2085,14.4239,14.6304,14.8254,15.0130,15.1925,15.3653,15.5288,15.6850,15.8344,15.9775,16.1155,16.2468,16.3736,16.4946,16.6115,16.7238,16.8314,16.9355,17.0359,17.1329,17.2266,17.3173,17.4052,17.4904,17.5730,17.6529,17.7299,17.8042,17.8754,17.9432,18.0072,18.0669,18.1217,18.1711,18.2066,18.2423
45133.9583333,17.0871,17.1147,17.5037,16.8243,23.7188,17.7253,18.5152,13.5534,15.9276,15.0671,14.6404,13.7802,12.6301,13.1297,11.5549,10.9988,11.5841,10.6454,10.0090,8.4785,10.0615,6.7994,7.1284,6.2770,5.4307,12.3090,4.6832,4.1824,3.2108,2.4871,-0.3151,-2.1490,-2.8458,0.2964,0.6510,1.5378,4.0212,6.2802,1.7811,6.9316,9.2067,6.8385,4.7895,6.5726,23.1398,12.9702,9.9790,12.0331,8.7699,8.0406,10.9566,12.8757,14.8938,13.9515,7.4656,8.4639,8.3080,9.4329,18.6550,14.1749,14.1265,12.1343,9.5922,8.8587,9.4263,9.6129,12.5054,13.8845,5.9308,6.1592,6.7609,6.2602,5.2567,4.2286,5.8552,6.0666,5.9989,4.2564,3.9891,11.5489,20.0477,17.5187,8.9383,7.3954,8.7187,7.1933,14.7151,11.0351,15.5319,8.8071,12.9982,20.1122,20.0290,16.8281,7.6040,9.5860,10.6199,11.3035,10.8013,10.0270,10.0470,17.2377,14.1575,14.6461,18.9235,20.4984,15.4200,18.9715,13.0050,19.1543,14.0908,13.0521,14.7684,13.0608,14.9611,11.9934,12.4915,15.9150,13.5814,13.8529,10.4585,14.7808,12.2638,13.7344,13.7888,15.6990,14.6796,17.8987,14.0844,10.3702,11.2001,11.1914,10.5032,9.8545,13.3701,11.0392,10.1825,11.0357,9.5844,8.3585,7.7166,7.1236,6.9221,7.5063,7.0686,5.9006,5.6183,7.5253,4.3110,4.5283,3.7698,3.4576,2.3432,0.2042,3.3134,3.2283,3.7188,3.4966,3.8378,3.1191,9.1327,4.4340,6.0925,7.9732,9.2992,5.0052,8.8599,4.2458,5.2921,4.4681,3.0234,4.0805,4.4161,6.4184,6.5683,8.2081,5.9616,6.5708,5.6645,12.2901,11.7824,8.8386,9.1756,12.9848,9.1193,12.8523,9.4404,9.7030,9.9712,10.2400,10.5113,10.7828,11.0595,11.3356,11.6141,11.8910,12.1694,12.4444,12.7198,12.9923,13.2621,13.5285,13.7891,14.0458,14.2973,14.5436,14.7823,15.0140,15.2383,15.4551,15.6647,15.8655,16.0589,16.2436,16.4207,16.5899,16.7508,16.9045,17.0508,17.1900,17.3225,17.4486,17.5685,17.6828,17.7916,17.8954,17.9943,18.0888,18.1791,18.2656,18.3484,18.4277,18.5036,18.5756,18.6362,18.6895
45134.0000000,18.2273,20.2725,20.4534,19.9593,27.4286,19.9335,21.7296,17.0652,20.0054,17.9821,17.9484,17.4102,15.1421,17.6720,16.7848,16.0732,16.7675,15.6871,13.9004,12.6380,14.9502,11.2846,10.7944,10.8905,10.0947,16.7827,9.3036,8.3516,7.9328,6.6633,4.2984,2.3615,1.2556,3.5567,3.5482,3.9246,5.9064,7.6670,3.3266,8.7538,10.5315,8.0591,6.0077,7.4240,22.7763,13.5464,10.3112,12.7656,9.5400,8.3282,11.2914,13.2796,15.1389,14.2833,7.1481,10.0257,9.8290,10.7835,19.4082,14.9721,14.9010,13.0011,11.0969,10.6979,10.7103,11.1685,14.1927,15.7662,8.0114,8.2441,9.0800,8.8421,7.8956,6.8198,7.3467,8.8424,8.7030,7.2998,6.9737,13.7156,21.3358,19.0361,10.8481,9.2344,10.7240,9.2196,16.5181,12.7913,17.2339,10.2964,14.7915,21.3568,21.2333,18.3463,8.7617,11.0214,11.9858,12.0888,11.8189,10.7811,10.8423,17.7807,16.0971,16.3347,20.6339,21.9643,16.6588,20.5261,13.8891,21.0097,14.5805,13.2807,15.1303,12.9081,15.0658,11.4800,12.3645,16.3909,14.3012,14.5773,9.9655,15.3069,12.4983,14.8899,15.8036,18.1019,16.9621,20.0399,15.7109,10.6106,12.1849,12.4797,12.4958,12.4866,16.2556,14.0494,13.2507,14.5948,12.2488,11.4718,10.6126,10.6334,9.8161,10.1964,10.4066,7.9221,8.0488,10.6378,7.5401,7.3226,6.7673,6.1027,5.2499,3.5116,5.1780,5.5512,6.1628,5.4898,6.2787,5.6641,11.2893,7.1348,8.1866,9.8709,10.7016,6.6604,10.3760,6.0097,7.2391,6.2491,4.1033,6.1879,6.5070,8.2493,8.0854,8.9804,6.5387,7.0960,6.1324,12.3120,11.4851,8.4531,8.6976,12.2976,8.3459,12.1055,8.7494,8.9433,9.1453,9.3515,9.5630,9.7779,9.9996,10.2237,10.4524,10.6828,10.9174,11.1525,11.3913,11.6315,11.8732,12.1164,12.3594,12.6036,12.8483,13.0935,13.3373,13.5802,13.8216,14.0613,14.2993,14.5340,14.7660,14.9941,15.2184,15.4383,15.6531,15.8629,16.0671,16.2656,16.4579,16.6440,16.8237,16.9969,17.1635,17.3236,17.4769,17.6238,17.7643,17.8985,18.0266,18.1486,18.2646,18.3737,18.4688,18.5453
45134.0416667,17.6164,21.5915,21.5861,21.2988,29.6563,20.4015,23.3951,17.8337,21.4397,18.1152,18.5113,18.3645,15.0150,18.3803,18.7427,18.4640,20.0478,19.2678,16.3594,15.5697,19.0448,14.6791,13.3252,14.5512,13.8253,20.8199,13.0571,11.6104,12.2085,10.3352,8.9520,7.0995,5.9271,7.4999,7.2726,7.1351,8.7672,10.0601,5.6342,10.6868,12.2066,9.7033,7.6598,8.8302,23.1225,14.6333,11.0730,12.8953,9.9023,8.3554,11.4588,13.5898,15.3315,14.5219,6.8799,11.1934,10.8164,11.5305,19.5725,15.0860,14.9428,13.0811,11.6987,11.6142,11.1590,11.9263,15.2841,16.9271,9.6129,9.8938,10.9678,10.9374,9.9300,8.5821,8.1202,10.8756,10.6066,9.5265,9.0980,15.1225,21.9950,19.8948,11.9537,9.9704,11.7024,10.2174,17.5457,13.7675,18.2880,11.0760,16.0052,22.1961,22.0909,19.5321,9.5012,12.1160,13.0817,12.7039,12.6524,11.4091,11.5590,18.5584,15.9061,16.3173,21.1075,22.6134,17.3685,21.2463,14.3909,22.9330,15.3226,13.8701,15.7893,13.1225,15.4448,11.3599,12.4538,16.8994,14.9159,15.1151,9.5372,15.5032,12.3786,15.4277,17.0318,19.6190,18.2516,21.1835,16.2962,10.1211,12.1732,12.6737,13.2247,13.7548,17.8889,15.7449,14.9986,16.9348,13.6931,13.3729,12.3600,13.0975,11.7243,12.0683,13.0748,9.2983,9.9143,13.4927,10.3758,9.7617,9.5238,8.5909,8.0983,6.7956,6.9937,7.9148,8.7751,7.5638,8.0112,7.6089,13.3054,9.3309,9.9558,11.5813,12.0059,8.0644,11.8908,7.6202,9.2373,8.0991,5.1700,7.1752,8.0281,10.0286,9.8290,10.1804,7.5889,8.2081,7.2075,13.1193,12.0002,8.8680,9.0132,12.3993,8.3737,12.0662,8.7294,8.8217,8.9228,9.0306,9.1465,9.2695,9.4025,9.5424,9.6909,9.8458,10.0087,10.1770,10.3525,10.5333,10.7194,10.9103,11.1046,11.3031,11.5052,11.7105,11.9176,12.1268,12.3377,12.5500,12.7637,12.9776,13.1924,13.4069,13.6216,13.8358,14.0490,14.2615,14.4726,14.6821,14.8898,15.0953,15.2984,15.4988,15.6962,15.8904,16.0810,16.2678,16.4507,16.6293,16.8034,16.9728,17.1368,17.2938,17.4351,17.5457
45134.0833333,16.5549,21.9303,21.7548,21.6240,30.8255,20.0318,24.0535,18.2729,22.4573,17.9958,18.6852,18.7384,14.3721,18.7787,19.8021,19.3441,21.2828,20.4721,16.2271,15.8315,20.7944,15.6484,13.5818,16.2124,15.7387,23.6679,15.3461,13.4364,15.4221,12.8425,12.8366,11.1755,10.2083,11.1469,10.9012,10.3248,11.8801,12.8829,8.2051,12.8843,14.1165,11.4716,9.3294,10.2831,23.7282,15.8986,11.9961,13.1231,10.1582,8.2946,11.4388,13.5979,15.1812,14.3839,6.3981,11.8710,11.3507,11.8662,19.4191,14.8725,14.6471,12.7926,11.8048,11.9457,11.0483,12.0294,15.6458,17.2627,10.4392,10.9090,12.3035,12.5181,11.4473,9.8099,8.5077,12.4187,11.9838,11.1820,10.6046,16.0129,22.2064,20.2467,12.4425,10.0956,12.0133,10.4961,17.8755,13.9982,18.5913,11.0876,16.4143,22.3117,22.2344,19.9828,9.5194,12.4801,13.4860,12.7207,12.8699,11.4777,11.7175,18.7537,15.1442,15.5343,20.5565,22.0883,16.8032,20.6935,13.6245,23.5608,15.0531,13.6967,15.8526,12.9104,15.4686,11.0643,12.3930,17.2732,15.4119,15.5880,9.2997,15.7202,12.3065,15.8344,17.9788,20.7383,19.0265,21.7599,16.3008,9.3637,11.6646,12.2757,13.1890,14.1200,18.5779,16.4289,15.6927,18.1760,14.0941,14.1484,12.9974,14.3898,12.5188,12.8791,14.6629,9.7340,10.7967,15.4575,12.2389,11.2855,11.4469,10.3942,10.4289,9.7031,8.4860,10.0360,11.2640,9.4254,9.5271,9.2490,15.2105,11.2213,11.4574,13.0548,13.1039,9.1225,13.1638,8.8443,10.9423,9.6561,5.9001,7.8456,9.0356,11.2592,10.9846,10.8483,8.0787,8.8003,7.7827,13.6290,12.2905,9.0856,9.1992,12.4787,8.4132,12.1152,8.8262,8.8853,8.9488,9.0148,9.0842,9.1564,9.2334,9.3135,9.3980,9.4859,9.5787,9.6751,9.7769,9.8834,9.9950,10.1120,10.2338,10.3613,10.4943,10.6331,10.7766,10.9253,11.0789,11.2372,11.4000,11.5667,11.7374,11.9112,12.0883,12.2680,12.4499,12.6338,12.8194,13.0063,13.1941,13.3827,13.5716,13.7607,13.9496,14.1381,14.3260,14.5131,14.6991,14.8839,15.0671,15.2484,15.4271,15.6012,15.7613,15.8863
45134.1250000,15.3856,21.7457,21.4502,21.4620,31.4298,19.3824,24.2028,18.2986,22.9720,17.6019,18.5177,18.7384,13.6799,18.9257,20.5687,20.0273,22.3076,21.4010,15.9621,15.6469,21.7185,15.7466,13.0286,16.6059,16.2122,25.1212,16.0669,13.6270,17.1554,13.7823,15.4442,14.1255,13.6631,14.0186,13.9195,12.8963,14.6241,15.4974,10.3875,14.6004,15.7163,12.9772,10.7488,11.6168,24.5256,17.3554,13.1096,13.4520,10.5324,8.4303,11.6165,13.8042,15.2371,14.4311,6.2131,12.5161,11.7968,12.1119,19.2312,14.6122,14.2929,12.4269,11.7358,12.0471,10.7697,11.8997,15.6957,17.2242,10.6414,11.2853,13.0291,13.5307,12.4271,10.5296,8.5679,13.5550,12.9936,12.4875,11.7897,16.7279,22.3623,20.5349,12.8224,10.1563,12.2183,10.6508,18.0757,14.0858,18.7254,10.9566,16.5854,22.2074,22.1224,20.0971,9.2478,12.4372,13.4638,12.4003,12.6977,11.1849,11.4837,18.5463,14.1675,14.5445,19.7071,21.2477,15.9513,19.7446,12.5250,23.4097,14.1292,12.8066,15.1427,12.0445,14.7698,10.2218,11.7162,16.9580,15.2578,15.4943,8.8052,15.6011,12.0769,16.0729,18.7733,21.7615,19.7104,22.2721,16.2482,8.7770,11.1492,11.7741,12.8965,14.1026,18.8156,16.5849,15.8000,18.7393,13.8819,14.2023,12.9138,14.8409,12.5447,12.9201,15.3702,9.5049,10.8864,16.5487,13.1946,11.9586,12.4900,11.3491,11.9356,11.8510,9.3566,11.5727,13.2839,10.8280,10.6797,10.5538,16.9940,12.9131,12.8448,14.4862,14.2232,10.1248,14.4542,9.9797,12.5667,11.0845,6.4859,8.4421,9.9238,12.3823,12.0210,11.4501,8.4863,9.2807,8.2161,14.0704,12.5382,9.2552,9.3402,12.5447,8.4437,12.1459,8.8817,8.9108,8.9441,8.9802,9.0200,9.0627,9.1100,9.1603,9.2146,9.2720,9.3333,9.3975,9.4655,9.5367,9.6112,9.6890,9.7696,9.8537,9.9410,10.0317,10.1254,10.2223,10.3225,10.4261,10.5334,10.6440,10.7583,10.8761,10.9977,11.1230,11.2517,11.3842,11.5203,11.6598,11.8026,11.9487,12.0979,12.2500,12.4048,12.5620,12.7214,12.8829,13.0461,13.2107,13.3766,13.5432,13.7098,13.8743,14.0280,14.1489
45134.1666667,14.3686,21.3501,20.9476,21.0612,31.6620,18.6207,24.0448,17.9834,23.0816,17.0200,18.1178,18.4887,12.9957,18.7055,20.8968,20.3350,22.9738,22.0352,15.6817,15.4604,22.4494,15.7998,12.6501,16.8880,16.5372,26.2997,16.5061,13.5886,18.2993,14.1049,17.1238,16.0504,16.1180,15.9440,16.0986,14.6588,16.7746,17.6539,11.9184,16.2817,17.2130,14.2417,11.8206,12.6039,25.1924,18.6700,14.0488,13.3777,10.5466,8.2612,11.4840,13.7965,15.1767,14.4075,6.0461,13.1493,12.3024,12.4670,19.2105,14.5420,14.1503,12.2776,11.8193,12.2579,10.6556,11.8751,15.7701,17.1506,10.5619,11.2732,13.2971,14.0551,12.9192,10.8046,8.3401,14.2595,13.6079,13.3964,12.5995,17.1769,22.3448,20.6522,13.0133,10.0969,12.2971,10.7090,18.2189,14.1480,18.8553,10.8781,16.7678,22.1529,22.0607,20.2327,9.0796,12.4230,13.4542,12.1494,12.5471,10.9362,11.2610,18.2990,13.2942,13.6350,18.8301,20.3463,15.0667,18.7539,11.4911,22.9558,13.0903,11.7689,14.1719,11.0076,13.7783,9.2257,10.7691,16.1841,14.6104,14.8882,8.0324,14.9896,11.4431,15.8050,19.0410,22.3667,20.1130,22.6190,16.1661,8.4073,10.8144,11.4604,12.7282,14.1349,19.0755,16.7287,15.8508,19.1348,13.5806,14.0442,12.5956,14.9008,12.2267,12.5781,15.5385,8.9533,10.5150,16.9948,13.4780,12.0010,12.8380,11.6262,12.7010,13.2201,9.6169,12.4273,14.6444,11.6065,11.1942,11.2499,18.2962,14.0789,13.7696,15.5229,15.0148,10.7851,15.5048,10.8636,14.0332,12.3963,7.0150,9.0222,10.7864,13.5058,13.0653,12.1117,8.9522,9.8127,8.6940,14.6123,12.9064,9.5397,9.6017,12.7591,8.6154,12.3274,9.0705,9.0769,9.0868,9.0993,9.1148,9.1330,9.1549,9.1794,9.2073,9.2378,9.2716,9.3080,9.3478,9.3905,9.4362,9.4850,9.5364,9.5910,9.6486,9.7093,9.7728,9.8390,9.9082,9.9802,10.0550,10.1325,10.2128,10.2957,10.3813,10.4695,10.5602,10.6535,10.7495,10.8480,10.9490,11.0527,11.1590,11.2679,11.3794,11.4935,11.6103,11.7297,11.8517,11.9763,12.1033,12.2327,12.3638,12.4950,12.6193,12.7182
45134.2083333,13.2519,20.6095,20.1550,20.3671,31.4946,17.7173,23.5899,17.5532,22.9668,16.3837,17.5976,18.0661,12.3053,18.2645,20.8585,20.2633,23.2021,22.2462,15.2009,15.0691,22.8079,15.6271,12.2170,16.9336,16.6408,27.2062,16.7528,13.4938,19.1745,14.2873,18.4336,17.5333,18.0399,17.3140,17.6714,15.7958,18.3171,19.2443,12.8277,17.7446,18.6273,15.4669,12.8804,13.6536,26.0903,20.1059,14.9827,13.6965,10.7428,8.2426,11.4509,13.7351,14.9528,14.1382,5.6437,13.3922,12.4105,12.4492,18.8686,14.1672,13.7487,11.9079,11.6990,12.3050,10.4684,11.8087,15.8441,17.0098,10.3932,11.1112,13.3388,14.2997,13.1097,10.7642,7.9420,14.5936,13.8577,13.9299,13.0445,17.3350,22.1069,20.5392,12.9605,9.8533,12.1588,10.5597,18.1494,14.0157,18.7923,10.6558,16.7708,21.9726,21.8906,20.2514,8.8706,12.3352,13.3823,11.8965,12.3787,10.7054,11.0541,18.0560,12.6098,12.9099,18.0685,19.5421,14.3079,17.8057,10.6012,22.3856,12.1262,10.8101,13.2029,10.0508,12.7818,8.3320,9.8458,15.2728,13.7972,14.0846,7.2400,14.1314,10.6090,15.1615,18.8142,22.4435,20.0360,22.5307,15.7627,7.9050,10.3214,11.0112,12.4099,14.0007,19.1829,16.7910,15.8803,19.4917,13.3953,13.9652,12.3918,14.9639,11.9863,12.2884,15.6065,8.5004,10.1089,17.1932,13.4987,11.8082,12.8324,11.4909,12.9097,13.9307,9.4044,12.6871,15.3766,11.7984,11.1733,11.3574,19.0097,14.6106,14.0678,15.9520,15.2416,10.8866,16.0195,11.2141,15.0142,13.2772,7.2203,9.3151,11.3987,14.4465,13.9748,12.7060,9.3698,10.3124,9.1496,15.1934,13.3371,9.8824,9.9316,13.0748,8.8747,12.6171,9.3469,9.3363,9.3282,9.3220,9.3181,9.3164,9.3176,9.3211,9.3274,9.3362,9.3478,9.3619,9.3789,9.3985,9.4209,9.4461,9.4737,9.5042,9.5374,9.5734,9.6119,9.6530,9.6967,9.7430,9.7920,9.8434,9.8975,9.9539,10.0129,10.0744,10.1382,10.2044,10.2731,10.3440,10.4173,10.4929,10.5707,10.6508,10.7330,10.8174,10.9040,10.9927,11.0835,11.1764,11.2713,11.3681,11.4664,11.5651,11.6589,11.7338
45134.2500000,12.4862,19.9945,19.4724,19.7387,31.2411,16.9269,23.0750,17.0288,22.6670,15.7143,17.0055,17.5500,11.6668,17.7103,20.6244,20.0148,23.2005,22.2262,14.6672,14.5871,22.8852,15.2938,11.7312,16.7541,16.5094,27.7835,16.7586,13.2660,19.7385,14.3015,19.4233,18.6952,19.6379,18.4103,18.9575,16.6675,19.5674,20.5330,13.4316,18.8996,19.7589,16.4067,13.6587,14.4656,26.9553,21.5375,15.9641,14.3573,11.3495,8.6801,11.9751,14.2762,15.3709,14.5113,5.8775,14.0878,12.8582,12.7025,18.8072,13.9736,13.4394,11.5498,11.4766,12.1663,10.0757,11.4870,15.6562,16.5815,10.0485,10.8143,13.2249,14.3732,13.1363,10.5821,7.5222,14.7207,13.9093,14.2178,13.2623,17.3227,21.7576,20.3080,12.7942,9.5502,11.9331,10.3364,17.9838,13.8073,18.6416,10.3961,16.6850,21.7357,21.6669,20.1957,8.6515,12.1956,13.2567,11.6370,12.1857,10.4749,10.8437,17.8053,12.0676,12.3385,17.4316,18.8654,13.7058,17.0155,9.9283,21.8375,11.3318,10.0249,12.3567,9.2700,11.9111,7.6293,9.0754,14.4086,13.0187,13.3018,6.6008,13.2791,9.8235,14.4225,18.3646,22.2185,19.6650,22.1391,15.1408,7.3280,9.6938,10.4004,11.8751,13.5975,18.9811,16.5857,15.6861,19.6115,13.1240,13.8102,12.1864,14.9854,11.8118,12.0988,15.6999,8.2651,9.8863,17.4153,13.5728,11.7228,12.8646,11.3758,12.9855,14.3589,9.1157,12.7167,15.8037,11.7586,11.0286,11.2791,19.4561,14.8805,14.1849,16.1746,15.2838,10.8033,16.2695,11.2753,15.6110,13.7462,7.1067,9.1993,11.5634,14.9648,14.5032,12.9851,9.5079,10.5562,9.3773,15.6040,13.6285,10.0956,10.1538,13.3234,9.0634,12.8770,9.5904,9.5841,9.5773,9.5702,9.5635,9.5572,9.5520,9.5476,9.5446,9.5426,9.5423,9.5432,9.5460,9.5505,9.5568,9.5651,9.5752,9.5874,9.6017,9.6183,9.6370,9.6579,9.6810,9.7064,9.7342,9.7642,9.7965,9.8311,9.8681,9.9073,9.9487,9.9925,10.0385,10.0867,10.1372,10.1898,10.2446,10.3016,10.3607,10.4219,10.4852,10.5505,10.6179,10.6873,10.7586,10.8318,10.9065,10.9819,11.0538,11.1114
45134.2916667,11.1383,18.6221,18.0307,18.2682,29.9458,15.2353,21.5037,15.6165,21.4530,14.2845,15.6147,16.2384,10.4121,16.3980,19.5580,18.9770,22.3553,21.3701,13.5062,13.5324,22.2121,14.3118,10.7494,15.9607,15.7460,27.4830,15.9112,12.3283,19.4463,13.6344,19.6135,19.0517,20.4199,18.7359,19.4245,16.7723,19.9823,20.9419,13.2291,19.2065,19.9349,16.3484,13.4043,14.2564,26.9287,21.9843,16.0552,14.2809,11.3276,8.5602,11.9925,14.3357,15.3569,14.4661,5.6721,14.4724,13.1362,12.8370,18.6604,13.6217,12.9540,11.0081,11.0457,11.8462,9.5919,11.0258,15.2023,15.9037,9.3770,10.1797,12.6665,13.8717,12.5408,9.8846,6.7242,14.2035,13.2226,13.5902,12.4424,16.1492,20.2202,18.7123,11.1795,7.8220,10.2056,8.6902,16.3764,12.1821,17.0771,8.8404,15.2184,20.1407,20.1338,18.8552,7.3421,11.0075,12.1208,10.4414,11.0020,9.2907,9.6988,16.5825,10.8007,11.0393,16.0194,17.3740,12.3007,15.5382,8.7571,20.7645,10.1949,8.9945,11.2658,8.2419,10.7310,6.6319,7.9633,13.1069,11.7355,11.9952,5.5830,12.0046,8.6558,13.2090,17.2679,21.2402,18.5209,20.9239,13.7580,6.1866,8.5162,9.2612,10.7867,12.5667,18.0216,15.6092,14.7336,18.8819,12.1052,12.9278,11.3516,14.3518,11.0588,11.3637,15.1728,7.5757,9.2553,17.1129,13.0955,11.1332,12.4037,10.9138,12.7370,14.4204,8.6849,12.4575,15.7776,11.3000,10.4659,10.6842,19.2803,14.4318,13.5935,15.6244,14.5692,9.9245,15.6604,10.5114,15.3382,13.4331,6.4394,8.6587,11.1913,14.8486,14.3091,12.5594,8.8993,9.9980,8.7605,15.1086,12.9671,9.2431,9.2086,12.3612,7.9770,11.8039,8.4602,8.5052,8.5475,8.5861,8.6208,8.6514,8.6790,8.7030,8.7239,8.7418,8.7571,8.7699,8.7807,8.7896,8.7971,8.8036,8.8091,8.8143,8.8194,8.8247,8.8304,8.8367,8.8438,8.8518,8.8610,8.8714,8.8831,8.8962,8.9106,8.9256,8.9433,8.9625,8.9833,9.0057,9.0299,9.0555,9.0828,9.1128,9.1432,9.1756,9.2093,9.2445,9.2812,9.3190,9.3579,9.3964,9.4292,9.4680,9.5002,9.5248
45134.3333333,8.5516,15.8760,15.3619,15.6054,27.4098,12.6201,18.8246,12.9358,18.9017,11.7607,13.0652,13.7171,8.1138,13.7307,17.0342,16.5366,19.9832,18.9686,11.1134,11.3095,20.2924,12.2426,8.8492,14.0982,13.9042,26.0818,14.0659,10.4445,18.0116,11.9251,18.5147,18.0515,19.6672,17.6338,18.5491,15.6897,19.2585,20.2256,11.9627,18.4179,18.9900,15.2284,12.0521,12.9410,25.8469,21.0656,14.8061,12.9976,10.0738,7.3432,10.8614,13.1910,14.0724,13.2002,4.4450,13.5830,12.2317,11.9272,17.6736,12.4841,11.7461,9.7350,9.7680,10.6300,8.3445,9.7035,13.7973,14.5107,8.2009,9.1936,11.8013,12.9987,11.4989,8.6409,5.6108,13.1500,11.9375,12.3512,10.9275,14.3175,18.1832,16.5224,8.9312,5.5994,7.6073,6.1183,13.5384,9.2635,14.0192,5.9718,12.1137,16.8311,16.8438,15.6054,4.3856,7.9594,9.1254,7.5838,8.0969,6.4558,6.9040,13.6547,7.8900,8.1463,12.9892,14.3551,9.4970,12.6986,6.3470,18.3421,7.9442,6.9403,9.2706,6.4244,8.7852,4.9424,6.1278,11.1167,9.7945,10.0514,4.0253,9.9990,6.7509,11.2137,15.2424,19.2875,16.4362,18.8013,11.5207,4.3802,6.5608,7.2706,8.6913,10.4772,15.8407,13.4914,12.6951,17.0222,10.0909,10.8478,9.3710,12.5804,9.2958,9.6689,13.6330,6.0872,7.7874,15.8841,11.7434,9.7171,11.0765,9.6319,11.6822,13.6342,7.7238,11.6381,15.1646,10.3967,9.3702,9.4799,18.4756,13.2438,12.3727,14.3769,13.3051,8.4401,14.2263,8.9353,13.9238,11.9837,4.8689,7.2092,9.8255,13.7517,13.1491,11.4168,7.5026,8.6337,7.3629,13.7590,11.7142,7.7452,7.5237,10.5729,6.0510,9.6976,6.0541,6.1260,6.1935,6.2560,6.3137,6.3649,6.4111,6.4549,6.4943,6.5305,6.5646,6.5954,6.6247,6.6526,6.6783,6.7018,6.7240,6.7439,6.7616,6.7773,6.7910,6.8028,6.8139,6.8206,6.8248,6.8272,6.8273,6.8254,6.8222,6.8173,6.8115,6.8048,6.7971,6.7885,6.7793,6.7694,6.7587,6.7468,6.7271,6.6609,6.6239,6.5792,6.5358,6.4939,6.4542,6.4167,6.3825,6.3525,6.3194,6.2951
45134.3750000,3.6098,10.5113,10.3168,10.6720,22.4358,8.1201,14.1654,8.4990,14.5996,7.8260,9.1486,9.9112,4.8642,9.3950,12.7948,12.5486,16.4613,14.8883,7.3918,7.3128,16.3440,8.2629,5.3586,10.6742,10.5603,22.9617,10.7859,7.4263,15.2945,9.1141,16.0637,15.5865,17.4554,14.5038,15.0683,12.0123,16.3646,17.7862,9.3109,16.1890,16.6044,12.9358,9.6198,10.6161,23.7404,18.9734,12.4829,10.7410,7.9232,5.4422,9.0260,10.5320,11.2507,9.8059,1.5043,10.4270,9.0686,8.9680,14.7758,9.5500,9.1624,6.5688,6.6924,7.7856,5.9798,7.1318,11.4687,11.2404,5.0971,7.3151,10.2238,11.4503,9.9551,6.8075,4.2402,11.5810,10.1222,10.6498,9.0221,12.1497,16.0367,14.1836,6.3997,3.8156,4.5391,3.3134,10.3151,6.0963,10.4615,2.7532,8.2759,12.4103,12.5625,11.2364,0.0831,3.2684,4.4859,3.3230,3.6040,2.6028,2.3449,8.7701,2.6062,3.4726,7.7089,8.7652,3.6588,7.2018,1.5453,13.4511,3.5245,2.7556,5.2145,2.8295,5.2998,1.9906,2.4343,7.2062,6.1583,6.5445,1.3806,7.3298,3.8381,8.1480,12.0091,16.2145,13.3953,15.7105,8.4517,2.0231,3.9958,4.5855,5.8969,7.5373,12.1928,10.0381,9.3597,13.8719,6.8438,7.2706,6.0632,9.4383,6.3707,6.8888,10.9496,3.8045,5.4817,13.5558,9.3279,7.3400,8.7388,7.4740,9.7714,11.8979,6.1627,10.1306,13.8604,8.8230,7.6317,7.5017,17.8094,11.1136,10.4781,12.0511,11.0782,6.2731,11.3489,6.3777,10.9097,9.0144,2.1313,4.4610,6.9387,11.3347,10.3649,9.3525,4.8658,6.0670,4.8112,11.2259,9.9162,5.6826,5.2510,8.2502,3.7575,6.9549,2.5671,2.7031,2.8297,2.9500,3.0572,3.1552,3.2483,3.3344,3.4133,3.4844,3.5506,3.6101,3.6642,3.7121,3.7559,3.7933,3.8252,3.8534,3.8754,3.8936,3.9074,3.9167,3.9221,3.9230,3.9207,3.9149,3.9053,3.8921,3.8753,3.8530,3.8079,3.6374,3.5310,3.4077,3.2895,3.1725,3.0558,2.9388,2.8253,2.7110,2.5970,2.4837,2.3730,2.2633,2.1551,2.0492,1.9465,1.8484,1.7472,1.6710
45134.4166667,-4.6800,1.3160,1.7696,2.3152,15.0689,-0.2344,5.3303,1.1613,7.4996,0.4082,1.8528,2.9733,-0.8558,2.9763,6.4523,6.6306,11.7579,9.1144,3.1731,2.3096,11.4522,3.7322,1.2936,6.3901,6.1369,18.5482,4.7686,1.6385,9.3470,3.2090,10.3233,10.9756,13.6967,10.2641,10.2536,6.1194,8.5818,9.9684,2.4308,10.5589,9.7102,6.7681,3.7216,5.0730,19.7962,13.3331,6.5561,5.4376,3.5787,1.7413,6.7784,7.7416,8.0393,5.9447,-2.5007,5.6324,3.3266,4.0455,9.2036,2.4008,3.7672,0.0670,0.4000,1.8991,1.4132,2.3752,7.8496,7.3020,-0.0465,3.7689,7.0379,7.5671,7.1176,3.7562,2.0041,9.6826,6.4337,8.4782,4.4407,7.0075,13.2583,10.3445,0.4637,0.0659,-1.4688,-2.0157,4.6062,0.7994,4.8528,-0.4193,3.6106,5.8028,6.0942,4.6720,-6.0144,-4.1448,-2.6135,-2.8914,-2.7387,-1.8391,-3.4540,3.9101,-4.3375,-2.2389,1.5092,1.9529,-3.7652,-1.0560,-5.8449,6.0503,-3.1046,-3.3903,-1.1691,-2.7426,0.6925,-1.9593,-2.9165,1.1496,1.0073,0.4489,-4.1392,2.0004,-1.7382,2.8647,5.3310,9.5651,6.8333,9.1990,1.7753,-3.8624,-1.6973,-0.8724,0.7765,2.7179,6.4083,4.1377,4.2321,9.9866,3.0983,2.2901,1.5099,4.7777,1.8258,1.6406,5.5508,-0.8762,1.1910,8.6058,4.5647,1.6174,3.7879,2.5916,5.6141,8.2828,3.0038,6.8973,11.9318,5.1731,5.0742,3.5074,15.6793,8.1036,7.3023,6.8732,7.3520,2.3482,6.5132,2.8952,6.6701,4.7716,-1.6271,0.3561,2.1608,7.2934,5.9215,5.7251,0.2355,2.2107,0.0493,7.7277,6.5089,2.2005,1.6935,4.8154,0.5952,3.2578,-2.3059,-2.0039,-1.7143,-1.4427,-1.1892,-0.9587,-0.7454,-0.5520,-0.3782,-0.2234,-0.0842,0.0394,0.1497,0.2471,0.3342,0.4101,0.4760,0.5335,0.5812,0.6181,0.6107,0.3645,0.2162,0.0645,-0.1127,-0.2690,-0.4388,-0.5906,-0.7285,-0.8784,-1.0183,-1.1599,-1.3023,-1.4452,-1.5833,-1.7229,-1.8636,-2.0049,-2.1437,-2.2830,-2.4222,-2.5607,-2.6975,-2.8335,-2.9684,-3.1018,-3.2328,-3.3601,-3.4924,-3.5917
45134.4583333,-10.8291,-6.7561,-6.0409,-4.9340,8.6665,-8.7852,-4.4048,-7.4324,0.4140,-7.0112,-6.9563,-7.5583,-9.6695,-6.8571,-4.9195,-4.6796,3.3572,0.3546,-2.4312,-3.2599,5.0755,-3.0177,-4.8430,-0.3008,0.1880,14.9185,-0.5171,-4.2612,4.6041,-2.3584,4.8023,4.6961,9.6549,7.3137,7.4947,2.9792,4.8882,2.4052,-6.1769,3.5199,0.8657,-3.8423,-6.5502,-4.8375,14.0459,5.9663,-1.7131,-2.0919,-3.4899,-4.2175,2.1292,4.2617,4.7498,3.1290,-4.2448,2.4543,-0.7803,2.1521,6.2603,-3.3371,-1.6006,-7.1442,-7.1925,-5.7348,-4.9136,-4.1534,2.2421,2.4250,-4.7251,-0.6180,4.7163,4.3784,4.8818,-0.2597,-1.0060,7.4839,1.7050,5.9618,-1.1381,1.6027,12.0259,7.8188,-3.6446,-4.1041,-7.0637,-7.0127,-0.8934,-6.3236,-0.7982,-5.3163,-1.5701,0.9119,1.2397,-0.7685,-10.2570,-10.3884,-9.2763,-8.5601,-8.9877,-6.8042,-8.5683,-2.2963,-11.5256,-8.9554,-5.4960,-5.1924,-10.2904,-9.2296,-13.7640,-2.4356,-9.8286,-8.9315,-6.7861,-8.9323,-4.6011,-6.2643,-9.2537,-5.8087,-4.9896,-5.4195,-9.5539,-3.9149,-8.0711,-3.7835,-3.5074,2.3881,-0.2985,2.7918,-4.4102,-9.1955,-7.0143,-6.6921,-4.6566,-1.8956,2.1445,-1.8541,-3.2853,3.0950,-2.2553,-2.4415,-4.9232,-0.2916,-2.8898,-4.3290,0.0759,-6.6836,-4.2398,4.5818,-0.3556,-3.3630,-0.3702,-2.4373,-0.1046,3.0143,-1.2329,3.2202,8.2799,1.0740,0.3183,-1.7303,12.2942,4.9680,2.8053,1.4903,3.5505,-0.9571,2.4108,-1.2198,1.5422,-0.1055,-5.4904,-3.7027,-3.1209,2.9643,1.5383,2.2400,-4.2710,-1.2889,-4.6952,5.1986,3.6360,-0.5856,-1.1507,2.0035,-1.8900,-0.4543,-6.9194,-7.4603,-7.9555,-8.3934,-8.7587,-9.0444,-9.2367,-9.3388,-9.3571,-9.3027,-9.1882,-9.0294,-8.8398,-8.6319,-8.4139,-8.1678,-7.8036,-7.4286,-7.0970,-6.7756,-6.5118,-6.2756,-6.0893,-5.9396,-5.8524,-5.7962,-5.7885,-5.8002,-5.8274,-5.8823,-5.9449,-6.0199,-6.1044,-6.1966,-6.2917,-6.3932,-6.5003,-6.6123,-6.7267,-6.8452,-6.9669,-7.0913,-7.2170,-7.3446,-7.4734,-7.6028,-7.7319,-7.8591,-7.9935,-8.0925
45134.5000000,-23.1693,-21.1992,-18.7357,-14.8643,-2.3779,-20.5948,-18.0698,-19.8436,-9.0880,-13.3520,-13.1548,-16.3422,-16.2183,-14.1577,-13.0776,-16.4690,-7.8927,-12.9873,-15.1925,-16.2332,-5.2913,-13.4470,-13.0032,-9.3061,-7.9689,7.9843,-6.0438,-10.8933,-1.1694,-9.0369,-2.3332,-4.0934,1.4569,-0.6150,2.7122,-0.7698,2.4628,0.3626,-9.7400,0.9296,-2.2590,-10.4992,-14.3999,-12.9029,8.9079,-2.3007,-11.5776,-11.8956,-13.7750,-13.6505,-8.1491,-3.6280,-2.0060,-5.1693,-10.6857,-4.8492,-6.1119,0.4859,5.1748,-3.8914,-3.0183,-10.5071,-13.1887,-12.2175,-10.9256,-10.0635,-2.8110,-2.8683,-11.4007,-6.8206,-1.7742,-2.1932,-0.8117,-3.7835,-3.2495,6.6633,0.5803,5.7744,-4.8098,-2.6573,12.7483,7.2448,-4.0041,-7.4658,-12.8634,-12.0913,-3.6039,-11.3270,-3.9596,-8.3259,-5.3294,-2.9059,-2.8939,-6.1517,-15.6282,-17.4373,-16.4728,-13.8850,-17.3380,-14.7624,-14.0329,-8.3544,-16.6109,-14.0516,-10.9428,-10.8146,-15.1781,-14.5784,-19.4921,-10.9478,-18.0973,-17.3532,-12.7506,-16.0973,-10.5503,-10.3964,-14.7217,-9.7474,-9.0944,-9.7018,-13.3796,-9.0791,-12.2418,-9.7152,-10.3949,-5.8689,-8.2420,-4.2399,-10.6436,-13.2603,-12.0177,-13.1592,-12.3465,-10.2163,-6.5064,-7.9963,-8.3388,-3.4979,-9.6309,-8.3597,-9.8616,-5.5136,-7.4599,-8.4059,-4.4502,-10.8185,-8.4556,0.6436,-7.2787,-9.1314,-6.9359,-7.8259,-5.8754,-3.5994,-5.7233,1.2196,5.1988,-0.3931,-4.8655,-5.4865,8.9833,1.4398,-2.3389,-4.0615,-1.5443,-3.0856,-0.7128,-4.9965,-3.8448,-5.5013,-9.8240,-8.7839,-9.6330,-2.6460,-3.4863,-1.2234,-8.4973,-4.2246,-8.4223,2.5674,0.8966,-3.0254,-3.4998,-0.1730,-3.4772,-2.7604,-8.1122,-8.5861,-9.0721,-9.5686,-10.0698,-10.5748,-11.0706,-11.5564,-12.0289,-12.4850,-12.9210,-13.3345,-13.7221,-14.0806,-14.4052,-14.6738,-14.8152,-14.8954,-14.9447,-14.9334,-14.8896,-14.7898,-14.6499,-14.4645,-14.2585,-14.0191,-13.7695,-13.5007,-13.2208,-12.9482,-12.6780,-12.4207,-12.1807,-11.9615,-11.7635,-11.5919,-11.4478,-11.3314,-11.2410,-11.1771,-11.1379,-11.1213,-11.1246,-11.1461,-11.1834,-11.2339,-11.2953,-11.3648,-11.4515,-11.5143
45134.5416667,-29.9993,-31.8404,-26.1832,-21.9068,-10.9840,-25.4207,-26.1317,-30.8729,-21.4799,-22.9122,-23.1283,-26.1775,-24.7592,-23.7072,-22.9152,-25.5743,-18.5824,-22.7251,-23.0935,-24.8133,-15.9123,-25.1433,-23.2601,-23.4620,-18.9213,-3.6796,-15.6318,-19.9737,-9.5589,-17.2988,-8.4036,-10.4992,-4.4194,-4.1624,-1.4370,-4.5889,-1.6877,-3.9865,-15.2020,-3.0331,-5.4701,-12.2154,-19.2098,-18.5319,5.2705,-9.1453,-17.0715,-16.3510,-20.0721,-20.0751,-14.7796,-12.9183,-11.9037,-13.7770,-18.2923,-17.5051,-17.4353,-7.4008,0.2647,-7.7720,-6.8199,-12.6803,-18.4759,-17.8731,-15.8351,-15.0589,-7.8633,-7.7171,-18.4370,-12.7596,-6.7412,-10.4193,-10.1653,-11.8359,-9.5841,2.0522,-2.8429,3.0687,-7.7271,-5.7489,15.0552,8.7993,-1.9857,-5.1683,-14.7794,-12.8453,-5.0463,-14.6403,-6.6004,-10.4010,-7.8403,-5.2770,-5.3574,-9.5937,-16.5626,-20.2484,-19.7568,-14.4133,-19.9821,-18.5076,-18.9490,-16.0326,-22.5484,-20.4367,-18.0159,-17.9123,-21.1159,-20.8661,-25.3711,-19.2277,-23.6262,-22.7367,-17.4363,-19.2921,-16.3619,-14.9533,-21.5733,-16.0581,-16.0162,-14.8882,-17.6440,-15.1119,-16.8775,-15.3175,-15.4258,-10.9212,-13.2586,-8.9088,-14.6154,-15.0507,-14.9785,-15.7654,-17.5815,-16.7267,-11.0393,-13.8750,-14.2109,-9.2417,-13.7885,-13.8034,-14.9098,-11.3143,-12.4372,-13.0022,-9.5932,-14.6333,-12.9534,-3.8982,-13.8645,-14.5551,-13.2857,-14.5333,-12.2348,-11.1945,-10.6622,-2.1024,0.9382,-2.8426,-6.7917,-9.4783,5.0211,-3.0460,-5.5032,-6.6247,-3.0106,-5.5957,-4.6327,-9.2066,-9.9468,-11.2952,-13.1877,-13.4400,-14.3858,-8.7421,-9.6879,-6.4719,-13.7062,-9.5115,-12.2585,-1.5234,-2.9855,-6.3020,-6.5474,-3.0223,-5.5502,-5.3949,-9.6639,-9.9048,-10.1673,-10.4493,-10.7467,-11.0603,-11.3793,-11.7050,-12.0360,-12.3713,-12.7094,-13.0498,-13.3917,-13.7344,-14.0760,-14.4026,-14.6653,-14.9101,-15.1577,-15.3862,-15.6130,-15.8188,-16.0108,-16.1808,-16.3406,-16.4760,-16.5972,-16.6922,-16.7610,-16.8112,-16.8347,-16.8350,-16.8119,-16.7660,-16.6964,-16.6068,-16.4990,-16.3752,-16.2370,-16.0884,-15.9323,-15.7716,-15.6092,-15.4485,-15.2922,-15.1429,-15.0029,-14.8748,-14.7772,-14.6961
45134.5833333,-32.8268,-34.6150,-29.0242,-23.6909,-14.0890,-25.1392,-28.5980,-32.1450,-25.9871,-25.0167,-26.2387,-30.0121,-27.7538,-28.4981,-29.2145,-31.9254,-26.8825,-30.2539,-28.3078,-30.1280,-23.1112,-31.9682,-25.7041,-31.5334,-24.2665,-11.6259,-24.0991,-27.2794,-17.4639,-25.3924,-19.3790,-20.6779,-13.4180,-7.5740,-5.7884,-6.6553,-2.9784,-4.9376,-16.8442,-3.9801,-6.0977,-11.7829,-21.6598,-21.9655,3.2539,-13.0244,-19.1341,-17.1765,-21.5926,-20.6129,-16.0912,-15.8785,-15.3025,-16.2452,-19.1153,-25.0049,-24.8092,-16.1497,-4.9076,-12.1873,-11.2894,-15.7875,-23.8785,-23.7742,-20.6757,-16.3226,-10.4092,-11.5060,-24.2464,-17.5691,-10.5125,-11.5992,-10.6385,-17.5254,-14.1774,-4.1482,-8.8303,-6.1366,-14.9205,-12.6801,12.4852,6.3151,-3.5216,-6.0564,-18.1958,-12.5568,-5.3415,-12.9548,-5.9803,-9.2275,-7.2308,-4.7099,-4.8862,-9.8453,-14.5334,-18.3771,-18.4471,-10.9211,-17.8237,-16.8206,-17.6714,-16.7370,-22.3877,-20.7292,-19.4337,-19.8938,-22.4641,-23.3735,-27.3674,-25.6328,-27.6307,-26.6004,-20.8405,-21.1061,-19.7522,-16.8087,-25.2922,-19.9870,-22.6314,-17.8774,-18.7456,-18.4359,-19.1365,-19.2385,-23.2068,-16.6874,-17.8849,-12.6177,-16.9426,-14.9872,-17.5432,-16.4671,-19.7936,-20.2512,-12.8405,-16.2825,-19.2844,-12.7421,-15.1084,-15.6547,-16.1550,-12.7902,-12.8910,-14.0158,-12.0378,-14.6334,-14.0979,-6.3283,-18.1411,-18.0165,-15.5726,-18.2592,-17.3351,-18.4891,-15.3442,-6.5383,-4.2085,-5.9440,-8.8541,-12.5976,1.9905,-6.0437,-6.5406,-6.8419,-2.0656,-5.1679,-5.1980,-9.8792,-12.7795,-14.3041,-14.0102,-15.7828,-17.2703,-13.0935,-14.0315,-9.5725,-14.6943,-12.1346,-14.0340,-4.2005,-5.5596,-8.3218,-8.5767,-5.2356,-7.0061,-7.6162,-10.9953,-11.1336,-11.2719,-11.4109,-11.5502,-11.6945,-11.8363,-11.9801,-12.1271,-12.2786,-12.4351,-12.5980,-12.7678,-12.9452,-13.1298,-13.3126,-13.4603,-13.6051,-13.7615,-13.9150,-14.0779,-14.2372,-14.3984,-14.5561,-14.7191,-14.8778,-15.0398,-15.1968,-15.3490,-15.5014,-15.6481,-15.7907,-15.9282,-16.0595,-16.1825,-16.2975,-16.4037,-16.4999,-16.5846,-16.6578,-16.7186,-16.7663,-16.8003,-16.8206,-16.8269,-16.8196,-16.7990,-16.7664,-16.7396,-16.6996
45134.6250000,-32.5521,-33.8308,-27.9495,-25.2646,-11.2772,-19.3165,-22.6261,-28.9386,-21.2863,-17.1663,-18.4349,-22.8458,-20.7920,-23.0868,-26.4424,-27.5483,-25.8903,-30.2052,-27.0624,-29.4667,-25.1727,-33.8075,-27.2151,-31.8048,-29.2411,-15.9157,-28.6400,-29.1556,-22.0709,-26.9492,-25.2021,-26.6723,-21.0847,-14.0353,-11.4122,-8.5140,-3.0597,-2.8393,-15.0223,-1.0942,-2.5500,-7.8370,-16.6760,-15.3650,5.5992,-13.9398,-18.8430,-15.8682,-20.6444,-16.7348,-13.9973,-15.4224,-15.2481,-15.3163,-16.8557,-27.6778,-27.0437,-19.9087,-5.8081,-12.2794,-11.5246,-14.5403,-24.9163,-26.1019,-22.7178,-19.0191,-13.6308,-11.0113,-26.2827,-19.4366,-11.6180,-13.9391,-12.1391,-15.7187,-8.2709,-3.5349,-6.1522,-7.0786,-14.6613,-6.6200,16.0300,9.7112,-0.1299,-1.6859,-11.0102,-8.5409,-3.3662,-10.8004,-5.5410,-8.6586,-6.8944,-3.7464,-3.2615,-8.1333,-13.3653,-14.7573,-12.1594,-2.0599,-8.5946,-7.2470,-8.4901,-9.3240,-16.0836,-15.9911,-14.0995,-14.9853,-17.0746,-19.1730,-23.5866,-26.2930,-26.5196,-25.9155,-19.9009,-18.5997,-18.0643,-15.2231,-21.4433,-19.0230,-24.5411,-21.3856,-17.7763,-18.7696,-18.5170,-19.0212,-22.1484,-19.6528,-21.1066,-15.6585,-18.7977,-15.7233,-17.2083,-18.2563,-21.5478,-22.2151,-13.7495,-17.3871,-19.8150,-15.0565,-15.5558,-16.4065,-15.4221,-14.2803,-12.9471,-11.4592,-9.6911,-11.8181,-12.1330,-3.3902,-15.8627,-15.0475,-14.3009,-15.9455,-16.5901,-19.9301,-12.7522,-7.0730,-5.2040,-5.6598,-8.2160,-13.1156,0.5533,-9.5977,-6.6956,-6.3107,-0.6154,-3.9791,-4.5994,-11.4820,-12.6762,-13.4743,-11.4923,-14.0771,-16.4147,-13.8913,-14.9298,-9.4991,-12.8377,-11.1039,-12.1350,-2.9480,-4.3073,-6.6788,-7.0441,-4.0097,-5.2006,-6.4276,-9.1311,-9.2588,-9.3781,-9.4944,-9.6105,-9.7321,-9.8514,-9.9724,-10.0949,-10.2189,-10.3437,-10.4691,-10.5947,-10.7205,-10.8455,-10.9636,-11.0518,-11.1326,-11.2166,-11.2945,-11.3758,-11.4525,-11.5293,-11.6037,-11.6827,-11.7606,-11.8436,-11.9267,-12.0108,-12.1001,-12.1909,-12.2850,-12.3820,-12.4817,-12.5828,-12.6858,-12.7905,-12.8961,-13.0018,-13.1075,-13.2126,-13.3163,-13.4180,-13.5172,-13.6133,-13.7054,-13.7928,-13.8741,-13.9592,-14.0044
45134.6666667,-27.9377,-32.3270,-27.6455,-25.7956,-9.2691,-18.1550,-18.1686,-25.9203,-20.8112,-15.1077,-14.9684,-16.8320,-12.3158,-14.7077,-17.6163,-17.6949,-13.9098,-18.0490,-14.7179,-20.0406,-16.0722,-24.3944,-19.5485,-23.7228,-25.4983,-14.2816,-27.0367,-26.9224,-25.3402,-27.0461,-28.7176,-30.0243,-25.5310,-18.1138,-15.3842,-11.4752,-6.9727,-5.6905,-13.3772,-0.1871,4.1967,-3.0874,-8.2612,-4.8018,13.9522,-7.6163,-11.4042,-8.5383,-14.0228,-10.9868,-7.6150,-10.4205,-10.8755,-9.9494,-11.2347,-25.9931,-25.7731,-19.6738,-3.8331,-8.7986,-7.6861,-12.9680,-22.2400,-23.7893,-20.7916,-18.7208,-15.8165,-10.6779,-25.8565,-19.0702,-12.8636,-15.5051,-13.1150,-14.2093,-6.7711,-4.6928,-3.2859,-6.0585,-11.4926,0.0528,20.9622,14.7825,1.6862,0.6157,-2.4329,-3.3582,5.2515,-0.7554,4.6468,1.6570,2.2936,6.8993,6.5097,0.3262,-6.7130,-9.5161,-8.1666,0.2850,-5.1413,-1.1133,-4.2423,-1.6992,-7.5181,-9.5312,-5.5271,-6.1265,-10.3390,-9.7817,-13.9112,-19.2660,-18.8027,-18.8216,-16.2103,-14.4769,-12.5790,-11.4708,-16.6708,-13.7862,-20.5433,-18.6731,-13.3605,-15.2163,-16.1639,-18.7595,-20.1945,-17.2012,-18.2201,-12.9963,-15.4336,-12.3742,-15.1864,-16.2807,-20.1526,-21.6844,-13.4483,-17.1955,-18.7737,-16.0585,-15.8960,-16.8940,-14.6636,-15.1010,-12.9485,-10.0350,-7.9944,-9.9334,-11.2189,-2.3038,-14.7582,-13.3540,-13.3596,-13.3290,-13.7629,-17.5277,-10.2564,-7.5113,-3.3317,-2.3764,-4.0169,-10.5380,3.2427,-8.0244,-2.8432,-1.7232,4.4703,-1.2862,-0.1173,-8.6612,-9.5754,-11.8374,-7.4356,-10.9295,-12.2749,-10.8346,-11.9670,-6.1183,-8.4327,-9.5798,-9.9124,0.4767,-0.4849,-2.4066,-2.5858,0.4487,-0.5860,-1.8004,-4.1697,-4.2978,-4.4372,-4.5875,-4.7475,-4.9204,-5.0960,-5.2760,-5.4580,-5.6398,-5.8188,-5.9929,-6.1606,-6.3209,-6.4729,-6.6124,-6.7242,-6.8241,-6.9202,-7.0070,-7.0915,-7.1691,-7.2433,-7.3127,-7.3823,-7.4484,-7.5151,-7.5791,-7.6410,-7.7039,-7.7652,-7.8265,-7.8878,-7.9493,-8.0104,-8.0721,-8.1346,-8.1980,-8.2622,-8.3276,-8.3944,-8.4625,-8.5320,-8.6029,-8.6750,-8.7484,-8.8223,-8.8956,-8.9777,-9.0220
45134.7083333,-22.4968,-29.2704,-25.2756,-24.1004,-11.5458,-16.7231,-17.4461,-22.0124,-16.6960,-12.3365,-13.1389,-15.1066,-10.7629,-13.7422,-16.7942,-16.1161,-11.4486,-12.2849,-6.8942,-9.6331,-6.8129,-11.6175,-6.7033,-11.0082,-12.6359,-2.1817,-14.5195,-14.6100,-18.1365,-19.5254,-25.6567,-28.7490,-27.3284,-20.8725,-18.6718,-15.1350,-9.8098,-8.6507,-15.8164,-5.6344,-1.2965,-6.2228,-9.4178,-5.3722,17.1449,-0.7617,-3.9234,0.9564,-4.4380,-1.4714,0.6490,0.3671,0.2300,-0.7989,-0.7868,-16.5240,-17.3844,-13.0533,2.2280,-3.6668,-2.6785,-6.8640,-14.7107,-17.0920,-12.9608,-14.2427,-13.1354,-9.4005,-22.8044,-18.0993,-13.9718,-14.7132,-14.2184,-14.6926,-7.6100,-5.5337,-4.8470,-6.6063,-9.3895,3.6133,23.4013,17.9068,3.6357,2.3793,2.3077,-0.2856,9.8588,4.9603,10.7201,5.5795,7.0815,14.8414,15.4869,9.3343,1.9216,-0.6836,0.0260,6.6497,2.0985,4.7417,2.4850,6.7197,-0.4480,-0.4526,2.8902,2.9827,-2.5607,-1.0574,-5.0571,-10.4792,-9.2643,-9.8078,-8.7305,-6.8880,-6.2985,-4.4651,-8.9525,-8.1080,-13.3262,-12.4798,-7.1536,-9.3227,-10.7578,-13.4758,-16.8673,-14.1707,-14.4654,-9.2761,-10.7001,-7.6188,-10.8662,-11.4131,-15.7853,-18.0970,-11.0997,-14.2198,-15.2449,-14.1302,-13.1921,-15.2142,-14.7233,-15.7499,-13.8568,-10.8739,-10.5607,-9.7745,-10.7779,-3.6789,-13.4441,-11.7366,-11.9968,-11.1377,-11.5152,-14.4686,-5.9886,-4.0222,-1.2986,-1.3213,-2.2212,-6.0328,6.3453,-3.2243,1.2988,2.9013,8.5506,0.9521,3.5244,-4.7716,-6.2274,-8.2319,-4.5209,-6.9419,-9.0318,-7.1596,-7.6364,-1.8440,-3.4192,-4.4902,-5.8480,3.9638,3.3248,1.6152,1.6026,4.7223,3.5923,3.0456,0.8556,0.8728,0.8823,0.8848,0.8810,0.8661,0.8487,0.8236,0.7899,0.7466,0.6931,0.6290,0.5541,0.4685,0.3728,0.2708,0.1739,0.0731,-0.0354,-0.1459,-0.2614,-0.3768,-0.4929,-0.6073,-0.7219,-0.8333,-0.9432,-1.0489,-1.1502,-1.2487,-1.3427,-1.4331,-1.5200,-1.6035,-1.6837,-1.7612,-1.8364,-1.9097,-1.9812,-2.0514,-2.1207,-2.1892,-2.2570,-2.3246,-2.3919,-2.4591,-2.5259,-2.5912,-2.6652,-2.6981
45134.7500000,-12.3950,-20.2500,-17.3608,-16.9677,-7.9415,-10.9469,-13.2912,-16.7397,-13.7062,-9.2317,-10.3321,-12.1743,-7.9998,-11.1456,-14.1725,-13.6396,-10.2801,-10.8906,-5.9747,-7.9878,-6.0780,-9.0104,-4.5754,-7.7772,-8.3089,1.7734,-7.4151,-6.2542,-9.3365,-9.0391,-15.8992,-19.3516,-20.3031,-15.4814,-15.1776,-12.9527,-9.6146,-8.5231,-13.9496,-6.2507,-2.6704,-6.5944,-9.0424,-5.8417,16.1361,-0.0185,-1.9923,3.0338,-0.8043,1.7901,4.1058,4.9393,6.2912,5.4096,4.5640,-7.2076,-7.4649,-3.7213,9.2633,3.8973,4.5355,0.8318,-5.9538,-8.6627,-5.0354,-6.7723,-6.2611,-4.2570,-17.0288,-14.7815,-12.6221,-13.7126,-13.2432,-13.2825,-6.6959,-6.4652,-5.7692,-6.9286,-8.8803,3.4690,21.0149,16.5362,3.9371,2.8837,3.4993,1.6809,11.6052,7.5387,13.3167,8.0692,10.9130,19.4238,19.9039,14.6778,7.0381,5.8454,6.6246,11.6624,8.3051,9.8638,8.3715,13.4202,5.5897,5.9539,8.9784,9.6749,4.7211,6.4619,2.5580,-1.5874,-0.4953,-1.1313,-0.5043,0.8553,0.9515,2.2687,-1.3040,-1.3486,-5.5299,-5.3088,-1.2929,-3.2497,-4.5598,-7.3647,-10.6585,-8.6086,-8.3430,-3.3731,-4.6349,-1.7217,-4.3564,-5.0457,-8.6718,-11.2458,-6.5804,-9.5781,-10.5035,-10.3225,-8.5898,-10.6798,-10.0180,-11.6384,-9.6036,-7.6155,-8.8273,-6.9520,-8.6730,-4.9173,-12.1216,-10.5983,-11.5855,-10.7553,-11.3607,-13.8311,-5.4377,-4.6276,-2.4591,-2.0604,-2.1366,-4.3410,6.9124,-1.4354,2.5320,4.5376,9.4173,2.9035,6.5775,-0.5046,-1.6122,-2.9136,-0.0785,-1.8505,-3.9909,-2.8156,-3.1473,2.0537,0.6133,-0.1541,-1.4481,6.7211,6.8088,4.9580,4.9900,8.1543,6.5233,6.9972,4.4956,4.8250,5.1507,5.4575,5.7447,6.0009,6.2340,6.4194,6.5604,6.6355,6.6494,6.5817,6.4385,6.1783,5.9638,5.8230,5.7412,5.6916,5.6570,5.6315,5.6064,5.5810,5.5521,5.5195,5.4805,5.4370,5.3869,5.3320,5.2723,5.2069,5.1372,5.0633,4.9856,4.9047,4.8215,4.7364,4.6498,4.5625,4.4750,4.3877,4.3010,4.2154,4.1311,4.0484,3.9674,3.8882,3.8112,3.7373,3.6551,3.6141
45134.7916667,-3.2952,-10.7317,-8.6742,-8.7715,-2.1970,-4.1198,-6.9532,-9.4393,-7.9180,-3.8003,-5.0469,-6.8572,-3.3753,-6.8578,-10.0925,-9.9482,-7.8326,-8.5026,-4.0823,-5.7496,-4.9106,-6.8327,-3.3462,-6.2448,-6.6749,1.5982,-5.8303,-4.5235,-7.0840,-5.7287,-11.1689,-13.5388,-13.9614,-8.9227,-8.6682,-6.5904,-4.4584,-3.4070,-7.6539,-2.4674,-0.1658,-3.7071,-5.8593,-3.6589,16.2088,0.7257,-1.1132,3.1989,0.0354,1.9146,4.1244,5.3392,7.6593,6.9490,4.7374,-2.9113,-2.5831,0.9118,12.5929,7.8958,8.6939,5.8035,0.6255,-1.4717,1.7106,0.2814,1.2112,2.1747,-10.0558,-9.5151,-8.8809,-10.5441,-10.3464,-10.3756,-4.6418,-5.9658,-5.5191,-6.5422,-8.0952,2.2966,18.0407,14.1402,2.9905,2.0238,2.6992,1.4139,10.4220,6.7293,12.4295,6.9624,10.7452,18.9983,19.8326,15.5364,7.4152,7.7982,8.8885,12.5497,10.3582,11.1926,10.5354,16.9269,9.7428,10.2868,13.5681,14.3770,9.7444,12.0590,7.9993,6.1943,6.2035,5.2280,5.8072,6.2879,6.5484,6.8449,4.4771,4.7346,1.4082,1.4673,3.6713,2.7044,1.5570,-0.7386,-3.8248,-2.6964,-2.5364,2.0525,0.6021,2.3231,0.6256,-0.0867,-2.8210,-4.9858,-1.5143,-3.6178,-4.1697,-4.4678,-2.7959,-5.2299,-4.9624,-6.9744,-5.2869,-3.8677,-5.7249,-3.4714,-5.0882,-3.4154,-8.6441,-7.2526,-8.5558,-8.0954,-9.5203,-12.4160,-4.8756,-4.9879,-3.7112,-3.1001,-2.7364,-4.3278,4.9240,-1.8700,1.5549,3.3911,7.3750,2.0480,5.9424,0.3710,-0.0322,-0.4026,1.4002,0.9259,-0.4189,0.7992,0.7261,5.4203,3.8422,3.5824,2.4805,9.5913,10.0525,7.9297,8.0304,11.3444,9.0222,10.3456,7.1331,7.2752,7.4286,7.5886,7.7583,7.9347,8.1310,8.3347,8.5530,8.7812,9.0200,9.2582,9.5036,9.7461,9.9855,10.2159,10.4346,10.6414,10.8254,10.9910,11.1219,11.2173,11.2727,11.2855,11.2545,11.1745,11.0490,10.8766,10.6638,10.4276,10.2227,10.0505,9.9086,9.7928,9.6986,9.6210,9.5556,9.4986,9.4469,9.3980,9.3500,9.3016,9.2520,9.2005,9.1470,9.0914,9.0340,8.9760,8.9070,8.8729
45134.8333333,5.0483,-1.1211,0.0667,-0.4949,4.3447,2.3800,-0.5411,-2.8837,-2.3471,0.9373,-0.3241,-2.0387,0.5484,-2.2113,-5.3987,-5.5896,-4.4848,-5.3785,-1.6944,-3.1968,-3.2507,-4.5219,-1.8989,-4.5524,-5.0222,1.3320,-4.7101,-3.5702,-6.2150,-4.7065,-9.6867,-11.5977,-11.9678,-6.9978,-6.5094,-4.1579,-2.1647,-0.8846,-3.6744,0.7168,2.7107,-0.2104,-1.9168,-0.3254,16.8581,2.6315,0.6962,4.0893,1.2266,2.3695,4.2001,5.2237,7.1521,6.4982,3.4215,-1.5550,-1.0881,1.9069,12.3306,8.0355,8.8264,6.4899,2.6371,1.2038,3.8385,3.1007,4.8672,6.2812,-3.5701,-3.7265,-3.9758,-6.0008,-6.1442,-6.4233,-1.8250,-4.0591,-4.0007,-5.2147,-6.6122,1.8375,15.4784,11.9353,2.0503,1.1670,1.6876,0.6308,8.3334,4.8577,10.0510,4.6294,8.6022,16.2350,17.1331,13.5202,5.2044,6.3987,7.5706,10.0584,8.7109,9.0063,8.8655,15.6727,11.2724,11.7927,15.4193,16.3365,11.8496,14.3828,10.0873,10.8680,9.9704,9.2417,10.1700,9.8039,10.5647,9.5859,8.4177,9.4238,6.6325,6.5442,6.6352,7.1115,5.7032,4.2707,1.6387,2.3675,2.3181,6.0337,4.3833,4.6001,3.8933,3.4175,1.5576,-0.1321,2.2915,0.4823,0.1280,-0.0466,1.3940,-0.4341,-0.2419,-1.9927,-0.6897,0.1815,-1.6459,0.1111,-1.2643,-0.7696,-4.7470,-3.7096,-5.1972,-5.0487,-6.8209,-9.8260,-3.3184,-4.0538,-3.5653,-2.8553,-2.3380,-3.6551,3.3546,-2.1495,0.4896,1.9850,5.0600,0.7425,4.1419,-0.2578,-0.3291,-0.3635,0.7942,1.3560,0.7378,2.0818,2.2471,5.9892,4.3651,4.5039,3.7002,10.1978,10.4406,8.1595,8.4053,11.8583,9.0299,11.2947,8.1009,8.2788,8.4524,8.6184,8.7789,8.9315,9.0868,9.2366,9.3874,9.5344,9.6842,9.8317,9.9845,10.1383,10.2961,10.4571,10.6222,10.7946,10.9700,11.1521,11.3343,11.5196,11.7067,11.8945,12.0826,12.2670,12.4483,12.6221,12.7887,12.9427,13.0844,13.2099,13.3169,13.4032,13.4666,13.5065,13.5215,13.5115,13.4770,13.4195,13.3415,13.2469,13.1399,13.0251,12.9068,12.7891,12.6752,12.5682,12.4619,12.3969
45134.8750000,11.3360,7.4336,8.2188,7.6835,12.1605,9.5039,7.3306,4.6129,4.8226,6.9642,5.8283,4.1891,5.4584,3.5520,0.5692,-0.0108,0.3882,-0.7319,1.9689,0.5097,0.1028,-0.9050,0.8231,-1.4760,-2.0260,2.9570,-2.0566,-1.3023,-4.0620,-2.7894,-7.6541,-9.4597,-10.2489,-5.8029,-5.4253,-3.2309,-1.4885,-0.1413,-2.0895,2.0332,4.0365,1.7407,0.4765,1.8594,17.4256,5.0067,3.1782,5.8914,3.3499,3.8908,5.6006,6.5903,8.1953,7.5683,3.9112,0.6587,0.8434,3.2075,12.3864,8.3099,8.9091,6.8230,3.7964,2.6499,4.5181,4.1349,6.1781,7.9921,0.6531,0.7688,0.6229,-1.1017,-1.2790,-1.7255,1.6192,-0.3873,-0.5226,-1.7510,-2.9310,4.0776,15.9396,12.8226,4.0536,3.1449,3.5457,2.5250,9.0089,5.6664,10.2176,4.8871,8.6377,15.4428,16.1297,12.8462,4.5248,5.8325,6.8282,8.4092,7.5565,7.4088,7.4281,14.0627,11.6468,12.1972,16.2245,17.3513,12.9853,15.7058,10.9346,13.8482,11.5052,10.7685,12.1341,11.0801,12.4799,10.4452,10.3340,12.4734,10.2551,10.3011,8.5032,10.7188,8.9705,8.7311,6.9424,7.6009,7.2627,10.3524,8.2044,6.7006,6.7201,6.3615,5.1597,3.9724,5.9983,4.3223,3.8917,3.8021,4.4934,3.1211,3.0835,1.8600,2.6887,3.2660,2.0436,2.8781,2.0791,2.5763,-0.4510,0.2892,-1.0231,-1.1833,-3.0632,-6.0592,-0.8098,-1.7029,-1.6523,-0.9427,-0.3766,-1.4668,3.8463,-0.5437,1.4316,2.6424,4.9745,1.4615,4.1845,0.5312,0.2480,0.0426,0.6036,1.3856,1.1044,2.4309,2.7053,5.5597,3.9849,4.3785,3.7759,9.7729,9.7592,7.4360,7.7743,11.2303,8.1445,11.0104,7.9736,8.1892,8.4003,8.6045,8.8034,8.9953,9.1878,9.3756,9.5631,9.7467,9.9307,10.1112,10.2927,10.4717,10.6495,10.8249,10.9982,11.1711,11.3405,11.5091,11.6728,11.8341,11.9930,12.1498,12.3052,12.4583,12.6107,12.7613,12.9118,13.0606,13.2093,13.3571,13.5038,13.6493,13.7931,13.9352,14.0749,14.2116,14.3442,14.4720,14.5939,14.7090,14.8162,14.9144,15.0024,15.0791,15.1439,15.1960,15.2280,15.2586
45134.9166667,15.3783,13.9402,14.3577,13.8785,18.6348,14.5750,13.6275,10.5012,11.1279,11.9290,11.2058,9.9567,9.9252,9.1848,6.9058,6.1918,6.3206,5.0123,6.4533,5.0869,4.8101,3.5811,4.3751,2.6956,2.0291,6.0317,1.5144,1.8369,-0.6769,0.2162,-4.3049,-6.1063,-7.3905,-3.7194,-3.6922,-1.9097,-0.6795,0.4011,-1.0845,2.6011,4.3844,2.4116,1.3914,2.5867,16.8982,6.2950,4.6451,6.9092,4.8240,4.8642,6.7008,7.8629,9.3319,8.7778,4.5518,3.2403,3.3029,5.1426,13.2000,9.2037,9.5600,7.6248,5.2869,4.4050,5.5566,5.3891,7.3765,9.0914,3.1071,3.4566,3.5872,2.3065,2.2209,1.9892,4.0413,3.0934,2.9296,1.8394,0.8220,6.6602,16.9214,14.1450,6.1741,5.1024,5.6677,4.7197,10.6039,7.4082,11.6154,6.2844,10.0376,16.1435,16.6513,13.7170,5.4098,6.8664,7.6901,8.4979,7.9361,7.4200,7.4464,13.6791,12.0304,12.4575,16.6256,17.7655,13.3575,16.2164,11.0431,15.7774,12.0237,11.2122,12.8664,11.1989,13.0251,10.1620,10.7198,13.7685,11.8912,12.0392,8.7241,12.5039,10.4313,11.4982,10.8174,11.8599,11.3466,14.0981,11.3574,8.2328,9.0478,8.9595,8.4269,7.7908,9.8061,8.0923,7.5059,7.6263,7.3073,6.3010,5.9550,5.2631,5.4333,5.7628,5.1654,4.7320,4.4628,5.4794,2.9267,3.2969,2.3632,2.1228,0.6625,-1.8677,1.9000,1.2672,1.1764,1.5994,2.0694,1.2068,5.4856,1.8032,3.1787,4.1553,5.8237,2.8076,5.1647,2.0088,1.7729,1.4275,1.4354,2.1823,2.0265,3.1338,3.2654,5.2672,3.6527,4.0833,3.5170,8.9137,8.5798,6.2087,6.5073,9.7705,6.5727,9.6700,6.7999,7.0332,7.2698,7.5070,7.7450,7.9813,8.2200,8.4563,8.6921,8.9243,9.1549,9.3809,9.6050,9.8246,10.0406,10.2524,10.4603,10.6654,10.8660,11.0641,11.2569,11.4462,11.6320,11.8145,11.9940,12.1698,12.3429,12.5122,12.6789,12.8417,13.0017,13.1583,13.3115,13.4613,13.6079,13.7515,13.8921,14.0299,14.1651,14.2977,14.4280,14.5561,14.6822,14.8063,14.9284,15.0484,15.1660,15.2801,15.3814,15.4670
45134.9583333,17.0320,18.0799,18.3346,18.0721,23.7178,17.9690,18.4692,14.5666,15.9363,15.2945,15.0265,14.1680,12.7377,13.3835,11.9831,11.2658,11.6013,10.3296,10.3937,9.2869,9.8727,8.0834,7.9597,7.2844,6.5992,10.3998,5.8593,5.5728,3.6994,3.8848,0.0097,-1.7841,-3.3947,-0.5044,-0.7742,0.4985,1.2812,1.9822,0.5768,3.6978,5.1597,3.3106,2.3526,3.2987,16.3015,6.9471,5.2200,7.0287,5.1798,4.8170,6.8141,8.1813,9.6183,9.1877,4.4644,4.9848,5.0275,6.5376,13.8545,9.9705,10.1941,8.4086,6.6712,6.0797,6.6211,6.6877,8.7139,10.2027,4.6859,5.0793,5.5046,4.6429,4.5558,4.2490,5.1540,5.5763,5.4216,4.6237,3.7562,8.7955,17.7878,15.3400,7.9128,6.5560,7.3753,6.4140,12.0655,8.9162,12.9511,7.4496,11.4062,17.0200,17.4279,14.8346,6.3571,8.0785,8.8506,9.0887,8.7974,8.0300,8.1087,14.1176,12.2492,12.6184,16.9349,18.0877,13.6056,16.4964,10.9058,17.0542,11.9648,11.0193,12.8852,10.7761,12.8873,9.4962,10.4436,14.1726,12.5194,12.7155,8.2446,13.0723,10.6568,12.7558,13.1229,14.6464,13.9379,16.5506,13.1478,8.6184,10.0917,10.3030,10.4296,10.4406,12.9076,11.2115,10.5892,11.2238,9.8172,9.1766,8.5190,8.4509,7.9191,8.0933,8.1954,6.3392,6.4995,8.3916,5.9856,5.9272,5.3195,4.7936,3.7851,1.8456,4.0361,4.0034,4.1192,4.0913,4.3411,3.7230,7.6728,4.4333,5.3498,6.2500,7.3921,4.6015,6.8712,3.9101,3.8782,3.3274,2.5899,3.3013,3.3246,4.3406,4.3309,5.6368,3.9668,4.3848,3.8010,8.6839,8.0916,5.7259,5.9456,8.9296,5.7580,8.7912,6.0610,6.2199,6.3849,6.5548,6.7297,6.9087,7.0945,7.2842,7.4793,7.6778,7.8811,8.0871,8.2974,8.5101,8.7254,8.9426,9.1612,9.3816,9.6021,9.8233,10.0430,10.2615,10.4785,10.6935,10.9064,11.1162,11.3232,11.5267,11.7270,11.9232,12.1158,12.3045,12.4892,12.6699,12.8466,13.0195,13.1886,13.3541,13.5159,13.6741,13.8289,13.9803,14.1286,14.2737,14.4157,14.5546,14.6902,14.8214,14.9406,15.0382
45135.0000000,18.7941,21.9822,22.1416,22.1641,29.0367,21.5643,23.5235,18.3236,20.4980,18.4440,18.5943,18.0399,15.1733,16.5895,16.1974,15.5974,16.4856,15.3812,13.9525,13.0897,15.0892,12.4552,11.4043,12.0238,11.4380,15.9685,10.9377,9.9427,9.3045,8.5282,5.7803,4.0845,2.4095,4.5333,4.1240,4.8145,5.4400,5.8701,4.1424,6.4661,7.8081,6.0685,5.1068,5.9101,17.8285,9.2829,7.2100,7.8149,5.9885,5.3185,7.4864,9.0365,10.4722,10.1784,4.9705,7.0422,7.0210,8.3332,15.2653,11.5050,11.6766,10.0069,8.7789,8.4943,8.4714,8.8005,11.0184,12.0383,6.2064,6.5321,7.3543,7.0065,6.9122,6.1854,6.1510,8.0519,7.9354,7.6100,6.9686,11.6047,19.7602,17.7249,10.6538,8.8007,9.9925,8.9687,14.7847,11.6109,15.6840,9.8061,14.2153,19.5425,19.8936,17.5542,8.5154,10.5603,11.3283,11.1191,11.0562,10.0299,10.1560,16.2256,12.2129,12.7294,17.4166,18.8004,14.3859,16.9899,11.1183,18.5787,12.3168,11.2149,13.3071,10.9200,13.2665,9.5590,10.7328,15.0244,13.5579,13.7888,8.3728,13.8846,11.1339,14.0148,15.3505,17.3554,16.3787,18.9575,14.8163,9.0709,10.9506,11.3236,11.9347,12.5227,15.6679,13.9549,13.3355,14.7049,12.1867,11.9321,11.0040,11.6903,10.4876,10.6357,11.5868,8.2209,8.8021,11.9268,9.4601,8.9692,8.7072,7.7638,7.1572,5.7705,6.3118,7.0643,7.6396,7.0036,6.7668,6.3943,10.6506,7.5440,8.1862,9.2246,9.9928,7.1979,9.7454,6.7078,7.1211,6.2846,4.4724,4.5731,4.9618,6.1770,6.1598,6.9600,5.2171,5.7162,5.1329,9.8329,9.0973,6.7573,6.9686,9.8159,6.6871,9.7104,7.0734,7.1785,7.2861,7.3956,7.5079,7.6226,7.7423,7.8655,7.9935,8.1256,8.2629,8.4045,8.5517,8.7034,8.8600,9.0212,9.1868,9.3573,9.5315,9.7101,9.8915,10.0762,10.2637,10.4540,10.6467,10.8412,11.0375,11.2350,11.4337,11.6326,11.8321,12.0314,12.2302,12.4281,12.6249,12.8202,13.0139,13.2056,13.3951,13.5822,13.7667,13.9484,14.1273,14.3031,14.4759,14.6454,14.8113,14.9723,15.1207,15.2410
45135.0416667,19.8132,24.4219,24.3517,24.4129,32.2042,23.0946,26.3512,21.1560,24.3052,21.0446,21.6270,21.4485,17.4952,20.7464,20.9426,20.0434,21.0479,19.7403,16.6895,15.9429,19.2532,15.5512,13.6605,15.5708,15.0583,20.5743,14.6727,13.0568,14.1188,12.3942,11.2779,9.7225,8.2832,9.6599,9.2194,9.3192,9.9854,10.2319,7.8833,10.1714,11.1467,9.1966,7.9811,8.6046,19.7910,12.1107,9.6419,9.7154,7.7274,6.5966,8.7632,10.2529,11.4588,11.0683,5.3058,8.7225,8.5552,9.5638,16.0773,12.3055,12.4215,10.8583,10.1191,10.1913,9.7220,10.4091,13.0458,13.9309,7.8808,8.0255,8.9743,8.8230,8.5413,7.5747,6.6449,9.7768,9.5645,9.4814,8.7896,12.9500,20.1843,18.3845,11.4173,9.2182,10.8250,9.7902,16.0672,12.8362,17.1716,10.8105,15.9144,21.1615,21.5758,19.6546,9.9041,12.5836,13.4625,12.7382,12.9110,11.6530,11.8825,18.1229,13.3420,13.6627,18.3056,19.5701,14.9610,17.6276,11.4368,19.8618,12.6091,11.4276,13.6035,10.9454,13.3902,9.4221,10.7428,15.3963,14.0064,14.2737,8.3249,14.3900,11.4222,14.9337,17.0073,19.4478,18.1558,20.6500,15.7757,9.1155,11.3374,11.8852,12.8727,13.8763,17.5836,15.7518,15.0875,17.1581,13.5238,13.6599,12.5325,13.9433,12.0983,12.2925,14.0924,9.3057,10.3611,14.7672,12.0000,11.0557,11.2585,10.1776,10.1930,9.4589,8.2496,9.7494,10.7955,9.2715,8.8502,8.6124,13.3571,10.1409,10.3805,11.4870,11.7872,8.7373,11.8502,8.5910,9.8993,8.9423,5.9613,6.6549,7.2410,8.5195,8.2696,8.4466,6.4105,6.9278,6.2207,10.8322,9.8332,7.3552,7.5076,10.2595,7.0196,10.1247,7.4996,7.6068,7.7187,7.8338,7.9517,8.0710,8.1924,8.3143,8.4368,8.5590,8.6814,8.8032,8.9253,9.0474,9.1699,9.2930,9.4171,9.5430,9.6705,9.8003,9.9320,10.0662,10.2032,10.3430,10.4858,10.6315,10.7803,10.9320,11.0868,11.2441,11.4044,11.5671,11.7322,11.8995,12.0687,12.2399,12.4126,12.5868,12.7621,12.9384,13.1153,13.2928,13.4706,13.6484,13.8259,14.0029,14.1786,14.3514,14.5130,14.6421
45135.0833333,19.6508,25.5211,25.2604,25.3499,34.0000,23.3016,27.4487,21.8498,25.6548,21.2080,22.0497,22.1224,17.2962,21.7899,22.9564,22.3383,24.0705,22.9513,18.6512,18.1109,22.6817,17.9349,15.3035,18.2203,17.6734,24.1574,17.2082,14.8722,17.4348,14.6442,15.1393,13.7781,12.7926,13.5185,13.2066,12.7178,13.6644,13.8274,10.5785,13.3314,14.0539,11.8218,10.2822,10.7886,21.5015,14.4416,11.4418,11.0818,8.9832,7.4581,9.7874,11.3294,12.3705,11.8757,5.5662,10.0512,9.5887,10.2348,16.2828,12.3402,12.2641,10.6493,10.1724,10.4352,9.5125,10.4441,13.4956,14.5257,8.8671,9.1426,10.3361,10.3714,9.8254,8.3735,6.7409,10.8446,10.4047,10.4887,9.6513,13.3917,19.7730,18.0737,11.0989,8.5908,10.3823,9.2074,15.6835,12.2620,16.6916,9.8605,15.4181,20.5743,21.0027,19.3982,9.0048,12.1911,13.2209,12.1436,12.5578,11.1657,11.5518,18.1568,13.3008,13.6328,18.4156,19.7000,14.9957,17.7527,11.3701,20.6442,12.5356,11.2853,13.4885,10.6445,13.1263,9.0069,10.3721,15.2229,13.8510,14.0905,7.7768,14.0926,10.9652,14.8970,17.5729,20.3855,18.7762,21.2149,15.6886,8.4410,10.8166,11.4658,12.7192,14.0599,18.3206,16.3602,15.6393,18.3340,13.7008,14.1067,12.7875,14.8032,12.4110,12.6517,15.2094,9.2483,10.6558,16.2998,13.1998,11.8753,12.4825,11.2701,11.9336,11.9520,9.1788,11.4717,13.1265,10.7368,10.2264,10.1218,15.5936,12.1433,12.0321,13.2418,13.1187,9.7054,13.3427,9.6741,11.7534,10.5568,6.4033,7.7513,8.8066,10.4570,10.1134,9.7866,7.4434,8.0326,7.1910,11.8619,10.5918,7.9218,7.9859,10.6405,7.2447,10.3339,7.6211,7.6426,7.6703,7.7041,7.7444,7.7909,7.8446,7.9046,7.9715,8.0444,8.1238,8.2088,8.2997,8.3956,8.4962,8.6011,8.7097,8.8218,8.9367,9.0541,9.1732,9.2939,9.4159,9.5389,9.6628,9.7874,9.9126,10.0384,10.1650,10.2921,10.4202,10.5490,10.6789,10.8100,10.9422,11.0759,11.2111,11.3479,11.4864,11.6266,11.7686,11.9123,12.0578,12.2050,12.3538,12.5040,12.6552,12.8058,12.9485,13.0625
45135.1250000,18.8621,25.7382,25.3458,25.4960,34.9951,22.9405,27.8799,21.8915,26.3141,20.8858,21.9301,22.1633,16.6024,21.8138,23.5914,22.9654,25.1794,24.1500,18.7621,18.5142,24.4207,18.8101,15.7032,19.6571,19.2545,26.9305,19.0288,16.1948,20.1186,16.3970,18.2904,17.0503,16.4652,16.5699,16.4171,15.3817,16.7308,16.9175,12.7119,16.3106,16.8822,14.3508,12.4795,12.9416,23.4354,16.8637,13.2536,12.5827,10.2419,8.3265,10.8441,12.4282,13.3220,12.7278,5.8883,11.3619,10.6448,11.0037,16.6976,12.5973,12.3496,10.6683,10.3538,10.7100,9.3656,10.3824,13.5861,14.5794,9.0897,9.5690,11.1070,11.4349,10.7443,8.9610,6.8179,11.7838,11.1660,11.4340,10.4746,13.9069,19.5751,17.9668,11.0045,8.2937,10.1831,8.9003,15.4461,11.8582,16.2840,9.1389,14.8735,19.8269,20.1552,18.7004,7.9084,11.2492,12.2947,10.9597,11.4763,9.9664,10.3892,17.1281,12.4441,12.7706,17.6468,18.9707,14.2439,17.1678,10.7339,20.7856,12.0680,10.8449,13.0830,10.1581,12.6656,8.5100,9.8962,14.8611,13.5194,13.7428,7.2741,13.6440,10.4150,14.5754,17.6934,20.7832,18.8711,21.2511,15.2219,7.7214,10.1048,10.7892,12.1809,13.7347,18.4198,16.3511,15.5837,18.7894,13.3916,13.9824,12.5244,14.9816,12.1849,12.4504,15.5808,8.7993,10.3886,17.0094,13.6085,11.9971,12.9124,11.5741,12.7519,13.4362,9.3863,12.3504,14.6309,11.4776,10.9029,10.9538,17.2872,13.5634,13.2157,14.6012,14.1484,10.3936,14.5920,10.5159,13.3416,11.8861,6.7023,8.4611,9.9125,11.9644,11.5371,10.7732,8.1244,8.8219,7.8793,12.7624,11.2791,8.4388,8.4710,11.1207,7.5910,10.7359,7.9588,7.9441,7.9328,7.9248,7.9204,7.9192,7.9222,7.9289,7.9398,7.9546,7.9739,7.9975,8.0258,8.0586,8.0963,8.1389,8.1863,8.2389,8.2965,8.3592,8.4266,8.4988,8.5758,8.6574,8.7434,8.8336,8.9277,9.0255,9.1268,9.2311,9.3384,9.4481,9.5601,9.6740,9.7897,9.9068,10.0253,10.1448,10.2653,10.3866,10.5087,10.6315,10.7549,10.8790,11.0037,11.1290,11.2546,11.3792,11.4973,11.5910
45135.1666667,17.8438,25.4387,24.9339,25.1331,35.3761,22.1934,27.7599,21.5287,26.4548,20.2329,21.4281,21.7870,15.7175,21.3434,23.6276,22.9823,25.5653,24.5247,18.1753,18.0363,24.9834,18.5686,15.0609,19.7660,19.4573,28.2878,19.4798,16.2760,21.5095,17.0632,20.4140,19.4023,19.3374,18.9099,18.9551,17.4305,19.2058,19.4579,14.3431,18.7387,19.2765,16.4944,14.3376,14.8392,25.3838,19.3166,15.1448,14.3517,11.7730,9.4932,12.2682,13.9073,14.6729,13.9701,6.5624,12.9118,11.9057,11.9916,17.4127,13.1324,12.7188,10.9602,10.7532,11.1719,9.4780,10.5431,13.8302,14.6854,9.0261,9.5595,11.3497,11.9236,11.1148,9.1150,6.6174,12.3183,11.5964,12.0676,11.0225,14.2389,19.3254,17.8190,10.8959,8.0655,10.0309,8.6988,15.2960,11.6072,16.0255,8.7098,14.5203,19.2768,19.5071,18.1660,7.2213,10.5556,11.5686,10.0615,10.6080,9.0278,9.4249,16.0871,11.5495,11.8267,16.6671,17.9660,13.2325,16.2110,9.7846,20.3318,11.1908,10.0219,12.2704,9.3523,11.8550,7.7698,9.1591,14.1656,12.8845,13.1251,6.6986,13.0197,9.7866,14.0785,17.5387,20.8616,18.6848,20.9991,14.5909,7.0628,9.3688,10.0473,11.4894,13.1573,18.1125,15.9580,15.1556,18.7477,12.8011,13.5187,11.9857,14.7383,11.6859,11.9701,15.4940,8.2431,9.9047,17.1940,13.5611,11.7558,12.8833,11.4489,12.9842,14.1874,9.1893,12.6237,15.4424,11.6586,11.0864,11.2505,18.3896,14.3853,13.8900,15.4581,14.7412,10.6892,15.4174,10.9761,14.5201,12.8538,6.8406,8.9296,10.7394,13.2035,12.7028,11.5519,8.6099,9.4061,8.3673,13.5097,11.8311,8.8191,8.8305,11.5111,7.8440,11.0679,8.2183,8.1834,8.1514,8.1221,8.0955,8.0716,8.0509,8.0329,8.0180,8.0060,7.9971,7.9911,7.9884,7.9887,7.9922,7.9988,8.0088,8.0221,8.0387,8.0589,8.0823,8.1093,8.1398,8.1740,8.2118,8.2533,8.2987,8.3477,8.4007,8.4574,8.5180,8.5824,8.6505,8.7224,8.7979,8.8770,8.9596,9.0455,9.1347,9.2270,9.3222,9.4201,9.5206,9.6234,9.7284,9.8354,9.9437,10.0522,10.1557,10.2378
45135.2083333,16.2208,24.3383,23.8324,24.1418,35.0802,21.0622,27.1725,20.9420,26.3132,19.4966,20.8188,21.2860,14.8919,20.8170,23.4671,22.7664,25.6228,24.5427,17.4297,17.3398,25.0969,18.0292,14.2473,19.4416,19.1773,28.9848,19.3416,15.8020,22.0379,16.9118,21.4956,20.7120,21.2164,20.3521,20.6710,18.7417,21.0172,21.4078,15.4322,20.5008,21.0573,18.0377,15.6181,16.2072,27.0163,21.4915,16.8455,15.8256,13.1278,10.5513,13.6628,15.4906,16.2563,15.5198,7.5098,14.8154,13.5766,13.4565,18.7308,14.2736,13.7112,11.8590,11.7085,12.1516,10.1301,11.1976,14.4981,15.1661,9.0570,9.5179,11.4691,12.2324,11.2968,9.0382,6.3193,12.5652,11.7589,12.4332,11.3360,14.4157,19.0377,17.6402,10.7773,7.8754,9.8928,8.5370,15.1675,11.4237,15.8374,8.4421,14.2919,18.8904,19.0576,17.8282,6.8747,10.1542,11.1402,9.5418,10.1040,8.5058,8.8753,15.3858,10.8989,11.1327,15.8801,17.1355,12.4329,15.3524,8.9832,19.7203,10.2883,9.1324,11.3340,8.4790,10.9142,6.9793,8.3195,13.2605,12.0460,12.3000,6.0426,12.1975,9.0329,13.3725,17.1131,20.6665,18.3056,20.5873,13.9323,6.5309,8.7269,9.3836,10.8274,12.5496,17.6708,15.4492,14.6118,18.4731,12.1409,12.9205,11.3435,14.2684,11.0681,11.3577,15.1299,7.6655,9.3283,17.0400,13.2569,11.3417,12.6103,11.1174,12.8920,14.4911,8.8596,12.5969,15.8527,11.6052,11.0700,11.3207,19.1552,14.9272,14.3530,16.1016,15.1895,10.9022,16.0729,11.3116,15.4520,13.5796,6.9036,9.3125,11.4123,14.2696,13.7098,12.2308,9.0281,9.9180,8.8003,14.2351,12.3930,9.2241,9.2305,11.9746,8.1761,11.4957,8.5675,8.5197,8.4736,8.4293,8.3867,8.3460,8.3075,8.2711,8.2371,8.2053,8.1761,8.1493,8.1251,8.1035,8.0846,8.0684,8.0549,8.0443,8.0363,8.0313,8.0289,8.0293,8.0325,8.0385,8.0474,8.0591,8.0736,8.0910,8.1113,8.1345,8.1606,8.1897,8.2217,8.2566,8.2946,8.3355,8.3795,8.4266,8.4767,8.5299,8.5862,8.6455,8.7080,8.7735,8.8420,8.9134,8.9875,9.0634,9.1372,9.1966
45135.2500000,14.5977,22.9237,22.3834,22.7485,34.1793,19.5628,26.0385,19.8337,25.5725,18.3508,19.7915,20.3890,13.8797,20.0401,23.0392,22.3553,25.4779,24.3862,16.7090,16.6509,25.0004,17.4229,13.4800,18.9631,18.7194,29.3198,18.9607,15.1832,22.1691,16.4775,22.0214,21.3890,22.3630,21.0671,21.6234,19.3226,22.0825,22.6387,15.8768,21.5977,22.1983,18.9513,16.2914,16.9823,28.1643,23.1835,18.0892,16.7607,13.9628,11.1135,14.5383,16.6013,17.4253,16.6866,8.0624,16.4468,15.0861,14.8483,20.0924,15.5113,14.8851,12.9912,12.9434,13.4656,11.1866,12.3027,15.6639,16.1517,9.4623,9.7518,11.7607,12.6265,11.5392,9.0150,6.1506,12.7445,11.8394,12.6857,11.5227,14.4789,18.6892,17.3798,10.5818,7.6509,9.6944,8.3353,14.9737,11.2026,15.6072,8.1912,14.0507,18.5172,18.6438,17.5303,6.6496,9.8728,10.8381,9.1834,9.7556,8.1706,8.5253,14.8724,10.3239,10.5353,15.1736,16.3953,11.7727,14.6349,8.4052,19.1624,9.5819,8.4330,10.5353,7.7712,10.0847,6.3391,7.5911,12.3627,11.1984,11.4420,5.4418,11.3157,8.2565,12.5357,16.4487,20.1815,17.6915,19.9481,13.1656,6.0044,8.0886,8.7320,10.1607,11.9019,17.1096,14.8639,14.0168,18.0676,11.4985,12.3120,10.7250,13.7261,10.4553,10.7356,14.6291,7.1292,8.7437,16.6572,12.7737,10.7980,12.1492,10.6412,12.5718,14.4655,8.4291,12.3210,15.8978,11.3133,10.7587,11.0891,19.4850,15.0629,14.4132,16.3260,15.2662,10.8174,16.3803,11.3911,16.0875,14.0794,6.9267,9.5516,11.9276,15.1700,14.5763,12.8216,9.3930,10.3703,9.1872,14.9106,12.9198,9.5997,9.6069,12.4317,8.4970,11.9306,8.9195,8.8699,8.8207,8.7723,8.7247,8.6782,8.6330,8.5889,8.5462,8.5048,8.4648,8.4263,8.3893,8.3539,8.3202,8.2883,8.2582,8.2300,8.2038,8.1797,8.1576,8.1377,8.1200,8.1046,8.0916,8.0809,8.0727,8.0669,8.0636,8.0627,8.0644,8.0686,8.0754,8.0847,8.0966,8.1111,8.1281,8.1477,8.1699,8.1947,8.2220,8.2520,8.2845,8.3197,8.3574,8.3977,8.4404,8.4849,8.5289,8.5647
45135.2916667,12.3568,20.5985,19.9705,20.2658,31.8538,16.8287,23.4267,17.5730,23.5374,16.0705,17.5517,18.2479,11.8378,18.0744,21.3564,20.7572,24.1155,23.0679,15.0960,15.1926,23.9442,16.0288,12.1214,17.7803,17.5532,28.6128,17.6284,13.8028,21.3568,15.3215,21.6582,21.1541,22.5204,20.7694,21.4338,18.7742,21.8386,22.4459,15.0417,21.2930,21.7952,18.2819,15.3940,16.1775,27.7581,23.2690,17.8445,16.3319,13.5671,10.5447,14.2238,16.4508,17.2768,16.4802,7.3529,16.7650,15.3739,15.0208,20.1511,15.3432,14.6337,12.7240,12.8782,13.6457,11.2781,12.5711,16.1409,16.5645,9.8450,10.0840,12.0512,12.8728,11.5875,8.8629,5.9264,12.5929,11.4717,12.3864,11.0327,13.7149,17.4614,16.0573,9.2559,6.3548,8.3463,7.0385,13.6020,9.8081,14.1533,6.8132,12.5609,16.8950,16.9919,15.9961,5.3748,8.5805,9.5513,7.9005,8.4385,6.9012,7.2593,13.3823,8.9917,9.1520,13.5969,14.7231,10.1978,13.0651,7.1841,17.9491,8.4392,7.4147,9.4194,6.7473,8.8900,5.3495,6.4847,10.9958,9.8284,10.0390,4.4271,9.9692,7.0547,11.1779,15.0942,18.8753,16.2353,18.3990,11.5747,4.8306,6.8368,7.5076,8.9299,10.6556,15.8237,13.5709,12.7433,16.8898,10.2245,11.0942,9.5925,12.6246,9.3576,9.6367,13.5425,6.1788,7.7616,15.6888,11.7015,9.7017,11.1005,9.6712,11.7319,13.8609,7.6384,11.5264,15.2253,10.3647,9.7667,10.0686,18.8149,14.1211,13.3460,15.3250,14.1282,9.5426,15.3884,10.2746,15.4892,13.5044,6.1769,8.9777,11.6128,15.2137,14.5809,12.6156,8.9839,10.0324,8.7848,14.7186,12.5422,9.0025,8.9304,11.7768,7.6723,11.1489,8.0399,8.0230,8.0062,7.9884,7.9690,7.9471,7.9233,7.8970,7.8683,7.8375,7.8047,7.7702,7.7342,7.6970,7.6589,7.6202,7.5813,7.5424,7.5038,7.4658,7.4284,7.3919,7.3565,7.3222,7.2892,7.2576,7.2274,7.1986,7.1715,7.1458,7.1218,7.0996,7.0792,7.0606,7.0438,7.0288,7.0159,7.0051,6.9963,6.9894,6.9844,6.9815,6.9806,6.9816,6.9845,6.9890,6.9935,7.0018,7.0080,7.0118
45135.3333333,9.0058,17.0393,16.5222,16.8544,28.5696,13.5524,20.0734,14.4751,20.5125,13.0518,14.4780,15.1669,8.9923,14.8911,18.2943,17.7837,21.2866,20.3034,12.3151,12.5456,21.5882,13.5328,9.8181,15.4997,15.3400,26.8724,15.4507,11.6210,19.5345,13.2618,20.1540,19.7647,21.4609,19.4289,20.2452,17.3196,20.6688,21.2772,13.2855,20.0004,20.3756,16.6545,13.5285,14.3483,26.1965,21.8682,16.0975,14.5349,11.7532,8.7270,12.5739,14.9264,15.7694,14.9975,5.7065,15.6238,14.2271,13.8662,19.0401,14.0653,13.2969,11.3201,11.4883,12.3632,9.9485,11.3341,15.1413,15.7384,9.4779,9.9981,12.1258,12.9658,11.5111,8.5541,5.6764,12.3554,11.0141,11.9649,10.4108,12.8996,16.3753,14.8479,8.0552,5.2266,6.9444,5.6247,11.8624,8.0066,12.1107,4.9894,10.3505,14.4848,14.4967,13.4536,3.2951,6.2473,7.1782,5.6867,6.1358,4.6910,5.0363,10.8223,6.7130,6.8608,11.1021,12.1716,7.8267,10.6730,5.1464,15.7040,6.4635,5.6112,7.6135,5.1488,7.1498,3.9226,4.9252,9.1847,8.0634,8.2581,3.0979,8.1572,5.4113,9.3053,13.1065,16.8683,14.1300,16.2215,9.4361,3.2558,5.0415,5.6500,6.9642,8.6322,13.6885,11.4960,10.7340,14.9212,8.3345,9.1560,7.7577,10.7955,7.6470,7.9534,11.8139,4.7828,6.2784,14.1045,10.1190,8.1619,9.5421,8.1689,10.2856,12.5513,6.4465,10.2907,14.0753,9.1392,8.4888,8.7025,17.6574,12.7371,11.9158,13.9135,12.6855,8.0240,13.8429,8.6415,13.9456,11.9136,4.6617,7.3348,10.1133,14.0579,13.4640,11.4805,7.7458,8.8590,7.6172,13.7250,11.5509,7.8959,7.7581,10.5893,6.4425,9.8153,6.5726,6.5474,6.5193,6.4886,6.4558,6.4206,6.3842,6.3482,6.3115,6.2752,6.2394,6.2045,6.1705,6.1373,6.1051,6.0732,6.0419,6.0105,5.9790,5.9471,5.9146,5.8814,5.8483,5.8126,5.7764,5.7390,5.7007,5.6617,5.6220,5.5819,5.5415,5.5009,5.4603,5.4197,5.3792,5.3390,5.2992,5.2597,5.2191,5.1659,5.1216,5.0751,5.0304,4.9874,4.9460,4.9066,4.8695,4.8359,4.8017,4.7754
45135.3750000,5.1027,12.7228,12.4445,12.8434,24.5674,9.9300,16.2173,10.5453,16.6753,9.5205,10.9283,11.6769,5.9877,10.7880,14.2958,13.9883,17.5298,16.2186,8.4560,8.5556,17.7963,9.7026,6.4998,12.2033,12.1420,24.0774,12.3831,8.7510,16.9621,10.5002,17.7592,17.2796,18.8936,16.1843,16.9116,13.9633,18.2522,19.3337,10.9773,18.1341,18.4295,14.7596,11.4338,12.3829,24.5489,20.0393,13.9533,12.4247,9.5906,6.7500,10.5158,12.0581,12.6217,11.5621,2.5965,12.5506,11.2963,11.2014,16.6733,11.6331,10.9975,8.5683,8.8492,9.9960,7.8727,9.1574,12.9873,12.9618,7.1596,8.9225,11.4826,12.4396,10.9049,7.7634,5.2295,11.9423,10.4459,11.4687,9.7679,12.1679,15.7481,14.0124,6.9735,4.5622,5.3102,4.2237,10.3243,6.5196,10.3423,3.4000,8.3005,11.9906,12.0227,10.7537,0.6897,3.4125,4.4200,3.3066,3.4983,2.4500,2.2246,7.5746,3.2760,3.7017,7.4068,8.2034,3.7060,6.9458,1.9067,12.1259,3.1475,2.4308,4.6242,2.5679,4.5591,1.6548,2.1254,6.2596,5.3652,5.6781,1.2261,6.0321,3.1944,6.9409,10.5688,14.4336,11.7368,13.8094,7.1055,1.6058,3.1837,3.5951,4.6266,6.0252,10.5780,8.6356,8.0489,12.1839,5.5820,6.2194,5.1365,8.2971,5.4201,5.8468,9.6740,3.1345,4.5304,12.1660,8.1679,6.2896,7.6217,6.3622,8.5467,10.8078,5.1259,8.9096,12.7626,7.7802,7.0238,6.9981,16.8489,10.8675,10.2537,11.9987,10.9050,6.3009,11.5094,6.5144,11.3769,9.3363,2.4625,4.9775,7.6529,11.9831,11.1171,9.6546,5.5117,6.7272,5.5197,11.7258,10.0194,6.0441,5.6756,8.4763,4.2789,7.3931,3.6332,3.8050,3.9592,4.0999,4.2133,4.3110,4.3930,4.4583,4.5076,4.5419,4.5616,4.5695,4.5664,4.5528,4.5320,4.5032,4.4679,4.4281,4.3835,4.3356,4.2848,4.2316,4.1765,4.1195,4.0614,4.0019,3.9413,3.8794,3.8163,3.7507,3.6702,3.4801,3.3432,3.1864,3.0367,2.8894,2.7430,2.5976,2.4559,2.3171,2.1845,2.0589,1.9407,1.8290,1.7238,1.6249,1.5324,1.4470,1.3620,1.2974
45135.4166667,-2.9759,4.0707,4.5296,5.1441,18.0060,2.2749,8.3679,3.8930,10.4713,2.9167,4.5334,5.7126,1.1232,5.2774,8.8598,8.8862,13.6326,10.9767,4.5720,3.6521,13.1445,5.1298,2.3299,7.9652,7.7378,19.7760,6.3769,2.9874,11.2884,4.9317,12.6336,13.1303,15.4338,11.9740,11.8882,7.7084,10.1600,11.5687,4.1250,12.8083,11.9973,9.1010,5.9960,7.4000,21.2964,15.1769,8.7197,7.7967,5.8089,3.5416,8.8404,9.7343,9.7103,7.6575,-1.7824,7.5824,5.3267,5.9670,11.0026,4.4247,5.6913,2.1339,2.7014,4.4261,3.6887,4.8488,10.0192,9.5687,2.3977,5.8258,8.9285,9.2891,8.8484,5.4838,3.6031,10.9536,7.7046,10.0518,6.0166,8.0012,13.8776,11.1249,1.9071,1.5382,0.1789,-0.2660,5.9020,2.3762,6.0305,1.1617,4.7806,6.6854,6.9280,5.6268,-4.4994,-2.7025,-1.2745,-1.5629,-1.4554,-0.6635,-2.2236,4.3218,-2.1077,-0.3950,2.9561,3.1234,-2.2746,0.5163,-4.0137,6.5917,-1.9677,-2.3909,-0.3743,-1.8342,1.1675,-1.2911,-2.2141,1.3716,1.2158,0.6242,-3.4720,1.8475,-1.3496,2.7188,5.0164,8.8636,6.3029,8.4502,1.6093,-3.2721,-1.4344,-0.7665,0.5936,2.2506,5.7766,3.6842,3.7427,8.9739,2.5574,2.0208,1.2644,4.2822,1.5830,1.4258,5.0989,-0.7159,1.0813,8.0914,4.3178,1.6225,3.6101,2.4091,5.1518,7.7747,2.6767,6.3198,11.2327,4.8089,4.9464,3.6220,15.2241,8.3715,7.6285,7.5764,7.8255,3.0010,7.3737,3.5875,7.7037,5.6530,-0.8139,1.4617,3.4977,8.5677,7.3049,6.6695,1.4965,3.4051,1.3608,8.8531,7.3413,3.2210,2.7761,5.7768,1.7165,4.3779,-0.6808,-0.4051,-0.1394,0.1113,0.3468,0.5634,0.7668,0.9544,1.1268,1.2850,1.4292,1.5615,1.6816,1.7893,1.8858,1.9696,2.0407,2.0996,2.1449,2.1759,2.1704,1.9620,1.8174,1.6400,1.4764,1.3099,1.1245,0.9492,0.7824,0.6026,0.4311,0.2575,0.0790,-0.1048,-0.2896,-0.4801,-0.6752,-0.8732,-1.0717,-1.2706,-1.4671,-1.6600,-1.8484,-2.0322,-2.2109,-2.3839,-2.5505,-2.7089,-2.8657,-2.9830
45135.4583333,-11.0693,-5.5422,-4.6955,-3.5744,10.3967,-7.7261,-2.3406,-5.6359,2.7899,-5.4036,-5.1194,-5.4581,-8.3674,-5.6382,-3.2208,-2.7038,5.4736,2.6337,-0.6331,-1.5416,7.2170,-1.5111,-3.7994,1.5186,2.0181,16.3546,0.7782,-3.4472,6.1761,-1.2483,6.5286,6.5519,11.4587,9.1981,9.1557,4.5172,6.1867,3.4852,-5.3477,5.1559,2.3853,-2.2007,-5.0085,-3.0334,15.4474,7.8464,0.4088,0.2275,-1.2738,-2.5146,4.4744,6.5845,6.7335,5.0891,-3.6062,4.5459,1.1778,3.8146,7.6684,-2.0467,-0.4773,-5.9953,-5.7495,-3.9154,-3.3127,-2.2182,4.2994,4.7984,-2.1820,1.6801,7.0730,6.5470,6.9777,1.6881,0.4939,9.0086,3.1005,7.4821,0.3065,2.4682,12.4750,8.3311,-2.7395,-3.2997,-5.9728,-5.8836,0.2688,-5.1148,0.0255,-4.3088,-0.7061,1.5993,1.9445,0.1458,-9.3719,-9.1263,-7.9174,-7.2790,-7.6335,-5.5763,-7.2940,-1.4248,-9.8690,-7.4842,-4.0618,-3.8964,-8.8739,-7.3460,-11.8643,-0.7308,-7.8763,-7.0569,-4.9343,-7.2534,-3.1309,-4.9812,-7.9097,-4.6224,-4.0345,-4.5861,-8.7221,-3.3648,-7.2649,-3.3426,-3.2096,2.1721,-0.4472,2.3393,-4.3955,-8.6962,-6.5942,-6.2841,-4.3980,-1.8767,1.9817,-1.6427,-2.9931,2.7690,-2.2121,-2.2774,-4.5226,-0.2450,-2.6840,-3.9627,0.0745,-6.0699,-3.9067,4.3506,-0.3449,-3.0134,-0.2700,-2.0667,0.1517,3.1346,-0.9105,3.2783,8.0390,1.2961,0.5964,-1.1634,12.1161,5.3712,3.3008,2.4868,4.2422,-0.1953,3.3769,-0.4430,2.7512,1.0052,-4.4717,-2.4300,-1.4374,4.5858,3.2535,3.4960,-2.6964,0.1326,-3.0770,6.5766,4.7397,0.5787,0.0420,3.1330,-0.7471,0.8490,-5.1352,-5.6122,-6.0488,-6.4356,-6.7600,-7.0157,-7.1894,-7.2836,-7.3027,-7.2555,-7.1541,-7.0107,-6.8382,-6.6478,-6.4476,-6.2435,-5.9303,-5.6037,-5.2743,-4.9868,-4.7135,-4.4783,-4.2860,-4.1383,-4.0225,-3.9488,-3.9219,-3.9162,-3.9284,-3.9692,-4.0204,-4.0864,-4.1670,-4.2609,-4.3642,-4.4795,-4.6056,-4.7414,-4.8849,-5.0358,-5.1922,-5.3527,-5.5165,-5.6832,-5.8521,-6.0223,-6.1927,-6.3611,-6.5341,-6.6642
45135.5000000,-20.2903,-16.9210,-15.0755,-11.4773,1.1864,-19.0012,-15.8202,-17.9523,-6.5723,-12.1446,-12.0582,-15.7114,-16.5804,-13.2240,-12.0129,-15.8100,-6.7177,-12.0742,-14.9522,-15.7721,-3.4183,-12.3609,-12.3290,-7.5718,-6.3847,9.6917,-4.8830,-10.4748,0.3524,-8.4995,-1.1458,-2.9934,2.6885,0.5447,3.9097,0.2069,3.1571,0.6671,-10.1970,1.5993,-1.9440,-10.6570,-14.7004,-12.7409,9.3760,-1.3906,-10.8732,-11.1054,-12.8868,-13.2401,-6.7278,-1.6171,-0.1543,-3.7136,-10.7924,-2.8427,-4.2339,2.2058,6.5345,-3.0752,-2.5662,-10.6933,-13.2494,-11.8303,-10.7128,-9.4478,-1.7232,-1.3675,-9.5014,-4.7982,0.4442,0.0320,1.4673,-1.6615,-1.9147,8.4795,1.9375,7.1304,-3.9643,-2.3838,12.7730,7.1219,-4.1682,-8.1481,-13.3463,-12.5348,-3.5704,-11.5792,-4.3403,-8.8110,-5.7667,-3.4442,-3.4238,-6.5177,-16.7434,-17.8792,-16.8111,-14.3655,-17.7689,-15.1293,-14.0172,-8.2883,-15.4255,-13.0810,-9.9314,-10.0701,-14.7324,-13.7172,-19.1757,-9.7010,-17.1864,-16.2746,-11.1377,-15.0305,-8.8973,-9.1828,-13.6113,-8.2420,-7.9032,-8.6905,-13.1268,-8.3110,-11.6130,-9.1604,-10.2414,-6.0942,-8.5735,-4.9281,-11.1574,-13.8157,-12.4319,-13.4932,-12.7057,-10.5622,-6.9952,-8.0742,-8.3969,-4.0644,-9.9537,-8.4265,-9.7782,-5.6622,-7.5437,-8.3865,-4.6832,-10.6454,-8.3508,0.3156,-7.3325,-8.9243,-6.8322,-7.4855,-5.5660,-3.2966,-5.3140,1.3194,5.0303,-0.2327,-4.3820,-4.7472,9.0600,1.9669,-1.7237,-2.8065,-0.5281,-2.2742,0.1879,-4.3731,-2.8069,-4.5534,-9.0562,-7.5506,-7.9951,-0.9791,-1.7864,-0.0021,-7.0767,-2.9694,-7.0703,3.8477,1.8996,-2.0705,-2.5445,0.7615,-2.6517,-1.7393,-6.8440,-7.2879,-7.7429,-8.2068,-8.6737,-9.1425,-9.6005,-10.0477,-10.4808,-10.8974,-11.2953,-11.6716,-12.0241,-12.3502,-12.6463,-12.9083,-13.0562,-13.1491,-13.1882,-13.1986,-13.1566,-13.0760,-12.9590,-12.8091,-12.6222,-12.4120,-12.1906,-11.9497,-11.6964,-11.4472,-11.1975,-10.9575,-10.7327,-10.5273,-10.3423,-10.1825,-10.0491,-9.9425,-9.8619,-9.8072,-9.7762,-9.7673,-9.7786,-9.8084,-9.8547,-9.9155,-9.9886,-10.0711,-10.1714,-10.2468
45135.5416667,-28.1042,-27.2749,-21.9678,-18.1266,-6.6469,-23.9679,-23.9249,-29.2200,-18.6253,-21.6924,-21.9302,-25.4320,-25.2260,-21.9476,-21.1953,-24.8133,-17.6891,-22.6928,-24.3255,-26.3465,-16.0320,-26.8217,-25.4680,-24.3859,-19.3871,-3.1926,-15.7684,-20.9871,-8.6292,-17.6990,-7.3125,-9.7339,-3.5883,-3.7295,-1.1103,-4.7372,-2.1948,-4.9448,-17.3094,-3.2966,-6.3256,-13.8695,-21.7169,-20.7572,3.8258,-10.4297,-18.8475,-17.9728,-21.9602,-22.8864,-16.2131,-13.6725,-12.5860,-14.7311,-21.1685,-17.6823,-17.4008,-6.7320,0.9550,-7.7477,-7.1160,-13.7577,-19.8617,-18.9164,-17.1429,-16.2851,-8.0708,-7.3977,-17.9011,-11.8473,-5.4928,-9.8710,-9.3310,-10.4898,-9.2486,3.7022,-1.6870,4.2921,-7.4477,-6.1111,14.7283,8.0640,-3.0747,-6.7968,-16.9397,-15.1412,-6.7809,-17.1506,-8.9664,-12.9743,-10.4172,-8.0177,-8.2081,-12.4337,-20.3172,-23.8960,-23.2521,-18.0603,-23.8308,-22.3754,-22.5486,-19.3038,-23.7297,-21.6034,-18.7895,-18.7937,-22.4114,-21.4336,-26.8747,-19.1398,-24.4501,-23.5798,-17.5998,-20.3494,-16.7351,-15.9380,-22.8750,-16.1354,-16.2028,-14.9901,-18.8918,-15.1559,-17.1857,-15.2264,-15.5702,-11.3855,-14.1485,-10.2503,-16.1326,-17.0120,-16.4907,-17.3025,-19.2841,-18.3822,-12.6414,-15.3050,-15.5853,-10.9204,-15.4825,-15.3204,-16.3612,-12.8001,-13.9079,-14.3695,-11.0584,-16.0779,-14.1400,-5.2471,-15.1621,-15.6302,-14.3911,-15.0509,-12.5121,-11.3630,-10.8422,-2.4644,0.2351,-3.4120,-6.8140,-9.3929,4.5541,-3.5303,-5.6315,-6.5338,-3.2981,-5.9495,-4.7840,-9.5452,-9.8248,-11.1810,-13.2250,-12.7693,-13.3189,-7.5660,-8.5228,-5.7729,-12.9605,-8.8748,-11.6165,-0.8953,-2.6820,-6.1370,-6.4314,-2.9489,-5.6466,-5.3448,-9.4953,-9.7293,-9.9831,-10.2546,-10.5402,-10.8407,-11.1454,-11.4561,-11.7713,-12.0900,-12.4115,-12.7348,-13.0595,-13.3851,-13.7101,-14.0327,-14.2983,-14.5476,-14.7808,-15.0142,-15.2297,-15.4340,-15.6255,-15.8026,-15.9578,-16.0962,-16.2208,-16.3209,-16.3967,-16.4546,-16.4876,-16.4989,-16.4896,-16.4603,-16.4106,-16.3434,-16.2600,-16.1621,-16.0514,-15.9306,-15.8016,-15.6669,-15.5294,-15.3919,-15.2571,-15.1275,-15.0055,-14.8935,-14.8100,-14.7412
45135.5833333,-25.8730,-26.6542,-19.9060,-14.7638,-3.8083,-18.6294,-21.3629,-26.9406,-19.7093,-20.9957,-22.4518,-27.0845,-26.7783,-25.9085,-26.4057,-30.0203,-24.5278,-28.8136,-28.4917,-30.8827,-22.1623,-33.2779,-27.7145,-32.8363,-25.2027,-11.2340,-25.0561,-29.8094,-17.6035,-27.2709,-19.4072,-20.8562,-12.9603,-6.8658,-5.8036,-5.9497,-2.0818,-4.3826,-18.1146,-3.1513,-5.7788,-12.3576,-23.2872,-23.8806,2.0457,-14.6197,-21.5882,-19.4182,-24.4067,-24.3568,-18.4174,-17.5644,-16.9336,-18.1842,-23.0008,-27.2093,-27.1888,-17.7948,-5.6997,-13.1788,-12.1410,-17.2034,-25.8969,-25.6874,-23.0001,-18.3702,-11.1070,-11.4786,-24.7182,-17.5676,-9.7807,-11.5498,-10.3276,-17.2742,-15.1015,-2.9493,-7.8885,-5.0055,-14.7676,-12.6768,13.2078,7.0022,-3.0612,-5.9751,-18.9117,-13.3035,-5.5431,-14.0484,-6.9907,-10.4825,-8.7394,-6.5339,-7.0188,-12.3453,-17.9896,-22.2746,-22.2603,-14.7027,-21.8214,-20.8147,-21.6429,-20.7814,-21.5830,-20.2430,-18.7643,-19.6514,-23.1280,-23.7382,-29.4236,-26.1375,-29.5641,-28.6833,-22.0016,-22.9501,-20.7169,-18.2421,-27.3362,-20.5694,-23.5270,-18.7065,-20.8241,-19.2870,-20.3124,-19.7847,-23.7965,-17.0943,-18.5919,-13.5140,-18.1389,-16.8367,-19.3620,-18.3427,-22.1504,-22.6045,-14.7057,-17.9006,-21.1137,-14.6119,-17.0889,-17.5676,-18.1518,-14.8514,-15.0894,-16.1618,-14.1589,-16.9289,-16.3315,-8.5789,-20.4952,-20.3383,-17.9353,-19.9985,-18.7606,-19.8209,-16.6681,-7.6643,-5.3261,-6.8736,-9.0609,-12.6529,1.5609,-6.4676,-6.4465,-6.5142,-2.0383,-5.1888,-5.1815,-10.1324,-12.8754,-14.5789,-14.5196,-15.0261,-16.2523,-11.9124,-12.8757,-8.8810,-14.0292,-11.4915,-13.4049,-3.5410,-5.0614,-7.9049,-8.1887,-4.8811,-6.7394,-7.2482,-10.5752,-10.7323,-10.8897,-11.0474,-11.2048,-11.3665,-11.5238,-11.6817,-11.8410,-12.0026,-12.1676,-12.3368,-12.5112,-12.6916,-12.8781,-13.0704,-13.2312,-13.3895,-13.5458,-13.7119,-13.8758,-14.0426,-14.2116,-14.3820,-14.5492,-14.7169,-14.8874,-15.0537,-15.2156,-15.3775,-15.5341,-15.6870,-15.8359,-15.9802,-16.1179,-16.2493,-16.3733,-16.4887,-16.5943,-16.6895,-16.7730,-16.8440,-16.9021,-16.9469,-16.9785,-16.9968,-17.0022,-16.9954,-16.9927,-16.9682
45135.6250000,-20.8434,-20.9983,-14.2994,-11.0830,3.1313,-8.5425,-10.3219,-17.4917,-9.2163,-8.2290,-9.3722,-13.8264,-13.3898,-15.5257,-18.1715,-21.3331,-18.6951,-23.7860,-22.6259,-26.0432,-20.2198,-30.3177,-24.9316,-29.9593,-26.0812,-12.3680,-25.5240,-28.4855,-20.0909,-27.3608,-24.3966,-26.7562,-20.8770,-13.7223,-11.4729,-8.3168,-2.0735,-1.7728,-14.3914,1.4170,0.4208,-4.7428,-14.4486,-13.8102,8.4043,-10.2167,-16.3022,-13.6770,-18.8791,-16.5473,-13.0015,-13.4759,-13.1080,-13.6748,-16.0708,-26.5478,-27.2362,-19.7437,-6.1451,-12.1712,-10.8289,-14.5782,-24.6402,-26.0029,-23.3228,-20.0241,-13.5270,-10.5949,-25.4048,-19.1959,-11.2355,-13.5948,-11.5852,-15.3197,-9.8685,-2.0423,-5.1665,-4.4945,-12.8951,-7.0567,17.4223,11.8679,2.4520,0.3106,-9.8325,-6.0531,0.4291,-6.9671,-0.9162,-3.7333,-1.8871,1.0133,1.2130,-4.0203,-9.3570,-12.3729,-11.0233,-2.3671,-8.7893,-7.5908,-8.6306,-9.2510,-11.7127,-11.1298,-9.4065,-10.3808,-13.3080,-15.1033,-20.5419,-22.3063,-24.5577,-24.8883,-19.3361,-18.9125,-17.9725,-14.9671,-22.3492,-18.8839,-23.4348,-20.3098,-18.4652,-19.0021,-18.8121,-19.0674,-22.4106,-17.9672,-18.9989,-13.6498,-16.9033,-14.2788,-16.5739,-17.4669,-21.4142,-22.4829,-14.6637,-17.2815,-19.7430,-14.8026,-15.5088,-16.4049,-15.9208,-14.4819,-13.5552,-12.6411,-10.9075,-12.3418,-12.8893,-5.7607,-16.9282,-16.4340,-15.9941,-17.4690,-17.9081,-21.1527,-14.7389,-8.8464,-6.9511,-7.1158,-8.4473,-12.2805,0.5633,-7.5582,-5.2909,-4.4599,0.6539,-2.3161,-2.5530,-8.2177,-10.2674,-11.5290,-9.7595,-11.6137,-13.6353,-10.7251,-11.5956,-7.0721,-10.4339,-8.8170,-9.9005,-1.2292,-2.1385,-4.2453,-4.4179,-1.3725,-2.5322,-3.2792,-5.9325,-5.9988,-6.0689,-6.1448,-6.2274,-6.3226,-6.4197,-6.5236,-6.6341,-6.7507,-6.8728,-6.9994,-7.1299,-7.2638,-7.4000,-7.5375,-7.6501,-7.7575,-7.8601,-7.9666,-8.0691,-8.1718,-8.2751,-8.3793,-8.4821,-8.5868,-8.6961,-8.8058,-8.9166,-9.0322,-9.1495,-9.2702,-9.3947,-9.5229,-9.6538,-9.7879,-9.9249,-10.0639,-10.2044,-10.3459,-10.4874,-10.6282,-10.7678,-10.9056,-11.0408,-11.1728,-11.3004,-11.4212,-11.5455,-11.6116
45135.6666667,-17.0567,-18.7394,-12.9849,-10.3606,4.1502,-6.8052,-7.0342,-13.3493,-5.9990,-3.9144,-3.9055,-6.2923,-4.2391,-7.3031,-8.9897,-10.7209,-7.4939,-12.0664,-10.3597,-14.5238,-10.5700,-19.1877,-14.7104,-20.3083,-19.1136,-8.8600,-20.7068,-22.6678,-18.9301,-23.8604,-24.4500,-27.1600,-23.2379,-16.6670,-15.0451,-11.8277,-6.4010,-5.1786,-14.0923,0.8026,2.4954,-2.2817,-9.2190,-7.3367,13.5224,-3.8921,-8.2811,-5.8483,-10.2762,-7.9301,-5.0633,-6.4796,-6.5329,-6.6521,-7.7383,-20.3540,-21.0997,-14.8842,-2.5154,-7.8645,-6.8629,-11.1096,-20.0693,-21.7380,-18.9548,-17.1892,-13.2368,-10.3313,-23.7610,-18.5481,-12.2472,-14.7014,-12.4436,-14.3929,-8.4897,-3.4773,-4.5647,-4.4479,-11.1059,-4.3583,18.2456,13.2973,3.3630,1.7816,-4.4958,-1.9831,5.6616,-0.3321,5.6729,3.2718,5.1185,8.9396,9.2483,4.1654,-1.2087,-3.8054,-2.7467,4.5796,-0.6787,1.3233,-0.1953,0.3324,-1.8859,-2.2304,0.1789,-0.6704,-4.0504,-5.1161,-9.3560,-13.1474,-14.1971,-14.8925,-11.8401,-11.0547,-10.5554,-8.3214,-14.5550,-12.7336,-17.4976,-15.6036,-12.2987,-15.0616,-15.1657,-17.3049,-20.5942,-16.7558,-17.1469,-12.1907,-14.3121,-10.6522,-13.1134,-13.9594,-17.6596,-19.2921,-13.4194,-15.9797,-17.7810,-14.4484,-13.9185,-14.7463,-13.5243,-13.1335,-11.6117,-10.3953,-9.3091,-9.5644,-10.5911,-4.9152,-14.4681,-13.4008,-13.4645,-13.9029,-14.7500,-18.4629,-11.2945,-8.2360,-6.1243,-5.4001,-6.1061,-10.2926,0.9991,-6.8122,-3.8145,-2.7358,2.2037,-1.4746,-0.6656,-6.0851,-7.6854,-8.8995,-5.5791,-7.3390,-9.1101,-7.2676,-8.1716,-3.8065,-6.1965,-5.9537,-6.4652,1.5763,0.9378,-0.8887,-1.0526,1.7370,0.6183,0.0952,-2.2798,-2.2572,-2.2359,-2.2177,-2.2040,-2.2025,-2.2024,-2.2105,-2.2276,-2.2539,-2.2894,-2.3336,-2.3860,-2.4461,-2.5128,-2.5852,-2.6447,-2.7046,-2.7650,-2.8315,-2.8984,-2.9682,-3.0407,-3.1156,-3.1910,-3.2687,-3.3500,-3.4316,-3.5136,-3.5984,-3.6836,-3.7704,-3.8589,-3.9493,-4.0410,-4.1349,-4.2308,-4.3288,-4.4287,-4.5308,-4.6349,-4.7410,-4.8491,-4.9592,-5.0712,-5.1850,-5.2999,-5.4138,-5.5392,-5.6109
45135.7083333,-14.6378,-17.3403,-12.1255,-9.8698,2.9659,-5.8064,-5.9017,-10.7899,-3.3678,-2.5088,-2.8193,-4.7966,-3.0141,-5.4434,-6.9807,-7.6323,-3.3722,-5.5339,-2.6804,-5.2539,-1.7607,-7.9566,-3.7950,-8.8015,-8.0406,1.4936,-10.6607,-12.3574,-12.0481,-16.0776,-19.6608,-23.3536,-21.7328,-16.0646,-15.1517,-12.6059,-7.6787,-7.6140,-16.0886,-3.6003,-1.5862,-4.8080,-10.0381,-7.6905,14.5429,-1.2610,-5.0678,-1.0929,-5.1945,-2.5563,-0.1231,0.3488,0.3008,-0.7841,-1.0631,-13.3134,-14.0269,-8.7949,3.6384,-2.0617,-1.0601,-4.6934,-12.6870,-15.1012,-11.7425,-12.5722,-10.6592,-8.9347,-21.0753,-17.2486,-12.5595,-13.9509,-13.0002,-14.2994,-8.2237,-4.4144,-5.6609,-5.3437,-10.1014,-2.1309,18.5640,13.8916,2.5385,0.8192,-2.6315,-2.4593,5.9546,0.5211,6.5094,2.5358,4.9802,11.4713,12.5751,7.4401,1.6661,0.0977,1.3355,7.5788,3.5539,5.1453,4.4293,7.0788,2.9195,4.0693,6.5768,6.7454,2.0655,2.1686,-2.2964,-5.6122,-6.1892,-6.6858,-4.4576,-3.4399,-3.2622,-1.0352,-6.0659,-5.2594,-9.1054,-8.0404,-4.8495,-7.7628,-8.8174,-11.4079,-16.5798,-14.1738,-14.7912,-10.6314,-12.3713,-8.8733,-11.4203,-11.8015,-15.5412,-17.3270,-12.2567,-14.6904,-16.0443,-14.1731,-13.0744,-14.3075,-13.7395,-13.5517,-11.8050,-10.0868,-10.0828,-8.5653,-9.3483,-4.7685,-12.3850,-11.0605,-11.3835,-11.3180,-12.2224,-15.5993,-7.4269,-5.6510,-4.5773,-4.1315,-4.5373,-7.4004,2.5690,-4.8342,-2.1103,-0.8149,3.7478,-1.9042,0.1748,-5.5809,-7.2423,-8.1808,-5.0818,-6.0160,-7.6968,-5.3703,-5.8638,-1.5393,-3.5156,-3.5002,-4.7390,3.4233,2.7958,0.8862,0.6695,3.4220,2.0348,1.7451,-0.7396,-0.7795,-0.8134,-0.8412,-0.8629,-0.8857,-0.8974,-0.9050,-0.9095,-0.9122,-0.9136,-0.9147,-0.9159,-0.9182,-0.9217,-0.9269,-0.9214,-0.9156,-0.9101,-0.9096,-0.9107,-0.9155,-0.9244,-0.9375,-0.9537,-0.9743,-1.0005,-1.0299,-1.0625,-1.1000,-1.1405,-1.1846,-1.2324,-1.2837,-1.3378,-1.3951,-1.4552,-1.5179,-1.5830,-1.6503,-1.7195,-1.7904,-1.8629,-1.9369,-2.0123,-2.0890,-2.1665,-2.2434,-2.3349,-2.3804
45135.7500000,-9.7979,-13.4599,-9.3683,-7.9379,2.8301,-4.5406,-5.1956,-8.9895,-2.6549,-1.7472,-2.0668,-3.5774,-1.9660,-3.7415,-4.9803,-5.5270,-1.9700,-3.5848,-1.1706,-2.9997,0.1602,-4.6109,-0.8748,-4.4036,-3.2587,6.9977,-3.0466,-3.7921,-3.8802,-6.6315,-11.2163,-15.3123,-15.4655,-11.0937,-11.2777,-9.7761,-6.0675,-4.9389,-12.3832,-2.8593,-1.7925,-4.7859,-9.2311,-7.4909,14.6989,-0.5908,-3.6995,0.8801,-2.8472,-0.4795,1.6097,2.7623,4.5014,2.8785,2.1181,-7.7805,-8.0670,-3.5219,7.5361,2.4403,3.3948,0.3596,-6.2573,-8.5517,-5.1482,-6.1529,-3.7313,-3.6900,-16.3036,-14.4315,-11.5498,-13.0229,-12.2567,-12.9820,-7.0823,-5.2503,-6.2608,-5.7411,-9.4374,-0.6802,17.3475,13.4003,3.0585,1.7251,-0.2849,-0.1138,8.4714,3.9839,9.2576,5.0409,7.7262,15.1122,15.1701,10.1842,4.0283,2.9584,3.8785,8.7892,5.5607,6.4119,5.9909,10.3307,5.9608,7.4220,9.9307,11.1315,6.5555,8.0311,3.5002,1.6914,0.7772,-0.2612,1.3033,1.9338,1.9194,3.4743,-0.4812,-0.0620,-3.2016,-2.4514,0.0804,-1.0989,-2.4210,-4.4599,-8.9029,-6.9945,-7.5445,-3.2866,-5.4810,-2.5993,-5.4846,-6.3705,-10.1074,-12.6292,-8.8150,-11.3791,-12.6284,-11.7438,-10.0743,-12.1386,-11.6859,-12.4355,-10.6049,-8.8261,-10.1393,-7.7969,-8.9933,-6.4345,-12.0822,-10.7105,-11.2869,-10.5345,-11.3173,-14.1651,-5.5429,-5.1045,-4.4586,-3.6739,-3.5367,-5.1334,4.4317,-2.6320,-0.0035,1.7181,5.8973,0.5739,3.5527,-2.1155,-3.9030,-4.6905,-2.4037,-3.4821,-5.5699,-3.7493,-3.8352,0.6501,-0.9745,-0.9297,-2.4777,4.9111,5.2872,3.4319,3.3691,6.2857,4.7179,5.0472,2.2944,2.4953,2.6903,2.8817,3.0473,3.1800,3.2899,3.3482,3.3593,3.3044,3.1921,3.0123,2.7795,2.4864,2.2059,2.0125,1.8894,1.8107,1.7622,1.7310,1.7134,1.7038,1.6995,1.6986,1.7009,1.7044,1.7077,1.7118,1.7160,1.7187,1.7205,1.7205,1.7182,1.7134,1.7059,1.6954,1.6818,1.6649,1.6449,1.6216,1.5951,1.5657,1.5332,1.4979,1.4599,1.4193,1.3766,1.3333,1.2743,1.2555
45135.7916667,-3.6312,-7.3065,-4.0361,-3.0186,6.2492,-0.1767,-1.2003,-4.6656,0.1705,0.8353,0.3349,-1.1811,-0.1862,-1.7697,-3.0405,-3.5251,-0.4853,-1.7466,0.2857,-1.1649,1.6632,-2.3193,0.4894,-2.2131,-1.2577,8.2328,-0.6089,-1.0619,-0.6815,-2.3125,-5.6626,-8.7643,-8.6803,-4.4188,-4.7024,-3.5372,-0.8091,0.3044,-6.0216,1.3587,1.8594,-0.8798,-4.7512,-3.5759,16.3815,1.4158,-1.6150,2.2308,-1.1103,0.7846,2.6352,3.8825,6.2442,4.9319,3.3899,-3.9753,-3.9129,0.2164,10.2910,5.7324,6.6511,4.0786,-1.3714,-3.3462,-0.3109,-1.2134,1.5221,1.4328,-10.2625,-9.6949,-8.1317,-9.9443,-9.5059,-10.3667,-4.9737,-4.6703,-5.5935,-5.0898,-8.0725,-0.3971,16.0578,12.6444,3.3605,2.1598,0.6723,0.8754,8.6634,4.6945,9.7600,5.5304,8.7647,15.9191,16.3115,12.0125,5.6450,5.5434,6.5760,10.4290,8.0519,8.4221,8.2722,13.3276,9.0525,10.3798,13.2679,14.5063,10.1295,12.1226,7.5956,7.8080,6.3553,5.2664,6.7517,6.8183,7.0957,7.6143,4.8500,5.5102,2.8344,3.2427,4.1201,3.7409,2.4294,0.9677,-2.6705,-1.0131,-1.1811,3.0961,1.0856,2.9623,1.0359,0.1691,-2.8373,-5.1292,-2.4573,-4.5586,-5.6761,-5.6648,-4.0876,-6.6524,-6.6411,-8.1305,-6.6573,-5.5396,-7.6337,-5.0475,-6.5874,-5.7427,-9.9377,-8.6504,-9.6830,-9.2405,-10.4749,-13.2974,-5.3120,-5.3628,-4.9814,-3.8455,-3.3069,-4.4259,3.7247,-2.0059,0.4972,2.1626,5.7986,1.4230,4.4444,-0.1023,-1.4598,-1.6740,0.1031,-0.5580,-2.2675,-0.7891,-0.7908,3.3672,1.8124,1.9937,0.7634,7.2438,8.0047,6.1269,6.1977,9.2291,7.3325,8.3295,5.2761,5.4247,5.5770,5.7389,5.8992,6.0569,6.2278,6.3962,6.5675,6.7375,6.9084,7.0695,7.2271,7.3732,7.5088,7.6264,7.7358,7.8283,7.8982,7.9435,7.9655,7.9536,7.9089,7.8310,7.7227,7.5794,7.4066,7.2037,6.9780,6.7356,6.5344,6.3756,6.2533,6.1612,6.0936,6.0451,6.0110,5.9876,5.9720,5.9617,5.9548,5.9501,5.9464,5.9428,5.9389,5.9341,5.9284,5.9224,5.9010,5.9110
45135.8333333,2.5831,-0.7115,1.7098,2.2706,10.3070,4.1933,3.2303,0.0725,4.0597,4.3336,3.8685,2.5397,3.0033,2.0178,0.6387,-0.0856,2.1544,0.7784,2.1305,0.8097,3.2081,-0.2782,1.7182,-0.2814,0.4697,9.0506,1.1026,0.6779,1.2064,-0.1149,-2.7924,-5.3146,-4.9993,-0.7735,-0.6691,0.6911,3.3837,4.6581,-0.5363,5.8360,6.2762,3.8419,0.4880,1.3388,19.0613,5.1622,2.1175,5.0280,1.8979,3.1207,4.6626,5.6568,7.6260,6.4329,4.0385,-1.2681,-1.1248,2.4330,11.6062,7.4480,8.3449,6.1762,1.7973,0.2323,2.8035,2.2175,5.2225,5.4239,-4.5773,-4.5770,-3.8164,-5.7904,-5.6182,-6.4603,-1.9318,-2.5634,-3.5317,-3.3418,-5.9245,0.5368,15.1662,12.1198,3.7109,2.5660,1.4894,1.6378,8.6129,5.0000,9.7345,5.4865,9.0084,15.7446,16.2964,12.5986,5.9318,6.5634,7.6360,10.4650,8.8142,8.8363,8.9810,14.5164,10.9332,12.1374,15.4842,16.8045,12.5353,14.6815,10.0166,12.1184,10.0352,9.1085,10.6938,10.1021,10.8476,10.1730,8.6111,9.9569,7.6681,7.9788,7.2665,8.2349,6.6824,5.9520,2.9292,4.3120,4.0684,7.7638,5.6450,5.9629,5.1469,4.6293,2.5894,0.8594,2.9031,1.1616,0.4322,0.5495,1.9119,-0.2498,-0.4088,-1.9703,-0.9110,-0.3165,-2.5830,-0.4940,-2.0706,-2.3481,-5.6875,-4.7424,-6.1841,-6.2259,-8.0510,-11.1767,-4.1137,-4.7516,-4.8655,-3.6402,-2.9774,-3.9203,2.6006,-2.0564,0.0836,1.5758,4.6018,1.0130,3.8929,0.2993,-0.4235,-0.2647,1.0466,1.0981,0.0051,1.4274,1.5793,5.0651,3.5206,3.8377,2.9105,8.8357,9.4974,7.5580,7.7693,10.9226,8.6439,10.4007,7.3550,7.5027,7.6478,7.7955,7.9391,8.0779,8.2251,8.3699,8.5168,8.6621,8.8089,8.9537,9.1017,9.2485,9.3965,9.5420,9.6941,9.8483,10.0026,10.1555,10.3095,10.4596,10.6053,10.7467,10.8841,11.0123,11.1325,11.2407,11.3381,11.4199,11.4877,11.5382,11.5691,11.5810,11.5724,11.5425,11.4918,11.4210,11.3319,11.2260,11.1066,10.9796,10.8501,10.7234,10.6039,10.4952,10.3995,10.3184,10.2401,10.2075
45135.8750000,9.2431,7.1507,8.9753,9.4009,16.9579,10.6462,10.0591,6.1236,9.4581,9.0450,8.6332,7.3853,6.9649,6.6531,5.4683,4.6397,6.4459,5.0428,5.5730,4.2548,6.5059,3.2404,4.3224,2.8895,3.3413,11.1982,3.8663,3.1569,3.6917,2.2572,0.0209,-2.1172,-1.8692,1.9188,2.2175,3.4479,6.1953,7.6909,3.1290,9.1107,9.8920,7.8242,5.0129,5.8781,22.2527,9.8005,6.7510,8.8540,5.8694,6.4164,8.0235,9.0161,10.6850,9.5940,6.1956,2.8099,2.6877,5.5888,13.8623,9.8670,10.5447,8.5179,4.9415,3.6210,5.4707,5.0978,8.0239,8.4354,-0.0073,-0.0232,0.6160,-1.0287,-0.9134,-1.9094,1.5879,1.0137,0.1278,0.2540,-1.8294,3.8026,16.8202,14.1875,6.5186,5.2614,4.5692,4.4668,10.6986,7.2549,11.5767,7.1119,10.7538,16.9638,17.4556,14.1240,6.9815,8.0238,9.0344,11.0026,9.9125,9.5927,9.8411,15.5774,12.0393,13.1963,17.0436,18.5603,14.3954,16.7397,11.6988,15.4893,12.2705,11.3553,13.1928,12.0534,13.4118,11.6778,11.1943,13.5168,11.6304,11.9668,9.5689,12.0639,10.1600,10.4418,8.4290,9.8244,9.4094,12.6752,10.1307,8.5822,8.6004,8.2397,6.9166,5.7461,7.6911,6.0949,5.4367,5.7448,6.3925,4.8065,4.5569,3.5261,4.1905,4.6050,2.9894,4.0463,2.9731,2.8272,0.1583,0.7945,-0.7025,-1.3039,-3.5473,-6.8923,-1.0326,-1.8963,-2.3188,-1.1501,-0.6781,-1.5720,3.5674,-0.2304,1.4767,2.7824,5.2324,2.2146,4.6902,1.5784,0.9264,0.9390,1.5563,1.8271,1.2823,2.7825,3.1322,5.9622,4.5146,5.0475,4.3736,9.9876,10.4096,8.3980,8.7318,11.9823,9.3652,11.8120,8.8961,9.0979,9.2922,9.4824,9.6636,9.8354,10.0081,10.1746,10.3388,10.4986,10.6569,10.8113,10.9660,11.1179,11.2689,11.4165,11.5674,11.7187,11.8693,12.0188,12.1695,12.3185,12.4663,12.6136,12.7618,12.9080,13.0541,13.1982,13.3420,13.4829,13.6230,13.7604,13.8941,14.0247,14.1509,14.2719,14.3871,14.4956,14.5967,14.6890,14.7716,14.8445,14.9071,14.9586,14.9985,15.0266,15.0430,15.0487,15.0363,15.0397
45135.9166667,13.6058,13.0402,14.3768,14.6935,22.2070,15.1364,15.4843,11.3125,14.6766,13.4158,13.2846,12.3640,11.0750,11.6956,10.8801,9.9306,11.4189,9.9064,9.4189,8.2263,10.5991,7.2014,7.4402,6.7627,6.9619,14.2391,7.1350,6.1605,6.9737,5.2912,3.5563,1.5561,1.5673,4.6422,4.8736,5.7406,8.3263,9.7873,5.4692,11.1701,12.0380,10.0566,7.5441,8.4615,24.1194,13.4142,10.4460,11.9525,9.2946,9.1176,11.0840,12.3012,13.8165,12.7941,8.1355,7.2140,6.9434,9.2325,16.7031,12.6756,13.1012,11.1331,8.2866,7.2523,8.3734,8.2229,11.0172,11.3019,3.6832,3.6163,4.1914,2.8365,2.9143,2.1314,4.4190,4.5352,3.7343,3.7819,1.9794,6.7966,18.2366,15.8934,8.6887,7.2220,7.0856,6.8609,12.9013,9.6138,13.8279,9.0360,13.0303,18.8146,19.2562,16.3386,8.6271,10.1798,11.1206,12.2162,11.5100,10.8321,11.0930,16.9090,13.3565,14.2556,18.2926,19.7622,15.4839,18.0001,12.6184,18.0182,13.6133,12.6613,14.6385,12.9031,14.6986,12.0107,12.2995,15.4821,13.8145,14.2032,10.4205,14.4713,12.2302,13.6690,12.7587,14.4558,13.8745,16.8483,13.7315,10.3928,11.3075,11.2481,10.6420,10.0360,12.1268,10.4851,9.7669,10.3483,9.9314,8.8216,8.3396,7.8947,7.9150,8.2103,7.4124,6.9914,6.6336,7.3215,4.9329,5.2124,4.1547,3.5512,1.6838,-1.3325,2.9264,2.2449,1.7171,2.4391,2.6546,1.8252,6.0423,2.6710,3.8347,4.8941,6.6977,3.9338,6.2324,3.3672,2.9751,2.8109,2.6641,3.1255,2.8011,4.1248,4.3546,6.4245,4.8655,5.4582,4.8390,10.1326,10.1924,8.0061,8.3431,11.5852,8.6365,11.5855,8.7358,9.0038,9.2702,9.5363,9.7971,10.0511,10.3042,10.5502,10.7907,11.0236,11.2502,11.4686,11.6814,11.8865,12.0854,12.2765,12.4649,12.6488,12.8280,13.0023,13.1738,13.3409,13.5041,13.6644,13.8229,13.9780,14.1312,14.2816,14.4308,14.5770,14.7222,14.8655,15.0063,15.1457,15.2832,15.4186,15.5520,15.6834,15.8127,15.9395,16.0634,16.1852,16.3044,16.4209,16.5344,16.6446,16.7510,16.8525,16.9386,17.0148
45135.9583333,15.4114,16.5435,17.5540,17.8694,25.7115,17.6078,18.9459,14.5284,18.1012,15.8597,16.0109,15.3936,13.1503,15.0104,14.8272,13.9650,15.5640,14.1215,12.5460,11.5655,14.5020,10.6916,10.0912,10.3145,10.3131,17.4194,10.1779,8.7778,10.1038,7.9596,6.9452,5.0744,4.9366,7.2612,7.3748,7.7383,10.1110,11.3537,6.9112,12.4566,13.2374,11.1393,8.7057,9.5780,24.5713,15.2053,12.1043,13.1814,10.7351,9.9151,12.4025,13.9987,15.5323,14.6426,8.6922,10.3332,9.9783,11.8125,18.8003,14.6792,14.9038,12.9463,10.7309,10.0031,10.4191,10.5506,13.4265,13.6689,6.5373,6.4699,7.1059,5.9987,5.8979,4.9793,6.0915,7.2178,6.4133,6.4527,4.8065,8.9894,19.0473,16.8922,9.9180,8.1494,8.4613,8.0057,13.9688,10.6635,14.8044,9.5548,13.9448,19.4296,19.8513,17.3192,8.9654,11.0689,12.0497,12.4721,12.1329,11.2014,11.5413,17.5962,13.9440,14.7086,18.9830,20.4265,15.9933,18.6553,12.8443,19.6118,13.9925,12.9484,15.0746,12.8547,14.9921,11.5932,12.3919,16.2813,14.7231,15.0982,10.1165,15.3274,12.7028,15.1282,15.2724,17.3638,16.5821,19.4112,15.6293,10.7132,12.3720,12.6290,12.7168,12.7471,15.3370,13.6537,12.9166,13.9833,12.3936,11.7046,10.9359,11.1419,10.4349,10.6461,10.7091,8.6239,8.8666,10.7351,8.3203,8.1550,7.5345,6.8299,5.6332,3.3389,5.8313,5.8109,5.5807,5.6754,5.7090,5.0412,8.9982,5.8219,6.4997,7.4192,8.6377,5.8710,8.1678,5.2656,5.1799,4.7415,3.6874,4.3610,4.2971,5.5420,5.6070,6.9844,5.2488,5.8212,5.1478,10.1375,9.8294,7.4692,7.7203,10.8204,7.6397,10.7494,7.8916,8.0949,8.3032,8.5179,8.7357,8.9557,9.1824,9.4113,9.6436,9.8775,10.1135,10.3498,10.5876,10.8246,11.0612,11.2954,11.5299,11.7626,11.9924,12.2186,12.4418,12.6603,12.8738,13.0826,13.2872,13.4861,13.6802,13.8687,14.0527,14.2311,14.4053,14.5748,14.7394,14.8999,15.0564,15.2089,15.3577,15.5030,15.6451,15.7838,15.9192,16.0521,16.1824,16.3104,16.4361,16.5595,16.6804,16.7977,16.9019,16.9894
45136.0000000,16.0230,18.7015,19.3669,19.6629,27.9810,18.6956,20.9396,16.5515,20.4585,17.2192,17.6369,17.2875,14.1213,17.4504,17.8439,16.9632,18.7091,17.2936,14.5745,13.8219,17.6093,13.2488,11.9164,13.1679,13.0915,20.4728,12.9065,11.0806,13.1788,10.4595,10.3143,8.5439,8.3401,9.9239,9.9521,9.7962,12.0379,13.0616,8.3265,14.0930,14.6909,12.3595,9.8717,10.6246,24.8683,16.4036,12.9334,13.9508,11.4144,9.9979,12.8351,14.6585,16.1367,15.3136,8.2758,12.1104,11.6791,13.1676,19.9006,15.6965,15.8091,13.8901,12.2667,11.8954,11.7031,12.1676,15.2822,15.7008,8.7325,8.7038,9.5224,8.6942,8.3919,7.1814,7.2267,9.4647,8.5971,8.6708,7.1031,10.8353,19.7027,17.6961,10.8355,8.8656,9.5634,8.8773,14.8562,11.4640,15.5563,9.8391,14.5497,19.7349,20.0765,17.8163,8.8479,11.3392,12.3227,12.1937,12.1138,10.9622,11.3375,17.5513,14.3505,14.9426,19.3751,20.7482,16.1209,19.1372,12.8908,20.7858,14.0207,12.8447,15.0608,12.4674,14.8258,10.9433,12.0490,16.4578,14.9620,15.3127,9.4849,15.4612,12.5175,15.6882,16.7229,19.1578,18.0991,20.8134,16.3477,10.2253,12.3683,12.8529,13.4807,14.0651,17.2605,15.5266,14.8061,16.4959,13.7950,13.5335,12.5426,13.4466,12.0744,12.2785,13.2158,9.5738,10.3182,13.4750,10.8696,10.2582,10.0465,9.1407,8.5662,6.9937,7.6919,8.4674,8.7199,8.0578,8.1979,7.6978,11.8920,8.7981,9.0530,9.9580,10.6698,7.7427,10.2892,7.2023,7.6049,6.8892,4.8342,6.1468,6.2749,7.4560,7.2722,7.9893,6.0089,6.5340,5.7599,10.5249,9.8872,7.3852,7.5448,10.4760,7.1665,10.2933,7.4492,7.5744,7.7064,7.8460,7.9907,8.1400,8.2969,8.4584,8.6254,8.7966,8.9727,9.1525,9.3372,9.5253,9.7173,9.9119,10.1113,10.3141,10.5195,10.7271,10.9373,11.1488,11.3611,11.5743,11.7883,12.0018,12.2149,12.4268,12.6376,12.8461,13.0528,13.2568,13.4575,13.6550,13.8490,14.0390,14.2250,14.4067,14.5842,14.7571,14.9255,15.0895,15.2494,15.4051,15.5567,15.7043,15.8477,15.9857,16.1096,16.2092
45136.0416667,16.0255,20.1108,20.4800,20.7909,29.7465,19.2267,22.3719,17.4814,21.7475,17.5149,18.1719,18.0587,14.0502,18.2290,19.3620,18.6543,20.8396,19.5794,15.7745,15.2642,20.0554,15.0274,13.0156,15.2603,15.1477,23.1057,15.0255,12.7741,15.8309,12.5104,13.4438,11.8542,11.7638,12.6785,12.7018,12.0338,14.2634,15.1129,9.9515,15.7006,16.2587,13.7520,11.2137,11.9189,25.5651,17.8136,13.8984,14.3633,11.7799,9.9208,13.0692,15.1070,16.5320,15.7422,7.8741,13.3770,12.7694,13.9219,20.4488,16.1101,16.0994,14.1780,13.0331,12.9847,12.2581,13.0507,16.5249,17.0798,10.3139,10.4229,11.5462,11.0531,10.5613,8.9678,8.0926,11.4953,10.5567,10.7322,9.2222,12.6296,20.5187,18.6568,11.8365,9.5407,10.5956,9.7085,15.8107,12.3143,16.4148,10.2536,15.2706,20.2066,20.4613,18.4066,8.8832,11.6423,12.6130,12.0521,12.1521,10.8152,11.1936,17.5477,14.0258,14.5856,19.2724,20.6967,15.9890,19.0689,12.5890,21.6070,13.8789,12.6308,14.9107,12.0625,14.5729,10.3889,11.6731,16.4563,15.0010,15.3183,8.9138,15.3338,12.1363,15.8406,17.6261,20.3621,18.9976,21.6180,16.5121,9.5552,11.9424,12.5484,13.5419,14.5524,18.3222,16.4979,15.7690,18.0674,14.3553,14.4476,13.2702,14.8287,12.8907,13.1366,14.9154,9.9468,11.1076,15.5637,12.7183,11.7241,11.9146,10.8080,10.8185,9.9463,8.9748,10.5614,11.4060,9.9656,9.9228,9.6374,14.4531,11.2563,11.2200,12.2448,12.5513,9.3750,12.3800,9.0083,10.0652,9.0914,5.9759,7.5135,8.1102,9.5424,9.2511,9.4350,7.2066,7.7639,6.8978,11.6110,10.6863,8.0404,8.1230,10.9213,7.5010,10.6072,7.7497,7.7883,7.8337,7.8869,7.9465,8.0125,8.0871,8.1685,8.2574,8.3530,8.4556,8.5644,8.6802,8.8017,8.9293,9.0619,9.2009,9.3453,9.4945,9.6481,9.8064,9.9684,10.1339,10.3029,10.4755,10.6508,10.8290,11.0094,11.1922,11.3767,11.5632,11.7510,11.9397,12.1293,12.3194,12.5097,12.6997,12.8894,13.0783,13.2660,13.4522,13.6368,13.8196,14.0003,14.1787,14.3543,14.5266,14.6938,14.8466,14.9675
45136.0833333,15.5812,20.8116,20.9888,21.3612,31.0133,19.4076,23.4211,18.3567,23.0435,17.9564,18.8244,18.8842,14.1286,19.0535,20.6753,19.8819,22.2897,21.0225,16.0988,15.7511,21.6087,15.8812,13.3031,16.5211,16.4380,25.2426,16.5107,13.8634,17.9785,14.0216,16.1581,14.7907,14.9698,15.2925,15.4227,14.2973,16.6780,17.4584,11.7783,17.5712,18.0924,15.3709,12.7241,13.4055,26.6522,19.5355,15.1556,15.0577,12.3229,10.0854,13.4455,15.6191,16.9670,16.1847,7.6827,14.5189,13.7354,14.6022,20.9872,16.5039,16.3745,14.4244,13.6455,13.8460,12.6221,13.6598,17.4350,18.0377,11.3106,11.5999,13.1023,12.9925,12.3567,10.4225,8.7618,13.3447,12.3538,12.6818,11.2114,14.4170,21.4993,19.7773,12.9276,10.3109,11.6993,10.6345,16.9567,13.3366,17.5058,10.9034,16.2484,21.0005,21.1856,19.3112,9.2617,12.2498,13.2160,12.3040,12.5403,11.0499,11.4192,17.8563,13.8763,14.3465,19.1629,20.5719,15.7550,18.8359,12.1218,22.0265,13.4860,12.2077,14.5694,11.5711,14.1971,9.8601,11.2665,16.3381,14.9373,15.2492,8.4973,15.1815,11.8071,15.8999,18.3212,21.3341,19.6619,22.2003,16.5218,9.0253,11.5108,12.1748,13.4022,14.7194,18.9705,17.0312,16.2683,19.0986,14.4984,14.8513,13.5062,15.6002,13.1849,13.4666,15.9646,9.9265,11.3868,17.0119,13.9050,12.5914,13.1594,11.9071,12.4818,12.2978,9.8419,12.1849,13.6629,11.4451,11.2334,11.1216,16.7265,13.3244,13.0501,14.2516,14.2096,10.7177,14.2973,10.5656,12.3861,11.1722,6.9672,8.7391,9.7726,11.5415,11.1602,10.8676,8.3521,9.0030,8.0562,12.9231,11.7581,8.9562,9.0121,11.7901,8.2382,11.4218,8.5309,8.5317,8.5364,8.5456,8.5583,8.5745,8.5960,8.6215,8.6517,8.6863,8.7258,8.7700,8.8195,8.8741,8.9340,8.9990,9.0702,9.1472,9.2299,9.3180,9.4120,9.5113,9.6159,9.7257,9.8409,9.9607,10.0854,10.2145,10.3480,10.4854,10.6267,10.7716,10.9197,11.0709,11.2249,11.3815,11.5404,11.7014,11.8642,12.0287,12.1945,12.3615,12.5296,12.6985,12.8679,13.0376,13.2068,13.3736,13.5290,13.6523
45136.1250000,13.5361,19.6537,19.8285,20.3616,30.7399,18.3302,23.2018,18.2675,23.4921,17.7623,18.8934,19.2068,13.9708,19.5420,21.7071,20.9412,23.6449,22.3795,16.4612,16.1708,22.9203,16.4845,13.4113,17.3564,17.2370,26.8843,17.4011,14.3425,19.5145,14.8868,18.2648,17.1372,17.7004,17.4571,17.7605,16.1879,18.8482,19.6494,13.3629,19.2436,19.7987,16.8725,14.1032,14.8229,27.9172,21.4328,16.5910,15.9260,13.0694,10.5146,14.0660,16.3703,17.6474,16.8503,7.8133,15.7460,14.7574,15.3526,21.6185,16.9658,16.7154,14.7196,14.2285,14.6355,12.9730,14.2085,18.2459,18.8383,11.9429,12.3524,14.2089,14.4605,13.6892,11.4491,9.1306,14.8455,13.8169,14.3279,12.8771,15.9708,22.3823,20.7890,13.8493,10.9262,12.6320,11.4159,18.0444,14.2879,18.5876,11.5397,17.2512,21.8908,22.0322,20.3317,9.7526,12.9779,13.9621,12.7559,13.1090,11.4904,11.8623,18.4117,13.8550,14.2613,19.1768,20.5707,15.6655,18.7164,11.8297,22.3814,13.1389,11.8018,14.1885,11.0952,13.7621,9.3649,10.8199,16.0628,14.7080,15.0198,8.0950,14.9118,11.4536,15.8386,18.8105,22.1041,20.1511,22.6313,16.4485,8.6179,11.1237,11.8131,13.1901,14.7274,19.3744,17.3093,16.4986,19.7835,14.4144,14.9568,13.4714,15.9822,13.1774,13.4794,16.5531,9.6953,11.3435,17.9374,14.5650,12.9842,13.8620,12.4860,13.5535,14.0074,10.2827,13.2843,15.3908,12.4436,12.0943,12.1447,18.6223,14.9628,14.4974,15.9103,15.5680,11.7326,15.9417,11.8093,14.4420,12.9983,7.7289,9.7680,11.2494,13.4333,12.9807,12.2522,9.4149,10.1811,9.1390,14.2898,12.8909,9.8907,9.9317,12.7624,9.0243,12.3525,9.3744,9.3556,9.3397,9.3270,9.3169,9.3094,9.3057,9.3048,9.3073,9.3129,9.3218,9.3338,9.3495,9.3685,9.3910,9.4168,9.4468,9.4807,9.5184,9.5600,9.6056,9.6552,9.7087,9.7663,9.8283,9.8943,9.9647,10.0393,10.1183,10.2014,10.2890,10.3809,10.4769,10.5771,10.6813,10.7896,10.9017,11.0176,11.1371,11.2600,11.3861,11.5154,11.6477,11.7829,11.9206,12.0606,12.2023,12.3439,12.4777,12.5847
45136.1666667,14.0250,20.4795,20.2995,20.7079,31.3958,18.1845,23.3519,18.0414,23.4261,17.0913,18.3089,18.7278,13.1288,19.1688,21.8550,21.2201,24.3450,23.2142,16.5333,16.3784,23.9941,16.9605,13.5424,18.0997,17.9746,28.4725,18.2384,14.8029,20.8796,15.5715,20.0260,19.0789,20.0236,19.2322,19.7313,17.7067,20.7265,21.5879,14.5784,20.7929,21.3633,18.1713,15.2231,15.9926,29.1361,23.2514,17.9231,16.6237,13.6747,10.8510,14.6092,17.1049,18.3757,17.5886,8.0560,17.0442,15.8829,16.2591,22.4630,17.6380,17.2799,15.2258,14.9597,15.5340,13.4703,14.8592,19.1221,19.6496,12.4178,12.8842,15.0568,15.6380,14.7248,12.1494,9.2983,16.0398,14.9707,15.6884,14.2477,17.3116,23.1790,21.7069,14.6334,11.4171,13.4115,12.0565,19.0385,15.1307,19.6016,12.1031,18.2058,22.7952,22.9139,21.3732,10.2419,13.7105,14.7347,13.2856,13.7468,12.0172,12.4041,19.1082,13.9780,14.3355,19.3354,20.7174,15.7349,18.7431,11.7200,22.7853,12.9543,11.5643,13.9508,10.8085,13.4770,9.0767,10.5336,15.8597,14.5349,14.8302,7.8152,14.6431,11.1343,15.7027,19.1329,22.6945,20.5007,22.9580,16.3571,8.3409,10.8285,11.5272,13.0000,14.7001,19.6937,17.5091,16.6454,20.3157,14.2933,14.9582,13.3476,16.1718,13.0508,13.3554,16.8794,9.4060,11.1537,18.5304,14.9067,13.1073,14.2215,12.7230,14.1815,15.1867,10.4144,13.9576,16.6536,13.0539,12.5437,12.7397,20.1063,16.1752,15.5559,17.2059,16.6162,12.4464,17.2931,12.7516,16.1954,14.5306,8.2671,10.5773,12.4974,15.1511,14.6509,13.5322,10.3628,11.2634,10.1260,15.6674,14.0501,10.8265,10.8676,13.8155,9.8501,13.3797,10.2687,10.2400,10.2130,10.1880,10.1647,10.1430,10.1239,10.1069,10.0923,10.0799,10.0701,10.0627,10.0580,10.0559,10.0566,10.0598,10.0662,10.0755,10.0878,10.1029,10.1212,10.1423,10.1664,10.1935,10.2239,10.2572,10.2937,10.3333,10.3761,10.4221,10.4713,10.5239,10.5796,10.6386,10.7010,10.7666,10.8356,10.9080,10.9837,11.0628,11.1451,11.2309,11.3200,11.4124,11.5081,11.6069,11.7084,11.8114,11.9102,11.9903
45136.2083333,12.8751,19.7456,19.5473,20.0211,31.1518,17.4115,23.0936,17.6931,23.4161,16.6805,18.0114,18.5372,12.7106,18.9275,21.8389,21.1098,24.3873,23.2416,15.9229,15.8754,24.1696,16.6503,13.0394,18.0953,18.0135,29.3165,18.4153,14.7682,21.7079,15.8868,21.3487,20.5546,21.8666,20.5427,21.2012,18.7403,22.0971,23.0150,15.2866,21.9385,22.5206,19.0493,15.9114,16.7320,30.0267,24.7083,18.8572,17.1023,14.0225,10.9268,14.8481,17.4701,18.6937,17.8667,7.8753,17.8412,16.5264,16.6945,22.8448,17.8366,17.4011,15.3187,15.2857,16.0529,13.6740,15.2403,19.7751,20.2166,12.7808,13.2679,15.6483,16.4471,15.3552,12.5129,9.2163,16.7780,15.6260,16.4835,14.9759,17.9656,23.3023,21.8989,14.6617,11.1956,13.4349,11.9882,19.3230,15.2755,19.9394,12.0388,18.5133,23.0923,23.2097,21.8520,10.2374,13.9633,15.0419,13.3636,13.9221,12.1087,12.5308,19.4213,13.6196,13.9622,19.0388,20.4324,15.4244,18.4455,11.4342,22.9761,12.7184,11.3332,13.6788,10.5018,13.1302,8.7481,10.1866,15.5116,14.1917,14.4651,7.4833,14.2550,10.7394,15.4002,19.1537,22.9258,20.5061,22.9190,15.9856,7.9269,10.3873,11.1056,12.6420,14.4461,19.6913,17.4154,16.5198,20.5114,13.9790,14.7506,13.0672,16.1134,12.7559,13.0560,16.9009,9.0161,10.8077,18.7381,14.8684,12.8858,14.1768,12.6110,14.3803,15.8409,10.2150,14.1287,17.3052,13.1098,12.3930,12.6993,20.8429,16.5955,15.8179,17.6681,16.8446,12.3835,17.8423,12.9580,17.2429,15.4424,8.3719,10.8591,13.2186,16.3727,15.8498,14.3756,10.8878,11.9271,10.6999,16.6499,14.8028,11.3332,11.3696,14.4505,10.2303,13.9849,10.7246,10.7020,10.6803,10.6597,10.6398,10.6205,10.6024,10.5850,10.5685,10.5526,10.5377,10.5237,10.5108,10.4990,10.4886,10.4795,10.4722,10.4668,10.4632,10.4616,10.4622,10.4648,10.4697,10.4769,10.4865,10.4984,10.5129,10.5298,10.5493,10.5712,10.5958,10.6230,10.6527,10.6851,10.7201,10.7577,10.7980,10.8409,10.8865,10.9347,10.9856,11.0392,11.0955,11.1545,11.2162,11.2806,11.3474,11.4157,11.4817,11.5352
45136.2500000,11.1947,18.1801,17.9094,18.3813,29.7248,15.6480,21.5807,16.2451,22.1317,15.1414,16.5487,17.1940,11.3693,17.7687,21.0083,20.3772,23.8978,22.7998,15.0457,15.0532,23.7736,15.8718,12.1353,17.4325,17.3320,29.2107,17.7375,13.9469,21.5320,15.3390,21.6951,21.1015,22.8415,21.0826,21.9233,19.0931,22.7679,23.7388,15.3621,22.4034,22.9861,19.2455,15.9404,16.8044,30.2680,25.4605,19.1278,17.0981,13.9458,10.6620,14.7409,17.4804,18.6659,17.7975,7.4856,18.1797,16.6720,16.6196,22.6984,17.4640,16.9084,14.7665,14.9017,15.8166,13.1575,14.8684,19.6739,20.0888,12.7415,13.3459,15.9260,16.9115,15.6387,12.5258,8.8992,17.0697,15.7965,16.7443,15.1397,18.0309,22.8559,21.4680,14.0793,10.4304,12.8043,11.2657,18.7979,14.6054,19.3779,11.1680,17.8674,22.4150,22.5149,21.3124,9.3748,13.2697,14.3986,12.5599,13.2013,11.3519,11.8120,18.8401,12.5874,12.9151,18.0008,19.3924,14.4040,17.4331,10.5363,22.4569,11.9675,10.6750,12.9960,9.8509,12.4420,8.1446,9.5690,14.8447,13.5422,13.7970,6.9441,13.5721,10.0932,14.7605,18.7400,22.6570,20.0227,22.3703,15.1954,7.2381,9.6248,10.3459,11.9068,13.7691,19.1818,16.8448,15.9319,20.1666,13.2749,14.1263,12.4208,15.6123,12.1176,12.4199,16.4834,8.4047,10.2014,18.4919,14.4397,12.3398,13.7449,12.1364,14.1201,15.9453,9.7081,13.8459,17.3989,12.7238,11.8892,12.2398,20.9736,16.4014,15.5022,17.4887,16.4553,11.7700,17.6622,12.4817,17.4267,15.4910,7.8417,10.4175,13.1296,16.7522,16.2330,14.4676,10.7323,11.9008,10.6154,16.9353,14.8818,11.2019,11.2349,14.4283,9.9981,13.9328,10.5505,10.5353,10.5192,10.5026,10.4855,10.4682,10.4513,10.4344,10.4180,10.4021,10.3868,10.3721,10.3583,10.3454,10.3334,10.3223,10.3123,10.3035,10.2958,10.2891,10.2837,10.2793,10.2761,10.2741,10.2734,10.2740,10.2759,10.2793,10.2842,10.2907,10.2988,10.3087,10.3203,10.3337,10.3491,10.3664,10.3857,10.4070,10.4305,10.4560,10.4837,10.5135,10.5456,10.5799,10.6164,10.6552,10.6960,10.7382,10.7793,10.8123
45136.2916667,9.1729,15.9934,15.6099,15.9892,27.2521,13.0579,18.9566,13.8289,19.7082,12.6451,14.0326,14.7226,9.0843,15.3976,18.8179,18.2792,21.9665,20.9594,13.0626,13.2345,22.2360,14.1748,10.5360,15.9646,15.8863,28.0830,16.1748,12.3859,20.3644,13.9528,20.9564,20.5270,22.6385,20.4893,21.4593,18.3333,22.2470,23.2418,14.3867,21.7389,22.2500,18.2625,14.8232,15.7272,29.3273,24.9245,18.2276,16.0785,12.9609,9.6238,13.7916,16.5947,17.7347,16.8264,6.4288,17.6398,16.0500,15.8293,21.7867,16.3039,15.6085,13.4179,13.6976,14.7777,11.9682,13.7796,18.7403,19.1447,12.0399,12.8313,15.5741,16.6949,15.2655,11.9987,8.1997,16.7301,15.2730,16.2198,14.4449,17.1399,21.4492,19.9440,12.3990,8.6496,11.0325,9.4663,17.0349,12.7315,17.5230,9.1928,15.8954,20.3454,20.4097,19.3224,7.3772,11.3153,12.4715,10.5717,11.2194,9.3818,9.8542,16.8376,10.6566,10.9280,15.8808,17.1933,12.2610,15.3155,8.7184,20.8284,10.3344,9.2131,11.5057,8.4437,10.9409,6.8140,8.1826,13.3192,12.0301,12.2816,5.7522,12.1728,8.8197,13.4348,17.5288,21.5209,18.6829,20.9278,13.6105,5.9705,8.2702,9.0084,10.5745,12.4456,17.8988,15.5115,14.5934,18.9590,11.8656,12.7828,11.1340,14.4031,10.8654,11.1729,15.3322,7.2855,9.0708,17.5201,13.3244,11.1727,12.6586,11.1059,13.2708,15.4027,8.8304,13.0377,16.8016,11.7606,10.8298,11.1468,20.2668,15.3619,14.3546,16.3973,15.1918,10.3506,16.4913,11.1253,16.5481,14.5522,6.6782,9.3634,12.2611,16.2013,15.6246,13.6181,9.6908,10.9158,9.5738,16.1106,13.8473,9.9632,9.9258,13.1340,8.5577,12.5245,9.0583,9.0663,9.0743,9.0819,9.0886,9.0939,9.0981,9.1005,9.1011,9.0998,9.0966,9.0915,9.0847,9.0763,9.0665,9.0555,9.0437,9.0313,9.0184,9.0052,8.9921,8.9790,8.9663,8.9539,8.9421,8.9309,8.9204,8.9107,8.9017,8.8936,8.8861,8.8799,8.8746,8.8702,8.8669,8.8645,8.8633,8.8632,8.8644,8.8664,8.8696,8.8741,8.8798,8.8866,8.8947,8.9038,8.9125,8.9239,8.9331,8.9393
45136.3333333,6.0528,12.5570,12.2453,12.6174,23.7663,9.8521,15.5907,10.7116,16.5235,9.6630,10.9710,11.6475,6.3786,12.1301,15.5545,15.0911,18.7910,17.8465,10.0950,10.3802,19.4558,11.4190,8.0404,13.3883,13.3585,25.8139,13.6826,10.0050,18.2035,11.7400,19.1509,18.8435,21.2107,18.8262,19.9500,16.6465,20.7892,21.7972,12.5715,20.1817,20.6016,16.4633,12.8966,13.8245,27.5168,23.2888,16.2979,14.1438,11.0578,7.8264,11.9700,14.7644,15.8462,14.9660,4.8138,16.0497,14.4375,14.1601,20.1083,14.4859,13.7258,11.5077,11.7914,12.9321,10.0919,11.8883,16.9050,17.4205,10.6348,11.6944,14.6587,15.9032,14.3338,10.9364,7.1899,15.9218,14.3076,15.2743,13.3186,15.8923,19.9048,18.2714,10.6212,6.8824,9.0431,7.4631,14.8332,10.4252,15.0788,6.8535,13.2614,17.5284,17.5171,16.3971,4.7608,8.4625,9.5871,7.7953,8.3584,6.5891,7.0450,13.8007,7.6391,7.9042,12.6938,13.9826,9.2439,12.2600,6.0851,18.0740,7.8086,6.8818,9.1810,6.3239,8.6905,4.8757,6.1254,11.0648,9.8271,10.0934,4.0394,10.0473,6.8719,11.3615,15.4517,19.5157,16.5837,18.7915,11.4430,4.3161,6.4294,7.1227,8.5921,10.4143,15.8070,13.4413,12.5737,17.0125,9.8859,10.7667,9.2047,12.5145,9.0444,9.3756,13.5392,5.7434,7.4507,15.8952,11.6364,9.4929,10.9955,9.5064,11.7856,14.1125,7.5376,11.7443,15.6578,10.4473,9.4190,9.6596,19.0477,13.8533,12.8234,14.8851,13.6269,8.6877,14.8316,9.3650,14.9164,12.8523,5.0599,7.6140,10.5698,14.7745,14.1815,12.1219,8.0911,9.3351,7.9913,14.6291,12.3419,8.3407,8.2097,11.3578,6.7686,10.5840,7.0092,7.0235,7.0337,7.0405,7.0440,7.0439,7.0421,7.0378,7.0325,7.0264,7.0198,7.0129,7.0057,6.9986,6.9916,6.9843,6.9771,6.9695,6.9615,6.9526,6.9432,6.9329,6.9236,6.9098,6.8958,6.8807,6.8645,6.8471,6.8290,6.8098,6.7899,6.7693,6.7481,6.7262,6.7039,6.6812,6.6582,6.6348,6.6096,6.5689,6.5344,6.4964,6.4606,6.4258,6.3931,6.3614,6.3316,6.3045,6.2764,6.2548
45136.3750000,1.9740,8.0533,8.0472,8.5547,19.6043,6.4070,11.8576,7.2203,12.9557,6.5801,7.8100,8.4767,3.7411,8.3804,11.7470,11.4507,15.2974,14.1589,6.7910,6.9169,15.9005,8.0308,5.1017,10.2720,10.3130,22.9190,10.7643,7.2849,15.5066,9.0594,16.6460,16.4279,19.0572,16.3001,17.3902,14.0068,18.6331,19.8796,10.4625,18.3263,18.7144,14.6430,11.0025,12.0274,25.8408,21.4731,14.2437,12.1299,9.0372,6.1114,10.1732,12.5447,13.5689,12.5061,2.8691,13.6608,12.0814,11.9439,18.0485,12.3800,11.7466,9.2754,9.5313,10.7801,8.1961,9.8443,14.9352,15.0231,8.2038,9.9487,13.3013,14.7686,13.1961,9.5564,6.1879,15.0259,13.3206,14.4911,12.4834,15.1463,19.2625,17.5302,9.7151,6.2686,7.7961,6.3152,13.4820,9.0334,13.4742,5.4433,11.4244,15.3847,15.3605,14.0446,2.6149,5.9020,6.9992,5.5473,5.8919,4.4043,4.4993,10.8359,4.2357,4.7297,9.1157,10.2183,5.4816,8.4622,2.7529,14.3593,4.5049,3.7204,6.1178,3.6488,5.9611,2.6570,3.4695,8.1877,7.1244,7.4668,2.0606,7.7616,4.6056,8.9086,12.9218,17.1158,14.2210,16.4762,9.1837,2.7003,4.5843,5.1606,6.5143,8.2397,13.3292,11.0492,10.2636,14.7708,7.7039,8.3786,6.9603,10.3272,7.0380,7.4325,11.5685,4.1773,5.7628,14.1268,9.8640,7.8027,9.2412,7.7596,10.0701,12.4611,6.2259,10.4320,14.4931,9.2417,8.1278,8.1775,18.2717,12.3842,11.5106,13.4828,12.3394,7.4054,13.1571,7.7616,12.9808,10.8445,3.3256,5.5721,8.3760,12.8684,12.1389,10.4438,6.2170,7.4795,6.1812,12.9422,11.0348,6.9593,6.7354,9.8802,5.4016,8.9215,5.0094,5.0547,5.0940,5.1278,5.1570,5.1794,5.1994,5.2165,5.2301,5.2408,5.2476,5.2521,5.2537,5.2529,5.2498,5.2439,5.2355,5.2253,5.2122,5.1972,5.1802,5.1612,5.1403,5.1182,5.0945,5.0693,5.0429,5.0151,4.9862,4.9557,4.9191,4.8373,4.7671,4.6885,4.6164,4.5456,4.4746,4.4033,4.3335,4.2634,4.1930,4.1227,4.0530,3.9834,3.9151,3.8476,3.7816,3.7183,3.6526,3.6052
45136.4166667,-3.2507,2.0440,2.4609,3.1137,14.3170,1.6392,6.6929,2.3799,8.2537,2.3944,3.6592,4.5101,0.6664,4.1215,7.4337,7.4536,11.9018,10.4891,4.0959,3.8494,12.6130,5.0540,2.5584,7.3262,7.3344,19.9670,7.4275,4.1250,12.1633,5.9089,13.4937,13.7035,16.9296,14.1375,15.1194,11.3263,15.3661,16.6103,7.3914,15.7473,15.7644,12.0000,8.3953,9.6181,24.1065,19.1992,11.7628,9.8654,7.0131,4.5228,9.0631,11.3130,12.2919,11.0248,1.6442,11.6343,9.6793,9.8520,15.8985,9.6881,9.7258,6.8427,6.9747,8.3002,6.2803,7.7728,13.4184,13.3826,5.5824,7.7445,11.4440,12.8289,11.6784,7.8920,5.0710,14.1536,11.9139,13.7343,11.0227,13.7772,18.8911,16.8715,8.3599,5.6024,6.3595,5.1024,12.1973,7.8090,12.1712,5.0880,10.5174,13.9323,14.0632,12.6822,1.5120,4.1153,5.1909,4.1892,4.3253,3.4802,3.0805,9.5011,1.1189,2.0864,6.2848,7.1973,2.3459,4.8759,-0.4127,10.6925,1.4055,0.7585,2.9854,0.9441,3.4446,0.7360,0.8835,5.0906,4.3440,4.4128,-0.4220,5.0280,1.9439,6.1597,9.6375,13.8997,11.1993,13.5957,6.3630,0.5129,2.2859,2.9325,4.3618,6.1857,10.8708,8.4953,7.9226,12.9170,6.1157,6.3022,4.9560,8.2069,5.1020,5.2470,9.2139,2.3210,3.9113,11.9665,7.8440,5.5641,7.1510,5.6072,8.0260,10.5339,4.7948,8.9362,13.4361,7.7956,6.7300,6.3216,17.2275,11.0099,10.1929,11.7206,11.1229,6.1414,11.5952,6.6374,11.5261,9.3248,2.1270,3.8803,6.2515,11.0311,10.1766,8.8495,4.3694,5.7926,4.2596,11.5080,9.8723,5.8903,5.6995,8.9752,4.7228,7.9777,3.6224,3.6600,3.6980,3.7357,3.7725,3.8046,3.8377,3.8693,3.8989,3.9267,3.9520,3.9758,3.9973,4.0167,4.0338,4.0479,4.0592,4.0677,4.0726,4.0742,4.0681,4.0155,3.9670,3.9110,3.8614,3.8066,3.7557,3.7038,3.6556,3.6024,3.5522,3.5005,3.4455,3.3866,3.3263,3.2623,3.1948,3.1243,3.0521,2.9773,2.8999,2.8205,2.7399,2.6578,2.5753,2.4924,2.4100,2.3294,2.2437,2.1862
45136.4583333,-9.7322,-5.6430,-4.8234,-3.8358,6.6056,-7.4799,-2.9151,-5.5654,0.7560,-5.1266,-4.8473,-5.0208,-7.0669,-4.6863,-2.2649,-1.8610,4.1436,2.9554,-1.1856,-0.8619,7.4361,-0.6950,-2.4535,2.2251,2.8919,15.6962,1.7775,-2.0461,6.5153,0.2024,8.2438,8.5684,13.0029,10.7458,11.0939,6.7914,10.0705,9.5284,-0.0002,9.4675,8.4287,3.8571,0.9138,2.9036,20.0297,13.3690,5.8224,4.8216,2.6891,1.0162,6.1483,8.4362,8.6491,7.1089,-1.3098,8.0316,5.9063,6.9944,11.7043,3.6164,3.5332,-0.1113,0.6095,2.8084,2.1160,3.9427,9.4215,9.2614,2.3894,5.1418,9.7301,10.7591,9.8826,4.7628,2.7008,11.6519,7.3891,10.0461,4.9003,7.3149,15.1215,11.6228,1.8740,-1.4641,-1.0198,-1.1837,7.0252,1.2494,6.6317,-0.2874,4.6606,8.0081,8.1064,6.4742,-4.3057,-1.6141,0.1053,0.0662,0.1942,0.1612,0.1279,5.5945,-4.4242,-3.6763,-0.1832,0.1314,-4.6957,-2.7171,-7.3364,4.1444,-3.7023,-3.0619,-0.3316,-3.0877,-0.1099,-2.5802,-3.9341,0.1466,-0.7750,-1.0893,-5.4204,-0.0245,-3.3463,0.5193,2.5861,7.5841,4.6514,7.2917,0.0236,-5.0094,-2.7218,-2.1105,-0.0403,2.5111,7.3294,4.4795,3.0138,8.0107,2.0592,2.6101,0.3788,4.3870,1.1652,0.6698,4.6655,-2.2857,-0.2106,8.5686,3.2913,1.3540,3.6610,2.3984,4.9785,7.7077,2.6794,7.3356,11.0321,4.9426,2.6352,1.9239,13.8741,7.2537,4.9727,6.1439,6.6913,1.9014,6.6877,1.4815,6.0422,4.4825,-1.6866,0.4836,2.3872,7.8181,6.5785,5.8537,0.4672,2.5788,0.0726,8.9121,6.6252,2.1957,1.6142,4.7592,0.3884,2.7801,-2.2064,-2.4850,-2.7151,-2.8937,-3.0188,-3.0950,-3.1172,-3.0947,-3.0365,-2.9525,-2.8536,-2.7486,-2.6454,-2.5491,-2.4627,-2.3868,-2.2732,-2.1325,-2.0060,-1.9166,-1.8493,-1.8133,-1.7999,-1.8066,-1.8283,-1.8688,-1.9172,-1.9724,-2.0273,-2.0845,-2.1359,-2.1830,-2.2264,-2.2668,-2.3029,-2.3375,-2.3714,-2.4054,-2.4396,-2.4756,-2.5140,-2.5551,-2.5987,-2.6454,-2.6947,-2.7467,-2.8010,-2.8571,-2.9281,-2.9808
45136.5000000,-15.3777,-13.2109,-11.3477,-7.2261,3.2554,-12.4525,-10.1216,-13.2354,-4.5368,-8.0972,-7.9207,-11.3320,-11.9368,-10.4089,-8.8457,-12.1060,-4.9868,-8.6319,-12.2090,-12.3411,-0.7056,-9.1056,-9.4869,-5.7617,-4.4073,11.3123,-1.4020,-6.8007,2.5804,-5.6479,1.6724,0.0903,5.0046,3.1437,7.0076,3.5551,8.0738,7.5213,-4.5137,6.6185,5.4150,-2.7001,-7.0455,-5.5401,15.5057,6.6731,-2.7344,-3.4952,-5.9836,-6.9997,-1.9345,3.4723,5.1376,1.8463,-5.5842,2.5669,1.2061,6.0869,12.0081,4.0341,3.3033,-3.2616,-5.5296,-4.5050,-5.1494,-3.3194,4.6357,5.2104,-3.4389,0.2348,5.2097,6.1599,5.9906,2.5044,1.3642,12.6416,8.0903,11.9591,3.3479,5.7099,18.3686,13.9669,3.8466,-2.3546,-4.8707,-5.4168,4.5766,-3.7391,3.5610,-3.1737,1.5097,5.0309,4.8786,1.8027,-10.1491,-9.5937,-8.4342,-6.9927,-9.0044,-8.4376,-6.1370,0.0264,-8.4629,-7.0864,-3.3211,-2.9763,-7.5202,-6.3854,-12.6606,-3.0324,-11.6347,-11.2437,-5.8018,-9.5347,-4.5107,-5.4410,-8.4342,-2.4036,-2.8347,-3.1488,-8.3846,-3.4407,-6.4066,-3.6081,-2.6771,1.5851,-1.4129,2.0822,-4.9799,-9.0818,-7.6564,-8.7220,-8.1502,-6.1358,-1.3495,-1.4439,-1.6003,2.7126,-4.1101,-2.0823,-3.6224,0.6745,-2.0083,-2.2576,1.7713,-5.8334,-3.6692,5.9788,-1.9997,-3.6495,-2.1629,-3.0257,-0.3976,2.0825,-1.3766,6.1093,10.0964,5.2058,0.2654,0.6453,13.7959,6.8133,2.8839,3.8969,5.1012,2.3152,6.0214,-0.0719,2.2975,-0.0201,-6.1261,-4.4972,-3.9737,2.9380,2.3688,3.1288,-3.2756,0.1951,-3.2943,7.4875,5.4931,1.3705,0.9857,4.5263,0.6577,2.3777,-2.2994,-2.7011,-3.1193,-3.5477,-3.9789,-4.4109,-4.8282,-5.2299,-5.6121,-5.9711,-6.3046,-6.6097,-6.8849,-7.1287,-7.3401,-7.5181,-7.6285,-7.6790,-7.6989,-7.7050,-7.6881,-7.6562,-7.6060,-7.5394,-7.4578,-7.3697,-7.2740,-7.1763,-7.0775,-6.9844,-6.8954,-6.8144,-6.7436,-6.6843,-6.6358,-6.5997,-6.5757,-6.5631,-6.5606,-6.5678,-6.5834,-6.6062,-6.6347,-6.6680,-6.7044,-6.7434,-6.7838,-6.8242,-6.8778,-6.9036
45136.5416667,-20.8642,-20.5828,-17.1615,-13.9703,-5.2571,-18.9021,-18.9385,-22.8112,-14.7735,-16.3911,-16.3355,-19.0336,-18.2268,-16.9582,-15.8458,-18.6550,-13.0507,-16.4579,-18.6230,-19.7079,-10.5723,-19.6025,-18.4032,-17.4648,-14.0499,0.3255,-11.3363,-15.2266,-5.0073,-12.3315,-3.1434,-4.3301,0.8418,-0.2506,2.1878,-1.2365,2.5780,1.8565,-10.0842,2.1902,0.9096,-6.1510,-12.4312,-10.8785,11.6719,-0.0309,-8.7354,-8.9957,-12.9001,-13.8207,-8.8852,-5.9245,-4.7228,-6.9407,-13.5699,-7.6760,-7.2666,-0.1198,7.9219,0.0021,-0.6154,-6.0369,-9.9469,-8.3979,-7.8735,-6.5714,0.5339,0.3850,-9.9527,-5.3644,0.1300,-1.7078,-1.8707,-4.2924,-4.0183,8.4933,4.4151,8.6930,0.4155,2.5369,19.1962,13.6670,3.1726,-2.4086,-7.8955,-6.6583,2.7575,-6.6019,0.8985,-5.5498,-1.3889,2.0305,1.7313,-2.0873,-11.9994,-12.7636,-12.1206,-8.8542,-12.9966,-13.2566,-12.3332,-8.2161,-14.7111,-13.6787,-10.4725,-10.2230,-14.0056,-12.7656,-17.9749,-9.6739,-16.2078,-15.8449,-10.4194,-13.4172,-10.6827,-10.8708,-15.4651,-9.0862,-10.1892,-8.8269,-12.9097,-8.8144,-10.8408,-8.3349,-7.3182,-2.5153,-5.4395,-1.7437,-8.4278,-10.9108,-9.7635,-10.1877,-11.2635,-10.1449,-4.8525,-7.1426,-7.7538,-3.2868,-9.1592,-8.3392,-9.5455,-5.5634,-7.5452,-7.3787,-3.4397,-9.8195,-7.7538,2.0873,-7.1635,-7.8017,-6.7458,-7.8938,-5.5003,-3.9806,-5.5289,2.6521,5.4918,1.2357,-3.0550,-4.5882,9.1102,0.5925,-1.3160,-0.2341,1.7698,-1.9029,1.2779,-4.6242,-2.8275,-4.3446,-8.3455,-7.4901,-7.3864,-1.7660,-2.8087,-1.4366,-7.8818,-4.8255,-7.4942,3.0464,1.0330,-2.8717,-3.1882,0.5404,-2.8867,-1.4977,-5.6347,-5.7241,-5.8146,-5.9076,-6.0049,-6.1146,-6.2286,-6.3548,-6.4960,-6.6545,-6.8320,-7.0284,-7.2434,-7.4753,-7.7217,-7.9790,-8.2200,-8.4455,-8.6713,-8.9042,-9.1325,-9.3567,-9.5694,-9.7670,-9.9458,-10.1077,-10.2484,-10.3687,-10.4668,-10.5458,-10.6034,-10.6419,-10.6630,-10.6681,-10.6582,-10.6358,-10.6029,-10.5613,-10.5127,-10.4596,-10.4038,-10.3473,-10.2914,-10.2378,-10.1876,-10.1421,-10.1019,-10.0679,-10.0596,-10.0437
45136.5833333,-26.8661,-27.2176,-20.6545,-15.5397,-5.8232,-16.2303,-17.5766,-21.9726,-16.1190,-15.9366,-16.7229,-20.3853,-19.9524,-20.8344,-20.8372,-23.5716,-19.0932,-21.7508,-22.0164,-23.5195,-15.3261,-24.7463,-20.3524,-24.2231,-18.4789,-5.1534,-17.8731,-21.8721,-11.8939,-20.0568,-13.6697,-14.4952,-7.8015,-3.0861,-1.6692,-1.7915,3.4318,2.9198,-10.8693,2.6412,1.8056,-4.3954,-13.7189,-13.6879,10.3655,-3.6142,-11.1192,-9.8990,-14.8026,-14.9682,-10.0364,-8.3655,-7.3859,-8.6497,-14.5480,-15.6285,-15.8935,-9.6291,2.9612,-3.5320,-3.3372,-7.5183,-14.2972,-14.0971,-13.3630,-8.9731,-1.8087,-1.9395,-15.2533,-9.6115,-2.4499,-2.5175,-2.0767,-9.3578,-8.2074,4.1742,0.2975,1.9327,-5.1702,-2.0837,19.5733,14.6355,4.8084,0.0911,-8.2384,-4.2612,4.7376,-3.3432,3.4031,-2.7759,0.9295,4.3418,3.8258,-1.1589,-9.7932,-11.3235,-10.9533,-5.4631,-10.6228,-11.0982,-10.9604,-8.3428,-13.9954,-13.0434,-10.4464,-10.5774,-14.1089,-13.9976,-19.8531,-15.1471,-20.2362,-19.8676,-13.6071,-14.8366,-12.8321,-11.5132,-18.0649,-11.6470,-15.2353,-11.2918,-14.2100,-11.7955,-13.1153,-11.7793,-13.8079,-6.9950,-8.9440,-4.0658,-9.8121,-10.9438,-12.5029,-11.6383,-14.2978,-14.1756,-6.2946,-8.6323,-11.5075,-5.1585,-9.2534,-9.2058,-10.2632,-6.8150,-8.3112,-8.7796,-5.8096,-10.6927,-9.9963,-0.8063,-11.8118,-12.2245,-10.1023,-12.0134,-10.1587,-10.3817,-9.7709,-0.5656,2.6560,0.1447,-3.0366,-5.6721,8.5621,-0.0300,-0.1942,1.5360,4.7488,0.4848,2.3619,-4.0676,-4.9608,-7.2450,-9.8853,-10.3488,-10.3613,-5.3062,-5.9791,-3.2185,-8.0344,-5.9051,-7.8079,2.4421,0.8044,-2.5920,-2.8611,0.8480,-1.9152,-1.3005,-5.0670,-5.2755,-5.4789,-5.6753,-5.8632,-6.0474,-6.2162,-6.3747,-6.5230,-6.6620,-6.7923,-6.9147,-7.0308,-7.1418,-7.2491,-7.3540,-7.4413,-7.5157,-7.5921,-7.6791,-7.7722,-7.8749,-7.9848,-8.1014,-8.2239,-8.3544,-8.4901,-8.6316,-8.7768,-8.9263,-9.0770,-9.2281,-9.3785,-9.5266,-9.6702,-9.8083,-9.9395,-10.0624,-10.1757,-10.2788,-10.3711,-10.4520,-10.5214,-10.5794,-10.6259,-10.6616,-10.6869,-10.7021,-10.7252,-10.7132
45136.6250000,-24.2351,-26.1960,-20.7336,-17.6838,-6.4176,-15.7904,-17.4964,-22.3614,-15.4780,-12.9247,-13.4443,-16.7936,-15.6987,-17.9814,-19.7088,-20.4482,-18.5719,-22.2307,-21.3942,-22.9312,-17.5979,-26.2876,-21.1176,-24.5618,-21.9307,-9.5127,-21.8430,-23.1099,-15.2733,-20.7810,-17.9149,-19.2920,-14.4530,-9.5347,-7.9148,-5.9898,-0.0439,1.4851,-10.8445,3.1825,2.6372,-3.3588,-10.9788,-10.0000,10.9577,-4.8790,-11.3723,-9.8034,-14.5110,-12.7990,-9.3370,-9.3672,-8.9531,-9.7560,-13.8104,-17.8134,-17.1759,-11.8914,0.8599,-6.2779,-6.7259,-9.8900,-17.4244,-17.3840,-15.5825,-11.6131,-4.5798,-3.1072,-17.3993,-11.5687,-4.4045,-4.9177,-3.8827,-8.3932,-4.6206,3.4415,0.8239,0.2347,-6.2739,0.0282,19.1267,13.7074,3.1725,-0.2668,-6.3000,-4.5449,3.4868,-4.4993,1.3016,-4.5901,-0.7589,3.4010,3.8576,-0.2442,-8.2136,-7.7347,-5.2162,1.9046,-2.9397,-2.7383,-3.2219,-2.1402,-9.0163,-9.7474,-6.8029,-7.5151,-10.9026,-11.5641,-17.0437,-15.5862,-19.0790,-18.9823,-13.3115,-13.4343,-12.3260,-11.5057,-16.2999,-12.3871,-17.4878,-14.3479,-13.5535,-12.5216,-13.3341,-12.3245,-14.2413,-10.6798,-12.7819,-7.9751,-12.7439,-12.2070,-12.6245,-12.4767,-14.6267,-14.6355,-7.2727,-10.7253,-13.4801,-8.6627,-11.2345,-10.9497,-10.3752,-7.6853,-7.6920,-6.5663,-4.2661,-8.2388,-7.8925,1.1795,-10.1729,-10.0664,-9.2672,-11.1811,-11.0710,-12.9308,-9.4727,-3.5247,-0.6095,-2.6444,-5.2573,-8.7181,5.0933,-5.1001,-3.0171,-1.2314,2.4691,-1.9328,0.2723,-6.8616,-5.5050,-6.6328,-7.4937,-8.3586,-9.4760,-6.1521,-7.3616,-4.2061,-8.0255,-6.5264,-7.7602,1.9504,0.0534,-3.2947,-3.7794,-0.3796,-2.8842,-2.5994,-5.9411,-5.9709,-5.9727,-5.9575,-5.9349,-5.9191,-5.9044,-5.9012,-5.9134,-5.9432,-5.9918,-6.0588,-6.1430,-6.2423,-6.3539,-6.4747,-6.5900,-6.6992,-6.8090,-6.9224,-7.0340,-7.1444,-7.2506,-7.3517,-7.4470,-7.5384,-7.6249,-7.7078,-7.7872,-7.8653,-7.9417,-8.0179,-8.0948,-8.1734,-8.2538,-8.3368,-8.4228,-8.5120,-8.6041,-8.6992,-8.7971,-8.8973,-8.9991,-9.1020,-9.2051,-9.3076,-9.4083,-9.5057,-9.6155,-9.6804
45136.6666667,-20.0142,-23.1960,-18.4619,-15.9049,-0.2999,-11.2028,-9.5669,-18.0328,-13.7389,-10.0791,-9.9579,-11.9829,-9.5304,-12.4700,-14.4313,-14.7357,-10.6015,-14.2989,-13.3550,-17.9920,-11.7406,-20.9067,-17.1927,-19.2985,-20.8561,-8.5187,-21.7267,-22.5770,-19.0133,-21.7988,-21.1517,-21.9912,-17.5954,-11.9909,-10.0001,-7.4734,-2.7351,-0.9519,-10.0595,2.9251,7.6866,-1.0310,-5.5341,-2.3542,16.5458,-2.3074,-8.0166,-6.2924,-11.9578,-10.7832,-5.9910,-7.3971,-7.3420,-6.8540,-11.1975,-19.2440,-18.9833,-13.9940,1.7276,-3.8118,-3.8529,-9.7595,-16.8480,-17.2381,-16.0363,-13.4140,-8.4284,-3.8426,-19.0927,-12.5847,-6.1091,-6.8148,-5.0578,-7.9029,-3.5619,2.1821,3.5679,0.9865,-3.7255,6.7858,24.8235,19.1990,4.8690,1.9803,1.1994,-1.0310,9.9113,2.6273,8.2777,2.3529,4.3823,10.0825,9.5554,3.8340,-6.4881,-7.4915,-5.8437,0.5693,-3.4181,0.0053,-2.6641,2.4217,-3.6674,-6.0207,-0.1745,-0.4579,-6.3034,-4.4972,-10.6130,-11.2515,-14.6191,-15.0474,-12.0339,-11.5248,-8.4390,-9.4030,-13.3128,-8.1648,-14.9778,-12.9341,-10.7472,-10.0366,-12.3660,-13.1570,-13.0794,-8.9589,-11.1697,-6.4920,-11.1352,-11.0653,-13.0504,-13.2814,-16.0679,-16.5478,-7.9080,-11.4433,-13.1915,-9.8994,-12.0277,-12.3092,-10.8193,-9.7441,-9.0706,-6.3426,-3.3823,-7.8312,-8.2892,2.2592,-9.8180,-9.0897,-8.7838,-9.2687,-9.0950,-11.6811,-7.9456,-4.4588,1.0865,0.5529,-1.3862,-7.5751,7.2510,-4.6777,0.0740,2.4058,7.0225,-0.0495,3.4856,-6.1674,-4.7576,-7.8358,-6.3878,-8.3129,-7.8952,-4.9583,-6.0283,-2.0016,-5.0967,-6.3345,-6.8948,4.7546,3.1769,0.1676,-0.1504,3.3693,1.0417,0.9844,-2.2907,-2.5496,-2.8136,-3.0799,-3.3454,-3.6126,-3.8671,-4.1105,-4.3393,-4.5507,-4.7423,-4.9121,-5.0596,-5.1849,-5.2893,-5.3746,-5.4354,-5.4761,-5.5066,-5.5337,-5.5577,-5.5825,-5.6091,-5.6387,-5.6720,-5.7110,-5.7548,-5.8039,-5.8573,-5.9153,-5.9761,-6.0395,-6.1046,-6.1707,-6.2366,-6.3022,-6.3668,-6.4300,-6.4916,-6.5516,-6.6100,-6.6670,-6.7228,-6.7776,-6.8318,-6.8856,-6.9390,-6.9913,-7.0573,-7.0848
45136.7083333,-14.3550,-18.8649,-14.6879,-12.6643,0.5134,-7.4211,-5.6196,-11.6279,-5.8577,-4.2603,-4.8281,-6.7202,-4.5802,-8.1194,-10.5559,-10.5046,-5.5606,-6.4995,-3.8082,-6.9235,-1.9465,-8.1572,-4.6372,-7.2245,-8.8759,3.7581,-10.7167,-11.9207,-12.8477,-15.4627,-18.5343,-20.8369,-18.6886,-13.6222,-11.5229,-9.1492,-3.1365,-1.9132,-11.4205,-0.5425,4.7756,-1.3163,-4.1380,-0.1293,23.0417,5.8986,-0.0860,3.7717,-2.8433,-1.3303,1.9558,3.1400,2.9265,1.1413,-1.3050,-11.3953,-12.3111,-8.7231,7.7564,1.2140,1.7306,-2.9681,-9.0993,-10.4336,-8.0269,-9.0163,-6.1510,-2.8600,-17.4966,-12.6896,-7.6442,-6.3164,-6.5422,-8.6205,-4.1727,2.1592,2.9570,1.6479,-0.3862,12.9850,30.3015,25.2145,8.6442,5.6623,8.2366,3.4525,16.5411,10.0466,16.5352,8.0941,10.9417,20.5191,20.7822,14.2497,3.3914,2.0364,2.9185,8.0271,4.4220,6.5526,4.4506,11.2374,1.9068,1.9010,6.7764,7.7332,-0.0432,3.1591,-3.3873,-4.0412,-6.9897,-7.7792,-5.9692,-5.1047,-3.1359,-2.8981,-6.5184,-3.0758,-8.3433,-7.2065,-4.8101,-4.0906,-7.3565,-7.9747,-10.1188,-6.0616,-7.5820,-2.6632,-6.5441,-6.5698,-8.9884,-8.7200,-12.4703,-13.7683,-5.4686,-9.1965,-10.6984,-8.9496,-10.6284,-11.9326,-11.9678,-11.3267,-10.5561,-7.1706,-5.6584,-7.3804,-7.5821,1.9207,-8.0961,-7.0972,-6.9053,-6.6945,-6.3226,-8.1861,-2.8445,0.0162,4.0129,2.4649,1.2947,-2.1575,12.1938,1.0226,5.3103,8.1609,12.6503,2.6141,8.0453,-2.2592,-1.5555,-4.7084,-3.8868,-5.4396,-6.1064,-2.4525,-3.0423,1.2383,-1.4863,-2.5649,-4.5386,7.6133,6.2344,3.3760,3.2994,7.1624,4.8049,5.3394,2.2595,2.2526,2.2372,2.2131,2.1795,2.1298,2.0732,2.0037,1.9202,1.8222,1.7098,1.5836,1.4447,1.2948,1.1360,0.9705,0.8065,0.6454,0.4852,0.3258,0.1712,0.0222,-0.1185,-0.2493,-0.3689,-0.4777,-0.5745,-0.6601,-0.7344,-0.7989,-0.8539,-0.9010,-0.9415,-0.9767,-1.0078,-1.0363,-1.0631,-1.0893,-1.1156,-1.1427,-1.1711,-1.2010,-1.2324,-1.2655,-1.3000,-1.3357,-1.3721,-1.4081,-1.4570,-1.4697
45136.7500000,-6.6323,-11.7813,-8.7481,-7.6914,2.9111,-3.6335,-2.9237,-7.8336,-3.0382,-1.4670,-2.0014,-3.3617,-1.3368,-4.1553,-6.0975,-6.0724,-2.2419,-3.0105,-0.9341,-3.3672,0.5865,-4.1948,-1.0679,-2.8286,-3.6122,9.3112,-2.5048,-2.7137,-3.7474,-5.2469,-9.5615,-12.7068,-12.8092,-9.3885,-8.7945,-7.7455,-3.0142,-0.2339,-8.6967,0.0464,4.2668,-1.0558,-3.4636,-0.1722,24.5838,8.5822,3.7156,8.3334,2.7083,3.9978,7.0245,9.0452,10.9706,8.4411,5.3758,-2.2353,-3.1035,-0.3189,13.7353,7.3927,7.5573,3.3373,-1.8908,-3.5330,-1.2368,-2.3703,1.4219,2.8122,-12.5571,-10.2850,-7.2159,-6.3346,-6.6541,-8.1361,-3.8942,0.7535,1.4819,0.9798,-0.3752,13.7570,28.7931,24.6399,9.4634,6.8896,10.1547,6.5782,20.4701,14.9993,21.6432,12.8688,17.1776,28.1558,27.5208,21.6329,10.3560,10.1033,10.8525,14.5423,11.7182,12.6791,11.1694,19.3933,8.5854,9.0604,13.0834,14.8481,7.4444,11.3942,4.6517,4.8709,1.4714,-0.1381,0.8249,1.2732,2.2857,2.4471,-0.7862,1.3370,-3.0143,-2.4365,-0.6234,0.9187,-2.2225,-2.5988,-3.9468,0.1250,-0.8116,4.8745,0.5703,0.4059,-1.8660,-1.9719,-5.2923,-7.2028,-0.2463,-4.0640,-5.4726,-4.3891,-5.4083,-7.6476,-7.8355,-8.3601,-7.6019,-4.8218,-5.1840,-5.8228,-6.8716,-0.4649,-8.2604,-7.4063,-7.6679,-6.9265,-6.4104,-7.5403,-1.6990,-0.0310,3.4244,2.1103,1.7640,0.1887,14.6997,4.0409,7.9384,11.3597,15.4046,6.2446,13.1888,3.4007,4.4046,1.8794,1.6051,0.4051,-0.9899,1.8250,1.4189,5.6997,3.0301,2.2704,-0.1237,10.5337,10.3196,7.3323,7.3319,11.3749,8.5972,9.9967,6.3875,6.7319,7.0742,7.4175,7.7324,8.0125,8.2648,8.4524,8.5713,8.6180,8.5745,8.4272,8.1895,7.8507,7.4596,7.1805,6.9901,6.8578,6.7593,6.6776,6.6039,6.5312,6.4563,6.3772,6.2934,6.2039,6.1096,6.0109,5.9089,5.8041,5.6980,5.5916,5.4859,5.3819,5.2809,5.1835,5.0907,5.0030,4.9210,4.8450,4.7751,4.7113,4.6535,4.6013,4.5545,4.5125,4.4750,4.4422,4.3999,4.3937
45136.7916667,0.7490,-3.9614,-1.8577,-1.4286,7.2717,1.3187,1.3728,-3.0175,0.4380,1.5296,0.8278,-0.5492,0.7209,-1.4434,-3.3688,-3.4247,-0.2815,-0.8318,0.8925,-0.8669,2.4338,-1.5809,0.6878,-0.6796,-1.3555,9.9819,-0.4914,-0.5908,-1.0708,-1.6715,-4.6689,-6.9812,-6.7796,-3.3850,-3.0462,-2.3740,1.0397,3.6422,-3.7985,2.9125,5.9090,1.0052,-1.3266,1.1539,24.4113,9.2514,4.6549,8.6058,3.9576,4.7088,7.7975,10.2228,13.2342,11.1635,6.8099,2.8959,2.4796,5.0319,17.6338,11.6538,11.7682,8.1030,3.8411,2.3946,4.1672,3.1410,7.2073,8.0012,-6.4067,-5.6782,-4.0893,-4.0857,-4.8024,-6.4565,-2.7619,0.1458,0.4583,0.1213,-1.1278,11.0869,24.8785,21.1795,7.3479,4.8928,7.8074,5.0318,18.0072,12.8292,19.7422,10.8151,16.4134,27.1685,27.1957,22.4487,10.6913,12.2283,13.4837,16.0622,14.3229,14.6496,14.0122,23.4007,12.9589,13.5934,17.8938,19.6159,12.7586,17.0233,10.4968,12.9052,8.8427,7.0228,7.8247,7.5015,8.3409,7.6910,5.3088,7.0585,3.2788,3.3528,3.6194,5.0073,2.2263,1.8571,0.6951,4.0929,3.3629,9.0424,4.8529,3.9915,2.8723,2.7927,0.5083,-0.9318,4.9467,2.1169,1.2192,2.1143,1.1263,-1.3987,-1.9330,-3.0360,-2.6641,-0.7755,-1.9481,-2.1741,-3.5050,0.5238,-5.6812,-5.0633,-5.9168,-5.7882,-6.1598,-7.6488,-2.5607,-1.5147,1.2427,0.1477,0.2595,-0.7487,12.0972,3.0664,6.4899,9.7072,13.0038,5.2950,12.3685,4.2898,6.2476,4.8809,3.8039,3.9912,3.4107,6.2092,5.9745,9.8003,6.9477,6.7463,4.7207,14.1361,14.2276,10.9834,11.0515,15.2371,11.7761,14.0026,9.7074,9.8353,9.9739,10.1315,10.2953,10.4690,10.6638,10.8673,11.0799,11.3112,11.5513,11.7904,12.0326,12.2726,12.5016,12.7231,12.9309,13.1195,13.2815,13.4095,13.5066,13.5622,13.5673,13.5228,13.4276,13.2836,13.0876,12.8475,12.5660,12.2485,11.9551,11.7013,11.4857,11.3037,11.1499,11.0186,10.9044,10.8028,10.7102,10.6235,10.5405,10.4600,10.3809,10.3028,10.2257,10.1495,10.0750,10.0034,9.9241,9.8864
45136.8333333,8.0474,4.5071,5.8085,5.7987,13.2969,7.2140,7.0731,2.7437,5.2906,5.6336,4.8542,3.4449,3.8265,2.2990,0.3352,-0.0834,2.1595,1.3647,2.3775,0.8640,3.6162,0.1319,1.6564,0.7361,0.2013,10.2092,0.9067,0.7187,0.4363,-0.1040,-2.5667,-4.4701,-4.1693,-0.8403,-0.2715,0.5994,3.8103,6.3287,0.1273,5.9645,8.5401,4.2098,2.0906,3.9856,24.8119,10.7853,6.1063,9.0473,4.8440,4.9838,7.8673,10.1590,12.8775,11.1643,5.7960,4.6211,4.4531,6.7599,18.3893,12.8275,13.0648,9.9811,6.7624,5.8172,7.0939,6.5986,10.9481,11.8852,-0.6935,-0.6105,0.2392,-0.1885,-1.1701,-3.1005,-0.1832,1.5843,1.4384,0.9753,-0.2817,10.0759,22.3369,18.9419,6.3467,4.0030,6.4052,4.0342,15.5568,10.4959,17.0612,8.2161,14.1231,24.1572,24.3769,20.3157,8.2309,10.5966,12.0144,13.6300,12.6746,12.5045,12.4496,22.2167,14.0740,14.7959,19.6006,21.4526,15.0386,19.2205,12.7250,17.5935,12.9454,11.5813,12.8084,11.7917,13.0816,11.3273,10.1473,12.4359,9.2147,9.1213,7.6334,9.8069,6.9751,6.8978,5.7935,8.3927,7.2514,11.9550,7.6143,5.5847,5.3114,5.3018,3.8844,2.9378,7.8669,5.4977,5.0117,6.3950,5.3473,3.6295,3.1945,2.4520,2.5771,3.8715,2.8932,2.2878,1.1691,4.0011,-1.0965,-0.8174,-2.0305,-2.5387,-3.7038,-5.7184,-1.5027,-1.1103,0.8223,-0.1447,0.0962,-0.8455,9.8564,2.1927,4.8654,7.7080,10.2300,3.7289,10.1665,3.3644,5.7289,4.7797,3.1237,4.3671,4.6981,7.8003,7.9037,10.8913,7.9917,8.3356,6.7881,15.6451,15.5020,12.0923,12.3438,16.7594,12.7316,15.9873,11.6772,11.8264,11.9681,12.1087,12.2400,12.3650,12.4936,12.6183,12.7410,12.8699,12.9987,13.1275,13.2613,13.3994,13.5387,13.6852,13.8384,13.9978,14.1621,14.3298,14.5011,14.6771,14.8522,15.0273,15.2009,15.3724,15.5365,15.6938,15.8387,15.9710,16.0868,16.1824,16.2573,16.3080,16.3327,16.3298,16.2990,16.2403,16.1547,16.0443,15.9118,15.7623,15.6008,15.4326,15.2631,15.0968,14.9375,14.7891,14.6461,14.5575
45136.8750000,13.7709,12.1183,12.9405,12.8366,20.0811,13.3301,13.7375,9.1639,11.4541,10.8568,10.2219,8.9265,8.2600,7.6426,5.8182,5.0015,6.4974,5.3508,5.4304,3.9257,6.2755,2.9674,3.6583,3.0370,2.4465,11.2771,2.8389,2.3914,2.2358,1.5473,-0.5407,-2.2217,-2.0901,0.8241,1.3937,2.1571,5.1633,7.6092,2.2202,7.6926,10.1725,6.4263,4.5939,6.2519,25.4520,13.0375,8.4161,10.5047,6.6759,6.2628,9.0122,11.1718,13.5066,11.9767,5.9051,6.5096,6.1393,7.9789,18.5507,13.2059,13.3896,10.6584,8.2290,7.6441,8.3246,8.3021,12.8000,14.0502,3.5751,3.6992,4.4841,4.1079,3.0931,1.1003,3.0343,4.6745,4.2927,3.8115,2.6283,11.4843,22.3294,19.2891,7.8285,5.5369,7.5886,5.4755,15.6704,10.7425,16.8269,8.1591,13.9532,23.0575,23.1794,19.5066,7.3679,9.8933,11.1754,11.9629,11.4396,10.8174,10.9298,20.3784,14.2632,14.9436,20.0685,21.9936,15.8655,19.9590,13.2340,20.0896,14.3237,13.1667,14.8739,13.2458,15.1599,12.4011,12.3631,15.6757,13.0706,13.1522,10.0536,13.7520,10.8491,11.7513,11.2999,13.6336,12.1390,16.0656,11.3317,7.8990,8.2086,8.1064,7.1740,6.5209,10.7501,8.4266,7.8243,9.3072,7.6414,6.4976,6.0030,5.8542,5.6674,6.6858,6.5088,5.1398,4.7364,7.6367,3.4482,3.5117,2.5524,1.8469,0.5221,-1.6429,1.4356,1.5784,2.9594,1.9779,2.1527,1.2690,10.1399,3.5716,5.5031,7.9245,9.7203,4.1622,9.7217,3.7565,5.8928,4.8140,2.6343,4.1193,4.8237,7.9421,8.1722,10.2964,7.4243,8.1373,6.9143,15.3240,14.8471,11.3349,11.7103,16.2314,11.8286,15.8699,11.7094,11.9528,12.1878,12.4181,12.6372,12.8467,13.0531,13.2509,13.4411,13.6292,13.8104,13.9847,14.1550,14.3206,14.4793,14.6350,14.7876,14.9370,15.0827,15.2244,15.3632,15.5008,15.6349,15.7674,15.8990,16.0311,16.1618,16.2937,16.4247,16.5568,16.6890,16.8205,16.9523,17.0834,17.2131,17.3408,17.4656,17.5867,17.7030,17.8132,17.9158,18.0101,18.0947,18.1683,18.2297,18.2780,18.3123,18.3329,18.3330,18.3395
45136.9166667,17.5251,17.9772,18.3872,18.2422,25.7348,17.7514,19.0667,14.1501,16.7028,14.9832,14.6752,13.6921,11.9544,12.6616,11.4142,10.4703,11.6797,10.3151,9.3110,7.9095,10.2725,6.7793,6.6336,6.4757,5.7588,13.6013,5.5763,4.7476,4.7717,3.7128,1.9749,0.3515,0.1977,2.4936,2.8881,3.3551,6.0050,8.1758,3.2630,8.4857,10.7152,7.2957,5.6029,7.0715,25.0358,14.2732,9.7963,11.3825,8.0340,7.1650,9.9907,12.1934,14.2853,12.9202,6.2531,8.5890,8.0640,9.4522,18.9847,13.6768,13.6731,11.1193,9.2848,8.9630,9.0292,9.3161,13.7573,15.1154,6.2093,6.5617,7.5338,7.3856,6.4307,4.6163,5.4732,7.7423,7.2355,6.8282,5.6714,13.2641,22.7918,20.0126,9.4022,7.0569,8.9978,7.0931,16.4227,11.6351,17.4047,8.8686,14.6470,22.9377,22.9749,19.6914,7.6160,10.2742,11.4220,11.5248,11.2675,10.2962,10.4423,19.3728,14.5858,15.1039,20.3013,22.1121,16.0658,20.0834,13.0680,21.4097,14.4396,13.2779,15.2884,13.0928,15.4137,11.8576,12.5454,16.6915,14.4738,14.6864,10.2052,15.3646,12.3368,14.4481,15.0196,17.6703,16.0658,19.6078,14.4558,9.6406,10.7176,10.7983,10.4650,10.2397,14.1814,11.7618,10.9255,12.4585,9.8838,9.0256,8.2232,8.4714,7.6984,8.3730,8.8330,6.3627,6.5107,9.9061,6.2133,5.9989,5.5064,4.9117,4.1363,2.5012,4.2330,4.6580,5.8949,4.6636,4.7515,4.0390,11.7562,5.9506,7.2181,9.2831,10.4220,5.4796,10.4228,5.0210,7.0397,5.7830,3.1410,4.5875,5.3627,8.2144,8.2824,9.5563,6.6369,7.4289,6.3131,14.1246,13.2638,9.6671,10.0115,14.3899,9.8000,14.1624,10.1471,10.4140,10.6821,10.9531,11.2217,11.4878,11.7550,12.0185,12.2780,12.5362,12.7892,13.0361,13.2784,13.5151,13.7443,13.9684,14.1867,14.3993,14.6053,14.8044,14.9970,15.1842,15.3641,15.5380,15.7061,15.8695,16.0266,16.1793,16.3264,16.4692,16.6074,16.7410,16.8710,16.9972,17.1199,17.2395,17.3563,17.4705,17.5825,17.6925,17.8004,17.9068,18.0117,18.1152,18.2172,18.3174,18.4156,18.5106,18.5930,18.6643
45136.9583333,18.8358,21.4374,21.6550,21.6372,29.8825,20.4749,22.9360,17.6879,20.7972,17.8837,17.9430,17.2742,14.3822,16.5058,15.9917,15.0243,16.3367,14.9379,12.7570,11.5923,14.5769,10.6354,9.6936,10.3300,9.5860,17.0789,9.0900,7.7731,8.2599,6.5898,5.3220,3.6602,3.1988,4.7831,4.9379,4.9718,7.2455,9.0250,4.2770,9.2855,11.2011,7.9492,6.2700,7.5224,24.2802,14.7656,10.2621,11.4526,8.4251,7.1888,10.1516,12.4726,14.4527,13.2906,6.1421,10.0849,9.4985,10.5868,19.3795,14.1363,14.0147,11.6096,10.2568,10.1582,9.6661,10.1822,14.5311,15.8512,7.7329,8.2363,9.4984,9.6418,8.7215,6.9423,6.7939,10.0966,9.5330,9.3294,8.2051,14.8677,23.3313,20.8073,10.8287,8.3409,10.2969,8.5027,17.2935,12.5772,18.1331,9.6105,15.4703,23.1001,23.0795,20.1405,8.0499,10.8614,11.9365,11.5294,11.4909,10.2816,10.4704,18.9875,14.8554,15.2850,20.5776,22.3014,16.2982,20.2321,12.9166,22.3547,14.2268,12.9370,15.1309,12.5088,15.0615,10.9927,12.0764,16.7932,14.8141,15.0629,9.5034,15.5898,12.3537,15.3988,16.9241,19.9892,18.2808,21.6579,16.0388,9.9992,11.7627,12.1254,12.4431,12.8029,16.9757,14.5930,13.7114,15.6274,12.1274,11.5860,10.4901,11.1949,9.7892,10.1859,11.2154,7.5271,8.0051,12.0274,8.4914,7.8912,7.6785,6.8744,6.5610,5.5224,5.8403,6.8256,8.2385,6.6300,6.6917,6.2297,13.4866,8.2373,9.0218,10.9192,11.5522,6.9860,11.6639,6.6067,8.7397,7.3187,4.1110,5.5557,6.4253,9.0750,8.9493,9.5072,6.5434,7.3090,6.2165,13.4284,12.2488,8.6503,8.9056,12.9936,8.4103,12.7224,8.8588,9.0489,9.2447,9.4478,9.6547,9.8656,10.0831,10.3041,10.5286,10.7583,10.9907,11.2249,11.4618,11.7004,11.9392,12.1792,12.4197,12.6600,12.8991,13.1361,13.3708,13.6032,13.8316,14.0561,14.2765,14.4929,14.7039,14.9102,15.1107,15.3059,15.4955,15.6789,15.8567,16.0287,16.1948,16.3552,16.5099,16.6591,16.8031,16.9418,17.0755,17.2045,17.3291,17.4495,17.5659,17.6785,17.7872,17.8915,17.9837,18.0598
45137.0000000,19.6669,24.0274,24.0109,24.0787,33.1741,22.2787,25.8018,20.0240,23.7445,19.6624,20.0726,19.7062,15.7449,19.1102,19.4391,18.5452,20.2084,18.8612,15.4382,14.5292,18.5121,13.9052,12.2013,13.8438,13.1580,20.9216,12.6450,10.8295,12.2240,9.8555,9.4240,7.7831,7.1740,8.0412,7.9938,7.5228,9.5047,10.8790,6.0402,10.7301,12.3444,9.1649,7.4247,8.4725,24.0849,15.4880,10.8126,11.4086,8.5526,7.0274,10.0638,12.4433,14.3050,13.2999,5.8161,11.0359,10.3912,11.2584,19.5155,14.3582,14.1862,11.9369,11.0238,11.1810,10.2471,11.0139,15.3874,16.5836,8.7648,9.2966,10.8347,11.2565,10.3203,8.4158,7.4054,11.8102,11.2016,11.2665,10.1718,16.1468,23.7592,21.4925,11.9846,9.2721,11.3460,9.6292,18.1779,13.5151,18.9902,10.4034,16.4672,23.5948,23.5542,20.9333,8.7197,11.7195,12.7613,11.9510,12.0875,10.6902,10.9170,19.1438,14.8316,15.2452,20.6815,22.3952,16.4697,20.2798,12.7983,23.2038,14.1173,12.7249,15.0373,12.1239,14.8005,10.4339,11.7200,16.8005,14.9761,15.2167,8.9239,15.5040,12.0751,15.7493,18.0342,21.4152,19.4974,22.7341,16.6050,9.6283,11.8191,12.3763,13.1965,14.0789,18.6742,16.3441,15.5050,18.0221,13.6555,13.5210,12.2567,13.5739,11.6269,11.9328,13.6464,8.7818,9.6062,14.4626,10.9103,9.9278,9.9678,8.8322,8.8252,8.2236,7.1377,8.6894,10.3664,8.2619,8.1328,7.8552,15.0576,10.1211,10.5443,12.3978,12.6336,8.2607,12.9556,8.0759,10.5677,9.0337,5.1534,6.5341,7.6523,10.3078,10.0710,10.0671,7.0614,7.8320,6.7535,13.5226,12.1044,8.5455,8.7291,12.5359,8.0444,12.2062,8.5056,8.6189,8.7378,8.8634,8.9935,9.1286,9.2705,9.4173,9.5692,9.7275,9.8906,10.0582,10.2310,10.4085,10.5897,10.7756,10.9657,11.1598,11.3572,11.5574,11.7603,11.9659,12.1731,12.3819,12.5919,12.8033,13.0147,13.2266,13.4378,13.6485,13.8580,14.0657,14.2717,14.4752,14.6761,14.8738,15.0683,15.2590,15.4459,15.6286,15.8069,15.9808,16.1501,16.3148,16.4748,16.6298,16.7797,16.9232,17.0527,17.1557
45137.0416667,19.9762,25.7747,25.5910,25.7514,35.7258,23.4507,27.9495,21.9298,26.3022,21.1707,21.8832,21.7566,16.8425,21.3445,22.3333,21.3722,23.3299,21.9654,17.2903,16.5837,21.7044,16.3184,13.9275,16.6202,16.0247,24.4608,15.6402,13.3133,15.9075,12.7705,13.5096,11.9933,11.5069,11.7430,11.6405,10.6805,12.5711,13.6339,8.4772,13.0982,14.3908,11.1524,9.2484,10.0989,24.7047,16.7913,11.8288,11.9845,9.1119,7.3078,10.3202,12.6398,14.3031,13.3581,5.6393,11.7701,11.0068,11.6542,19.4452,14.3386,14.1136,11.9833,11.4265,11.8153,10.5172,11.5238,16.0135,17.1982,9.5344,10.0623,11.8392,12.4926,11.4884,9.3644,7.6464,13.0398,12.3576,12.6782,11.5719,17.0190,23.9043,21.8562,12.6810,9.7774,11.9921,10.3126,18.7811,14.1360,19.6061,10.8946,17.2322,23.9899,23.9663,21.6587,9.2438,12.4887,13.5475,12.4086,12.7057,11.1654,11.4440,19.4775,14.9963,15.3436,20.8358,22.4896,16.5826,20.3677,12.7214,23.8891,14.0071,12.5535,14.9514,11.8507,14.5999,10.0773,11.4817,16.8072,15.1018,15.3383,8.5962,15.4359,11.8739,15.9732,18.8507,22.4666,20.2773,23.3613,16.7350,9.1276,11.5212,12.1708,13.3104,14.5675,19.5532,17.2057,16.3747,19.4744,14.2959,14.5201,13.1309,15.0619,12.6507,12.9705,15.4143,9.4908,10.6935,16.5409,12.8882,11.5840,11.9709,10.6415,11.0422,10.9196,8.4886,10.6218,12.6382,9.9431,9.6838,9.5043,16.8767,12.0605,12.1336,13.9729,13.8398,9.4746,14.3139,9.4175,12.3492,10.6665,6.0084,7.6337,8.9791,11.7111,11.3592,10.8683,7.7656,8.5667,7.4782,13.9892,12.3771,8.8399,8.9772,12.5768,8.1660,12.2136,8.6491,8.7175,8.7901,8.8675,8.9483,9.0327,9.1220,9.2149,9.3116,9.4130,9.5182,9.6271,9.7403,9.8576,9.9786,10.1040,10.2337,10.3677,10.5057,10.6475,10.7932,10.9430,11.0961,11.2527,11.4127,11.5763,11.7426,11.9121,12.0840,12.2585,12.4353,12.6139,12.7943,12.9762,13.1593,13.3434,13.5281,13.7132,13.8984,14.0834,14.2680,14.4518,14.6347,14.8163,14.9964,15.1745,15.3500,15.5211,15.6794,15.8046
45137.0833333,19.7354,26.7406,26.4444,26.7149,37.5962,24.0282,29.3949,23.0635,28.0698,21.9820,22.9680,23.0743,17.3790,22.7767,24.4846,23.5801,25.9688,24.6312,18.8054,18.2429,24.4814,18.2670,15.2501,18.8704,18.3354,27.6367,18.1033,15.2425,19.1053,15.1350,17.1765,15.8419,15.6735,15.3513,15.3373,13.9097,15.9473,16.8473,11.1642,15.9890,17.0740,13.7292,11.6140,12.3478,26.2309,18.8634,13.5209,13.1963,10.2454,8.1707,11.2013,13.4643,14.9248,13.9870,6.0154,12.8526,11.8903,12.2996,19.6515,14.5303,14.2076,12.1212,11.7994,12.3386,10.6980,11.8690,16.4516,17.6308,10.0628,10.6195,12.6466,13.5318,12.4486,10.0456,7.7774,14.0307,13.2608,13.8312,12.6999,17.7502,24.0314,22.1732,13.2344,10.1365,12.4804,10.7995,19.2610,14.5969,20.0866,11.2128,17.8234,24.2907,24.2844,22.2425,9.5644,13.0418,14.1366,12.7390,13.1750,11.5183,11.8520,19.8063,15.0722,15.4052,20.9878,22.6260,16.7511,20.4881,12.7309,24.5510,13.9909,12.4829,14.9273,11.7044,14.4902,9.8884,11.3519,16.8420,15.2289,15.4637,8.4342,15.4113,11.7676,16.1771,19.5564,23.3913,20.9376,23.8949,16.8252,8.8163,11.2736,11.9460,13.2700,14.7809,20.0917,17.6704,16.7980,20.3767,14.4655,14.9303,13.4059,15.8343,13.0174,13.3540,16.4385,9.6196,11.1131,17.9341,14.1326,12.5599,13.3037,11.8650,12.7630,13.2216,9.5568,12.3225,14.8023,11.4997,11.1394,11.0912,18.9037,14.0905,13.8763,15.7739,15.3211,10.8309,15.9377,10.8688,14.2808,12.3832,6.8579,8.7381,10.3607,13.2764,12.8287,11.9125,8.6558,9.5092,8.3795,14.8048,13.0186,9.4550,9.5569,13.0253,8.6374,12.6226,9.1265,9.1559,9.1890,9.2264,9.2672,9.3116,9.3605,9.4131,9.4694,9.5302,9.5948,9.6630,9.7353,9.8113,9.8907,9.9740,10.0610,10.1517,10.2457,10.3431,10.4437,10.5477,10.6547,10.7648,10.8781,10.9945,11.1138,11.2363,11.3616,11.4898,11.6209,11.7546,11.8912,12.0303,12.1720,12.3161,12.4626,12.6113,12.7621,12.9148,13.0694,13.2257,13.3836,13.5429,13.7033,13.8646,14.0263,14.1864,14.3371,14.4573
45137.1250000,19.1295,27.0365,26.6270,26.9703,38.6732,23.9381,30.0594,23.5137,29.1263,22.2019,23.4287,23.7476,17.4240,23.5278,25.8619,24.9883,27.8025,26.4986,19.6352,19.2481,26.5928,19.5705,16.0452,20.5278,20.0706,30.3376,19.9997,16.6723,21.7752,16.9973,20.3414,19.1787,19.4086,18.5656,18.7128,16.8371,19.1789,20.0311,13.6712,18.9697,19.9174,16.4051,14.0308,14.7245,28.2391,21.4141,15.6525,14.8723,11.8018,9.4181,12.5489,14.7903,16.0687,15.1018,6.7550,14.3387,13.1594,13.3296,20.2886,15.0984,14.6586,12.5696,12.4067,13.0398,11.0736,12.3415,16.9513,18.0357,10.4382,10.9996,13.2321,14.3113,13.1440,10.5160,7.8154,14.7912,13.9315,14.7150,13.5286,18.2449,23.9902,22.2858,13.5141,10.2437,12.7087,11.0274,19.5366,14.8451,20.3798,11.3444,18.2111,24.4432,24.4527,22.6490,9.7084,13.3974,14.5282,12.9059,13.4499,11.6942,12.0727,19.9912,14.9797,15.2960,20.9448,22.5700,16.7252,20.4317,12.6287,25.0403,13.9358,12.4176,14.8850,11.5772,14.3760,9.7323,11.2286,16.8218,15.2711,15.5043,8.3086,15.3591,11.6626,16.2963,20.0849,24.1323,21.4485,24.3054,16.8728,8.6322,11.1150,11.8042,13.2463,14.9300,20.4924,17.9851,17.0565,21.0144,14.4828,15.1028,13.4523,16.2389,13.0798,13.4080,16.9776,9.4666,11.1310,18.7451,14.7552,12.9479,13.9827,12.4615,13.8185,14.8467,10.0919,13.4364,16.4154,12.5114,12.0736,12.1788,20.6033,15.6957,15.2598,17.2767,16.5501,11.8667,17.3912,12.0947,16.1295,14.0545,7.6577,9.8141,11.7466,14.9182,14.3743,13.0589,9.5854,10.5075,9.3076,15.7863,13.8189,10.1659,10.2372,13.6452,9.2032,13.1985,9.7067,9.7113,9.7192,9.7307,9.7452,9.7627,9.7838,9.8078,9.8348,9.8653,9.8987,9.9349,9.9744,10.0171,10.0626,10.1114,10.1635,10.2189,10.2774,10.3392,10.4041,10.4723,10.5435,10.6178,10.6953,10.7759,10.8594,10.9459,11.0352,11.1275,11.2224,11.3201,11.4203,11.5232,11.6285,11.7363,11.8465,11.9590,12.0737,12.1907,12.3099,12.4311,12.5545,12.6798,12.8071,12.9362,13.0666,13.1968,13.3206,13.4196
45137.1666667,18.0441,26.6415,26.1933,26.6407,39.1160,23.4205,30.1764,23.4731,29.6145,21.9947,23.4139,23.8980,17.0810,23.7181,26.5927,25.7451,28.9664,27.6912,19.9078,19.6507,28.0270,20.2480,16.3036,21.5255,21.1439,32.4477,21.2638,17.5067,23.7914,18.2335,22.8697,21.8986,22.5932,21.2573,21.6133,19.2962,22.0445,22.9280,15.7907,21.6729,22.5877,18.8959,16.2547,16.9886,30.4587,24.1594,17.9458,16.7818,13.5574,10.8464,14.2070,16.5059,17.6629,16.6676,7.7739,16.2213,14.8092,14.7641,21.4361,16.1265,15.5575,13.4179,13.3553,14.0458,11.7545,13.0820,17.6924,18.6043,10.7879,11.3158,13.7242,14.9751,13.7132,10.8293,7.8082,15.3885,14.4424,15.4321,14.1962,18.6657,23.9670,22.3959,13.7467,10.3205,12.8720,11.1677,19.7183,14.9817,20.5495,11.3608,18.4367,24.4738,24.4908,22.8793,9.6935,13.5428,14.7095,12.9202,13.5516,11.7190,12.1329,20.0401,14.7820,15.0882,20.7854,22.4003,16.5836,20.2304,12.3937,25.2897,13.7406,12.2309,14.7287,11.3832,14.1964,9.5529,11.0707,16.7407,15.2484,15.4847,8.1821,15.2592,11.5306,16.3241,20.4600,24.7034,21.8069,24.5880,16.8467,8.4664,10.9430,11.6379,13.1597,14.9772,20.7607,18.1852,17.2157,21.4984,14.4632,15.1904,13.4401,16.4926,13.0701,13.3832,17.3157,9.3024,11.0453,19.2766,15.1066,13.1087,14.3378,12.6940,14.3782,15.8757,10.2318,14.0515,17.5090,13.0660,12.5704,12.7966,21.8861,16.8330,16.2400,18.4122,17.4646,12.5616,18.5426,12.9740,17.6569,15.4136,8.1803,10.6452,12.9325,16.4568,15.8561,14.1926,10.4758,11.4961,10.2198,16.8905,14.7526,10.9682,11.0223,14.4420,9.8860,13.9517,10.4026,10.3826,10.3651,10.3505,10.3384,10.3290,10.3229,10.3196,10.3194,10.3227,10.3290,10.3384,10.3511,10.3670,10.3859,10.4080,10.4334,10.4618,10.4932,10.5276,10.5648,10.6050,10.6480,10.6937,10.7422,10.7935,10.8475,10.9042,10.9636,11.0257,11.0904,11.1577,11.2277,11.3002,11.3753,11.4529,11.5330,11.6156,11.7005,11.7879,11.8776,11.9695,12.0637,12.1601,12.2587,12.3592,12.4613,12.5639,12.6620,12.7407
45137.2083333,17.2631,26.2236,25.6555,26.1112,39.1429,22.6378,29.8229,22.9711,29.5195,21.3390,22.8996,23.5253,16.3958,23.4199,26.7542,25.9425,29.5303,28.2810,19.7345,19.5897,28.8369,20.3882,16.1353,21.9422,21.6229,33.9042,21.8924,17.7914,25.1485,18.8937,24.7347,23.9373,25.1163,23.3076,23.8865,21.1419,24.3385,25.2932,17.3322,23.8222,24.7201,20.8061,17.8798,18.6934,32.3848,26.6715,20.0268,18.4882,15.1572,12.1104,15.7893,18.2432,19.3600,18.3518,8.7790,18.2758,16.6665,16.4383,22.9365,17.4766,16.7964,14.5930,14.6195,15.3700,12.7663,14.1523,18.7744,19.4712,11.2820,11.7090,14.2173,15.5726,14.1894,11.0755,7.7978,15.8467,14.8018,15.9449,14.6327,18.8756,23.7684,22.2993,13.7421,10.1955,12.8188,11.1098,19.7112,14.9426,20.5501,11.2459,18.4914,24.3604,24.3831,22.9465,9.5771,13.5489,14.7401,12.8068,13.4982,11.6066,12.0433,19.9271,14.4959,14.7803,20.4819,22.0728,16.2876,19.8863,12.0715,25.3324,13.4419,11.9483,14.4415,11.0776,13.8747,9.2562,10.7765,16.4713,15.0242,15.2695,7.9566,15.0296,11.3068,16.2152,20.6308,25.0596,21.9809,24.6968,16.7076,8.2733,10.7363,11.4377,13.0079,14.9112,20.8552,18.2181,17.2154,21.7663,14.3298,15.1453,13.3343,16.5843,12.9692,13.2743,17.4746,9.1247,10.9109,19.5893,15.2528,13.1070,14.4834,12.7590,14.6824,16.5424,10.1993,14.3468,18.1969,13.2832,12.7270,13.0440,22.7410,17.4928,16.7788,19.0987,17.9596,12.8488,19.2780,13.4526,18.7813,16.3997,8.4396,11.1983,13.8268,17.7350,17.0921,15.1115,11.1387,12.2711,10.9192,17.8642,15.5553,11.6068,11.6546,15.1412,10.4247,14.6239,10.9850,10.9603,10.9370,10.9153,10.8950,10.8760,10.8588,10.8430,10.8287,10.8163,10.8055,10.7965,10.7895,10.7844,10.7813,10.7806,10.7821,10.7861,10.7926,10.8016,10.8132,10.8276,10.8445,10.8642,10.8866,10.9118,10.9398,10.9705,11.0039,11.0401,11.0789,11.1203,11.1643,11.2110,11.2601,11.3118,11.3659,11.4224,11.4814,11.5427,11.6063,11.6723,11.7405,11.8110,11.8837,11.9585,12.0351,12.1127,12.1874,12.2475
45137.2500000,16.0486,25.2546,24.6669,25.1784,38.6978,21.6183,29.1423,22.3508,29.1980,20.5922,22.2299,22.9264,15.5871,22.7859,26.4388,25.6233,29.4989,28.2659,19.1255,19.0703,29.0330,20.0452,15.5957,21.8297,21.5673,34.7376,21.9730,17.5979,25.8496,18.9871,25.8921,25.2634,26.9274,24.6813,25.4901,22.3387,25.9974,27.0425,18.2486,25.3706,26.2709,22.1124,18.9003,19.8005,33.8337,28.6489,21.5453,19.6242,16.1886,12.8285,16.8671,19.5432,20.6874,19.6900,9.3866,20.0423,18.2858,17.9308,24.3798,18.7664,18.0127,15.7516,15.8831,16.7264,13.8387,15.3205,20.0348,20.5522,11.9521,12.2713,14.8564,16.2819,14.7500,11.3510,7.8705,16.2808,15.1149,16.3821,14.9820,19.0276,23.5540,22.1545,13.6659,10.0215,12.6675,10.9348,19.5281,14.7173,20.3250,10.9401,18.2806,23.9915,24.0100,22.7156,9.2371,13.2754,14.4860,12.4563,13.1937,11.2716,11.7261,19.5675,14.1543,14.4128,20.0835,21.6379,15.8887,19.3819,11.6196,25.1219,12.9943,11.5293,14.0088,10.6638,13.4298,8.8764,10.3809,16.0522,14.6447,14.8899,7.6221,14.6211,10.9253,15.8869,20.5235,25.1164,21.8867,24.5549,16.3818,7.9703,10.4015,11.1061,12.7059,14.6712,20.7424,18.0625,17.0372,21.8030,14.0594,14.9327,13.0821,16.4700,12.7228,13.0217,17.4156,8.8599,10.6594,19.6612,15.1930,12.9439,14.4225,12.6388,14.7388,16.8933,10.0359,14.4088,18.5820,13.2877,12.6964,13.0670,23.2776,17.8368,17.0129,19.4588,18.1585,12.8704,19.6640,13.5993,19.4728,16.9551,8.4128,11.4093,14.3459,18.6442,17.9818,15.7314,11.5250,12.7684,11.3508,18.6053,16.1415,12.0275,12.0770,15.6582,10.7729,15.1203,11.3747,11.3471,11.3197,11.2931,11.2672,11.2422,11.2184,11.1957,11.1742,11.1541,11.1353,11.1179,11.1020,11.0875,11.0746,11.0632,11.0535,11.0454,11.0390,11.0342,11.0311,11.0298,11.0303,11.0325,11.0366,11.0426,11.0505,11.0605,11.0725,11.0866,11.1029,11.1214,11.1421,11.1650,11.1903,11.2179,11.2478,11.2801,11.3148,11.3518,11.3912,11.4330,11.4771,11.5236,11.5723,11.6233,11.6763,11.7306,11.7835,11.8262
45137.2916667,14.3413,23.5068,22.8139,23.2417,36.9515,19.4313,27.0832,20.3863,27.5040,18.6598,20.3643,21.1846,13.9063,21.1607,25.1120,24.3683,28.4738,27.2455,17.7200,17.7829,28.2224,18.8092,14.3245,20.8238,20.5908,34.3628,20.8998,16.4231,25.4256,18.1534,26.0011,25.5297,27.6451,24.9762,25.9502,22.4322,26.4680,27.5529,18.0184,25.7460,26.5348,22.0920,18.5856,19.5757,34.0385,29.2995,21.8040,19.6683,16.1948,12.5977,16.9446,19.7756,20.9038,19.8670,8.9103,20.6879,18.8673,18.3977,24.7842,18.9172,18.0799,15.7711,16.0659,17.1262,14.0879,15.7524,20.6832,21.1201,12.4676,12.7942,15.4083,16.7994,15.0820,11.4749,7.8588,16.4538,15.0688,16.3597,14.7488,18.4910,22.6310,21.1319,12.6197,8.9215,11.5211,9.8233,18.3675,13.5120,19.0878,9.7143,17.0256,22.5714,22.5827,21.4046,8.0013,12.0906,13.3209,11.2558,11.9676,10.0406,10.5105,18.2338,12.9279,13.1563,18.7484,20.2333,14.5398,18.0720,10.5375,24.2300,12.0115,10.6503,13.1099,9.7791,12.4526,7.9871,9.4295,14.9980,13.5791,13.8163,6.7391,13.6339,10.0064,14.9671,19.6947,24.3802,20.9945,23.5844,15.2798,7.0506,9.4832,10.2294,11.8640,13.8500,19.9539,17.2342,16.2110,21.1190,13.1590,14.1151,12.3034,15.7991,11.9721,12.2735,16.7726,8.1458,9.9718,19.1621,14.5324,12.2073,13.7726,12.0286,14.3081,16.7186,9.5360,14.0106,18.3546,12.7194,12.0046,12.3562,22.9673,17.2597,16.3021,18.8100,17.3668,11.8984,18.9923,12.7635,19.1550,16.6246,7.7719,10.9396,14.1344,18.7829,18.0694,15.5988,11.1584,12.4843,10.9898,18.4925,15.8416,11.4777,11.4450,15.0814,9.9892,14.4272,10.5585,10.5745,10.5868,10.5957,10.6009,10.6026,10.6017,10.5978,10.5914,10.5828,10.5721,10.5594,10.5452,10.5298,10.5132,10.4959,10.4784,10.4608,10.4434,10.4264,10.4101,10.3945,10.3800,10.3664,10.3539,10.3428,10.3329,10.3244,10.3172,10.3114,10.3062,10.3034,10.3020,10.3023,10.3041,10.3074,10.3122,10.3189,10.3280,10.3371,10.3482,10.3610,10.3753,10.3908,10.4078,10.4257,10.4394,10.4588,10.4724,10.4828
45137.3333333,11.8638,20.8355,20.1343,20.4739,34.2684,16.5866,24.0961,17.2564,24.4549,15.5815,17.2159,18.0297,10.9533,17.8045,21.9189,21.2971,25.4955,24.3019,14.7779,15.0611,25.9022,16.2571,11.9461,18.5293,18.3214,32.6357,18.5831,14.0537,23.5793,15.9954,24.5201,24.1341,26.4970,23.5402,24.7602,21.0324,25.4756,26.5916,16.3845,24.6588,25.2965,20.6307,16.8056,17.8674,32.7817,28.1842,20.3258,18.1186,14.6241,10.9719,15.5381,18.4458,19.4609,18.4510,7.1955,19.6348,17.7898,17.3044,23.7609,17.6412,16.7255,14.3126,14.6117,15.7995,12.7004,14.4252,19.5042,20.1810,12.0620,12.7604,15.5670,16.9191,14.9864,11.1699,7.5733,16.2703,14.6166,15.8761,13.9659,17.4241,21.3461,19.6473,11.0505,7.3992,9.6379,7.9460,16.2343,11.2893,16.6807,7.4823,14.4928,19.8322,19.8002,18.5845,5.5136,9.4603,10.6923,8.7684,9.3760,7.4943,7.9601,15.4490,10.2738,10.4571,15.9074,17.3625,11.8177,15.3846,8.1730,21.8946,9.7969,8.6185,11.1671,7.9709,10.5630,6.2815,7.6301,13.1005,11.6925,11.9324,5.1612,11.7266,8.1795,13.0997,17.7877,22.5349,19.0352,21.5924,13.2037,5.3453,7.6805,8.4096,9.9439,11.9287,17.9230,15.2558,14.3015,19.3305,11.2636,12.1326,10.4296,14.0687,10.2837,10.6429,15.2111,6.7108,8.5308,17.8239,13.0828,10.7190,12.3194,10.6271,13.0624,15.6566,8.4464,12.9791,17.4445,11.6053,10.6999,10.9314,21.8535,15.7892,14.7981,17.2769,15.8294,10.1460,17.2831,10.9231,17.4791,14.9476,6.0575,9.2408,12.5914,17.5992,16.8655,14.4293,9.7173,11.1182,9.5925,17.2574,14.6868,10.0277,9.8200,13.4190,8.1110,12.4610,8.2515,8.3127,8.3679,8.4172,8.4601,8.4957,8.5263,8.5497,8.5704,8.5864,8.5992,8.6095,8.6162,8.6210,8.6239,8.6242,8.6223,8.6182,8.6119,8.6035,8.5930,8.5808,8.5708,8.5525,8.5339,8.5135,8.4912,8.4683,8.4440,8.4187,8.3925,8.3652,8.3373,8.3091,8.2802,8.2506,8.2208,8.1904,8.1573,8.1102,8.0326,7.9632,7.9014,7.8446,7.7891,7.7360,7.6847,7.6381,7.5900,7.5530
45137.3750000,6.4206,15.1313,14.8421,15.3448,29.2495,12.0278,19.4496,12.6582,20.0573,11.5342,13.1801,14.0763,7.5099,13.5769,17.6685,17.1628,21.6727,19.7425,10.4275,10.3767,21.3321,11.6150,7.8350,14.5621,14.4603,29.1448,14.8582,10.5862,20.4597,12.7101,21.6342,21.1832,23.7828,19.8795,20.8010,16.9530,22.2886,23.8723,13.3198,22.1048,22.6287,18.0385,14.0120,15.2218,30.5186,25.8425,17.6855,15.5263,12.0589,8.6043,13.2503,15.3205,16.2122,14.5927,3.6038,16.0527,14.2418,13.9902,20.7027,14.4739,13.8534,10.7974,11.1975,12.6706,10.0292,11.5902,16.9988,16.7194,9.1426,11.3363,14.6456,16.1038,14.1495,10.0669,6.7827,15.5337,13.6491,14.9637,12.8469,16.1057,20.0574,18.1325,9.2456,6.2281,7.2085,5.7406,13.7354,8.8203,13.8770,4.8803,11.4034,16.1428,16.1779,14.7936,1.6916,5.3411,6.6505,5.1154,5.4818,4.1986,3.9512,11.0768,5.5264,6.3317,11.1446,12.2531,6.4023,10.4619,3.7782,17.3784,5.6209,4.5854,7.3159,4.5328,7.2349,3.4177,4.0278,9.3640,8.2205,8.5994,2.5953,9.2037,5.3566,10.1610,14.7002,19.6152,16.1606,18.6886,10.3425,3.1197,5.2765,5.8788,7.3162,9.1573,14.4681,12.0090,11.1761,16.3409,8.2307,8.7540,7.3232,11.1146,7.5661,8.0727,12.6838,4.6229,6.3982,15.5877,10.7886,8.5008,10.0867,8.5506,11.1414,13.8132,6.9173,11.4377,16.0310,10.0249,8.9530,8.9233,21.0855,13.5566,12.8190,14.8626,13.5473,7.9313,14.3031,8.2584,14.2704,11.7915,3.2168,6.2836,9.4893,14.9822,13.9091,12.2307,6.9303,8.4261,6.9280,14.6970,12.8837,7.9315,7.5284,11.1360,5.8134,9.7780,4.7845,4.9231,5.0509,5.1699,5.2811,5.3783,5.4690,5.5512,5.6256,5.6918,5.7507,5.8028,5.8475,5.8860,5.9177,5.9447,5.9644,5.9799,5.9885,5.9931,5.9914,5.9853,5.9741,5.9591,5.9393,5.9154,5.8871,5.8554,5.8197,5.7797,5.7283,5.5960,5.4416,5.2830,5.1457,5.0106,4.8744,4.7376,4.6049,4.4692,4.3399,4.2096,4.0813,3.9562,3.8335,3.7141,3.5978,3.4870,3.3752,3.2898
45137.4166667,-2.9293,5.0971,5.5927,6.3577,21.3241,3.1753,10.3332,4.8435,12.5814,3.8256,5.7182,7.1022,1.7931,7.3931,11.6884,11.6655,17.5405,14.4066,6.5799,5.5436,16.7111,7.1176,3.7213,10.2134,9.8513,24.4651,8.4801,4.3983,14.1970,6.6075,16.0310,16.5876,20.0129,15.4643,15.6218,10.5027,13.9016,15.8298,6.2057,16.3356,15.6975,11.8784,8.0746,9.6983,26.6192,20.2951,11.8038,10.2974,7.7243,4.8938,11.1418,12.6816,13.0935,10.5683,-0.7499,11.0650,8.2630,8.7326,14.9155,7.1075,8.3836,4.1653,4.7964,6.7577,5.4546,6.8373,13.5619,12.9510,3.9678,7.8289,11.6675,12.5820,11.7970,7.5147,4.9162,14.3141,10.6675,13.3093,8.8792,11.6963,18.0050,15.0496,4.0208,3.0951,1.9225,1.1116,9.0067,4.4098,9.1522,2.4015,7.4277,10.2207,10.4980,9.1139,-3.8707,-1.3374,0.3356,-0.3414,-0.0923,0.5120,-1.1468,7.0777,-0.9822,1.1232,5.5884,6.1072,-0.5709,2.9860,-3.0342,10.8652,-0.3223,-0.9716,1.5512,-0.5317,3.2034,-0.0849,-0.8792,3.8404,3.4699,2.8715,-2.6311,4.3709,0.2430,5.3575,8.5882,13.4575,10.1589,12.7553,4.2579,-2.2721,0.0950,0.9952,2.8069,4.9850,9.3273,6.8241,6.6723,13.0209,5.0578,4.4498,3.3299,6.8821,3.5058,3.3696,7.7814,0.4906,2.6159,11.1048,6.5423,3.4069,5.6751,4.1885,7.3935,10.4890,4.1405,8.5602,14.2974,6.7843,6.6046,5.2713,19.2222,10.8048,9.9465,10.1451,10.2297,4.4763,9.9341,5.2113,10.4105,7.8862,-0.1946,2.4544,4.9339,11.1233,9.6261,8.7829,2.5146,4.7041,2.3677,11.3443,9.7556,4.7412,4.3047,8.1106,3.0370,6.5458,0.3790,0.6656,0.9360,1.1898,1.4246,1.6360,1.8317,2.0093,2.1699,2.3143,2.4445,2.5619,2.6672,2.7617,2.8457,2.9210,2.9858,3.0426,3.0896,3.1279,3.1455,3.0241,2.8418,2.6582,2.5104,2.3456,2.1954,2.0445,1.8939,1.7549,1.6143,1.4716,1.3267,1.1793,1.0352,0.8878,0.7377,0.5854,0.4338,0.2782,0.1252,-0.0301,-0.1853,-0.3393,-0.4925,-0.6440,-0.7935,-0.9387,-1.0867,-1.1981
45137.4583333,-12.0475,-5.7227,-4.7485,-3.1800,12.8236,-7.5298,-1.1504,-5.2468,4.3141,-4.8354,-4.3021,-4.6059,-8.0525,-4.0800,-1.0055,-0.6199,8.7960,5.6465,1.1292,0.3240,10.9501,0.7091,-2.1441,3.9950,4.4344,21.5103,3.4910,-1.5070,9.5400,0.7817,9.9754,10.1721,16.1821,12.9663,13.2972,7.9086,10.5208,8.1867,-2.9229,9.0310,6.3229,0.8588,-2.5744,-0.3617,21.1757,13.2220,3.6704,2.9003,0.7263,-1.0727,6.7491,9.6380,10.2456,8.1594,-2.2303,8.3357,4.4420,7.0801,12.1416,1.2546,2.7607,-3.4569,-3.1564,-1.1031,-1.1545,0.1947,8.2043,8.6565,-0.5108,3.5803,9.7112,9.8415,10.0188,3.7062,1.8483,12.4867,6.2138,11.0326,3.4217,6.4468,17.2070,12.8912,0.1254,-1.2064,-3.5766,-3.8290,4.1440,-2.4205,3.5972,-2.2511,2.7811,5.9720,6.3306,4.3921,-7.9136,-7.0767,-5.6901,-5.4014,-5.6495,-3.8313,-5.5186,1.7939,-8.4971,-5.8768,-1.4753,-1.0206,-7.1928,-5.0707,-11.1060,2.9552,-6.6932,-6.0307,-3.3215,-6.2527,-1.3935,-3.9462,-6.7731,-2.3856,-1.9816,-2.5243,-7.9896,-1.1557,-5.8849,-0.9788,0.0749,6.5878,3.2441,6.5502,-1.8158,-7.7121,-5.1325,-4.7001,-2.3952,0.6793,5.4661,1.4787,-0.1175,6.7812,0.2956,0.2463,-2.3589,2.6445,-0.5245,-1.8799,2.9081,-4.8573,-2.3512,7.5573,1.9687,-1.0963,1.9535,-0.2106,2.3803,5.8451,0.5359,5.6346,11.2181,3.3985,2.2200,0.5176,16.1929,7.9950,5.6581,5.1530,6.9012,1.6061,6.0721,1.4053,5.6290,3.3834,-3.6714,-1.3368,0.0074,7.1551,5.6006,5.6383,-1.6324,1.5408,-2.0323,9.2073,7.2204,2.2263,1.7184,5.6003,0.7712,3.1539,-3.8346,-4.3465,-4.8214,-5.2459,-5.6084,-5.9020,-6.1110,-6.2366,-6.2818,-6.2549,-6.1672,-6.0317,-5.8621,-5.6703,-5.4667,-5.2580,-5.0489,-4.6838,-4.3527,-4.0201,-3.7153,-3.4447,-3.2153,-3.0306,-2.8803,-2.7889,-2.7292,-2.7071,-2.7165,-2.7431,-2.7903,-2.8532,-2.9284,-3.0130,-3.1016,-3.1974,-3.2993,-3.4067,-3.5171,-3.6338,-3.7521,-3.8753,-4.0017,-4.1306,-4.2619,-4.3950,-4.5294,-4.6630,-4.8037,-4.9084
45137.5000000,-21.1970,-17.3074,-15.3829,-10.9503,3.8210,-18.4108,-14.1925,-16.9369,-4.5009,-10.8219,-10.4951,-14.3234,-15.4690,-12.2536,-10.1094,-13.8547,-3.2640,-8.9679,-13.0392,-13.7056,0.7262,-9.6438,-10.2356,-4.7716,-3.6985,15.5245,-1.3084,-7.5980,4.6708,-5.5201,3.1628,1.4904,8.1831,5.0868,9.0884,4.5874,8.6324,6.6630,-6.4532,6.9173,3.6813,-6.0614,-10.4882,-8.3077,16.8216,5.5092,-6.2934,-7.1245,-9.5265,-10.3152,-3.2245,2.8199,4.6136,0.3727,-8.3669,2.0266,0.0276,6.5551,12.2673,1.6017,2.1240,-6.7453,-9.0169,-7.3534,-6.9678,-5.5860,3.4656,3.5570,-7.1993,-2.4595,3.4756,3.8708,5.0818,0.8560,-0.0131,12.6585,5.8990,11.7306,0.2920,2.8940,19.0560,13.3718,0.4684,-4.5732,-9.1636,-8.6984,2.1867,-7.1079,1.1962,-4.8563,-0.2032,3.0758,3.1375,-0.1068,-13.3393,-13.7381,-12.6710,-10.5231,-13.7189,-11.1773,-9.8445,-2.7453,-12.5866,-10.0595,-5.9380,-5.7660,-11.5279,-10.0552,-17.0880,-5.1666,-15.2567,-14.6493,-8.8748,-13.2759,-6.3482,-7.3934,-11.8957,-5.5284,-5.3157,-6.0459,-11.7285,-5.6266,-9.6528,-6.2762,-6.4519,-1.0348,-4.1861,0.0668,-7.7563,-12.0216,-10.2153,-11.2680,-10.2178,-7.5452,-3.1782,-4.2505,-4.7926,0.5713,-6.9625,-5.1632,-6.9802,-2.1318,-4.7356,-5.6018,-1.0405,-8.7476,-6.0971,4.3931,-4.2705,-6.2863,-3.9566,-5.0975,-2.9146,-0.1545,-3.4741,4.2746,8.9586,2.6903,-2.2273,-2.1410,14.1344,5.6269,1.4382,0.8299,3.1578,0.6243,4.0804,-1.4701,1.0904,-1.2806,-7.5730,-5.8191,-6.0116,2.2667,1.2772,2.8457,-5.3022,-0.8197,-5.4427,7.2822,5.1586,0.4012,0.0073,4.1630,-0.1815,1.5821,-4.4418,-4.9009,-5.3755,-5.8585,-6.3439,-6.8303,-7.3047,-7.7674,-8.2159,-8.6482,-9.0618,-9.4544,-9.8236,-10.1665,-10.4802,-10.7603,-11.0026,-11.0919,-11.1539,-11.1583,-11.1207,-11.0416,-10.9239,-10.7703,-10.5764,-10.3647,-10.1243,-9.8686,-9.6036,-9.3295,-9.0580,-8.7942,-8.5429,-8.3082,-8.0909,-7.8969,-7.7280,-7.5854,-7.4682,-7.3787,-7.3129,-7.2721,-7.2535,-7.2548,-7.2740,-7.3088,-7.3570,-7.4151,-7.4917,-7.5471
45137.5416667,-25.3333,-24.1723,-18.9634,-14.4720,-1.0407,-20.2724,-19.5138,-26.0512,-14.7238,-18.4955,-18.5000,-22.1186,-22.3405,-19.8586,-18.3452,-22.0302,-13.5845,-18.7601,-21.5094,-23.5049,-11.1408,-23.1497,-22.2973,-20.4085,-15.4862,3.9489,-10.9639,-16.8526,-2.9445,-13.3658,-1.5662,-3.5598,3.6153,2.4660,5.6971,1.3578,5.2795,3.2278,-11.4522,4.0499,1.5462,-6.9468,-15.2111,-13.9245,13.8897,-0.7807,-11.5525,-11.5716,-16.4587,-18.0806,-10.5982,-7.0625,-5.5093,-8.1412,-16.6326,-10.3852,-10.7819,-0.1873,9.1510,-0.5878,0.0730,-7.2524,-13.0278,-11.8921,-10.9074,-10.1331,0.0724,0.1266,-14.1373,-8.4084,-1.3228,-4.8651,-3.5849,-6.5920,-6.0735,9.1802,3.6161,10.3252,-1.4521,1.1658,23.1594,16.6510,3.8607,-1.0162,-10.2258,-8.7658,1.8364,-9.5867,-0.2356,-6.2329,-1.6782,1.8527,1.7686,-2.5966,-13.9553,-16.7517,-15.8584,-11.0824,-16.6714,-15.5811,-15.5492,-10.5833,-17.6749,-15.4228,-11.5591,-11.2593,-16.0543,-14.8856,-22.1051,-12.1883,-20.3439,-20.0886,-13.6498,-17.0880,-12.7980,-12.7062,-19.4376,-11.7055,-11.9419,-10.6323,-15.9727,-10.8950,-13.6621,-10.7612,-10.1052,-4.5736,-7.9772,-3.3890,-10.8741,-13.2964,-12.3208,-13.3592,-15.0932,-13.8536,-7.2356,-10.0211,-10.5384,-4.6966,-11.0044,-10.6436,-12.1793,-7.8072,-9.6902,-10.1370,-5.8300,-12.8894,-10.4941,0.5088,-10.3921,-11.3027,-10.0952,-11.0175,-8.2895,-6.8245,-7.8057,1.7679,5.5521,0.7722,-3.4130,-5.6375,11.3176,1.5678,-0.3135,-0.8272,2.3453,-1.1384,1.2403,-4.7967,-3.9626,-6.0905,-10.2967,-9.3049,-9.6186,-2.7100,-3.9046,-1.4686,-9.7524,-5.3082,-8.5260,4.1173,2.1055,-2.1995,-2.3802,2.0893,-1.6495,-0.2794,-5.3765,-5.5802,-5.8065,-6.0521,-6.3139,-6.5930,-6.8783,-7.1714,-7.4708,-7.7756,-8.0849,-8.3980,-8.7144,-9.0333,-9.3538,-9.6741,-9.9916,-10.2267,-10.4657,-10.6865,-10.8979,-11.0980,-11.2851,-11.4573,-11.6070,-11.7450,-11.8587,-11.9521,-12.0244,-12.0708,-12.0950,-12.0969,-12.0764,-12.0339,-11.9684,-11.8834,-11.7803,-11.6609,-11.5266,-11.3815,-11.2264,-11.0657,-10.9018,-10.7372,-10.5749,-10.4175,-10.2676,-10.1277,-10.0167,-9.9239
45137.5833333,-27.2224,-28.0292,-20.6341,-14.5677,-1.7885,-18.4858,-19.9189,-25.5231,-16.9251,-18.7065,-19.6120,-23.8872,-23.7432,-23.0345,-22.9598,-26.7564,-20.2750,-24.8238,-25.6368,-27.9203,-17.4795,-29.8329,-24.5167,-28.9387,-21.0616,-4.3271,-20.5123,-25.6277,-11.6100,-22.3649,-12.9448,-13.9664,-4.9884,-0.0143,1.3791,0.3489,5.3989,3.7368,-12.2332,4.4143,2.0398,-5.6632,-17.1646,-17.3204,12.5475,-4.1764,-13.4342,-12.2211,-18.0231,-19.0307,-11.8535,-10.1043,-9.1763,-10.9744,-18.4751,-18.6836,-19.0364,-9.7536,3.7794,-5.3212,-4.5457,-10.3611,-18.5110,-17.6399,-15.8214,-11.3537,-1.4041,-2.5970,-19.5041,-12.7848,-4.6057,-6.7574,-4.2192,-12.6287,-11.4482,3.3721,-2.1769,1.2135,-8.6959,-5.8010,21.0595,14.6163,2.4927,-1.7792,-13.8644,-8.2954,2.1499,-7.4869,1.0680,-4.8534,-0.5778,2.9895,2.7603,-2.3831,-11.8477,-14.6810,-14.3404,-7.3851,-14.3933,-13.8892,-14.3730,-11.1443,-17.2428,-15.4618,-12.4870,-12.7378,-17.1817,-16.9172,-23.9731,-17.6655,-23.9172,-23.5235,-16.4730,-18.4083,-15.7055,-14.2985,-23.2080,-15.2537,-18.5467,-13.3918,-17.3680,-14.3488,-16.3187,-14.8317,-18.0553,-9.8374,-12.0295,-6.3202,-12.7109,-14.1287,-15.2237,-13.6541,-16.7964,-16.3693,-7.6990,-11.5177,-15.2071,-7.4890,-12.0342,-12.3659,-13.4938,-9.1959,-10.3345,-11.5099,-8.4725,-13.4436,-12.2101,-2.1483,-15.4087,-15.6447,-13.1854,-15.2040,-13.6267,-14.1862,-12.9561,-2.5992,0.6708,-2.3437,-5.4822,-8.9231,8.2742,-3.7184,-1.8374,-1.4336,2.9395,-1.2782,0.5894,-5.6160,-6.5108,-8.7541,-11.1473,-11.3456,-11.9215,-6.2607,-7.4856,-3.9229,-10.3734,-7.4642,-9.9161,2.0434,-0.0388,-4.0152,-4.2584,0.1087,-3.1173,-2.3901,-6.8030,-6.9236,-7.0421,-7.1585,-7.2731,-7.3912,-7.5050,-7.6197,-7.7366,-7.8571,-7.9824,-8.1136,-8.2520,-8.3981,-8.5525,-8.7148,-8.8841,-9.0057,-9.1399,-9.2720,-9.4087,-9.5490,-9.6923,-9.8377,-9.9803,-10.1279,-10.2718,-10.4152,-10.5573,-10.6947,-10.8294,-10.9606,-11.0873,-11.2087,-11.3224,-11.4290,-11.5275,-11.6167,-11.6954,-11.7636,-11.8194,-11.8633,-11.8943,-11.9121,-11.9166,-11.9078,-11.8864,-11.8532,-11.8255,-11.7856
45137.6250000,-21.2560,-21.2227,-14.5421,-11.5932,6.0030,-9.2498,-10.5530,-19.7683,-9.8579,-9.1050,-10.1365,-15.1263,-15.7692,-17.6503,-20.4019,-22.1426,-18.8292,-24.4387,-24.3424,-27.0703,-19.0402,-31.8104,-26.1846,-29.2460,-26.3694,-8.5688,-25.7326,-28.2871,-16.8159,-24.7653,-19.7919,-21.3169,-13.9188,-7.5752,-5.0422,-2.1118,4.9500,5.6352,-10.8592,7.4184,5.9561,-1.8570,-12.4534,-11.1421,14.5533,-5.6638,-13.9202,-11.6239,-17.8725,-16.0560,-10.6657,-10.6646,-10.1362,-11.0583,-17.3780,-22.8660,-22.9067,-15.2817,1.3939,-7.1709,-6.5940,-10.9062,-21.4380,-21.9845,-19.9883,-15.9289,-6.2635,-2.9065,-21.7939,-14.3845,-5.3390,-8.8083,-6.1125,-11.2644,-6.1077,3.0547,0.0855,-0.4985,-9.5125,-0.6196,23.7379,17.0550,4.3658,1.2433,-7.7107,-5.5650,3.1810,-6.5480,0.3225,-5.8531,-1.7263,2.5518,3.0114,-1.9735,-12.1803,-12.4650,-9.1190,0.5147,-5.9559,-4.7166,-5.7184,-4.0291,-9.2344,-9.7491,-6.0595,-7.0547,-11.6926,-12.5665,-20.6088,-18.5155,-23.5228,-23.5395,-16.2331,-16.4740,-14.2562,-13.3057,-19.7209,-14.4807,-21.0305,-17.4328,-16.8240,-14.8462,-16.1453,-14.8034,-17.0166,-13.0125,-15.7912,-9.9594,-15.5114,-15.7287,-16.0921,-16.5982,-19.7459,-19.5668,-9.2962,-13.4417,-16.5700,-10.2752,-13.1591,-13.5894,-12.9487,-10.5704,-10.2612,-8.6187,-5.7623,-10.6649,-10.3710,0.9462,-13.5905,-13.4470,-12.8725,-14.3420,-14.2225,-16.9150,-11.8325,-4.5458,-1.2282,-3.1549,-5.5538,-10.4051,6.3099,-7.6619,-2.8865,-1.9404,3.2690,-1.4612,-0.1590,-8.9235,-7.7635,-9.3423,-10.0424,-10.4004,-11.6052,-7.4393,-8.8570,-4.4172,-9.3106,-7.2238,-8.7757,2.9228,0.6298,-3.1973,-3.6705,0.3606,-2.5032,-2.4497,-6.3825,-6.5581,-6.7119,-6.8510,-6.9808,-7.1095,-7.2306,-7.3495,-7.4665,-7.5821,-7.6961,-7.8085,-7.9193,-8.0283,-8.1357,-8.2411,-8.3442,-8.4073,-8.4730,-8.5319,-8.5897,-8.6469,-8.7042,-8.7621,-8.8184,-8.8795,-8.9405,-9.0045,-9.0718,-9.1407,-9.2134,-9.2899,-9.3701,-9.4537,-9.5396,-9.6285,-9.7199,-9.8132,-9.9076,-10.0032,-10.0985,-10.1936,-10.2878,-10.3801,-10.4701,-10.5570,-10.6400,-10.7175,-10.7998,-10.8459
45137.6666667,-19.4929,-20.5837,-14.5845,-11.9135,9.9405,-6.6169,-3.4601,-15.1918,-6.9036,-4.6160,-4.1577,-6.6260,-5.0499,-6.9729,-9.3723,-10.6554,-5.7319,-11.7861,-11.9437,-18.0655,-10.1733,-23.0696,-19.0648,-21.4791,-23.3152,-6.9921,-24.6378,-26.5909,-20.7601,-25.6820,-23.9492,-25.3307,-19.1370,-12.4571,-9.6744,-6.1655,0.2564,2.2519,-9.8795,7.6623,12.2468,2.1817,-4.5243,-0.7994,22.6494,0.2078,-7.1227,-5.0187,-12.1128,-11.0303,-4.9667,-6.6338,-6.6636,-6.4373,-12.4494,-22.3623,-22.9385,-16.2873,2.4115,-4.5665,-4.0143,-11.0133,-20.5148,-21.2828,-19.6044,-16.9115,-10.0321,-3.8955,-22.7937,-15.0013,-7.0334,-10.2483,-7.0125,-10.0556,-4.5568,1.9270,3.1174,0.3687,-6.4555,6.1799,28.8746,22.2166,5.9797,3.3408,0.5832,-1.0204,11.0973,2.7584,9.7600,3.8481,6.3829,12.3952,11.9290,5.4927,-6.5717,-8.4443,-6.4428,1.7471,-3.8392,0.2117,-3.1970,2.1923,-3.1809,-5.2011,1.6658,1.3793,-5.3925,-3.2801,-10.9760,-11.2748,-15.9320,-16.8333,-13.0652,-12.8434,-9.2801,-10.3435,-15.6596,-9.8259,-17.9867,-15.5834,-12.9972,-11.9072,-14.5455,-15.2390,-15.4324,-10.5728,-13.0128,-7.3753,-12.4681,-12.5561,-14.6292,-15.3400,-19.1832,-20.0118,-9.6195,-14.0673,-16.3158,-11.9436,-14.0767,-14.7342,-12.9321,-11.9584,-10.9013,-7.7777,-4.5350,-9.4708,-10.0406,2.0121,-12.6881,-11.8827,-11.8750,-11.9079,-11.8582,-15.2552,-9.9636,-5.6958,0.1911,-0.1834,-1.9895,-9.0597,8.3184,-6.6681,0.4313,2.1882,8.0595,0.6387,3.8350,-6.9641,-5.5214,-8.9086,-7.0321,-9.1302,-9.0101,-5.6399,-6.9826,-1.9829,-5.8895,-6.7575,-7.5029,5.7057,3.7731,0.3660,0.0973,4.2012,1.5557,1.5368,-2.0981,-2.3136,-2.5386,-2.7714,-3.0108,-3.2595,-3.5065,-3.7535,-3.9978,-4.2368,-4.4680,-4.6891,-4.8985,-5.0951,-5.2784,-5.4482,-5.6048,-5.7226,-5.8322,-5.9280,-6.0149,-6.0941,-6.1669,-6.2341,-6.2947,-6.3535,-6.4074,-6.4585,-6.5075,-6.5535,-6.5981,-6.6418,-6.6850,-6.7278,-6.7702,-6.8131,-6.8568,-6.9016,-6.9475,-6.9953,-7.0444,-7.0957,-7.1490,-7.2043,-7.2616,-7.3208,-7.3816,-7.4425,-7.5130,-7.5489
45137.7083333,-15.7808,-18.5572,-13.3772,-11.3041,7.6344,-5.8303,-2.4712,-11.2912,-2.1744,-1.7735,-1.9138,-4.0177,-2.7137,-4.4546,-6.4491,-6.5078,0.2633,-1.9106,-0.0279,-4.0123,2.7992,-6.7759,-3.1805,-6.0958,-8.2582,7.4433,-10.6548,-13.1537,-13.1705,-17.9958,-21.0435,-24.2216,-21.0267,-15.3710,-12.8791,-9.8913,-2.6346,-1.0079,-12.8463,2.1069,7.3721,-0.0201,-4.6207,0.1652,27.9810,8.8316,1.9484,6.1632,-1.2558,0.0484,4.5154,5.4568,5.6019,3.8008,-0.3234,-12.4360,-14.4037,-9.6653,8.8819,1.1687,2.0819,-3.7571,-12.1498,-14.0134,-11.3503,-12.3827,-7.9947,-3.3046,-20.7747,-15.0258,-8.8971,-9.9193,-8.7891,-10.8729,-5.4061,1.2950,2.1480,0.7646,-3.0754,11.7109,33.4713,27.5010,9.7266,6.8586,7.5204,3.8210,17.7314,10.5856,18.1162,9.9099,13.3068,22.7257,23.1379,16.2945,3.8799,1.7960,2.9259,9.4280,4.6093,7.3074,4.7293,11.6795,3.3880,3.3402,9.3294,10.0332,1.7694,5.1087,-2.4245,-2.5522,-6.3539,-7.5595,-5.2858,-4.7317,-2.4404,-2.4086,-7.0890,-3.3093,-9.8291,-8.6339,-5.9190,-5.3263,-8.7082,-9.7301,-12.0125,-7.3623,-8.8813,-2.9501,-7.0435,-7.0101,-9.8269,-10.0500,-14.6234,-16.2997,-6.6887,-10.6691,-12.4135,-9.9586,-11.6073,-13.5708,-13.5667,-13.5686,-12.5021,-8.8132,-6.9839,-8.9556,-9.4029,1.0458,-10.9396,-9.7725,-9.9105,-9.1532,-8.9521,-11.5843,-4.7651,-1.4586,2.8447,1.5558,0.4472,-3.7919,12.3498,-0.8510,5.3011,7.6698,13.1689,3.5293,8.2274,-2.6140,-2.0099,-5.3482,-3.9939,-5.7316,-6.5623,-2.5658,-3.2263,1.8605,-1.3233,-2.1903,-4.1763,8.8860,7.4055,4.3393,4.3486,8.6826,6.0965,6.7280,3.3403,3.3320,3.3124,3.2820,3.2410,3.1840,3.1197,3.0428,2.9526,2.8488,2.7314,2.6010,2.4584,2.3047,2.1412,1.9699,1.7925,1.6292,1.4612,1.2950,1.1295,0.9662,0.8064,0.6512,0.5030,0.3597,0.2247,0.0970,-0.0231,-0.1347,-0.2388,-0.3357,-0.4258,-0.5096,-0.5872,-0.6595,-0.7273,-0.7911,-0.8511,-0.9084,-0.9628,-1.0154,-1.0662,-1.1158,-1.1643,-1.2120,-1.2588,-1.3036,-1.3566,-1.3703
45137.7500000,-10.0561,-14.2092,-10.4155,-9.3553,6.2213,-5.3613,-3.3547,-10.0458,-2.6494,-2.1409,-2.2704,-3.7626,-2.3080,-3.0639,-4.6445,-4.5740,1.1518,-0.4763,1.0626,-1.5215,4.6070,-2.9409,0.4296,-1.1198,-2.0635,13.1627,-1.7878,-2.6494,-2.7207,-5.9121,-10.5144,-14.7519,-14.6345,-11.0733,-10.6932,-9.2226,-3.9941,-2.1753,-11.8374,0.3998,4.6266,-1.8693,-5.8158,-1.8975,25.5725,9.1122,3.8274,8.4092,3.0203,4.1874,8.5016,10.4891,12.1949,10.6396,6.1858,-2.6864,-4.1936,-0.4039,15.3294,7.8828,8.2596,2.9712,-4.3935,-6.6220,-4.1755,-5.5498,-1.6387,1.4126,-15.5117,-12.6154,-8.8765,-10.3594,-9.5706,-10.8140,-5.7273,-1.1549,-0.4252,-1.2782,-4.3472,9.4573,29.0098,24.0182,7.9634,5.4820,6.9723,4.4955,18.4230,12.4416,20.2450,12.0609,16.9603,26.9983,27.4901,21.7473,9.5602,8.9702,10.0899,14.8772,11.1819,12.7219,10.9222,18.2593,9.3264,9.4670,14.8156,15.8863,8.3589,11.8158,5.1260,5.9960,2.5142,1.1749,2.5775,2.6648,3.9825,3.6571,-0.1254,2.1813,-3.3088,-2.7978,-0.6734,-0.2234,-2.9825,-4.0960,-6.1996,-2.0063,-2.9292,2.7685,-0.9782,-0.5958,-2.9548,-3.4255,-7.3431,-9.5371,-2.5088,-6.1475,-7.5787,-5.9520,-6.5882,-8.6494,-8.5795,-9.5453,-8.5233,-6.0993,-6.1024,-6.8020,-8.2115,-1.5280,-11.0369,-10.0429,-10.7000,-9.5653,-9.2701,-11.1783,-4.3333,-2.2761,1.3507,0.3595,0.0958,-2.3689,12.2971,0.8367,6.0706,8.7780,13.4556,5.0958,10.6626,1.5092,2.5414,0.1165,0.9870,-0.2749,-1.5732,1.4233,0.8230,5.2284,2.3856,1.8047,-0.0069,11.0865,10.1679,7.1250,7.2109,11.4773,8.5514,10.1386,6.6857,6.9843,7.2744,7.5515,7.8142,8.0437,8.2473,8.4179,8.5421,8.6221,8.6471,8.6218,8.5427,8.4105,8.2284,8.0764,7.9565,7.8682,7.7873,7.7104,7.6317,7.5486,7.4597,7.3646,7.2640,7.1562,7.0433,6.9251,6.8023,6.6764,6.5473,6.4161,6.2835,6.1505,6.0182,5.8871,5.7578,5.6310,5.5074,5.3873,5.2714,5.1595,5.0521,4.9492,4.8508,4.7569,4.6678,4.5847,4.4966,4.4528
45137.7916667,-3.3500,-7.6708,-4.8647,-4.3656,8.6103,-1.5025,-0.6105,-6.4251,-1.0619,-0.7779,-1.2679,-2.8918,-1.9504,-2.2854,-3.9817,-4.0485,0.7252,-0.5579,0.6666,-1.1924,4.1398,-2.1051,0.4567,-0.5467,-1.1617,12.5878,-0.4641,-0.8758,-0.3258,-2.0768,-5.1676,-8.1798,-7.7832,-4.3214,-4.3461,-3.4371,0.0909,1.0419,-7.2970,1.8989,4.8104,-1.1954,-4.7537,-1.9057,22.8583,7.4909,2.5734,6.6362,2.2593,3.0524,7.1571,9.6365,12.1536,11.1508,5.9041,0.9006,0.2414,3.8371,18.1795,11.4760,11.9553,7.5553,1.6259,-0.2832,1.7610,0.4400,3.7992,5.8572,-9.4966,-8.2352,-6.1261,-8.0942,-7.8449,-9.3455,-4.7886,-2.3349,-2.0298,-2.7795,-5.4287,6.4094,23.9674,19.5057,5.0176,2.7528,4.0931,2.0955,14.5774,9.0208,16.5344,8.3601,14.0474,23.8893,24.8579,20.2064,8.0969,9.0692,10.5940,14.1797,11.8118,12.7574,11.9511,20.0954,12.3234,12.7005,18.1300,19.3269,12.3935,15.9017,9.4603,12.0160,8.1720,6.9388,8.2770,7.8371,9.1399,8.1077,5.6154,7.7472,3.2236,3.3885,4.0560,4.6666,2.1692,1.0377,-1.0757,2.0951,1.1408,6.2402,2.6710,2.4971,1.0392,0.6391,-2.2151,-4.0170,1.4700,-1.3776,-2.4438,-1.3859,-1.7626,-3.9004,-4.0342,-5.3814,-4.4706,-2.8269,-3.4693,-3.3389,-4.8297,-0.6296,-8.0318,-7.1656,-8.4196,-8.0661,-8.9105,-11.2969,-5.0293,-4.0350,-1.3205,-1.9866,-1.8101,-3.5784,8.8134,-0.6811,3.7119,6.3112,10.1613,3.2080,8.7213,1.3329,2.8889,1.4628,1.8608,1.9174,1.3852,4.2932,3.9984,7.7218,5.0574,4.8821,3.4049,13.0354,12.2438,9.1272,9.2345,13.3695,9.9926,12.1933,8.4551,8.5759,8.6998,8.8287,8.9675,9.1065,9.2579,9.4204,9.5883,9.7655,9.9461,10.1334,10.3204,10.5037,10.6840,10.8557,11.0161,11.1701,11.3047,11.4193,11.5104,11.5752,11.6124,11.6189,11.5964,11.5449,11.4659,11.3629,11.2387,11.0975,10.9556,10.8200,10.6920,10.5711,10.4561,10.3454,10.2373,10.1304,10.0238,9.9164,9.8079,9.6978,9.5862,9.4732,9.3591,9.2443,9.1297,9.0175,8.9003,8.8304
45137.8333333,3.5949,-0.0033,2.1051,2.3548,13.6678,4.4387,4.9720,-0.3429,3.7383,3.6752,3.0627,1.4348,1.7771,1.5196,-0.3499,-0.8752,2.6390,1.1232,1.7065,-0.0347,4.3892,-0.9086,0.8732,0.1497,-0.3171,11.9980,0.5092,0.1219,0.7380,-0.6273,-3.0482,-5.3085,-4.5487,-0.9125,-0.4456,0.7662,4.2028,5.3391,-1.4889,6.1801,8.6430,3.3229,0.2095,2.2547,23.8627,9.1651,4.0369,7.0480,2.8701,3.1704,6.6368,8.8754,11.1483,10.3465,4.5987,2.0093,1.6963,4.9841,18.2505,12.2316,12.9021,9.3276,4.8242,3.5552,5.2786,4.5648,8.0916,10.0331,-3.4866,-3.0913,-1.8454,-3.8572,-3.9001,-5.6179,-1.7710,-0.6253,-0.6562,-1.4146,-3.6802,6.4494,22.0813,18.1183,5.1205,3.0610,4.1556,2.4174,13.2615,8.0310,14.8899,6.9188,12.5803,21.6961,22.6286,18.5043,6.4948,8.0092,9.4917,12.0218,10.4775,10.8310,10.5315,18.8521,12.8976,13.4655,19.1921,20.7006,14.3358,17.9405,11.6147,16.1443,11.6757,10.6545,12.2660,11.2597,12.9163,10.9724,9.7258,12.3864,8.7062,8.8214,7.7952,9.5504,7.0811,6.5933,4.8637,7.4002,6.2087,10.4525,6.7478,5.4067,4.6729,4.2601,2.1698,0.7156,5.0373,2.5617,1.7097,2.7001,2.3223,0.6822,0.5422,-0.5904,0.1274,1.2021,0.5145,0.5818,-0.7017,2.1645,-3.6467,-2.9601,-4.3916,-4.4850,-5.9737,-8.7358,-3.1812,-3.0097,-1.1842,-1.5944,-1.2769,-2.7945,7.2396,-0.6477,2.8460,5.1508,8.2149,2.4227,7.2914,1.1531,2.6291,1.5093,1.4086,2.1726,2.2429,5.2033,5.2579,8.2587,5.7861,6.0705,4.9997,13.8239,13.0289,9.9391,10.2106,14.3981,10.7271,13.6978,10.0412,10.2097,10.3699,10.5230,10.6722,10.8101,10.9463,11.0800,11.2081,11.3345,11.4561,11.5776,11.6968,11.8138,11.9318,12.0497,12.1685,12.2946,12.4213,12.5505,12.6811,12.8128,12.9458,13.0775,13.2085,13.3367,13.4605,13.5790,13.6896,13.7916,13.8830,13.9619,14.0275,14.0780,14.1128,14.1306,14.1313,14.1150,14.0820,14.0333,13.9698,13.8941,13.8083,13.7151,13.6166,13.5151,13.4127,13.3118,13.2076,13.1445
45137.8750000,9.8471,7.5442,9.0575,9.1650,19.5195,10.4391,11.2583,6.1985,9.7224,9.0498,8.5805,7.1899,6.8091,7.0741,5.3967,4.5952,7.2348,5.5103,5.2995,3.5681,7.2243,2.4203,3.3350,2.7354,2.1507,12.9683,2.6118,2.0282,2.5415,1.2027,-0.8948,-2.8417,-2.2120,1.0990,1.7309,2.9230,6.3382,7.8070,2.0683,9.1568,11.6649,7.1295,4.5440,6.3422,26.1321,12.9804,7.9243,9.9735,6.0314,5.7840,8.7600,10.6852,12.4978,11.6224,5.4433,4.3657,3.8284,6.4642,18.3824,12.6780,13.2457,10.1480,6.6827,5.8279,7.0258,6.8107,10.5878,12.7416,1.4669,1.6940,2.6627,0.9087,0.7489,-0.9178,1.9275,2.8011,2.6104,1.8804,-0.0503,8.6291,22.4603,18.9871,7.2740,5.2999,6.3737,4.8478,14.4766,9.5690,15.8836,8.0981,13.6643,21.9870,22.7582,19.0438,7.1871,8.9347,10.2133,11.7720,10.7324,10.5415,10.4123,18.4586,13.7112,14.2308,19.9910,21.5908,15.5173,19.1026,12.6139,18.8589,13.4336,12.4940,14.3972,12.8343,14.9428,12.1332,11.9675,15.4595,12.4899,12.7319,10.0713,13.4075,10.8167,11.4214,10.5240,12.9876,11.6855,15.3798,11.3626,8.5371,8.6083,8.2897,6.8705,5.7913,9.4030,7.0141,6.0894,6.9853,6.0581,4.7672,4.4253,3.6597,3.9746,4.7051,4.3981,3.8339,3.0872,5.6254,0.9572,1.4190,0.1995,-0.0961,-1.6917,-4.4507,0.0278,-0.1323,1.1128,0.7516,1.0843,-0.1444,8.0457,1.4280,4.0964,6.0813,8.4051,3.4935,7.7334,2.4712,3.7093,2.5619,1.9033,2.7572,3.0073,5.7466,5.8761,8.1040,5.7244,6.2709,5.4232,13.5683,12.6661,9.5879,9.9743,14.1716,10.2871,13.8982,10.3845,10.6558,10.9180,11.1709,11.4159,11.6472,11.8715,12.0881,12.2945,12.4937,12.6834,12.8667,13.0420,13.2095,13.3709,13.5257,13.6745,13.8217,13.9630,14.1000,14.2324,14.3608,14.4860,14.6073,14.7262,14.8426,14.9568,15.0694,15.1801,15.2900,15.3988,15.5065,15.6133,15.7191,15.8235,15.9260,16.0263,16.1236,16.2174,16.3067,16.3906,16.4687,16.5400,16.6038,16.6593,16.7060,16.7433,16.7714,16.7835,16.8014
45137.9166667,14.5177,13.9371,14.9545,14.9823,24.9277,15.3218,16.7260,11.5819,14.9696,13.3920,13.1558,12.0565,10.7346,11.9669,10.8293,9.9722,12.2445,10.5003,9.3719,7.8514,11.3581,6.6850,6.7699,6.6158,5.9224,15.5641,5.8511,4.9004,5.4036,3.7730,1.9399,0.0701,0.3337,2.9913,3.4798,4.3200,7.4395,8.8748,3.6834,10.3744,12.7616,8.7040,6.4277,8.0957,26.8035,15.4684,10.6685,12.1822,8.7385,8.0073,11.0085,13.0040,14.6221,13.7494,6.9615,7.6832,6.9361,8.9330,19.5226,13.8493,14.0962,11.1729,8.4026,7.7558,8.2790,8.3217,12.0480,14.1842,4.7368,5.1371,6.1771,4.8340,4.6325,3.1214,4.8347,6.2475,5.9402,5.3054,3.5882,11.0429,23.2122,20.0797,9.2811,7.2005,8.3825,6.9443,15.7872,11.0878,17.0331,9.2672,14.9108,22.5956,23.2599,19.9785,8.1623,10.2597,11.4375,12.2013,11.5659,10.9604,10.9514,18.7508,14.6264,15.0493,20.7558,22.3115,16.3299,19.8633,13.0748,20.6898,14.1373,13.1109,15.2189,13.1170,15.5407,11.9996,12.5467,16.7543,14.2434,14.5572,10.4280,15.2315,12.4327,14.2424,14.4016,17.1569,15.7903,19.1988,14.7235,10.3325,11.3131,11.2997,10.6679,10.1711,13.6638,11.3151,10.3217,11.3568,9.5625,8.5703,7.9149,7.5850,7.2679,7.6946,7.8495,6.1514,5.9102,8.7182,4.6910,4.8047,3.9188,3.4966,2.2573,-0.0543,3.0576,3.0780,4.0922,3.5066,3.7606,2.7897,9.8005,4.0737,5.9961,7.7114,9.3646,5.0014,8.8524,4.1429,5.3512,4.1505,2.8812,3.8105,4.1713,6.6150,6.6234,8.0907,5.6821,6.2853,5.4697,12.9080,11.7869,8.6548,8.9969,13.0112,8.9746,12.8394,9.3972,9.6663,9.9368,10.2082,10.4810,10.7504,11.0203,11.2894,11.5551,11.8186,12.0772,12.3324,12.5823,12.8259,13.0640,13.2956,13.5203,13.7410,13.9541,14.1603,14.3593,14.5510,14.7359,14.9134,15.0844,15.2488,15.4067,15.5586,15.7045,15.8451,15.9805,16.1109,16.2369,16.3586,16.4764,16.5905,16.7012,16.8088,16.9134,17.0153,17.1145,17.2114,17.3062,17.3989,17.4895,17.5780,17.6641,17.7472,17.8188,17.8819
45137.9583333,16.7452,18.1077,18.8681,18.9941,29.1334,18.6865,21.0307,15.7475,19.4196,16.8263,16.9091,16.1290,13.7300,15.9900,15.5163,14.6354,16.8405,15.1448,12.9309,11.6804,15.6286,10.7535,10.0295,10.6843,9.9995,19.1815,9.7280,8.3477,9.2909,7.1663,5.8387,3.9738,3.8703,5.7579,6.0026,6.3163,9.0618,10.2495,5.1917,11.4795,13.6071,9.7897,7.6157,9.0994,26.7900,16.8587,12.0899,13.1687,10.0650,8.8772,12.1162,14.3710,16.0196,15.2791,7.7685,10.6123,9.8472,11.4456,21.1584,15.5531,15.6056,12.8368,10.6624,10.2147,10.0680,10.2885,13.8567,15.6695,6.9388,7.4081,8.6598,7.7803,7.5408,6.0738,6.6794,9.1429,8.7854,8.3718,6.8332,13.3872,24.1877,21.3779,11.2417,8.9429,10.3380,8.9106,17.3303,12.7269,18.4361,10.5218,16.3503,23.5051,24.0569,21.1253,9.1331,11.5845,12.7040,12.8223,12.5099,11.5682,11.6646,19.3571,15.2712,15.6681,21.4227,22.9857,17.0612,20.5815,13.4803,22.2743,14.5863,13.3872,15.6412,13.0941,15.7236,11.6490,12.6273,17.3843,15.1682,15.4866,10.1448,15.9812,12.8926,15.6700,16.8045,19.9114,18.4192,21.6887,16.6504,10.8354,12.5707,12.8707,12.9766,13.1355,16.9594,14.6859,13.7355,15.2631,12.4995,11.8964,10.9662,11.2534,10.2573,10.5153,11.2873,8.2114,8.4367,11.9364,8.1809,7.8583,7.2798,6.5460,5.6920,3.9020,5.4650,5.9888,7.0789,6.0737,6.2176,5.5070,12.0067,6.8833,8.2053,9.7917,10.8874,6.8082,10.5554,6.1202,7.4989,6.1799,4.1180,5.1633,5.6835,7.9555,7.8242,8.6363,6.1548,6.7724,5.9334,12.7956,11.4802,8.3224,8.5903,12.3645,8.2829,12.1678,8.7863,8.9862,9.1906,9.3993,9.6129,9.8282,10.0483,10.2724,10.4990,10.7289,10.9606,11.1950,11.4309,11.6676,11.9056,12.1439,12.3821,12.6219,12.8603,13.0976,13.3329,13.5657,13.7959,14.0225,14.2454,14.4642,14.6784,14.8878,15.0919,15.2909,15.4843,15.6719,15.8539,16.0301,16.2005,16.3650,16.5238,16.6768,16.8243,16.9663,17.1028,17.2343,17.3610,17.4830,17.6005,17.7138,17.8228,17.9269,18.0189,18.0949
45138.0000000,17.8524,20.8676,21.3561,21.5405,32.0349,20.5840,23.8736,18.2044,22.3094,18.6943,19.1210,18.6930,15.3051,18.5367,18.8818,18.1148,20.5422,18.9813,15.6183,14.6622,19.3975,14.0487,12.5387,14.1786,13.5442,22.7917,13.2238,11.3881,13.2151,10.5114,10.1049,8.3289,8.0926,9.2501,9.3160,9.0697,11.5245,12.4229,7.2298,12.9700,14.7974,11.0777,8.8847,10.1624,26.8488,17.9594,13.0251,13.4179,10.5014,8.9079,12.3448,14.8015,16.4644,15.8197,7.6461,12.4254,11.6690,12.9775,22.1101,16.5867,16.5657,13.9905,12.4284,12.3081,11.6366,12.1708,15.8549,17.2980,8.7753,9.1524,10.5614,10.0342,9.6561,8.0534,7.6411,11.2640,10.8339,10.6647,9.2271,15.0617,24.6936,22.1682,12.4970,9.8752,11.5528,10.1290,18.4313,13.8848,19.5193,11.3790,17.5248,24.2973,24.7845,22.1974,9.9120,12.7584,13.8672,13.4372,13.3868,12.1661,12.3540,20.0456,15.2861,15.7005,21.5496,23.1635,17.3093,20.7556,13.4865,23.4319,14.7938,13.5050,15.8783,12.9939,15.7628,11.3221,12.5705,17.7307,15.7067,16.0061,9.7890,16.3010,12.9439,16.4379,18.3674,21.7530,20.0232,23.1571,17.5010,10.5629,12.7993,13.3250,14.0011,14.7252,19.0219,16.7789,15.8885,18.0647,14.3158,14.1487,13.0212,14.0436,12.4158,12.6549,14.1965,9.7256,10.4566,14.9622,11.2488,10.4900,10.2874,9.2652,8.8562,7.6065,7.5333,8.6880,10.0206,8.4191,8.2101,7.7256,14.1768,9.3366,10.1705,11.7249,12.3405,8.3446,12.2512,7.9017,9.7072,8.2898,5.3284,6.2996,7.1296,9.4342,9.2171,9.4791,6.8894,7.5485,6.6696,13.1316,11.6387,8.4492,8.6467,12.2010,8.1082,11.9473,8.6252,8.7607,8.9009,9.0460,9.1963,9.3498,9.5085,9.6720,9.8392,10.0108,10.1858,10.3649,10.5473,10.7327,10.9216,11.1134,11.3080,11.5067,11.7075,11.9108,12.1160,12.3230,12.5316,12.7412,12.9518,13.1631,13.3746,13.5861,13.7972,14.0077,14.2173,14.4254,14.6320,14.8365,15.0388,15.2384,15.4350,15.6283,15.8181,16.0041,16.1860,16.3636,16.5369,16.7057,16.8698,17.0291,17.1832,17.3308,17.4640,17.5696
45138.0416667,18.4005,22.7789,23.0503,23.2966,34.2196,21.8159,25.9197,20.2014,24.7347,20.1836,20.8671,20.6639,16.3434,20.6655,21.5828,20.7355,23.3117,21.7976,17.2804,16.5544,22.2580,16.3264,14.1258,16.7937,16.2510,25.9720,16.0420,13.7088,16.6495,13.2488,14.0235,12.4166,12.2975,12.8171,12.8587,12.0897,14.4723,15.1784,9.6362,15.2155,16.7163,12.9572,10.6303,11.6927,27.4364,19.2643,13.9999,13.9435,10.9624,8.9961,12.4963,14.9933,16.5557,15.9175,7.2390,13.4639,12.6276,13.6671,22.3435,16.8535,16.7627,14.3300,13.2807,13.4822,12.3590,13.2405,17.2396,18.6084,10.2684,10.6202,12.2341,12.0237,11.4470,9.5013,8.2175,12.9290,12.3651,12.4323,11.0298,16.3242,24.9515,22.6515,13.2890,10.4059,12.3155,10.8289,19.0999,14.5325,20.1280,11.7115,18.1805,24.6626,25.1046,22.8239,10.1931,13.4160,14.5583,13.6988,13.8791,12.4463,12.7236,20.4487,15.4748,15.8177,21.6516,23.2214,17.3465,20.8247,13.3153,24.1272,14.6553,13.3003,15.7910,12.6878,15.5653,10.9173,12.3459,17.8199,15.9559,16.2522,9.4417,16.3860,12.8302,16.8598,19.4578,23.0771,21.0552,24.0581,17.7953,10.0551,12.5525,13.1958,14.2560,15.4095,20.1715,17.8850,17.0057,19.8078,15.1115,15.3050,13.9979,15.7215,13.5272,13.8083,16.1463,10.4016,11.5980,17.2653,13.4760,12.3338,12.5639,11.3444,11.4970,10.8914,9.2237,11.1109,12.8475,10.5469,10.1895,9.8480,16.5549,11.8260,12.2054,13.7724,13.9487,9.8520,14.0245,9.5455,11.8373,10.2482,6.2865,7.5822,8.6473,11.0188,10.6746,10.4355,7.6742,8.3776,7.4347,13.6771,12.0311,8.7965,8.9435,12.3404,8.2398,12.0373,8.7568,8.8413,8.9301,9.0231,9.1206,9.2212,9.3265,9.4361,9.5493,9.6669,9.7881,9.9135,10.0427,10.1755,10.3123,10.4527,10.5967,10.7452,10.8970,11.0522,11.2106,11.3720,11.5365,11.7035,11.8733,12.0455,12.2199,12.3966,12.5750,12.7554,12.9373,13.1207,13.3053,13.4910,13.6776,13.8647,14.0523,14.2400,14.4276,14.6150,14.8017,14.9876,15.1725,15.3561,15.5382,15.7184,15.8960,16.0692,16.2292,16.3555
45138.0833333,18.7968,24.3224,24.3724,24.6537,36.0358,22.6648,27.4591,21.4588,26.4155,20.9948,21.9085,21.9287,16.8610,21.9713,23.5595,22.7882,25.6692,24.2318,18.6735,18.0945,24.7124,18.1370,15.3195,18.8610,18.3754,28.7398,18.3056,15.4778,19.5916,15.4485,17.4866,16.0790,16.2319,16.1739,16.3018,15.0360,17.5496,18.1845,12.1216,17.8203,19.1192,15.2950,12.8027,13.7379,28.7893,21.2048,15.5292,14.9955,11.9031,9.6053,13.1557,15.6529,17.0729,16.3841,7.2981,14.5834,13.5612,14.3075,22.5455,17.0169,16.8127,14.4434,13.7627,14.1995,12.6521,13.8000,18.0984,19.4633,11.3234,11.7562,13.6551,13.7883,13.0370,10.7288,8.7197,14.4570,13.7510,14.0518,12.6511,17.5368,25.3133,23.2070,14.0522,10.9132,13.0345,11.4738,19.7906,15.1676,20.7555,12.0524,18.8123,25.0424,25.4221,23.3793,10.3854,13.9002,15.0642,13.8539,14.2053,12.5921,12.9314,20.7259,15.5618,15.8884,21.7559,23.3249,17.4573,20.9404,13.2731,24.7902,14.5846,13.1405,15.6754,12.4157,15.3359,10.5733,12.0901,17.7668,16.0245,16.3224,9.1413,16.3457,12.6687,17.1072,20.2856,24.1454,21.8531,24.7591,17.9607,9.6927,12.3016,12.9934,14.2936,15.7505,20.9118,18.5290,17.6128,20.9481,15.3934,15.8393,14.3541,16.6491,13.9587,14.2709,17.3019,10.4896,12.0248,18.7921,14.8550,13.3825,14.0239,12.6624,13.4071,13.5006,10.3636,13.0108,15.2807,12.2644,11.8008,11.6484,18.9249,14.1752,14.1969,15.8679,15.6713,11.3662,15.9565,11.2236,14.0987,12.2936,7.2765,8.9137,10.2862,12.8431,12.3862,11.6937,8.7068,9.4675,8.4352,14.6128,12.8113,9.4878,9.5892,12.8870,8.7358,12.5210,9.2362,9.2743,9.3168,9.3637,9.4152,9.4705,9.5305,9.5951,9.6637,9.7366,9.8135,9.8947,9.9797,10.0684,10.1610,10.2573,10.3571,10.4611,10.5684,10.6792,10.7932,10.9104,11.0308,11.1542,11.2806,11.4100,11.5422,11.6772,11.8149,11.9552,12.0982,12.2435,12.3913,12.5413,12.6935,12.8477,13.0038,13.1617,13.3212,13.4822,13.6445,13.8081,13.9727,14.1382,14.3044,14.4711,14.6376,14.8021,14.9564,15.0786
45138.1250000,18.6430,25.1506,25.0515,25.3909,37.2812,23.0128,28.4740,22.3099,27.7039,21.4967,22.6037,22.7976,17.0724,22.7093,24.8336,24.0667,27.2313,25.8610,19.3726,18.9789,26.5229,19.3220,16.0152,20.3653,19.9589,31.0594,20.0458,16.7934,22.0231,17.1739,20.4451,19.2325,19.7379,19.1629,19.4440,17.7157,20.4916,21.1356,14.4239,20.5084,21.6607,17.7114,15.0056,15.8802,30.5408,23.5171,17.4072,16.4340,13.2043,10.5786,14.2290,16.7421,18.0287,17.2678,7.7613,15.9901,14.7526,15.2111,23.0463,17.4264,17.0826,14.7189,14.2925,14.8818,12.9309,14.2495,18.7491,20.0432,11.9744,12.5030,14.6972,15.1651,14.2659,11.6648,9.0568,15.7566,14.9280,15.4577,14.0313,18.6005,25.6452,23.7019,14.6746,11.2976,13.6150,11.9845,20.4113,15.7150,21.3312,12.3459,19.3829,25.4092,25.7313,23.8947,10.5549,14.3148,15.4994,13.9962,14.4757,12.7130,13.0938,20.9552,15.5042,15.8157,21.7079,23.2772,17.4194,20.9060,13.1450,25.2907,14.4891,13.0042,15.5594,12.1958,15.1275,10.3093,11.8673,17.6611,15.9998,16.2858,8.8769,16.2045,12.4377,17.1594,20.8142,24.9083,22.3865,25.2285,17.9954,9.4150,12.0772,12.8063,14.2718,15.9511,21.4467,18.9651,18.0007,21.7762,15.4888,16.1016,14.4544,17.1755,14.0689,14.3847,17.9557,10.3142,12.0516,19.7276,15.6002,13.8425,14.8121,13.3195,14.5795,15.3260,10.9047,14.2311,17.0640,13.3514,12.8245,12.8552,20.8653,15.9907,15.7330,17.5663,17.0534,12.4851,17.6178,12.5787,16.1712,14.1845,8.1332,10.1462,11.8835,14.7315,14.1792,13.0675,9.8052,10.6502,9.5149,15.7802,13.8129,10.3485,10.4139,13.6816,9.4170,13.2517,9.9121,9.9152,9.9224,9.9334,9.9485,9.9671,9.9897,10.0164,10.0468,10.0811,10.1191,10.1610,10.2066,10.2559,10.3090,10.3657,10.4262,10.4907,10.5589,10.6307,10.7060,10.7847,10.8670,10.9525,11.0414,11.1334,11.2285,11.3267,11.4278,11.5318,11.6386,11.7481,11.8603,11.9750,12.0923,12.2119,12.3339,12.4581,12.5844,12.7129,12.8433,12.9756,13.1098,13.2458,13.3834,13.5224,13.6624,13.8017,13.9335,14.0382
45138.1666667,18.0912,25.3671,25.1410,25.5267,37.8912,22.8215,28.8516,22.5423,28.3536,21.4727,22.7554,23.1174,16.8888,22.9774,25.5808,24.8169,28.2390,26.8940,19.5610,19.2858,27.6534,19.8424,16.1257,21.1491,20.8060,32.6736,21.0353,17.4135,23.7031,18.2016,22.6869,21.6777,22.5948,21.5456,22.0200,19.8705,22.9926,23.7165,16.3175,22.9049,24.0014,19.9208,16.9985,17.8836,32.4175,25.9390,19.3872,18.0811,14.6917,11.7374,15.5675,18.1315,19.3137,18.4766,8.4730,17.6327,16.1669,16.3588,23.8645,18.1135,17.6221,15.2255,14.9782,15.6714,13.3442,14.7752,19.4082,20.5579,12.3804,12.9538,15.3997,16.1563,15.1097,12.2414,9.1549,16.7086,15.7708,16.5213,15.0534,19.3830,25.8010,23.9947,15.0410,11.4557,13.9416,12.2467,20.8086,16.0303,21.6931,12.4462,19.7349,25.6012,25.8747,24.2199,10.5713,14.5352,15.7453,14.0068,14.5881,12.7105,13.1242,21.0438,15.3816,15.6644,21.5489,23.0977,17.2390,20.7159,12.8879,25.5416,14.2530,12.7559,15.3208,11.8997,14.8276,10.0038,11.5812,17.4399,15.8449,16.1229,8.6009,15.9658,12.1485,17.0560,21.0875,25.3746,22.6285,25.4072,17.8089,9.0618,11.7302,12.4846,14.0645,15.9114,21.6844,19.1312,18.1412,22.3018,15.4263,16.1721,14.4113,17.4564,14.0327,14.3467,18.3261,10.0888,11.9311,20.3049,15.9863,13.9956,15.1970,13.5647,15.2058,16.4898,11.0164,14.8795,18.2325,13.8909,13.3170,13.4909,22.2593,17.2075,16.7362,18.7495,17.9674,13.1228,18.8187,13.4498,17.7915,15.6436,8.6361,11.0421,13.1853,16.4213,15.8101,14.3227,10.7631,11.7228,10.4859,16.9712,14.8347,11.1897,11.2323,14.5358,10.1040,14.0476,10.6081,10.5859,10.5666,10.5504,10.5374,10.5272,10.5204,10.5171,10.5169,10.5202,10.5267,10.5368,10.5503,10.5672,10.5875,10.6113,10.6385,10.6696,10.7040,10.7418,10.7831,10.8277,10.8758,10.9270,10.9816,11.0394,11.1005,11.1647,11.2320,11.3024,11.3759,11.4524,11.5318,11.6141,11.6993,11.7872,11.8778,11.9710,12.0668,12.1651,12.2658,12.3688,12.4740,12.5815,12.6910,12.8024,12.9153,13.0283,13.1359,13.2213
45138.2083333,17.2392,25.0998,24.7935,25.2398,38.0460,22.3213,28.8237,22.3744,28.5480,21.1153,22.5392,23.0356,16.4273,22.7673,25.7981,25.0630,28.7546,27.4561,19.4222,19.2459,28.3444,19.9950,15.9635,21.5168,21.2207,33.8295,21.5667,17.6086,24.8158,18.6899,24.2725,23.4503,24.7931,23.2973,23.9829,21.4296,24.9412,25.7769,17.6574,24.7684,25.8549,21.6279,18.4871,19.4354,34.0833,28.1838,21.2312,19.6169,16.1181,12.8634,16.9602,19.6663,20.8243,19.9488,9.3737,19.5277,17.8558,17.8308,25.1224,19.2252,18.5978,16.1425,16.0211,16.7867,14.0997,15.6036,20.3231,21.2724,12.7564,13.3019,15.9504,16.9520,15.7525,12.5939,9.1409,17.4153,16.3737,17.3362,15.8277,19.9917,25.8864,24.2037,15.2951,11.5338,14.1562,12.4019,21.0988,16.2390,21.9536,12.4777,19.9822,25.7201,25.9505,24.4474,10.5331,14.6486,15.8821,13.9646,14.6245,12.6598,13.0969,21.0661,15.2373,15.5025,21.3755,22.9078,17.0574,20.5163,12.6429,25.6739,13.9795,12.4649,15.0253,11.5822,14.4885,9.6979,11.2711,17.1493,15.6130,15.8849,8.3274,15.6656,11.8344,16.8599,21.2015,25.6606,22.7130,25.4385,17.5421,8.7340,11.3650,12.1185,13.7584,15.7165,21.7054,19.0862,18.0721,22.5536,15.2091,16.0546,14.2190,17.5137,13.8636,14.1838,18.4807,9.8429,11.7427,20.6509,16.1733,14.0117,15.3852,13.6354,15.5491,17.2568,10.9714,15.2299,19.0334,14.1649,13.5480,13.8251,23.2998,18.0607,17.4347,19.6283,18.6258,13.5242,19.7301,14.0295,19.0488,16.7268,8.8763,11.6199,14.1456,17.8092,17.1647,15.3473,11.4938,12.5854,11.2590,18.0638,15.7708,11.9312,11.9711,15.3711,10.7447,14.8511,11.2861,11.2527,11.2209,11.1907,11.1624,11.1358,11.1114,11.0893,11.0693,11.0518,11.0367,11.0242,11.0142,11.0069,11.0024,11.0007,11.0017,11.0059,11.0130,11.0230,11.0361,11.0521,11.0711,11.0931,11.1182,11.1463,11.1774,11.2116,11.2488,11.2890,11.3322,11.3784,11.4275,11.4796,11.5346,11.5925,11.6532,11.7167,11.7830,11.8519,11.9235,11.9978,12.0746,12.1540,12.2358,12.3199,12.4060,12.4930,12.5765,12.6432
45138.2500000,16.1767,24.4032,24.0260,24.5114,37.6610,21.4326,28.3014,21.8605,28.3288,20.4657,21.9987,22.6107,15.7635,22.2920,25.6482,24.9199,28.8260,27.5600,18.9665,18.8772,28.5753,19.7825,15.5437,21.5013,21.2538,34.5408,21.7090,17.5009,25.4956,18.8328,25.3714,24.6999,26.4377,24.5091,25.3891,22.4499,26.3461,27.2976,18.4623,26.1041,27.1848,22.7839,19.4184,20.4386,35.3243,29.9890,22.6405,20.7028,17.1219,13.5830,17.9733,20.8806,22.0758,21.1903,10.0073,21.2628,19.4574,19.2801,26.4701,20.4462,19.7381,17.2475,17.2666,18.1348,15.1398,16.7373,21.5716,22.3143,13.3144,13.7539,16.5300,17.7057,16.3334,12.8787,9.1367,17.9805,16.8233,17.9626,16.3923,20.4131,25.8429,24.2580,15.3738,11.4729,14.2031,12.4056,21.2272,16.2959,22.0648,12.4021,20.0854,25.7170,25.9124,24.5494,10.4313,14.6638,15.9171,13.8538,14.5727,12.5459,13.0008,21.0005,15.0620,15.3075,21.1516,22.6635,16.8323,20.2585,12.3930,25.7139,13.7114,12.1920,14.7249,11.2801,14.1428,9.4072,10.9589,16.8073,15.3151,15.5779,8.0568,15.3163,11.5003,16.5819,21.1596,25.7666,22.6470,25.3241,17.2027,8.4245,11.0040,11.7521,13.4189,15.4418,21.5778,18.9018,17.8644,22.5948,14.8866,15.7995,13.9150,17.3801,13.5696,13.8907,18.4132,9.5288,11.4512,20.7383,16.1278,13.8435,15.3521,13.5402,15.6713,17.7273,10.8273,15.3554,19.5267,14.2216,13.5645,13.9213,24.0090,18.5734,17.8128,20.1684,18.9795,13.6615,20.3227,14.3348,19.9760,17.5046,8.9716,11.9867,14.8426,18.9174,18.2416,16.1252,11.9922,13.2058,11.7962,18.9490,16.5024,12.4628,12.5069,16.0315,11.1983,15.4947,11.7951,11.7639,11.7332,11.7031,11.6739,11.6454,11.6178,11.5913,11.5657,11.5412,11.5179,11.4959,11.4752,11.4558,11.4381,11.4220,11.4076,11.3952,11.3847,11.3762,11.3699,11.3657,11.3637,11.3641,11.3669,11.3720,11.3797,11.3898,11.4025,11.4178,11.4357,11.4562,11.4794,11.5052,11.5338,11.5650,11.5989,11.6354,11.6746,11.7165,11.7610,11.8082,11.8579,11.9103,11.9652,12.0225,12.0821,12.1431,12.2023,12.2499
45138.2916667,14.5500,22.8926,22.3909,22.7996,36.0566,19.4223,26.4673,20.0954,26.8108,18.6647,20.2685,21.0049,14.1375,20.8005,24.4443,23.7801,27.8631,26.6300,17.6691,17.7164,27.8365,18.6920,14.4011,20.6367,20.4157,34.1365,20.7555,16.4511,25.1266,18.1026,25.5196,25.0038,27.1202,24.7683,25.7740,22.4759,26.6593,27.6513,18.1747,26.2668,27.2260,22.6052,19.0022,20.0981,35.3004,30.4421,22.7698,20.6311,17.0537,13.3085,17.9628,21.0156,22.2084,21.2721,9.5395,21.8821,20.0299,19.7174,26.7840,20.5373,19.7400,17.2281,17.4505,18.5549,15.4023,17.1891,22.2647,22.8981,13.7855,14.2057,17.0284,18.2436,16.6526,12.9411,9.0078,18.1798,16.8013,18.0199,16.2642,20.0335,24.9943,23.3364,14.3845,10.3820,13.1351,11.3464,20.2374,15.2244,21.0173,11.2545,19.0057,24.5404,24.7163,23.4822,9.3260,13.6835,14.9768,12.8387,13.5608,11.5066,11.9905,19.9705,13.9996,14.2226,20.0027,21.4618,15.6635,19.1505,11.4645,25.0752,12.9116,11.4840,14.0038,10.5539,13.3321,8.6636,10.1614,15.9202,14.4182,14.6627,7.2915,14.4562,10.6857,15.7721,20.4612,25.1467,21.8446,24.4413,16.1475,7.5450,10.1143,10.8971,12.5975,14.6460,20.8356,18.1041,17.0607,21.9551,13.9778,14.9700,13.1085,16.6986,12.7818,13.1048,17.7539,8.7677,10.7174,20.2362,15.4634,13.0874,14.7031,12.9191,15.2616,17.6271,10.3181,14.9882,19.3763,13.6801,12.8965,13.2515,23.8319,18.1151,17.1984,19.6508,18.2966,12.7609,19.8096,13.6068,19.8490,17.3551,8.4107,11.6469,14.8096,19.2801,18.5540,16.1912,11.7812,13.0927,11.5886,19.0347,16.3934,12.0670,12.0296,15.6372,10.5557,14.9817,11.1259,11.1347,11.1403,11.1428,11.1421,11.1380,11.1313,11.1221,11.1105,11.0968,11.0812,11.0640,11.0455,11.0258,11.0054,10.9844,10.9633,10.9424,10.9219,10.9019,10.8826,10.8641,10.8468,10.8305,10.8155,10.8018,10.7894,10.7786,10.7692,10.7614,10.7546,10.7501,10.7476,10.7469,10.7481,10.7512,10.7562,10.7635,10.7735,10.7843,10.7974,10.8123,10.8293,10.8479,10.8685,10.8906,10.9099,10.9336,10.9520,10.9664
45138.3333333,11.6310,19.9198,19.4174,19.7553,33.0431,16.2720,23.2766,16.9075,23.7466,15.5285,17.0963,17.8646,11.1484,17.6325,21.4432,20.8821,25.0111,23.8221,14.8251,15.0816,25.5413,16.1889,12.0394,18.3880,18.1962,32.3061,18.4473,14.1035,23.2897,16.0003,24.0832,23.6569,26.0007,23.3699,24.5655,21.0478,25.5360,26.5418,16.4769,24.9523,25.7199,20.9132,17.0285,18.1699,33.6929,29.0283,21.0632,18.8490,15.2997,11.5129,16.3501,19.4753,20.5879,19.6687,7.7060,20.6883,18.8323,18.4741,25.5339,19.0615,18.1815,15.5963,15.8640,17.1215,13.9128,15.7958,21.0981,21.9507,13.3889,14.1413,17.1341,18.3400,16.4972,12.5586,8.5967,17.9349,16.2697,17.4790,15.4254,18.9215,23.5617,21.7166,12.6448,8.6458,11.1119,9.3161,18.0534,12.9197,18.5836,8.8979,16.4369,21.8310,21.9571,20.7132,6.7842,11.0780,12.3926,10.3438,10.9907,8.9649,9.4671,17.3081,11.4511,11.6325,17.2977,18.7286,13.0384,16.5688,9.1658,22.9405,10.8353,9.5883,12.1966,8.8473,11.5543,7.0422,8.4627,14.1352,12.6337,12.8749,5.7728,12.6671,8.9673,14.0286,18.6923,23.4255,19.9777,22.5244,14.1020,5.8506,8.3269,9.0989,10.7190,12.7752,18.8835,16.1762,15.1850,20.2147,12.0850,13.0099,11.2397,14.9756,11.0695,11.4425,16.1663,7.2793,9.2220,18.8566,13.9578,11.5257,13.1940,11.4654,13.9927,16.5855,9.1681,13.9130,18.4484,12.4932,11.5302,11.7814,22.7336,16.6443,15.6553,18.1079,16.7024,10.9291,18.1151,11.7418,18.2677,15.7800,6.7108,9.9993,13.3741,18.2556,17.5146,15.1301,10.4286,11.8300,10.2760,17.9424,15.3296,10.6882,10.4892,14.0915,8.7609,13.1478,8.9487,8.9929,9.0322,9.0667,9.0959,9.1191,9.1383,9.1510,9.1628,9.1703,9.1752,9.1778,9.1785,9.1764,9.1729,9.1672,9.1592,9.1499,9.1384,9.1251,9.1098,9.0930,9.0748,9.0561,9.0342,9.0102,8.9857,8.9601,8.9334,8.9061,8.8780,8.8494,8.8204,8.7913,8.7621,8.7326,8.7030,8.6734,8.6421,8.6002,8.5293,8.4739,8.4211,8.3712,8.3224,8.2761,8.2320,8.1924,8.1511,8.1195
45138.3750000,6.4431,14.4969,14.2676,14.6625,27.9041,11.5044,18.3562,11.9886,18.9671,11.0168,12.5726,13.4158,7.1630,13.0634,16.9123,16.5058,20.8368,19.0471,10.2181,10.2566,20.8314,11.4292,7.7977,14.3084,14.2143,28.5513,14.5056,10.3980,19.9212,12.4756,20.9672,20.4480,22.9099,19.4373,20.3915,16.8237,22.1089,23.5167,13.1484,21.9891,22.5809,17.8513,13.7708,15.0218,30.7813,26.0474,17.8561,15.7229,12.2473,8.6627,13.4668,15.7402,16.6846,15.2379,3.6519,16.6255,14.8705,14.7139,21.9505,15.3804,14.6936,11.5611,11.9600,13.5192,10.7386,12.4970,18.0702,18.1163,10.4666,12.6554,16.1034,17.3892,15.4210,11.2621,7.5752,16.9502,15.0178,16.2702,13.9366,17.1801,21.7138,19.6041,10.2149,6.7468,8.0526,6.4745,14.9729,9.8400,15.2165,5.6812,12.7747,17.6330,17.7743,16.3666,2.4393,6.5248,7.9468,6.2451,6.6736,5.1658,5.0523,12.5792,6.4702,7.1808,12.2501,13.3685,7.4370,11.4935,4.6310,18.4075,6.5831,5.5176,8.3293,5.3537,8.1301,4.0063,4.7751,10.3620,9.0962,9.4737,3.0940,9.9972,6.0279,11.0135,15.5436,20.4345,16.9899,19.4911,11.0586,3.4332,5.7451,6.3886,7.8823,9.7671,15.2823,12.7830,11.9230,17.0523,8.8275,9.4750,7.9891,11.9087,8.2108,8.7315,13.4954,5.0207,6.9155,16.4474,11.4587,9.0781,10.7435,9.1827,11.8930,14.5922,7.4332,12.1619,16.8177,10.6554,9.5172,9.5082,21.6074,14.1230,13.3265,15.3884,14.0612,8.2963,14.8272,8.6936,14.8310,12.4247,3.6403,6.8677,10.1660,15.5671,14.5115,12.7748,7.4936,9.0086,7.4648,15.2524,13.2607,8.2667,7.8377,11.4269,6.0251,10.0712,5.1370,5.2861,5.4223,5.5470,5.6692,5.7627,5.8525,5.9313,6.0006,6.0600,6.1104,6.1523,6.1866,6.2130,6.2323,6.2467,6.2536,6.2562,6.2536,6.2461,6.2342,6.2181,6.1976,6.1734,6.1454,6.1135,6.0783,6.0398,5.9978,5.9520,5.8977,5.8048,5.6049,5.4429,5.3029,5.1570,5.0218,4.8813,4.7422,4.6077,4.4755,4.3479,4.2222,4.1009,3.9832,3.8698,3.7605,3.6574,3.5532,3.4736
45138.4166667,-2.8764,4.5758,5.0144,5.5305,19.5349,2.1435,8.7223,3.6698,10.8738,2.6204,4.3940,5.7113,0.7018,5.9853,10.0317,10.0906,15.6663,12.6445,5.2974,4.3886,15.1622,5.8798,2.6861,9.0323,8.6820,22.6780,7.0564,3.2524,12.7388,5.6044,14.6337,15.0423,18.1061,13.8212,13.8151,8.9607,12.2775,14.2423,5.0097,15.0496,14.4414,10.5413,6.7238,8.3491,25.4362,19.1218,10.7431,9.3680,6.9132,3.9980,10.2446,11.7841,12.0868,9.5669,-2.1210,10.0619,7.4326,7.8694,14.4204,6.3844,7.6043,3.3972,4.1117,6.2367,4.8951,6.4801,13.3093,13.0426,4.6726,8.6750,12.5768,13.2835,12.4118,8.1718,5.1725,14.9763,11.2116,13.5798,8.8710,11.4863,18.0680,14.8583,3.3691,2.0649,1.1535,0.3032,8.6591,3.8443,8.8129,1.5178,6.9180,9.7707,10.1650,8.8102,-4.8708,-1.8235,0.0186,-0.8329,-0.5018,-0.0826,-1.6005,6.9799,-1.0524,0.9083,5.5067,5.9599,-0.8616,2.8734,-3.1981,11.0555,-0.1696,-0.7694,1.8360,-0.4475,3.3498,-0.2592,-0.9156,4.0674,3.5082,2.9059,-2.8316,4.5400,0.3098,5.6100,8.8069,13.5958,10.2768,12.7678,4.1697,-2.6660,-0.1169,0.8782,2.7455,4.9197,9.3646,6.8756,6.6995,12.9518,4.8381,4.3516,3.2357,6.8942,3.3783,3.3207,7.8875,0.3120,2.5981,11.2744,6.5284,3.3235,5.6852,4.2831,7.6778,10.8159,4.1832,8.7401,14.4485,6.7463,6.4808,5.1618,18.9618,10.4928,9.5343,9.7085,9.6948,3.7996,9.3794,4.5909,9.9616,7.5751,-0.6426,2.3032,4.8907,11.0347,9.5263,8.6007,2.3045,4.5101,2.1194,11.0365,9.2532,4.1444,3.6240,7.3368,2.1644,5.6902,-0.4465,-0.1407,0.1477,0.4169,0.6646,0.8887,1.0952,1.2816,1.4501,1.6016,1.7378,1.8600,1.9694,2.0662,2.1512,2.2258,2.2883,2.3408,2.3827,2.4137,2.4278,2.3747,2.0987,1.8968,1.7119,1.5426,1.3700,1.1952,1.0184,0.8513,0.6719,0.5012,0.3366,0.1627,-0.0070,-0.1833,-0.3529,-0.5277,-0.7032,-0.8770,-1.0506,-1.2218,-1.3925,-1.5606,-1.7265,-1.8892,-2.0487,-2.2026,-2.3586,-2.4770
45138.4583333,-12.1758,-6.0428,-5.0966,-3.6847,11.4336,-8.3124,-2.4738,-6.3744,2.5812,-6.2394,-5.9677,-6.5290,-9.7671,-6.0137,-3.3666,-3.0281,6.1228,2.9973,-0.9545,-1.7335,8.4383,-1.5410,-4.2057,1.7731,2.2487,18.6355,1.0046,-3.8530,6.8471,-1.5291,7.2348,7.4984,13.3551,10.5807,10.6955,5.6151,7.8260,5.2048,-5.6217,6.2657,3.4418,-1.9526,-5.2871,-2.9891,18.6182,10.6308,1.2111,0.7047,-1.3124,-3.0569,4.8153,7.7289,8.2192,6.1089,-4.2752,6.1375,2.2618,4.8738,10.0971,-1.0660,0.3148,-5.9790,-5.6404,-3.4240,-3.4106,-1.8849,6.4382,7.5273,-0.8480,3.5320,9.9387,9.9731,10.1242,3.7133,1.5071,12.5090,6.0397,10.6063,2.6836,5.4991,16.5826,11.9826,-1.1635,-2.8479,-5.1419,-5.4932,2.7685,-4.2033,1.7024,-4.2890,0.8756,4.0633,4.4810,2.4962,-10.3601,-9.2525,-7.7329,-7.4951,-7.6737,-5.9605,-7.5177,-0.0031,-9.7811,-7.2645,-2.7387,-2.3516,-8.6931,-6.3912,-12.5978,1.9153,-7.7430,-6.9282,-4.0019,-7.1458,-2.1042,-4.8741,-7.6708,-2.9850,-2.7674,-3.3330,-9.0836,-1.8990,-6.7648,-1.6733,-0.6630,5.8163,2.4439,5.6619,-2.8076,-8.9605,-6.2207,-5.7334,-3.3258,-0.1703,4.7146,0.7971,-0.8463,5.9785,-0.5759,-0.5657,-3.2139,1.9294,-1.3787,-2.7340,2.1361,-5.8938,-3.2210,6.8736,1.1268,-1.9351,1.2192,-0.8558,1.9573,5.5421,0.0644,5.3635,10.9007,2.9743,1.6240,-0.0552,15.4521,7.2382,4.7441,4.2320,5.9391,0.5607,4.8597,0.1846,4.3505,2.1681,-4.9483,-2.3801,-1.0165,6.1768,4.6350,4.6555,-2.6609,0.5785,-3.0778,8.1508,6.0640,1.0446,0.4588,4.2103,-0.6164,1.6285,-5.3491,-5.9106,-6.4318,-6.9002,-7.3038,-7.6339,-7.8757,-8.0301,-8.0991,-8.0909,-8.0170,-7.8907,-7.7260,-7.5362,-7.3322,-7.1218,-6.9115,-6.6115,-6.2769,-5.9392,-5.6268,-5.3467,-5.1060,-4.9095,-4.7602,-4.6462,-4.5785,-4.5530,-4.5639,-4.5970,-4.6624,-4.7403,-4.8285,-4.9348,-5.0471,-5.1715,-5.2973,-5.4321,-5.5724,-5.7160,-5.8636,-6.0136,-6.1670,-6.3220,-6.4786,-6.6360,-6.7936,-6.9490,-7.1102,-7.2295
45138.5000000,-21.4366,-17.5526,-15.8554,-11.4126,2.6220,-19.4607,-15.4913,-17.7855,-5.6274,-11.7434,-11.6967,-16.0350,-16.8518,-13.6818,-11.9884,-16.0345,-5.5726,-11.6978,-15.2711,-15.8899,-1.7299,-11.8473,-12.2840,-7.1340,-6.2540,12.2757,-4.0771,-10.2792,1.5397,-8.3868,-0.3943,-2.1415,4.4115,1.7797,5.7547,1.5850,5.1667,2.9250,-9.8198,3.5292,0.0945,-9.8054,-13.8642,-11.5634,13.4871,2.0410,-9.7548,-10.2321,-12.2572,-12.8059,-5.8079,0.4155,2.0449,-2.4869,-10.7719,-0.7270,-2.6833,3.8817,9.5250,-1.4038,-1.0187,-10.2193,-12.4159,-10.5976,-10.0224,-8.5993,0.5217,1.1407,-8.6130,-3.4910,2.6976,3.1637,4.5308,0.4427,-0.7424,12.2525,5.2699,10.8621,-0.9915,1.3747,17.8992,11.9380,-1.2847,-6.7035,-11.2277,-10.6779,0.4930,-9.3323,-1.0083,-7.0051,-2.4542,0.7219,0.7987,-2.5017,-16.1363,-16.3400,-15.3170,-13.2259,-16.3705,-13.7485,-12.2316,-5.1606,-14.5220,-12.0959,-7.9541,-7.8995,-13.8323,-12.1894,-19.3615,-7.0161,-17.1903,-16.3865,-10.2661,-14.8096,-7.6074,-8.8410,-13.5444,-6.8812,-6.8102,-7.5534,-13.4313,-6.9776,-11.1129,-7.5969,-8.0369,-2.5145,-5.6492,-1.4690,-9.3534,-13.7613,-11.8300,-12.9008,-11.7984,-8.9841,-4.6853,-5.4591,-6.0474,-0.8378,-8.4348,-6.3569,-8.2692,-3.3367,-6.0256,-6.9124,-2.3145,-10.2005,-7.3624,3.1908,-5.6597,-7.6646,-5.2167,-6.2494,-3.9159,-1.0474,-4.4240,3.5368,8.1962,1.9007,-3.2198,-2.9280,13.1371,4.5953,0.1312,-0.4617,1.9049,-0.6080,2.6324,-2.8288,-0.4056,-2.7199,-8.9788,-7.0633,-7.4690,0.9256,-0.1014,1.4686,-6.7761,-2.2240,-7.0749,5.6774,3.5221,-1.1830,-1.6399,2.3472,-1.8822,-0.3501,-6.3351,-6.8344,-7.3471,-7.8661,-8.3851,-8.9026,-9.4067,-9.8987,-10.3759,-10.8367,-11.2786,-11.6990,-12.0949,-12.4634,-12.8009,-13.1029,-13.3657,-13.5183,-13.5932,-13.6074,-13.5763,-13.5018,-13.3867,-13.2346,-13.0500,-12.8295,-12.5882,-12.3321,-12.0671,-11.7937,-11.5288,-11.2675,-11.0162,-10.7868,-10.5762,-10.3925,-10.2313,-10.0996,-9.9960,-9.9190,-9.8687,-9.8428,-9.8405,-9.8589,-9.8960,-9.9494,-10.0166,-10.0940,-10.1902,-10.2608
45138.5416667,-28.8520,-27.4268,-21.9889,-17.3053,-4.3845,-23.5488,-22.9304,-29.1935,-17.6819,-21.1318,-21.1553,-25.0021,-24.7676,-21.8722,-20.6425,-24.7149,-16.3330,-21.9073,-24.2497,-26.4007,-14.3313,-26.2600,-25.1535,-23.5055,-18.4855,0.3104,-14.0185,-19.8542,-6.2489,-16.5247,-5.3083,-7.5208,-0.7453,-1.6992,1.3240,-2.6445,0.7228,-1.6153,-15.8541,-0.4239,-3.2324,-11.9349,-20.0993,-18.7760,8.9578,-5.8117,-16.4781,-16.1780,-20.8003,-22.4001,-14.7997,-11.0631,-9.5158,-12.3275,-20.1843,-14.4946,-14.6328,-3.6513,5.6648,-4.2317,-3.6863,-11.3609,-17.3638,-16.2572,-14.9683,-14.1752,-3.6456,-3.4343,-16.7582,-10.6685,-3.3863,-5.9630,-4.8580,-8.0321,-7.7938,7.8445,2.1514,8.6560,-3.5680,-1.2520,21.1874,14.3479,1.3071,-3.8330,-13.4336,-11.8881,-1.2369,-13.0515,-3.8433,-9.5725,-5.3166,-1.9411,-2.0376,-6.4980,-17.9114,-21.0924,-20.1161,-15.3147,-21.0335,-19.8064,-19.5763,-14.6154,-21.4887,-19.1345,-15.1686,-14.8624,-19.6623,-18.2758,-25.5065,-15.2601,-23.4224,-23.0378,-16.3127,-20.0571,-15.4563,-15.3096,-22.3680,-14.1939,-14.4697,-13.0277,-18.4751,-13.0795,-15.8561,-12.8410,-12.5245,-6.9119,-10.3871,-5.9185,-13.4451,-15.8028,-14.7568,-15.8555,-17.6292,-16.3357,-9.7343,-12.2762,-12.7620,-6.9977,-13.3631,-12.8382,-14.4023,-9.9189,-11.7713,-12.2024,-7.8816,-14.9925,-12.4150,-1.4307,-12.5750,-13.4053,-12.2222,-12.6583,-9.8480,-8.4501,-9.3626,0.4423,4.1099,-0.6980,-5.2837,-7.3585,9.4037,-0.4329,-2.4590,-3.1618,0.0493,-3.1815,-1.0970,-6.9338,-6.2659,-8.2363,-12.1497,-11.4218,-11.9458,-4.9231,-6.1032,-3.5751,-11.9271,-7.3699,-10.7519,1.8137,-0.1808,-4.3611,-4.6111,-0.3740,-3.8742,-2.8750,-7.8750,-8.1245,-8.3966,-8.6879,-8.9949,-9.3181,-9.6460,-9.9805,-10.3198,-10.6632,-11.0098,-11.3589,-11.7101,-12.0629,-12.4162,-12.7682,-13.1169,-13.4124,-13.6769,-13.9212,-14.1541,-14.3740,-14.5794,-14.7683,-14.9393,-15.0846,-15.2093,-15.3123,-15.3926,-15.4452,-15.4778,-15.4828,-15.4618,-15.4206,-15.3558,-15.2726,-15.1681,-15.0489,-14.9160,-14.7714,-14.6186,-14.4601,-14.2997,-14.1396,-13.9832,-13.8328,-13.6912,-13.5609,-13.4614,-13.3785
45138.5833333,-32.8192,-33.4646,-25.4453,-18.8436,-6.4024,-22.8695,-24.4944,-29.7076,-20.9992,-22.4311,-23.3930,-27.9542,-27.4212,-26.3790,-26.3833,-30.3372,-23.5955,-28.3062,-28.6495,-31.0498,-20.6725,-33.1206,-27.3537,-32.2972,-24.0345,-7.8369,-23.5626,-28.8250,-14.7738,-25.5734,-16.5805,-17.7155,-8.9750,-3.4987,-2.5011,-3.1132,1.2366,-0.8942,-16.5784,-0.1015,-2.8097,-10.6342,-22.2137,-22.4572,7.2692,-9.7393,-18.8440,-17.3113,-22.9613,-23.9704,-16.5889,-14.7857,-13.9174,-15.8554,-22.5484,-23.8127,-23.8592,-14.0033,-0.2424,-9.2734,-8.4510,-14.4699,-22.9911,-22.1440,-19.9120,-16.2874,-5.4502,-6.4010,-22.8823,-15.8856,-7.4967,-10.9374,-6.7670,-14.6793,-13.6465,2.3074,-3.6312,-0.5279,-10.8367,-8.1286,19.4996,12.8233,0.6245,-3.7644,-16.6403,-10.7696,-0.4545,-10.4316,-2.1267,-7.6146,-3.8997,-0.6033,-0.9164,-6.2759,-15.4543,-19.0110,-18.7074,-11.5067,-18.7868,-18.0993,-18.5280,-15.6108,-21.6542,-19.8140,-16.8789,-17.1551,-21.5356,-21.2212,-28.2634,-21.8055,-27.8803,-27.2993,-19.8591,-21.8887,-18.9050,-17.2175,-26.7325,-18.2590,-21.6369,-16.1620,-20.1913,-17.1345,-19.0739,-17.5502,-21.1974,-12.6371,-14.7685,-9.0622,-15.4078,-16.6416,-17.8987,-16.2722,-19.6832,-19.2600,-10.4804,-14.1305,-17.9846,-10.2010,-14.6827,-14.9493,-16.1048,-11.6896,-12.7317,-13.9678,-10.9729,-15.8251,-14.5101,-4.4909,-18.0662,-18.1769,-16.0020,-17.3859,-15.6611,-16.3889,-14.8875,-4.1402,-0.9390,-3.8277,-7.2716,-10.6732,6.3558,-5.7498,-3.8136,-3.5984,0.9203,-2.9802,-1.5998,-7.6124,-8.9894,-11.1948,-13.1757,-13.8410,-14.7507,-9.0601,-10.2431,-6.4571,-12.8725,-9.8592,-12.3874,-0.5388,-2.4770,-6.1965,-6.4569,-2.3101,-5.1365,-4.8577,-9.0853,-9.2343,-9.3829,-9.5310,-9.6788,-9.8311,-9.9801,-10.1309,-10.2843,-10.4420,-10.6049,-10.7739,-10.9501,-11.1340,-11.3259,-11.5255,-11.7320,-11.9105,-12.0774,-12.2407,-12.4072,-12.5761,-12.7469,-12.9188,-13.0910,-13.2583,-13.4248,-13.5897,-13.7521,-13.9085,-14.0636,-14.2113,-14.3516,-14.4873,-14.6140,-14.7335,-14.8415,-14.9399,-15.0268,-15.1010,-15.1621,-15.2092,-15.2423,-15.2609,-15.2652,-15.2552,-15.2319,-15.1964,-15.1672,-15.1244
45138.6250000,-32.7671,-32.6648,-24.5666,-20.5134,-2.5981,-16.9170,-17.6515,-26.1973,-15.3787,-13.6082,-14.2800,-19.1714,-19.1527,-20.7757,-23.7124,-25.4550,-21.9905,-27.8945,-27.4007,-30.2382,-22.0919,-35.1568,-29.0092,-32.4058,-29.1689,-11.4641,-28.3293,-30.9981,-19.1782,-27.2228,-22.7194,-24.4444,-17.1989,-10.1406,-7.8351,-4.1799,2.3576,2.7850,-13.4699,4.3549,2.6414,-5.3825,-16.0549,-14.9529,10.2659,-10.5006,-18.5922,-16.0955,-22.2664,-20.3249,-14.9113,-15.0548,-14.6205,-15.6406,-20.9844,-27.9980,-27.7242,-19.4935,-2.4780,-10.8619,-10.1553,-14.5509,-25.5392,-26.1665,-23.7157,-20.3096,-9.8738,-6.3755,-25.2991,-17.6784,-8.4381,-13.1588,-9.0554,-13.8516,-8.6270,0.7521,-1.9187,-2.6690,-11.9331,-2.9145,22.4408,15.7340,3.0099,-0.0033,-9.5803,-7.0584,1.7356,-8.2341,-1.5524,-7.2036,-3.6152,0.4267,0.8629,-4.2977,-14.0984,-15.1100,-11.6615,-1.6873,-8.4408,-6.8241,-7.9048,-6.5764,-14.4587,-14.8771,-11.0292,-11.8739,-16.2435,-17.0101,-24.8485,-22.9272,-27.6304,-27.5088,-19.8510,-19.9654,-17.4639,-16.1949,-23.1734,-17.5048,-24.2610,-20.2759,-19.4002,-17.4067,-18.6263,-17.2395,-19.8553,-15.6155,-18.3486,-12.4713,-17.9201,-17.8749,-18.4068,-18.8641,-22.3432,-22.1799,-11.6820,-15.7148,-19.0760,-12.7291,-15.4739,-15.8723,-15.1265,-12.6445,-12.1388,-10.4344,-7.7027,-12.4971,-12.2281,-0.9401,-15.9515,-15.7138,-15.4852,-16.5565,-16.4535,-19.4423,-13.9148,-6.2965,-2.9049,-4.5963,-7.5071,-12.3562,4.4056,-9.7731,-4.6955,-3.8728,1.6032,-2.7397,-1.8897,-10.4809,-9.6718,-11.2195,-11.3600,-12.7725,-14.3323,-10.2352,-11.6092,-6.8485,-11.6005,-9.4618,-10.9817,0.6248,-1.4696,-4.9855,-5.4665,-1.6589,-4.0628,-4.4870,-8.1916,-8.3707,-8.5257,-8.6647,-8.7941,-8.9229,-9.0451,-9.1666,-9.2882,-9.4104,-9.5331,-9.6562,-9.7797,-9.9034,-10.0273,-10.1508,-10.2738,-10.3718,-10.4571,-10.5361,-10.6147,-10.6933,-10.7727,-10.8532,-10.9355,-11.0168,-11.1009,-11.1881,-11.2785,-11.3703,-11.4673,-11.5659,-11.6664,-11.7713,-11.8777,-11.9873,-12.0971,-12.2087,-12.3208,-12.4324,-12.5432,-12.6522,-12.7591,-12.8629,-12.9630,-13.0587,-13.1492,-13.2328,-13.3203,-13.3677
45138.6666667,-30.6644,-32.9629,-26.0269,-22.6781,-1.1950,-16.3002,-13.3679,-24.1379,-15.4918,-11.9057,-11.2860,-13.6559,-10.8942,-12.3766,-14.5601,-15.3147,-9.7168,-15.7162,-15.2325,-21.4729,-13.3780,-26.6463,-22.0562,-24.7319,-26.3846,-9.9028,-27.4519,-29.5297,-23.2298,-28.1921,-26.6151,-28.0924,-21.9090,-14.4319,-11.7753,-7.5371,-1.4329,0.4727,-11.4053,5.6875,10.1264,-0.1828,-6.8817,-3.2964,19.5189,-3.5219,-10.6994,-8.4929,-15.5911,-14.3627,-8.3691,-10.3422,-10.5033,-10.4078,-15.4014,-27.2411,-27.5988,-20.3641,-1.2459,-7.9548,-7.3384,-14.5089,-24.5090,-25.3436,-23.1381,-20.9626,-13.4453,-7.0162,-26.1537,-18.2689,-10.1738,-14.5189,-10.0440,-12.7947,-6.9535,-0.5906,0.9569,-2.1311,-9.1785,3.6392,27.3610,20.6769,4.3954,1.9261,-1.4218,-2.7206,9.5190,1.0707,7.9645,2.7071,4.7265,10.6842,10.3149,3.7989,-7.8875,-10.3678,-8.2353,0.3989,-5.4931,-0.9380,-4.5255,0.5357,-6.5435,-8.8110,-2.1405,-2.6568,-9.4187,-7.5662,-15.0942,-16.0942,-20.2411,-21.0086,-17.0624,-16.5803,-12.7741,-13.4812,-19.3217,-13.1378,-21.6021,-18.7820,-15.6330,-14.6117,-17.1847,-17.8559,-18.3244,-13.0130,-15.3273,-9.6212,-14.5839,-14.4189,-16.7362,-17.3710,-21.6030,-22.5174,-11.7831,-16.0913,-18.4883,-14.0128,-15.9316,-16.6176,-14.7222,-13.6743,-12.4321,-9.1877,-6.1048,-10.9654,-11.5394,0.5654,-14.6989,-13.7789,-14.0594,-13.7187,-13.8094,-17.6605,-11.8203,-7.3625,-1.3954,-1.4943,-3.7059,-11.0639,6.3930,-8.9128,-1.3514,0.2694,6.4576,-0.6452,2.1281,-8.5827,-7.3557,-10.7170,-8.1706,-11.0450,-11.3154,-8.1441,-9.4707,-4.1147,-7.8386,-8.8121,-9.5089,3.5728,1.8592,-1.2131,-1.4911,2.3846,0.2308,-0.2830,-3.6704,-3.8805,-4.0998,-4.3270,-4.5609,-4.8042,-5.0457,-5.2872,-5.5260,-5.7595,-5.9852,-6.2009,-6.4050,-6.5965,-6.7753,-6.9411,-7.0946,-7.2195,-7.3254,-7.4181,-7.5030,-7.5814,-7.6546,-7.7237,-7.7895,-7.8507,-7.9100,-7.9681,-8.0252,-8.0804,-8.1367,-8.1919,-8.2465,-8.3029,-8.3596,-8.4181,-8.4771,-8.5382,-8.6011,-8.6656,-8.7320,-8.8002,-8.8704,-8.9424,-9.0160,-9.0911,-9.1671,-9.2422,-9.3263,-9.3703
45138.7083333,-25.9576,-30.5765,-24.4044,-21.6541,-3.4503,-14.6623,-11.8615,-19.6669,-10.6534,-8.9867,-9.2009,-11.4447,-8.8324,-10.7166,-12.9833,-12.6208,-5.0025,-6.8048,-3.8914,-7.9834,-0.8283,-10.4953,-6.2225,-9.4018,-11.3980,4.6412,-14.0659,-16.6393,-16.1749,-20.9406,-24.0494,-27.1973,-23.8431,-17.2781,-14.7314,-10.9840,-4.0447,-2.9580,-14.8925,0.2541,5.9988,-1.3324,-5.7811,-0.9205,26.5612,6.2024,-0.6740,3.7986,-3.8607,-2.1869,2.2206,2.9765,2.4760,0.3342,-2.4838,-16.8685,-18.6703,-13.3586,5.8914,-1.4906,-0.3340,-6.3916,-15.4695,-17.5483,-14.5039,-16.3287,-12.0407,-7.0265,-24.2263,-18.1788,-11.8358,-13.8914,-11.7195,-13.5138,-7.4987,-1.1214,0.2141,-1.5379,-5.5180,9.9248,32.3013,26.2410,7.9012,5.2347,5.7328,1.5298,15.5762,8.0971,15.6206,7.9494,10.8675,20.8824,21.3493,14.1781,2.3384,-0.2018,1.1865,8.3192,3.2840,6.6162,3.8772,10.7285,0.9401,0.8807,6.3549,7.1909,-1.4883,1.7425,-5.9180,-7.3476,-10.6506,-11.6137,-9.1996,-8.1765,-5.7335,-5.0728,-10.4548,-6.4302,-13.2427,-11.7549,-8.3219,-8.1447,-11.7676,-12.8517,-15.8612,-10.9101,-12.2122,-6.2149,-10.0860,-9.7035,-12.5627,-12.5352,-17.5181,-19.1505,-9.0186,-13.2759,-15.3041,-13.0029,-14.5099,-16.3460,-16.0263,-15.7953,-14.2867,-10.1977,-8.4720,-10.1800,-10.5788,0.1270,-12.3956,-11.0889,-11.4519,-10.4638,-10.3897,-13.5321,-6.0012,-2.8082,1.5056,0.5834,-0.8242,-5.3898,10.8856,-3.2648,3.4124,5.7099,11.5883,1.4164,6.2182,-4.9825,-4.5492,-7.8704,-5.7233,-7.7535,-8.9353,-5.0558,-5.8154,-0.3578,-3.5104,-4.6072,-6.7665,6.5420,5.0767,2.2069,2.1064,6.1637,3.9957,3.9852,0.8060,0.7745,0.7371,0.6934,0.6425,0.5783,0.5091,0.4291,0.3373,0.2332,0.1167,-0.0117,-0.1513,-0.3008,-0.4589,-0.6240,-0.7942,-0.9556,-1.1125,-1.2666,-1.4190,-1.5686,-1.7143,-1.8550,-1.9899,-2.1167,-2.2367,-2.3496,-2.4553,-2.5528,-2.6444,-2.7287,-2.8064,-2.8795,-2.9474,-3.0116,-3.0716,-3.1290,-3.1840,-3.2369,-3.2883,-3.3384,-3.3878,-3.4366,-3.4851,-3.5334,-3.5815,-3.6281,-3.6845,-3.7030
45138.7500000,-18.0058,-24.5189,-19.8342,-18.2833,-3.7638,-12.5322,-11.3677,-17.0829,-9.7284,-7.6441,-7.9502,-9.6033,-6.6658,-8.1630,-10.1391,-9.9309,-3.8144,-5.1879,-2.6650,-5.5659,0.5872,-6.8006,-2.5404,-4.5013,-5.1946,11.1795,-4.0790,-4.9644,-5.0340,-8.2567,-13.3323,-17.7284,-17.4046,-12.9950,-12.3302,-10.3173,-4.8942,-2.1901,-12.8136,-0.5325,3.9960,-2.5211,-6.2981,-2.1920,26.9620,8.3655,3.1313,8.6873,2.4509,4.0269,8.0882,9.9945,11.9681,9.1034,5.8922,-5.6105,-7.1728,-2.9399,13.4442,6.3047,6.9408,1.4808,-6.4002,-8.9620,-5.8947,-8.0113,-3.3891,-1.0192,-19.0176,-15.8401,-11.8301,-13.8588,-12.0416,-13.0011,-7.1430,-2.8975,-1.6337,-2.5729,-5.5170,10.4438,30.0577,25.0433,8.3256,6.1070,7.7455,4.7419,19.4851,13.3985,20.8417,12.8104,17.0312,28.4091,27.9212,21.3957,9.5203,8.1112,9.2084,14.6436,10.5876,12.5936,10.5579,18.9213,8.0888,8.6435,13.2045,14.9718,6.8547,10.9908,3.5592,2.8706,-0.5471,-2.3704,-1.1172,-0.4543,0.8362,1.4573,-3.2817,-0.9509,-6.6210,-5.7601,-2.5733,-1.7433,-5.1149,-6.2589,-8.6682,-4.1477,-5.0491,1.5114,-2.8203,-2.1992,-5.1964,-5.5690,-10.0795,-12.4766,-4.0646,-8.2467,-9.9965,-8.5192,-9.1064,-11.8782,-11.7166,-12.7598,-11.2933,-7.8640,-8.3566,-8.6957,-10.0570,-2.8678,-12.7018,-11.4344,-12.1131,-10.4388,-10.1294,-12.3661,-4.1367,-2.5214,1.0773,0.4446,-0.0250,-2.4446,13.5454,0.3756,6.3089,9.1858,14.4962,5.1815,11.5376,0.9672,1.4436,-1.1914,-0.1109,-1.7527,-3.7379,-0.7710,-1.2633,4.2274,1.3573,0.5154,-2.0700,9.4999,9.3972,6.4879,6.4742,10.6421,8.1296,8.9934,5.3378,5.7015,6.0587,6.4013,6.7195,7.0069,7.2396,7.4192,7.5129,7.5284,7.4393,7.2590,6.9800,6.6040,6.1263,5.7389,5.4625,5.2717,5.1333,5.0248,4.9307,4.8428,4.7557,4.6668,4.5744,4.4791,4.3796,4.2763,4.1697,4.0611,3.9498,3.8380,3.7261,3.6141,3.5034,3.3940,3.2874,3.1834,3.0826,2.9856,2.8924,2.8034,2.7184,2.6376,2.5608,2.4881,2.4195,2.3561,2.2863,2.2594
45138.7916667,-7.7120,-14.7159,-11.2950,-10.5639,0.9859,-6.2155,-6.5364,-11.4236,-6.4260,-4.5344,-5.3240,-7.1976,-4.8059,-6.2200,-8.3535,-8.2126,-3.0942,-4.1034,-1.7500,-3.9678,1.1174,-4.9377,-1.5709,-3.2652,-3.7850,10.8921,-2.4209,-2.7553,-2.2244,-3.7589,-7.1596,-10.3232,-9.7005,-5.4120,-5.1801,-3.8704,-0.0801,2.2887,-7.1001,2.3803,5.5845,-0.4514,-3.9483,-0.8007,26.4240,8.7250,3.8198,8.7155,3.5482,4.6722,8.7232,11.2897,14.6631,12.4382,7.9986,0.8237,0.0125,3.9617,18.7658,12.1560,12.7029,7.9752,1.3984,-0.9513,1.6237,-0.4197,4.1132,5.4706,-11.8802,-10.7550,-8.6042,-11.1678,-10.0413,-11.2400,-5.8596,-3.6673,-2.7836,-3.4453,-5.8892,8.0729,26.0763,21.6652,6.5419,4.4521,6.0633,3.7394,17.3978,11.8130,19.3545,11.1803,16.6545,27.8394,28.0276,22.6651,10.6315,11.0600,12.5718,16.7403,13.9580,15.1883,14.0924,23.5743,13.0300,13.7695,18.5509,20.3493,12.9236,17.3781,10.3947,11.8889,8.1171,6.1191,7.0887,7.0761,8.0802,7.9282,4.2891,6.0308,1.1426,1.3963,2.9475,3.4833,0.5590,-0.6253,-2.8015,0.9358,0.3197,6.8074,2.7273,2.8637,0.8886,0.4406,-3.0371,-5.1230,1.7496,-1.4017,-2.6161,-1.6344,-2.0161,-5.1974,-5.4448,-7.1638,-6.0548,-3.5848,-5.0820,-4.6851,-6.4378,-1.9967,-9.7999,-8.7240,-10.0550,-9.2206,-9.8771,-12.3322,-4.8158,-3.9152,-1.0300,-1.3591,-1.1794,-2.8046,11.2569,0.2194,5.4609,8.2776,12.7870,4.9463,11.4702,2.8089,4.0018,2.5446,2.8565,2.4348,1.1588,3.9465,3.6727,8.7288,5.8506,5.5163,3.3627,13.5104,13.8638,10.8096,10.9041,15.1968,12.0798,13.7840,9.4625,9.5985,9.7464,9.9058,10.0777,10.2657,10.4642,10.6823,10.9059,11.1414,11.3795,11.6272,11.8716,12.1034,12.3264,12.5341,12.7181,12.8800,13.0114,13.1055,13.1583,13.1644,13.1186,13.0227,12.8702,12.6667,12.4174,12.1222,11.7923,11.4296,11.0744,10.7716,10.5166,10.3024,10.1225,9.9689,9.8356,9.7166,9.6076,9.5053,9.4071,9.3116,9.2175,9.1242,9.0316,8.9397,8.8491,8.7617,8.6684,8.6227
45138.8333333,3.1412,-3.3146,-0.9943,-0.9014,8.5021,1.9469,0.9528,-3.6394,-0.1508,1.2794,0.2610,-1.7012,-0.0102,-1.4512,-3.9495,-4.3775,-0.7152,-2.0297,-0.2637,-2.2575,1.7454,-3.2516,-0.6401,-2.0698,-2.4631,10.4466,-1.2245,-1.4386,-1.0264,-2.1182,-4.9231,-7.3404,-6.3339,-1.8556,-1.1323,0.5008,4.1850,6.5791,-1.2243,6.7767,9.5078,4.1151,0.9887,3.3754,27.6241,11.0139,5.9689,9.6795,4.9026,5.3730,9.0296,11.4805,14.5886,12.7615,7.1895,3.3935,3.0692,6.7219,20.4944,14.4826,15.2061,11.2946,6.1874,4.5099,6.6488,5.2802,9.9538,11.2057,-4.4199,-4.4099,-3.4123,-6.2046,-5.6455,-7.2118,-2.6313,-1.9430,-1.5545,-2.3202,-4.4887,7.4802,23.5901,19.6141,5.9100,3.9100,5.3480,3.3802,15.5808,10.2836,17.4373,9.2591,15.1639,25.7040,26.1301,21.5355,9.2643,10.7416,12.3763,15.3723,13.5672,14.1557,13.7490,23.6496,15.1341,15.9736,21.1965,23.1513,16.2522,20.5896,13.7524,17.6884,13.5149,12.0199,13.3025,12.5998,13.9692,12.6417,10.4682,12.6400,8.5015,8.5486,8.2242,9.6186,6.6944,5.7986,3.6841,6.5151,5.5499,10.9824,6.8668,5.8235,4.8391,4.5328,2.0863,0.4768,6.0349,3.4034,2.6583,3.9117,3.6142,1.2048,0.9846,-0.5391,0.2814,1.9618,0.4085,0.6437,-1.0213,1.7775,-4.5713,-3.8229,-5.5490,-5.4825,-7.0486,-10.0202,-3.4657,-3.3574,-1.3884,-1.5959,-1.2260,-2.6132,9.1237,-0.1429,4.1446,6.7343,10.3989,3.7722,9.8870,2.6892,4.3900,3.4756,3.1498,3.9014,3.5407,6.4898,6.5502,10.6866,7.8394,8.0133,6.3720,15.7876,15.9599,12.7650,13.0589,17.5840,13.8791,16.7122,12.3922,12.5663,12.7329,12.8918,13.0442,13.1928,13.3362,13.4818,13.6218,13.7633,13.9018,14.0436,14.1879,14.3310,14.4795,14.6327,14.7889,14.9534,15.1236,15.2978,15.4740,15.6511,15.8272,16.0032,16.1713,16.3324,16.4845,16.6220,16.7445,16.8480,16.9278,16.9844,17.0141,17.0147,16.9847,16.9244,16.8343,16.7149,16.5688,16.3989,16.2092,16.0058,15.7944,15.5809,15.3707,15.1686,14.9781,14.8032,14.6388,14.5388
45138.8750000,11.9161,7.1794,8.8354,8.7228,17.1498,10.4845,9.7131,4.9237,7.6332,8.2623,7.2633,5.3721,6.0763,5.0016,2.5062,1.6494,4.2054,2.5492,3.4894,1.4737,4.5295,0.1124,1.7955,0.4419,-0.0959,11.0805,0.6807,0.3339,0.5026,-0.4680,-3.0307,-5.1038,-4.2656,-0.1468,0.7140,2.3164,5.9654,8.5482,1.9329,9.3749,12.1346,7.4978,4.8623,6.9712,29.2972,14.4182,9.4082,12.0893,7.6351,7.4512,10.8137,13.0854,15.7291,14.0356,7.5329,6.0117,5.5283,8.5509,21.1119,15.3646,16.0111,12.5978,8.6400,7.4932,9.0337,8.3564,13.2446,14.8350,1.7356,1.5907,2.2351,-0.3470,-0.1219,-1.8960,1.5983,1.8352,1.8740,1.0228,-0.9049,9.3555,23.6391,20.0681,7.6072,5.6027,6.9113,5.1078,15.9288,10.8316,17.4549,9.2877,15.2164,24.8982,25.2713,21.1642,8.7590,10.7095,12.2284,14.1746,13.0105,13.0067,12.9010,22.6575,16.1356,16.9458,22.4834,24.5351,17.9578,22.2255,15.1771,21.2208,15.9630,14.7148,16.4400,15.0651,17.0512,14.5622,13.7984,16.9914,13.6171,13.7973,11.6016,14.7053,11.7047,11.8478,10.4145,12.8734,11.5725,16.1318,11.6507,8.9911,8.7786,8.4434,6.6686,5.4099,10.0545,7.5519,6.7740,8.0400,7.1847,5.4367,5.1596,4.2333,4.7226,6.0173,5.1624,4.7214,3.7530,6.2739,1.0993,1.5913,0.0277,-0.3152,-2.2282,-5.4095,-0.1170,-0.4067,0.8771,0.6283,0.9488,-0.3057,9.3654,1.5099,4.8207,7.0653,9.8872,4.1789,9.5777,3.3169,4.9282,3.9943,2.9481,4.2037,4.4082,7.4126,7.6671,10.8588,8.0585,8.6490,7.3606,16.2644,16.0922,12.7310,13.1501,17.8160,13.6074,17.3794,13.1609,13.4331,13.6964,13.9499,14.1938,14.4294,14.6555,14.8771,15.0883,15.2939,15.4903,15.6817,15.8670,16.0433,16.2152,16.3819,16.5424,16.7010,16.8563,17.0080,17.1560,17.3007,17.4426,17.5843,17.7222,17.8590,17.9957,18.1304,18.2650,18.3988,18.5300,18.6606,18.7890,18.9142,19.0352,19.1516,19.2623,19.3655,19.4603,19.5449,19.6178,19.6783,19.7249,19.7565,19.7722,19.7714,19.7540,19.7218,19.6709,19.6399
45138.9166667,17.6577,15.1507,16.2827,16.0780,24.2417,16.7315,16.7570,11.7026,14.3595,13.9454,13.2367,11.6845,11.3042,11.3047,9.2497,8.1893,10.1037,8.2199,8.1501,6.2555,8.8874,4.6407,5.4076,4.3816,3.6524,13.2900,3.6705,3.0197,2.9795,1.8237,-0.6203,-2.6249,-2.2171,1.2280,1.9110,3.1864,6.4976,8.9263,3.0419,10.0688,12.6765,8.5204,6.2013,8.1427,29.1964,16.3141,11.5490,13.6476,9.7524,9.0165,12.4202,14.7634,17.1240,15.5589,8.2085,8.8968,8.2367,10.6031,21.9098,16.1539,16.5145,13.3252,10.1965,9.3883,10.2100,9.9832,14.8575,16.6450,5.8149,5.9709,6.7078,4.5659,4.6361,2.9937,5.2307,5.9435,5.7342,4.8531,3.0443,11.8025,24.3554,21.0526,9.5155,7.3835,8.7152,7.0193,16.8628,11.9146,18.1307,9.9306,15.8835,24.7424,25.0115,21.3306,8.8697,11.1717,12.5424,13.5829,12.8383,12.3366,12.3580,21.7789,16.5204,17.2097,22.8845,24.8885,18.4418,22.7209,15.4009,23.2233,16.7289,15.5202,17.5750,15.5221,17.9667,14.4653,14.6847,18.8095,15.9418,16.2364,12.3288,17.2090,14.0549,15.5535,15.2056,17.8933,16.4738,20.5461,15.6240,11.3019,12.0400,11.9341,10.9181,10.1435,14.3288,11.7582,10.7840,12.0515,10.2554,8.8952,8.3011,7.8593,7.7101,8.6142,8.4387,6.8368,6.5488,9.4562,5.0107,5.1973,4.1333,3.8143,2.3636,-0.3459,3.4325,3.2974,4.2776,3.7361,3.9178,2.8433,11.0713,4.2133,6.6103,8.5091,10.5329,5.4193,10.2465,4.5998,6.1365,5.0582,3.3410,4.7136,5.1439,7.9447,8.1011,10.3485,7.4753,8.2264,7.0699,15.4137,14.8327,11.2944,11.7009,16.3133,11.7525,16.0596,11.9148,12.2295,12.5436,12.8556,13.1647,13.4706,13.7716,14.0701,14.3611,14.6469,14.9244,15.1960,15.4604,15.7150,15.9629,16.2032,16.4350,16.6610,16.8801,17.0920,17.2963,17.4932,17.6828,17.8668,18.0426,18.2121,18.3760,18.5330,18.6848,18.8311,18.9711,19.1068,19.2378,19.3641,19.4859,19.6041,19.7187,19.8299,19.9381,20.0432,20.1451,20.2445,20.3411,20.4349,20.5256,20.6129,20.6962,20.7748,20.8394,20.8969
45138.9583333,20.2792,20.2150,21.0562,20.9511,29.4927,20.7907,21.9345,16.5556,19.5445,17.9394,17.6000,16.4127,14.7892,16.1836,14.8507,13.7808,15.5747,13.6939,12.4904,10.8591,13.7663,9.3511,9.2132,8.8948,8.0761,16.8537,7.6094,6.5178,6.6075,4.9989,2.8009,0.7417,0.6416,3.2753,3.6425,4.4060,7.2536,9.3013,3.7703,10.3719,12.6870,8.7995,6.6179,8.3292,28.1157,16.7916,12.0966,13.7908,10.3287,9.1474,12.7453,15.3197,17.6158,16.2843,8.2147,11.0792,10.3861,12.3063,22.7152,16.9823,17.1348,14.1171,11.6502,11.1020,11.2124,11.2887,16.0185,17.7595,8.2255,8.6784,9.7421,8.1619,8.1376,6.5716,7.5672,9.4144,9.0807,8.3489,6.6591,14.2902,25.4157,22.3753,11.5238,9.1666,10.6191,8.9383,18.1343,13.2397,19.1425,10.8042,16.8309,24.9704,25.1246,21.7812,9.2027,11.7803,13.0350,13.3700,12.9433,12.0598,12.1610,21.2481,16.7020,17.2781,23.0446,24.9644,18.5576,22.7998,15.1284,24.3406,16.6139,15.3276,17.6458,15.0612,17.8368,13.6186,14.4737,19.3421,16.8224,17.1585,11.8052,17.9843,14.5655,17.2126,17.9464,21.0236,19.5040,23.3446,17.9091,12.0467,13.6627,13.8941,13.6885,13.5782,17.8832,15.3497,14.3322,15.9354,13.1137,12.1326,11.1889,11.2875,10.4037,10.9750,11.4451,8.4480,8.6288,12.1948,8.0827,7.8423,7.1491,6.6094,5.6990,3.6703,5.8220,6.2492,7.3260,6.3620,6.4671,5.6716,13.1987,7.0743,8.7586,10.4791,11.8569,7.1058,11.6390,6.3570,7.9603,6.6837,4.2309,5.6341,6.2143,8.8098,8.7852,10.2010,7.2386,8.0099,6.8799,14.6592,13.7202,10.0874,10.4151,14.8195,10.1132,14.5599,10.4927,10.7449,11.0021,11.2634,11.5285,11.7974,12.0687,12.3445,12.6210,12.8998,13.1786,13.4586,13.7387,14.0167,14.2942,14.5700,14.8430,15.1144,15.3829,15.6475,15.9074,16.1622,16.4114,16.6556,16.8925,17.1231,17.3474,17.5642,17.7744,17.9775,18.1728,18.3614,18.5429,18.7171,18.8842,19.0446,19.1985,19.3459,19.4871,19.6223,19.7516,19.8755,19.9944,20.1085,20.2180,20.3232,20.4239,20.5197,20.6027,20.6719
