File Created:,Thu Jun 20 11:00:06 2024
Heat Source Version:,9.0.0b26
Simulation Name:,WFK23
User Text:,Westfork Kickapoo
Output:,Solar Radiation Flux below Land Cover (watts/square meter)
""
Datetime,18.500,18.400,18.300,18.200,18.100,18.000,17.900,17.800,17.700,17.600,17.500,17.400,17.300,17.200,17.100,17.000,16.900,16.800,16.700,16.600,16.500,16.400,16.300,16.200,16.100,16.000,15.900,15.800,15.700,15.600,15.500,15.400,15.300,15.200,15.100,15.000,14.900,14.800,14.700,14.600,14.500,14.400,14.300,14.200,14.100,14.000,13.900,13.800,13.700,13.600,13.500,13.400,13.300,13.200,13.100,13.000,12.900,12.800,12.700,12.600,12.500,12.400,12.300,12.200,12.100,12.000,11.900,11.800,11.700,11.600,11.500,11.400,11.300,11.200,11.100,11.000,10.900,10.800,10.700,10.600,10.500,10.400,10.300,10.200,10.100,10.000,9.900,9.800,9.700,9.600,9.500,9.400,9.300,9.200,9.100,9.000,8.900,8.800,8.700,8.600,8.500,8.400,8.300,8.200,8.100,8.000,7.900,7.800,7.700,7.600,7.500,7.400,7.300,7.200,7.100,7.000,6.900,6.800,6.700,6.600,6.500,6.400,6.300,6.200,6.100,6.000,5.900,5.800,5.700,5.600,5.500,5.400,5.300,5.200,5.100,5.000,4.900,4.800,4.700,4.600,4.500,4.400,4.300,4.200,4.100,4.000,3.900,3.800,3.700,3.600,3.500,3.400,3.300,3.200,3.100,3.000,2.900,2.800,2.700,2.600,2.500,2.400,2.300,2.200,2.100,2.000,1.900,1.800,1.700,1.600,1.500,1.400,1.300,1.200,1.100,1.000,0.900,0.800,0.700,0.600,0.500,0.400,0.300,0.200,0.100,0.000
45108.0000000,0.0000,0.0000,0.0000,0.0000,0.0000,0.0000,0.0000,0.0000,0.0000,0.0000,0.0000,0.0000,0.0000,0.0000,0.0000,0.0000,0.0000,0.0000,0.0000,0.0000,0.0000,0.0000,0.0000,0.0000,0.0000,0.0000,0.0000,0.0000,0.0000,0.0000,0.0000,0.0000,0.0000,0.0000,0.0000,0.0000,0.0000,0.0000,0.0000,0.0000,0.0000,0.0000,0.0000,0.0000,0.0000,0.0000,0.0000,0.0000,0.0000,0.0000,0.0000,0.0000,0.0000,0.0000,0.0000,0.0000,0.0000,0.0000,0.0000,0.0000,0.0000,0.0000,0.0000,0.0000,0.0000,0.0000,0.0000,0.0000,0.0000,0.0000,0.0000,0.0000,0.0000,0.0000,0.0000,0.0000,0.0000,0.0000,0.0000,0.0000,0.0000,0.0000,0.0000,0.0000,0.0000,0.0000,0.0000,0.0000,0.0000,0.0000,0.0000,0.0000,0.0000,0.0000,0.0000,0.0000,0.0000,0.0000,0.0000,0.0000,0.0000,0.0000,0.0000,0.0000,0.0000,0.0000,0.0000,0.0000,0.0000,0.0000,0.0000,0.0000,0.0000,0.0000,0.0000,0.0000,0.0000,0.0000,0.0000,0.0000,0.0000,0.0000,0.0000,0.0000,0.0000,0.0000,0.0000,0.0000,0.0000,0.0000,0.0000,0.0000,0.0000,0.0000,0.0000,0.0000,0.0000,0.0000,0.0000,0.0000,0.0000,0.0000,0.0000,0.0000,0.0000,0.0000,0.0000,0.0000,0.0000,0.0000,0.0000,0.0000,0.0000,0.0000,0.0000,0.0000,0.0000,0.0000,0.0000,0.0000,0.0000,0.0000,0.0000,0.0000,0.0000,0.0000,0.0000,0.0000,0.0000,0.0000,0.0000,0.0000,0.0000,0.0000,0.0000,0.0000,0.0000,0.0000,0.0000,0.0000,0.0000,0.0000,0.0000,0.0000,0.0000,0.0000
45108.0416667,0.0000,0.0000,0.0000,0.0000,0.0000,0.0000,0.0000,0.0000,0.0000,0.0000,0.0000,0.0000,0.0000,0.0000,0.0000,0.0000,0.0000,0.0000,0.0000,0.0000,0.0000,0.0000,0.0000,0.0000,0.0000,0.0000,0.0000,0.0000,0.0000,0.0000,0.0000,0.0000,0.0000,0.0000,0.0000,0.0000,0.0000,0.0000,0.0000,0.0000,0.0000,0.0000,0.0000,0.0000,0.0000,0.0000,0.0000,0.0000,0.0000,0.0000,0.0000,0.0000,0.0000,0.0000,0.0000,0.0000,0.0000,0.0000,0.0000,0.0000,0.0000,0.0000,0.0000,0.0000,0.0000,0.0000,0.0000,0.0000,0.0000,0.0000,0.0000,0.0000,0.0000,0.0000,0.0000,0.0000,0.0000,0.0000,0.0000,0.0000,0.0000,0.0000,0.0000,0.0000,0.0000,0.0000,0.0000,0.0000,0.0000,0.0000,0.0000,0.0000,0.0000,0.0000,0.0000,0.0000,0.0000,0.0000,0.0000,0.0000,0.0000,0.0000,0.0000,0.0000,0.0000,0.0000,0.0000,0.0000,0.0000,0.0000,0.0000,0.0000,0.0000,0.0000,0.0000,0.0000,0.0000,0.0000,0.0000,0.0000,0.0000,0.0000,0.0000,0.0000,0.0000,0.0000,0.0000,0.0000,0.0000,0.0000,0.0000,0.0000,0.0000,0.0000,0.0000,0.0000,0.0000,0.0000,0.0000,0.0000,0.0000,0.0000,0.0000,0.0000,0.0000,0.0000,0.0000,0.0000,0.0000,0.0000,0.0000,0.0000,0.0000,0.0000,0.0000,0.0000,0.0000,0.0000,0.0000,0.0000,0.0000,0.0000,0.0000,0.0000,0.0000,0.0000,0.0000,0.0000,0.0000,0.0000,0.0000,0.0000,0.0000,0.0000,0.0000,0.0000,0.0000,0.0000,0.0000,0.0000,0.0000,0.0000,0.0000,0.0000,0.0000,0.0000
45108.0833333,0.0000,0.0000,0.0000,0.0000,0.0000,0.0000,0.0000,0.0000,0.0000,0.0000,0.0000,0.0000,0.0000,0.0000,0.0000,0.0000,0.0000,0.0000,0.0000,0.0000,0.0000,0.0000,0.0000,0.0000,0.0000,0.0000,0.0000,0.0000,0.0000,0.0000,0.0000,0.0000,0.0000,0.0000,0.0000,0.0000,0.0000,0.0000,0.0000,0.0000,0.0000,0.0000,0.0000,0.0000,0.0000,0.0000,0.0000,0.0000,0.0000,0.0000,0.0000,0.0000,0.0000,0.0000,0.0000,0.0000,0.0000,0.0000,0.0000,0.0000,0.0000,0.0000,0.0000,0.0000,0.0000,0.0000,0.0000,0.0000,0.0000,0.0000,0.0000,0.0000,0.0000,0.0000,0.0000,0.0000,0.0000,0.0000,0.0000,0.0000,0.0000,0.0000,0.0000,0.0000,0.0000,0.0000,0.0000,0.0000,0.0000,0.0000,0.0000,0.0000,0.0000,0.0000,0.0000,0.0000,0.0000,0.0000,0.0000,0.0000,0.0000,0.0000,0.0000,0.0000,0.0000,0.0000,0.0000,0.0000,0.0000,0.0000,0.0000,0.0000,0.0000,0.0000,0.0000,0.0000,0.0000,0.0000,0.0000,0.0000,0.0000,0.0000,0.0000,0.0000,0.0000,0.0000,0.0000,0.0000,0.0000,0.0000,0.0000,0.0000,0.0000,0.0000,0.0000,0.0000,0.0000,0.0000,0.0000,0.0000,0.0000,0.0000,0.0000,0.0000,0.0000,0.0000,0.0000,0.0000,0.0000,0.0000,0.0000,0.0000,0.0000,0.0000,0.0000,0.0000,0.0000,0.0000,0.0000,0.0000,0.0000,0.0000,0.0000,0.0000,0.0000,0.0000,0.0000,0.0000,0.0000,0.0000,0.0000,0.0000,0.0000,0.0000,0.0000,0.0000,0.0000,0.0000,0.0000,0.0000,0.0000,0.0000,0.0000,0.0000,0.0000,0.0000
45108.1250000,0.0000,0.0000,0.0000,0.0000,0.0000,0.0000,0.0000,0.0000,0.0000,0.0000,0.0000,0.0000,0.0000,0.0000,0.0000,0.0000,0.0000,0.0000,0.0000,0.0000,0.0000,0.0000,0.0000,0.0000,0.0000,0.0000,0.0000,0.0000,0.0000,0.0000,0.0000,0.0000,0.0000,0.0000,0.0000,0.0000,0.0000,0.0000,0.0000,0.0000,0.0000,0.0000,0.0000,0.0000,0.0000,0.0000,0.0000,0.0000,0.0000,0.0000,0.0000,0.0000,0.0000,0.0000,0.0000,0.0000,0.0000,0.0000,0.0000,0.0000,0.0000,0.0000,0.0000,0.0000,0.0000,0.0000,0.0000,0.0000,0.0000,0.0000,0.0000,0.0000,0.0000,0.0000,0.0000,0.0000,0.0000,0.0000,0.0000,0.0000,0.0000,0.0000,0.0000,0.0000,0.0000,0.0000,0.0000,0.0000,0.0000,0.0000,0.0000,0.0000,0.0000,0.0000,0.0000,0.0000,0.0000,0.0000,0.0000,0.0000,0.0000,0.0000,0.0000,0.0000,0.0000,0.0000,0.0000,0.0000,0.0000,0.0000,0.0000,0.0000,0.0000,0.0000,0.0000,0.0000,0.0000,0.0000,0.0000,0.0000,0.0000,0.0000,0.0000,0.0000,0.0000,0.0000,0.0000,0.0000,0.0000,0.0000,0.0000,0.0000,0.0000,0.0000,0.0000,0.0000,0.0000,0.0000,0.0000,0.0000,0.0000,0.0000,0.0000,0.0000,0.0000,0.0000,0.0000,0.0000,0.0000,0.0000,0.0000,0.0000,0.0000,0.0000,0.0000,0.0000,0.0000,0.0000,0.0000,0.0000,0.0000,0.0000,0.0000,0.0000,0.0000,0.0000,0.0000,0.0000,0.0000,0.0000,0.0000,0.0000,0.0000,0.0000,0.0000,0.0000,0.0000,0.0000,0.0000,0.0000,0.0000,0.0000,0.0000,0.0000,0.0000,0.0000
45108.1666667,0.0000,0.0000,0.0000,0.0000,0.0000,0.0000,0.0000,0.0000,0.0000,0.0000,0.0000,0.0000,0.0000,0.0000,0.0000,0.0000,0.0000,0.0000,0.0000,0.0000,0.0000,0.0000,0.0000,0.0000,0.0000,0.0000,0.0000,0.0000,0.0000,0.0000,0.0000,0.0000,0.0000,0.0000,0.0000,0.0000,0.0000,0.0000,0.0000,0.0000,0.0000,0.0000,0.0000,0.0000,0.0000,0.0000,0.0000,0.0000,0.0000,0.0000,0.0000,0.0000,0.0000,0.0000,0.0000,0.0000,0.0000,0.0000,0.0000,0.0000,0.0000,0.0000,0.0000,0.0000,0.0000,0.0000,0.0000,0.0000,0.0000,0.0000,0.0000,0.0000,0.0000,0.0000,0.0000,0.0000,0.0000,0.0000,0.0000,0.0000,0.0000,0.0000,0.0000,0.0000,0.0000,0.0000,0.0000,0.0000,0.0000,0.0000,0.0000,0.0000,0.0000,0.0000,0.0000,0.0000,0.0000,0.0000,0.0000,0.0000,0.0000,0.0000,0.0000,0.0000,0.0000,0.0000,0.0000,0.0000,0.0000,0.0000,0.0000,0.0000,0.0000,0.0000,0.0000,0.0000,0.0000,0.0000,0.0000,0.0000,0.0000,0.0000,0.0000,0.0000,0.0000,0.0000,0.0000,0.0000,0.0000,0.0000,0.0000,0.0000,0.0000,0.0000,0.0000,0.0000,0.0000,0.0000,0.0000,0.0000,0.0000,0.0000,0.0000,0.0000,0.0000,0.0000,0.0000,0.0000,0.0000,0.0000,0.0000,0.0000,0.0000,0.0000,0.0000,0.0000,0.0000,0.0000,0.0000,0.0000,0.0000,0.0000,0.0000,0.0000,0.0000,0.0000,0.0000,0.0000,0.0000,0.0000,0.0000,0.0000,0.0000,0.0000,0.0000,0.0000,0.0000,0.0000,0.0000,0.0000,0.0000,0.0000,0.0000,0.0000,0.0000,0.0000
45108.2083333,0.0000,0.0000,0.0000,0.0000,0.0000,0.0000,0.0000,0.0000,0.0000,0.0000,0.0000,0.0000,0.0000,0.0000,0.0000,0.0000,0.0000,0.0000,0.0000,0.0000,0.0000,0.0000,0.0000,0.0000,0.0000,0.0000,0.0000,0.0000,0.0000,0.0000,0.0000,0.0000,0.0000,0.0000,0.0000,0.0000,0.0000,0.0000,0.0000,0.0000,0.0000,0.0000,0.0000,0.0000,0.0000,0.0000,0.0000,0.0000,0.0000,0.0000,0.0000,0.0000,0.0000,0.0000,0.0000,0.0000,0.0000,0.0000,0.0000,0.0000,0.0000,0.0000,0.0000,0.0000,0.0000,0.0000,0.0000,0.0000,0.0000,0.0000,0.0000,0.0000,0.0000,0.0000,0.0000,0.0000,0.0000,0.0000,0.0000,0.0000,0.0000,0.0000,0.0000,0.0000,0.0000,0.0000,0.0000,0.0000,0.0000,0.0000,0.0000,0.0000,0.0000,0.0000,0.0000,0.0000,0.0000,0.0000,0.0000,0.0000,0.0000,0.0000,0.0000,0.0000,0.0000,0.0000,0.0000,0.0000,0.0000,0.0000,0.0000,0.0000,0.0000,0.0000,0.0000,0.0000,0.0000,0.0000,0.0000,0.0000,0.0000,0.0000,0.0000,0.0000,0.0000,0.0000,0.0000,0.0000,0.0000,0.0000,0.0000,0.0000,0.0000,0.0000,0.0000,0.0000,0.0000,0.0000,0.0000,0.0000,0.0000,0.0000,0.0000,0.0000,0.0000,0.0000,0.0000,0.0000,0.0000,0.0000,0.0000,0.0000,0.0000,0.0000,0.0000,0.0000,0.0000,0.0000,0.0000,0.0000,0.0000,0.0000,0.0000,0.0000,0.0000,0.0000,0.0000,0.0000,0.0000,0.0000,0.0000,0.0000,0.0000,0.0000,0.0000,0.0000,0.0000,0.0000,0.0000,0.0000,0.0000,0.0000,0.0000,0.0000,0.0000,0.0000
45108.2500000,4.1016,6.7071,12.7057,10.0137,11.6194,14.8882,15.3648,8.7355,13.9214,15.7083,10.8415,15.5139,14.9934,14.9931,11.8579,13.3424,16.7124,16.7437,14.1341,10.6875,11.6801,5.9003,10.3001,9.8697,10.7400,14.1183,9.3368,5.8051,11.9033,7.1302,7.5499,5.2569,5.3869,10.3013,9.1597,10.0184,12.8919,11.9907,5.6576,15.8312,11.2472,14.9211,8.5089,11.0616,14.1834,15.2128,15.5254,14.5728,12.7347,10.2538,14.2691,14.2004,15.0932,15.9105,9.0994,5.2743,7.0617,6.5634,14.7157,15.8939,17.4672,15.9686,5.1320,4.8844,7.7516,6.1806,13.9626,10.9746,12.8465,15.9260,15.2934,8.5614,6.7914,15.3118,11.4621,13.3323,14.0412,8.7697,6.3299,7.4742,14.9660,15.8713,15.5660,14.4829,8.3071,11.7021,12.1713,9.8681,11.4326,16.3534,12.5640,12.4357,14.4334,11.6499,11.2400,12.8292,15.0630,15.5881,14.8633,16.6134,14.5339,14.9619,14.1751,12.1965,12.7603,13.6939,14.9012,10.3375,9.2347,12.4192,14.9014,14.2929,12.7132,14.1814,14.6969,12.5724,11.2690,14.3703,10.9587,12.0382,12.8511,14.7378,9.6193,14.1551,7.2641,11.2821,16.2795,16.4619,16.8123,10.9330,10.5921,11.3732,11.7313,9.9756,10.3410,10.5093,11.3688,13.0930,13.1687,12.0193,7.0074,11.5730,10.3310,15.0102,13.9497,8.6226,9.5288,10.1132,8.1518,6.8672,8.9891,9.4222,12.1795,6.4831,7.0042,11.1183,12.4400,9.5106,12.0023,13.7626,13.8375,12.2639,11.6507,13.0906,11.5738,8.7210,12.7169,10.9946,12.5920,16.0766,10.7663,15.0200,11.9720,14.0016,15.1490,16.5907,12.8298,15.1537,15.1799,15.2752,17.0996,16.5878,13.3077,11.8750,11.9915,16.9233
45108.2916667,15.3864,23.3365,44.0600,33.0085,46.9554,49.8438,65.5204,33.8242,60.7748,66.6509,50.6342,66.0159,64.2950,64.3017,39.0309,43.9174,53.4094,65.7975,48.5259,35.9208,38.5264,26.0636,33.9132,37.7613,41.5280,48.3409,31.0462,19.8326,54.1210,30.9289,24.9726,18.0897,28.2822,42.6134,30.1631,32.9912,57.3733,43.2048,21.2578,67.0048,37.0413,50.0053,29.2149,37.4341,46.7775,65.0125,49.4407,45.5576,56.8496,36.1623,61.9026,61.6764,64.6172,63.0720,30.0647,27.7377,24.3126,36.5104,44.8222,67.2375,68.2002,67.4821,18.0733,17.7234,32.9716,20.3658,46.8308,43.0310,57.1736,54.3970,61.0453,29.1972,31.9276,51.2433,38.2464,58.8057,46.7572,31.4361,21.5386,26.0855,52.3568,66.0772,66.1491,55.1546,27.5368,39.2651,39.9265,32.5326,37.6905,64.5492,52.0563,55.8427,46.4633,53.2490,51.9001,42.5050,50.4631,66.2246,49.0610,65.4120,49.7535,52.9949,61.5600,55.0461,56.8997,45.5110,50.9756,35.5639,33.6409,54.5148,63.9629,49.2680,49.9180,46.9857,63.2887,56.2801,48.4671,51.0907,50.9545,54.5146,42.4031,63.2463,33.1570,61.4962,23.7347,38.8150,64.3215,64.9235,66.0798,50.8653,49.7401,52.3170,49.3173,45.9337,35.9594,36.8483,38.4285,49.7169,58.2385,39.6518,23.8248,42.9299,37.1535,64.3135,46.5215,28.5360,31.7256,33.7339,34.2783,23.3223,30.0663,31.3957,43.8755,22.5439,24.5727,37.2329,53.7047,35.0684,54.3843,60.1157,60.4409,45.7979,42.7278,43.5613,44.6990,35.4128,42.2488,41.2800,48.7704,63.6615,41.8250,64.3237,39.6413,59.8999,60.6002,65.3583,43.0695,64.7832,64.8653,65.1845,67.0380,65.3495,44.5002,39.6524,40.0035,66.4588
45108.3333333,35.4140,50.2787,92.0675,66.0964,109.6358,156.9636,160.0984,76.1433,150.5820,162.3653,130.2469,161.0921,157.6411,157.6546,78.8833,146.7584,160.4474,160.6543,151.7124,74.9489,135.7818,63.6155,68.0270,84.4210,129.5641,100.8090,120.2885,38.4336,137.2360,74.9881,58.7177,62.6102,76.0145,100.9344,119.1092,68.2409,143.7584,92.4764,46.5268,163.0776,74.3003,157.1587,61.3952,76.3492,106.9810,159.0819,152.6407,93.8892,142.7069,76.0242,152.8433,152.3896,158.2891,155.1892,62.9296,74.9171,48.1936,101.9033,95.0439,163.5458,165.4772,164.0366,39.3739,37.7921,79.0876,40.8618,142.3241,129.9281,143.3549,119.5467,151.1232,60.1642,81.3407,159.7232,116.1298,146.6293,151.3198,66.3121,44.4732,54.3194,115.8387,161.2206,161.3648,154.2288,55.3925,80.7758,87.0482,65.2891,75.6402,158.1545,133.0828,140.6817,126.9133,135.4757,132.7693,143.2786,158.0591,161.5178,156.7336,159.8869,104.4359,113.3139,152.1555,139.0811,142.8016,148.9924,106.2754,101.1751,75.1022,138.0145,156.9784,152.9547,114.3061,152.2141,155.6254,141.5567,118.2865,110.4477,130.8652,138.0117,85.3174,155.5406,74.2855,152.0273,52.7687,81.0188,157.6991,158.9078,161.2292,130.6846,128.4255,133.5989,127.5764,120.7831,71.4001,77.4491,77.1984,143.2473,145.4865,102.2500,52.2024,93.9485,72.0734,157.6836,93.7563,57.1505,121.3679,67.5667,70.6341,51.5787,60.0719,63.0787,93.8882,48.2044,51.3103,131.8907,136.3826,76.2057,137.7470,149.2551,149.9081,109.1844,109.8409,88.2454,101.0419,84.0012,87.1264,131.0262,141.3263,156.3749,96.8768,157.7046,87.8075,148.8216,150.2278,159.7820,88.2646,158.6272,158.7921,159.4330,163.1548,159.7645,88.9048,80.3734,80.0472,161.9922
45108.3750000,56.5215,77.2737,160.2678,120.6579,247.2477,279.2656,283.9186,122.2441,269.7929,287.2835,239.6082,285.3935,280.2710,280.2910,249.5724,264.1168,284.4364,284.7435,271.4703,124.3701,247.8224,108.4342,101.1879,135.1120,238.5895,192.8857,224.8171,58.3914,249.9757,128.0064,98.6477,109.6308,140.8037,234.2575,223.0633,231.4809,259.6571,138.8348,72.2009,288.3387,155.5510,279.5507,93.0250,113.7879,272.3057,282.4052,272.8418,135.1275,258.0926,113.7713,273.1420,272.4685,281.2277,276.6250,222.4103,139.1696,78.3357,197.5067,264.9023,289.0326,291.9003,289.7613,60.6912,57.4121,134.0976,60.6766,257.5188,239.1116,259.0494,199.9625,270.5848,90.9968,145.0728,283.3551,200.3649,263.9107,270.8759,219.1122,70.7243,88.0837,279.8252,285.5770,285.7911,275.1934,82.1774,121.0156,131.3448,96.9657,112.3390,281.0227,243.7869,255.0729,197.0645,247.3392,243.3212,258.9281,280.8802,286.0167,278.9106,283.5942,275.6206,279.7639,272.1106,252.6909,258.2171,267.4125,202.3461,171.2461,119.6909,251.1065,279.2739,273.2971,188.4692,272.1966,277.2632,256.3648,206.9049,274.0413,240.4813,251.0969,167.3569,277.1357,127.3056,271.9164,79.5324,151.1554,280.3418,282.1372,285.5857,240.2103,236.8539,244.5391,235.5921,225.4998,154.8105,107.5468,122.9111,258.8713,262.1976,158.7677,76.4068,172.5679,232.4167,280.3174,168.4496,85.8972,226.3651,232.1100,212.7998,77.7751,220.9713,97.8602,128.8267,141.8740,78.0875,241.9962,248.6696,99.9864,250.6966,267.7942,268.7644,240.8312,247.1797,139.2258,164.0634,141.4205,149.4868,240.7099,256.0131,278.3716,160.5503,280.3472,128.8939,267.1493,269.2385,283.4337,137.7901,281.7179,281.9628,282.9152,288.4448,283.4075,263.5383,127.4157,126.8690,286.7170
45108.4166667,75.1882,99.3872,430.5463,213.1192,418.1752,458.5842,464.4567,145.2630,446.6272,468.7035,408.5273,466.3175,459.8516,459.8766,421.1029,439.4608,465.1083,465.4957,448.7415,210.7370,418.8897,149.3623,401.8022,181.0644,407.2239,449.0188,389.8293,346.0666,421.5882,191.1978,367.6969,167.9994,234.6935,401.7401,387.6058,398.2320,433.8039,233.5225,105.6905,470.0146,413.4246,458.9157,118.2783,140.3217,449.7620,462.5145,450.4389,201.4354,431.8147,158.1475,450.8151,449.9646,461.0245,455.2117,386.7503,232.6168,116.6950,355.3041,440.4082,470.8791,474.5003,471.7992,75.0127,79.5459,241.0205,204.4316,431.0682,407.8204,433.0008,455.4117,447.5692,116.1609,230.9519,463.6967,309.8946,439.1357,447.9327,382.5551,112.2967,195.4090,459.2235,466.4892,466.7596,453.3727,103.1724,160.2766,155.3030,141.2610,415.4948,460.7311,413.6925,427.9507,443.3598,418.1740,413.1038,432.8141,460.5458,467.0300,458.0520,463.9695,453.8952,459.1292,449.4595,424.9234,431.9056,443.5236,458.4925,256.0067,196.3418,422.9202,458.5087,450.9560,262.1019,449.5621,455.9623,429.5522,308.7802,451.8852,409.4749,422.8876,432.9924,455.7915,392.4355,449.1949,100.0738,411.3903,459.8405,462.1089,466.4663,409.1226,404.8799,414.5916,403.2839,390.5280,401.7404,167.4138,178.1593,432.6993,436.9025,422.6017,99.7301,417.0488,399.2616,459.8009,446.1708,175.5347,391.6106,398.8678,374.4599,120.3099,384.7861,136.9842,182.5381,226.8948,116.6197,411.3588,419.7935,141.9076,422.3546,443.9653,445.1919,409.8853,417.9088,198.0861,230.8139,208.1958,256.5177,409.7267,429.0702,457.3315,232.3761,459.8288,186.3952,443.1465,445.7872,463.7302,197.6033,461.5614,461.8707,463.0749,470.0641,463.6955,438.5796,183.0806,180.7941,467.8762
45108.4583333,75.3134,99.0028,636.0190,603.4451,623.4965,664.3496,670.2867,194.3635,652.2575,674.5801,213.1502,672.1663,665.6277,665.6524,626.4434,645.0065,670.9413,671.3325,654.3891,317.3662,624.1965,151.9862,606.9055,205.3766,612.3765,654.6435,594.7658,212.3895,626.8854,172.6134,572.3692,226.0160,325.8563,315.9318,592.4982,603.2454,639.2281,627.9361,155.4464,675.8583,618.6016,664.6219,111.2523,161.8423,655.3477,668.2511,656.0325,351.4181,637.1868,151.4122,656.4068,655.5462,666.7363,660.8525,182.2932,146.8243,159.5661,340.4901,645.8715,676.7059,680.3703,677.6371,109.3508,96.3848,127.3074,192.0707,636.3855,612.8539,638.3408,661.0245,653.0860,189.4731,164.1950,669.4082,226.8675,644.5405,653.4451,587.2669,158.1117,166.9409,664.8471,672.2036,672.4774,658.9235,125.1293,185.2262,628.6898,381.9181,620.5558,666.3622,618.7313,633.1712,648.7597,623.2572,618.1343,638.0818,666.1626,672.7180,663.6250,669.6185,659.4151,664.7141,654.9200,630.0681,637.1403,648.9079,664.0692,606.6635,406.0554,628.0366,664.0824,656.4299,636.5388,655.0108,661.4903,634.7296,222.1526,657.3472,614.3763,627.9615,638.1986,661.2958,597.1047,654.6104,566.9043,616.3040,665.3928,667.6897,672.1035,614.0000,609.6989,365.7455,170.8622,195.1518,310.6989,607.8889,619.4652,637.8756,642.1335,627.6493,564.4702,622.0116,603.9847,665.3327,651.5187,584.8041,596.2262,603.5736,186.6817,168.0070,197.5523,594.8452,629.6151,166.9368,171.2382,616.2239,624.7720,595.9422,627.3657,649.2685,650.5120,614.7283,622.8587,385.8950,368.7461,583.1092,633.9112,614.5568,634.1630,662.8081,607.6173,665.3395,626.3422,648.4307,651.1069,669.2939,247.5099,667.0956,667.4083,668.6298,675.7135,669.2554,643.7966,625.7128,627.1710,673.4868
45108.5000000,62.1381,166.1193,710.0540,676.2851,697.0704,739.4205,745.5752,224.6108,726.8848,750.0259,686.9440,747.5234,740.7450,740.7705,700.1235,719.3673,746.2531,746.6586,729.0937,682.8778,697.7929,179.4770,679.8661,235.4723,685.5361,729.3536,667.2765,128.6824,700.5747,201.7587,644.0562,158.4650,180.3971,679.7500,664.9230,676.0646,713.3686,701.6616,317.7607,751.3441,691.9830,739.6938,178.8345,186.3646,730.0769,743.4546,730.7868,718.4073,711.2482,219.2831,731.1740,730.2818,741.8831,735.7827,209.0707,174.6744,186.0381,329.4620,720.2506,752.2190,756.0182,753.1844,94.2146,81.8439,173.8465,318.6827,710.4109,686.0130,712.4381,735.9567,727.7259,655.9134,194.5284,744.6486,257.9546,718.8645,728.0969,659.4822,186.1272,194.0783,739.9149,747.5425,747.8264,733.7730,137.2925,257.9782,702.4226,295.0236,693.9890,741.4842,692.0972,707.0698,723.2309,696.7883,691.4782,712.1594,741.2755,748.0711,738.6426,744.8573,734.2773,739.7716,729.6160,703.8470,711.1802,723.3820,739.1028,679.5777,406.0978,701.7401,739.1162,731.1808,710.5549,729.7083,736.4264,708.6766,252.6145,732.1286,687.5697,701.6562,712.2715,736.2217,669.6588,729.2890,638.3416,689.5667,740.4693,742.8509,747.4277,687.1766,682.7163,692.9191,243.1207,233.9736,679.4050,680.8381,692.8424,711.9327,716.3479,701.3292,635.8128,695.4815,676.7879,740.4042,726.0791,656.8973,668.7417,676.3598,216.4554,196.7302,661.5531,667.3077,703.3639,196.2160,200.2736,689.4768,698.3411,668.4445,701.0305,723.7436,725.0331,687.9255,696.3565,715.0031,695.1438,655.1349,707.8168,687.7462,708.0779,737.7830,680.5499,740.4081,699.9677,722.8737,725.6488,744.5089,279.8364,742.2292,742.5534,743.8202,751.1659,744.4684,718.0673,699.3138,700.8255,748.8555
45108.5416667,127.6069,642.3703,726.1018,691.2058,712.6859,756.4509,762.8111,236.0427,743.4967,767.4105,702.2225,764.8246,757.8199,757.8463,715.8422,735.7286,763.5121,763.9312,745.7800,698.0212,713.4348,186.1473,694.9105,240.9165,700.7709,746.0512,242.6084,136.1213,716.3132,214.2007,219.6307,112.7638,187.3914,694.7946,679.4734,690.9868,729.5354,717.4380,195.4865,768.7777,707.4374,756.7396,226.2484,704.8980,746.8034,760.6271,747.5369,734.7448,727.3470,249.9705,747.9376,747.0157,759.0039,752.7003,678.4778,177.4202,196.0701,199.2135,736.6506,769.6845,773.6103,770.6821,172.4707,134.7589,189.7964,639.1063,726.4863,701.2757,728.5811,752.8832,744.3783,670.1735,647.2482,761.8649,418.2839,735.2225,744.7625,237.0382,195.8122,201.1048,756.9769,764.8583,765.1517,750.6305,667.4217,709.9645,718.2382,688.4548,709.5237,758.5996,707.5690,723.0396,739.7400,712.4173,706.9294,728.3000,758.3851,765.4079,755.6658,762.0872,751.1553,756.8326,746.3393,719.7132,727.2903,739.8979,756.1416,694.6373,673.7694,717.5365,756.1557,747.9567,726.6452,746.4359,753.3778,724.7060,707.0898,748.9383,702.8987,717.4538,728.4220,753.1684,684.3933,746.0055,217.0022,704.9634,757.5577,760.0187,764.7476,702.4945,259.4242,708.4281,255.1194,246.0381,694.4659,695.9464,271.4704,728.0745,732.6365,717.1182,649.4262,711.0772,691.7628,757.4925,742.6917,671.2119,683.4498,691.3216,228.1222,647.0421,676.0237,681.9694,719.2231,206.6762,649.2942,704.8751,714.0338,683.1445,716.8127,740.2800,741.6123,703.2725,711.9836,731.2495,710.7312,669.3941,723.8252,703.0882,724.0951,754.7864,695.6529,757.4987,715.7156,739.3820,742.2493,761.7356,727.9629,759.3802,759.7153,761.0241,768.6137,761.6942,734.4166,715.0407,716.6029,766.2276
45108.5833333,495.8457,533.6202,624.3705,586.5580,609.8435,657.2771,664.1705,219.3879,643.2402,669.1555,598.5140,666.3542,658.7638,658.7930,613.2756,634.8260,664.9340,665.3887,645.7201,593.9676,610.6743,167.8617,590.6107,584.3440,596.9712,646.0371,177.0318,92.5766,613.8281,194.7926,200.7358,137.7046,166.7753,240.0736,573.9260,218.2462,628.1654,615.0612,173.5578,670.6801,604.2343,657.6461,208.8271,601.4976,646.8940,661.8680,647.6888,633.8331,625.8199,589.7214,648.1284,647.1298,660.1161,653.2899,199.8477,158.3268,175.8692,176.0864,635.9069,671.6869,675.9391,672.7674,150.3486,128.6257,178.2556,152.1982,624.9276,597.6263,627.1969,653.5150,644.3050,563.9444,539.1206,663.2438,607.1678,634.3980,644.7290,216.2753,176.7969,548.9601,657.9801,666.5135,666.8312,651.1085,561.0369,607.0944,616.0511,583.8051,606.6154,659.7472,604.4986,621.2461,639.3398,609.7581,603.8069,626.9536,659.5257,667.1385,656.5926,663.5436,651.7100,657.8574,646.4989,617.6774,625.8791,639.5263,657.1094,590.5387,567.9487,615.3234,657.1275,648.2548,625.1899,646.6150,654.1322,358.2485,604.0410,649.3385,599.5148,265.9736,627.1411,653.9246,579.4942,646.1744,544.4812,601.7604,658.6797,661.3441,666.4629,250.7193,594.1088,257.4070,236.1253,175.6634,590.4165,592.0170,605.4385,626.7879,631.7256,614.9267,541.6845,608.3989,587.5004,658.6268,642.6125,565.2665,195.3961,587.0334,209.4553,539.1271,570.4861,576.9187,617.2279,186.4148,541.5652,601.7062,611.6163,578.1956,614.6247,640.0162,641.4574,599.9741,609.4008,630.2466,608.0509,563.3282,622.2201,599.7839,622.5121,655.7185,591.7390,658.6527,613.4457,639.0515,642.1541,663.2368,626.6967,660.6885,661.0517,662.4669,670.6789,663.1950,633.6837,612.7228,614.4162,668.1054
45108.6250000,530.3283,563.7997,644.2268,610.7094,631.3427,673.3803,679.4896,202.7850,660.9380,683.9075,621.2940,681.4238,674.6958,674.7213,634.3763,653.4773,680.1635,680.5662,663.1320,617.2598,632.0652,155.0537,614.2743,608.7154,619.9049,663.3963,161.5770,83.6878,343.0877,145.8753,187.7609,99.4564,155.5208,203.5850,282.3331,198.7837,647.5372,635.9186,162.6646,685.2276,626.3148,673.6669,357.1863,623.8782,664.1257,677.4023,664.8303,652.5446,645.4396,332.7746,665.2160,664.3306,675.8444,669.7906,181.7758,107.1632,161.3045,150.2457,654.3765,686.1025,689.8729,687.0606,139.6928,117.3305,179.8650,155.3223,252.9615,620.4082,646.6316,669.9707,661.8029,185.1227,155.3110,678.5968,628.8630,653.0113,662.1732,199.4642,164.0591,577.2275,673.9073,681.4762,681.7579,667.8127,587.9084,628.7627,636.7079,608.1063,628.3391,675.4673,626.4618,641.3182,657.3580,631.1195,227.9476,646.3719,675.2632,682.0088,672.6535,678.8199,668.3222,673.7743,663.6978,334.8070,645.4054,657.5123,673.1107,614.0503,594.0110,636.0395,673.1247,665.2518,644.7875,663.7925,670.4591,308.7327,626.0121,666.1980,228.0372,243.8763,646.4984,670.2612,604.2208,663.3834,573.1510,623.9738,674.4767,676.8400,681.3811,231.1283,342.0521,235.4425,164.0499,197.3053,613.8965,615.3179,627.2275,646.1686,650.5492,635.6472,322.3795,239.0877,220.5895,674.4170,660.2054,591.5701,176.4648,610.8807,193.7711,175.7026,205.1584,601.9015,637.6724,333.6955,178.7015,623.8960,632.6902,603.0308,635.3588,657.8919,659.1711,309.7208,630.7221,649.2211,629.5204,589.8295,642.0935,314.7199,642.3526,671.8219,615.0429,674.4261,634.3067,657.0308,269.1790,678.4943,646.0664,676.2327,676.5545,677.8111,685.0986,678.4550,652.2638,633.6599,635.1605,682.8088
45108.6666667,204.7497,165.5852,462.1176,428.9770,449.3882,490.9638,497.0059,138.3212,478.6614,501.3752,182.5828,498.9203,492.2676,492.2933,452.3995,471.2876,497.6760,498.0746,480.8363,435.4780,256.6364,176.1864,432.5398,427.0491,145.0090,481.1199,198.7883,97.0215,307.7711,110.6153,276.4807,83.2600,90.9613,216.7665,227.9598,204.6912,465.4633,453.9799,116.8380,502.7213,444.4938,491.3007,406.5390,442.0995,481.8813,495.0029,482.5778,470.4363,463.4145,431.7827,482.9644,482.0893,493.4693,487.4881,223.8467,98.8813,127.2530,120.1121,472.2560,503.6090,507.3350,504.5558,143.0505,126.8132,399.8687,156.5603,462.6432,438.7218,464.6317,487.6919,321.6379,409.2097,119.1367,496.2167,447.0848,470.9436,479.9955,151.6260,214.9075,396.0900,491.6118,499.0881,499.3664,485.5914,406.6836,447.0340,454.8808,426.6298,446.6138,493.1624,189.1226,459.4312,475.2863,449.3699,184.3595,464.4347,492.9709,499.6425,490.4039,496.4932,486.1265,491.5123,481.5619,456.3134,463.4983,475.4536,490.8571,432.5405,412.7506,454.2519,490.8735,483.1014,306.8851,481.6665,488.2524,226.0935,444.3753,484.0560,182.9123,197.9241,464.6137,488.0751,165.5552,481.2868,132.0383,442.3833,492.2415,494.5757,499.0597,247.4150,209.4142,445.6770,207.2338,194.2670,432.4515,433.8530,445.6090,464.3102,468.6356,453.9195,131.7807,448.2044,264.8695,492.1994,478.1729,410.4265,229.4642,429.4938,144.3195,130.8142,158.9151,228.1054,455.9416,190.3477,389.6714,181.6415,451.0275,246.0671,453.6629,475.9022,477.1645,440.8309,449.0877,467.3458,447.9068,152.2133,460.3174,215.4793,460.5732,489.6568,178.6480,492.2267,452.6324,475.0591,477.7765,496.2417,464.2382,494.0097,494.3279,495.5672,502.7598,496.2057,470.3590,452.0012,453.4853,500.5076
45108.7083333,131.7125,92.2042,291.7880,108.3878,131.7361,315.6253,320.6169,104.8623,226.8912,324.2266,129.5296,322.1990,316.7037,316.7251,283.7709,299.3738,321.1721,321.5015,307.2623,126.1153,138.6206,129.4747,267.3744,262.8419,112.9737,307.5067,150.6300,70.5693,192.6185,93.6115,95.2036,70.0180,75.2770,126.4251,130.0352,116.5684,194.0864,285.1029,103.4074,325.3560,277.2722,315.9275,245.9338,275.3017,308.1540,318.9893,308.7292,298.7036,207.4233,266.7872,309.0509,308.3283,317.7256,312.7874,108.1071,83.5636,105.2132,80.0273,215.1088,326.0990,329.1757,326.8808,78.6433,95.2721,160.6203,87.6720,292.2869,193.5541,293.9289,312.9673,261.2732,248.1729,79.4735,320.0063,279.4467,299.1439,306.6169,110.9625,147.0839,237.3576,316.2171,322.3884,322.6181,311.2475,246.1237,279.4281,285.9044,262.5856,279.0804,317.5013,134.7183,289.6587,302.7513,281.3599,132.8278,293.7942,317.3477,322.8583,315.2337,320.2591,311.7036,316.1492,307.9374,205.2720,146.9763,302.8964,315.6085,267.4837,251.1511,285.4002,315.6232,309.2101,215.4006,308.0288,313.4651,174.3635,222.0192,310.0072,129.8751,139.3008,293.9674,313.3270,116.0662,307.7265,143.0528,275.6278,316.7668,318.6933,322.3935,134.5000,135.3392,278.3493,154.1804,121.1442,267.4411,268.5966,278.2959,293.7275,297.2966,285.1522,103.8362,140.5601,125.7101,316.7396,305.1680,91.0688,101.3228,265.0103,107.4721,76.5048,110.1580,166.5966,286.8315,93.2031,232.1606,131.3251,139.8147,112.1542,166.7238,303.3006,304.3417,156.6403,203.5342,296.2424,280.2083,101.6603,290.4473,183.1539,290.6583,314.6503,177.3405,316.7703,284.1075,225.3489,304.8499,320.0823,293.6816,318.2411,318.5039,319.5259,325.4595,320.0539,298.7329,283.5903,284.8160,323.6049
45108.7500000,58.0829,46.7937,137.5017,66.8246,78.4659,152.5808,155.7376,63.9349,112.9501,158.0204,88.5313,156.7385,153.2634,153.2771,132.4379,142.3048,156.0895,113.4304,107.7765,74.4634,87.2036,53.1329,69.2457,119.2097,71.5798,147.4538,82.1745,43.0368,104.2445,55.4577,59.7621,41.4930,43.8652,78.0607,78.0836,72.8751,92.3891,133.2951,44.8598,158.7436,128.3464,152.7845,108.5380,127.1047,147.8730,154.7224,148.2367,141.8993,105.1054,121.7250,148.4413,147.9845,153.9250,150.8039,61.4163,46.5036,50.3674,51.4177,125.9707,159.2183,161.1631,159.7125,46.0649,49.6463,88.1874,41.1436,137.8534,104.9092,138.8914,150.9238,133.0609,109.9734,48.1396,155.3729,129.7410,142.1894,146.9122,66.4055,71.1147,103.1478,152.9847,156.8843,157.0295,149.8445,108.6998,129.7426,133.8344,119.1003,129.5224,153.7985,83.2010,136.2057,144.4814,130.9654,76.3506,90.5172,153.7038,157.1875,152.3706,155.5454,107.5811,152.9493,101.8420,114.1820,96.2797,144.5768,152.6077,122.2064,111.8879,133.5243,152.6177,148.5668,114.2784,147.8220,151.2569,100.1823,111.5718,149.0753,74.9584,84.1087,138.9454,102.2892,65.8805,147.6370,72.9030,84.7603,153.3478,154.5649,156.9022,78.7651,82.3115,82.1749,76.9238,74.6226,122.1973,122.9267,129.0524,138.7997,141.0542,133.3825,58.9132,84.3918,70.3336,153.3345,146.0268,57.5137,65.2384,120.6676,63.4414,52.0788,62.2591,71.3226,134.4493,46.5364,69.2650,75.6254,80.9919,69.9404,81.4149,144.8507,145.5082,93.6426,97.9461,140.3939,130.2697,59.4676,136.7360,87.1246,97.6873,152.0196,94.5540,153.3582,132.7325,111.4855,108.8755,155.4497,138.7783,154.2870,154.4531,155.0983,158.8452,155.4324,141.9692,132.4079,133.1827,157.6759
45108.7916667,17.2813,34.0545,58.8784,46.0265,53.4648,100.2208,102.4041,44.2512,76.9867,103.9829,60.4826,103.0960,74.3868,100.7018,86.2882,93.1126,102.6467,71.7929,74.8486,51.5884,60.1297,27.1241,47.3989,45.3844,49.3964,96.6697,42.9421,29.8511,70.4588,38.2685,41.1473,28.6943,30.2505,53.8027,42.1344,46.0850,65.4556,86.8737,28.7349,104.4743,51.7440,100.3515,69.7494,82.5897,96.9527,101.6898,97.2042,92.8211,59.4473,78.8680,97.3448,81.0342,101.1371,98.9783,43.6376,31.8125,36.5977,35.4876,84.0931,104.7976,106.1426,105.1394,31.3277,33.5140,57.9623,28.4542,90.0173,69.9737,90.7350,99.0564,64.9708,70.7358,33.4119,102.1330,84.4056,61.3852,67.5028,45.8339,47.0067,34.3990,100.4759,103.1727,103.2731,98.3043,38.2702,84.4006,87.2304,45.4602,84.2486,85.0920,57.4458,88.8707,94.5918,53.6748,53.0740,59.1371,100.9693,103.3765,100.0454,102.2409,68.8376,100.4453,65.8062,76.3761,66.2610,94.6554,100.2091,79.1847,72.0493,87.0118,100.2154,97.4137,76.8476,96.8976,99.2724,68.5166,74.1172,79.1288,51.2977,58.2608,60.0621,67.9250,47.7491,96.7655,33.1987,61.8012,100.7140,70.0746,103.1714,54.4886,56.5626,57.6693,54.6039,51.2454,79.1714,79.6760,83.9120,90.6516,92.2104,58.7585,40.3414,58.3079,47.8766,100.7015,95.6480,39.7703,45.2300,46.6484,37.8612,36.0027,44.9656,47.2813,87.6409,32.8815,47.8850,51.9267,56.5919,48.3522,57.1285,94.8327,95.2873,55.0524,66.5769,91.7506,84.7493,41.2390,70.6285,59.7093,68.4033,99.7886,63.7280,100.7143,86.4521,75.9384,66.4841,102.1605,90.6326,101.3565,101.4713,101.9175,104.5084,102.1480,92.8383,86.2266,86.7620,103.6982
45108.8333333,5.3865,9.1221,18.0897,14.3560,16.6613,21.4623,24.9046,13.5653,22.8374,25.3969,15.8013,22.2739,21.5937,24.3736,17.0009,19.8719,22.1099,25.0250,20.2322,15.0955,16.7464,8.4581,14.7694,14.1759,15.4630,23.1155,13.3901,8.6315,19.9381,10.9647,10.8261,7.9757,8.4649,17.6395,13.1347,14.3660,18.4867,17.1968,9.5692,25.5478,16.1287,21.3974,11.9609,15.9255,23.2028,24.6791,23.2811,21.9151,18.2647,14.7233,20.4650,20.3656,21.6458,20.9751,13.0613,8.0200,10.2305,9.7111,22.1204,25.6472,26.0664,25.7537,7.7846,7.0119,11.1169,8.8649,21.0412,16.7033,18.4259,21.0033,20.0961,12.1804,9.7538,24.8157,16.4407,19.1227,22.9924,13.1032,9.5278,11.4501,24.2983,25.1382,25.1695,23.6220,11.9172,19.2920,20.1732,14.1565,16.4009,21.7390,17.2222,17.8398,22.4654,16.7132,16.3141,18.4054,21.6100,25.2001,24.1631,22.0321,21.2705,24.2875,23.1706,20.3365,21.1430,22.4849,24.2140,14.8316,13.3703,18.9434,21.4061,23.3435,21.0761,20.3472,21.0964,18.0451,16.1663,23.4513,15.9811,17.6448,18.4413,21.0772,13.7767,23.1410,11.0518,18.7779,21.5406,21.9911,22.3066,18.5167,16.5092,19.1481,16.2100,16.3717,15.0939,15.3668,16.3148,21.2382,18.8975,17.2458,10.8130,16.8619,14.7588,21.6623,19.9752,12.3741,13.6745,14.5134,11.6987,9.8121,12.9357,13.5219,17.4790,9.2900,10.0519,15.9562,16.9291,13.6490,17.2249,19.7173,19.8587,15.7867,16.7125,18.7587,19.4019,15.0130,20.7928,16.1863,20.8214,24.0803,15.2368,24.3683,18.0950,22.4446,21.3618,24.8182,21.2321,24.5681,24.6038,24.7426,25.5486,22.0059,19.1001,19.8615,17.2101,22.9013
45108.8750000,0.0000,0.0000,0.0000,0.0000,0.0000,0.0000,0.0000,0.0000,0.0000,0.0000,0.0000,0.0000,0.0000,0.0000,0.0000,0.0000,0.0000,0.0000,0.0000,0.0000,0.0000,0.0000,0.0000,0.0000,0.0000,0.0000,0.0000,0.0000,0.0000,0.0000,0.0000,0.0000,0.0000,0.0000,0.0000,0.0000,0.0000,0.0000,0.0000,0.0000,0.0000,0.0000,0.0000,0.0000,0.0000,0.0000,0.0000,0.0000,0.0000,0.0000,0.0000,0.0000,0.0000,0.0000,0.0000,0.0000,0.0000,0.0000,0.0000,0.0000,0.0000,0.0000,0.0000,0.0000,0.0000,0.0000,0.0000,0.0000,0.0000,0.0000,0.0000,0.0000,0.0000,0.0000,0.0000,0.0000,0.0000,0.0000,0.0000,0.0000,0.0000,0.0000,0.0000,0.0000,0.0000,0.0000,0.0000,0.0000,0.0000,0.0000,0.0000,0.0000,0.0000,0.0000,0.0000,0.0000,0.0000,0.0000,0.0000,0.0000,0.0000,0.0000,0.0000,0.0000,0.0000,0.0000,0.0000,0.0000,0.0000,0.0000,0.0000,0.0000,0.0000,0.0000,0.0000,0.0000,0.0000,0.0000,0.0000,0.0000,0.0000,0.0000,0.0000,0.0000,0.0000,0.0000,0.0000,0.0000,0.0000,0.0000,0.0000,0.0000,0.0000,0.0000,0.0000,0.0000,0.0000,0.0000,0.0000,0.0000,0.0000,0.0000,0.0000,0.0000,0.0000,0.0000,0.0000,0.0000,0.0000,0.0000,0.0000,0.0000,0.0000,0.0000,0.0000,0.0000,0.0000,0.0000,0.0000,0.0000,0.0000,0.0000,0.0000,0.0000,0.0000,0.0000,0.0000,0.0000,0.0000,0.0000,0.0000,0.0000,0.0000,0.0000,0.0000,0.0000,0.0000,0.0000,0.0000,0.0000,0.0000,0.0000,0.0000,0.0000,0.0000,0.0000
45108.9166667,0.0000,0.0000,0.0000,0.0000,0.0000,0.0000,0.0000,0.0000,0.0000,0.0000,0.0000,0.0000,0.0000,0.0000,0.0000,0.0000,0.0000,0.0000,0.0000,0.0000,0.0000,0.0000,0.0000,0.0000,0.0000,0.0000,0.0000,0.0000,0.0000,0.0000,0.0000,0.0000,0.0000,0.0000,0.0000,0.0000,0.0000,0.0000,0.0000,0.0000,0.0000,0.0000,0.0000,0.0000,0.0000,0.0000,0.0000,0.0000,0.0000,0.0000,0.0000,0.0000,0.0000,0.0000,0.0000,0.0000,0.0000,0.0000,0.0000,0.0000,0.0000,0.0000,0.0000,0.0000,0.0000,0.0000,0.0000,0.0000,0.0000,0.0000,0.0000,0.0000,0.0000,0.0000,0.0000,0.0000,0.0000,0.0000,0.0000,0.0000,0.0000,0.0000,0.0000,0.0000,0.0000,0.0000,0.0000,0.0000,0.0000,0.0000,0.0000,0.0000,0.0000,0.0000,0.0000,0.0000,0.0000,0.0000,0.0000,0.0000,0.0000,0.0000,0.0000,0.0000,0.0000,0.0000,0.0000,0.0000,0.0000,0.0000,0.0000,0.0000,0.0000,0.0000,0.0000,0.0000,0.0000,0.0000,0.0000,0.0000,0.0000,0.0000,0.0000,0.0000,0.0000,0.0000,0.0000,0.0000,0.0000,0.0000,0.0000,0.0000,0.0000,0.0000,0.0000,0.0000,0.0000,0.0000,0.0000,0.0000,0.0000,0.0000,0.0000,0.0000,0.0000,0.0000,0.0000,0.0000,0.0000,0.0000,0.0000,0.0000,0.0000,0.0000,0.0000,0.0000,0.0000,0.0000,0.0000,0.0000,0.0000,0.0000,0.0000,0.0000,0.0000,0.0000,0.0000,0.0000,0.0000,0.0000,0.0000,0.0000,0.0000,0.0000,0.0000,0.0000,0.0000,0.0000,0.0000,0.0000,0.0000,0.0000,0.0000,0.0000,0.0000,0.0000
45108.9583333,0.0000,0.0000,0.0000,0.0000,0.0000,0.0000,0.0000,0.0000,0.0000,0.0000,0.0000,0.0000,0.0000,0.0000,0.0000,0.0000,0.0000,0.0000,0.0000,0.0000,0.0000,0.0000,0.0000,0.0000,0.0000,0.0000,0.0000,0.0000,0.0000,0.0000,0.0000,0.0000,0.0000,0.0000,0.0000,0.0000,0.0000,0.0000,0.0000,0.0000,0.0000,0.0000,0.0000,0.0000,0.0000,0.0000,0.0000,0.0000,0.0000,0.0000,0.0000,0.0000,0.0000,0.0000,0.0000,0.0000,0.0000,0.0000,0.0000,0.0000,0.0000,0.0000,0.0000,0.0000,0.0000,0.0000,0.0000,0.0000,0.0000,0.0000,0.0000,0.0000,0.0000,0.0000,0.0000,0.0000,0.0000,0.0000,0.0000,0.0000,0.0000,0.0000,0.0000,0.0000,0.0000,0.0000,0.0000,0.0000,0.0000,0.0000,0.0000,0.0000,0.0000,0.0000,0.0000,0.0000,0.0000,0.0000,0.0000,0.0000,0.0000,0.0000,0.0000,0.0000,0.0000,0.0000,0.0000,0.0000,0.0000,0.0000,0.0000,0.0000,0.0000,0.0000,0.0000,0.0000,0.0000,0.0000,0.0000,0.0000,0.0000,0.0000,0.0000,0.0000,0.0000,0.0000,0.0000,0.0000,0.0000,0.0000,0.0000,0.0000,0.0000,0.0000,0.0000,0.0000,0.0000,0.0000,0.0000,0.0000,0.0000,0.0000,0.0000,0.0000,0.0000,0.0000,0.0000,0.0000,0.0000,0.0000,0.0000,0.0000,0.0000,0.0000,0.0000,0.0000,0.0000,0.0000,0.0000,0.0000,0.0000,0.0000,0.0000,0.0000,0.0000,0.0000,0.0000,0.0000,0.0000,0.0000,0.0000,0.0000,0.0000,0.0000,0.0000,0.0000,0.0000,0.0000,0.0000,0.0000,0.0000,0.0000,0.0000,0.0000,0.0000,0.0000
45109.0000000,0.0000,0.0000,0.0000,0.0000,0.0000,0.0000,0.0000,0.0000,0.0000,0.0000,0.0000,0.0000,0.0000,0.0000,0.0000,0.0000,0.0000,0.0000,0.0000,0.0000,0.0000,0.0000,0.0000,0.0000,0.0000,0.0000,0.0000,0.0000,0.0000,0.0000,0.0000,0.0000,0.0000,0.0000,0.0000,0.0000,0.0000,0.0000,0.0000,0.0000,0.0000,0.0000,0.0000,0.0000,0.0000,0.0000,0.0000,0.0000,0.0000,0.0000,0.0000,0.0000,0.0000,0.0000,0.0000,0.0000,0.0000,0.0000,0.0000,0.0000,0.0000,0.0000,0.0000,0.0000,0.0000,0.0000,0.0000,0.0000,0.0000,0.0000,0.0000,0.0000,0.0000,0.0000,0.0000,0.0000,0.0000,0.0000,0.0000,0.0000,0.0000,0.0000,0.0000,0.0000,0.0000,0.0000,0.0000,0.0000,0.0000,0.0000,0.0000,0.0000,0.0000,0.0000,0.0000,0.0000,0.0000,0.0000,0.0000,0.0000,0.0000,0.0000,0.0000,0.0000,0.0000,0.0000,0.0000,0.0000,0.0000,0.0000,0.0000,0.0000,0.0000,0.0000,0.0000,0.0000,0.0000,0.0000,0.0000,0.0000,0.0000,0.0000,0.0000,0.0000,0.0000,0.0000,0.0000,0.0000,0.0000,0.0000,0.0000,0.0000,0.0000,0.0000,0.0000,0.0000,0.0000,0.0000,0.0000,0.0000,0.0000,0.0000,0.0000,0.0000,0.0000,0.0000,0.0000,0.0000,0.0000,0.0000,0.0000,0.0000,0.0000,0.0000,0.0000,0.0000,0.0000,0.0000,0.0000,0.0000,0.0000,0.0000,0.0000,0.0000,0.0000,0.0000,0.0000,0.0000,0.0000,0.0000,0.0000,0.0000,0.0000,0.0000,0.0000,0.0000,0.0000,0.0000,0.0000,0.0000,0.0000,0.0000,0.0000,0.0000,0.0000,0.0000
45109.0416667,0.0000,0.0000,0.0000,0.0000,0.0000,0.0000,0.0000,0.0000,0.0000,0.0000,0.0000,0.0000,0.0000,0.0000,0.0000,0.0000,0.0000,0.0000,0.0000,0.0000,0.0000,0.0000,0.0000,0.0000,0.0000,0.0000,0.0000,0.0000,0.0000,0.0000,0.0000,0.0000,0.0000,0.0000,0.0000,0.0000,0.0000,0.0000,0.0000,0.0000,0.0000,0.0000,0.0000,0.0000,0.0000,0.0000,0.0000,0.0000,0.0000,0.0000,0.0000,0.0000,0.0000,0.0000,0.0000,0.0000,0.0000,0.0000,0.0000,0.0000,0.0000,0.0000,0.0000,0.0000,0.0000,0.0000,0.0000,0.0000,0.0000,0.0000,0.0000,0.0000,0.0000,0.0000,0.0000,0.0000,0.0000,0.0000,0.0000,0.0000,0.0000,0.0000,0.0000,0.0000,0.0000,0.0000,0.0000,0.0000,0.0000,0.0000,0.0000,0.0000,0.0000,0.0000,0.0000,0.0000,0.0000,0.0000,0.0000,0.0000,0.0000,0.0000,0.0000,0.0000,0.0000,0.0000,0.0000,0.0000,0.0000,0.0000,0.0000,0.0000,0.0000,0.0000,0.0000,0.0000,0.0000,0.0000,0.0000,0.0000,0.0000,0.0000,0.0000,0.0000,0.0000,0.0000,0.0000,0.0000,0.0000,0.0000,0.0000,0.0000,0.0000,0.0000,0.0000,0.0000,0.0000,0.0000,0.0000,0.0000,0.0000,0.0000,0.0000,0.0000,0.0000,0.0000,0.0000,0.0000,0.0000,0.0000,0.0000,0.0000,0.0000,0.0000,0.0000,0.0000,0.0000,0.0000,0.0000,0.0000,0.0000,0.0000,0.0000,0.0000,0.0000,0.0000,0.0000,0.0000,0.0000,0.0000,0.0000,0.0000,0.0000,0.0000,0.0000,0.0000,0.0000,0.0000,0.0000,0.0000,0.0000,0.0000,0.0000,0.0000,0.0000,0.0000
45109.0833333,0.0000,0.0000,0.0000,0.0000,0.0000,0.0000,0.0000,0.0000,0.0000,0.0000,0.0000,0.0000,0.0000,0.0000,0.0000,0.0000,0.0000,0.0000,0.0000,0.0000,0.0000,0.0000,0.0000,0.0000,0.0000,0.0000,0.0000,0.0000,0.0000,0.0000,0.0000,0.0000,0.0000,0.0000,0.0000,0.0000,0.0000,0.0000,0.0000,0.0000,0.0000,0.0000,0.0000,0.0000,0.0000,0.0000,0.0000,0.0000,0.0000,0.0000,0.0000,0.0000,0.0000,0.0000,0.0000,0.0000,0.0000,0.0000,0.0000,0.0000,0.0000,0.0000,0.0000,0.0000,0.0000,0.0000,0.0000,0.0000,0.0000,0.0000,0.0000,0.0000,0.0000,0.0000,0.0000,0.0000,0.0000,0.0000,0.0000,0.0000,0.0000,0.0000,0.0000,0.0000,0.0000,0.0000,0.0000,0.0000,0.0000,0.0000,0.0000,0.0000,0.0000,0.0000,0.0000,0.0000,0.0000,0.0000,0.0000,0.0000,0.0000,0.0000,0.0000,0.0000,0.0000,0.0000,0.0000,0.0000,0.0000,0.0000,0.0000,0.0000,0.0000,0.0000,0.0000,0.0000,0.0000,0.0000,0.0000,0.0000,0.0000,0.0000,0.0000,0.0000,0.0000,0.0000,0.0000,0.0000,0.0000,0.0000,0.0000,0.0000,0.0000,0.0000,0.0000,0.0000,0.0000,0.0000,0.0000,0.0000,0.0000,0.0000,0.0000,0.0000,0.0000,0.0000,0.0000,0.0000,0.0000,0.0000,0.0000,0.0000,0.0000,0.0000,0.0000,0.0000,0.0000,0.0000,0.0000,0.0000,0.0000,0.0000,0.0000,0.0000,0.0000,0.0000,0.0000,0.0000,0.0000,0.0000,0.0000,0.0000,0.0000,0.0000,0.0000,0.0000,0.0000,0.0000,0.0000,0.0000,0.0000,0.0000,0.0000,0.0000,0.0000,0.0000
45109.1250000,0.0000,0.0000,0.0000,0.0000,0.0000,0.0000,0.0000,0.0000,0.0000,0.0000,0.0000,0.0000,0.0000,0.0000,0.0000,0.0000,0.0000,0.0000,0.0000,0.0000,0.0000,0.0000,0.0000,0.0000,0.0000,0.0000,0.0000,0.0000,0.0000,0.0000,0.0000,0.0000,0.0000,0.0000,0.0000,0.0000,0.0000,0.0000,0.0000,0.0000,0.0000,0.0000,0.0000,0.0000,0.0000,0.0000,0.0000,0.0000,0.0000,0.0000,0.0000,0.0000,0.0000,0.0000,0.0000,0.0000,0.0000,0.0000,0.0000,0.0000,0.0000,0.0000,0.0000,0.0000,0.0000,0.0000,0.0000,0.0000,0.0000,0.0000,0.0000,0.0000,0.0000,0.0000,0.0000,0.0000,0.0000,0.0000,0.0000,0.0000,0.0000,0.0000,0.0000,0.0000,0.0000,0.0000,0.0000,0.0000,0.0000,0.0000,0.0000,0.0000,0.0000,0.0000,0.0000,0.0000,0.0000,0.0000,0.0000,0.0000,0.0000,0.0000,0.0000,0.0000,0.0000,0.0000,0.0000,0.0000,0.0000,0.0000,0.0000,0.0000,0.0000,0.0000,0.0000,0.0000,0.0000,0.0000,0.0000,0.0000,0.0000,0.0000,0.0000,0.0000,0.0000,0.0000,0.0000,0.0000,0.0000,0.0000,0.0000,0.0000,0.0000,0.0000,0.0000,0.0000,0.0000,0.0000,0.0000,0.0000,0.0000,0.0000,0.0000,0.0000,0.0000,0.0000,0.0000,0.0000,0.0000,0.0000,0.0000,0.0000,0.0000,0.0000,0.0000,0.0000,0.0000,0.0000,0.0000,0.0000,0.0000,0.0000,0.0000,0.0000,0.0000,0.0000,0.0000,0.0000,0.0000,0.0000,0.0000,0.0000,0.0000,0.0000,0.0000,0.0000,0.0000,0.0000,0.0000,0.0000,0.0000,0.0000,0.0000,0.0000,0.0000,0.0000
45109.1666667,0.0000,0.0000,0.0000,0.0000,0.0000,0.0000,0.0000,0.0000,0.0000,0.0000,0.0000,0.0000,0.0000,0.0000,0.0000,0.0000,0.0000,0.0000,0.0000,0.0000,0.0000,0.0000,0.0000,0.0000,0.0000,0.0000,0.0000,0.0000,0.0000,0.0000,0.0000,0.0000,0.0000,0.0000,0.0000,0.0000,0.0000,0.0000,0.0000,0.0000,0.0000,0.0000,0.0000,0.0000,0.0000,0.0000,0.0000,0.0000,0.0000,0.0000,0.0000,0.0000,0.0000,0.0000,0.0000,0.0000,0.0000,0.0000,0.0000,0.0000,0.0000,0.0000,0.0000,0.0000,0.0000,0.0000,0.0000,0.0000,0.0000,0.0000,0.0000,0.0000,0.0000,0.0000,0.0000,0.0000,0.0000,0.0000,0.0000,0.0000,0.0000,0.0000,0.0000,0.0000,0.0000,0.0000,0.0000,0.0000,0.0000,0.0000,0.0000,0.0000,0.0000,0.0000,0.0000,0.0000,0.0000,0.0000,0.0000,0.0000,0.0000,0.0000,0.0000,0.0000,0.0000,0.0000,0.0000,0.0000,0.0000,0.0000,0.0000,0.0000,0.0000,0.0000,0.0000,0.0000,0.0000,0.0000,0.0000,0.0000,0.0000,0.0000,0.0000,0.0000,0.0000,0.0000,0.0000,0.0000,0.0000,0.0000,0.0000,0.0000,0.0000,0.0000,0.0000,0.0000,0.0000,0.0000,0.0000,0.0000,0.0000,0.0000,0.0000,0.0000,0.0000,0.0000,0.0000,0.0000,0.0000,0.0000,0.0000,0.0000,0.0000,0.0000,0.0000,0.0000,0.0000,0.0000,0.0000,0.0000,0.0000,0.0000,0.0000,0.0000,0.0000,0.0000,0.0000,0.0000,0.0000,0.0000,0.0000,0.0000,0.0000,0.0000,0.0000,0.0000,0.0000,0.0000,0.0000,0.0000,0.0000,0.0000,0.0000,0.0000,0.0000,0.0000
45109.2083333,0.0000,0.0000,0.0000,0.0000,0.0000,0.0000,0.0000,0.0000,0.0000,0.0000,0.0000,0.0000,0.0000,0.0000,0.0000,0.0000,0.0000,0.0000,0.0000,0.0000,0.0000,0.0000,0.0000,0.0000,0.0000,0.0000,0.0000,0.0000,0.0000,0.0000,0.0000,0.0000,0.0000,0.0000,0.0000,0.0000,0.0000,0.0000,0.0000,0.0000,0.0000,0.0000,0.0000,0.0000,0.0000,0.0000,0.0000,0.0000,0.0000,0.0000,0.0000,0.0000,0.0000,0.0000,0.0000,0.0000,0.0000,0.0000,0.0000,0.0000,0.0000,0.0000,0.0000,0.0000,0.0000,0.0000,0.0000,0.0000,0.0000,0.0000,0.0000,0.0000,0.0000,0.0000,0.0000,0.0000,0.0000,0.0000,0.0000,0.0000,0.0000,0.0000,0.0000,0.0000,0.0000,0.0000,0.0000,0.0000,0.0000,0.0000,0.0000,0.0000,0.0000,0.0000,0.0000,0.0000,0.0000,0.0000,0.0000,0.0000,0.0000,0.0000,0.0000,0.0000,0.0000,0.0000,0.0000,0.0000,0.0000,0.0000,0.0000,0.0000,0.0000,0.0000,0.0000,0.0000,0.0000,0.0000,0.0000,0.0000,0.0000,0.0000,0.0000,0.0000,0.0000,0.0000,0.0000,0.0000,0.0000,0.0000,0.0000,0.0000,0.0000,0.0000,0.0000,0.0000,0.0000,0.0000,0.0000,0.0000,0.0000,0.0000,0.0000,0.0000,0.0000,0.0000,0.0000,0.0000,0.0000,0.0000,0.0000,0.0000,0.0000,0.0000,0.0000,0.0000,0.0000,0.0000,0.0000,0.0000,0.0000,0.0000,0.0000,0.0000,0.0000,0.0000,0.0000,0.0000,0.0000,0.0000,0.0000,0.0000,0.0000,0.0000,0.0000,0.0000,0.0000,0.0000,0.0000,0.0000,0.0000,0.0000,0.0000,0.0000,0.0000,0.0000
45109.2500000,5.4045,8.7070,16.1571,12.6942,14.7282,18.8718,19.4767,11.0732,17.6463,19.9120,13.7426,19.6650,19.0062,19.0049,15.0308,16.9125,21.9592,21.9989,17.9330,13.6424,14.8056,7.4799,13.0565,12.5110,13.6144,17.8969,11.8358,7.3611,15.0895,9.0387,9.5708,6.6644,6.8289,13.0589,11.6116,12.7002,16.3430,15.2006,7.1721,20.0748,14.2582,18.9158,10.9299,14.0232,17.9809,19.2860,20.4533,19.2457,16.1444,12.9993,18.0898,18.0027,19.1347,20.9413,11.5359,6.7160,8.9526,8.3217,19.4266,20.1522,22.9148,20.2470,6.6886,6.1923,9.8272,7.8360,18.4712,14.0157,16.2916,20.9604,20.1585,10.8962,8.6117,19.4131,14.5323,16.9037,17.8023,11.1187,8.0836,9.4793,18.9620,20.3227,19.7386,18.3633,10.5331,14.9797,15.4876,12.5123,14.4960,21.5015,16.6967,15.7679,18.7543,14.7718,14.2519,16.2672,19.0997,19.7667,18.8469,21.8307,18.4315,18.9764,17.9758,15.4654,16.1810,17.3642,18.8958,13.1082,11.9777,15.9784,18.8957,18.1238,16.1210,17.9827,18.6365,15.9427,14.2909,18.2228,13.8967,15.2657,16.2965,18.7113,12.2164,17.9503,9.2544,14.4078,21.4066,21.6379,22.0822,13.8645,13.4322,14.4228,13.3859,12.9734,13.1140,13.3629,14.4173,16.7618,16.7009,15.2430,8.8865,14.6765,13.2144,19.0354,17.7051,10.9350,12.0842,12.8254,10.3381,8.7270,11.4027,11.9492,15.4460,8.2261,8.8827,14.1003,16.1638,12.0614,15.2213,17.4680,17.5488,16.3134,14.7777,16.6093,14.6865,11.1958,16.2446,13.9470,15.9989,21.1485,13.8513,19.0512,15.2126,17.9544,19.9722,21.8005,16.2714,19.2184,19.2520,19.3723,22.4459,21.7968,16.8772,15.0604,15.2082,22.2222
45109.2916667,21.2604,30.9172,57.1626,41.7030,64.5693,63.4126,91.7923,45.7850,85.8010,93.2193,72.9987,92.4176,90.2449,90.2534,49.2756,55.4449,68.8878,92.1415,62.5630,46.1189,48.6816,36.9418,42.8197,50.8769,56.1797,62.1643,39.3634,25.4856,77.3946,43.5776,31.5911,23.2652,42.1129,59.0852,38.0855,41.6565,81.4993,56.8133,28.4389,93.6605,46.7717,63.6419,38.0921,47.8781,59.0983,91.1425,63.9777,58.6210,80.8347,47.1161,87.2147,86.9291,90.6425,88.6910,38.0151,41.4192,31.3409,55.1492,56.9556,93.9511,95.1668,94.2600,24.1430,23.3748,46.1544,25.7198,62.2116,58.8568,81.2383,72.4326,86.1279,37.6127,46.1296,65.1710,48.5760,83.2984,59.3296,41.2451,27.8095,33.8384,67.9916,92.4788,92.5695,74.1687,34.8727,50.4872,50.4924,41.0913,47.6061,90.5474,74.7679,79.5507,59.5188,76.2730,74.5706,53.8055,64.2035,92.6609,61.9965,91.6345,63.9703,69.1900,86.7685,78.5401,80.8816,57.6791,65.5143,45.8214,45.3275,77.8687,89.8034,63.4001,67.9158,59.4754,88.9502,80.0957,68.0970,66.7876,73.3664,77.8635,53.5740,88.8942,42.8159,86.6830,29.9871,50.3445,90.2518,91.0122,92.4729,73.2514,71.8296,75.0851,71.2951,67.0201,46.5512,47.9958,49.1097,67.3016,82.5647,50.0953,30.5292,57.1242,49.1826,90.2394,59.1464,36.1040,40.2438,42.8412,47.7958,29.9297,38.2464,39.8514,57.6761,29.2033,31.9351,47.3540,76.8339,46.5489,77.6924,84.9338,85.3448,63.6378,56.6002,55.2976,60.4718,49.2285,53.9407,55.2071,66.1059,89.4130,57.3303,90.2498,50.2641,84.6602,85.5450,91.5570,54.8621,90.8303,90.9339,91.3374,93.6792,91.5455,56.5789,50.3812,50.8045,92.9463
45109.3333333,41.0106,56.6085,102.1363,71.8210,126.9502,184.4610,187.8671,87.1351,177.5266,190.3302,155.4304,188.9466,185.1967,185.2113,85.8493,173.3713,188.2457,188.4705,178.7541,82.6550,161.4431,74.9882,73.9256,96.3147,154.6839,111.2303,144.6023,41.7904,163.0180,88.1136,65.9187,74.6627,92.1949,117.4929,143.3184,74.6011,170.1040,103.6545,52.7437,191.0979,80.7432,184.6647,68.3320,83.7523,119.4192,186.7531,179.7532,103.4909,168.9575,84.5914,179.9725,179.4795,185.8906,182.5216,69.0198,90.9958,52.7155,124.6120,104.6947,191.6031,193.7021,192.1365,44.5724,42.3878,92.5663,44.4096,168.5355,155.0631,169.6557,135.3288,178.0984,66.3491,97.0540,187.4450,135.7819,173.2131,178.3109,73.9093,49.1150,60.2133,129.6591,189.0683,189.2250,181.4688,60.3114,88.9717,96.3149,70.9645,82.2155,185.7342,158.4831,166.7428,146.5826,161.0824,158.1423,169.5636,185.6289,189.3869,184.1865,187.6141,115.3620,126.3480,179.2100,164.9981,169.0423,175.7717,117.2229,117.7476,85.6612,163.8385,184.4520,180.0779,131.4076,179.2720,182.9795,167.6856,138.9369,123.4491,156.0618,163.8300,92.7894,182.8846,83.3209,179.0651,58.5884,89.8400,185.2303,186.5440,189.0674,155.8629,153.4068,159.0305,152.4834,145.0981,78.2625,86.1557,84.3452,169.5179,171.9519,116.5347,58.1295,106.2416,79.3451,185.2108,102.2511,62.1342,145.7310,73.5688,80.4750,57.5705,65.4136,68.7173,105.2078,53.5895,56.9514,157.1686,162.0518,85.9847,163.5350,176.0459,176.7559,127.3067,127.1652,96.3001,115.6611,97.8980,95.6436,156.2271,167.4249,183.7852,111.8958,185.2308,97.5562,175.5735,177.1023,187.4893,96.6828,186.2338,186.4130,187.1099,191.1560,187.4698,96.8100,87.7526,87.1428,189.8908
45109.3750000,79.8197,95.4586,204.3743,147.8010,402.3502,434.8425,439.5645,165.7904,425.2256,442.9792,394.5841,441.0595,435.8593,435.8791,128.4425,419.4593,440.0855,440.3967,426.9216,150.0780,402.9100,167.6259,103.0022,180.8249,393.5127,256.9429,379.5099,60.9888,405.0539,196.0085,127.7956,177.3452,242.8896,389.0819,377.7093,386.2562,414.8713,164.8553,92.3726,444.0010,207.9830,435.0664,108.0594,121.6183,427.6931,437.9538,428.2376,147.8929,413.2518,130.3733,428.5360,427.8517,436.7500,432.0716,376.9817,241.1798,89.7562,351.6792,420.1591,444.6779,447.5918,445.4184,76.8396,69.1454,202.1816,61.6726,412.6207,393.9101,414.1755,266.2546,425.9000,101.0732,236.4919,438.8784,303.3429,419.1063,426.1865,373.5672,82.5908,106.0782,435.2557,441.1046,441.3223,430.5459,84.2042,132.5892,147.9773,98.6154,114.2503,436.4616,398.5926,410.0727,270.4639,402.1926,398.1181,413.9788,436.3043,441.5173,434.2882,439.0531,269.3685,435.1543,427.3680,407.6107,413.2331,422.5883,268.4465,253.2318,159.5951,405.9960,434.6525,428.5691,263.8052,427.4418,432.5933,411.3202,319.5412,429.3013,395.1420,405.9420,216.1297,432.4413,166.5481,427.1270,90.9339,200.6266,435.6988,437.5249,441.0337,394.8456,391.4268,399.2485,390.1394,379.8631,216.9942,114.7109,137.5196,413.8267,417.2115,206.9515,86.1356,241.2409,386.8875,435.6534,206.8136,88.6059,380.7210,386.5625,366.8979,90.9506,375.2142,105.3638,141.1971,233.1112,89.7769,396.6193,403.4141,108.9385,405.4760,422.8860,423.8744,395.4307,401.8936,153.6093,224.1818,209.5819,181.6005,395.2959,410.8802,433.6492,229.0629,435.6613,144.1766,422.2211,424.3483,438.8045,153.2065,437.0571,437.3058,438.2766,443.9072,438.7742,418.5382,141.5334,139.0669,442.1383
45109.4166667,87.9294,99.3406,609.6390,255.7775,599.7792,631.9032,636.5717,151.6183,622.3918,639.9477,592.0889,638.0483,632.9054,632.9243,602.0858,616.6853,637.0828,637.3901,624.0629,245.4784,600.3113,192.6693,586.7020,201.0873,590.9954,624.2410,577.1274,542.2961,602.3929,252.5909,559.4995,234.1267,350.4846,586.5831,575.3283,583.7823,612.0920,268.0272,118.6452,640.9121,595.8542,632.0640,109.7030,114.8425,624.7551,634.9098,625.2938,196.0900,610.4617,156.0563,625.5830,624.9059,633.7115,629.0793,574.5497,348.7641,121.1909,549.5075,617.2876,641.5560,644.4401,642.2890,74.4433,81.7446,331.7514,287.4212,609.7929,591.2672,611.3315,629.1890,622.9391,103.0104,327.0058,635.7871,410.2905,616.2039,623.2143,571.1126,123.3611,255.9147,632.1682,637.9613,638.1769,627.5036,82.3297,144.9130,128.9303,130.4801,597.2760,633.3516,595.8395,607.2136,619.4781,599.3940,595.3686,611.0692,633.1843,638.3381,631.1753,635.8967,627.8591,632.0316,624.3161,604.7385,610.3099,619.5800,631.5235,328.5015,241.6137,603.1360,631.5313,625.5007,309.6242,624.3766,629.4782,608.3883,409.0054,626.2032,592.3403,603.0419,611.1082,629.3069,578.7238,624.0372,90.0972,593.8487,632.5308,634.3397,637.8169,592.0277,588.6365,596.3895,587.3575,577.1669,586.1124,169.8979,177.8230,610.8319,614.1866,602.7773,91.6803,598.3252,584.1158,632.4667,621.5777,206.0464,577.9966,583.7819,564.2796,130.1675,572.5226,128.4916,175.7683,323.6076,121.6622,593.7458,600.4835,136.1206,602.5264,619.7915,620.7719,592.5651,598.9726,192.4974,269.1698,266.0913,302.0013,592.4211,607.8769,630.4580,285.4115,632.4537,185.6637,619.1245,621.2338,635.5710,194.5513,633.8380,634.0840,635.0477,640.6314,635.5378,615.4669,180.3772,174.9297,638.8683
45109.4583333,75.0276,93.9401,688.9217,659.4750,677.5938,714.5168,719.8827,195.8345,703.5856,723.7630,211.0228,721.5804,715.6698,715.6917,680.2489,697.0284,720.4715,720.8248,705.5082,330.4636,678.2122,155.8826,662.5747,205.0286,667.5127,705.7210,651.5805,225.7345,680.6170,175.7666,631.3257,242.9345,356.5577,329.4928,649.5187,659.2344,691.7673,681.5562,160.5459,724.8863,673.1108,714.7211,102.2694,151.7548,706.3265,717.9949,706.9455,361.1248,689.9028,142.1528,707.2798,706.5017,716.6203,711.2982,180.9531,151.9850,161.0689,369.7705,697.7494,725.6346,728.9486,726.4768,110.4249,95.4559,122.0150,200.4223,689.1484,667.8637,690.9165,711.4336,704.2531,190.9491,167.1624,719.0151,224.7983,696.5175,704.5720,644.7116,161.8675,168.2652,714.8676,721.5228,721.7705,709.5087,118.0889,177.0738,682.1460,407.2169,674.7877,716.2307,673.1373,686.2030,700.2969,677.2243,672.5967,690.6367,716.0421,721.9659,713.7380,719.1615,709.9287,714.7223,705.8596,683.3713,689.7710,700.4194,714.1386,662.1890,437.9722,681.5313,714.1486,707.2221,689.2199,705.9332,711.7943,687.5720,219.9687,708.0364,669.1433,681.4362,690.7011,711.6041,653.5063,705.5521,626.1689,670.8798,715.3086,717.3866,721.3808,668.7903,664.8960,382.9372,163.6454,194.5837,323.3733,663.2521,673.7307,690.3917,694.2449,681.1391,623.9452,676.0291,659.7104,715.2411,702.7357,642.3453,652.6842,659.3305,188.7454,171.3441,198.6798,651.4258,682.9010,171.2071,174.5349,670.7764,678.5144,652.4149,680.8611,700.6889,701.8148,669.4211,676.7802,400.8763,385.8163,640.7897,686.7806,669.2590,687.0086,712.9410,662.9768,715.2329,679.9286,699.9254,702.3478,718.8128,244.2421,716.8227,717.1053,718.2118,724.6243,718.7757,695.7266,679.3533,680.6711,722.6024
45109.5000000,52.6979,169.1477,834.1891,809.7261,824.7632,855.4204,859.8757,227.7284,846.3394,863.0975,817.4107,861.2831,856.3733,856.3906,826.9509,840.8874,860.3588,860.6515,847.9278,814.4530,825.2478,190.1369,812.2441,233.3268,816.3306,848.0695,803.0712,124.3825,827.1933,209.9594,786.2283,167.5750,195.2179,812.0864,801.3346,809.4062,836.4409,827.9521,374.0115,863.9641,820.9222,855.5044,171.2852,159.8045,848.5088,858.2094,849.0232,840.0449,834.8532,209.1761,849.2927,848.6458,857.0568,852.6293,204.5631,188.9400,189.8763,382.4685,841.3625,864.5485,867.3041,865.2489,86.5219,69.9610,168.6819,368.8481,834.1658,816.4607,835.6353,852.7008,846.7276,794.6190,203.0587,859.0038,250.5973,840.2810,846.9810,797.1858,196.2694,197.2812,855.5085,861.0467,861.2529,851.0494,116.5756,250.5642,828.2574,310.5850,822.1349,856.6273,820.7619,831.6390,843.3494,824.1479,820.3109,835.3105,856.4541,861.3696,854.5196,859.0351,851.3482,855.3364,847.9572,829.2332,834.5618,843.4278,854.8504,811.5895,465.8332,827.6979,854.8544,849.0839,834.0894,848.0010,852.8765,832.6954,245.0105,849.7297,817.3297,827.5639,835.2804,852.6891,804.2945,847.6453,781.5152,818.7595,855.7676,857.4967,860.8223,817.0106,813.7637,821.1806,238.6657,234.4885,811.3377,812.3831,821.1137,834.9884,838.1970,827.2871,779.6222,823.0157,809.4165,855.6842,845.2624,794.9417,803.5556,809.0846,221.3292,205.5038,798.3027,802.4905,828.7198,207.5998,208.8721,818.6113,825.0594,803.3067,827.0125,843.5367,844.4754,817.4791,823.6100,837.1752,822.7174,793.6029,831.9340,817.3302,832.1239,853.7374,812.0948,855.6479,826.2233,842.8898,844.9083,858.6317,268.7152,856.9729,857.2075,858.1310,863.4749,858.5961,839.3833,825.7329,826.8265,861.7771
45109.5416667,139.2487,814.7281,871.9577,848.0866,862.7569,892.6690,897.0159,241.5183,883.8078,900.1594,855.5800,898.3887,893.5978,893.6145,864.8882,878.4868,897.4861,897.7717,885.3560,852.6922,863.2242,199.3697,850.5327,237.8750,854.5174,885.4874,244.9702,132.3435,865.1125,226.3259,229.9068,105.4069,205.6711,850.3683,839.8753,847.7515,874.1331,865.8487,214.2129,900.9918,858.9864,892.7339,232.3691,857.2149,885.9035,895.3705,886.4055,877.6431,872.5764,246.6477,886.6668,886.0355,894.2437,889.9223,839.0752,193.5802,202.3072,211.0968,878.9263,901.5546,904.2438,902.2381,190.4539,138.7509,187.5611,812.0090,871.8938,854.6133,873.3279,889.9840,884.1540,833.2954,817.5755,896.1352,465.2319,877.8596,884.3989,242.4693,209.4262,205.4269,892.7147,898.1205,898.3217,888.3623,831.2437,860.4332,866.1110,845.6808,860.1350,893.8037,858.7949,869.4127,880.8397,862.0970,858.3545,872.9930,893.6314,898.4265,891.7397,896.1477,888.6440,892.5365,885.3331,867.0549,872.2567,880.9116,892.0621,849.8300,835.5080,865.5555,892.0653,886.4314,871.7929,885.3724,890.1310,870.4279,858.3250,887.0555,855.4239,865.4141,872.9473,889.9423,842.6962,885.0176,229.4593,856.8166,892.9462,894.6339,897.8803,855.1076,256.2796,859.1779,251.5911,248.5438,849.5661,850.5872,265.5976,872.6556,875.7878,865.1383,818.6004,860.9655,847.6879,892.8595,882.6840,833.5549,841.9645,847.3609,235.8572,816.9109,836.8326,840.9215,866.5302,221.9393,818.4559,856.6600,862.9554,841.7169,864.8619,880.9953,881.9119,855.5540,861.5396,874.7838,860.6665,832.2397,869.6647,855.4060,869.8501,890.9528,850.2944,892.8182,864.0891,880.3617,882.3324,895.7315,872.5100,894.1119,894.3407,895.2427,900.4601,895.6958,876.9367,863.6081,864.6749,898.8000
45109.5833333,771.6623,795.4363,852.6090,828.7623,843.4184,873.3008,877.6435,234.5496,864.4486,880.7838,836.2493,879.0149,874.2289,874.2457,845.5484,859.1332,878.1135,878.3988,865.9957,833.3648,843.8866,191.2797,831.2086,827.2403,835.1899,866.1287,154.4309,66.9715,845.7754,217.6547,221.2415,150.6357,197.1836,245.3914,820.5649,213.1921,854.7877,846.5119,204.4197,881.6187,839.6572,873.3700,223.8489,837.8885,866.5476,876.0047,867.0490,858.2958,853.2344,830.4234,867.3104,866.6798,874.8795,870.5628,196.2947,185.4877,187.0354,194.9650,859.5783,882.1829,884.8693,882.8657,178.1699,141.0212,180.5971,160.7873,852.5554,835.2933,853.9880,870.6264,864.8026,813.9981,798.2951,876.7712,841.2986,858.5155,865.0479,228.6859,201.0842,804.4335,873.3567,878.7566,878.9577,869.0089,811.9535,841.1111,846.7827,826.3746,840.8131,874.4452,839.4745,850.0807,861.4961,842.7737,839.0346,853.6579,874.2740,879.0646,872.3852,876.7883,869.2929,873.1813,865.9858,847.7278,852.9238,861.5691,872.7074,830.5221,816.2159,846.2302,872.7107,867.0832,852.4611,866.0259,870.7794,407.8821,839.0094,867.7082,836.1122,262.1108,853.6163,870.5924,823.3992,865.6734,801.1844,837.5041,873.5933,875.2792,878.5221,253.3425,832.6307,257.8458,236.0500,150.4286,830.2630,831.2828,839.7969,853.3266,856.4554,845.8174,799.3326,841.6499,828.3875,873.5080,863.3442,814.2707,182.1284,828.0616,226.4880,797.6465,817.5456,821.6298,847.2094,213.4167,799.1899,837.3507,843.6389,822.4247,845.5434,861.6584,862.5739,836.2461,842.2249,855.4541,841.3532,812.9590,850.3412,836.0989,850.5265,871.6050,830.9931,873.4683,844.7720,861.0260,862.9945,876.3783,853.1833,874.7605,874.9891,875.8900,881.1015,876.3429,857.6053,844.2921,845.3579,879.4439
45109.6250000,703.8696,727.5091,784.3542,760.6462,775.2195,804.9309,809.2488,205.0302,796.1302,812.3712,768.0942,810.6128,805.8545,805.8713,777.3400,790.8465,809.7171,810.0008,797.6698,765.2279,775.6897,163.6006,763.0874,759.1436,767.0482,797.8079,142.4712,65.3024,371.8991,139.9369,194.4843,91.9325,168.7362,192.3685,311.6723,188.1628,786.5388,778.3120,176.2808,813.2129,771.4992,805.0145,423.8096,769.7444,798.2352,807.6364,798.7337,790.0324,785.0009,372.0678,798.9950,798.3681,806.5196,802.2289,172.5769,102.8967,162.0396,151.0868,791.3097,813.7803,816.4508,814.4591,151.6447,120.0766,181.7238,161.4591,239.9888,767.1772,785.7602,802.2992,796.5103,182.5448,156.1030,808.4078,773.1489,790.2628,796.7561,200.0274,173.1320,736.5094,805.0215,810.3888,810.5886,800.6999,743.9939,772.9746,778.6116,758.3269,772.6779,806.1062,771.3473,781.8887,793.2383,774.6291,217.8441,785.4474,805.9387,810.7030,804.0643,808.4405,800.9908,804.8560,797.7045,357.7447,784.7224,793.3149,804.3850,762.4589,748.2398,778.0703,804.3890,798.7966,784.2648,797.7473,802.4726,318.2576,770.9000,799.4232,220.3890,232.8931,785.4200,802.2917,755.3901,797.4035,733.3137,769.4090,805.2754,806.9511,810.1742,224.8992,381.8869,227.0153,135.7712,191.0491,762.2166,763.2298,771.6910,785.1378,788.2474,777.6739,386.0514,230.3104,217.1957,805.1953,795.0950,746.3268,161.2812,760.0336,197.4601,183.9305,205.9677,753.6430,779.0631,406.9428,186.6261,769.2666,775.5157,754.4342,777.4087,793.4230,794.3328,333.3966,774.1111,787.2578,773.2462,745.0300,782.1785,340.4363,782.3626,803.3093,762.9514,805.1609,776.6441,792.7964,251.7222,808.0526,785.0027,806.4450,806.6724,807.5674,812.7464,808.0182,789.3982,776.1690,777.2289,811.1014
45109.6666667,324.3520,138.5985,671.6750,648.2754,662.6634,691.9932,696.2556,128.7645,683.3068,699.3379,180.0050,697.6027,692.9062,692.9230,664.7614,678.0931,696.7196,696.9998,684.8289,652.8077,304.9359,240.1091,650.7007,646.8104,111.8837,684.9753,231.9637,95.0651,396.0942,100.7881,401.8769,77.4837,89.8215,251.0695,288.4013,232.8253,673.8628,665.7444,133.7998,700.1882,659.0239,692.1004,632.1716,657.2980,685.4152,694.6926,685.9073,677.3209,672.3558,649.9810,686.1676,685.5489,693.5934,689.3600,281.7899,106.8389,132.5778,126.6592,678.5855,700.7592,703.3944,701.4289,194.5033,163.6022,627.3964,199.6495,671.7166,654.7863,673.1222,689.4412,390.9442,633.9002,121.5210,695.4694,660.6825,677.5686,683.9754,152.7518,307.0593,624.5395,692.1413,697.4366,697.6338,687.8777,631.9408,660.5309,666.0918,646.0796,660.2375,693.2159,185.3757,669.3235,680.5259,662.1666,177.2444,672.8394,693.0555,697.7600,691.2111,695.5280,688.1792,691.9928,684.9383,667.0380,672.1321,680.6081,691.5282,650.1725,636.1455,665.5712,691.5334,686.0178,382.5205,684.9856,689.6481,234.9865,658.5087,686.6452,178.5915,190.6130,672.8360,689.4780,166.4560,684.6574,139.4010,657.0467,692.4230,694.0765,697.2559,298.5220,233.0027,659.3646,230.8329,221.8049,649.9596,650.9581,659.3032,672.5673,675.6348,665.2037,141.6239,661.1251,342.3993,692.3519,682.3910,634.2933,285.7859,647.8144,148.1015,142.3121,162.9898,284.8223,666.5837,258.0104,619.5219,173.8419,663.0866,316.6449,664.9541,680.7477,681.6448,655.8420,661.7025,674.6681,660.8517,157.6798,669.6615,238.3897,669.8431,690.5006,178.2276,692.3265,664.2034,680.1327,682.0621,695.1783,672.4467,693.5929,693.8174,694.6996,699.8073,695.1457,676.7835,663.7380,664.7846,698.1887
45109.7083333,260.4054,120.3149,505.5979,99.3988,129.9497,526.3302,530.6770,111.9858,324.8252,533.8203,137.4551,532.0521,527.2640,527.2816,498.5700,512.1628,531.1536,531.4398,519.0319,134.2368,145.7786,219.3761,484.2505,480.2897,98.5302,519.2022,214.1295,76.6124,274.4097,111.0192,107.9035,84.3166,95.0353,138.7460,166.5311,119.2668,261.4916,499.6234,159.4892,534.7267,492.7808,526.4909,465.4262,491.0349,519.6889,529.1422,520.1905,511.4421,296.7434,483.5880,520.4608,519.8304,528.0280,523.7161,113.7650,118.0143,140.5651,87.1199,304.0207,535.3310,538.0158,536.0133,112.5222,152.3850,264.8131,112.1548,505.7680,294.7789,507.2005,523.8235,407.6091,467.2484,81.9709,529.9658,494.5376,511.7376,518.2634,126.2352,256.9797,457.7423,526.6029,531.9952,532.1959,522.2610,465.3179,494.4278,500.0893,479.7115,494.1274,527.7065,142.5303,503.3768,514.7952,496.1007,138.6816,506.9680,527.5528,532.3518,525.6850,530.0794,522.5984,526.4823,519.3011,300.3035,148.0272,514.8930,526.0094,483.9152,469.6350,499.5882,526.0172,520.4047,316.6495,519.3597,524.1086,218.3254,356.9412,521.0626,136.0401,141.1810,507.0150,523.9529,124.9705,519.0486,231.0952,490.9528,526.9543,528.6380,531.8745,147.7893,155.5192,493.3191,203.9001,139.9081,483.7559,484.7705,493.2616,506.7622,509.8845,499.2650,137.9814,151.9497,139.3654,526.8981,516.7644,79.7353,89.7868,481.5906,127.8210,73.7396,120.5462,251.6960,500.6905,120.7495,452.8119,136.8774,146.4063,116.6240,208.9499,515.1045,516.0169,200.9122,305.1500,508.9207,494.8690,107.7968,503.8331,266.1973,504.0179,525.0325,261.1053,526.8898,498.2805,324.8487,516.4482,529.7909,506.6663,528.1781,528.4071,529.3038,534.5002,529.7605,511.0822,497.8136,498.8812,532.8611
45109.7500000,149.7710,70.3636,298.4351,86.5276,103.6843,317.7999,321.8572,95.5328,191.5342,324.7912,151.1978,323.1420,318.6741,318.6912,291.8992,304.5838,322.3055,170.1863,170.5040,105.8976,133.8141,99.8913,90.7836,274.8650,92.4399,311.1761,151.2625,65.4683,190.9939,89.5751,98.5439,68.2049,74.6648,122.0839,139.3843,107.9105,133.8992,292.9374,74.0880,325.6755,286.5630,318.0014,261.0650,284.9490,311.6694,320.4834,312.1372,303.9812,181.4822,278.0153,312.3945,311.8067,319.4504,315.4319,81.0032,86.4708,72.4708,83.7760,245.1715,326.2606,328.7636,326.8967,90.9144,102.7922,196.5452,52.9712,298.7297,209.8934,300.0653,315.5570,261.5879,262.8330,68.6789,321.2831,288.2736,304.3020,310.3831,103.7051,158.7647,254.0070,318.1763,323.1994,323.3864,314.1315,261.1081,288.2196,293.4921,274.5110,287.9381,319.2136,125.3665,296.5508,307.1982,289.7858,101.7056,128.0541,319.0802,323.5584,317.3507,321.4424,163.0349,318.0947,148.0206,221.8137,149.6252,307.3040,317.6544,278.4664,265.1692,293.0565,317.6642,312.4407,214.3444,311.4738,315.8978,166.3049,226.5725,313.0730,100.9420,117.1767,300.0046,141.7919,89.3527,311.2077,150.6010,133.4250,318.5681,320.1362,323.1491,114.8722,132.6502,120.3211,115.3859,122.7366,278.3815,279.3240,287.2248,299.7912,302.6976,292.8102,103.6190,125.1984,96.7926,318.5320,309.1047,74.1856,87.9629,276.3862,102.4066,81.8640,85.6162,111.1952,294.1595,67.6316,140.4258,100.8561,109.6918,104.9652,108.0743,307.5729,308.4214,166.7777,172.3300,301.8216,288.7549,83.0446,297.0952,143.7439,157.7626,316.8144,178.5174,318.5418,291.9301,189.8007,177.2419,321.2403,299.7305,319.7401,319.9537,320.7871,325.6210,321.2148,303.8424,291.5030,292.4991,324.1036
45109.7916667,22.0471,48.4821,75.9974,58.6873,68.2309,161.2380,164.0217,60.7405,111.8411,166.0348,88.3313,164.9035,100.5736,161.8501,143.4694,152.1719,164.3299,92.3620,106.0336,69.1385,83.4479,34.5920,60.4899,57.8828,63.0094,156.6992,54.7742,41.4113,106.4070,54.5745,59.2445,41.3574,44.3472,75.3886,53.7485,58.7888,89.9737,144.1947,39.5080,166.6473,66.0123,161.3855,122.3413,138.7213,157.0453,163.0892,157.3660,151.7734,76.7338,133.9690,157.5435,119.9025,162.3819,159.6267,57.5348,48.7648,51.0124,50.8517,130.7563,167.0519,168.7681,167.4880,49.5617,54.3772,97.4140,36.3147,148.1810,110.5925,149.0968,159.7171,83.4033,123.5723,44.9174,163.6429,141.0152,78.3488,89.1337,64.2425,79.2633,43.9093,161.5179,164.9607,165.0889,158.7457,48.8613,140.9899,144.6031,58.0401,140.7965,125.0953,79.0762,146.6986,153.9981,68.5323,69.1227,75.5368,162.1408,165.2110,160.9573,163.7610,89.8735,161.4674,84.5516,118.7580,92.4703,154.0737,161.1657,134.3156,125.2041,144.3118,161.1729,157.5942,117.3516,156.9329,159.9646,98.6246,118.0044,114.6246,66.3367,77.3212,77.5683,86.9890,64.7145,156.7552,42.4404,90.0510,161.7978,89.5275,164.9361,73.8940,80.3806,79.1678,76.4378,73.5888,134.2736,134.9187,140.3303,148.9387,150.9296,78.5469,59.9834,79.6843,62.3182,161.7759,155.3192,50.8104,59.1332,59.6001,48.6403,50.6990,61.1694,64.4299,145.0854,45.1921,77.5755,67.0185,74.5983,66.4954,74.8478,154.2727,154.8537,74.8759,98.5988,150.3342,141.3866,54.8457,103.7767,85.7818,98.4945,160.6028,97.8179,161.7857,143.5616,110.5615,87.4812,163.6336,148.9034,162.6063,162.7527,163.3232,166.6337,163.6166,151.7202,143.2707,143.9536,165.5957
45109.8333333,8.9923,15.2289,30.2001,23.9677,27.8232,36.0689,47.5025,24.7932,44.0511,48.3245,26.9158,37.2537,36.2509,46.6157,28.3861,34.7077,36.9311,47.7032,33.8354,25.2053,27.9622,14.1233,24.6648,23.7225,25.9525,44.5125,22.3662,15.0590,39.2050,19.8364,18.0803,14.2235,15.6615,35.3654,21.9367,23.9934,30.8760,28.7263,18.9812,48.5726,26.9389,35.7396,20.1807,26.7259,44.6540,47.1200,44.7849,42.5030,30.5130,24.6309,34.1882,34.0205,36.1588,35.0421,21.8426,14.4816,17.3024,16.8432,42.8448,48.7365,49.4367,48.9144,14.7783,11.7272,18.5707,14.8112,41.0388,30.3926,30.8164,35.0921,33.5765,20.3513,16.3336,47.3449,27.4703,31.9516,44.2979,22.9757,17.1309,20.6498,46.4777,47.8812,47.9335,45.3474,19.9173,38.1096,39.5824,23.6594,27.4104,36.5591,30.9077,29.8149,43.4122,27.9338,27.6562,30.7630,36.1188,47.9820,46.2485,36.8757,36.4338,46.4564,44.5894,39.8520,41.2001,43.4433,46.3334,24.7924,23.9194,35.1246,35.8379,44.8780,41.0873,34.0138,35.2855,30.1789,27.0267,45.0560,27.2484,30.2670,30.8344,35.2496,23.0687,44.5362,19.9868,37.2410,36.0153,37.1582,37.2980,36.8037,30.3105,37.8590,29.5715,33.2163,25.7642,26.4605,27.2806,41.3528,31.5991,28.8363,19.6458,28.7213,25.0986,36.4690,33.4161,20.6918,22.8666,24.2700,19.5634,16.4087,21.7252,22.6124,29.2298,15.5356,16.8097,26.6837,28.3108,22.8255,28.8057,32.9738,33.2101,26.4006,27.9489,31.3710,38.2789,30.9386,40.6047,27.9288,40.6526,46.1028,26.0105,46.5844,32.2956,43.3672,38.6877,47.3368,41.3394,46.9185,46.9781,47.2104,48.5583,36.8256,31.9456,39.0465,28.7837,39.1775
45109.8750000,0.0000,0.0000,0.0000,0.0000,0.0000,0.0000,0.0000,0.0000,0.0000,0.0000,0.0000,0.0000,0.0000,0.0000,0.0000,0.0000,0.0000,0.0000,0.0000,0.0000,0.0000,0.0000,0.0000,0.0000,0.0000,0.0000,0.0000,0.0000,0.0000,0.0000,0.0000,0.0000,0.0000,0.0000,0.0000,0.0000,0.0000,0.0000,0.0000,0.0000,0.0000,0.0000,0.0000,0.0000,0.0000,0.0000,0.0000,0.0000,0.0000,0.0000,0.0000,0.0000,0.0000,0.0000,0.0000,0.0000,0.0000,0.0000,0.0000,0.0000,0.0000,0.0000,0.0000,0.0000,0.0000,0.0000,0.0000,0.0000,0.0000,0.0000,0.0000,0.0000,0.0000,0.0000,0.0000,0.0000,0.0000,0.0000,0.0000,0.0000,0.0000,0.0000,0.0000,0.0000,0.0000,0.0000,0.0000,0.0000,0.0000,0.0000,0.0000,0.0000,0.0000,0.0000,0.0000,0.0000,0.0000,0.0000,0.0000,0.0000,0.0000,0.0000,0.0000,0.0000,0.0000,0.0000,0.0000,0.0000,0.0000,0.0000,0.0000,0.0000,0.0000,0.0000,0.0000,0.0000,0.0000,0.0000,0.0000,0.0000,0.0000,0.0000,0.0000,0.0000,0.0000,0.0000,0.0000,0.0000,0.0000,0.0000,0.0000,0.0000,0.0000,0.0000,0.0000,0.0000,0.0000,0.0000,0.0000,0.0000,0.0000,0.0000,0.0000,0.0000,0.0000,0.0000,0.0000,0.0000,0.0000,0.0000,0.0000,0.0000,0.0000,0.0000,0.0000,0.0000,0.0000,0.0000,0.0000,0.0000,0.0000,0.0000,0.0000,0.0000,0.0000,0.0000,0.0000,0.0000,0.0000,0.0000,0.0000,0.0000,0.0000,0.0000,0.0000,0.0000,0.0000,0.0000,0.0000,0.0000,0.0000,0.0000,0.0000,0.0000,0.0000,0.0000
45109.9166667,0.0000,0.0000,0.0000,0.0000,0.0000,0.0000,0.0000,0.0000,0.0000,0.0000,0.0000,0.0000,0.0000,0.0000,0.0000,0.0000,0.0000,0.0000,0.0000,0.0000,0.0000,0.0000,0.0000,0.0000,0.0000,0.0000,0.0000,0.0000,0.0000,0.0000,0.0000,0.0000,0.0000,0.0000,0.0000,0.0000,0.0000,0.0000,0.0000,0.0000,0.0000,0.0000,0.0000,0.0000,0.0000,0.0000,0.0000,0.0000,0.0000,0.0000,0.0000,0.0000,0.0000,0.0000,0.0000,0.0000,0.0000,0.0000,0.0000,0.0000,0.0000,0.0000,0.0000,0.0000,0.0000,0.0000,0.0000,0.0000,0.0000,0.0000,0.0000,0.0000,0.0000,0.0000,0.0000,0.0000,0.0000,0.0000,0.0000,0.0000,0.0000,0.0000,0.0000,0.0000,0.0000,0.0000,0.0000,0.0000,0.0000,0.0000,0.0000,0.0000,0.0000,0.0000,0.0000,0.0000,0.0000,0.0000,0.0000,0.0000,0.0000,0.0000,0.0000,0.0000,0.0000,0.0000,0.0000,0.0000,0.0000,0.0000,0.0000,0.0000,0.0000,0.0000,0.0000,0.0000,0.0000,0.0000,0.0000,0.0000,0.0000,0.0000,0.0000,0.0000,0.0000,0.0000,0.0000,0.0000,0.0000,0.0000,0.0000,0.0000,0.0000,0.0000,0.0000,0.0000,0.0000,0.0000,0.0000,0.0000,0.0000,0.0000,0.0000,0.0000,0.0000,0.0000,0.0000,0.0000,0.0000,0.0000,0.0000,0.0000,0.0000,0.0000,0.0000,0.0000,0.0000,0.0000,0.0000,0.0000,0.0000,0.0000,0.0000,0.0000,0.0000,0.0000,0.0000,0.0000,0.0000,0.0000,0.0000,0.0000,0.0000,0.0000,0.0000,0.0000,0.0000,0.0000,0.0000,0.0000,0.0000,0.0000,0.0000,0.0000,0.0000,0.0000
45109.9583333,0.0000,0.0000,0.0000,0.0000,0.0000,0.0000,0.0000,0.0000,0.0000,0.0000,0.0000,0.0000,0.0000,0.0000,0.0000,0.0000,0.0000,0.0000,0.0000,0.0000,0.0000,0.0000,0.0000,0.0000,0.0000,0.0000,0.0000,0.0000,0.0000,0.0000,0.0000,0.0000,0.0000,0.0000,0.0000,0.0000,0.0000,0.0000,0.0000,0.0000,0.0000,0.0000,0.0000,0.0000,0.0000,0.0000,0.0000,0.0000,0.0000,0.0000,0.0000,0.0000,0.0000,0.0000,0.0000,0.0000,0.0000,0.0000,0.0000,0.0000,0.0000,0.0000,0.0000,0.0000,0.0000,0.0000,0.0000,0.0000,0.0000,0.0000,0.0000,0.0000,0.0000,0.0000,0.0000,0.0000,0.0000,0.0000,0.0000,0.0000,0.0000,0.0000,0.0000,0.0000,0.0000,0.0000,0.0000,0.0000,0.0000,0.0000,0.0000,0.0000,0.0000,0.0000,0.0000,0.0000,0.0000,0.0000,0.0000,0.0000,0.0000,0.0000,0.0000,0.0000,0.0000,0.0000,0.0000,0.0000,0.0000,0.0000,0.0000,0.0000,0.0000,0.0000,0.0000,0.0000,0.0000,0.0000,0.0000,0.0000,0.0000,0.0000,0.0000,0.0000,0.0000,0.0000,0.0000,0.0000,0.0000,0.0000,0.0000,0.0000,0.0000,0.0000,0.0000,0.0000,0.0000,0.0000,0.0000,0.0000,0.0000,0.0000,0.0000,0.0000,0.0000,0.0000,0.0000,0.0000,0.0000,0.0000,0.0000,0.0000,0.0000,0.0000,0.0000,0.0000,0.0000,0.0000,0.0000,0.0000,0.0000,0.0000,0.0000,0.0000,0.0000,0.0000,0.0000,0.0000,0.0000,0.0000,0.0000,0.0000,0.0000,0.0000,0.0000,0.0000,0.0000,0.0000,0.0000,0.0000,0.0000,0.0000,0.0000,0.0000,0.0000,0.0000
