File Created:,Thu Jul 18 18:00:29 2024
Heat Source Version:,9.0.0b26
Simulation Name:,WFK23
User Text:,Westfork Kickapoo
Output:,Streambed Conduction Flux (watts/square meter)
""
Datetime,23.500,23.400,23.300,23.200,23.100,23.000,22.900,22.800,22.700,22.600,22.500,22.400,22.300,22.200,22.100,22.000,21.900,21.800,21.700,21.600,21.500,21.400,21.300,21.200,21.100,21.000,20.900,20.800,20.700,20.600,20.500,20.400,20.300,20.200,20.100,20.000,19.900,19.800,19.700,19.600,19.500,19.400,19.300,19.200,19.100,19.000,18.900,18.800,18.700,18.600,18.500,18.400,18.300,18.200,18.100,18.000,17.900,17.800,17.700,17.600,17.500,17.400,17.300,17.200,17.100,17.000,16.900,16.800,16.700,16.600,16.500,16.400,16.300,16.200,16.100,16.000,15.900,15.800,15.700,15.600,15.500,15.400,15.300,15.200,15.100,15.000,14.900,14.800,14.700,14.600,14.500,14.400,14.300,14.200,14.100,14.000,13.900,13.800,13.700,13.600,13.500,13.400,13.300,13.200,13.100,13.000,12.900,12.800,12.700,12.600,12.500,12.400,12.300,12.200,12.100,12.000,11.900,11.800,11.700,11.600,11.500,11.400,11.300,11.200,11.100,11.000,10.900,10.800,10.700,10.600,10.500,10.400,10.300,10.200,10.100,10.000,9.900,9.800,9.700,9.600,9.500,9.400,9.300,9.200,9.100,9.000,8.900,8.800,8.700,8.600,8.500,8.400,8.300,8.200,8.100,8.000,7.900,7.800,7.700,7.600,7.500,7.400,7.300,7.200,7.100,7.000,6.900,6.800,6.700,6.600,6.500,6.400,6.300,6.200,6.100,6.000,5.900,5.800,5.700,5.600,5.500,5.400,5.300,5.200,5.100,5.000,4.900,4.800,4.700,4.600,4.500,4.400,4.300,4.200,4.100,4.000,3.900,3.800,3.700,3.600,3.500,3.400,3.300,3.200,3.100,3.000,2.900,2.800,2.700,2.600,2.500,2.400,2.300,2.200,2.100,2.000,1.900,1.800,1.700,1.600,1.500,1.400,1.300,1.200,1.100,1.000,0.900,0.800,0.700,0.600,0.500,0.400,0.300,0.200,0.100,0.000
45108.0000000,0.0000,0.0000,0.0000,0.0000,0.0000,0.0000,0.0000,0.0000,0.0000,0.0000,0.0000,0.0000,0.0000,0.0000,0.0000,0.0000,0.0000,0.0000,0.0000,0.0000,0.0000,0.0000,0.0000,0.0000,0.0000,0.0000,0.0000,0.0000,0.0000,0.0000,0.0000,0.0000,0.0000,0.0000,0.0000,0.0000,0.0000,0.0000,0.0000,0.0000,0.0000,0.0000,0.0000,0.0000,0.0000,0.0000,0.0000,0.0000,0.0000,0.0000,0.0000,0.0000,0.0000,0.0000,0.0000,0.0000,0.0000,0.0000,0.0000,0.0000,0.0000,0.0000,0.0000,0.0000,0.0000,0.0000,0.0000,0.0000,0.0000,0.0000,0.0000,0.0000,0.0000,0.0000,0.0000,0.0000,0.0000,0.0000,0.0000,0.0000,0.0000,0.0000,0.0000,0.0000,0.0000,0.0000,0.0000,0.0000,0.0000,0.0000,0.0000,0.0000,0.0000,0.0000,0.0000,0.0000,0.0000,0.0000,0.0000,0.0000,0.0000,0.0000,0.0000,0.0000,0.0000,0.0000,0.0000,0.0000,0.0000,0.0000,0.0000,0.0000,0.0000,0.0000,0.0000,0.0000,0.0000,0.0000,0.0000,0.0000,0.0000,0.0000,0.0000,0.0000,0.0000,0.0000,0.0000,0.0000,0.0000,0.0000,0.0000,0.0000,0.0000,0.0000,0.0000,0.0000,0.0000,0.0000,0.0000,0.0000,0.0000,0.0000,0.0000,0.0000,0.0000,0.0000,0.0000,0.0000,0.0000,0.0000,0.0000,0.0000,0.0000,0.0000,0.0000,0.0000,0.0000,0.0000,0.0000,0.0000,0.0000,0.0000,0.0000,0.0000,0.0000,0.0000,0.0000,0.0000,0.0000,0.0000,0.0000,0.0000,0.0000,0.0000,0.0000,0.0000,0.0000,0.0000,0.0000,0.0000,0.0000,0.0000,0.0000,0.0000,0.0000,0.0000,0.0000,0.0000,0.0000,0.0000,0.0000,0.0000,0.0000,0.0000,0.0000,0.0000,0.0000,0.0000,0.0000,0.0000,0.0000,0.0000,0.0000,0.0000,0.0000,0.0000,0.0000,0.0000,0.0000,0.0000,0.0000,0.0000,0.0000,0.0000,0.0000,0.0000,0.0000,0.0000,0.0000,0.0000,0.0000,0.0000,0.0000,0.0000,0.0000,0.0000,0.0000,0.0000,0.0000,0.0000,0.0000,0.0000,0.0000,0.0000,0.0000,0.0000
45108.0416667,3.0573,3.4116,3.3339,3.4613,3.8439,3.6247,4.4101,10.3114,10.5020,9.8515,10.0589,9.5571,8.3708,11.1473,10.2776,8.7698,7.3392,6.0987,4.8867,3.8912,3.5778,3.2806,3.0333,3.0298,2.8834,3.1082,3.0213,2.7069,3.2808,2.8539,2.7333,2.5449,2.4283,2.4912,2.5540,2.5234,2.6911,2.7362,2.4699,5.4927,5.5332,5.3982,5.3611,5.3442,5.1327,4.2849,3.6241,6.5937,5.7134,5.4248,6.0564,5.8703,5.6910,5.5514,4.6890,4.5529,3.8458,3.5061,4.0349,3.7756,3.6232,3.5009,3.3895,3.2400,2.9653,2.7892,2.6462,3.6868,1.6939,1.2610,1.3158,1.4891,1.5223,1.3468,1.3407,1.7443,1.8425,3.5844,3.7187,4.2872,4.6580,4.9788,4.8052,5.2720,5.6797,5.7115,6.0551,5.8885,5.8688,5.2959,5.5112,6.1346,5.8016,5.3510,4.5138,4.3889,4.1911,4.0539,3.9254,3.6573,3.4978,3.5627,10.1651,10.0924,10.4494,10.1861,9.3791,11.2228,9.2142,7.7158,5.5635,3.9706,4.2745,3.6883,3.5165,3.2398,3.0996,3.0917,3.0666,2.9426,2.2565,2.3767,2.5876,2.5347,2.5646,2.4138,2.2593,2.4896,2.2949,1.9966,2.0076,1.8927,1.8157,1.7836,2.3098,2.1882,2.0999,2.1543,2.1648,2.0777,1.9496,1.9700,1.8047,1.6966,1.8371,1.5339,1.5108,1.8400,1.8318,1.7863,1.7800,1.5058,1.3168,1.2192,1.1089,1.2243,1.5196,1.5298,3.0179,3.0918,3.6011,4.0470,5.5747,5.7470,5.7497,5.4166,5.4958,4.9996,4.5487,3.8229,2.9273,5.3401,5.3341,4.9166,4.4717,4.0892,3.6846,3.3970,3.0633,3.1803,2.9551,2.6780,2.6060,2.7880,2.5064,2.6496,2.5924,2.5474,2.5283,2.5223,2.5253,2.5320,2.5383,2.5373,2.5246,2.5154,2.5155,2.5113,2.4952,2.4903,2.4882,2.4877,2.4881,2.4887,2.4858,2.4739,2.4688,2.4755,2.4805,2.4752,2.4820,2.4916,2.5014,2.5108,2.5192,2.5232,2.5176,2.5173,2.5256,2.5317,2.5271,2.5339,2.5435,2.5530,2.5621,2.5701,2.5742,2.5712,2.5732,2.5809,2.5866,2.5815,2.5878,2.5969,2.6063,2.6156
45108.0833333,5.3030,5.9965,5.7187,5.9088,6.5359,5.6015,6.5530,11.0237,11.6601,10.2543,11.1278,10.8296,9.2816,13.3292,14.0272,13.6343,13.6650,12.9833,11.1142,10.5904,10.7568,9.5324,8.4576,8.4761,7.7649,7.6928,6.7291,5.7217,6.1632,5.1523,5.2273,4.9529,4.8331,4.6931,4.6997,4.4641,4.6187,4.6458,4.1063,6.9178,7.0314,6.7137,6.6352,6.8210,7.5165,7.2626,6.6063,9.0579,7.9562,7.4913,8.3869,8.6943,8.7994,8.7407,6.7905,8.5575,7.9625,7.6365,8.1718,7.5404,7.2213,6.7968,6.7100,6.4631,5.8391,5.6651,5.4996,6.1593,3.6347,3.0534,3.0317,3.1068,2.9389,2.4168,2.2326,2.8368,2.8415,4.3993,4.4491,5.0709,5.4101,5.6843,5.1229,5.0639,5.9892,5.9216,6.9470,6.8164,7.2605,6.1012,7.4972,8.4376,8.4582,8.3675,6.8228,7.2889,7.3951,7.0422,7.0975,6.6801,6.6472,7.3170,10.9671,10.9668,12.1208,12.2111,11.1240,13.4947,11.8493,13.2409,10.7266,9.6335,10.1951,9.1225,9.3060,8.4492,8.3248,8.3697,7.9789,7.3883,5.2161,5.7319,5.3316,5.1831,5.2583,4.8928,4.4486,4.5703,4.0113,3.2274,3.4350,3.3645,3.3755,3.4163,3.9955,3.7580,3.6005,3.6947,3.3226,3.3076,3.2237,3.4124,3.1054,2.9340,3.2595,2.6259,2.7328,3.2779,3.1488,2.9643,2.9929,2.6551,2.5019,2.5445,2.1320,2.3237,2.6730,2.5158,3.4220,3.4998,4.5297,4.7977,5.7759,6.1929,6.1279,5.6468,6.4074,5.8806,6.3697,5.9622,4.6553,6.6884,7.6997,7.8200,7.4967,6.9602,6.3706,6.1527,5.7324,6.5471,5.9713,5.2699,5.2038,5.6888,4.8569,5.4297,5.2892,5.1604,5.0410,4.9250,4.8128,4.7039,4.5984,4.4939,4.3893,4.2965,4.2205,4.1515,4.0840,4.0335,3.9934,3.9616,3.9368,3.9174,3.8997,3.8788,3.8654,3.8622,3.8593,3.8501,3.8502,3.8530,3.8563,3.8599,3.8632,3.8639,3.8582,3.8568,3.8620,3.8662,3.8634,3.8694,3.8779,3.8868,3.8958,3.9045,3.9106,3.9118,3.9167,3.9258,3.9334,3.9334,3.9416,3.9518,3.9620,3.9710
45108.1250000,6.6923,7.9118,7.4488,7.8012,8.8611,7.0696,8.3119,11.5831,12.4983,10.3589,11.5858,11.1075,8.8207,13.2933,14.5032,14.2247,15.0650,14.8008,12.2040,12.8156,14.6593,12.8593,11.5281,12.8589,12.4597,13.4270,11.7411,10.2946,11.2145,9.2852,9.3866,8.6089,8.0359,7.3367,7.1185,6.4996,6.5988,6.5459,5.5730,8.2250,8.3251,7.7239,7.5106,7.7507,9.0336,8.8858,7.9178,9.9460,8.5290,7.9053,9.1124,9.9060,10.2566,10.2214,7.1161,10.7405,10.1891,9.9358,10.7608,9.8334,9.5632,9.0331,9.3371,9.3149,8.4458,8.5085,8.5361,8.8632,5.5719,4.9368,5.0022,5.1211,4.7605,3.7593,3.3545,4.2567,4.0845,5.4743,5.3826,6.0246,6.2879,6.4553,5.4812,4.9735,6.1864,5.9076,7.2922,6.9694,7.5815,5.7424,7.8607,8.8647,8.9716,8.9737,6.5533,7.4325,7.7884,7.2514,7.5185,6.9902,7.1767,8.7486,10.6061,10.7636,12.6330,12.9819,11.4718,13.9572,11.8298,15.1268,11.5408,10.7959,11.9474,10.4801,11.4948,10.2588,10.8472,11.8238,11.8159,11.5291,8.0093,10.0296,9.3242,9.4699,9.8079,9.0354,7.9225,7.7409,6.4646,4.8855,5.1965,5.0209,5.0193,5.0765,5.7453,5.2916,5.0075,5.1377,4.2933,4.3076,4.2098,4.5575,4.0288,3.7447,4.2896,3.2483,3.5034,4.3902,4.1557,3.8444,3.9687,3.5692,3.4594,3.7123,2.9126,3.2435,3.7349,3.3937,3.8513,3.9280,5.4317,5.4875,5.9755,6.5349,6.3487,5.6498,6.7845,6.0054,6.9529,6.4817,4.5462,6.3668,8.2129,8.9112,8.7637,8.0913,7.3287,7.2186,6.7325,8.4704,7.5057,6.3535,6.3593,7.3171,5.8988,7.1099,7.0088,6.9322,6.8569,6.7783,6.6965,6.6112,6.5220,6.4271,6.3254,6.2255,6.1313,6.0356,5.9347,5.8407,5.7492,5.6599,5.5727,5.4876,5.4032,5.3170,5.2380,5.1693,5.1044,5.0391,4.9855,4.9388,4.8977,4.8618,4.8306,4.8020,4.7729,4.7507,4.7369,4.7253,4.7109,4.7052,4.7031,4.7029,4.7040,4.7059,4.7068,4.7048,4.7061,4.7111,4.7156,4.7149,4.7207,4.7284,4.7363,4.7433
45108.1666667,8.1320,9.8665,9.1225,9.6011,11.1156,8.3361,9.8628,12.1065,13.2308,10.4546,11.9491,11.3114,8.4918,13.1651,14.7212,14.3893,15.6115,15.2857,11.7617,12.7850,15.8109,13.1861,11.4098,13.7952,13.6470,15.9839,13.6196,12.0244,14.4459,12.1704,13.5328,12.8666,12.4112,11.2505,10.8391,9.6750,9.6077,9.2922,7.6402,10.0489,10.0170,9.0368,8.6280,8.8463,10.5528,10.2804,8.8305,10.4030,8.5736,7.7792,9.1649,10.2650,10.7384,10.6630,6.6305,11.7400,11.1650,10.9493,12.0745,10.8085,10.5660,9.9164,10.6218,10.8650,9.7590,10.1769,10.6853,11.0281,7.3454,6.7990,7.0682,7.3291,6.7773,5.2769,4.6093,5.9718,5.6255,6.9112,6.6631,7.3273,7.5029,7.5564,6.1707,5.2853,6.7264,6.2624,7.9376,7.4164,8.1441,5.7294,8.3439,9.3012,9.3638,9.3165,6.1224,7.1707,7.6042,6.8801,7.2109,6.5160,6.7495,8.9029,9.6804,9.8675,12.1963,12.7014,10.8205,13.3746,10.8731,15.5815,10.9260,10.2154,11.7326,9.8803,11.4122,9.8083,10.8129,12.5001,12.7765,12.7456,7.9565,11.5448,10.8055,11.7794,13.1950,12.8852,11.6476,11.5832,9.6280,7.1825,7.8311,7.6448,7.6755,7.7413,8.4983,7.6294,7.0441,7.0836,5.6036,5.5483,5.3481,5.8068,4.9845,4.5425,5.2843,3.7956,4.1543,5.3840,5.0118,4.5498,4.7503,4.2603,4.1906,4.6915,3.4722,3.9577,4.6340,4.0982,4.2123,4.3047,6.2707,6.1268,6.2074,6.8773,6.5752,5.6882,7.0928,6.0692,7.3156,6.6919,4.2462,5.8494,8.1159,9.1413,9.0177,8.1580,7.2013,7.1285,6.5591,9.0775,7.7397,6.2196,6.2800,7.6375,5.7557,7.4962,7.4487,7.4437,7.4385,7.4295,7.4162,7.3981,7.3745,7.3438,7.3047,7.2633,7.2219,7.1755,7.1210,7.0670,7.0105,6.9510,6.8884,6.8227,6.7529,6.6773,6.6023,6.5302,6.4565,6.3784,6.3048,6.2326,6.1614,6.0913,6.0223,5.9536,5.8836,5.8180,5.7585,5.7013,5.6434,5.5934,5.5481,5.5067,5.4689,5.4346,5.4026,5.3716,5.3460,5.3259,5.3083,5.2896,5.2780,5.2699,5.2644,5.2614
45108.2083333,8.0819,10.4540,9.6033,10.3447,12.4961,8.7949,10.7762,12.3443,13.7764,10.5138,12.2761,11.5429,8.3519,13.1386,14.9434,14.5265,16.0159,15.5717,11.2882,12.5018,16.4077,12.9981,10.8037,13.8244,13.7076,17.0459,13.8604,11.9017,15.4538,12.6580,15.3490,15.0382,15.2899,14.1085,14.0209,12.6570,12.8325,12.5781,10.2690,12.6589,12.5384,11.1465,10.5174,10.6767,12.7025,12.0865,10.0050,11.0826,8.7870,7.8249,9.2859,10.5489,11.0399,10.8673,6.1565,12.2723,11.5690,11.3221,12.6726,11.0396,10.7715,9.9779,10.9897,11.4376,10.0792,10.7971,11.7645,12.2282,8.4814,8.2261,8.8589,9.4095,8.7182,6.7504,5.8024,7.7929,7.2907,8.5585,8.1525,8.8688,8.9640,8.9063,7.0914,5.8583,7.5155,6.8789,8.8286,8.1121,8.9435,6.0140,9.0458,9.9467,9.9445,9.8236,5.9947,7.1246,7.5873,6.7168,7.0645,6.2341,6.4598,8.9913,8.8902,9.0633,11.6551,12.2282,10.0328,12.5320,9.7011,15.3038,9.7753,9.0283,10.7372,8.6603,10.4692,8.6518,9.8674,12.0156,12.4717,12.5790,6.8982,11.3937,10.5443,12.1052,14.5584,14.8050,13.5778,13.8858,11.3386,8.1298,9.3647,9.4740,9.8753,10.2693,11.5141,10.4349,9.7064,9.8093,7.6049,7.5058,7.1725,7.7287,6.5094,5.8312,6.7303,4.6885,5.0815,6.6373,6.0710,5.4120,5.6261,4.9558,4.8605,5.5702,3.9209,4.5475,5.4126,4.6774,4.5005,4.6003,7.0035,6.6662,6.4112,7.1741,6.7731,5.7341,7.3476,6.1165,7.5893,6.8197,4.0245,5.4251,7.9127,9.1430,8.9883,7.9518,6.8316,6.7501,6.1019,9.1538,7.5019,5.7355,5.8082,7.3996,5.2316,7.2638,7.2296,7.2521,7.2758,7.2980,7.3185,7.3365,7.3517,7.3625,7.3680,7.3724,7.3775,7.3790,7.3745,7.3702,7.3634,7.3536,7.3404,7.3235,7.3019,7.2740,7.2443,7.2145,7.1809,7.1412,7.1019,7.0607,7.0169,6.9707,6.9220,6.8702,6.8139,6.7576,6.7026,6.6460,6.5858,6.5284,6.4718,6.4155,6.3595,6.3040,6.2484,6.1921,6.1387,6.0886,6.0399,5.9904,5.9464,5.9061,5.8701,5.8436
45108.2500000,7.8184,10.5469,9.4258,10.2251,12.7560,8.1481,10.3803,11.5057,13.1447,9.4891,11.4538,10.6910,7.3783,12.2835,14.3948,14.0410,15.8300,15.3503,10.5688,11.9885,16.5399,12.5162,10.0607,13.4838,13.3394,17.3474,13.4150,11.2066,15.5184,12.2037,15.8140,15.6592,16.4186,15.0777,15.2920,13.7777,14.3126,14.3511,11.5737,14.2295,14.1969,12.4849,11.7744,12.0058,14.5609,13.8613,11.2318,11.8544,9.2007,8.0826,9.5431,10.8659,11.2778,10.9339,5.7577,12.6158,11.7505,11.3993,12.7739,10.7014,10.3218,9.3689,10.6549,11.2925,9.7167,10.6539,11.9227,12.4647,8.8204,8.8837,9.8663,10.7580,9.9907,7.7106,6.4716,9.1276,8.4862,9.7919,9.2099,9.9048,9.8190,9.5794,7.3064,5.7744,7.6844,6.9582,9.2115,8.3468,9.2998,5.9229,9.3265,10.1682,10.1054,9.9629,5.6789,6.8894,7.3515,6.3198,6.6427,5.7192,5.9404,8.7192,7.9186,8.0682,10.7713,11.3526,8.9378,11.3701,8.4462,14.5980,8.5059,7.7374,9.4623,7.2807,9.1440,7.2299,8.4795,10.8015,11.3234,11.4888,5.4815,10.3026,9.3882,11.2824,14.5051,15.1427,13.8066,14.3706,11.2436,7.4960,9.1897,9.5880,10.3785,11.1636,13.0648,11.9607,11.3121,11.7569,8.9137,9.0312,8.8153,9.6781,8.1215,7.2709,8.4417,5.8380,6.3538,8.2735,7.4660,6.5794,6.7954,5.8981,5.6963,6.5512,4.4303,5.1164,6.0817,5.0935,4.6110,4.6837,7.4229,6.8402,6.2708,7.0646,6.5465,5.3789,7.1661,5.8022,7.5104,6.6660,3.7041,4.9344,7.5187,8.8624,8.6466,7.4426,6.1986,6.0899,5.3867,8.7174,6.7978,4.8939,4.9592,6.6419,4.3501,6.4716,6.4213,6.4475,6.4707,6.4897,6.5084,6.5282,6.5499,6.5765,6.6089,6.6372,6.6540,6.6678,6.6869,6.7005,6.7076,6.7132,6.7183,6.7238,6.7322,6.7459,6.7555,6.7536,6.7484,6.7479,6.7410,6.7266,6.7100,6.6924,6.6744,6.6580,6.6459,6.6297,6.6033,6.5738,6.5486,6.5171,6.4780,6.4369,6.3953,6.3537,6.3142,6.2783,6.2391,6.1932,6.1466,6.1056,6.0600,6.0091,5.9601,5.9207
45108.2916667,7.0067,10.0198,8.7568,9.5519,12.3692,7.0688,9.2832,9.8286,11.4900,7.6075,9.4791,8.6281,5.2455,10.0026,12.2292,11.9292,13.9649,13.4780,8.4685,10.0728,15.2112,10.7623,8.3085,12.0155,11.9199,16.5189,11.9331,9.5440,14.4006,10.6750,15.0046,14.9635,16.1029,14.5844,14.9554,13.2022,13.9525,14.1179,10.7972,13.8511,13.7874,11.8149,10.9415,11.2978,14.5620,13.8527,10.8601,11.3146,8.4903,7.3666,8.9312,10.3316,10.7126,10.2463,4.7540,12.0484,11.1056,10.6757,12.1265,9.6496,9.0863,7.9348,9.2121,9.9573,8.2588,9.3377,10.8872,11.5101,8.1290,8.5780,9.9219,11.0844,10.2001,7.6269,6.2701,9.5022,8.6688,10.0173,9.1755,9.8453,9.6994,9.1887,6.4539,4.6566,6.5372,5.7067,8.1092,7.0480,8.0696,4.4289,7.9867,8.8008,8.7095,8.5029,3.9883,5.2609,5.7674,4.7903,5.0068,4.0540,4.2454,7.1270,6.1513,6.2509,8.9370,9.4765,6.9438,9.2410,6.3462,12.8481,6.5580,5.9248,7.6711,5.5620,7.3705,5.5234,6.6899,9.0408,9.4956,9.6348,3.6872,8.3952,7.3925,9.4268,13.0664,13.9372,12.4395,13.1656,9.5397,5.5493,7.4160,7.9726,9.0219,10.1012,12.6028,11.4813,10.9534,11.7874,8.4267,8.7881,8.7664,10.1155,8.3343,7.4831,9.0958,5.9964,6.7840,9.2880,8.2734,7.2037,7.5454,6.5452,6.3713,7.4373,4.8832,5.7250,6.7663,5.4938,4.7001,4.6205,7.6583,6.7237,5.8544,6.6259,5.9988,4.6126,6.4144,4.8455,6.5779,5.6710,2.6912,3.8291,6.4258,7.8590,7.5873,6.3430,4.9921,4.8683,4.1258,7.5830,5.4785,3.5404,3.5345,5.1474,2.9204,4.9329,4.8142,4.7433,4.7519,4.7185,4.6856,4.6546,4.6358,4.6163,4.6127,4.6390,4.6812,4.6745,4.6374,4.6784,4.6756,4.6662,4.6575,4.6542,4.6566,4.6446,4.6805,4.7279,4.7272,4.6931,4.7358,4.7310,4.7162,4.7013,4.6895,4.6827,4.6590,4.6808,4.7093,4.6968,4.6485,4.6783,4.6570,4.6264,4.5951,4.5662,4.5402,4.5017,4.5014,4.5029,4.4732,4.4078,4.4200,4.3831,4.3382,4.2993
45108.3333333,4.7062,7.9702,6.8840,7.7396,10.9191,5.4351,7.5316,7.6461,9.5497,5.7186,7.3277,6.4484,3.1299,7.3282,9.4266,9.1208,11.1761,10.6241,5.5536,7.1521,12.5721,7.8990,5.7005,9.5231,9.4760,14.5735,9.4907,7.0874,12.4266,8.4047,13.2060,13.2285,14.6488,13.0610,13.4412,11.5973,12.6744,12.8671,9.0740,12.6188,12.3437,10.2959,9.0927,9.6169,13.5507,12.5957,9.3728,9.8263,6.8909,5.8830,7.6019,8.9390,9.3011,8.7976,3.1458,10.5520,9.5905,9.2397,10.8188,8.1938,7.5001,6.2325,7.2590,8.1090,6.4533,7.5124,9.1733,9.6831,6.4319,7.4043,9.1578,10.5199,9.5957,6.7036,5.5212,9.1727,8.1020,9.4916,8.4371,9.1738,9.2767,8.5920,5.4738,3.4060,5.0558,4.2755,6.7854,5.5819,6.6684,3.0147,6.3790,7.0777,6.9311,6.5191,1.9549,3.0912,3.5880,2.8950,2.7697,1.8390,1.8926,4.7010,3.7247,3.7830,6.3799,6.8900,4.3275,6.4575,3.7678,10.3717,4.1285,3.6833,5.4329,3.5430,5.2039,3.5912,4.5865,6.8944,7.3132,7.4195,1.8502,6.2509,5.1405,7.2209,10.9049,11.9419,10.3538,11.1988,7.1936,3.2388,5.0240,5.5776,6.6901,7.8937,10.7486,9.6204,9.2163,10.3612,6.7354,7.2078,7.3108,9.1287,7.2110,6.4354,8.4051,4.9838,6.0025,9.1143,8.0022,6.8106,7.3880,6.4537,6.4947,7.9038,5.0334,6.2373,7.3776,5.7769,4.7888,4.4610,8.0163,6.6253,5.5260,6.3088,5.7227,4.0790,5.8052,4.0661,5.5972,4.6282,1.6944,2.5965,4.9856,6.4522,6.0844,4.9750,3.4816,3.4353,2.6847,6.2193,4.0161,2.1396,1.9871,3.4498,1.4849,3.3874,3.2085,2.9339,3.0634,2.9749,2.8870,2.7920,2.7112,2.5954,2.4287,2.4647,2.6422,2.5878,2.3438,2.5090,2.4620,2.4014,2.3409,2.2923,2.2508,2.0715,2.1299,2.3204,2.2919,2.0772,2.2577,2.2345,2.1905,2.1489,2.1171,2.0942,1.9320,2.0033,2.1724,2.1591,1.9598,2.1430,2.1234,2.0819,2.0410,2.0073,1.9750,1.8172,1.9208,1.9681,1.9535,1.7519,1.9335,1.9114,1.8667,1.8262
45108.3750000,1.7799,5.0073,4.2305,4.9278,8.3372,2.9542,4.4219,4.2475,6.6091,3.1118,4.3269,3.4585,0.3116,3.5864,5.3110,5.3210,7.4344,6.8527,2.0519,3.3119,9.0164,3.9155,2.0614,5.7666,5.9881,11.0530,5.9263,3.2770,9.0369,4.8325,9.9519,10.2371,11.9453,10.2814,10.7632,8.3885,9.9284,10.1118,6.1587,10.5156,9.6879,7.9819,6.1466,6.8720,11.1668,9.9300,6.3664,6.6822,3.8417,3.0261,5.1434,6.3319,6.7258,6.2871,0.6980,7.6596,6.6945,6.7344,8.1046,5.7261,4.9974,3.6995,4.1225,5.1574,3.8814,4.8432,6.8621,7.1348,3.6405,5.3605,7.6362,8.9639,8.1440,4.9078,4.2949,8.1464,6.7324,7.9390,6.3665,7.1190,8.1464,7.0773,3.6357,1.4899,2.3276,1.7781,4.3760,3.0719,4.1918,0.8527,4.0594,4.6129,4.1337,3.6244,-0.7670,0.2947,0.7674,0.7727,0.0174,-0.9068,-1.2360,1.2978,0.4841,0.4952,2.9076,3.3764,0.6884,2.7082,0.2673,6.8771,0.9427,0.8318,2.5867,1.0585,2.4743,1.4881,2.1092,4.2887,4.5179,4.5534,-0.5001,3.5635,2.2730,4.5122,7.8640,9.0693,7.6665,8.6729,4.4207,0.7217,2.2916,2.7260,3.7746,4.9683,7.7463,6.6236,6.3624,7.8929,4.1394,4.5184,4.6537,6.8183,4.8389,4.2300,6.2943,2.8341,4.1003,7.6091,6.2073,4.7668,5.5651,4.9562,5.4574,7.2747,4.3107,6.2283,7.4405,5.3693,4.4761,3.7830,8.1118,6.0305,4.7310,5.4323,5.1085,3.1761,4.7438,3.0430,4.2315,3.2136,0.4126,1.1361,3.1967,4.7716,4.2738,3.5056,1.6979,1.8653,1.0863,4.7396,2.4424,0.6380,0.1127,1.3298,-0.2362,1.6787,1.4091,0.6918,1.1553,0.9959,0.8402,0.6681,0.5201,0.3340,-0.2493,-0.1766,0.3811,0.2833,-0.3852,0.1314,0.0350,-0.0874,-0.2134,-0.3204,-0.4231,-1.0043,-0.8949,-0.3583,-0.4252,-1.0653,-0.5226,-0.5791,-0.6777,-0.7744,-0.8549,-0.9262,-1.4844,-1.3603,-0.9323,-0.9336,-1.5148,-0.9471,-0.9761,-1.0520,-1.1290,-1.1931,-1.2599,-1.7438,-1.3459,-1.2738,-1.2915,-1.8680,-1.3181,-1.3378,-1.4013,-1.4591
45108.4166667,-2.4793,0.5167,0.1734,0.6563,5.4013,-0.0906,0.4143,-0.7893,2.3600,-0.5019,0.1322,-0.7595,-3.6397,-1.3894,-0.2286,-0.2510,1.8895,1.3820,-2.7779,-2.0254,4.2889,-1.2145,-2.5607,0.9634,1.8757,6.5495,1.0448,-2.3114,3.8603,-0.4042,4.3355,5.0499,7.4086,6.2901,6.6828,4.1147,5.7580,5.3444,1.4325,6.9437,5.4559,3.8055,0.9527,2.0499,7.9845,5.3300,1.9130,1.9989,-0.2018,-0.8244,1.9461,2.6821,2.9843,2.6516,-2.5872,3.1185,2.0473,2.9159,4.4944,1.7277,0.8496,-0.4396,-1.1073,0.1736,-0.3237,0.4216,3.4053,3.5833,-0.3070,2.1179,5.1845,6.2089,5.8301,2.2375,2.6463,6.5653,4.6510,6.2678,3.1950,4.0267,7.0178,5.1437,1.3472,-0.8633,-1.6043,-1.7738,0.7104,-0.7056,0.8690,-2.1224,0.4502,0.8086,0.0335,-0.9557,-4.8670,-3.8424,-3.2928,-2.0740,-3.7249,-4.5814,-5.1074,-3.1141,-3.7787,-3.7940,-1.7004,-1.4159,-4.0111,-2.7008,-4.7084,1.9285,-3.4180,-2.9857,-0.6877,-2.1660,-1.5941,-1.5087,-1.4483,1.0015,0.9153,0.8348,-3.7333,-0.0503,-1.6672,0.5546,2.9502,4.5666,3.4074,4.8800,0.6483,-2.4998,-1.1056,-0.7806,0.2132,1.3514,4.0931,2.1689,2.2202,4.4010,0.8052,0.7022,0.7357,3.4285,1.5197,1.0586,2.8671,-0.7125,0.7909,5.0572,3.2522,1.2106,2.5002,1.6215,2.5935,4.8264,2.0089,5.0303,6.2333,3.3386,3.1488,1.9198,7.3157,4.7692,3.3891,3.2627,3.4296,1.2631,2.6556,1.2688,1.9831,1.0608,-1.4791,-0.7990,0.7633,2.6800,2.0516,1.9112,-0.5125,0.1881,-0.6293,3.3190,0.8821,-0.9096,-1.5867,-1.4680,-2.4475,-0.2582,-0.6384,-2.1969,-0.9850,-1.2220,-1.4519,-1.7101,-1.9323,-2.1973,-3.5412,-3.3776,-2.0801,-2.2259,-3.7026,-2.4504,-2.6065,-2.8036,-3.0079,-3.1840,-3.3569,-4.6907,-4.5801,-3.3491,-3.4023,-4.7986,-3.5376,-3.6420,-3.8118,-3.9795,-4.1239,-4.2605,-5.5218,-4.7445,-4.4017,-4.4601,-5.8007,-4.5497,-4.6095,-4.7357,-4.8606,-4.9644,-5.0740,-6.1410,-5.2008,-5.1017,-5.1262,-6.3754,-5.1618,-5.1861,-5.2787,-5.3621
45108.4583333,-8.1761,-5.7886,-3.7119,-4.1285,0.5990,-4.8968,-5.1488,-7.9873,-3.2766,-4.9696,-4.7123,-5.0572,-7.8643,-6.6945,-6.2334,-6.5929,-4.7276,-5.3038,-8.5943,-8.9217,-1.8838,-8.0634,-7.9329,-6.2351,-4.0112,0.6526,-4.9954,-8.0975,-2.4646,-7.1898,-2.2366,-2.2634,0.6655,1.1631,1.4666,-1.5581,0.0331,-1.6446,-6.2387,1.3136,-0.2653,-1.5960,-6.1546,-4.4787,4.0990,-0.7065,-3.8095,-4.4238,-5.5583,-6.1166,-2.0900,-2.0330,-1.8269,-1.8289,-6.3439,-2.1987,-3.8478,-1.1618,0.8505,-2.4391,-3.6606,-5.0763,-7.8530,-6.3391,-4.9070,-4.9023,-1.8880,-1.9987,-5.9629,-2.2082,1.9171,1.9845,2.6538,-1.2061,0.5935,4.8785,2.1540,4.4876,-0.9555,0.0941,6.3984,3.4124,-0.8353,-3.1194,-6.5412,-5.9283,-4.2350,-6.3570,-2.8375,-5.5935,-3.6272,-3.3662,-4.2252,-6.1396,-9.4159,-8.6436,-8.1459,-5.1950,-8.2180,-9.0653,-9.8072,-8.6628,-8.5910,-8.6581,-7.0019,-6.9565,-9.3246,-9.5143,-11.2841,-4.5445,-9.1316,-8.4183,-5.0019,-5.9748,-6.7045,-4.8614,-5.3446,-2.5121,-3.0706,-3.5025,-7.5809,-4.4252,-6.0646,-4.2157,-4.0894,-1.1289,-2.1218,-0.1014,-4.2577,-6.7166,-5.5648,-5.2581,-3.8356,-2.1927,0.7738,-3.2520,-3.8142,-0.8025,-3.5004,-3.6157,-4.6804,-1.1571,-2.8596,-3.0343,-1.0920,-5.1578,-3.5814,1.6556,-0.5039,-2.9785,-0.9685,-3.0962,-2.3309,0.7197,-1.3966,3.1857,3.9501,0.0906,0.6243,-1.3537,5.4104,2.4446,1.0172,-0.6065,-0.1528,-2.0086,-0.0046,-2.0126,-1.8578,-2.4899,-4.8040,-3.7463,-2.8202,-0.0894,-0.7854,0.0515,-3.4055,-1.7341,-2.5928,1.9719,-0.6593,-2.4686,-3.2517,-4.7059,-5.3025,-3.0055,-3.3322,-6.0790,-3.3764,-3.5497,-3.7576,-4.0525,-4.3607,-4.8541,-7.4669,-7.6515,-5.5913,-5.6038,-8.2170,-5.5194,-5.5922,-5.7584,-5.9775,-6.2135,-6.5688,-9.0462,-8.1750,-7.2034,-7.2407,-9.8063,-7.2385,-7.3085,-7.4830,-7.6746,-7.8647,-8.1303,-10.3617,-8.9647,-8.5484,-8.5157,-10.9180,-8.4252,-8.4400,-8.5664,-8.7158,-8.8707,-9.1170,-10.8747,-9.6551,-9.5066,-9.5017,-11.7771,-9.4531,-9.4474,-9.5384,-9.6269
45108.5000000,-12.7585,-11.4186,-6.3463,-6.1862,-1.4205,-6.7097,-7.9518,-13.6858,-7.4243,-8.0052,-10.6990,-10.1891,-12.4287,-11.5832,-11.4233,-11.8883,-10.3378,-11.0402,-13.3024,-15.4095,-8.3613,-15.7870,-12.9979,-13.9016,-9.6526,-4.8121,-10.1231,-14.5785,-8.0097,-13.5921,-8.3305,-9.9319,-6.5893,-5.8999,-4.5983,-7.1845,-5.0891,-6.6879,-12.7803,-3.3840,-5.2026,-6.3207,-13.5353,-12.0373,-0.1726,-7.5044,-10.0344,-10.6901,-12.2117,-13.0581,-7.3401,-7.7524,-7.2628,-6.5469,-11.4195,-9.4246,-9.7501,-5.8533,-1.4313,-4.7504,-5.9967,-7.4312,-13.0926,-11.9985,-10.2206,-10.1180,-5.7974,-6.1800,-12.3400,-7.2984,-1.9063,-3.7500,-2.5920,-5.1610,-2.6965,3.2571,0.1518,3.7430,-4.5903,-3.5281,7.4539,3.4912,-1.1316,-3.4782,-10.3275,-9.2674,-5.2665,-9.8472,-4.7607,-7.3777,-6.3044,-6.2720,-7.3501,-10.4557,-12.9816,-12.6582,-12.2466,-7.2344,-11.7082,-12.4931,-13.4815,-13.3234,-12.5327,-12.5369,-11.3099,-11.4981,-13.5656,-14.2699,-17.2446,-11.7157,-15.8158,-14.1526,-9.8979,-10.3287,-12.2081,-9.6706,-12.2894,-7.7461,-8.1448,-8.3483,-11.2822,-8.5614,-9.9906,-8.5533,-8.4367,-7.2804,-8.3316,-5.6422,-9.4392,-10.8487,-10.1740,-10.9519,-10.6547,-9.0665,-4.7642,-7.9924,-8.2075,-5.6882,-7.8072,-8.3953,-9.4148,-6.1999,-7.7124,-7.7353,-5.8791,-9.3537,-8.2791,-2.3919,-7.0038,-8.4944,-7.0757,-7.4126,-6.5093,-4.8490,-5.5001,0.7117,1.1435,-1.4374,-1.6753,-4.7886,3.0004,-0.4209,-2.0109,-4.0915,-3.0403,-4.5928,-3.5122,-6.1369,-7.0998,-7.4510,-8.7027,-7.8647,-7.8934,-4.8682,-5.2548,-3.0095,-7.5133,-4.3899,-5.0043,0.4887,-2.1197,-3.7729,-4.4531,-5.2029,-5.3272,-4.3521,-4.8874,-9.4489,-5.2930,-5.5885,-5.8896,-6.2605,-6.6234,-7.1823,-9.3677,-9.6160,-8.1210,-8.2965,-12.6543,-8.5516,-8.7034,-8.9202,-9.1595,-9.3896,-9.7387,-11.7531,-11.1592,-10.3463,-10.4293,-14.5362,-10.5365,-10.5921,-10.7565,-10.9326,-11.1052,-11.3675,-13.1936,-12.2306,-11.8609,-11.9050,-15.7841,-11.9943,-12.0268,-12.1712,-12.3260,-12.4745,-12.7186,-14.1415,-13.2663,-13.1164,-13.2485,-16.6452,-13.7125,-13.6251,-13.6374,-13.6563
45108.5416667,-15.8597,-15.5247,-9.4251,-8.5145,-3.3248,-8.0881,-9.7839,-17.6398,-9.5959,-8.7714,-11.5748,-11.6326,-13.5488,-13.9317,-14.7169,-15.7135,-14.7659,-15.5235,-16.4817,-19.0886,-12.5692,-20.9478,-15.9052,-19.6890,-13.8731,-9.1539,-13.9488,-18.7417,-12.2348,-18.8385,-12.6987,-15.6526,-12.3538,-9.0316,-8.0101,-10.7822,-8.8072,-10.6999,-17.9812,-7.1080,-8.8727,-9.4481,-18.8311,-17.3417,-4.3827,-13.7322,-15.1195,-14.2311,-16.4711,-17.3220,-10.7811,-12.1910,-11.9006,-10.7289,-15.3550,-17.1168,-16.8319,-12.5041,-4.6107,-7.6242,-8.5815,-9.6749,-17.9163,-17.2754,-14.6938,-13.8279,-9.9659,-10.2607,-17.8415,-11.8840,-5.6376,-7.5103,-9.7173,-11.6546,-7.9406,-0.9812,-3.5556,1.0796,-7.8450,-6.5765,9.1345,4.5089,-0.3529,-2.7566,-13.0293,-10.8777,-6.4445,-12.7955,-6.8444,-8.8335,-7.7950,-7.2904,-7.9935,-11.7323,-13.2210,-13.1784,-12.8247,-6.0247,-11.7740,-12.5681,-13.9042,-14.9252,-13.8440,-13.9179,-13.2479,-13.7162,-15.4533,-16.9020,-21.0369,-17.2003,-20.3960,-17.9525,-13.5042,-12.1017,-13.9603,-11.3084,-16.1701,-10.8071,-11.8769,-11.1877,-13.3841,-12.1591,-13.7059,-12.8388,-12.7446,-11.4327,-12.4076,-9.2506,-12.5699,-12.8683,-12.9361,-13.3175,-15.0608,-14.4244,-8.6284,-12.4489,-12.4505,-9.6057,-10.8734,-12.0063,-12.9918,-10.0337,-11.0129,-10.7254,-9.1960,-11.8323,-11.3737,-5.4266,-12.2391,-13.0457,-11.0958,-12.7715,-11.7191,-11.3295,-9.9419,-2.4678,-2.2707,-3.4945,-3.8957,-7.6324,1.0491,-2.3502,-3.6164,-4.7050,-2.5392,-4.9577,-4.8957,-8.0979,-10.6930,-11.0813,-11.1939,-10.8583,-11.4316,-8.9900,-9.4719,-6.2739,-11.2625,-7.9802,-8.2940,-2.2135,-4.5649,-5.8489,-6.3458,-6.5090,-6.1265,-5.9209,-6.5037,-11.6573,-7.2649,-7.3465,-7.4280,-7.5849,-7.7359,-8.1093,-9.7799,-9.8713,-8.6148,-8.8985,-13.9561,-9.7826,-9.8858,-10.0613,-10.2596,-10.4457,-10.7628,-12.4352,-12.0258,-11.3460,-11.6172,-16.4507,-12.4396,-12.4807,-12.6272,-12.7696,-12.8932,-13.1039,-14.5886,-13.8663,-13.4844,-13.6481,-17.4598,-14.2980,-14.3059,-14.4377,-14.5770,-14.7022,-14.9229,-16.0828,-15.4054,-15.1860,-15.2735,-17.9392,-15.7193,-15.6649,-15.7401,-15.8148
45108.5833333,-13.6606,-11.7705,-6.8307,-5.4317,-0.0069,-4.4724,-7.1458,-17.7241,-9.0005,-7.1706,-10.1437,-10.6219,-12.2719,-13.6693,-14.8976,-15.9809,-15.4213,-16.2387,-16.1068,-19.4598,-13.6819,-22.6044,-15.9568,-22.6877,-16.1074,-11.2513,-17.5867,-20.8735,-14.1386,-20.8356,-17.1329,-19.7637,-16.4434,-9.4222,-7.8797,-10.0770,-7.9722,-10.4323,-18.7662,-7.0443,-8.7670,-8.8287,-19.5809,-15.4016,-4.1661,-16.3818,-17.2156,-15.3377,-18.1942,-18.9131,-12.6996,-14.5433,-14.0031,-12.1650,-15.9329,-21.8538,-21.3144,-17.2814,-6.6496,-9.1955,-9.9116,-10.7178,-20.8655,-20.8910,-17.7086,-14.3387,-11.4725,-12.3730,-21.7974,-15.4821,-8.5930,-9.1033,-10.2861,-14.8707,-9.6724,-4.2740,-7.0006,-4.7214,-12.3873,-9.9674,8.7755,4.2222,-0.4085,-2.5289,-12.5683,-9.5825,-5.4445,-10.6102,-5.3785,-6.8641,-6.2648,-5.6436,-6.2668,-10.8155,-11.6711,-11.9350,-11.5434,-3.3996,-9.7794,-10.4365,-11.8085,-13.3819,-11.7286,-11.7213,-11.3132,-11.8764,-13.2854,-15.3960,-19.8766,-19.1165,-22.0845,-19.4698,-17.0068,-13.0040,-14.2617,-11.3671,-17.7372,-12.3620,-15.5847,-12.2533,-12.6128,-12.4198,-13.8388,-13.6248,-16.6313,-14.0570,-14.2636,-10.3893,-12.8787,-12.0131,-14.1153,-13.7212,-16.5179,-16.5908,-9.7918,-13.8910,-15.9684,-11.8810,-11.6931,-12.8362,-13.6510,-10.6532,-10.6332,-10.2029,-9.6644,-11.8228,-11.9243,-6.0867,-14.4792,-14.7832,-12.5304,-15.0159,-14.3056,-15.8989,-12.4774,-4.6388,-4.8452,-4.8988,-5.0796,-9.3095,-0.3371,-3.4490,-4.2156,-4.3806,-1.2347,-4.1144,-4.6267,-8.0442,-11.8843,-12.1761,-11.1675,-11.2583,-12.6172,-10.8507,-11.3911,-7.1904,-10.9808,-8.6816,-8.9126,-2.9791,-5.0499,-6.0009,-6.5232,-6.5362,-5.7355,-6.1844,-6.7152,-10.5995,-7.2886,-7.3122,-7.3443,-7.4669,-7.5838,-7.9296,-9.3143,-9.3123,-8.1641,-8.3279,-12.1280,-8.9509,-8.9608,-9.0659,-9.2122,-9.3565,-9.6446,-11.0677,-10.7447,-10.0656,-10.2701,-13.9717,-10.9717,-10.9979,-11.1627,-11.3442,-11.5198,-11.7931,-13.1404,-12.6590,-12.2939,-12.4668,-15.4850,-13.1079,-13.1166,-13.2612,-13.4166,-13.5607,-13.8118,-14.8479,-14.3676,-14.1575,-14.2719,-16.4780,-14.7713,-14.7378,-14.8381,-14.9250
45108.6250000,-11.0848,-10.0151,-5.9735,-4.2897,1.3799,-2.9897,-5.5303,-16.8281,-7.0534,-4.4485,-7.2223,-7.7354,-9.0889,-11.1232,-12.8702,-14.2072,-14.1918,-15.1520,-14.1855,-17.8961,-13.1028,-22.0391,-14.3212,-20.6083,-15.7404,-12.0947,-19.8857,-21.7319,-15.4852,-20.9864,-20.1742,-22.8319,-20.1489,-12.7029,-8.1548,-9.8844,-5.0791,-7.1495,-15.6527,-3.7600,-5.8344,-5.7995,-17.1408,-11.9950,-2.1225,-16.1266,-16.2280,-13.8515,-16.9469,-15.1462,-11.4230,-14.4761,-14.5023,-12.6347,-15.4977,-24.8595,-23.9723,-20.4586,-8.0028,-10.1726,-10.7251,-11.2448,-22.5663,-22.9559,-19.0664,-16.6154,-11.9262,-11.9248,-23.0283,-17.3286,-10.7302,-11.1764,-11.6866,-14.1776,-6.6235,-3.9155,-7.2042,-7.3381,-14.1644,-8.0838,9.1032,3.9830,-0.8356,-2.9573,-11.2476,-9.3844,-6.0434,-10.5884,-6.0465,-7.0856,-6.4079,-5.1753,-5.0435,-9.2385,-9.9909,-8.6816,-8.1089,0.5824,-6.1215,-6.8098,-8.2254,-10.1606,-8.5445,-8.4958,-8.0299,-8.8882,-10.2379,-12.6754,-16.9415,-18.1630,-19.5215,-17.8440,-17.1787,-13.3860,-13.3745,-10.5620,-16.1138,-12.4218,-17.5447,-15.0153,-12.3738,-12.7808,-13.5870,-13.8425,-16.8879,-15.8483,-15.7834,-11.6879,-13.3782,-12.4328,-13.3064,-14.4828,-16.8773,-17.2726,-10.0350,-14.2519,-15.9883,-13.1135,-12.1620,-13.6653,-14.2988,-13.0990,-12.1798,-9.8030,-9.1317,-10.3017,-11.4717,-4.9163,-13.9422,-13.5469,-11.3189,-13.6020,-13.7089,-17.4474,-12.6791,-5.2725,-6.2874,-5.6516,-5.7614,-10.2463,-1.4118,-5.7294,-4.5793,-4.1838,-0.4735,-3.6205,-4.1704,-8.2630,-11.7362,-11.7926,-9.9312,-10.2750,-12.1877,-10.7687,-11.6265,-6.0521,-9.0967,-7.5622,-7.7935,-2.2390,-4.2046,-5.0187,-5.6156,-5.6232,-4.7268,-5.5456,-6.0710,-9.0914,-6.5675,-6.5580,-6.5513,-6.6379,-6.7175,-7.0378,-8.2281,-8.1786,-7.1293,-7.2366,-10.1833,-7.7422,-7.7064,-7.7695,-7.8752,-7.9777,-8.2304,-9.4659,-9.1932,-8.4977,-8.6347,-11.5143,-9.1962,-9.1625,-9.2758,-9.4086,-9.5378,-9.7730,-10.9494,-10.5739,-10.1621,-10.2931,-12.7175,-10.8704,-10.8584,-10.9958,-11.1508,-11.2999,-11.5676,-12.5148,-12.1717,-11.9613,-12.0876,-13.9667,-12.6218,-12.6004,-12.7193,-12.8223
45108.6666667,-12.7182,-10.4105,-5.4456,-2.8739,3.7659,-0.3348,-2.5799,-14.9845,-4.7435,-1.6292,-4.1851,-3.9102,-5.5177,-7.6755,-9.6028,-10.9596,-11.0291,-11.8838,-10.4594,-14.3524,-9.8197,-17.9184,-10.2009,-15.9247,-12.1224,-8.3295,-17.2595,-19.0487,-15.6930,-20.2157,-21.6964,-24.2726,-22.0776,-15.0903,-10.8532,-12.3348,-5.3886,-6.3191,-14.5044,-1.5591,-2.7157,-1.9789,-12.4063,-7.0000,2.4376,-12.7429,-12.3738,-9.8337,-13.3026,-11.2309,-7.8150,-11.0744,-11.1445,-9.0823,-11.5011,-24.0599,-23.3253,-20.3513,-6.7871,-8.5347,-9.0150,-9.4549,-21.9516,-23.2051,-19.2208,-18.7394,-15.3332,-13.1772,-22.9433,-17.3371,-10.7168,-13.1399,-14.1879,-14.7874,-5.6942,-3.7729,-6.4980,-8.0658,-13.4073,-4.3966,12.1626,7.2639,2.6007,0.5131,-6.0287,-4.9063,-2.0043,-6.0297,-2.1742,-3.1402,-3.1396,-0.8598,-0.8497,-5.7893,-8.0911,-6.0069,-5.4228,3.4664,-3.1019,-3.8260,-5.0810,-6.5691,-6.2110,-7.0719,-5.1434,-5.3052,-6.1264,-8.4095,-12.4988,-14.5666,-14.8134,-12.9857,-13.3409,-9.8801,-10.3112,-6.1209,-10.9556,-8.3732,-14.8894,-13.4457,-9.5382,-10.7516,-12.7288,-12.1111,-15.1911,-14.2920,-14.2419,-10.2399,-11.5365,-10.9119,-12.2877,-13.9509,-16.9202,-17.7936,-10.2756,-13.9616,-14.9051,-12.5753,-10.6184,-12.2247,-13.6787,-13.6350,-12.9216,-9.7132,-9.0797,-9.5918,-11.6679,-4.9043,-14.0437,-13.1640,-11.8785,-12.3980,-12.0252,-16.1861,-10.2845,-4.1096,-4.3079,-3.4003,-3.0232,-7.6802,0.3770,-4.9000,-2.7141,-1.7802,2.3604,-1.9656,-1.7358,-7.1950,-10.3236,-10.3292,-7.9635,-8.8027,-11.0047,-10.1240,-11.8351,-5.1413,-7.2530,-5.8720,-5.7910,-0.1449,-1.7496,-2.3738,-2.8191,-2.5362,-1.6757,-2.3984,-2.8627,-5.2482,-3.3187,-3.3409,-3.3783,-3.5181,-3.6535,-4.0300,-5.1412,-5.1298,-4.2338,-4.3629,-6.7379,-4.8720,-4.8457,-4.9120,-5.0144,-5.1066,-5.3438,-6.4370,-6.2072,-5.5230,-5.6209,-7.9055,-6.0861,-6.0212,-6.1047,-6.2072,-6.3043,-6.5064,-7.5373,-7.2268,-6.7814,-6.8686,-8.8328,-7.3480,-7.3004,-7.4049,-7.5276,-7.6445,-7.8814,-8.7113,-8.4255,-8.1832,-8.2803,-9.8709,-8.7593,-8.7217,-8.8285,-8.9181
45108.7083333,-11.0328,-9.9547,-4.1557,-1.4714,4.5018,2.5114,0.9438,-11.3431,-1.1335,1.9893,-1.5229,0.1107,-1.3935,-2.9349,-4.4112,-5.3921,-5.3129,-6.0407,-4.6016,-8.4177,-5.3950,-11.6677,-4.6860,-9.3741,-7.6246,-2.7522,-11.1318,-12.5199,-10.6300,-14.3090,-17.5618,-21.2546,-21.1208,-14.7577,-11.2653,-12.3904,-4.9235,-5.2576,-12.7932,-0.1321,-0.6817,0.6355,-7.6461,-2.6115,7.0346,-7.4619,-6.4681,-3.8064,-6.9572,-4.2243,-1.8015,-5.0208,-5.2132,-3.2566,-5.2169,-19.2631,-18.8398,-16.4215,-2.9403,-4.0364,-4.4009,-4.7448,-17.0278,-18.9360,-13.9408,-15.4539,-12.9746,-12.0392,-21.7863,-16.8295,-11.3391,-12.6278,-14.4503,-13.9763,-4.9251,-3.7840,-5.9279,-8.0903,-11.6998,-1.8481,14.0726,9.8009,5.4026,3.4195,-1.2804,-0.2713,2.9551,-0.2567,3.5409,2.4765,1.5979,5.5976,5.9883,1.2178,-1.7526,0.7144,1.4287,9.4924,3.5978,2.7047,1.5281,0.4060,-0.7142,-1.3787,0.2016,0.2837,-0.7870,-3.1697,-7.2183,-9.8280,-9.7093,-8.3114,-8.8927,-5.8561,-6.6099,-2.2588,-5.9731,-3.5329,-9.9560,-9.0386,-4.7823,-6.0393,-8.5019,-7.8826,-12.2131,-10.9559,-10.4251,-6.4361,-7.1400,-6.4115,-8.2037,-9.3454,-12.8237,-14.4300,-8.2064,-11.7247,-12.4326,-10.6912,-8.2086,-9.7683,-11.7272,-11.3310,-10.3426,-7.1329,-6.9607,-7.1009,-9.2592,-3.6284,-12.2161,-11.2785,-10.9939,-11.4292,-10.7979,-14.9425,-7.7280,-3.9953,-3.2931,-2.5894,-1.1304,-4.7060,3.0122,-1.5455,0.6177,1.9482,5.8184,0.2242,1.8359,-3.7281,-6.5034,-6.4543,-4.4535,-5.3547,-7.7605,-7.3039,-8.7980,-2.5812,-4.2877,-3.2847,-3.2267,2.0302,0.5985,-0.0438,-0.3901,0.1379,0.6922,0.5457,0.3179,-1.4044,0.3097,0.5009,0.6760,0.7443,0.8070,0.6190,-0.2187,-0.0574,0.8734,0.8662,-0.9751,0.5541,0.6342,0.6069,0.5294,0.4494,0.2157,-0.7842,-0.6208,0.0058,-0.0994,-1.9808,-0.5656,-0.5145,-0.6065,-0.7142,-0.8135,-1.0133,-1.9488,-1.7090,-1.2676,-1.3355,-2.9651,-1.7595,-1.6936,-1.7758,-1.8751,-1.9681,-2.1793,-2.9136,-2.6709,-2.4084,-2.4767,-3.8348,-2.8917,-2.8304,-2.9119,-2.9803
45108.7500000,-6.7216,-6.7064,-1.1154,0.4022,5.8600,4.4916,3.5298,-7.7303,1.1160,4.1936,0.9476,2.9364,1.4416,0.6970,-0.2829,-0.8230,-0.2986,-0.5737,0.6180,-2.8428,-0.6508,-5.5527,0.1711,-3.1999,-2.4010,2.6879,-4.8517,-6.1201,-5.4300,-8.3813,-12.5417,-16.1416,-16.9618,-11.3125,-8.8566,-9.9395,-3.6906,-3.3638,-9.6583,1.7719,1.5546,3.0411,-3.6833,0.8263,10.4708,-2.7164,-1.3972,1.2057,-1.6808,1.1285,3.3327,0.9382,1.0653,2.9642,0.7401,-12.1933,-11.9245,-10.1397,1.6473,1.0195,0.7821,0.5088,-10.6056,-12.6920,-7.8872,-9.9698,-7.8365,-7.9022,-17.4904,-14.3511,-10.5016,-11.7828,-13.8034,-12.4743,-4.3550,-3.7569,-5.0922,-7.2785,-9.8264,-0.3741,14.5377,10.9163,6.6874,4.7253,1.5467,2.4534,5.9696,3.3721,7.1379,5.6207,5.3355,10.0076,10.8174,6.6181,3.1283,5.7666,6.9678,13.6351,8.9964,8.0427,7.1721,7.4656,5.3636,4.7615,6.1253,6.9158,5.7154,3.6381,-0.2327,-3.0636,-3.3107,-2.7833,-3.5973,-1.3566,-2.3446,1.1820,-1.7798,0.2576,-5.5125,-4.9902,-1.3909,-2.1415,-4.4019,-3.7326,-7.9384,-6.6009,-5.5811,-1.9083,-2.3778,-1.9288,-3.6482,-4.5611,-7.5966,-9.4466,-4.5898,-7.5923,-8.0978,-6.9058,-4.3654,-5.9161,-8.0583,-8.4739,-7.4260,-4.6391,-4.7788,-4.7352,-6.6376,-2.2724,-9.4408,-8.4775,-8.7310,-9.0125,-8.6602,-13.1087,-5.7773,-3.6093,-3.4089,-2.6455,-1.2481,-3.5264,3.4205,-0.7602,1.3125,3.3491,6.8277,1.5326,3.9511,-0.8191,-2.9010,-2.5540,-0.9741,-1.5284,-3.6585,-3.5775,-4.5154,0.9401,-0.4600,0.2964,0.2974,5.1143,3.7069,2.8768,2.5904,3.3066,3.3057,3.7443,3.5876,2.2605,3.6479,3.8577,4.0590,4.1690,4.2808,4.1695,3.5172,3.7426,4.6425,4.7425,3.3804,4.6950,4.8929,4.9968,5.0562,5.1123,5.0231,4.2697,4.5039,5.1682,5.1760,3.7455,4.9281,5.0456,5.0219,4.9732,4.9216,4.7669,3.9685,4.1594,4.5662,4.5087,3.1660,4.1175,4.1715,4.0891,3.9902,3.8964,3.6931,3.0419,3.2216,3.4558,3.3908,2.2402,3.0076,3.0655,2.9945,2.9362
45108.7916667,-1.2147,-1.7268,2.9988,3.8988,8.8906,7.1019,6.5604,-3.4301,3.8191,6.1034,3.4232,5.0772,3.2468,3.3793,2.8147,2.4566,3.2570,3.1354,3.8573,1.3269,3.4182,-0.7141,3.5140,1.3881,1.9114,6.9442,0.0968,-0.9103,-0.4431,-2.8056,-7.0130,-10.4657,-11.8945,-6.9058,-5.1854,-6.1144,-1.1170,-0.8243,-6.0893,3.6468,3.4480,4.9020,-0.6737,3.2156,12.6398,0.9500,2.2630,4.5357,1.9439,4.2517,6.3499,4.7567,5.2423,6.9942,4.1415,-6.0808,-5.6778,-4.1237,6.2739,5.7116,5.5034,5.2441,-4.0659,-6.1617,-1.9538,-4.1820,-2.6071,-3.2888,-11.9058,-10.2002,-7.8172,-9.5214,-11.5192,-9.9157,-3.3127,-3.5752,-4.6480,-6.5494,-8.3592,-0.0517,13.7212,10.6459,6.7562,4.8023,2.6771,3.6381,7.2958,5.1181,8.7551,6.5942,7.4660,12.1954,13.2731,9.5665,5.7245,8.2563,9.7838,14.8395,11.4427,10.3522,9.7852,11.5839,8.3826,8.1856,10.0366,11.2581,9.8952,8.5339,5.1482,3.4603,2.7781,2.9072,2.2833,3.6492,2.8596,5.0245,3.0028,4.7355,-0.1082,0.0518,2.1102,1.7494,-0.2369,0.1731,-3.7776,-2.8247,-1.6527,1.6151,1.2898,1.3245,0.2066,-0.5217,-2.8674,-4.5171,-0.8473,-3.2476,-3.6244,-2.8344,-0.6366,-1.9477,-3.8176,-4.5371,-3.6046,-1.4771,-1.8616,-1.8336,-3.4846,-0.5666,-6.2130,-5.3780,-6.0228,-6.3112,-6.2260,-10.6027,-3.9168,-2.5753,-2.7213,-1.9790,-0.7612,-2.4034,3.3874,-0.3165,1.4103,3.4496,6.3021,1.6928,4.1695,0.2582,-1.2445,-0.5889,0.5812,0.6211,-0.7078,-0.4999,-1.0808,3.5611,2.3813,3.0183,2.9601,7.5798,6.0440,4.9010,4.7050,5.7132,5.0270,6.1372,6.0470,5.0577,6.1765,6.3956,6.6085,6.7430,6.8779,6.8184,6.3147,6.5404,7.3276,7.4549,6.4328,7.4965,7.7098,7.8452,7.9445,8.0430,8.0175,7.4442,7.6859,8.3101,8.3869,7.3325,8.3226,8.5035,8.5664,8.6095,8.6505,8.6010,8.0157,8.2370,8.6624,8.6902,7.6848,8.4915,8.6003,8.5869,8.5531,8.5167,8.3782,7.8627,8.0213,8.2409,8.1995,7.2680,7.8816,7.9341,7.8739,7.8224
45108.8333333,4.2688,3.9406,7.5776,8.3443,13.2336,10.4100,10.5714,1.7957,7.7669,9.0028,7.0406,8.1619,5.8651,6.5385,6.1453,5.7224,6.5501,6.2468,6.1059,4.2413,6.4452,2.6680,5.5633,4.4128,4.8842,10.0624,3.8137,2.8475,3.5668,1.4821,-2.1237,-5.1976,-6.7872,-2.3640,-1.0925,-1.8982,2.1773,2.4255,-2.0018,6.2554,5.9459,7.0910,2.4251,5.6928,14.6894,4.2229,5.1488,7.0354,4.4705,6.1143,8.1812,7.3015,8.0017,9.5206,5.8832,-1.3803,-0.9435,0.4094,9.6167,8.8339,8.6889,8.3301,0.9178,-0.8448,2.6933,0.8595,2.3262,1.5149,-6.1403,-5.3985,-4.0623,-5.9626,-7.8001,-6.3638,-1.2403,-2.0206,-3.0508,-4.9279,-6.4436,0.6205,12.8159,10.1815,6.4329,4.5364,3.2218,3.9778,7.6391,5.6722,9.1997,6.4803,8.4012,12.8698,14.0923,10.8764,6.5138,8.9833,10.6314,14.2223,11.9578,10.7535,10.5368,13.5370,10.3293,10.2815,12.6034,13.9231,12.0940,11.4093,8.1252,8.0299,6.7141,6.7253,6.6223,7.1577,6.9891,8.0275,6.9627,8.7721,5.0092,5.0670,5.2638,5.9399,4.1271,4.5171,1.1333,1.6722,2.5168,5.1521,4.4838,3.7517,3.1539,2.5588,0.8177,-0.5270,2.2891,0.2830,0.0974,0.8431,2.4910,1.4812,-0.0122,-0.6678,0.0419,1.5658,1.3089,1.0795,-0.1636,1.9153,-2.5619,-1.9190,-2.7323,-3.1538,-3.3527,-7.5031,-1.7771,-0.9758,-1.3004,-0.6655,0.3990,-0.8338,3.9081,0.7742,2.1035,3.9344,6.1561,2.3024,4.5273,1.2584,0.0830,0.6535,1.2447,1.6445,0.9647,1.3401,1.0216,4.7868,3.7667,4.3376,4.2395,8.8470,7.1878,5.7737,5.7132,7.0823,5.7966,7.5397,7.5473,6.8837,7.8084,8.0603,8.3042,8.4813,8.6534,8.6621,8.3166,8.5425,9.2129,9.3656,8.6389,9.4894,9.7082,9.8646,9.9913,10.1158,10.1372,9.7238,9.9469,10.4847,10.5903,9.8303,10.6207,10.8114,10.9090,10.9912,11.0715,11.0776,10.6596,10.8710,11.2603,11.3350,10.6130,11.2780,11.4230,11.4720,11.5051,11.5358,11.4824,11.1300,11.3025,11.5339,11.5554,10.8790,11.3962,11.4866,11.4828,11.4750
45108.8750000,8.1907,8.6790,11.4552,12.5051,17.8526,13.6849,14.8801,7.2023,12.4217,12.5023,11.4943,12.1721,9.3451,10.9188,10.8111,10.2046,11.0269,10.5201,9.2914,7.8961,10.3602,6.5324,8.0785,7.7622,8.0521,13.3042,7.3453,6.1214,7.2553,5.0834,2.3308,-0.3373,-1.8411,2.0583,3.1797,2.4690,6.0014,6.2799,2.3190,9.5252,9.3797,10.1012,6.1890,8.9528,17.6593,8.3374,8.6297,10.0960,7.3533,8.2708,10.3018,10.0612,10.8336,12.0729,7.5357,3.0988,3.3778,4.4991,12.7032,11.6633,11.5907,11.0895,5.3721,3.8909,6.5316,5.1522,6.6203,5.9449,-0.8412,-0.5960,0.2652,-1.5527,-3.2074,-2.1217,1.6440,1.0144,0.0996,-1.6208,-2.8455,3.2598,13.9993,11.8193,8.0630,6.1472,5.6076,5.9918,9.5123,7.6372,10.8395,7.5340,10.2565,14.3251,15.4511,12.6490,7.6223,9.9414,11.5092,13.8204,12.4460,11.1136,11.1640,15.1204,11.1689,11.3502,14.3062,15.8160,13.6675,13.7659,10.3598,11.7735,9.3313,9.0659,9.4800,9.2135,9.7251,9.8170,9.5772,11.7504,9.0751,9.2214,7.4731,9.6013,7.9632,8.6818,6.4242,6.8849,7.3817,9.6657,8.3854,6.6666,6.6147,6.1149,4.8529,3.7979,6.1168,4.2109,3.8888,4.4861,5.2478,4.5117,3.3189,2.9261,3.3032,4.2782,4.4073,3.6796,2.9558,4.8615,1.3121,1.7243,0.9929,0.4423,0.0461,-3.6511,0.8495,1.4162,1.1832,1.6439,2.4648,1.5759,5.6545,3.0740,3.9931,5.6210,7.2735,4.0765,6.0962,3.2473,2.3154,2.5650,2.4399,2.8955,2.6651,3.1196,2.9206,5.7811,4.8147,5.2707,5.0828,9.6957,7.9013,6.2678,6.3160,7.9890,6.2185,8.4542,8.5605,8.1907,8.9795,9.2881,9.5909,9.8414,10.0824,10.1897,10.0203,10.2721,10.8645,11.0753,10.6310,11.3366,11.5917,11.7992,11.9810,12.1554,12.2421,11.9917,12.2080,12.6705,12.8129,12.3106,12.9405,13.1450,13.2804,13.4022,13.5193,13.5733,13.3013,13.4918,13.8278,13.9311,13.4397,13.9666,14.1258,14.2151,14.2920,14.3651,14.3697,14.1449,14.3076,14.5249,14.5861,14.1236,14.5424,14.6593,14.7058,14.7397
45108.9166667,11.4392,12.7965,14.4977,15.6652,21.3515,15.4513,17.5009,10.7799,15.4802,14.3029,14.2659,14.6037,11.2619,14.0801,14.6268,14.1033,15.2427,14.6677,12.3080,11.6018,14.5999,10.4542,10.7908,11.3705,11.4376,16.7151,10.6584,9.0836,10.7621,8.2558,6.4620,4.0755,2.6695,5.8333,6.7727,5.9745,9.0390,9.3805,5.6687,12.1527,12.1269,12.2974,8.9941,11.3604,19.9967,11.8964,11.5466,12.7099,9.8063,10.0863,12.1436,12.4657,13.2346,14.1186,8.6012,7.0706,7.1706,8.0166,15.2123,13.6516,13.4847,12.7383,8.6248,7.5606,9.3621,8.5333,10.0900,9.5804,3.4960,3.5181,4.1601,2.5959,1.0845,1.7922,4.2649,4.1830,3.2858,1.7612,0.6650,5.8317,15.0259,13.0700,9.0934,7.0385,7.3077,7.4000,11.0165,9.2454,12.2821,8.3615,11.9294,15.6356,16.6471,14.2648,8.5683,10.8538,12.3118,13.4892,12.7187,11.2211,11.4099,16.0087,11.9991,12.1326,15.3701,16.7892,14.1480,14.9188,11.3644,14.3201,10.7482,10.3179,11.1777,10.1811,11.2535,10.5332,10.8910,13.3553,11.4922,11.6772,8.1598,11.6671,10.1595,11.3654,10.4800,11.1178,11.3044,13.3882,11.3676,8.6273,9.3212,9.1204,8.4713,7.8636,10.0836,8.1940,7.7048,8.2103,7.8611,7.3393,6.3627,6.2418,6.0812,6.4656,6.9911,5.5160,5.2864,7.3449,4.3978,4.5057,4.0203,3.4715,3.1203,0.2159,3.2944,3.8082,3.7703,3.8753,4.3123,3.6870,7.4845,5.2069,5.6351,7.0828,8.1892,5.4192,7.4405,4.8931,4.4676,4.5082,3.6893,4.2456,4.4901,4.9628,4.7139,6.6637,5.6049,5.8746,5.5131,10.0556,8.0096,6.1318,6.1998,8.0483,5.8784,8.3678,8.4678,8.2673,8.8921,9.1854,9.4811,9.7454,10.0077,10.1794,10.1581,10.4358,10.9565,11.2094,10.9992,11.6008,11.8849,12.1350,12.3662,12.5911,12.7526,12.6734,12.9211,13.3411,13.5332,13.2667,13.7965,14.0246,14.2015,14.3665,14.5257,14.6379,14.5166,14.7189,15.0218,15.1585,14.8722,15.3019,15.4709,15.5890,15.6965,15.7998,15.8533,15.7428,15.9042,16.1032,16.1913,15.9078,16.2446,16.3677,16.4381,16.4901
45108.9583333,13.3355,15.7823,16.6157,18.0348,24.2986,16.6789,19.5598,13.4815,17.7777,15.3795,16.1025,16.0158,12.0054,15.8615,16.9438,16.4120,17.9496,17.3791,13.9072,13.9593,17.8914,13.2863,12.6377,14.2821,14.2801,19.9840,13.6248,11.6256,14.0801,11.0136,10.2811,8.1048,6.8318,9.2088,9.9757,8.9118,11.5757,11.8931,8.0680,14.0655,14.1076,13.7007,10.8254,12.8716,21.5431,14.4198,13.3310,14.2648,11.1159,10.8948,13.0933,13.9881,14.8351,15.4524,8.9992,10.1656,10.0701,10.6851,17.1316,15.0298,14.7485,13.7299,10.9115,10.1832,11.1318,10.7767,12.4884,12.1742,6.5917,6.6686,7.4284,6.3023,4.8629,4.9459,6.2990,7.1101,6.1759,4.9528,3.8991,8.3371,16.1828,14.3769,10.0915,7.8097,8.7362,8.4847,12.1891,10.3756,13.2289,8.6578,12.9283,16.2913,17.1538,15.0774,8.6961,10.9711,12.3578,12.7025,12.3828,10.7812,11.0795,16.2347,12.3047,12.4665,16.0236,17.4044,14.3386,15.5974,11.7807,16.0107,11.2295,10.5874,11.8126,10.2421,11.7514,10.4356,11.2245,13.9789,12.7622,12.9766,8.0045,12.5413,11.0521,12.6906,13.1190,13.9623,13.8013,15.8098,12.9808,9.2700,10.6150,10.7152,10.6764,10.6142,13.1443,11.3086,10.7694,11.4287,9.9519,9.6985,8.9344,9.2393,8.4933,8.3792,9.3908,7.0241,7.1989,9.6654,7.0668,6.7965,6.5148,5.7812,5.4641,3.4452,5.0586,5.7318,6.0613,5.7701,5.7967,5.3872,9.2935,7.1816,7.1393,8.4916,9.1318,6.5910,8.6795,6.2257,6.2533,6.0190,4.4400,5.1009,5.8913,6.4977,6.2247,7.4278,6.2614,6.3925,5.8818,10.4152,8.1434,6.0813,6.1370,8.0703,5.6398,8.2107,8.2506,8.1076,8.5501,8.7621,8.9792,9.1779,9.3793,9.5208,9.5298,9.7548,10.1574,10.3765,10.2727,10.7475,11.0039,11.2413,11.4699,11.6981,11.8851,11.9047,12.1578,12.5357,12.7551,12.6513,13.1110,13.3592,13.5719,13.7761,13.9760,14.1418,14.1413,14.3678,14.6647,14.8430,14.7202,15.1011,15.2969,15.4548,15.6034,15.7468,15.8528,15.8404,16.0176,16.2198,16.3417,16.1985,16.4909,16.6306,16.7286,16.8018
45109.0000000,14.9088,18.3982,18.4083,20.0623,26.9708,17.6556,21.2606,15.6202,19.6432,16.1424,17.5141,17.0654,12.4656,17.1427,18.7174,18.1282,19.9955,19.3243,14.7409,15.3368,20.2239,15.0213,13.5197,16.1540,16.1327,22.5059,15.7370,13.3533,16.8408,13.2094,13.7501,11.8325,10.8272,12.4499,13.1123,11.7053,14.0791,14.3681,10.2175,15.9345,16.0024,15.0139,12.4273,14.2004,22.9230,16.5265,14.6169,15.3451,11.8505,11.2159,13.5346,14.8936,15.8064,16.1977,8.9545,12.4787,12.1984,12.6357,18.5555,15.9580,15.5992,14.3592,12.6417,12.2444,12.4229,12.4968,14.3848,14.2042,8.6793,8.8770,9.9374,9.3831,8.0025,7.4006,7.8087,9.7257,8.7554,7.9422,6.8968,10.8167,17.5197,15.8477,11.2137,8.6868,10.2234,9.6706,13.5583,11.6718,14.4066,9.2155,14.1120,17.1546,17.8393,15.9642,8.9238,11.1463,12.4314,12.1431,12.1084,10.4096,10.7373,16.2527,12.2838,12.4527,16.2742,17.6294,14.2164,15.8968,11.8579,17.2163,11.3517,10.5325,12.0257,10.0354,11.8401,10.1064,11.1635,14.1290,13.3992,13.6210,7.5884,12.7845,11.2786,13.2637,14.8602,15.8982,15.3635,17.3421,13.7233,9.2321,11.0353,11.3565,11.8053,12.2338,15.2216,13.3992,12.8402,13.7773,11.2338,11.2821,10.7567,11.6133,10.3282,9.8531,11.4584,8.2232,8.8058,11.8870,9.5045,8.8656,8.8257,7.8595,7.5533,6.3729,6.5353,7.4415,8.1973,7.4691,7.0956,6.8348,11.1046,9.0549,8.5684,9.9012,10.1495,7.7141,9.9547,7.4833,7.9647,7.4372,5.1027,5.8442,7.1198,7.8689,7.5462,8.1173,6.8289,6.8561,6.2256,10.8126,8.3503,6.1537,6.2036,8.2019,5.6041,8.2197,8.2205,8.1203,8.4346,8.5872,8.7442,8.8888,9.0357,9.1407,9.1520,9.3165,9.6082,9.7716,9.7076,10.0538,10.2482,10.4312,10.6103,10.7916,10.9461,10.9846,11.1909,11.4892,11.6791,11.6434,12.0091,12.2296,12.4285,12.6247,12.8210,12.9961,13.0558,13.2783,13.5535,13.7471,13.7291,14.0683,14.2787,14.4634,14.6421,14.8175,14.9664,15.0310,15.2290,15.4445,15.6026,15.5719,15.8473,16.0134,16.1453,16.2449
45109.0416667,15.3750,19.8815,19.2442,21.1785,28.8262,17.9483,22.2836,17.0633,20.9962,16.5492,18.5005,17.7748,12.7007,17.9724,19.9948,19.3486,21.5361,20.7597,15.1850,16.2091,21.9904,16.1388,13.9231,17.3715,17.3030,24.3401,17.0510,14.2729,18.7702,14.5460,16.3962,14.7660,14.1856,15.1605,15.8435,14.1159,16.3517,16.6793,12.1051,17.6540,17.7604,16.2266,13.8461,15.4078,24.2383,18.4426,15.7040,16.1760,12.3335,11.3632,13.7640,15.4787,16.4195,16.5915,8.7293,14.1807,13.6803,13.9357,19.4349,16.3667,15.9360,14.5109,13.7101,13.6273,13.1422,13.6179,15.7495,15.6990,10.0595,10.3669,11.7614,11.7825,10.4058,9.1040,8.7235,11.7870,10.7727,10.4197,9.3389,12.8784,18.5932,17.0316,12.0207,9.2329,11.3402,10.5414,14.7037,12.7428,15.4413,9.6699,15.1880,17.9843,18.5268,16.8400,9.2067,11.4171,12.6283,11.8546,12.0187,10.2523,10.5895,16.3508,12.1407,12.2990,16.3036,17.6146,13.9111,15.8607,11.6495,17.9556,11.1782,10.2459,11.9205,9.6452,11.6370,9.6311,10.8537,13.9570,13.5953,13.8207,7.1062,12.6705,11.1457,13.3778,15.9458,17.1435,16.2316,18.1873,13.8610,8.8297,10.9158,11.3889,12.1977,13.0195,16.4680,14.6096,14.0177,15.2395,11.7365,12.0421,11.7208,13.1213,11.3491,10.6086,12.8087,8.8075,9.7736,13.5588,11.3118,10.3486,10.6187,9.5147,9.3142,9.0110,7.7961,8.9796,10.2064,9.0229,8.2256,8.0898,12.8895,10.8033,9.8888,11.2466,11.1486,8.7218,11.1754,8.6101,9.5576,8.7473,5.6990,6.5064,8.2382,9.1456,8.7593,8.7835,7.3592,7.2996,6.5606,11.2282,8.5823,6.2667,6.3040,8.3463,5.6198,8.2561,8.2194,8.1412,8.3572,8.4610,8.5693,8.6704,8.7745,8.8501,8.8605,8.9800,9.1905,9.3117,9.2729,9.5245,9.6702,9.8087,9.9452,10.0842,10.2050,10.2444,10.4028,10.6274,10.7766,10.7672,11.0423,11.2164,11.3767,11.5366,11.6982,11.8466,11.9151,12.1002,12.3247,12.4939,12.5158,12.7918,12.9795,13.1515,13.3215,13.4915,13.6449,13.7407,13.9325,14.1387,14.3061,14.3416,14.5941,14.7699,14.9191,15.0332
45109.0833333,15.4832,20.8543,19.6560,21.8383,30.2074,17.9340,22.8462,17.8820,21.7572,16.5121,18.9328,17.9808,12.5404,18.2689,20.7177,20.0606,22.5976,21.7592,15.3471,16.7147,23.3552,16.8804,14.0951,18.2161,18.1093,25.8225,17.9806,14.8166,20.2102,15.3600,18.3914,17.0016,16.8560,17.2227,17.9879,15.9433,18.1611,18.5961,13.5507,19.1042,19.2917,17.2737,15.0572,16.4840,25.5149,20.2295,16.6869,16.9293,12.7412,11.5131,13.9816,15.9789,16.9350,16.9164,8.5834,15.5881,14.8463,14.9312,20.0966,16.5896,16.0753,14.4764,14.3926,14.5627,13.4848,14.2840,16.6376,16.6954,10.8551,11.2921,13.0544,13.6652,12.2646,10.2292,9.2249,13.3757,12.3028,12.4490,11.3220,14.6222,19.5093,18.0459,12.6549,9.6176,12.2138,11.1896,15.6443,13.5901,16.2881,9.9737,16.0740,18.6870,19.1154,17.5887,9.4069,11.6255,12.7939,11.6695,11.9859,10.1802,10.5287,16.4913,11.9282,12.0875,16.2387,17.5190,13.5945,15.7253,11.3601,18.4035,10.8587,9.8358,11.6291,9.1835,11.2819,9.1222,10.4335,13.6169,13.5390,13.7656,6.6421,12.3545,10.8199,13.2182,16.5953,17.9335,16.6690,18.6154,13.6914,8.3277,10.5470,11.1043,12.1574,13.2806,17.1534,15.2310,14.5924,16.0666,11.7526,12.2390,12.0617,13.9316,11.7401,10.7991,13.5072,8.8795,10.1335,14.5971,12.4353,11.1974,11.7684,10.5592,10.5127,11.1057,8.6531,10.1532,11.9037,10.2968,9.1137,9.1025,14.5672,12.4083,11.1113,12.5511,12.1669,9.6917,12.4008,9.6825,11.0759,9.9782,6.2472,7.1059,9.2678,10.3563,9.9108,9.4744,7.9158,7.7902,6.9574,11.7510,8.9376,6.5139,6.5404,8.6283,5.7940,8.4507,8.3797,8.3082,8.4454,8.5045,8.5677,8.6268,8.6890,8.7321,8.7299,8.8061,8.9483,9.0290,8.9975,9.1728,9.2749,9.3734,9.4719,9.5733,9.6629,9.6959,9.8141,9.9805,10.0949,10.0978,10.3027,10.4377,10.5638,10.6906,10.8194,10.9395,11.0037,11.1511,11.3275,11.4658,11.5004,11.7156,11.8698,12.0140,12.1578,12.3026,12.4369,12.5314,12.6951,12.8704,13.0199,13.0772,13.2891,13.4481,13.5876,13.6954
45109.1250000,15.3294,21.4184,19.7709,22.1817,31.2507,17.7764,23.1802,18.4459,22.3121,16.4184,19.2134,18.0791,12.3680,18.3621,21.1490,20.4637,23.3022,22.4087,15.3076,16.9474,24.3775,17.3413,14.1294,18.8111,18.6940,27.0902,18.7160,15.2291,21.4425,16.0049,20.0982,18.9040,19.1672,18.9389,19.7905,17.4091,19.6535,20.2061,14.6563,20.3245,20.6103,18.1589,16.0739,17.4292,26.7605,21.9617,17.6679,17.7214,13.2191,11.7903,14.3238,16.5629,17.5390,17.3611,8.6506,16.9653,15.9905,15.9244,20.8328,16.9287,16.3371,14.5879,15.0748,15.4532,13.8536,14.9043,17.4277,17.5252,11.3054,11.8239,13.9300,15.1140,13.6852,10.9732,9.4880,14.6254,13.5007,14.1596,12.9861,16.1556,20.3524,18.9857,13.2296,9.9734,13.0057,11.7973,16.5728,14.4302,17.1700,10.3552,17.0082,19.4855,19.8192,18.4271,9.7274,11.9635,13.1006,11.7076,12.1327,10.2922,10.6438,16.7668,11.8440,11.9917,16.2417,17.4897,13.3937,15.6496,11.1676,18.7875,10.6148,9.5178,11.3701,8.8277,10.9672,8.7273,10.0706,13.2803,13.4144,13.6400,6.3064,12.0296,10.4972,12.9959,17.0287,18.4930,16.9154,18.8612,13.4555,7.9213,10.1823,10.7815,11.9906,13.3317,17.5629,15.5664,14.8769,16.5624,11.5951,12.2008,12.1189,14.3603,11.8238,10.7330,13.8291,8.7317,10.1698,15.2017,13.0866,11.6206,12.4462,11.1395,11.2302,12.6406,9.1157,10.9111,13.1775,11.1871,9.6974,9.8062,16.0013,13.7575,12.1302,13.7002,13.0863,10.5388,13.5600,10.6776,12.5446,11.1913,6.8212,7.7655,10.3329,11.6110,11.1033,10.2656,8.5678,8.3899,7.4706,12.4407,9.4597,6.9195,6.9406,9.0950,6.1424,8.8539,8.7593,8.6942,8.7772,8.8057,8.8376,8.8669,8.8988,8.9173,8.9039,8.9463,9.0362,9.0832,9.0512,9.1659,9.2299,9.2921,9.3550,9.4208,9.4791,9.4979,9.5779,9.6933,9.7731,9.7749,9.9205,10.0182,10.1109,10.2052,10.3019,10.3936,10.4466,10.5594,10.6940,10.8028,10.8390,11.0039,11.1269,11.2437,11.3611,11.4802,11.5925,11.6774,11.8118,11.9556,12.0818,12.1434,12.3150,12.4500,12.5706,12.6644
45109.1666667,14.7942,21.4459,19.4567,22.0654,31.7775,17.3058,23.1156,18.6407,22.5426,16.1434,19.2438,17.9855,12.1102,18.2714,21.3461,20.6481,23.7542,22.8120,15.1564,16.9930,25.0974,17.5559,14.0211,19.1386,19.0151,28.0492,19.1721,15.4259,22.3822,16.4338,21.5055,20.4966,21.1757,20.3966,21.3436,18.6254,20.9193,21.5798,15.5108,21.3137,21.6894,18.8374,16.8454,18.1595,27.8465,23.5063,18.5133,18.3984,13.6304,12.0457,14.6534,17.1195,18.1343,17.8297,8.7925,18.2685,17.0821,16.8843,21.6029,17.3385,16.6814,14.8066,15.7611,16.3219,14.2714,15.5338,18.2156,18.3116,11.6277,12.1640,14.5429,16.2255,14.7377,11.4100,9.5553,15.5347,14.3545,15.5003,14.2657,17.3639,20.9697,19.6867,13.5834,10.1353,13.5463,12.1902,17.2963,15.0724,17.8886,10.6178,17.8025,20.1946,20.4640,19.2048,10.0238,12.3074,13.4378,11.8327,12.3461,10.4777,10.8396,17.1164,11.8980,12.0315,16.3511,17.5636,13.3273,15.6426,11.0748,19.1550,10.4697,9.3203,11.1924,8.5968,10.7379,8.4594,9.8018,12.9985,13.2828,13.4995,6.0779,11.7356,10.2100,12.7567,17.3033,18.8740,17.0219,18.9665,13.1824,7.5884,9.8421,10.4617,11.7678,13.2617,17.7820,15.7143,14.9780,16.8361,11.3610,12.0442,12.0260,14.5480,11.7400,10.5433,13.9153,8.4944,10.0374,15.5025,13.4051,11.7523,12.7761,11.3836,11.5804,13.6855,9.2670,11.2978,14.0201,11.6889,9.9535,10.1626,17.0644,14.7234,12.8093,14.5253,13.7218,11.0913,14.4479,11.4066,13.7689,12.2085,7.2658,8.3164,11.3083,12.8154,12.2676,11.0819,9.2457,9.0322,8.0329,13.2309,10.0691,7.3923,7.4105,9.6542,6.5551,9.3591,9.2442,9.1818,9.2246,9.2295,9.2374,9.2441,9.2530,9.2529,9.2304,9.2479,9.2999,9.3222,9.2887,9.3597,9.3955,9.4306,9.4667,9.5054,9.5391,9.5451,9.5949,9.6705,9.7216,9.7178,9.8163,9.8819,9.9445,10.0090,10.0759,10.1399,10.1769,10.2571,10.3538,10.4331,10.4617,10.5822,10.6743,10.7630,10.8531,10.9452,11.0334,11.1030,11.2086,11.3218,11.4236,11.4803,11.6157,11.7260,11.8259,11.9042
45109.2083333,14.1751,21.2328,18.9813,21.7478,32.0238,16.7564,22.8521,18.6002,22.5248,15.7406,19.0645,17.7106,11.7433,17.9798,21.2944,20.6051,23.9629,23.0021,14.9262,16.9138,25.6096,17.6395,13.8716,19.3245,19.2013,28.8263,19.4855,15.5172,23.1063,16.6956,22.6338,21.8008,22.8993,21.6264,22.6942,19.6613,22.0406,22.8180,16.2393,22.2150,22.6806,19.4645,17.5380,18.8315,28.8878,24.9255,19.2570,18.9978,13.9724,12.2655,14.9507,17.6219,18.6866,18.2863,8.9522,19.4776,18.1052,17.8078,22.4129,17.8242,17.1157,15.1337,16.4810,17.2095,14.7640,16.2122,19.0492,19.1235,11.9325,12.4602,15.0723,17.2053,15.6405,11.7159,9.5880,16.2686,15.0237,16.6324,15.3394,18.4276,21.5416,20.3333,13.9068,10.2914,14.0110,12.5206,17.9312,15.6201,18.5187,10.8293,18.4995,20.8399,21.0596,19.9121,10.2706,12.6072,13.7453,11.9816,12.5697,10.6766,11.0536,17.4962,11.9563,12.0976,16.5014,17.7072,13.3695,15.7254,11.0910,19.5600,10.4430,9.2516,11.1329,8.5118,10.6440,8.3523,9.6819,12.8547,13.2514,13.4563,5.9926,11.5564,10.0342,12.5931,17.5460,19.2003,17.1022,19.0458,12.9633,7.3663,9.5808,10.1996,11.5592,13.1605,17.9180,15.7863,15.0085,17.0067,11.1451,11.8718,11.8926,14.6251,11.6128,10.3449,13.9071,8.2757,9.8666,15.6573,13.5706,11.7747,12.9399,11.4555,11.7156,14.3846,9.2571,11.4688,14.5806,11.9670,10.0468,10.3242,17.8653,15.4291,13.2741,15.1380,14.1840,11.4695,15.1370,11.9319,14.7432,12.9893,7.5364,8.6910,12.0918,13.8556,13.2942,11.8173,9.8554,9.6276,8.5627,14.0475,10.7052,7.8831,7.9085,10.2736,7.0099,9.9484,9.8238,9.7685,9.7874,9.7791,9.7725,9.7647,9.7582,9.7450,9.7155,9.7145,9.7384,9.7416,9.7052,9.7433,9.7571,9.7708,9.7857,9.8028,9.8168,9.8112,9.8371,9.8824,9.9108,9.9004,9.9634,10.0037,10.0426,10.0832,10.1261,10.1673,10.1897,10.2432,10.3092,10.3636,10.3823,10.4668,10.5320,10.5954,10.6605,10.7276,10.7924,10.8444,10.9227,11.0073,11.0846,11.1303,11.2326,11.3179,11.3963,11.4582
45109.2500000,13.5213,20.7479,18.2057,20.9760,31.5721,15.6534,21.8840,17.9057,21.8526,14.7917,18.2685,16.8738,10.9601,17.2246,20.7274,20.0652,23.6063,22.6300,14.2876,16.4383,25.5623,17.2672,13.3788,19.0729,18.9465,28.9930,19.2543,15.2069,23.3417,16.6122,23.3269,22.6554,24.1585,22.3992,23.5550,20.2293,22.6616,23.5412,16.5442,22.6283,23.1319,19.5585,17.6837,18.9592,29.3709,25.8312,19.5840,19.2117,14.0246,12.2143,14.9343,17.7538,18.8377,18.3246,8.7677,20.2703,18.7582,18.3561,22.8068,17.8743,17.1024,15.0393,16.7891,17.7357,14.9865,16.6317,19.6304,19.7041,12.1893,12.6938,15.4301,17.9019,16.2383,11.8448,9.4850,16.6583,15.3102,17.2802,15.8714,18.8667,21.4531,20.2266,13.4865,9.7533,13.7358,12.1897,17.8905,15.5232,18.5197,10.4943,18.5736,20.8697,21.0528,20.0469,10.0616,12.4813,13.6211,11.6921,12.3120,10.4032,10.8069,17.3859,11.6295,11.7740,16.2164,17.3978,12.9889,15.4319,10.8640,19.7098,10.3019,9.1288,10.9928,8.3433,10.4426,8.1333,9.4382,12.5390,12.9909,13.1815,5.7784,11.2519,9.7578,12.3052,17.5523,19.2648,16.9347,18.8238,12.5148,7.0007,9.1940,9.8279,11.2199,12.8781,17.7755,15.5883,14.7776,16.8694,10.7312,11.5030,11.5829,14.4491,11.2892,9.9712,13.6268,7.9100,9.5364,15.5065,13.4037,11.5035,12.7927,11.2964,11.6177,14.7429,9.0587,11.3446,14.7059,11.8282,9.7397,10.0666,18.1019,15.5331,13.1599,15.1241,14.0239,11.2336,15.2010,11.8947,15.1825,13.3204,7.5057,8.7684,12.5216,14.5127,13.9221,12.1670,10.0721,9.8283,8.6990,14.4408,10.8839,7.9070,7.9380,10.4200,6.9903,10.0634,9.9275,9.8832,9.8908,9.8748,9.8602,9.8458,9.8346,9.8232,9.8058,9.8066,9.8158,9.8074,9.7756,9.7943,9.7901,9.7854,9.7822,9.7823,9.7840,9.7779,9.7933,9.8144,9.8217,9.8068,9.8422,9.8563,9.8694,9.8853,9.9049,9.9273,9.9421,9.9790,10.0185,10.0488,10.0593,10.1150,10.1518,10.1877,10.2262,10.2684,10.3127,10.3526,10.4108,10.4690,10.5223,10.5585,10.6334,10.6909,10.7431,10.7835
45109.2916667,11.5575,18.8484,16.2176,18.9030,29.6451,13.3797,19.4947,15.6719,19.5855,12.4510,15.8390,14.4388,8.6695,14.8287,18.4483,17.8982,21.6257,20.6365,12.2347,14.5365,24.0029,15.4763,11.6696,17.4887,17.3832,27.7215,17.5910,13.5110,22.0560,15.1231,22.5753,22.1084,24.0419,21.9287,23.1566,19.5894,22.0220,22.9193,15.5181,21.7458,22.0885,18.2155,16.2309,17.4798,28.2038,24.9112,18.2262,17.8849,12.6600,10.8715,13.6342,16.4940,17.5562,16.9280,7.2647,19.4039,17.8824,17.4015,21.7791,16.5185,15.6101,13.4395,15.3636,16.5523,13.6740,15.5423,18.8514,19.0701,11.7816,12.4682,15.3345,17.9789,16.1172,11.3064,8.8958,16.2920,14.7024,16.8684,15.1661,17.9552,20.1115,18.6726,11.5970,7.7633,11.6414,10.0573,15.8458,13.3668,16.3950,8.2687,16.4502,18.7148,18.8905,17.9740,7.9079,10.4139,11.6052,9.7318,10.2583,8.3776,8.7820,15.3991,9.7801,9.9212,14.3358,15.4720,11.0792,13.6112,9.2474,18.5087,9.0630,8.0992,10.0361,7.4356,9.4955,7.2350,8.4732,11.4949,11.8697,12.0025,4.7434,10.1094,8.6001,11.1515,16.5140,18.2564,15.7130,17.5144,11.0257,5.6809,7.8262,8.4767,9.8984,11.5831,16.5732,14.3594,13.5643,15.7279,9.4449,10.2327,10.3678,13.3650,10.1246,8.8462,12.5230,6.8041,8.4455,14.5227,12.3408,10.3500,11.7253,10.2899,10.7399,14.2375,8.2395,10.6115,14.0630,10.9359,8.7021,8.9561,17.3349,14.5130,11.9582,13.9565,12.7456,9.7941,13.9165,10.4934,14.1087,12.2474,6.3170,7.7037,11.7723,14.0149,13.4064,11.5095,9.2521,9.0128,7.8098,13.7772,9.9941,6.8834,6.8458,9.3501,5.8595,8.9619,8.7536,8.6070,8.6105,8.5412,8.4733,8.4074,8.3586,8.3006,8.2599,8.2683,8.3145,8.2793,8.1786,8.2262,8.2005,8.1661,8.1337,8.1097,8.0922,8.0422,8.0769,8.1423,8.1308,8.0523,8.1217,8.1151,8.0964,8.0807,8.0721,8.0714,8.0373,8.0858,8.1563,8.1626,8.1014,8.1884,8.1961,8.1943,8.1955,8.2040,8.2185,8.2097,8.2732,8.3478,8.3744,8.3356,8.4402,8.4688,8.4845,8.4937
45109.3333333,7.7807,14.9964,12.6341,15.2383,26.0593,10.1784,15.8311,12.1253,16.1901,9.2928,12.3085,10.9081,5.4077,11.0258,14.4783,14.0485,17.8231,16.9056,8.6507,11.0161,20.5937,12.0973,8.6829,14.5542,14.4927,25.0360,14.6317,10.6482,19.5676,12.4441,20.3140,19.9834,22.2881,19.9962,21.1369,17.5500,20.2488,21.0803,13.3887,19.9832,19.9694,16.0755,13.7590,15.0577,26.0307,22.6305,15.7097,15.5143,10.2953,8.6693,11.5328,14.1833,15.1419,14.4375,4.8412,16.9794,15.3930,15.0313,19.3036,14.0261,12.9950,10.7631,12.4730,13.8634,11.0772,12.9818,16.4814,16.7692,10.0537,11.3631,14.5618,17.3251,15.4025,10.1220,8.0030,15.4705,13.5194,15.7641,13.7996,16.4619,18.5623,17.0133,9.6954,5.6916,9.0929,7.5790,13.2551,10.6697,13.6353,5.7340,13.4457,15.5129,15.6095,14.5723,4.6874,6.9790,8.1541,6.6413,6.7781,5.0084,5.2468,11.6551,6.4536,6.5927,10.8863,11.9672,7.6185,10.1853,6.2011,15.7539,6.4901,5.8484,7.9135,5.5218,7.5247,5.4957,6.6390,9.6054,10.0152,10.0955,3.0963,8.3116,6.6992,9.2635,14.4695,16.2753,13.6751,15.4364,8.7911,3.6854,5.6755,6.2603,7.6333,9.2959,14.2262,12.0652,11.3601,13.5998,7.4535,8.1569,8.3056,11.4549,8.2445,7.0812,10.6417,5.0964,6.6751,12.7522,10.6072,8.5630,9.9781,8.6109,9.1834,12.8893,6.8986,9.4953,12.8894,9.5001,7.2953,7.2092,15.9341,12.7052,10.0665,12.0638,10.9714,7.8661,11.8884,8.4431,12.0079,10.2022,4.3897,5.7474,9.8416,12.3363,11.7074,9.9203,7.4575,7.3672,6.1440,12.3349,8.4112,5.2832,5.0615,7.4884,4.1814,7.3251,7.0520,6.6453,6.8261,6.6951,6.5640,6.4234,6.2993,6.1107,5.8578,5.8799,6.1208,6.0353,5.6699,5.8994,5.8263,5.7361,5.6461,5.5710,5.5039,5.2267,5.2857,5.5497,5.5039,5.1838,5.4383,5.4026,5.3414,5.2839,5.2394,5.2063,4.9627,5.0528,5.3007,5.2885,5.0066,5.2787,5.2650,5.2262,5.1897,5.1642,5.1418,4.9292,5.0988,5.1993,5.2111,4.9556,5.2518,5.2631,5.2466,5.2282
45109.3750000,2.6868,9.5190,7.7281,10.0195,20.7191,5.6032,10.0615,6.8546,11.3390,5.0006,7.3582,5.8885,0.7797,5.6610,8.4988,8.5135,12.1709,11.2031,3.4724,5.5018,15.2742,6.4009,3.5608,9.3711,9.7259,19.8238,9.8157,5.5708,14.9172,7.7368,16.0308,16.1445,18.7029,16.0602,17.1841,12.8379,16.0541,16.9528,9.5227,16.8832,16.0428,12.7657,9.6742,11.2343,22.0335,18.5974,11.2373,10.9258,6.0612,4.6768,8.0319,10.2437,11.0894,10.4014,1.1567,12.5193,10.9546,11.1595,14.6213,9.9644,8.8707,6.6255,7.6280,9.4205,7.2221,9.0197,12.8873,12.8495,6.2521,8.8485,12.6377,15.3407,13.6572,7.8815,6.6296,13.9427,11.4286,13.4194,10.7196,13.1615,16.3187,14.2204,6.6518,2.7069,4.8231,3.8184,9.5296,7.0149,9.9093,2.7135,9.9177,11.5741,10.9448,9.8748,0.3720,2.4327,3.4641,2.9271,2.1237,0.3925,0.0720,6.0341,1.2250,1.3328,5.3542,6.4057,1.9751,4.7291,1.2635,11.0261,2.2619,2.1977,4.4331,2.4350,4.2694,3.0705,3.7136,6.5228,6.6849,6.6167,0.0330,5.2147,3.4211,6.3279,11.0586,13.0731,10.7555,12.5146,5.7028,0.9054,2.6934,3.1003,4.3540,5.9124,10.3918,8.4803,8.0450,10.5715,4.5189,4.9847,5.1799,8.4775,5.3475,4.3651,7.6160,2.5630,4.2356,10.0755,7.6175,5.2600,6.7497,5.9169,6.9250,10.7318,5.1010,8.3781,11.4098,7.4399,5.7068,4.9181,14.1491,10.0644,7.3522,9.1001,8.5465,5.2992,8.8411,5.7628,8.7921,6.9904,1.5717,2.8043,6.6447,9.4832,8.7479,7.4251,4.5035,4.8296,3.5471,10.0318,5.9269,2.8235,2.0661,4.3662,1.5448,4.9901,4.5985,3.5440,4.3074,4.0568,3.8160,3.5625,3.3468,3.1017,2.2465,2.4046,3.2916,3.1447,2.1370,2.9617,2.7832,2.5796,2.3780,2.2088,2.0746,1.2105,1.4137,2.2565,2.1481,1.1717,2.0330,1.9142,1.7496,1.5926,1.4648,1.3743,0.5328,0.7344,1.4114,1.4276,0.5704,1.4716,1.3993,1.2761,1.1567,1.0612,0.9849,0.2520,0.9293,1.0103,1.0018,0.1643,1.0507,1.0144,0.9322,0.8591
45109.4166667,-3.6045,2.3396,1.0802,2.8889,15.7012,0.8725,3.2848,-1.1708,4.4942,-0.7669,0.8383,-0.8143,-5.4087,-1.2598,0.5450,0.4146,3.9516,3.0764,-3.6407,-2.5568,8.2480,-1.2097,-3.5195,2.0609,3.7613,12.7452,2.6383,-2.9518,7.1623,-0.0259,7.5123,8.5403,12.2830,10.4609,11.3957,6.6774,9.7643,9.2721,2.3009,11.3376,9.4885,6.3307,1.5871,3.5537,16.8268,11.5163,4.5820,3.7574,0.3211,-0.9951,3.5718,5.0769,5.7259,5.2008,-3.3134,5.9448,3.8106,5.5847,8.8394,3.5825,2.2548,0.0577,-0.7026,1.3780,0.4391,1.8286,7.4681,7.4894,0.3159,4.0251,9.0938,11.1577,10.4983,4.2410,4.5388,11.8961,8.6070,11.4495,6.0377,8.3810,14.4810,11.2550,3.3641,-0.5109,-1.2156,-1.6965,3.5350,0.9845,4.6071,-1.8233,4.4528,5.7135,4.4173,2.8173,-5.8291,-3.8996,-2.8160,-1.5184,-3.6402,-5.2662,-5.9608,-1.0084,-5.3601,-5.2683,-1.8032,-1.1535,-5.5415,-3.7617,-6.6307,3.5207,-4.4912,-3.6561,-0.2954,-2.4682,-1.9371,-1.3314,-1.4335,2.0538,1.9785,1.7311,-4.7177,0.3110,-2.0735,0.9241,4.0727,6.7971,4.9985,7.5025,0.8969,-3.2209,-1.4849,-1.2291,-0.0006,1.4883,5.6018,2.2084,2.2811,5.9782,0.3855,-0.0270,0.0098,4.0188,1.2162,0.4143,2.8808,-2.1234,-0.0280,6.6260,3.7249,0.2298,2.4313,0.9384,2.4567,6.5396,1.4840,6.3353,9.0125,3.6852,3.5198,1.7807,11.9176,7.4091,4.6906,4.4781,4.7987,1.5680,4.3588,2.2787,4.3391,2.6427,-2.1753,-1.0263,1.9395,5.5447,4.7086,4.3161,0.3113,1.6974,0.3979,7.4171,3.1220,0.0311,-0.9357,-0.5845,-2.5407,1.6633,1.1618,-1.3477,0.8514,0.5428,0.2447,-0.0774,-0.3519,-0.6441,-2.8705,-2.5683,-0.2957,-0.4627,-2.8703,-0.6530,-0.8818,-1.1527,-1.4299,-1.6702,-1.8720,-4.0915,-3.9039,-1.7593,-1.8209,-4.1278,-1.9412,-2.1208,-2.3647,-2.6037,-2.8115,-2.9852,-5.1079,-3.6528,-3.2009,-3.2839,-5.4952,-3.3421,-3.4575,-3.6362,-3.8095,-3.9528,-4.0767,-5.8918,-4.1694,-4.0861,-4.1077,-6.1468,-4.0650,-4.1158,-4.2331,-4.3376
45109.4583333,-14.4917,-9.7549,-6.9551,-6.0414,6.9670,-6.6859,-4.9403,-11.0974,-3.2254,-6.4902,-5.0701,-5.8613,-9.9686,-7.3545,-6.2398,-6.7676,-3.7006,-4.6450,-10.0653,-10.8362,0.7864,-9.3745,-9.7812,-7.2533,-3.6800,5.3539,-4.2576,-9.3407,-0.3990,-8.3212,-0.5616,-0.8294,3.6049,4.0536,5.3274,0.3483,3.3724,0.8612,-7.0254,4.3508,2.8912,0.2525,-6.8000,-4.5431,11.9478,4.2450,-2.1393,-4.2516,-6.0821,-7.5060,-1.3211,-0.4810,0.2277,0.3431,-6.8253,0.1747,-3.0560,1.4744,5.2522,-0.4327,-2.1240,-4.4549,-8.2699,-6.4416,-5.0850,-5.0091,0.4446,0.3009,-7.0692,-1.7597,4.7584,5.4030,6.3695,0.0320,2.0147,10.1436,6.2305,10.4439,2.0288,4.7930,15.0499,10.8137,2.7032,-1.1272,-5.5243,-5.3128,-1.7904,-5.1818,1.1321,-4.8035,0.7657,1.9977,0.6647,-2.0535,-9.6907,-8.3864,-7.5466,-4.1140,-7.8441,-9.4295,-10.4262,-6.8855,-11.3087,-11.1170,-8.1907,-7.7369,-11.5617,-11.9834,-14.7408,-4.8956,-12.0905,-11.1844,-6.2615,-7.5856,-8.8348,-5.8749,-6.5613,-2.4845,-2.7414,-3.2248,-9.0000,-4.7331,-6.8925,-4.4448,-4.3022,0.3300,-1.2991,1.9169,-4.3843,-7.6284,-6.1953,-5.9811,-4.1821,-1.9357,2.4914,-3.8280,-4.7554,0.0514,-4.1361,-4.5073,-6.1569,-1.1358,-3.4714,-3.9104,-1.3001,-6.7945,-4.7120,2.9504,-0.0923,-4.1807,-1.1559,-4.5734,-3.7613,1.0016,-2.8014,3.8486,5.9379,-0.3745,0.5812,-1.9415,9.3497,4.7549,2.1890,-0.2712,0.3920,-2.0861,1.3199,-1.3996,-0.3846,-1.8689,-6.1752,-4.9272,-3.2631,1.3886,0.6026,1.4307,-3.7956,-1.1133,-2.2908,5.3709,1.1142,-1.7497,-2.6681,-4.5480,-5.8369,-1.6252,-1.9883,-6.0097,-1.9022,-2.0244,-2.1984,-2.4717,-2.7779,-3.3025,-7.2040,-7.4556,-4.2417,-4.2225,-8.0935,-4.0476,-4.0816,-4.2177,-4.4191,-4.6549,-5.0350,-8.7346,-7.4237,-5.8514,-5.8856,-9.6928,-5.8625,-5.9275,-6.0973,-6.2902,-6.4908,-6.7834,-10.1347,-7.8205,-7.3059,-7.2660,-10.8363,-7.1443,-7.1510,-7.2707,-7.4217,-7.5899,-7.8658,-10.5766,-8.5084,-8.3827,-8.3912,-11.7643,-8.3411,-8.3324,-8.4144,-8.4951
45109.5000000,-23.2828,-20.7604,-14.2296,-12.8983,-0.8975,-12.9435,-12.5572,-20.6890,-11.1204,-12.5229,-14.5304,-13.8768,-16.4959,-14.1498,-13.0387,-13.2742,-10.3395,-11.0815,-14.8448,-17.4393,-6.3812,-17.5000,-14.6386,-15.3528,-9.5928,-0.9417,-9.8087,-16.1366,-6.4299,-14.8864,-7.0770,-9.1970,-4.4589,-3.9953,-1.6580,-5.9539,-2.4215,-4.5569,-13.6968,-1.0356,-2.6575,-5.0026,-14.7111,-12.6494,7.1226,-3.1554,-8.6776,-10.9439,-13.1786,-14.8624,-7.0273,-6.8464,-5.8837,-4.9602,-12.2698,-7.6152,-9.0370,-3.2549,3.1498,-2.4172,-4.0114,-6.1817,-12.9115,-11.4313,-9.6851,-9.4664,-2.9940,-3.9412,-14.1990,-7.8808,-0.3125,-1.8493,-0.2228,-4.7059,-2.1518,7.7567,3.5796,9.3865,-2.1126,0.5414,15.8991,10.7229,2.3976,-1.4217,-9.2644,-8.2432,-1.7413,-7.8596,0.2415,-5.4765,-0.9632,-0.0386,-1.5626,-5.4593,-11.9744,-11.1357,-10.4004,-4.8134,-10.0267,-11.4569,-12.6236,-10.3764,-15.8381,-15.5422,-13.3214,-13.1343,-16.2704,-17.3523,-21.1217,-13.1948,-19.3507,-17.4386,-11.9685,-12.6637,-15.2777,-11.7885,-15.0495,-9.1954,-9.2703,-9.4538,-13.4020,-9.7884,-11.4274,-9.4529,-9.0809,-6.6467,-8.1814,-4.2329,-9.8293,-11.7216,-10.7719,-11.7595,-11.2519,-9.0594,-3.1234,-8.2952,-8.8392,-4.9765,-8.3858,-9.2363,-10.6963,-6.3737,-8.4261,-8.6893,-6.2721,-10.7543,-9.3722,-1.3669,-7.2090,-9.7373,-7.5547,-8.5358,-7.7376,-5.0875,-6.8528,1.1424,2.4791,-1.9287,-2.2640,-6.0272,5.7070,0.7726,-1.8288,-4.7569,-3.3972,-5.2043,-3.0780,-6.2889,-6.4673,-7.4049,-9.9593,-9.3902,-9.0840,-4.4421,-4.9045,-2.5132,-8.6837,-4.4440,-5.2992,2.9859,-1.1104,-3.6384,-4.3653,-5.2306,-5.8493,-3.6158,-4.1532,-10.0177,-4.3268,-4.5590,-4.7973,-5.1005,-5.4062,-5.9225,-8.9420,-9.2136,-6.9078,-7.0159,-12.6550,-7.0992,-7.2227,-7.4052,-7.6111,-7.8172,-8.1539,-10.9790,-10.0720,-8.8492,-8.8946,-14.2497,-8.8846,-8.9348,-9.0811,-9.2398,-9.4019,-9.6641,-12.2414,-10.6411,-10.2233,-10.2463,-15.3103,-10.2500,-10.2903,-10.4288,-10.5777,-10.7253,-10.9733,-13.0350,-11.5649,-11.4405,-11.5896,-16.0553,-12.0955,-11.9859,-11.9605,-11.9487
45109.5416667,-29.1938,-29.1892,-21.3617,-19.5276,-8.4691,-18.4253,-19.3553,-29.3590,-18.0167,-17.1819,-19.5515,-19.5507,-21.1314,-20.1807,-20.1801,-20.8413,-18.4935,-18.8837,-20.5321,-23.1969,-12.9345,-24.8522,-18.8618,-23.0927,-15.1628,-6.9333,-14.7835,-21.2400,-11.6386,-21.1735,-12.1014,-15.9378,-11.2024,-7.6549,-5.8626,-10.4792,-7.4199,-9.9464,-20.4183,-6.6750,-8.1871,-9.9722,-22.2121,-20.2320,0.5552,-11.5438,-15.3429,-15.5935,-18.5631,-20.3365,-11.4992,-12.5356,-11.8712,-10.4485,-17.4820,-17.1942,-17.7466,-11.6004,-1.0572,-6.2923,-7.5585,-9.3007,-19.0053,-18.0122,-15.3057,-13.8667,-7.9727,-8.7157,-20.2774,-13.0668,-4.8809,-6.7651,-9.6911,-13.1634,-9.2950,1.6460,-1.8862,5.1224,-7.0801,-4.5750,16.1590,10.1213,1.5726,-2.2682,-13.9182,-11.8231,-4.8468,-13.2163,-4.0687,-9.0107,-4.3880,-2.8272,-3.7783,-8.1316,-13.2544,-12.5407,-11.7848,-4.2130,-10.7819,-12.1568,-13.5597,-12.6773,-16.9319,-16.8793,-15.7149,-16.1464,-18.8778,-20.9976,-26.1770,-20.4902,-25.1785,-22.0499,-16.4405,-14.7470,-17.2488,-13.8007,-19.9829,-13.1816,-14.1523,-13.2239,-16.2140,-14.6547,-16.4001,-15.3269,-14.8464,-12.3916,-13.9118,-9.5174,-14.3873,-14.8745,-14.6759,-14.9456,-16.9406,-15.8282,-7.8025,-13.4669,-13.6546,-9.4623,-11.8570,-13.2858,-14.5669,-10.7612,-12.1981,-12.1799,-10.1702,-13.5775,-12.9336,-5.0413,-13.7689,-15.2588,-12.3803,-14.7957,-13.6556,-12.6142,-11.7797,-2.3928,-1.5625,-4.0320,-4.9657,-9.5146,2.6427,-2.1031,-4.3244,-6.1255,-3.4562,-6.2082,-5.7040,-9.5507,-11.8024,-12.6581,-13.4858,-13.1107,-13.5115,-9.8322,-10.4624,-7.0302,-13.7027,-9.3774,-9.8472,-1.2381,-4.9489,-6.9189,-7.3997,-7.4772,-7.4247,-6.5679,-7.2282,-13.7898,-7.9806,-8.0025,-8.0162,-8.0857,-8.1522,-8.4280,-10.5856,-10.6721,-8.8832,-9.1269,-15.5150,-9.9662,-10.0061,-10.0993,-10.2070,-10.3073,-10.5342,-12.6531,-11.9842,-11.0345,-11.2754,-17.3807,-12.0762,-12.0763,-12.1569,-12.2304,-12.2902,-12.4377,-14.3458,-13.1511,-12.7556,-12.9121,-17.7330,-13.5750,-13.5748,-13.6751,-13.7807,-13.8756,-14.0580,-15.5944,-14.4878,-14.2914,-14.3696,-17.6990,-14.8054,-14.7455,-14.7951,-14.8508
45109.5833333,-30.8898,-29.4906,-22.8345,-20.3703,-10.1042,-17.8409,-20.6070,-33.1533,-21.0659,-18.2065,-21.1007,-21.6737,-22.3131,-22.5392,-23.4197,-24.3590,-22.8074,-23.2158,-23.0603,-26.5802,-17.3833,-29.7291,-21.2185,-29.4730,-20.2243,-11.8160,-21.3868,-25.4053,-15.1372,-24.6310,-18.2191,-21.2247,-16.1394,-7.6245,-5.3500,-9.3678,-6.4557,-9.9542,-21.9094,-7.4758,-8.9555,-10.2463,-24.2429,-18.4779,-0.5553,-16.3476,-19.3467,-18.1642,-22.0123,-23.6857,-15.1563,-16.6726,-15.6129,-13.2398,-19.2895,-23.7810,-23.7342,-17.9525,-3.8062,-8.6374,-9.7150,-11.1771,-23.2129,-22.9135,-19.4653,-14.2531,-10.1005,-11.8385,-25.4587,-17.4757,-8.4196,-8.4285,-10.0006,-17.4405,-11.6729,-3.0106,-6.8698,-3.1238,-13.4359,-9.5084,14.7639,8.6943,0.5087,-2.9325,-16.0560,-11.4993,-5.0069,-11.8258,-3.8508,-8.1628,-4.2375,-2.6503,-3.6020,-8.9950,-13.2922,-13.0277,-12.2618,-2.8700,-10.2957,-11.4940,-12.8839,-12.5903,-16.6962,-16.2231,-15.1845,-15.5207,-17.5174,-20.1698,-25.6282,-23.7751,-28.1301,-24.5829,-21.5341,-16.1161,-17.6142,-14.0173,-22.4824,-15.5375,-19.4512,-14.6594,-15.4189,-15.1701,-16.7872,-16.7061,-20.3318,-16.3273,-17.0112,-11.7822,-15.6020,-14.6046,-17.1590,-16.2595,-19.6164,-19.2773,-9.5694,-15.6749,-18.8129,-12.8352,-13.3938,-14.6888,-15.5550,-11.5168,-11.5446,-11.4378,-10.6615,-13.6935,-13.6264,-5.6061,-16.7030,-17.3699,-13.9981,-17.6517,-16.9363,-18.3376,-14.8731,-4.7745,-4.6050,-5.3537,-6.3424,-11.6889,0.5732,-3.7447,-5.3380,-6.0173,-2.0050,-5.2807,-5.9412,-10.1071,-14.2475,-15.0080,-14.2454,-15.1773,-16.3387,-13.4308,-13.9750,-9.1309,-14.0301,-11.0261,-11.3325,-3.0530,-6.3122,-7.7421,-8.2226,-8.0305,-7.3673,-7.7221,-8.3570,-13.1662,-8.9443,-8.9495,-8.9588,-9.0365,-9.1136,-9.3870,-11.0698,-11.1035,-9.6690,-9.8080,-14.4624,-10.3868,-10.3594,-10.4025,-10.4771,-10.5540,-10.7566,-12.4147,-11.9175,-11.1005,-11.2587,-15.7440,-11.8766,-11.8575,-11.9436,-12.0440,-12.1445,-12.3339,-13.8841,-13.0611,-12.7080,-12.8393,-16.4426,-13.3942,-13.3685,-13.4461,-13.5335,-13.6165,-13.7932,-15.0141,-14.2284,-14.0481,-14.1351,-16.7018,-14.5694,-14.5241,-14.5817,-14.6338
45109.6250000,-24.7053,-25.4348,-20.1370,-17.5758,-8.2964,-14.3424,-18.2250,-32.2976,-19.4997,-15.0350,-18.1488,-18.9732,-18.8349,-20.3590,-22.0633,-23.3490,-22.7439,-23.3091,-21.6518,-25.8818,-18.1256,-30.5104,-20.2256,-27.9101,-20.9449,-14.2121,-25.9097,-27.9756,-17.9161,-25.7607,-23.0443,-25.7482,-20.9764,-11.7614,-4.3529,-7.8160,-0.5716,-3.3249,-16.0728,-1.3641,-3.1560,-4.5041,-19.5718,-12.3030,3.3139,-15.2289,-17.4266,-15.4398,-20.0171,-18.0643,-12.9891,-16.2465,-15.9979,-13.5082,-18.6894,-27.7625,-27.2707,-22.1692,-4.7977,-8.9190,-9.5753,-10.5797,-24.2973,-24.5890,-20.4521,-16.4234,-9.3975,-9.6048,-26.6921,-19.5026,-10.4921,-10.0690,-10.7594,-15.3655,-6.1846,-0.9381,-5.6068,-5.4004,-14.3952,-4.6922,17.1170,10.4267,2.1122,-1.2818,-11.5674,-9.0058,-3.6614,-9.6974,-2.8791,-6.7441,-2.8814,-0.6558,-0.7924,-5.9011,-10.4229,-8.1244,-7.2829,2.9724,-4.9947,-6.3040,-7.8516,-8.2197,-12.4357,-11.9779,-10.9916,-11.8276,-13.7265,-16.7748,-22.2831,-23.1766,-25.3806,-23.1189,-22.5919,-17.4636,-16.5667,-13.0012,-20.1495,-15.2233,-21.8865,-18.2089,-14.8191,-14.9797,-15.5773,-16.0056,-19.0888,-17.4928,-18.1082,-12.6114,-15.4912,-14.8195,-15.5783,-17.2479,-20.2203,-20.3202,-9.2551,-15.3639,-17.9847,-13.7068,-13.4552,-15.2862,-15.8581,-14.5840,-13.5075,-10.5469,-9.1982,-11.0809,-12.6061,-2.9811,-15.2680,-14.9408,-11.3268,-14.7286,-15.1782,-19.6039,-14.6038,-4.6565,-5.3386,-4.9191,-5.8522,-11.6107,0.6315,-5.3269,-4.0556,-3.8691,1.0663,-2.5026,-3.4643,-8.8779,-12.8400,-13.6488,-11.9551,-13.6922,-15.8915,-13.6400,-14.7419,-7.8317,-11.5947,-9.6364,-9.8999,-2.1476,-5.0782,-6.1747,-6.6679,-6.3047,-5.4009,-6.3879,-6.9672,-10.4966,-7.3475,-7.2857,-7.2277,-7.2414,-7.2574,-7.4683,-8.7689,-8.7413,-7.5590,-7.6434,-11.0988,-8.0942,-8.0488,-8.0756,-8.1343,-8.1932,-8.3717,-9.6955,-9.3172,-8.6005,-8.7087,-12.0504,-9.1912,-9.1415,-9.1970,-9.2661,-9.3337,-9.4863,-10.7181,-10.1030,-9.7416,-9.8298,-12.5555,-10.2844,-10.2443,-10.3122,-10.3932,-10.4718,-10.6440,-11.6348,-11.0652,-10.8845,-10.9632,-12.9730,-11.3636,-11.3200,-11.3790,-11.4302
45109.6666667,-21.1117,-21.0165,-14.9673,-12.0786,-3.2874,-8.2513,-12.7056,-28.3735,-15.3691,-9.8889,-13.1797,-12.8521,-12.7743,-15.2076,-17.7370,-19.4236,-19.5492,-20.2020,-17.5590,-22.1905,-15.3001,-26.1228,-15.6176,-22.9179,-17.4504,-10.9871,-24.0273,-25.6518,-19.6624,-25.8871,-26.1969,-28.6749,-24.2779,-15.7566,-8.7214,-11.7179,-1.4390,-2.4730,-14.6751,2.1563,1.5813,1.0082,-12.7760,-5.2577,9.6602,-10.0696,-11.5507,-8.9081,-14.1701,-12.1133,-7.5316,-11.2033,-11.1864,-8.5926,-13.3593,-26.3525,-25.9848,-21.7597,-3.0877,-6.9810,-7.6890,-8.6494,-23.7299,-24.8411,-20.5802,-19.0443,-13.6599,-10.4936,-25.8669,-18.8332,-9.8169,-12.3635,-13.9200,-15.7698,-4.5647,-0.3759,-4.3528,-6.2201,-13.1367,0.6318,20.8652,14.3063,6.1126,2.8497,-4.5929,-3.2350,1.7964,-3.4589,2.5720,-1.2422,1.8693,5.8266,5.5247,-0.4029,-7.1425,-3.4563,-2.6761,7.7353,-0.2486,-1.7113,-3.1104,-3.1050,-7.5106,-8.7801,-6.1526,-6.4597,-7.8485,-10.3776,-15.8875,-18.2295,-18.9864,-16.4803,-17.4611,-12.8599,-12.9109,-7.3213,-13.7191,-10.4797,-19.2004,-16.9275,-11.7066,-12.7725,-15.0209,-13.9055,-16.6884,-15.0344,-15.6718,-10.3056,-12.7009,-12.5162,-13.7313,-15.8990,-19.6322,-20.3833,-8.9251,-14.5995,-16.2884,-12.8995,-11.4234,-13.2475,-14.7845,-14.9475,-14.2970,-10.1981,-8.8096,-10.0969,-12.7599,-2.6060,-15.3573,-14.3211,-11.8916,-12.5956,-12.3001,-17.0627,-10.8559,-2.6604,-2.0471,-1.4882,-1.6659,-7.7499,3.5386,-3.9275,-1.2894,-0.3725,5.1541,-0.3642,0.2712,-7.1568,-10.1277,-10.7179,-8.3456,-10.1090,-12.9589,-11.8843,-14.6009,-6.2922,-8.9551,-7.3706,-7.3296,0.3189,-2.2192,-3.1128,-3.4755,-2.7611,-1.9791,-2.9805,-3.5128,-6.1741,-3.8420,-3.8070,-3.7819,-3.8306,-3.8790,-4.1133,-5.2006,-5.1753,-4.2054,-4.2733,-6.8911,-4.6438,-4.5797,-4.5830,-4.6138,-4.6408,-4.7820,-5.8492,-5.5366,-4.8757,-4.9355,-7.4580,-5.3033,-5.2288,-5.2620,-5.3102,-5.3572,-5.4873,-6.4968,-6.0311,-5.6658,-5.7226,-7.8240,-6.0953,-6.0363,-6.0858,-6.1480,-6.2068,-6.3571,-7.1650,-6.7273,-6.5262,-6.5791,-8.1759,-6.9190,-6.8621,-6.9096,-6.9495
45109.7083333,-16.4435,-17.6201,-9.6539,-6.4322,0.2816,-0.2879,-4.3391,-20.9937,-7.9077,-2.4020,-8.3805,-5.8600,-5.9836,-8.0947,-10.5272,-12.1719,-12.7014,-13.5469,-10.7033,-15.5758,-11.3450,-19.1533,-9.2930,-15.4691,-13.6839,-5.5275,-18.1217,-19.2287,-15.3385,-20.2155,-22.6384,-26.6589,-24.8715,-17.0233,-10.7391,-13.2055,-1.5972,-1.9355,-14.0768,2.9226,3.0509,3.0426,-7.6972,-0.8819,14.2461,-4.9837,-5.5345,-2.1510,-7.0524,-3.6183,-0.3797,-4.0772,-4.2454,-1.7367,-6.2504,-21.3290,-21.2967,-17.7892,1.6005,-1.5352,-2.3150,-3.3844,-18.6387,-20.7474,-14.6218,-16.2878,-11.8035,-9.9728,-25.2590,-18.3586,-10.5914,-11.0586,-14.5559,-15.1614,-3.5014,-0.3572,-3.9115,-7.1594,-11.4654,4.0640,22.9651,16.8287,8.7420,5.4815,0.6053,1.2785,6.6413,2.2307,8.0264,3.8708,4.7580,12.0719,12.2710,6.4960,-1.6528,3.1753,4.2815,14.0702,6.7051,5.0276,3.7988,4.4242,0.2162,-0.5734,1.5974,1.7116,-0.3204,-3.0557,-9.0507,-12.0983,-12.7542,-10.7680,-11.9801,-7.9428,-8.4718,-2.1552,-7.2331,-3.9328,-13.2103,-11.8371,-6.1059,-7.1364,-10.6137,-9.2389,-14.0719,-11.7284,-11.8977,-6.4214,-8.2128,-8.1458,-9.8928,-10.8817,-15.4473,-17.0148,-6.4745,-12.0888,-13.4566,-10.8877,-8.9522,-10.8246,-13.3778,-12.4921,-11.5842,-7.2942,-6.3259,-7.5217,-10.1685,-0.7556,-13.5899,-12.4747,-11.4062,-11.9581,-11.0627,-15.5393,-7.3230,-2.8797,-0.4041,-0.4061,1.3355,-3.5093,7.9118,1.2483,3.7361,5.1899,10.3936,1.7751,4.9880,-3.4289,-5.7807,-6.3500,-4.7611,-5.5985,-8.3125,-7.6867,-10.1842,-2.4511,-4.7453,-3.7929,-3.9308,3.3431,0.8796,-0.1634,-0.5093,0.5187,0.8430,0.3073,-0.1005,-2.0443,-0.1635,-0.0088,0.1402,0.2163,0.2920,0.1821,-0.6232,-0.4838,0.4313,0.4523,-1.5118,0.2436,0.3447,0.3675,0.3538,0.3377,0.2054,-0.6998,-0.4558,0.1400,0.0903,-1.8719,-0.2311,-0.1543,-0.1830,-0.2237,-0.2596,-0.3730,-1.2201,-0.8536,-0.4806,-0.5092,-2.1602,-0.8070,-0.7300,-0.7623,-0.8075,-0.8492,-0.9805,-1.6544,-1.3064,-1.0894,-1.1219,-2.4217,-1.4096,-1.3406,-1.3767,-1.4065
45109.7500000,-10.3626,-12.3509,-3.7617,-2.6534,3.3165,4.7525,1.8550,-13.8477,-2.3621,3.7623,-2.4106,1.0898,0.6640,-0.4159,-2.3773,-3.7618,-4.1658,-4.7819,-2.4259,-7.7677,-5.4930,-11.0848,-2.7170,-7.0400,-7.2781,1.4099,-10.2104,-11.4893,-9.8705,-13.9070,-18.0791,-21.9572,-21.3788,-14.3553,-9.3635,-11.6691,-1.4160,0.2051,-10.5219,5.8889,6.5354,6.7994,-1.7969,4.2671,19.2300,0.7466,0.4457,4.0709,-1.1845,2.9566,6.0041,3.3220,3.6109,6.1689,0.9286,-13.0358,-13.1899,-10.6228,6.8062,4.7164,4.2394,3.3390,-10.8055,-13.0991,-6.9660,-9.5977,-4.9874,-4.7624,-20.5047,-15.6156,-9.5578,-9.3254,-13.6940,-13.3081,-2.3259,0.5886,-1.6196,-5.1483,-7.8431,7.8079,25.4936,19.9749,11.9550,8.5711,5.7325,5.9563,11.7215,7.9235,13.5689,8.7234,9.2817,18.0647,18.6643,13.1888,3.9158,8.9379,10.9225,19.3859,13.2304,11.3857,10.2093,12.9286,8.3001,7.6059,9.2923,11.2253,9.0305,6.9121,0.7886,-2.3904,-4.1019,-3.4713,-4.9567,-2.0171,-2.9911,2.6134,-1.5953,1.4781,-7.4458,-6.7156,-1.8222,-1.8262,-5.4826,-3.7545,-8.4768,-5.9053,-5.3267,-0.1996,-1.9608,-2.6122,-4.6071,-5.2750,-9.3109,-11.3797,-2.1051,-7.1232,-8.1182,-6.1241,-4.1559,-6.0494,-9.1264,-9.3913,-8.3919,-4.3910,-3.5741,-5.0303,-7.3165,1.1380,-10.2717,-9.1987,-8.9339,-9.2779,-8.6124,-13.4612,-4.7587,-2.5595,-0.8626,-0.7138,0.9821,-1.6509,9.6753,2.8420,5.3048,8.5919,13.4879,4.3578,9.3765,1.4123,-0.1075,-0.4679,0.0694,-0.3800,-2.5461,-2.5271,-3.8894,3.0687,1.0391,1.6881,1.4282,8.5524,6.0614,4.6669,4.3666,5.7685,5.3206,5.6038,5.2394,3.7116,5.1685,5.2934,5.4115,5.4586,5.5102,5.3864,4.6929,4.8414,5.6650,5.7162,4.2022,5.6165,5.7668,5.8460,5.8946,5.9457,5.8857,5.1651,5.4309,6.0491,6.0724,4.5678,5.9000,6.0250,6.0385,6.0341,6.0294,5.9441,5.2226,5.5239,5.9026,5.8916,4.5551,5.6370,5.7196,5.6924,5.6520,5.6160,5.4927,4.9095,5.1910,5.4170,5.3983,4.3098,5.1499,5.2295,5.2040,5.1849
45109.7916667,-2.0041,-4.6125,2.9376,2.8520,7.9534,9.0190,6.9970,-7.1787,2.2195,7.3653,2.0883,5.3822,4.1335,4.7959,3.9827,3.1869,3.4654,2.9065,4.6511,0.3575,1.9240,-2.7601,3.2600,0.5277,-0.3199,7.9750,-2.8511,-3.8715,-3.1344,-6.4455,-11.4854,-15.6391,-16.2961,-10.1720,-6.3735,-8.3848,-0.0261,2.0921,-7.1752,7.9770,8.8637,9.6573,2.7364,8.2247,23.1910,6.6082,6.3029,9.6238,4.3500,7.8480,10.7680,8.9602,9.7851,12.1254,5.9964,-5.0445,-5.3044,-3.2200,12.4570,10.6826,10.2697,9.5880,-2.2113,-4.7250,0.6962,-2.3399,1.7971,1.2161,-13.3812,-10.3157,-5.9906,-6.0692,-10.5936,-9.7326,-0.9886,0.9421,-0.8715,-3.5069,-4.9695,9.2018,26.1788,21.4895,14.2811,10.8322,9.4394,10.1075,16.4306,13.1296,18.6768,12.7777,14.7108,23.4943,24.3653,18.9541,9.4076,13.6572,16.1722,22.6212,17.9085,15.8076,14.6202,19.1560,13.6446,13.4022,15.5622,18.1465,15.6272,14.5976,8.9551,7.4300,4.7422,4.6320,3.3739,5.0493,4.1247,7.5036,4.8307,7.6820,0.0194,0.2006,3.0444,3.3452,0.2192,1.6835,-2.8190,-0.8902,0.2608,4.9987,3.6325,2.4489,1.1331,0.3944,-2.8336,-4.7968,2.7950,-1.1919,-1.9159,-0.4095,1.0822,-0.5159,-3.3704,-4.2001,-3.5161,-0.4017,0.1320,-1.4509,-3.4688,2.8173,-6.2499,-5.4244,-5.7880,-6.1582,-5.6716,-10.4433,-2.7530,-1.3452,-0.2769,-0.1424,1.2435,-0.3955,9.8870,3.4430,5.4645,9.1111,13.1796,4.8554,10.1248,3.3152,2.6291,2.9364,2.8281,3.3630,2.4445,2.6143,1.6462,7.6970,5.8490,6.4183,6.0559,13.2387,10.4970,8.5371,8.3336,10.2366,8.7253,10.2031,9.9529,8.8107,10.0127,10.1841,10.3470,10.4389,10.5304,10.4500,9.8886,10.0563,10.8003,10.8737,9.6933,10.8208,10.9719,11.0535,11.1037,11.1547,11.0988,10.4779,10.6998,11.2656,11.3034,10.1190,11.1872,11.3295,11.3707,11.3981,11.4279,11.3828,10.7921,11.0639,11.4577,11.4918,10.4390,11.3397,11.4569,11.4682,11.4643,11.4609,11.3707,10.8860,11.1265,11.3584,11.3583,10.4525,11.1512,11.2368,11.2212,11.2076
45109.8333333,6.6461,4.3263,9.9173,9.5194,14.1138,13.3409,12.3081,-0.2356,7.2873,10.7497,6.5914,8.9963,6.9086,8.1508,7.7228,7.1621,7.9153,7.3434,7.9906,5.0100,6.7776,2.5369,6.7903,5.2004,4.5399,12.5403,2.7567,1.7933,2.4064,-0.4545,-5.3416,-9.4015,-10.8799,-5.6465,-2.9561,-4.7983,1.8813,3.7360,-4.0222,9.1856,9.7018,10.3483,4.6154,9.4141,24.2083,9.9165,9.4950,12.5278,7.6397,10.1560,13.1944,12.3804,13.5414,15.4927,8.5387,1.0768,0.7436,2.3360,16.0705,13.8258,13.3657,12.4628,3.0525,0.8973,5.3875,2.9555,6.9716,6.4324,-6.0984,-4.3117,-1.4823,-2.0081,-6.2043,-5.4827,1.0078,2.2810,0.4126,-2.1306,-3.6003,8.4696,23.4184,19.2987,12.2683,8.8036,8.5110,9.0507,15.7853,12.7478,18.5375,11.9206,15.8496,24.1581,25.5037,20.8244,10.9620,15.1315,17.8846,22.3116,19.1790,16.9593,16.3171,22.3102,17.1491,17.0545,19.9612,22.4569,19.1052,18.8875,13.3985,14.1774,10.6418,10.3363,9.8088,10.2575,10.0086,11.5608,10.1044,12.8177,6.6722,6.5639,6.8505,8.2496,5.4292,6.6819,2.7563,4.0812,4.9076,8.7179,7.0208,5.0813,4.5059,3.9589,1.6468,0.0586,6.0289,2.6390,2.3068,3.8775,4.7611,3.5815,1.3545,0.6427,1.0269,3.2329,3.8044,2.0543,0.5276,5.1734,-2.1722,-1.6781,-2.4113,-2.9921,-2.8543,-7.3186,-0.9783,-0.0860,0.5434,0.5440,1.6875,0.5065,9.3572,3.7247,5.1387,8.4590,11.5417,4.5136,9.3087,3.5974,3.5019,3.9152,3.1653,4.3770,4.6101,5.2549,4.6763,9.5047,7.7739,8.3374,7.9184,15.2515,12.2396,9.7635,9.7077,12.1391,9.6572,12.2485,12.1328,11.3478,12.3582,12.5906,12.8143,12.9736,13.1269,13.1247,12.7292,12.9266,13.5948,13.7160,12.8589,13.7737,13.9528,14.0706,14.1586,14.2431,14.2298,13.7510,13.9501,14.4497,14.5098,13.6137,14.4526,14.5945,14.6483,14.6879,14.7266,14.6967,14.2183,14.4305,14.7726,14.8119,13.9915,14.6982,14.8121,14.8374,14.8504,14.8641,14.8020,14.4193,14.6188,14.8357,14.8557,14.1449,14.7124,14.8068,14.8135,14.8157
45109.8750000,13.4699,12.5398,16.5221,16.4772,21.4084,18.2620,18.4185,7.2361,13.3766,14.9207,12.0674,13.5147,10.5460,12.4557,12.2285,11.3683,12.0605,11.2814,10.5327,8.4585,10.6390,6.4668,9.0241,8.5351,7.9713,15.6139,6.6750,5.5746,6.5584,3.9226,-0.0773,-3.6702,-5.3653,-0.9070,1.1295,-0.5821,4.8059,6.1893,-0.5141,10.6415,11.0846,11.2149,6.3947,10.4132,24.5866,12.1351,11.2186,13.8579,9.2623,10.7791,13.8539,14.0341,15.4109,17.0619,9.4024,5.6455,5.3347,6.6478,18.7222,16.1055,15.6609,14.5449,7.3344,5.5170,8.7612,6.9138,10.5294,10.1717,-0.1995,1.0008,3.1187,2.5127,-1.2486,-0.9330,3.6283,4.9358,3.1351,0.8676,-0.4867,9.8413,22.8048,19.1767,12.1072,8.6450,9.1901,9.2131,15.6026,12.6022,17.8632,10.6432,15.6869,23.1890,24.4731,20.4891,10.2455,14.1813,16.8132,19.5028,17.6909,15.4539,15.3864,22.5321,18.3455,18.5114,22.4136,24.9232,21.0048,21.7078,16.0693,19.0052,13.9789,13.3654,13.6599,13.0032,13.6697,13.7947,13.4310,16.4950,11.9637,11.8909,9.5893,12.6002,10.0504,11.3892,8.7140,9.6325,9.8259,12.9642,10.5013,7.6324,7.6829,7.2239,5.5829,4.3426,9.2343,6.0948,5.6061,6.9198,6.8310,6.0649,4.4205,4.1025,4.1897,5.6222,6.5440,4.5370,3.7280,7.7323,1.8806,2.1295,1.4150,0.6613,0.4134,-3.5910,1.2441,1.8593,2.3413,2.1931,3.0452,2.1468,9.7156,4.9813,5.8280,8.6877,10.8937,5.1351,9.3258,4.4248,4.5363,4.6201,3.2439,4.5727,5.4484,6.3932,6.0599,9.6189,7.9593,8.4438,7.9451,15.2901,12.0660,9.2812,9.3733,12.1922,9.0664,12.4167,12.4507,12.0268,12.9022,13.2177,13.5232,13.7757,14.0170,14.1312,13.9434,14.1892,14.7873,14.9804,14.4509,15.2053,15.4320,15.6105,15.7629,15.9074,15.9698,15.6770,15.8788,16.3113,16.4166,15.8160,16.4743,16.6343,16.7271,16.8062,16.8807,16.8969,16.5718,16.7505,17.0353,17.0933,16.5140,17.0478,17.1578,17.2011,17.2332,17.2631,17.2309,16.9554,17.1062,17.2785,17.3030,16.7833,17.2021,17.2834,17.3001,17.3113
45109.9166667,17.9165,18.8029,21.3083,21.7868,27.4908,21.6461,23.2321,13.3417,18.7468,18.3886,16.9522,17.7013,13.8533,16.7723,17.0778,16.0701,16.8614,15.7897,13.5167,12.1691,14.8790,10.3801,11.3718,11.8512,11.2234,18.5560,9.9776,8.5322,10.0479,7.2727,4.3795,1.2548,-0.3552,3.3686,5.0280,3.4206,7.8943,9.0376,3.1147,12.7076,13.0692,12.6135,8.5007,11.7901,25.1614,14.0731,12.4594,14.6784,10.1586,10.8445,13.8423,14.6961,16.0998,17.3779,9.1258,8.6690,8.3855,9.4930,20.1980,17.1723,16.7504,15.4782,10.3409,9.0727,11.2839,10.1527,13.5615,13.3433,4.2376,5.0846,6.8900,6.5380,3.2412,3.1969,6.1077,7.9705,6.2616,4.3837,3.1114,11.9527,23.0377,19.7725,12.6078,9.1360,10.4365,10.0801,16.2724,13.3520,18.1908,10.5456,16.3605,23.0095,24.0672,20.5590,10.0007,13.5629,15.8799,17.1523,16.1264,13.7884,13.9285,21.5710,18.1021,18.3448,22.9664,25.4260,20.9768,22.6530,16.9526,22.1528,15.6574,14.8507,15.8798,14.2647,15.7289,14.7072,15.1731,18.6180,15.3795,15.3730,10.7020,15.3801,13.0558,14.8280,13.7885,14.7099,14.3965,17.1180,13.7814,9.8782,10.6526,10.3968,9.4255,8.6298,12.9339,9.8899,9.1711,10.2436,8.9952,8.4381,7.1094,7.0901,6.6446,7.3088,8.5488,5.9941,5.7697,9.5978,4.8501,4.8331,4.3947,3.7068,3.4713,0.3485,3.6193,4.1931,4.7364,4.3215,4.8086,4.1380,10.8656,6.7928,7.0620,9.5147,10.9644,6.1347,9.8847,5.5793,5.9507,5.7148,3.7965,5.0592,6.3131,7.3210,6.9808,9.3679,7.6695,7.9757,7.3335,14.4632,11.0330,8.0704,8.2008,11.1502,7.6856,11.3188,11.3860,11.1764,11.8894,12.2142,12.5373,12.8276,13.1138,13.3133,13.3013,13.5964,14.1420,14.4029,14.1527,14.8067,15.0885,15.3345,15.5599,15.7770,15.9330,15.8342,16.0802,16.4860,16.6579,16.3267,16.8791,17.0776,17.2250,17.3593,17.4867,17.5693,17.4072,17.5965,17.8580,17.9567,17.6019,18.0283,18.1541,18.2302,18.2957,18.3569,18.3717,18.2120,18.3500,18.5014,18.5465,18.2050,18.5224,18.6007,18.6307,18.6514
45109.9583333,19.9929,22.8192,24.0976,25.2137,32.0340,23.4873,26.5379,17.6887,22.7354,20.5792,20.4618,20.6334,15.8434,19.8431,20.8696,19.8756,21.1140,19.9600,16.2170,15.6742,19.3235,14.2474,13.8952,15.4138,14.7332,22.0788,13.4770,11.4914,13.6543,10.3477,8.5409,5.7118,4.1919,7.1233,8.4943,6.8394,10.6496,11.6509,6.1335,14.7008,15.0562,14.0794,10.5306,13.2753,26.0250,16.0663,13.6980,15.5147,10.9139,10.9469,13.8454,15.1605,16.5028,17.4050,8.7110,10.8150,10.3991,11.2627,20.8205,17.3689,16.9196,15.4759,12.0023,11.2175,12.4929,12.0321,15.4757,15.5622,7.3906,8.1212,9.9258,9.9850,7.0318,6.4070,7.9523,10.7237,9.0981,7.7290,6.5012,14.1881,23.6768,20.7304,13.4307,9.8876,11.8474,11.1560,17.2631,14.3691,18.8692,10.8392,17.3023,23.2181,24.0694,20.9537,10.1250,13.3907,15.4447,15.6978,15.2085,12.8340,13.0767,20.9329,17.6690,17.9188,23.0243,25.3547,20.3984,22.7390,16.7911,23.8181,15.8638,14.8847,16.5257,14.1953,16.3096,14.4796,15.5843,19.4527,17.2824,17.3864,10.7731,16.8246,14.6085,16.8770,17.5073,18.6079,17.8467,20.3931,16.1386,11.1996,12.7001,12.7286,12.4508,12.2265,16.4667,13.5123,12.6557,13.7171,11.2766,10.9365,9.8412,10.2108,9.1462,9.1520,10.7422,7.4390,7.6149,11.5269,7.4905,7.1009,6.8546,6.0014,5.7749,3.6288,5.3402,6.0899,6.9179,6.1978,6.3176,5.8912,12.3111,8.7221,8.4903,10.6920,11.5428,7.3638,10.8711,6.9494,7.6174,7.0578,4.5581,5.7432,7.3274,8.3848,7.9823,9.4094,7.6511,7.7886,7.0183,13.8526,10.2908,7.2771,7.3874,10.2840,6.7243,10.3235,10.3529,10.2266,10.7551,11.0146,11.2773,11.5212,11.7666,11.9550,11.9979,12.2619,12.7083,12.9590,12.8525,13.3884,13.6670,13.9244,14.1709,14.4148,14.6183,14.6437,14.9141,15.2997,15.5218,15.3888,15.8792,16.1209,16.3262,16.5212,16.7100,16.8654,16.8455,17.0709,17.3454,17.5029,17.3369,17.7188,17.8866,18.0166,18.1360,18.2493,18.3265,18.2771,18.4344,18.5988,18.6856,18.4959,18.7680,18.8690,18.9314,18.9767
45110.0000000,20.8618,25.3998,25.5958,27.2844,35.2797,24.1956,28.5322,20.4986,25.3726,21.6000,22.6278,22.3230,16.6757,21.6465,23.4228,22.4891,24.3052,23.1507,18.0089,18.2689,23.1385,17.3377,15.8704,18.5328,17.8972,25.6762,16.8246,14.3069,17.4279,13.4536,12.8733,10.2567,8.8291,10.8794,11.9630,10.0703,13.3333,14.1805,8.7307,16.5096,16.8714,15.3988,12.2823,14.6251,26.9733,18.0478,14.9579,16.3425,11.6437,11.1852,14.0211,15.7094,16.9959,17.5728,8.5687,12.7239,12.1045,12.7094,21.2802,17.4067,16.8822,15.2555,13.0650,12.6466,13.0603,13.1151,16.5780,16.8770,9.3470,10.1311,12.1469,12.7389,10.0655,8.7813,9.2133,13.0502,11.4807,10.6857,9.4605,16.2495,24.3774,21.7101,14.2326,10.5495,13.1175,12.1501,18.3092,15.4275,19.7012,11.3032,18.3895,23.7049,24.3887,21.6178,10.5165,13.5787,15.4275,14.9335,14.8182,12.4389,12.7400,20.7001,16.9874,17.2658,22.7485,24.9922,19.6757,22.4578,16.3339,24.8033,15.5480,14.3702,16.4140,13.5663,16.0863,13.7001,15.1871,19.3472,17.9879,18.1737,10.1562,17.1445,15.0017,17.7409,19.9448,21.3265,20.1615,22.6668,17.5118,11.6723,13.7789,14.0804,14.4268,14.7875,19.2896,16.4096,15.4969,16.7537,13.1549,13.1011,12.2629,13.1706,11.5029,11.0088,13.0792,8.9629,9.5238,13.7818,10.2088,9.4197,9.3644,8.2239,7.9324,6.6452,6.8181,7.7942,8.9640,7.8700,7.5467,7.2875,13.7297,10.4342,9.7508,11.8130,12.1843,8.4497,11.8950,8.2197,9.2843,8.4575,5.3668,6.4705,8.4292,9.5912,9.1336,9.7848,7.9647,7.9744,7.1076,13.6759,10.0333,7.0256,7.1073,9.8972,6.3520,9.8159,9.7992,9.7086,10.0822,10.2688,10.4599,10.6401,10.8236,10.9690,11.0134,11.2161,11.5507,11.7501,11.6995,12.1048,12.3321,12.5476,12.7584,12.9705,13.1569,13.2203,13.4595,13.7838,13.9962,13.9606,14.3677,14.6033,14.8161,15.0244,15.2308,15.4159,15.4788,15.7163,15.9908,16.1841,16.1495,16.5020,16.7047,16.8808,17.0493,17.2130,17.3503,17.3968,17.5878,17.7826,17.9211,17.8623,18.1266,18.2680,18.3765,18.4575
45110.0416667,20.6516,26.6458,25.9852,28.2034,37.3734,24.0836,29.5234,22.2602,27.1138,21.9846,23.9642,23.2730,16.9146,22.7923,25.1907,24.2444,26.5729,25.3838,18.9484,19.8756,26.0307,19.4297,17.0368,20.8013,20.2505,28.7387,19.4760,16.4490,20.7654,16.0859,16.9581,14.6179,13.4718,14.6982,15.6016,13.3828,16.2411,16.9443,11.2889,18.5227,18.8434,16.8482,14.0168,16.0233,28.0789,20.0016,16.1748,17.2290,12.3634,11.5160,14.3088,16.2966,17.5396,17.8470,8.6009,14.4874,13.6647,14.0439,21.8089,17.5578,16.9570,15.1697,13.9848,13.8562,13.5043,13.9484,17.3846,17.7834,10.4491,11.2836,13.5768,14.7369,12.2860,10.3372,9.8906,14.8206,13.3000,13.1231,11.8802,17.9985,24.9739,22.5542,14.8709,11.0434,14.1557,12.9509,19.2473,16.3558,20.4835,11.7185,19.4085,24.2413,24.7958,22.3324,10.9366,13.8831,15.5897,14.5473,14.7073,12.3407,12.6860,20.7030,16.4436,16.7064,22.4098,24.5412,18.9453,22.0416,15.7699,25.3407,15.0266,13.7057,16.0084,12.8373,15.5923,12.8671,14.5655,18.8914,18.1353,18.3625,9.4247,16.8950,14.7775,17.8393,21.3735,23.0140,21.4552,23.9792,18.0048,11.4882,14.0330,14.5635,15.4290,16.3264,21.2538,18.4207,17.4869,19.0411,14.3570,14.5972,14.0104,15.5319,13.3027,12.4407,15.0917,10.1672,11.1333,15.9684,12.7114,11.5497,11.7624,10.3784,10.0885,9.6636,8.3523,9.6057,11.1787,9.6614,8.8994,8.7357,15.4172,12.2731,11.1382,13.1179,13.0743,9.5933,13.0588,9.4677,10.9180,9.8068,6.0875,7.2170,9.5446,10.8397,10.3281,10.3445,8.4542,8.3733,7.4308,13.8237,10.1213,7.1222,7.1833,9.8856,6.3705,9.7130,9.6597,9.5880,9.8450,9.9715,10.1023,10.2263,10.3538,10.4552,10.4860,10.6297,10.8685,11.0136,10.9832,11.2762,11.4458,11.6089,11.7705,11.9347,12.0826,12.1449,12.3331,12.5839,12.7580,12.7585,13.0736,13.2703,13.4532,13.6351,13.8179,13.9878,14.0732,14.2840,14.5235,14.7082,14.7338,15.0347,15.2326,15.4139,15.5917,15.7681,15.9274,16.0239,16.2237,16.4279,16.5936,16.6203,16.8756,17.0441,17.1860,17.2938
45110.0833333,20.4898,27.5962,26.1551,28.7615,38.9658,23.7386,29.9871,23.2547,28.0773,21.7989,24.5186,23.5023,16.6090,23.1093,26.1088,25.2260,28.1080,26.9333,19.3996,20.8668,28.2381,20.8276,17.6735,22.3821,21.9011,31.1926,21.4113,17.8929,23.4468,18.0350,20.4292,18.4041,17.7134,18.2164,19.0923,16.5442,19.1965,19.8566,13.8300,20.7548,21.0684,18.5685,15.9357,17.6868,29.5667,22.1681,17.5664,18.2755,13.1884,12.0230,14.7929,17.0229,18.2233,18.2955,8.8164,16.1943,15.1581,15.3349,22.4469,17.8555,17.1864,15.2657,14.8889,15.0122,14.0018,14.7653,18.1848,18.6041,11.1297,11.9412,14.4811,16.1657,13.8622,11.2411,10.1195,16.0450,14.5565,15.0027,13.7308,19.3529,25.3576,23.1630,15.2713,11.3019,14.8947,13.4987,19.9938,17.0883,21.1405,12.0264,20.2984,24.7520,25.2108,23.0222,11.3134,14.2065,15.8177,14.3677,14.7326,12.3805,12.7621,20.8376,15.9433,16.2050,22.0629,24.1089,18.3329,21.6204,15.2764,25.6906,14.5337,13.1055,15.5459,12.1876,15.0506,12.1360,13.9298,18.3222,18.0144,18.2664,8.8031,16.4510,14.3558,17.6220,22.2307,24.0767,22.1258,24.6674,17.9775,11.0098,13.8028,14.4794,15.7215,17.0528,22.4358,19.6161,18.6701,20.5492,14.9060,15.4077,15.0415,17.1672,14.4344,13.3001,16.5401,10.8720,12.2124,17.7375,14.6919,13.1964,13.7313,12.1782,11.9900,12.4927,9.7713,11.3627,13.4270,11.4701,10.2782,10.2178,17.3702,14.2756,12.7083,14.6789,14.2779,10.9095,14.4906,10.8618,12.7000,11.2777,6.8847,8.0427,10.7379,12.1811,11.6045,11.0813,9.0978,8.9437,7.9253,14.2418,10.4695,7.4476,7.4923,10.1476,6.6277,9.9014,9.8180,9.7559,9.9271,10.0076,10.0921,10.1729,10.2569,10.3231,10.3399,10.4374,10.6035,10.7045,10.6819,10.8887,11.0099,11.1274,11.2448,11.3650,11.4745,11.5240,11.6636,11.8489,11.9814,11.9919,12.2259,12.3781,12.5219,12.6664,12.8129,12.9514,13.0314,13.2013,13.3935,13.5487,13.5926,13.8325,14.0018,14.1610,14.3195,14.4784,14.6270,14.7325,14.9125,15.0976,15.2571,15.3197,15.5451,15.7103,15.8554,15.9671
45110.1250000,19.7102,27.7244,25.7112,28.6745,39.8580,23.0282,29.9686,23.7525,28.6253,21.4333,24.7409,23.4665,16.1920,23.0189,26.4639,25.5787,28.9016,27.7138,19.2666,21.1713,29.6581,21.5013,17.7694,23.2860,22.8881,33.0137,22.6780,18.7357,25.4647,19.3445,23.2003,21.4734,21.3090,21.1540,22.0982,19.2235,21.8251,22.5382,16.0416,22.8903,23.2434,20.2695,17.7820,19.3681,31.2494,24.4745,19.1067,19.4889,14.1460,12.7077,15.4808,17.9139,19.0685,18.9240,9.1802,17.8860,16.6215,16.6036,23.1759,18.2600,17.5213,15.4802,15.7556,16.0961,14.5147,15.5473,18.9784,19.3797,11.6366,12.3841,15.1152,17.2438,15.0109,11.7335,10.0996,16.8431,15.3508,16.3682,15.0394,20.2717,25.4373,23.4310,15.3422,11.2516,15.2361,13.6880,20.3932,17.4705,21.4909,12.0693,20.8719,25.0306,25.4244,23.4914,11.4864,14.3749,15.9308,14.1752,14.6983,12.3657,12.7850,20.9284,15.3303,15.6011,21.5562,23.5388,17.6672,21.0747,14.7429,25.8273,14.0470,12.5723,15.0784,11.6305,14.5250,11.5208,13.3432,17.7293,17.7485,18.0098,8.2962,15.9303,13.8590,17.2359,22.6892,24.7025,22.3926,24.9438,17.6709,10.4607,13.3644,14.1252,15.6178,17.2672,23.0468,20.2037,19.2301,21.3955,14.9475,15.6476,15.4512,18.1010,14.9364,13.6024,17.3608,11.0757,12.7189,18.9197,16.0073,14.2209,15.0830,13.4184,13.3901,14.8366,10.8105,12.7601,15.3685,12.9723,11.3771,11.4385,19.2414,16.1261,14.1572,16.1890,15.4832,12.1349,15.9437,12.2147,14.5080,12.8014,7.7226,8.9158,12.0047,13.6186,12.9690,11.9697,9.8646,9.6458,8.5420,14.8771,11.0028,7.9106,7.9390,10.5900,7.0097,10.2728,10.1590,10.0960,10.1993,10.2400,10.2849,10.3284,10.3753,10.4106,10.4119,10.4711,10.5802,10.6445,10.6220,10.7627,10.8442,10.9241,11.0049,11.0885,11.1654,11.2006,11.3002,11.4334,11.5302,11.5414,11.7114,11.8248,11.9332,12.0430,12.1551,12.2624,12.3290,12.4600,12.6079,12.7306,12.7755,12.9597,13.0954,13.2250,13.3552,13.4868,13.6120,13.7078,13.8572,14.0116,14.1490,14.2190,14.4048,14.5492,14.6788,14.7793
45110.1666667,18.6969,27.3593,24.8958,28.1322,40.1604,22.0446,29.4788,23.7011,28.6200,20.7260,24.4824,23.0220,15.5317,22.5819,26.4017,25.5361,29.2457,28.0420,18.8666,21.0688,30.5009,21.6704,17.4922,23.6254,23.2885,34.2069,23.3204,19.0131,26.8049,20.0316,25.2550,23.8194,24.2184,23.4582,24.5266,21.3216,23.9698,24.7917,17.7643,24.6901,25.1306,21.7277,19.3554,20.8617,32.9190,26.7391,20.6365,20.7603,15.1496,13.4853,16.3139,18.9513,20.0853,19.7591,9.6990,19.6404,18.1395,17.9418,24.0836,18.8494,18.0337,15.8699,16.6653,17.1833,15.0889,16.3396,19.7895,20.1415,12.0625,12.7470,15.6446,18.1659,15.9555,12.0452,10.0351,17.4280,15.9028,17.4343,16.0363,20.9683,25.4149,23.5650,15.3035,11.1185,15.3892,13.7078,20.5836,17.6299,21.6234,11.9467,21.1812,25.0963,25.4336,23.7150,11.4461,14.3351,15.8539,13.8814,14.5233,12.2144,12.6647,20.8594,14.7629,15.0236,20.9992,22.9088,16.9887,20.4358,14.1435,25.7177,13.4939,12.0156,14.5498,11.0895,13.9773,10.9600,12.7808,17.1261,17.3955,17.6672,7.8865,15.4009,13.3631,16.7863,22.8979,25.0451,22.4131,24.9671,17.2358,9.9352,12.8532,13.6522,15.3011,17.1777,23.2841,20.4036,19.3956,21.7958,14.7076,15.5391,15.4586,18.5242,15.0082,13.5288,17.6911,10.9408,12.7886,19.5716,16.7442,14.7168,15.8618,14.1016,14.2314,16.5605,11.3905,13.6805,16.8393,14.0355,12.0975,12.2775,20.8230,17.6525,15.3295,17.4772,16.5206,13.1365,17.2454,13.3744,16.1631,14.2004,8.4438,9.7217,13.2419,15.0703,14.3628,12.9494,10.7086,10.4414,9.2505,15.7103,11.7051,8.5002,8.5178,11.2147,7.5204,10.8347,10.6920,10.6219,10.6701,10.6750,10.6836,10.6921,10.7039,10.7083,10.6893,10.7124,10.7723,10.8016,10.7705,10.8560,10.9011,10.9463,10.9933,11.0435,11.0898,11.1074,11.1716,11.2610,11.3258,11.3308,11.4490,11.5286,11.6057,11.6846,11.7661,11.8450,11.8956,11.9927,12.1029,12.1962,12.2350,12.3733,12.4784,12.5800,12.6829,12.7875,12.8884,12.9689,13.0883,13.2122,13.3249,13.3904,13.5387,13.6584,13.7674,13.8524
45110.2083333,17.7466,26.8136,23.9909,27.4075,40.1180,21.0092,28.7590,23.3473,28.2881,19.8789,23.9472,22.3457,14.7681,21.8214,25.9313,25.1001,29.1458,27.9531,18.2549,20.6823,30.9024,21.5143,17.0307,23.6192,23.3343,34.9596,23.5609,18.9574,27.6442,20.2826,26.7038,25.5220,26.4745,25.1542,26.3743,22.8461,25.5980,26.5581,18.9783,26.0740,26.6144,22.8112,20.5231,22.0020,34.3662,28.7737,21.9828,21.8921,16.0356,14.1855,17.1128,19.9788,21.1366,20.6729,10.2529,21.4096,19.6981,19.3494,25.1729,19.6362,18.7534,16.4760,17.7049,18.3790,15.8234,17.2566,20.7305,21.0030,12.5031,13.1122,16.1457,19.0088,16.7893,12.3124,10.0222,17.9305,16.3586,18.3400,16.8618,21.5547,25.3777,23.6565,15.2494,10.9979,15.4781,13.6916,20.7071,17.7216,21.6940,11.8202,21.3920,25.0956,25.3768,23.8345,11.3504,14.2293,15.7116,13.5808,14.3011,12.0142,12.4805,20.6948,14.2045,14.4595,20.4147,22.2617,16.3474,19.7992,13.5879,25.4851,12.9591,11.4850,14.0022,10.5718,13.4122,10.4244,12.2144,16.4830,16.9369,17.2193,7.5069,14.8475,12.8608,16.2943,22.9151,25.1844,22.2845,24.8392,16.7685,9.4887,12.3685,13.1789,14.9150,16.9420,23.2954,20.3732,19.3291,21.9129,14.3405,15.2542,15.2510,18.6260,14.8387,13.2595,17.7056,10.6432,12.6088,19.8361,17.0598,14.8399,16.2092,14.3697,14.6281,17.7170,11.5924,14.1605,17.8178,14.6520,12.4399,12.7254,22.0107,18.7631,16.1372,18.4286,17.2676,13.8226,18.2698,14.2476,17.5549,15.3732,8.9840,10.3864,14.3558,16.4344,15.6869,13.9097,11.5259,11.2277,9.9533,16.6322,12.4669,9.1138,9.1297,11.9219,8.0654,11.4957,11.3333,11.2608,11.2722,11.2533,11.2373,11.2214,11.2080,11.1895,11.1545,11.1496,11.1714,11.1722,11.1304,11.1716,11.1851,11.1994,11.2155,11.2347,11.2518,11.2491,11.2803,11.3305,11.3642,11.3564,11.4298,11.4770,11.5235,11.5723,11.6240,11.6747,11.7063,11.7717,11.8476,11.9125,11.9397,12.0382,12.1144,12.1892,12.2657,12.3444,12.4211,12.4842,12.5756,12.6711,12.7597,12.8153,12.9303,13.0259,13.1139,13.1830
45110.2500000,16.4069,25.6468,22.5188,25.9842,39.1231,19.2830,27.1834,22.3770,27.3181,18.5505,22.8164,21.1249,13.6299,20.6437,24.9275,24.1100,28.3567,27.1504,17.1393,19.7621,30.5389,20.7554,16.1201,23.0097,22.7628,34.8847,23.0684,18.3422,27.7600,19.9837,27.4541,26.5125,27.9952,26.1110,27.4450,23.5959,26.4122,27.4898,19.4349,26.6420,27.2381,23.0339,20.8213,22.2862,34.9797,30.0049,22.6131,22.3287,16.3247,14.3273,17.3392,20.4187,21.6073,21.0152,10.2801,22.6842,20.8395,20.3653,25.8729,20.0014,19.0413,16.6728,18.3683,19.2712,16.3523,17.9904,21.5083,21.7194,12.9302,13.4577,16.5379,19.6558,17.3968,12.4476,9.9209,18.1579,16.4942,18.8291,17.2290,21.6226,24.7927,23.0927,14.5451,10.2674,14.9035,13.0813,20.2023,17.2098,21.1613,11.1738,20.9671,24.4709,24.6995,23.3469,10.7848,13.6679,15.1018,12.8240,13.5708,11.3192,11.8051,19.9830,13.2403,13.4920,19.3573,21.1256,15.2713,18.7142,12.7405,24.8688,12.2487,10.8402,13.2974,9.9209,12.6717,9.7338,11.4630,15.5774,16.1358,16.4138,6.9321,14.0315,12.1240,15.5147,22.4938,24.8562,21.7206,24.2241,15.9304,8.8111,11.6522,12.4894,14.2824,16.4021,22.9010,19.9537,18.8842,21.5888,13.6837,14.6618,14.7454,18.3194,14.3414,12.6914,17.2854,10.0875,12.1237,19.6138,16.8595,14.5026,16.0531,14.1979,14.5617,18.2855,11.4037,14.1270,18.1424,14.6431,12.2316,12.5915,22.4845,19.1117,16.2086,18.6094,17.2611,13.7533,18.5412,14.4161,18.2793,15.9656,9.0931,10.6093,15.0226,17.3653,16.5883,14.4763,11.9464,11.6252,10.2712,17.1814,12.8095,9.2867,9.3047,12.2091,8.1736,11.7336,11.5477,11.4761,11.4591,11.4174,11.3780,11.3404,11.3077,11.2779,11.2447,11.2290,11.2207,11.1969,11.1513,11.1588,11.1420,11.1261,11.1131,11.1047,11.1004,11.0910,11.1028,11.1180,11.1214,11.1042,11.1387,11.1502,11.1619,11.1772,11.1971,11.2214,11.2407,11.2819,11.3226,11.3562,11.3719,11.4326,11.4731,11.5135,11.5572,11.6052,11.6567,11.7053,11.7720,11.8363,11.8972,11.9436,12.0265,12.0910,12.1502,12.1958
45110.2916667,14.5877,23.7679,20.4576,23.7914,37.0769,16.8374,24.5367,19.7909,24.6516,15.7790,19.9753,18.2688,11.0017,17.9420,22.3439,21.6478,26.0893,24.8559,14.7759,17.5263,28.6936,18.6192,14.0510,21.0545,20.8497,33.3145,21.1058,16.3189,26.2619,18.2125,26.6226,25.9402,27.9494,25.6609,27.1124,23.0083,25.8484,26.9703,18.4380,25.7867,26.2513,21.7175,19.4132,20.8638,33.8727,29.3198,21.4481,21.1593,15.0857,13.0619,16.1537,19.3244,20.5078,19.7940,8.8502,22.1522,20.3102,19.7403,25.0974,18.9305,17.8545,15.3880,17.3231,18.4835,15.3758,17.2614,21.0406,21.3452,12.7712,13.4323,16.5940,19.8130,17.3955,12.0344,9.4538,17.7974,15.9204,18.4423,16.5521,20.5846,23.2446,21.3892,12.6747,8.3757,12.8204,10.9846,18.0278,14.9689,18.8426,8.9658,18.6724,22.0001,22.1972,20.9544,8.5567,11.4322,12.8649,10.6760,11.3140,9.1300,9.5973,17.6213,11.0620,11.2685,16.9333,18.5860,12.8780,16.3127,10.6637,22.9452,10.5092,9.3403,11.8040,8.5717,11.2065,8.4009,10.0146,13.9607,14.4730,14.7041,5.5978,12.4030,10.5340,13.8808,20.9769,23.3909,20.0544,22.4769,14.0611,7.2159,9.9595,10.8056,12.6253,14.7845,21.3745,18.4486,17.4192,20.2236,12.1629,13.1745,13.3300,17.0763,12.9976,11.3883,16.0355,8.8238,10.8800,18.5221,15.7175,13.2461,14.9232,13.1220,13.6407,17.8649,10.5163,13.3876,17.5918,13.7947,11.1397,11.4759,21.8433,18.2361,15.1156,17.5765,16.0945,12.4376,17.4387,13.1949,17.4734,15.1335,8.0223,9.7074,14.5118,17.1382,16.3391,14.0381,11.3335,11.0188,9.5799,16.7357,12.1394,8.4619,8.4212,11.3725,7.2506,10.8719,10.6147,10.4444,10.4223,10.3236,10.2283,10.1364,10.0633,9.9864,9.9268,9.9121,9.9291,9.8669,9.7444,9.7689,9.7174,9.6606,9.6077,9.5649,9.5315,9.4711,9.4945,9.5415,9.5141,9.4248,9.4811,9.4598,9.4295,9.4039,9.3870,9.3808,9.3466,9.3945,9.4566,9.4565,9.3946,9.4768,9.4792,9.4744,9.4741,9.4824,9.4991,9.4971,9.5664,9.6401,9.6668,9.6336,9.7387,9.7677,9.7854,9.7964
45110.3333333,11.1420,20.1894,17.0916,20.2619,33.5609,13.7202,20.7011,15.9792,20.9257,12.2010,15.8562,14.0262,7.0297,13.5617,17.7076,17.1302,21.5548,20.3595,10.4016,13.3118,24.5792,14.5760,10.5149,17.6033,17.4007,30.0415,17.4854,12.8196,23.2390,14.8866,23.8792,23.3523,25.7536,23.2142,24.4756,20.4496,23.6407,24.6714,15.8247,23.5974,23.5754,19.0526,16.2981,17.8741,31.2386,26.7338,18.7153,18.6213,12.5799,10.7099,13.9659,16.8166,17.7958,16.9275,5.8651,19.3994,17.5066,17.0982,22.1906,16.0760,14.8158,12.2520,13.9869,15.4937,12.5429,14.5336,18.5043,18.8268,11.0203,12.4489,15.8815,19.0682,16.6107,10.7073,8.5027,16.7384,14.3856,16.9134,14.7292,18.4308,20.9937,19.0607,10.1435,5.6017,9.4616,7.8385,14.7266,11.6807,15.4804,6.0761,15.1062,18.1551,18.2315,16.8847,4.8712,7.4432,8.8385,7.0949,7.1968,5.1614,5.4091,13.1060,7.1551,7.3024,12.6560,14.1462,8.5577,11.9789,6.9647,19.3406,7.3346,6.5876,9.1326,6.2067,8.6899,6.2059,7.5957,11.3261,11.8730,11.9649,3.3286,9.8272,7.8503,11.1808,18.0158,20.5465,17.1828,19.5167,10.9387,4.4584,7.0225,7.8004,9.5743,11.7088,18.1880,15.4406,14.5866,17.4794,9.6080,10.5317,10.7534,14.7288,10.6844,9.2021,13.7160,6.7279,8.7147,16.3573,13.6532,11.0795,12.8504,11.1711,11.8645,16.3989,8.9624,12.1506,16.2629,12.0206,9.3943,9.2556,20.1393,15.9987,12.7339,15.1909,13.8967,10.0596,14.9508,10.7491,15.0437,12.8399,5.7924,7.5213,12.4615,15.4241,14.5627,12.3779,9.3451,9.2387,7.7231,15.1913,10.3634,6.5897,6.2768,9.1976,5.2499,9.0428,8.6849,8.1393,8.3922,8.1972,8.0081,7.8135,7.6433,7.4064,7.0748,7.1234,7.4579,7.3375,6.8490,7.1672,7.0473,6.9120,6.7798,6.6687,6.5808,6.2118,6.2995,6.6556,6.5780,6.1436,6.4790,6.3998,6.2970,6.2017,6.1260,6.0771,5.7486,5.8751,6.2076,6.1744,5.7947,6.1514,6.1044,6.0337,5.9691,5.9211,5.8884,5.5925,5.8430,5.9430,5.9503,5.6128,6.0117,6.0046,5.9700,5.9369
45110.3750000,3.6266,12.2802,9.9609,12.9044,26.2958,7.7215,13.5095,9.4567,15.2884,7.4155,10.6711,8.9281,2.4590,8.2303,11.4078,11.3069,15.5873,14.3044,4.9096,7.0759,18.5918,8.1106,4.4648,11.2769,11.7146,23.6747,11.8244,6.7826,17.8303,9.4145,18.7063,18.7424,21.6338,18.7611,20.1915,15.1157,18.9392,19.6901,10.9833,19.7412,18.7356,15.0185,11.3416,12.9809,26.1693,21.8078,13.2938,12.9095,7.3229,5.6856,9.6557,12.3799,13.4729,12.7652,2.0882,14.8134,12.6394,12.9592,17.0542,11.6551,10.3780,7.8225,8.5766,10.2394,7.8472,9.6225,14.2674,14.4623,6.9953,9.7303,13.9795,16.9013,14.8161,8.4787,7.1395,15.2898,12.4226,14.4468,11.4238,14.7177,18.2364,16.0012,7.0775,2.6935,4.8514,3.4782,9.8811,6.7528,10.2289,1.7728,10.3015,12.8525,12.3446,11.1347,-0.0859,2.2407,3.5098,2.8629,2.0811,0.1498,-0.3374,6.5552,1.0745,1.2972,6.3188,7.7503,2.0903,5.5352,1.1042,13.5093,2.2512,2.0823,4.7036,2.2799,4.4623,3.0535,4.0103,7.4868,7.9966,8.0375,0.0188,6.1851,3.9607,7.5424,13.5761,16.1595,13.3077,15.7698,7.2315,1.3051,3.5395,4.0973,5.7055,7.7164,13.3920,10.7419,10.0522,13.4266,5.8783,6.4987,6.6855,10.7717,6.9275,5.8247,9.8855,3.4910,5.6758,13.0169,10.1095,7.2281,9.0176,7.7963,8.9428,13.6777,6.5925,10.5817,14.5239,9.7400,7.5416,6.8103,18.1853,13.1620,9.7936,11.8791,11.0425,7.0615,11.4170,7.6424,11.4255,9.1925,2.5034,4.0345,8.6836,12.1650,11.3356,9.6279,6.1095,6.4782,4.9911,12.8107,7.8922,4.1814,3.2514,5.8746,2.3845,6.4523,6.0206,4.7816,5.6371,5.3954,5.1538,4.8892,4.6508,4.3396,3.2637,3.3051,4.2767,4.1111,2.9297,3.8392,3.6741,3.4764,3.2736,3.0938,2.9221,1.8433,1.9558,2.8949,2.7831,1.6558,2.6125,2.5157,2.3667,2.2194,2.0920,1.9774,0.9546,1.1197,1.8984,1.8898,0.8641,1.8562,1.8067,1.7003,1.5923,1.5003,1.4068,0.5125,1.2640,1.3645,1.3405,0.3414,1.3152,1.2951,1.2232,1.1571
45110.4166667,-5.3457,2.1721,0.4902,2.9169,17.6159,-0.2505,3.6390,-1.0944,5.5977,-1.0256,1.3957,-0.2420,-5.6400,-0.5662,2.0496,2.1566,6.5770,5.6272,-2.4733,-0.9155,11.1010,0.3246,-2.5601,3.8424,5.2197,15.7887,3.7741,-2.2382,9.1102,0.9897,9.5708,10.4149,14.3029,12.0608,13.2186,7.9627,11.6582,11.5628,3.4979,13.3619,11.3462,7.6430,2.7228,4.8270,19.7604,13.7965,5.7372,5.0957,0.8421,-0.5907,4.1921,6.0832,6.9020,6.2803,-3.4144,7.3554,5.0816,6.6033,10.4355,4.5751,3.1384,0.7292,0.1731,2.2868,1.0493,2.4914,8.2780,8.2753,0.9052,4.6982,9.9398,12.4275,11.2229,4.6886,4.7246,12.6479,9.1125,11.8037,6.4873,9.4713,15.3865,12.0287,3.0067,-1.1716,-1.4357,-2.0466,3.8571,0.8248,4.7278,-2.8208,4.1087,5.9672,4.7865,2.9536,-6.9549,-4.9042,-3.6867,-2.6467,-4.6657,-6.3561,-7.0634,-1.4474,-6.4593,-6.3106,-2.1146,-1.1067,-6.3127,-3.8134,-7.2084,4.9428,-4.9469,-4.1782,-0.8039,-3.2012,-2.3397,-2.1205,-1.9911,1.7821,1.8826,1.7519,-5.3307,0.3163,-2.1477,1.3774,5.9495,9.1253,6.6775,9.6339,1.5333,-3.3648,-1.3254,-0.8760,0.6519,2.4969,7.7618,4.0723,3.9361,8.0151,1.0379,0.8592,0.9575,5.4794,1.9304,0.9964,4.2711,-1.7269,0.6413,8.3574,5.0381,1.3666,3.7713,2.2832,3.9967,8.8702,2.5007,7.6387,11.1054,5.2515,4.3326,2.7674,14.7344,9.3822,6.1201,6.5836,6.5600,2.6917,6.4006,3.5203,6.4652,4.4483,-1.3783,0.0698,3.8459,7.8176,6.8197,5.9278,1.5975,2.8222,1.3181,9.4012,4.3409,0.7224,-0.2727,0.6696,-1.8649,2.6873,2.1557,-0.2334,1.8097,1.4812,1.1638,0.8201,0.5239,0.1955,-1.9131,-1.6401,0.4740,0.2691,-2.0415,-0.0026,-0.2713,-0.5813,-0.8956,-1.1698,-1.4056,-3.5317,-3.3888,-1.3854,-1.4835,-3.6981,-1.6772,-1.8899,-2.1667,-2.4355,-2.6694,-2.8678,-4.9004,-3.6649,-3.1480,-3.2452,-5.3515,-3.3343,-3.4621,-3.6548,-3.8409,-3.9954,-4.1317,-5.8610,-4.2593,-4.1744,-4.2070,-6.1493,-4.1931,-4.2561,-4.3873,-4.5031
45110.4583333,-16.2377,-10.5271,-8.2467,-6.9033,7.7940,-8.2558,-5.5631,-12.1332,-3.7521,-8.1471,-6.2866,-7.2407,-11.9204,-8.4903,-6.7836,-7.1288,-3.2342,-4.1020,-10.5770,-10.7882,2.1580,-9.0067,-9.7626,-6.3240,-2.9144,7.8524,-3.3899,-8.8705,1.1074,-7.7645,0.8361,0.3547,4.8765,4.8363,6.3251,0.8714,4.3869,2.1705,-6.7077,5.2888,3.8115,0.7543,-6.4094,-4.1396,13.7334,5.6109,-1.8133,-3.8138,-6.3688,-7.8661,-1.5706,-0.2966,0.6128,0.6497,-7.4082,0.5792,-2.8292,1.3884,5.7676,-0.3683,-2.1234,-4.6252,-8.2869,-6.5281,-5.5237,-5.3038,0.5920,0.6298,-6.7976,-1.4343,5.2374,6.2598,6.6626,0.1587,1.8792,10.4664,6.4259,10.4355,2.2250,5.5609,15.4276,11.1651,2.1799,-1.8622,-5.9792,-6.0698,-2.1404,-5.8335,0.5258,-6.0948,-0.1304,1.6694,0.4680,-2.4380,-10.9509,-9.6921,-8.8088,-5.5944,-9.2145,-10.8139,-11.8892,-8.0133,-13.2900,-13.0583,-9.6232,-8.8517,-13.2516,-13.1587,-16.2533,-4.7998,-13.3803,-12.3558,-7.4470,-8.7512,-9.7216,-7.0417,-7.5700,-3.3467,-3.4208,-3.7832,-9.8304,-5.4310,-7.6710,-4.8972,-3.4680,1.5054,-0.6402,3.0084,-4.4950,-8.2197,-6.6283,-6.3025,-4.3805,-1.9347,3.4804,-2.9143,-3.9081,1.3307,-3.9742,-4.1419,-5.6631,-0.2184,-3.1346,-3.6741,-0.4596,-6.6894,-4.4787,3.9726,0.5876,-3.6887,-0.6182,-3.9824,-2.9288,2.5154,-2.4255,4.4078,7.3353,0.6660,0.9893,-1.3288,11.4966,6.1761,3.1486,1.4158,1.7515,-1.3875,2.7481,-0.6284,1.1474,-0.6757,-5.8268,-4.4592,-1.9978,3.0578,2.2356,2.5915,-2.8179,-0.3370,-1.6421,6.9328,2.0547,-1.2160,-2.1461,-3.4652,-5.2368,-0.7787,-1.2085,-5.0905,-1.2869,-1.4342,-1.6297,-1.9231,-2.2443,-2.7905,-6.5307,-6.7848,-3.7373,-3.7660,-7.4896,-3.7217,-3.7647,-3.9104,-4.1201,-4.3619,-4.7482,-8.3020,-7.0688,-5.5800,-5.6578,-9.3261,-5.7605,-5.8382,-6.0260,-6.2375,-6.4563,-6.7677,-10.0023,-7.9052,-7.3552,-7.3623,-10.8085,-7.3672,-7.3871,-7.5239,-7.6909,-7.8728,-8.1619,-10.8063,-8.8303,-8.7046,-8.7411,-11.9864,-8.7797,-8.7725,-8.8615,-8.9478
45110.5000000,-24.8765,-21.6596,-15.8015,-14.4608,-1.3422,-15.2908,-14.3181,-22.3138,-12.4665,-14.6957,-16.2954,-15.8348,-18.6869,-15.7966,-14.4404,-14.6794,-11.2692,-12.0884,-16.6658,-18.8172,-6.9071,-18.6719,-16.0932,-15.9063,-10.3859,-0.3370,-10.6497,-16.9572,-6.2642,-15.1229,-6.5270,-8.5552,-3.7084,-3.7017,-1.4997,-6.3150,-2.4664,-4.3817,-14.0798,-1.0466,-2.8543,-5.5858,-15.1266,-12.8672,7.8627,-2.7728,-9.2336,-11.2820,-14.0724,-15.6772,-7.8959,-7.4726,-6.4345,-5.6591,-13.3970,-7.8961,-9.4049,-4.0042,2.6221,-3.4153,-5.1384,-7.4480,-13.8358,-12.2164,-10.5931,-10.2727,-3.7393,-4.6632,-14.4581,-8.0552,-0.4554,-1.4061,-0.1737,-4.8704,-2.4721,7.5192,3.1341,8.5865,-2.5735,0.5243,15.2741,10.0074,0.9965,-2.8745,-10.3307,-9.3595,-2.7132,-8.9726,-0.9678,-7.0761,-2.5956,-1.3187,-2.7992,-6.8524,-13.8199,-13.0608,-12.3076,-6.9012,-12.0304,-13.3743,-14.5933,-12.2928,-17.8562,-17.6814,-15.3607,-15.0723,-18.6529,-19.4378,-23.2276,-14.2082,-21.1847,-19.1862,-13.9400,-14.5579,-17.0196,-13.6997,-16.7596,-10.9888,-11.0210,-11.1165,-14.8224,-11.3028,-12.9215,-10.7082,-9.4430,-6.6258,-8.5502,-4.2885,-10.8155,-12.8880,-11.8945,-12.6955,-11.9548,-9.5306,-2.9073,-8.3500,-9.0472,-4.8670,-9.1221,-9.7694,-11.1053,-6.4285,-8.8897,-9.1357,-6.2463,-11.1804,-9.6624,-1.1049,-7.0081,-9.6135,-7.2856,-8.3433,-7.4520,-4.1377,-6.8317,1.1341,3.0221,-1.8166,-2.5808,-6.1842,6.7386,1.1973,-1.7814,-4.0423,-2.9552,-5.4049,-2.6143,-6.2957,-5.6639,-6.7911,-9.9631,-9.0040,-8.0412,-3.1855,-3.7819,-1.8704,-8.1262,-4.1354,-5.1372,3.8197,-0.8533,-3.7232,-4.4915,-5.0019,-6.0168,-3.5450,-4.0853,-9.6644,-4.2358,-4.4694,-4.7082,-5.0160,-5.3276,-5.8644,-8.7923,-9.0687,-6.8577,-6.9706,-12.3480,-7.0618,-7.2065,-7.4155,-7.6511,-7.8876,-8.2598,-11.0280,-10.1970,-9.0315,-9.0932,-14.2102,-9.1053,-9.1767,-9.3493,-9.5349,-9.7235,-10.0155,-12.5413,-11.1016,-10.6517,-10.6876,-15.5298,-10.7125,-10.7730,-10.9378,-11.1142,-11.2900,-11.5707,-13.6211,-12.2336,-12.1188,-12.2869,-16.5825,-12.8261,-12.7279,-12.7188,-12.7220
45110.5416667,-31.2268,-30.0555,-21.2604,-18.3221,-4.9019,-15.5277,-15.7863,-26.8944,-15.8961,-15.5149,-17.4360,-17.5057,-19.5756,-18.7697,-18.5709,-19.2959,-16.6661,-17.2788,-19.7457,-22.4970,-11.2635,-23.5247,-18.3477,-22.1170,-14.6624,-4.3603,-13.2718,-20.6033,-10.3800,-20.4509,-11.2766,-15.1646,-10.1291,-6.1835,-3.2817,-7.8149,-4.0977,-6.3014,-17.7940,-3.9305,-4.9941,-6.8326,-18.8268,-17.1554,4.5888,-8.0268,-13.0703,-13.2726,-16.9078,-18.6993,-10.3475,-10.7919,-9.7966,-8.3076,-15.5370,-15.5589,-16.7927,-10.9294,0.2425,-4.5307,-5.5009,-7.2385,-16.9227,-16.6062,-14.6139,-13.2435,-6.5303,-7.1103,-19.4839,-12.7034,-4.1865,-4.7725,-7.2891,-11.4422,-7.9689,3.3209,0.0867,7.1089,-4.7291,-1.0112,18.8736,13.7915,5.2115,1.3774,-9.5166,-8.3819,-1.1046,-9.2883,-0.1805,-5.3350,-0.7439,1.2911,0.4076,-4.3157,-10.1529,-10.0560,-9.5081,-2.2447,-8.4137,-9.7987,-11.4712,-10.6780,-16.9291,-16.7197,-15.1336,-15.0536,-17.8356,-19.9223,-25.3364,-19.5712,-25.4404,-22.6498,-17.3067,-15.6454,-17.7001,-13.9259,-19.7082,-13.4067,-13.9031,-13.2597,-15.6963,-14.6971,-16.2708,-15.0030,-13.5981,-10.9063,-12.5319,-7.6981,-13.1974,-13.8814,-14.0692,-14.6918,-16.6647,-15.6384,-6.9461,-12.0491,-12.3481,-7.9892,-10.8195,-12.0943,-13.3201,-9.1213,-10.7630,-10.7694,-8.4821,-12.2206,-11.7094,-3.4853,-11.7021,-13.6148,-10.9744,-13.3295,-12.2772,-10.9908,-11.0174,-1.8283,0.2834,-2.2416,-3.1405,-7.1905,6.0033,1.1127,-1.0192,-1.9196,0.5362,-2.5016,-1.3478,-5.8600,-8.0318,-9.7765,-11.5922,-11.8227,-11.6140,-7.4389,-7.8662,-4.7817,-11.2679,-7.0053,-7.4851,1.7014,-2.1047,-4.1675,-4.5802,-4.2941,-4.4086,-3.0830,-3.6874,-10.0156,-4.4198,-4.4659,-4.5157,-4.6344,-4.7463,-5.0758,-7.2118,-7.2901,-5.5395,-5.8085,-12.0047,-6.6737,-6.7372,-6.8646,-7.0085,-7.1390,-7.3943,-9.4906,-8.8362,-7.8807,-8.1353,-14.0546,-8.9500,-8.9701,-9.0886,-9.2025,-9.2997,-9.4825,-11.3856,-10.2804,-9.8382,-10.0158,-14.7769,-10.7111,-10.7313,-10.8675,-11.0088,-11.1348,-11.3486,-12.8957,-11.8223,-11.6157,-11.7132,-14.9717,-12.1834,-12.1457,-12.2288,-12.3007
45110.5833333,-33.5689,-34.5194,-27.6171,-25.9728,-15.3660,-23.3022,-25.0026,-34.3718,-22.5080,-19.8764,-22.1364,-21.5615,-21.3397,-21.1350,-21.4145,-21.7875,-19.7106,-20.1693,-20.6154,-23.8826,-15.2258,-26.6274,-19.4910,-26.1097,-18.6799,-9.8495,-18.9011,-22.9340,-13.5544,-22.1839,-15.2740,-18.4539,-13.9143,-7.5683,-5.7541,-9.5097,-6.0420,-8.4973,-19.0096,-5.3382,-6.9082,-8.2078,-20.4103,-16.3216,2.5278,-11.6807,-15.4922,-15.0685,-18.5184,-19.7207,-12.5676,-13.7965,-12.8711,-11.0771,-16.5616,-19.6952,-19.8718,-14.6696,-2.6764,-7.7685,-9.0228,-10.5099,-20.8442,-20.0303,-16.6033,-13.0615,-8.4290,-10.2934,-22.5031,-15.8772,-8.0726,-8.6808,-10.2890,-15.4120,-10.4052,-2.1679,-5.5622,-0.7931,-10.9101,-6.7490,14.2462,8.6286,0.2611,-3.2158,-14.2532,-10.8490,-3.9403,-10.5495,-2.2518,-6.4767,-2.1736,0.0178,-0.4089,-5.0543,-9.4611,-8.7466,-7.8076,0.2709,-6.3489,-7.4309,-8.7651,-8.4037,-15.7422,-15.6059,-14.8969,-15.1472,-17.1333,-19.7721,-23.9751,-21.5187,-25.4586,-22.4649,-19.4671,-15.3269,-17.4764,-14.1643,-21.5176,-16.2392,-18.8281,-15.5016,-15.0385,-15.5409,-17.0040,-16.7061,-18.7571,-15.3172,-15.8784,-10.8063,-14.8762,-13.6747,-15.3008,-14.8170,-17.1978,-16.8025,-8.7261,-14.6263,-16.7195,-11.7407,-12.7716,-13.7871,-14.6185,-10.4810,-10.6971,-10.3670,-9.4449,-12.3167,-11.9940,-4.5315,-13.9118,-14.8023,-12.2112,-15.1488,-14.4525,-15.0080,-12.6675,-4.1677,-3.7280,-5.3688,-6.4989,-11.0302,1.2773,-3.5988,-5.3382,-5.5683,-2.4043,-5.7468,-4.8184,-8.6262,-10.6046,-10.9741,-10.7388,-11.6586,-12.5638,-9.7214,-10.5430,-6.8151,-11.9666,-9.1057,-9.5434,-1.3412,-4.9944,-6.7427,-7.2827,-7.0248,-6.8481,-6.3807,-6.8486,-11.4457,-7.1419,-6.9573,-6.7703,-6.6663,-6.5668,-6.7141,-8.2900,-8.1645,-6.5465,-6.5762,-11.0870,-7.0201,-6.9237,-6.9278,-6.9839,-7.0540,-7.2836,-9.0114,-8.5337,-7.6593,-7.8323,-12.2900,-8.5110,-8.4896,-8.5958,-8.7197,-8.8437,-9.0740,-10.7045,-9.9495,-9.5202,-9.6661,-13.3245,-10.2873,-10.2570,-10.3532,-10.4630,-10.5690,-10.7895,-12.0878,-11.3276,-11.1151,-11.2199,-13.8337,-11.7270,-11.6796,-11.7580,-11.8333
45110.6250000,-28.7671,-31.5423,-25.8196,-24.0764,-15.0371,-20.6117,-24.6349,-36.9666,-25.2900,-21.0557,-24.4256,-24.8723,-24.2620,-25.3386,-26.5914,-27.0730,-25.3344,-25.1662,-23.5481,-26.8878,-18.8630,-30.3842,-20.8898,-26.9794,-21.2575,-13.9157,-25.3454,-27.5496,-17.9422,-25.2184,-21.6438,-24.1881,-19.4781,-12.0243,-5.2642,-9.0268,-2.0659,-4.9463,-17.2775,-3.1204,-5.3583,-6.9165,-20.7183,-14.7683,1.8373,-15.1904,-17.9906,-15.9898,-20.1342,-17.7521,-13.3400,-16.0434,-15.6280,-13.4579,-18.5423,-25.8043,-25.3815,-20.6187,-4.8134,-9.1770,-10.0549,-11.2388,-23.8771,-23.9657,-20.1140,-17.4622,-10.0565,-10.1814,-25.0787,-18.3152,-10.1003,-10.4400,-11.6154,-15.3170,-6.7646,-2.0869,-6.6866,-5.7160,-14.6994,-4.7711,14.1565,7.6873,-0.7903,-4.1304,-13.2574,-11.8757,-6.7249,-12.9503,-6.2705,-10.1671,-6.5057,-3.9653,-3.8556,-8.5407,-13.3298,-10.6526,-9.5394,-0.0689,-7.2857,-8.3506,-9.5921,-9.3374,-15.0022,-14.5352,-13.6377,-14.2764,-16.0712,-18.8776,-23.5804,-23.7378,-25.5944,-23.2821,-22.4120,-17.9777,-17.1855,-13.6208,-19.8280,-15.9350,-21.5932,-19.0830,-14.9968,-15.8762,-16.6280,-17.2869,-19.4558,-18.7645,-19.5689,-14.3154,-17.4771,-16.6598,-16.7844,-18.7276,-20.8259,-20.5769,-10.3644,-16.0618,-17.7178,-14.1224,-14.2642,-15.9674,-16.6259,-15.3673,-14.5226,-11.4788,-10.1288,-12.0745,-13.5160,-4.1752,-15.1957,-15.0570,-11.8915,-14.5626,-14.6604,-17.8551,-13.8748,-4.7244,-5.0558,-5.2999,-6.3625,-11.7170,0.4608,-6.1832,-5.1364,-4.8390,-0.7086,-4.5097,-4.7496,-10.2958,-13.0217,-13.7889,-12.7410,-13.7103,-14.9530,-12.1110,-13.0783,-6.9215,-10.8530,-8.9228,-9.3137,-1.4277,-4.7844,-6.2198,-6.8307,-6.4921,-5.9864,-6.6259,-7.3085,-10.9352,-7.9602,-8.0086,-8.0496,-8.1593,-8.2551,-8.5576,-9.9388,-9.9194,-8.6917,-8.7543,-12.1425,-9.1287,-9.0016,-8.9451,-8.9156,-8.8798,-8.9774,-10.2481,-9.7745,-8.9084,-8.9242,-12.1589,-9.2649,-9.1328,-9.1308,-9.1537,-9.1839,-9.3203,-10.5750,-9.9773,-9.5389,-9.6209,-12.3809,-10.1046,-10.0565,-10.1349,-10.2305,-10.3247,-10.5277,-11.5758,-11.0236,-10.8209,-10.9135,-12.9628,-11.3700,-11.3270,-11.4025,-11.4700
45110.6666667,-23.1547,-25.2971,-18.7005,-16.2636,-7.6034,-10.9883,-16.0090,-30.9477,-19.5607,-13.8438,-17.7124,-17.5153,-16.6601,-19.6542,-22.2523,-23.6722,-23.5958,-24.1137,-21.4369,-25.8311,-19.1284,-29.2697,-19.0959,-24.8707,-20.0029,-12.6831,-24.9488,-26.7731,-21.0230,-26.4592,-25.7876,-28.1447,-23.8831,-16.7865,-10.1090,-13.1158,-2.6370,-3.1527,-14.9156,1.3016,0.6589,0.1583,-12.5518,-6.0989,8.9167,-10.2273,-12.7425,-10.2944,-15.2910,-13.0244,-8.8294,-11.9738,-11.7179,-9.2790,-13.7091,-25.8263,-25.8273,-21.8483,-4.1138,-7.4847,-7.9452,-8.7783,-22.9797,-24.2148,-20.2717,-19.7086,-14.0377,-10.7785,-24.7605,-18.1714,-9.7785,-12.4507,-14.1871,-15.4125,-4.9222,-0.7716,-4.4628,-5.5555,-12.5958,1.1255,19.5333,13.6065,5.7073,2.6822,-4.1760,-3.5385,1.0381,-4.3254,1.3588,-2.1451,0.2058,3.5450,3.2645,-2.6883,-9.3226,-6.2950,-5.5135,4.2636,-3.0313,-4.2554,-5.6560,-5.6917,-10.2102,-11.5237,-9.2412,-9.3441,-10.4007,-12.9253,-17.6252,-19.8299,-20.3683,-18.1590,-19.0435,-14.9309,-15.1499,-9.5369,-14.8450,-12.0891,-19.6962,-18.4352,-12.3877,-13.9495,-15.9442,-14.9430,-16.7456,-15.7695,-16.3711,-11.2777,-13.7785,-13.4170,-14.8733,-17.5700,-20.9897,-21.8141,-11.1731,-15.9924,-16.7197,-13.6926,-12.3080,-14.0392,-15.7828,-16.0819,-15.3845,-11.2509,-9.8772,-10.8354,-13.6604,-4.2457,-15.6519,-15.0283,-13.2564,-13.7024,-13.0485,-16.8199,-11.4413,-3.4210,-2.7682,-2.2652,-2.5252,-7.8881,3.3017,-4.2682,-1.5411,-0.4432,4.3250,-0.6048,-0.3006,-7.5126,-10.1431,-11.0086,-9.2774,-10.9301,-13.2429,-11.6536,-14.1150,-6.4433,-9.0795,-7.3775,-7.2996,0.4098,-2.1519,-3.0566,-3.3797,-2.6471,-1.8702,-2.4880,-2.9599,-5.6261,-3.2980,-3.2832,-3.2913,-3.3935,-3.4981,-3.8147,-4.9999,-5.0069,-4.0439,-4.1896,-6.8971,-4.7223,-4.7300,-4.8149,-4.9263,-5.0231,-5.2348,-6.3932,-6.0942,-5.3936,-5.4721,-8.0162,-5.8509,-5.7563,-5.7794,-5.8098,-5.8279,-5.9272,-6.9329,-6.4151,-5.9262,-5.9282,-8.0282,-6.2064,-6.0907,-6.1062,-6.1391,-6.1692,-6.3026,-7.1219,-6.6431,-6.3831,-6.4207,-8.0495,-6.7545,-6.6867,-6.7443,-6.7906
45110.7083333,-20.4361,-23.8485,-16.2637,-13.8368,-6.2518,-6.3650,-10.0761,-22.6375,-11.8287,-5.4976,-9.8230,-8.2182,-6.6152,-9.8418,-12.4205,-13.5577,-14.1270,-14.8953,-11.6406,-16.6941,-13.4807,-20.9417,-12.0072,-18.0437,-15.3008,-8.8526,-19.0395,-19.9711,-17.3149,-21.2699,-23.7272,-27.1983,-25.3705,-18.8144,-13.1958,-15.3213,-4.9708,-4.2666,-13.8153,1.9695,2.5675,3.3040,-6.4141,-0.0618,15.1968,-1.5973,-2.9935,-0.6669,-4.8858,-2.3476,0.5688,-2.5875,-2.6881,-0.6546,-3.9079,-18.0390,-18.7561,-15.8977,0.2157,-2.4639,-2.8141,-3.4002,-16.5952,-18.4385,-13.8242,-15.0327,-11.0412,-9.1785,-22.0669,-16.7045,-9.9211,-11.5133,-13.4446,-13.5371,-3.9866,-0.6569,-3.2409,-4.3655,-9.4362,4.1257,21.7665,16.9806,9.8171,7.0855,2.6697,3.6536,8.8391,4.7835,10.5031,7.2008,9.4228,13.9061,14.1297,8.6983,2.2761,5.1343,5.8998,14.0988,7.8696,6.5038,5.1594,5.1677,-0.4532,-1.6336,-0.1058,-0.1950,-1.2611,-4.0716,-8.2131,-11.9916,-11.7208,-10.4898,-12.0045,-8.3943,-9.5619,-4.4654,-8.7860,-6.8496,-13.8829,-13.2314,-6.7894,-9.2537,-11.3545,-10.8798,-13.9622,-12.4112,-11.8191,-6.6780,-7.7942,-6.5772,-8.4117,-10.4227,-14.2435,-16.1040,-8.1469,-12.5140,-13.0748,-10.8281,-8.6053,-10.2099,-12.2098,-12.4906,-11.4019,-7.7605,-7.3148,-7.4563,-10.1958,-3.1744,-12.9770,-12.1735,-11.6257,-12.1044,-11.4345,-15.3450,-8.6270,-3.4096,-2.2311,-1.6979,-0.8226,-4.5201,5.6082,-0.5340,2.1153,3.7281,8.0225,2.7198,4.3384,-2.0291,-4.2306,-4.7711,-3.1058,-4.5529,-7.4297,-6.7303,-8.9734,-2.2317,-4.3089,-3.1468,-3.0935,3.3522,1.2186,0.4562,0.2027,0.9702,1.4805,1.5147,1.3698,-0.4644,1.6116,1.9202,2.2111,2.4051,2.5891,2.5467,1.7639,2.0049,3.0655,3.1365,1.1535,2.9730,3.0998,3.1236,3.0959,3.0590,2.8824,1.8734,2.0999,2.7345,2.6412,0.5748,2.2068,2.2490,2.1652,2.0678,1.9785,1.8037,0.8450,1.1775,1.5912,1.5368,-0.2194,1.1779,1.2584,1.2144,1.1603,1.1164,0.9745,0.2561,0.6386,0.9198,0.9112,-0.4383,0.6503,0.7597,0.7427,0.7283
45110.7500000,-14.0144,-18.8029,-11.7901,-11.3201,-5.6552,-4.2113,-8.2553,-19.1311,-10.2517,-3.8342,-8.2850,-6.0765,-4.3596,-6.3655,-8.3836,-8.6872,-8.6485,-8.5634,-5.0268,-9.1818,-7.2893,-12.5345,-4.8573,-10.1908,-8.8526,-3.7145,-12.5666,-13.1632,-12.8116,-15.5286,-19.7708,-23.2777,-22.8988,-17.0260,-12.9643,-14.8335,-6.3585,-5.7007,-13.7030,0.2081,0.5114,1.2824,-6.7817,-1.2110,14.1158,-0.1288,-0.2924,2.6047,-0.4883,2.3884,5.1807,3.0568,3.3830,5.3336,1.7689,-10.2493,-10.5627,-8.3064,5.6328,3.1342,2.4674,1.6183,-10.3955,-12.4133,-7.9159,-9.7927,-6.5867,-5.9224,-17.7477,-14.1682,-9.3378,-11.2427,-13.4180,-12.4360,-3.8804,-1.5685,-3.3087,-4.7253,-8.8676,3.4962,19.4527,14.8774,7.7485,4.9075,1.9804,2.6999,8.0537,4.6101,10.2248,6.5052,9.5579,15.2583,16.2228,11.8775,5.2763,9.0148,10.7482,17.4621,12.5311,11.1403,10.2890,12.2548,6.5105,5.6920,6.9855,7.5444,6.0894,3.4662,-0.4359,-4.0806,-3.7090,-2.8961,-4.3657,-1.5675,-2.9361,1.2067,-2.4933,-1.2798,-7.9317,-7.7650,-2.4029,-4.5185,-6.7731,-6.7019,-10.5404,-9.3707,-8.4804,-4.1042,-4.9040,-3.7841,-5.2653,-6.4692,-9.3884,-11.2078,-5.0038,-8.8342,-9.2511,-7.7289,-5.3817,-6.9535,-8.9240,-9.6049,-8.2406,-5.0888,-5.1867,-5.1433,-7.3051,-1.9192,-10.2929,-9.3667,-9.3529,-9.5670,-9.3424,-13.6404,-6.5563,-3.5027,-2.9012,-2.3356,-1.3309,-3.8592,5.0524,-0.8786,1.3861,3.6856,7.4367,1.8796,4.7714,-0.7787,-1.9727,-1.7784,-0.4013,-0.7656,-2.9079,-2.5078,-4.0119,1.7716,-0.1383,0.6037,0.4541,6.2206,3.9639,2.8290,2.4688,3.2796,3.0495,3.5294,3.2925,1.7522,3.3184,3.5334,3.7533,3.9005,4.0597,4.0191,3.3735,3.6563,4.6777,4.8553,3.3989,4.9754,5.2560,5.4493,5.6006,5.7471,5.7561,5.0397,5.3853,6.1367,6.2178,4.6948,6.1087,6.2824,6.3200,6.3291,6.3303,6.2305,5.4320,5.7207,6.1449,6.1164,4.6731,5.7840,5.8550,5.7977,5.7236,5.6532,5.4804,4.8085,5.0710,5.3064,5.2630,4.0752,4.9406,5.0182,4.9760,4.9388
45110.7916667,-6.4448,-11.6419,-5.0391,-5.7988,-1.5642,0.7235,-3.0268,-13.1556,-6.3912,-0.4509,-5.0130,-2.9596,-2.2333,-3.3005,-4.9984,-5.3511,-5.3521,-5.4548,-2.1698,-5.5708,-4.2847,-8.0250,-1.8284,-5.3148,-4.4473,0.9641,-6.9253,-7.0865,-7.5337,-9.4915,-14.6946,-18.3911,-19.0979,-13.7802,-10.7605,-12.2869,-5.5385,-4.5452,-11.3980,1.1226,1.2342,2.2993,-4.4457,0.1606,14.1356,0.4030,0.1434,3.1610,-0.0662,2.7267,5.5174,4.3248,5.4705,7.6113,3.2948,-5.9681,-5.9440,-3.7833,9.2600,7.4473,7.0396,6.5293,-3.6278,-5.8686,-1.7193,-4.1950,-1.4539,-1.7239,-12.7405,-10.3346,-6.8071,-8.6908,-11.3617,-10.2125,-3.0951,-2.0544,-3.5910,-4.6511,-7.5052,3.6669,18.9645,14.9087,8.6766,5.9364,3.7178,4.5567,9.6237,6.3751,11.3184,6.8102,9.8313,15.7103,16.7198,12.1678,5.1519,8.3576,10.6958,16.1359,12.4134,10.9399,10.1568,14.0094,9.2085,9.0048,10.7885,12.2784,10.6964,9.1645,5.4336,3.1069,2.4858,2.7597,1.6611,3.4679,2.4215,5.0824,2.8531,4.3718,-1.4054,-1.4886,2.0937,0.7244,-1.3080,-1.2483,-5.4726,-5.1781,-4.1347,-0.4743,-1.0278,-0.6745,-2.1043,-3.4267,-6.0124,-7.7997,-2.7166,-5.5631,-5.6899,-4.5361,-2.3545,-3.7360,-5.7158,-6.7791,-5.5720,-2.8370,-2.9723,-3.0720,-4.8953,-0.9630,-7.5342,-6.6859,-7.1326,-7.2576,-7.0332,-11.4178,-4.6574,-2.7511,-2.6189,-2.0349,-0.9771,-2.6603,5.1229,-0.4590,1.5051,4.0821,7.2836,1.8007,4.8403,-0.1327,-1.2346,-0.7347,0.0248,0.4932,-0.6563,-0.1547,-1.1034,4.2095,2.6648,3.3789,3.2305,9.0185,6.7457,5.3039,5.0496,6.2290,5.3388,6.4543,6.2280,4.9775,6.1561,6.2766,6.3907,6.4296,6.4730,6.3290,5.6814,5.8336,6.6191,6.6921,5.4691,6.6513,6.8441,6.9695,7.0693,7.1777,7.1723,6.5648,6.8669,7.5615,7.6819,6.5283,7.7145,7.9530,8.0774,8.1842,8.2902,8.3076,7.7328,8.0681,8.5649,8.6540,7.5856,8.5707,8.7366,8.7792,8.7991,8.8141,8.7257,8.2077,8.4608,8.7196,8.7161,7.7454,8.4677,8.5514,8.5204,8.4909
45110.8333333,2.7781,-2.1004,2.9466,1.8008,5.0349,6.4349,3.2874,-5.5948,-0.5376,4.1879,0.2361,1.7392,1.8297,1.0512,-0.6197,-1.0615,-1.2590,-1.7249,0.7730,-2.2131,-1.6240,-4.5919,0.1128,-2.8147,-2.1581,2.8368,-3.7467,-3.5745,-4.1343,-5.1882,-10.1530,-13.4517,-14.6887,-9.8690,-7.7132,-8.9107,-3.5965,-2.7348,-8.0454,2.6199,2.5457,3.6378,-1.8309,2.0883,14.9525,2.6752,2.3349,4.9169,1.7607,3.8461,6.2690,5.4470,6.5875,8.3906,3.8338,-3.1255,-3.0078,-1.1235,10.4923,8.6432,8.4123,7.9457,-0.0286,-1.7387,2.0081,0.1531,3.0148,2.8479,-6.8391,-5.5758,-3.3307,-5.2753,-7.7147,-6.6195,-1.1183,-0.8604,-2.3775,-3.5726,-6.0581,3.4663,16.9942,13.4882,7.6863,5.1696,3.8627,4.6428,9.7607,6.9525,11.8470,7.1478,10.9991,16.5234,17.6765,13.5598,6.4479,9.2712,11.4665,15.3075,12.6653,11.0353,10.4675,14.9938,11.3160,11.1853,13.4116,14.9456,12.8217,12.1038,8.5959,8.1422,6.9441,7.0390,6.5345,7.3475,6.9056,8.2436,6.9707,8.5278,3.9097,3.7089,5.1214,5.0466,3.2641,3.4738,-0.2263,-0.1559,0.7578,3.6404,2.9860,2.7109,1.7130,0.5608,-1.6077,-3.3540,0.1468,-2.4224,-2.4800,-1.5407,0.3369,-0.8068,-2.4096,-3.4790,-2.4272,-0.3645,-0.5628,-0.6737,-2.1664,0.4359,-4.7668,-4.0511,-4.7747,-4.9530,-4.8910,-9.0129,-2.9888,-1.8282,-1.9517,-1.3986,-0.2348,-1.4341,4.9865,0.3031,1.8710,4.1936,6.7151,2.1205,4.8351,0.7403,-0.1327,0.3466,0.7076,1.4750,0.8748,1.4201,0.7529,5.0848,3.7782,4.4249,4.2803,9.9206,7.6543,6.0064,5.9396,7.5119,6.0624,7.9200,7.8881,7.0915,8.1293,8.3704,8.5986,8.7545,8.9008,8.8773,8.4433,8.6285,9.3028,9.4012,8.4944,9.3998,9.5563,9.6477,9.7086,9.7678,9.7254,9.2007,9.3878,9.9003,9.9542,9.0328,9.8934,10.0520,10.1228,10.1849,10.2523,10.2523,9.7890,10.0448,10.4573,10.5482,9.7502,10.5347,10.7108,10.7933,10.8629,10.9329,10.9210,10.5726,10.8289,11.1082,11.1746,10.4806,11.1034,11.2378,11.2738,11.2961
45110.8750000,10.7497,7.3337,11.1111,10.2896,13.5594,13.2802,11.2592,3.0929,7.0481,10.1922,7.1796,8.0396,7.2256,7.0256,5.4595,4.6821,4.2312,3.4914,4.9206,2.3639,2.7082,0.0930,3.3403,0.9908,1.3272,5.6218,-0.1025,-0.1503,-0.9817,-1.8184,-6.4667,-9.3367,-10.6887,-6.1696,-4.3481,-5.1112,-0.7007,0.0100,-4.1967,4.7545,4.7666,5.6079,1.1162,4.3657,16.2348,5.4215,4.9027,7.1058,4.1786,5.5663,7.7597,7.4762,8.5788,10.0576,5.2608,0.3530,0.3175,1.8357,11.9879,10.0328,9.8484,9.2585,2.9811,1.4916,4.3932,2.9836,5.7128,5.9067,-1.8331,-0.9998,0.6486,-1.1595,-3.3224,-2.4821,1.5763,1.7960,0.4538,-0.6803,-2.7550,5.4691,17.3563,14.3933,8.7892,6.3642,5.8381,6.2096,10.9594,8.3355,12.7107,7.6942,12.0995,17.1470,18.2510,14.7116,7.4111,10.0344,12.0728,14.5720,12.9520,11.3204,11.1420,16.3160,13.5264,13.5217,16.3295,17.8483,15.2268,15.1206,11.2514,12.2120,9.7322,9.4726,9.5854,9.5059,9.8240,10.1223,9.7435,11.7247,8.3645,8.2858,7.4918,8.9926,7.3503,7.8158,5.1290,5.1128,5.7060,8.1686,7.0545,5.8755,5.4845,4.6015,2.9776,1.5366,4.2037,1.8536,1.5876,2.1555,3.2885,2.2999,0.9087,-0.0624,0.6924,2.0809,1.9980,1.6706,0.6155,2.5969,-1.4651,-0.8966,-1.6645,-1.9810,-2.2243,-6.0629,-1.0271,-0.3173,-0.4852,0.0139,1.1114,0.2626,5.5970,1.8346,3.0187,5.0416,6.9621,3.2474,5.6537,2.2405,1.5553,1.8156,1.7051,2.5583,2.3773,2.9718,2.4998,5.8132,4.6346,5.1421,4.9218,10.3373,8.0382,6.2275,6.2674,8.0853,6.1895,8.5097,8.5857,8.1190,8.9925,9.2988,9.5986,9.8451,10.0819,10.1833,9.9700,10.2167,10.8397,11.0402,10.4948,11.2716,11.5127,11.7029,11.8647,12.0166,12.0777,11.7619,11.9632,12.4137,12.5178,11.8902,12.5573,12.7183,12.8074,12.8818,12.9509,12.9568,12.6032,12.7746,13.0745,13.1340,12.5299,13.0866,13.2123,13.2707,13.3206,13.3711,13.3574,13.0897,13.2717,13.4869,13.5473,13.0415,13.5122,13.6402,13.6987,13.7430
45110.9166667,15.3953,13.9757,16.5700,16.2926,20.1301,17.5650,17.0782,9.7426,13.3242,14.7620,13.0238,13.4865,11.7066,12.7880,11.8125,10.9195,10.5294,9.5216,9.5925,7.6301,8.1516,5.4271,7.2744,5.7024,5.7126,9.4701,4.1283,3.7495,2.9690,2.0037,-2.2347,-4.9349,-6.5828,-2.7355,-1.3545,-1.9528,1.6694,2.3138,-1.0361,6.5734,6.6823,7.1844,3.5140,6.2269,17.2836,7.8710,7.0936,8.9559,6.1837,6.9664,9.0088,9.1940,10.2395,11.3868,6.2157,3.6484,3.5787,4.8055,13.6160,11.3879,11.1470,10.3839,5.6856,4.5244,6.6325,5.6445,8.0877,8.3301,1.8333,2.4715,3.8380,2.4028,0.5662,1.2379,3.9840,4.6208,3.4091,2.4296,0.6383,7.6677,17.8934,15.2704,9.6762,7.2174,7.5064,7.5831,12.2383,9.8194,13.8575,8.4857,13.4654,18.0345,19.0148,15.9698,8.3647,10.8460,12.6601,13.9784,13.0245,11.2975,11.3212,16.9364,14.5810,14.6691,18.0473,19.5877,16.5026,17.1837,13.1650,15.8097,11.9737,11.3828,11.9828,11.0296,11.9269,11.2804,11.4885,13.7706,11.3186,11.2730,8.4213,11.4426,9.9167,10.8731,9.5251,9.6898,9.9626,12.1368,10.3468,8.1179,8.4841,7.9645,6.9700,5.9851,8.3300,6.1334,5.7191,6.1346,6.3131,5.5552,4.4009,3.6566,3.9275,4.6493,4.7659,3.8703,3.2229,4.9739,1.6659,1.9751,1.2976,0.9112,0.5664,-2.7171,1.1519,1.6047,1.4507,1.7275,2.5363,1.9138,6.4954,3.3585,4.0949,5.8306,7.1961,4.1087,6.3603,3.4648,3.1600,3.2780,2.6942,3.5742,3.8410,4.4620,4.0485,6.4070,5.2333,5.5669,5.2154,10.3799,7.9527,5.9745,6.0473,7.9978,5.7651,8.3084,8.3951,8.1301,8.8215,9.1171,9.4133,9.6761,9.9361,10.1029,10.0480,10.3210,10.8640,11.1093,10.8252,11.4797,11.7563,11.9977,12.2194,12.4344,12.5849,12.4667,12.7142,13.1387,13.3169,12.9731,13.5455,13.7581,13.9173,14.0631,14.2018,14.2914,14.1209,14.3173,14.6004,14.7081,14.3382,14.7855,14.9225,15.0064,15.0787,15.1463,15.1632,14.9947,15.1404,15.3066,15.3600,15.0081,15.3459,15.4401,15.4838,15.5161
45110.9583333,17.3951,18.1068,19.7067,20.1282,24.9690,19.9756,21.0518,14.2031,17.6609,17.3806,16.8632,16.9411,14.0468,16.6475,16.5218,15.7201,15.8810,14.8933,13.5228,12.3992,13.8077,10.6337,11.1993,10.7345,10.5527,14.3460,8.9658,8.0336,7.7102,6.2226,2.6721,0.0956,-1.7661,1.3080,2.2520,1.5300,4.4131,4.8363,1.8119,8.2720,8.3967,8.4961,5.4227,7.6967,18.1044,9.8017,8.6389,10.2040,7.4270,7.7356,9.7543,10.3919,11.4360,12.3236,6.6976,6.3281,6.1963,7.2026,14.9927,12.4873,12.1984,11.2639,7.8846,7.0432,8.3996,7.8286,10.1443,10.4095,4.5038,5.0314,6.3659,5.4210,3.8203,4.0477,5.6998,7.1155,6.0160,5.3542,3.7966,9.9279,18.7512,16.4179,10.7409,8.1395,9.1251,8.8756,13.5049,11.1595,14.9019,9.0927,14.6063,18.7575,19.6047,16.9448,8.9272,11.3310,12.9895,13.4408,12.9833,11.1910,11.3581,17.3524,14.7244,14.9040,18.8090,20.3843,16.8597,18.1799,13.9054,18.2396,13.0703,12.3044,13.4247,11.8017,13.2700,11.9266,12.6491,15.3261,13.6365,13.6304,8.9381,13.1816,11.5991,12.9770,12.9349,13.2746,13.1515,15.1851,12.5929,9.2873,10.3481,10.1765,9.8183,9.4020,11.9035,9.8336,9.3477,9.8548,8.9576,8.4751,7.5533,7.2596,6.9781,7.1582,7.7074,6.0041,5.7828,7.7627,4.9576,4.9357,4.3818,3.7350,3.2840,0.6613,3.2521,3.7208,3.7734,3.7697,4.1598,3.6952,7.9562,5.2479,5.5499,7.0914,7.9920,5.2939,7.4386,4.7904,4.7592,4.6152,3.4283,4.2773,4.9929,5.7106,5.3460,6.9343,5.7375,5.9428,5.4803,10.4875,7.9594,5.8716,5.9501,7.9631,5.5301,8.1444,8.1998,8.0330,8.5464,8.7816,9.0193,9.2360,9.4534,9.6074,9.6066,9.8419,10.2734,10.4981,10.3501,10.8719,11.1305,11.3680,11.5951,11.8208,12.0034,11.9974,12.2529,12.6371,12.8487,12.6907,13.1838,13.4238,13.6269,13.8209,14.0103,14.1648,14.1338,14.3625,14.6529,14.8183,14.6431,15.0460,15.2284,15.3714,15.5042,15.6313,15.7197,15.6732,15.8462,16.0312,16.1327,15.9424,16.2372,16.3557,16.4327,16.4899
45111.0000000,18.6695,21.2038,21.7463,22.7156,28.5823,21.0848,23.5108,17.2333,20.6971,18.7801,19.3441,19.0682,15.1274,19.3310,20.0323,19.2569,20.0103,19.0199,16.1254,15.8551,18.5243,14.6453,14.0866,14.9676,14.7584,19.1501,13.4653,11.9964,12.7078,10.5623,8.1159,5.6678,3.7535,6.0220,6.6106,5.6232,7.9230,8.1306,5.0784,10.7680,10.8063,10.4101,7.7106,9.5684,19.3709,11.8739,10.1675,11.5855,8.6027,8.4747,10.4564,11.4221,12.4250,13.0600,6.9715,8.5622,8.3361,9.1466,16.1460,13.3712,13.0566,11.9821,9.7237,9.2016,9.8767,9.7092,12.0136,12.3611,6.5722,7.0010,8.4091,7.9655,6.5104,6.1904,6.9113,9.2340,8.2044,7.9226,6.5206,11.9740,19.5947,17.5221,11.7033,8.9735,10.6292,10.1178,14.8820,12.5847,16.1513,9.8842,15.9615,19.7628,20.4827,18.1398,9.6483,12.0145,13.5373,13.3044,13.1874,11.3213,11.5646,17.8327,14.7126,14.9140,19.2075,20.7713,16.8333,18.7425,14.1572,19.9320,13.4636,12.5222,14.0494,11.9007,13.8120,11.9500,13.0629,16.1212,15.0693,15.1503,9.0283,14.3002,12.6843,14.5232,15.7553,16.3166,15.7636,17.7098,14.2500,9.9621,11.5617,11.6451,11.8039,11.8996,14.7547,12.7290,12.1913,12.9365,10.9332,10.7714,10.0973,10.3909,9.5329,9.2870,10.4297,7.8154,8.0627,10.5832,8.0849,7.7003,7.3939,6.5337,6.0716,4.1949,5.3816,6.0029,6.3702,5.9735,6.0125,5.6639,9.9550,7.4955,7.3330,8.7580,9.2377,6.7434,8.9160,6.3619,6.6632,6.2319,4.3702,5.2759,6.3504,7.1131,6.7033,7.6065,6.3250,6.4085,5.8332,10.7420,8.1095,5.9314,6.0055,8.0545,5.4866,8.1358,8.1694,8.0737,8.4624,8.6556,8.8516,9.0333,9.2159,9.3534,9.3803,9.5748,9.9100,10.0991,10.0231,10.4234,10.6386,10.8400,11.0353,11.2309,11.3973,11.4307,11.6517,11.9670,12.1625,12.0971,12.4963,12.7193,12.9186,13.1141,13.3085,13.4802,13.5216,13.7491,14.0231,14.2102,14.1562,14.5139,14.7169,14.8931,15.0628,15.2288,15.3674,15.4097,15.6078,15.8145,15.9617,15.9002,16.1820,16.3374,16.4586,16.5500
45111.0416667,18.1280,22.2607,21.9183,23.3860,30.3095,20.4618,24.1244,18.1929,21.7790,18.4022,19.9067,19.3440,14.5833,19.7451,21.3308,20.7236,22.2541,21.3776,17.0926,17.6793,21.7095,16.9542,15.4060,17.5893,17.3696,22.5612,16.3122,14.3238,16.3863,13.5650,12.6204,10.4108,8.7369,10.2800,10.6634,9.3639,11.2623,11.3175,8.0049,13.0377,12.9925,12.0811,9.6286,11.1386,20.4785,13.6969,11.4130,12.4633,9.3219,8.8302,10.8007,12.0419,12.9875,13.3598,6.8683,10.0938,9.6927,10.2488,16.5179,13.4356,13.0654,11.8612,10.5223,10.2892,10.3771,10.5945,13.0153,13.4786,7.9973,8.4207,9.9167,9.8646,8.4153,7.5267,7.4531,10.6039,9.5499,9.5730,8.1729,12.9756,19.4618,17.5467,11.5405,8.6398,10.8443,10.1275,15.0692,12.8020,16.2695,9.6078,16.2195,19.7587,20.4039,18.4036,9.5291,11.9552,13.4161,12.6466,12.7970,10.9075,11.2367,17.7478,13.9565,14.1928,18.7832,20.3398,16.0939,18.3894,13.6673,20.7379,13.1899,12.1611,13.9507,11.4087,13.5985,11.3572,12.7092,16.0157,15.4212,15.5503,8.4381,14.4077,12.7664,15.0089,17.3883,18.2204,17.2888,19.2054,14.9429,9.9112,11.9416,12.2583,12.8532,13.3878,16.6434,14.5755,13.9560,14.9493,11.8766,12.0003,11.5418,12.4252,11.0018,10.4212,12.1894,8.7058,9.4129,12.6092,10.2685,9.5179,9.5368,8.5746,8.2532,7.2609,7.0120,7.8716,8.6364,7.7758,7.2909,7.0833,11.6680,9.2716,8.6478,10.0045,10.0888,7.6670,9.9812,7.4423,8.1908,7.5388,5.0400,5.9663,7.4788,8.3523,7.8916,8.1882,6.7881,6.7604,6.0687,10.8893,8.1165,5.8398,5.8807,7.9111,5.2347,7.8481,7.8275,7.7468,8.0128,8.1445,8.2821,8.4134,8.5489,8.6559,8.6875,8.8402,9.0948,9.2485,9.2162,9.5228,9.7001,9.8690,10.0348,10.2020,10.3496,10.4037,10.5909,10.8453,11.0157,11.0017,11.3170,11.5084,11.6838,11.8573,12.0309,12.1895,12.2568,12.4567,12.6905,12.8643,12.8686,13.1655,13.3546,13.5261,13.6947,13.8622,14.0118,14.0947,14.2889,14.4905,14.6513,14.6653,14.9226,15.0906,15.2313,15.3379
45111.0833333,17.5011,22.8837,21.8015,23.6870,31.6044,19.7948,24.3351,18.6664,22.2348,17.6562,19.7950,18.8967,13.4761,19.3769,21.5367,20.8914,22.9667,22.0912,16.5567,17.7912,23.2313,17.6333,15.3008,18.6874,18.5336,24.7664,17.8648,15.3501,18.7977,15.1993,15.8600,13.9715,12.7521,13.6731,14.0587,12.4567,14.1996,14.2448,10.5101,15.2537,15.1821,13.7738,11.4969,12.7502,21.7589,15.4594,12.5236,13.2523,9.8271,9.0486,11.0188,12.4637,13.3484,13.5042,6.7030,11.2525,10.6567,11.0045,16.6827,13.3108,12.8550,11.5041,10.8486,10.8144,10.3512,10.8367,13.3044,13.8555,8.6095,9.1750,10.9192,11.3664,9.9348,8.3803,7.7184,11.6471,10.5416,10.9212,9.5303,13.8645,19.4060,17.6202,11.4496,8.4204,10.9674,10.0145,15.0062,12.6909,15.9991,9.0216,15.9441,19.2201,19.7540,17.9775,8.8030,11.2027,12.5977,11.4917,11.8322,9.9609,10.3452,16.9948,12.7833,13.0418,17.8135,19.3605,14.9150,17.5034,12.6547,20.6949,12.2965,11.2284,13.2337,10.4908,12.8688,10.4403,11.9429,15.4291,15.2122,15.3814,7.6413,13.9352,12.2608,14.7745,18.1467,19.2166,17.9156,19.8509,14.8852,9.3432,11.6340,12.1196,13.0660,14.0048,17.7417,15.6347,14.9562,16.2169,12.2046,12.5367,12.2310,13.6585,11.7302,10.8827,13.2185,8.9717,10.0232,13.9503,11.7183,10.6539,10.9727,9.8580,9.6833,9.6167,8.0566,9.2547,10.5336,9.2484,8.3397,8.2381,13.3185,10.9426,9.9123,11.2790,11.0485,8.6213,11.0868,8.4420,9.5353,8.5965,5.4524,6.3872,8.3044,9.3337,8.8467,8.6664,7.1704,7.0742,6.3007,11.1161,8.2481,5.9114,5.9354,7.9566,5.2309,7.7909,7.7228,7.6381,7.7986,7.8644,7.9352,8.0024,8.0739,8.1270,8.1287,8.2182,8.3824,8.4781,8.4449,8.6543,8.7755,8.8939,9.0131,9.1362,9.2483,9.2969,9.4421,9.6375,9.7757,9.7852,10.0298,10.1886,10.3377,10.4869,10.6376,10.7788,10.8563,11.0285,11.2256,11.3811,11.4170,11.6607,11.8288,11.9851,12.1399,12.2945,12.4371,12.5330,12.7083,12.8896,13.0427,13.0925,13.3151,13.4746,13.6133,13.7195
45111.1250000,16.8431,23.1969,21.5570,23.8151,32.6845,19.2775,24.5466,19.1438,22.7814,17.2954,19.9360,18.8009,12.9680,19.2887,21.8668,21.1286,23.5699,22.5855,16.0105,17.5721,24.1281,17.7360,14.7788,19.0320,18.9005,26.1429,18.5803,15.5984,20.3731,16.0163,18.2502,16.6968,16.0374,16.3814,16.8839,14.9779,16.7400,16.9032,12.6593,17.2126,17.2503,15.4321,13.3357,14.4811,23.4385,17.6470,14.0696,14.3910,10.6794,9.6675,11.6551,13.2750,14.1030,14.0680,6.9838,12.6528,11.8477,12.0108,17.2157,13.5905,13.0627,11.5903,11.4720,11.5970,10.6502,11.3255,13.7733,14.2507,8.8370,9.4608,11.4577,12.4275,11.0546,8.9642,7.8727,12.5488,11.4456,12.2292,10.8791,14.8964,19.6782,18.0497,11.7605,8.6231,11.4787,10.3696,15.4609,13.1297,16.3338,9.1279,16.2819,19.3114,19.7203,18.0901,8.6859,10.9855,12.2708,10.9250,11.3536,9.4865,9.8527,16.4738,11.8526,12.0946,16.9160,18.4293,13.8781,16.5582,11.6697,20.3646,11.3533,10.2491,12.3566,9.5425,11.9869,9.4994,11.0600,14.6316,14.7167,14.9392,6.9361,13.3122,11.6581,14.3608,18.5583,19.8539,18.2225,20.1933,14.6422,8.8010,11.2044,11.7827,12.9634,14.2109,18.3952,16.2415,15.5225,17.0568,12.2667,12.7749,12.5998,14.5102,12.1624,11.1214,13.9388,9.0812,10.3790,14.9716,12.8019,11.4699,12.0622,10.7989,10.7448,11.5234,8.7862,10.3143,12.1257,10.4447,9.1536,9.1766,14.9036,12.5141,11.1428,12.6049,12.1327,9.6714,12.3878,9.6185,11.1057,9.8958,6.1206,7.0014,9.2667,10.4397,9.9056,9.3168,7.7168,7.5670,6.7223,11.5982,8.6421,6.2436,6.2642,8.3096,5.5302,8.0918,8.0053,7.9336,8.0359,8.0712,8.1098,8.1455,8.1837,8.2081,8.1950,8.2438,8.3458,8.3990,8.3601,8.4933,8.5645,8.6339,8.7044,8.7783,8.8449,8.8672,8.9592,9.0888,9.1796,9.1805,9.3501,9.4613,9.5679,9.6766,9.7885,9.8958,9.9596,10.0927,10.2461,10.3721,10.4147,10.6066,10.7472,10.8810,11.0153,11.1508,11.2790,11.3749,11.5282,11.6872,11.8271,11.8940,12.0844,12.2306,12.3607,12.4615
45111.1666667,15.9260,22.9250,20.8254,23.3247,32.9590,18.2524,24.0606,19.0992,22.8308,16.6521,19.6793,18.4020,12.3763,18.9517,21.9168,21.1700,23.9712,22.9268,15.5807,17.3775,24.7891,17.6973,14.2859,19.1132,18.9462,26.9727,18.7553,15.3815,21.2119,16.1677,19.7467,18.4550,18.3489,18.1478,18.7968,16.5849,18.4397,18.7620,13.9551,18.6361,18.7301,16.4632,14.4692,15.5370,24.6365,19.4447,15.2864,15.2674,11.3421,10.1305,12.1625,13.9855,14.7964,14.5951,7.2266,13.9685,12.9715,12.9471,17.7314,13.8603,13.2695,11.7013,12.0284,12.2954,10.9433,11.7868,14.2486,14.6596,8.9933,9.5617,11.6747,13.0035,11.6115,9.0980,7.6657,12.9260,11.8129,12.9318,11.5622,15.2841,19.3672,17.8581,11.4645,8.2788,11.3944,10.1982,15.4231,13.1079,16.2733,8.9144,16.3023,19.1583,19.5042,18.0693,8.5467,10.8197,12.0430,10.5095,11.0067,9.1731,9.5372,16.0830,11.2626,11.4550,16.2022,17.6218,13.0013,15.6916,10.8125,19.8598,10.4442,9.3238,11.4156,8.6038,11.0009,8.5244,10.0606,13.5936,13.8723,14.1206,6.1524,12.4111,10.8087,13.6098,18.4260,19.9342,18.0465,20.0510,14.0682,8.1404,10.5839,11.2353,12.5745,14.0359,18.5690,16.3591,15.5978,17.3573,11.9493,12.5938,12.5244,14.8176,12.1293,10.9568,14.1491,8.8570,10.3393,15.4617,13.3039,11.7408,12.5868,11.2591,11.3499,12.8926,9.1193,10.9015,13.1759,11.1003,9.5304,9.6557,16.0172,13.5448,11.8386,13.3985,12.7009,10.1744,13.1991,10.3214,12.3059,10.9253,6.6072,7.5634,10.1959,11.5299,10.9416,9.9758,8.2503,8.0477,7.1240,12.0832,8.9989,6.5042,6.5107,8.5843,5.7118,8.2985,8.1866,8.1155,8.1693,8.1779,8.1903,8.2023,8.2173,8.2237,8.2044,8.2295,8.2928,8.3223,8.2868,8.3732,8.4161,8.4580,8.5007,8.5459,8.5860,8.5946,8.6525,8.7369,8.7940,8.7875,8.9004,8.9723,9.0412,9.1120,9.1856,9.2564,9.2972,9.3877,9.4934,9.5808,9.6103,9.7466,9.8479,9.9460,10.0459,10.1483,10.2470,10.3245,10.4441,10.5694,10.6828,10.7461,10.8980,11.0198,11.1303,11.2162
45111.2083333,14.6214,22.0928,19.7146,22.4409,32.7653,17.1169,23.2936,18.7364,22.5286,15.8550,19.1401,17.7449,11.6301,18.2911,21.5407,20.7974,23.9239,22.8723,14.9881,16.9750,25.1413,17.5081,13.8098,19.0606,18.8872,27.6236,18.8337,15.1341,21.7653,16.0864,20.7349,19.6369,19.9991,19.2598,20.0432,17.5061,19.4762,19.9534,14.5723,19.5700,19.7688,17.1146,15.2144,16.2580,25.5716,20.8512,16.0780,15.8763,11.6902,10.3233,12.4351,14.4523,15.2734,14.9489,7.3021,15.0491,13.8804,13.7181,18.1870,14.0861,13.4372,11.7763,12.4693,12.8629,11.1500,12.1362,14.6189,14.9668,9.0734,9.6108,11.8394,13.4950,12.0536,9.0457,7.3885,13.0728,11.9176,13.3548,11.9736,15.4866,18.9880,17.5789,11.1146,7.9121,11.1613,9.8634,15.1297,12.7996,15.8927,8.4369,15.9486,18.6573,18.9475,17.6666,8.0850,10.3159,11.4995,9.8753,10.4338,8.6609,9.0369,15.5121,10.6897,10.8744,15.5561,16.9213,12.3097,14.9789,10.1507,19.3639,9.7003,8.5632,10.5961,7.8540,10.1529,7.7494,9.2093,12.6323,13.0341,13.2738,5.4843,11.4450,9.8851,12.6755,17.9249,19.5872,17.4797,19.5148,13.2373,7.3708,9.7664,10.4513,11.8872,13.5107,18.3427,16.1051,15.3218,17.2710,11.4189,12.1431,12.1431,14.7290,11.7935,10.5379,13.9966,8.4258,10.0032,15.5489,13.4100,11.6771,12.7073,11.2896,11.4847,13.6948,9.0961,11.1057,13.8144,11.4216,9.6502,9.8481,16.8201,14.2703,12.2795,13.9523,13.0791,10.4782,13.7653,10.7403,13.1278,11.5560,6.7465,7.7798,10.7954,12.3569,11.7690,10.5144,8.6933,8.4723,7.4939,12.6063,9.4080,6.8210,6.8251,8.9530,5.9871,8.6183,8.4823,8.4031,8.4120,8.3887,8.3683,8.3479,8.3304,8.3075,8.2674,8.2601,8.2816,8.2808,8.2353,8.2780,8.2916,8.3060,8.3226,8.3423,8.3596,8.3555,8.3875,8.4394,8.4730,8.4620,8.5362,8.5823,8.6268,8.6730,8.7216,8.7685,8.7942,8.8554,8.9278,8.9875,9.0064,9.1011,9.1715,9.2401,9.3102,9.3824,9.4525,9.5079,9.5938,9.6844,9.7673,9.8154,9.9270,10.0182,10.1019,10.1675
45111.2500000,13.2534,20.8811,18.2325,21.0146,31.7433,15.4259,21.7656,17.7612,21.6000,14.6033,18.0609,16.6227,10.6089,17.2915,20.7555,20.0334,23.3796,22.3078,14.0901,16.2357,24.9355,16.9157,13.0774,18.6116,18.4419,27.7106,18.4701,14.6454,21.9512,15.8467,21.4237,20.5075,21.2974,20.0064,20.8641,17.9959,20.0129,20.5938,14.7306,19.9373,20.1938,17.1665,15.3540,16.3907,25.9448,21.7399,16.4428,16.1339,11.7863,10.3008,12.4696,14.6395,15.4594,15.0110,7.1580,15.8612,14.5656,14.2772,18.4329,14.0674,13.3439,11.6087,12.6862,13.2636,11.2662,12.4019,14.8911,15.1503,9.0937,9.5828,11.8480,13.7676,12.2927,8.9300,7.0992,13.0223,11.8033,13.4786,12.0596,15.3125,18.2188,16.8305,10.3210,7.1511,10.5059,9.2002,14.5009,12.2010,15.2372,7.7797,15.3140,17.8638,18.0911,16.9644,7.4547,9.6304,10.7370,9.0192,9.5719,7.8572,8.2304,14.5530,9.8295,10.0065,14.5706,15.8743,11.3339,14.0086,9.4037,18.7269,9.0269,7.9364,9.8683,7.2145,9.3773,7.0612,8.4211,11.6549,12.1130,12.3354,4.8966,10.4915,9.0046,11.7051,17.1986,18.9396,16.6169,18.5998,12.1491,6.5043,8.8132,9.5145,10.9858,12.6886,17.6851,15.4420,14.6555,16.7399,10.6191,11.4165,11.5091,14.2862,11.1983,9.8978,13.4923,7.8309,9.4628,15.2508,13.1220,11.2827,12.4723,11.0415,11.3189,14.0701,8.8340,10.9561,13.9675,11.2921,9.3875,9.6457,17.1157,14.4666,12.2444,14.0046,12.9765,10.3164,13.8709,10.7582,13.5737,11.8762,6.7094,7.8212,11.1261,12.8626,12.2437,10.7148,8.7917,8.5521,7.5248,12.7751,9.4369,6.7543,6.7656,8.9600,5.9032,8.5994,8.4533,8.3870,8.3785,8.3430,8.3090,8.2758,8.2467,8.2190,8.1859,8.1714,8.1651,8.1411,8.0925,8.1004,8.0823,8.0646,8.0496,8.0390,8.0321,8.0186,8.0284,8.0428,8.0444,8.0231,8.0577,8.0682,8.0789,8.0933,8.1124,8.1358,8.1527,8.1934,8.2346,8.2674,8.2796,8.3409,8.3804,8.4193,8.4612,8.5071,8.5558,8.6002,8.6642,8.7259,8.7830,8.8233,8.9033,8.9637,9.0185,9.0607
45111.2916667,11.4475,19.0680,16.3259,19.0523,29.9865,13.3520,19.5385,15.8219,19.5965,12.4894,15.8491,14.3762,8.5181,15.0619,18.6386,18.0039,21.5614,20.4803,12.1586,14.4160,23.5519,15.2575,11.4774,17.1550,17.0166,26.7144,17.0512,13.1355,20.9478,14.5322,20.9638,20.2870,21.5570,19.8844,20.8377,17.6979,19.7389,20.3459,13.9925,19.4312,19.5727,16.2344,14.3478,15.3730,25.1442,21.2120,15.4793,15.1889,10.7490,9.2703,11.5173,13.7589,14.5720,14.0302,6.0503,15.4253,14.1313,13.7732,17.7883,13.1936,12.3547,10.5254,11.7624,12.5358,10.3933,11.6987,14.3460,14.6369,8.6661,9.2513,11.5864,13.6459,12.0490,8.3397,6.5223,12.5018,11.1173,12.9103,11.3248,14.2932,16.7718,15.2592,8.6783,5.5200,8.6644,7.3505,12.5313,10.2037,13.1431,5.8656,13.1950,15.6158,15.8207,14.7840,5.5367,7.6669,8.7553,7.1707,7.6030,5.9716,6.3089,12.3933,7.9995,8.1510,12.5349,13.7546,9.3544,11.9836,7.6629,17.0748,7.5730,6.6906,8.6185,6.1329,8.1695,6.0111,7.2451,10.3065,10.7057,10.8775,3.8404,9.0686,7.6073,10.2225,15.7505,17.5237,15.0150,16.9168,10.3783,5.0404,7.1985,7.8808,9.3448,11.0688,16.1559,13.9292,13.1773,15.3545,9.1298,9.9435,10.0983,13.0388,9.8875,8.6415,12.2841,6.6420,8.2855,14.2344,12.0730,10.1588,11.4608,10.0701,10.4793,13.6682,8.0673,10.3253,13.5060,10.5915,8.5948,8.8023,16.6769,13.8528,11.4542,13.2711,12.1427,9.3377,13.0443,9.8042,12.8998,11.1524,5.8132,7.0718,10.6439,12.5814,11.9354,10.2657,8.2048,7.9622,6.8674,12.2675,8.7757,6.0014,5.9515,8.1433,5.0695,7.7592,7.5475,7.3883,7.3721,7.2843,7.1989,7.1157,7.0487,6.9763,6.9167,6.9050,6.9266,6.8740,6.7607,6.7894,6.7465,6.6975,6.6510,6.6131,6.5822,6.5228,6.5432,6.5888,6.5650,6.4788,6.5331,6.5153,6.4874,6.4630,6.4462,6.4380,6.4004,6.4415,6.4991,6.4996,6.4382,6.5164,6.5207,6.5170,6.5170,6.5248,6.5394,6.5340,6.5971,6.6667,6.6940,6.6619,6.7630,6.7933,6.8118,6.8238
45111.3333333,8.2615,15.7599,13.2838,15.9148,26.9345,10.7093,16.3167,12.6097,16.5793,9.6183,12.5392,11.0217,5.4134,11.4083,14.8832,14.4031,17.9984,16.9344,8.6587,11.0699,20.3632,12.0754,8.7401,14.5474,14.3889,24.4163,14.3437,10.5175,18.8252,12.0731,19.1077,18.5699,20.1796,18.2801,19.0809,16.0212,18.3917,18.9486,12.2439,18.1345,17.8697,14.5319,12.2402,13.4216,23.5297,19.5352,13.6851,13.5684,9.0655,7.7205,10.0810,11.9671,12.5615,11.8759,3.7804,13.3207,12.0184,11.8007,15.6278,11.1120,10.1030,8.1881,9.2347,10.3294,8.3477,9.7201,12.4722,12.6809,7.0832,8.2881,10.8178,12.8788,11.2364,7.0457,5.6485,11.4717,9.6900,11.4727,9.7194,12.4506,14.9025,13.3323,6.6056,3.2223,5.8699,4.8032,9.8823,7.6179,10.5149,3.7110,10.3667,12.5726,12.6650,11.5008,2.6148,4.4452,5.4960,4.3600,4.2599,2.7503,2.8882,8.6605,4.7743,4.8610,8.9710,10.0810,5.8014,8.4496,4.6845,14.1460,5.0229,4.5116,6.5161,4.3119,6.2077,4.3399,5.3410,8.2205,8.6212,8.6544,2.0576,7.0207,5.4611,8.0523,13.3131,15.2051,12.6470,14.4493,7.7714,2.7725,4.7396,5.3322,6.7190,8.3891,13.3954,11.3438,10.7582,12.9863,6.9349,7.6572,7.8634,11.0100,7.8946,6.7619,10.2839,4.8499,6.4070,12.3793,10.3064,8.3088,9.7118,8.4378,9.0062,12.4678,6.8153,9.3775,12.4523,9.1399,7.1648,6.9536,15.3784,12.1114,9.6026,11.4599,10.5407,7.5504,11.1837,7.9798,11.0575,9.4263,4.1322,5.4249,9.0830,11.2648,10.5303,8.9914,6.6321,6.5735,5.3975,11.0541,7.3616,4.5093,4.2143,6.3876,3.5010,6.3444,6.0342,5.5278,5.7724,5.5871,5.4090,5.2264,5.0685,4.8588,4.5536,4.6179,4.9389,4.8249,4.3678,4.6712,4.5524,4.4200,4.2917,4.1851,4.1040,3.7675,3.8653,4.2044,4.1291,3.7217,4.0392,3.9598,3.8584,3.7652,3.6922,3.6478,3.3471,3.4816,3.7966,3.7627,3.4051,3.7419,3.6907,3.6174,3.5507,3.5015,3.4696,3.1954,3.4393,3.5260,3.5327,3.2153,3.5964,3.5844,3.5464,3.5116
45111.3750000,1.2497,8.3890,6.7378,9.1885,20.3699,5.3843,9.7782,6.9542,11.8884,5.6584,8.1892,6.6763,1.3997,6.2590,8.8522,8.9727,12.5872,11.5317,3.7371,5.5384,15.3460,6.4632,3.4999,9.2263,9.7396,19.2288,9.7789,5.4283,14.5196,7.5343,14.9759,15.0310,17.1059,14.8132,15.7986,11.5858,14.6852,15.0083,8.4071,15.4480,14.1637,11.6738,8.3799,9.7080,19.8123,15.8455,9.4113,8.9843,4.8627,3.7211,6.9039,8.6238,9.2842,8.7339,0.7824,9.6183,8.0042,8.5924,11.3319,7.6257,6.5731,4.6195,4.6573,5.9633,4.5896,5.7508,9.1890,9.1576,3.4598,5.9588,9.2446,10.9995,9.7276,4.9458,4.5234,10.2144,7.8644,9.1046,6.5421,8.9287,12.5354,10.6617,3.8859,0.6205,1.5527,0.8063,5.5492,3.2750,5.9289,0.0185,6.3288,8.0703,7.5418,6.5651,-1.6872,-0.0367,0.9127,0.9290,-0.1180,-1.5753,-2.2205,2.8757,-0.5011,-0.3478,3.5030,4.5678,0.0622,2.7521,-0.5321,9.1274,0.5895,0.6551,2.8307,1.0420,2.6958,1.9184,2.4616,5.1273,5.4746,5.4095,-0.8420,3.9856,2.0912,5.0113,9.4738,11.4658,9.4418,11.3798,4.6305,0.0296,1.7207,2.0686,3.2950,4.8524,9.0552,7.1395,6.7537,9.5188,3.6960,4.0883,4.2627,7.5553,4.5896,3.8033,6.8880,1.9891,3.7846,9.4952,7.1645,4.7909,6.2360,5.4558,6.5087,10.1789,4.8488,8.3373,11.2199,7.2456,5.8229,4.9075,13.9902,9.7780,7.1278,8.6186,8.2504,5.0711,8.1686,5.4167,7.9545,6.2758,1.2246,2.4400,5.8689,8.5966,7.8543,6.8315,3.8820,4.3430,3.1422,9.2492,5.4022,2.5386,1.5374,3.4717,0.9993,4.2715,3.8640,2.5687,3.5030,3.2468,2.9944,2.7225,2.4815,2.1902,1.0612,1.1471,2.2103,2.0486,0.8150,1.8102,1.6356,1.4310,1.2232,1.0419,0.8800,-0.2404,-0.0854,0.9356,0.8254,-0.3649,0.6816,0.5721,0.4127,0.2567,0.1237,0.0138,-1.0610,-0.8713,-0.0233,-0.0216,-1.1027,-0.0296,-0.0938,-0.2130,-0.3321,-0.4325,-0.5262,-1.4779,-0.6424,-0.5592,-0.5837,-1.6427,-0.5891,-0.6220,-0.7047,-0.7785
45111.4166667,-1.8118,4.0632,2.7953,4.6929,17.1200,2.9595,5.5702,1.7082,6.9952,1.7810,3.7142,2.2512,-2.4791,0.9839,2.9603,3.1723,6.8813,6.0688,-0.7520,0.0552,10.4868,1.4749,-1.0236,3.9823,5.3669,14.5163,5.2457,0.1140,9.4368,2.3029,9.1214,9.7503,12.8367,11.4770,12.7907,8.5894,11.7000,10.7775,3.9837,12.1757,10.5070,8.2648,3.8834,5.2188,16.6751,11.7196,5.5605,4.5637,1.1742,0.1675,3.9869,5.4898,6.2695,6.0557,-1.1757,6.0904,3.9824,5.6877,8.8092,4.8515,3.7321,1.8308,0.3698,1.3648,0.5719,1.2332,5.7174,5.8810,-0.4768,2.5025,6.8345,8.2572,7.7242,2.8365,3.4701,9.4820,7.0383,9.0635,5.0748,7.5850,13.2541,10.9719,4.3484,1.2047,0.1523,-0.6764,3.0403,0.4419,3.1085,-1.7046,3.6367,5.2272,4.3413,2.9947,-4.2649,-2.9584,-2.0458,-0.6831,-2.4826,-3.7640,-4.6898,-0.6966,-3.8229,-3.7272,-0.4605,0.2979,-3.9898,-2.6618,-5.8632,3.1624,-4.5808,-4.1711,-1.4471,-2.9308,-2.1845,-1.7218,-1.5513,1.6064,2.0135,2.1265,-3.4566,0.8210,-1.3527,1.5208,4.7295,7.0209,5.5714,8.1753,1.8898,-1.9527,-0.5146,-0.2941,0.8379,2.3463,6.1542,3.0779,2.6463,6.0531,0.8886,0.6119,0.4285,4.0114,1.5533,1.0218,3.4327,-1.2589,0.5536,6.8312,4.4753,1.5595,3.2259,1.6243,2.6637,6.3855,1.7132,6.1447,9.1127,4.7120,4.3096,3.1007,12.8479,8.5864,6.0720,6.5898,6.6707,3.4364,6.1391,3.8227,5.6806,3.9468,-0.7311,0.2292,2.8083,5.9672,5.3046,4.9434,1.5056,2.5427,1.5013,7.9880,4.2921,1.6130,0.6041,1.3142,-0.5784,2.8655,2.4742,0.4345,2.0939,1.9293,1.7553,1.5342,1.3273,1.0039,-0.9171,-0.8991,0.8168,0.6683,-1.3252,0.3347,0.2180,0.0446,-0.1504,-0.3355,-0.5666,-2.4791,-2.4395,-0.8434,-0.9539,-2.8865,-1.2355,-1.3060,-1.4540,-1.6093,-1.7551,-1.9325,-3.7221,-2.8926,-2.2494,-2.3374,-4.1954,-2.5645,-2.5972,-2.7062,-2.8199,-2.9216,-3.0611,-4.5971,-3.3219,-3.1828,-3.2203,-4.9543,-3.3518,-3.3332,-3.3921,-3.4472
45111.4583333,-8.7108,-3.8847,-3.1470,-2.0175,9.6267,-3.3350,-1.1442,-5.2689,1.1801,-2.5260,-0.9010,-1.4590,-5.3222,-3.1201,-1.7832,-1.8667,1.3595,0.4917,-5.1456,-5.0541,4.9378,-3.9425,-5.0611,-1.6909,0.2986,8.9449,-0.1368,-4.4559,4.0647,-2.7142,3.8865,4.0204,7.3661,7.0400,8.2565,4.0926,7.2448,5.9486,-0.8456,8.3501,6.5823,4.5248,-0.5789,1.2171,13.8727,7.5821,1.7802,0.6370,-2.0570,-2.8322,1.2885,2.0509,2.6310,2.5785,-3.6997,2.3859,0.2830,2.9274,6.2995,2.0935,0.8657,-0.9034,-3.3974,-2.0799,-1.5666,-1.5086,2.3184,1.9075,-4.4452,-1.0198,3.6284,4.5174,4.6793,0.0727,1.6330,7.5762,4.8218,7.4279,2.2050,4.7545,12.3953,9.4186,2.8006,-0.1825,-2.4944,-2.3737,0.9314,-1.8874,1.8839,-2.4179,1.9651,3.3136,2.4197,0.4497,-5.6952,-4.6581,-3.9099,-1.4689,-4.2324,-5.3998,-6.3653,-3.5101,-6.9111,-6.8943,-4.3181,-3.7816,-7.3665,-7.0392,-9.5810,-1.8049,-8.3043,-7.9809,-5.1226,-6.1244,-6.5614,-5.0249,-5.4265,-2.4597,-2.5948,-2.6767,-6.8517,-3.4019,-5.1830,-2.6740,-1.0214,2.2275,1.0547,3.9322,-1.8264,-4.7407,-3.4957,-3.1639,-1.7485,0.0166,3.7945,-0.3609,-1.1586,2.3982,-1.7511,-2.0810,-3.0490,0.6051,-1.6171,-1.9071,0.3035,-4.1523,-2.6093,3.6580,1.1187,-1.6508,0.3534,-1.8167,-1.0148,2.7083,-0.9176,3.8897,6.0980,1.4546,1.2560,-0.3741,9.7056,5.3172,3.0418,2.7432,3.0626,0.2427,3.3806,0.8070,2.4991,1.2784,-2.6251,-1.7960,0.1534,3.5416,2.7726,3.0527,-0.7837,0.7051,-0.3316,6.2125,2.4685,-0.1080,-1.0016,-1.2998,-2.7132,0.4767,0.2104,-2.2707,0.2376,0.1601,0.0529,-0.1371,-0.3368,-0.7369,-3.1443,-3.2589,-1.2324,-1.2418,-3.6935,-1.2442,-1.3001,-1.4466,-1.6414,-1.8493,-2.1778,-4.5581,-4.0453,-2.7951,-2.8604,-5.3053,-2.9799,-3.0489,-3.2223,-3.4106,-3.5965,-3.8605,-6.0402,-4.9306,-4.3311,-4.3467,-6.6702,-4.4092,-4.4382,-4.5754,-4.7298,-4.8845,-5.1289,-6.9198,-5.6735,-5.5123,-5.5325,-7.7355,-5.5948,-5.5938,-5.6907,-5.7814
45111.5000000,-19.0947,-15.8253,-11.8167,-10.2278,0.8457,-10.2032,-8.9876,-14.3472,-6.7372,-8.7669,-9.6822,-9.1258,-11.8602,-10.1038,-8.8271,-8.6182,-5.3803,-5.9358,-10.1061,-11.2515,-1.5768,-10.9213,-9.6456,-8.6155,-5.0928,3.3551,-5.2610,-10.3913,-1.7147,-8.8861,-2.2566,-3.3137,0.4391,0.3774,2.3569,-1.3739,2.0099,0.8084,-7.0046,3.3117,1.4851,-0.3266,-7.3204,-5.5754,9.5382,1.5185,-3.6247,-4.7770,-7.5166,-8.3570,-2.9855,-2.6051,-1.8306,-1.3639,-7.7573,-3.6648,-4.7420,-1.3558,3.8301,-0.4188,-1.7054,-3.4791,-8.2122,-7.1712,-6.2626,-5.9873,-1.0379,-1.6152,-9.2266,-4.9152,0.4614,-0.1757,0.1521,-3.5532,-1.4141,5.4117,2.2987,5.8194,-1.6720,0.6880,11.7909,7.9797,1.2440,-1.7984,-6.8273,-6.3264,-1.3745,-6.0113,-1.0206,-4.9765,-1.4708,-0.2320,-1.0969,-3.8922,-9.0675,-8.2316,-7.4517,-3.3202,-7.1597,-8.1890,-9.1852,-7.2082,-10.9608,-10.8374,-8.7735,-8.4148,-11.3623,-11.6651,-14.6549,-8.0779,-13.3932,-12.1013,-8.6210,-9.0045,-10.4919,-8.3371,-10.5151,-6.5495,-6.8490,-6.9870,-9.9909,-7.5275,-9.1947,-7.4186,-6.1899,-4.3808,-5.4313,-2.0413,-7.1356,-8.9589,-8.1085,-8.5548,-7.9505,-6.2246,-1.4747,-4.7582,-5.1075,-1.9831,-5.3352,-5.8916,-6.7590,-3.3947,-5.3415,-5.4588,-3.4456,-7.2824,-6.2792,0.1233,-4.3476,-6.2480,-4.8514,-5.6229,-4.7780,-2.3225,-4.3219,1.5544,3.2231,-0.1636,-1.0865,-3.7071,6.5480,1.8568,-0.4125,-1.2357,-0.4751,-2.9407,-0.6971,-3.7774,-3.1416,-3.9990,-6.6880,-5.9332,-4.7875,-1.1407,-1.5707,-0.0871,-4.6003,-2.0135,-2.8227,4.2135,0.5717,-1.8058,-2.5761,-2.4570,-3.4289,-1.5121,-1.9981,-5.8903,-2.3459,-2.5458,-2.7495,-3.0238,-3.2863,-3.7552,-5.7645,-5.9079,-4.3639,-4.4686,-8.1846,-4.6480,-4.7052,-4.8349,-4.9921,-5.1431,-5.4203,-7.3203,-6.9230,-5.8495,-5.9053,-9.4566,-6.0304,-6.0433,-6.1755,-6.3237,-6.4710,-6.7126,-8.4883,-7.7023,-7.1675,-7.2223,-10.6278,-7.3934,-7.4137,-7.5534,-7.7052,-7.8513,-8.0970,-9.5519,-8.6580,-8.4881,-8.6141,-11.6967,-9.0685,-8.9880,-9.0171,-9.0516
45111.5416667,-10.0203,-9.5498,-6.5341,-6.2446,2.3548,-8.3129,-10.1210,-18.5375,-10.9177,-11.7943,-14.1584,-14.8976,-17.2500,-16.9492,-16.8941,-17.1472,-14.3926,-14.6157,-16.9039,-18.2970,-9.1598,-19.0790,-14.9471,-16.5016,-10.9775,-2.9730,-10.9788,-15.8621,-7.2158,-15.1685,-7.4030,-9.4820,-5.5921,-3.6457,-2.6592,-6.9612,-4.0208,-5.5786,-14.3228,-2.4821,-4.4138,-5.8748,-14.9167,-12.6719,3.5406,-6.4678,-10.3580,-9.9885,-13.4090,-14.1647,-7.4592,-8.1307,-7.5836,-6.6652,-13.0500,-11.5064,-11.4348,-7.4738,0.8640,-3.6702,-5.0806,-6.8184,-14.0333,-12.9580,-10.9842,-9.8593,-5.8752,-6.6410,-15.0676,-9.3346,-3.0924,-4.2135,-7.0755,-10.1328,-6.5443,1.0897,-1.9647,2.4538,-5.7086,-3.5572,12.2611,7.2154,0.0859,-3.0461,-11.5899,-9.9089,-4.8172,-11.4020,-5.6539,-9.0945,-6.0033,-4.5975,-5.2517,-8.7868,-12.8306,-12.1184,-11.3032,-5.1270,-10.4014,-11.3986,-12.5468,-11.6452,-13.4462,-13.5294,-12.3202,-12.5168,-15.1477,-16.3939,-20.4225,-15.0527,-18.8891,-16.4487,-12.4284,-10.9173,-12.5450,-10.3654,-14.8677,-9.7234,-10.9133,-10.0462,-12.6289,-11.3068,-13.1303,-12.1176,-11.3361,-9.6914,-11.0199,-7.4003,-12.0203,-12.7570,-12.5426,-12.4605,-13.6307,-12.4577,-6.1018,-10.3254,-10.4851,-7.0165,-9.5708,-10.6422,-11.4845,-8.3020,-9.7477,-9.5407,-7.6261,-10.7624,-10.1154,-3.3682,-10.1409,-11.0617,-8.9491,-11.0331,-9.9734,-8.5730,-8.3862,-1.0098,-0.1733,-2.2889,-3.3150,-7.1166,3.5789,-1.2456,-3.3927,-3.6732,-1.8272,-5.1641,-4.3188,-8.0022,-9.0877,-9.7065,-10.9710,-10.2435,-9.6280,-6.5524,-7.1060,-4.5376,-9.6273,-6.7615,-7.3090,0.3235,-3.1580,-5.2046,-5.8050,-5.2588,-5.7592,-4.8703,-5.4679,-10.0963,-6.1804,-6.2264,-6.2590,-6.3580,-6.4496,-6.7734,-8.3313,-8.3897,-7.1359,-7.3465,-11.8528,-8.0767,-8.1016,-8.1917,-8.3023,-8.4038,-8.6455,-10.2056,-9.9374,-9.0690,-9.2620,-13.5739,-9.9301,-9.8956,-9.9619,-10.0254,-10.0758,-10.2247,-11.6231,-11.0135,-10.4967,-10.6111,-13.9509,-11.1743,-11.1446,-11.2364,-11.3375,-11.4289,-11.6235,-12.7765,-12.0872,-11.8485,-11.9170,-14.3242,-12.3416,-12.2762,-12.3391,-12.4067
45111.5833333,-17.2527,-13.2122,-10.0524,-7.9658,1.4486,-8.1173,-9.6928,-20.4755,-10.1255,-9.1433,-11.4259,-12.6303,-14.5138,-15.9731,-17.5647,-19.2861,-18.5525,-19.8065,-20.8268,-23.6151,-15.7149,-26.7540,-19.8936,-25.8231,-18.5432,-10.4690,-20.2576,-22.9375,-13.0030,-21.0791,-15.2144,-16.7237,-12.0947,-5.1024,-3.6642,-7.5450,-5.0034,-7.9031,-18.6451,-5.5432,-7.6912,-8.9998,-20.4956,-14.6475,-0.3280,-13.6467,-16.6317,-14.6375,-18.7980,-19.9322,-12.9262,-14.0718,-13.1726,-11.4001,-17.3541,-19.9764,-19.3317,-15.4505,-3.2796,-7.5158,-8.6093,-9.9813,-19.7466,-19.2853,-16.5407,-11.5302,-8.8708,-10.4687,-21.0331,-14.0943,-6.7301,-6.4163,-8.1507,-14.7687,-9.5415,-3.4639,-6.9812,-5.8082,-13.0275,-9.9702,9.5998,4.1497,-2.7374,-5.4320,-16.6276,-12.0212,-7.1855,-12.5951,-7.5831,-10.4333,-8.2386,-7.1022,-7.9907,-12.6699,-15.6575,-15.4768,-14.8303,-6.7215,-13.3015,-14.2045,-15.4642,-15.4643,-17.0474,-16.6791,-15.6401,-15.8075,-17.7077,-18.9987,-23.2426,-20.7492,-24.4190,-21.0758,-18.9834,-13.9564,-14.6870,-12.2180,-19.2283,-13.3733,-17.4275,-12.7180,-13.5250,-12.8621,-14.5318,-14.3497,-17.7100,-14.4191,-15.0675,-10.7166,-14.4836,-13.7680,-16.1813,-15.0037,-17.7267,-17.3888,-9.2193,-14.1939,-17.2587,-11.8858,-12.6993,-13.6675,-14.2058,-10.7153,-10.9260,-10.7849,-10.0380,-12.9524,-12.7031,-5.6596,-15.2881,-15.6333,-12.5611,-15.4501,-14.3363,-14.8934,-12.4382,-3.7640,-3.5951,-4.2659,-5.5239,-10.1621,0.9752,-3.5942,-5.3453,-5.0206,-1.9182,-5.7652,-6.1792,-10.2250,-13.2588,-13.8079,-13.5463,-13.8205,-14.0313,-11.5508,-12.0987,-8.1299,-12.0204,-10.0666,-10.4830,-2.8877,-6.1435,-7.7576,-8.3297,-7.6888,-7.5918,-7.8501,-8.4738,-11.9250,-9.0885,-9.1477,-9.2079,-9.3426,-9.4722,-9.8102,-11.0913,-11.1371,-10.1251,-10.2791,-13.6214,-10.8494,-10.8524,-10.9312,-11.0418,-11.1495,-11.3864,-12.6618,-12.4685,-11.7379,-11.8852,-15.1066,-12.4455,-12.4266,-12.5240,-12.6354,-12.7432,-12.9424,-14.1299,-13.7259,-13.2975,-13.4046,-15.9509,-13.8912,-13.8526,-13.9300,-14.0180,-14.0995,-14.2813,-15.2184,-14.7201,-14.5024,-14.5703,-16.4595,-14.9635,-14.9054,-14.9659,-15.0280
45111.6250000,-15.4588,-11.9653,-9.1926,-6.1886,3.6384,-4.8841,-7.4071,-21.0022,-10.1284,-7.8893,-10.0829,-11.3980,-12.8088,-14.7806,-16.1500,-17.3924,-16.7828,-17.8902,-17.5059,-21.4112,-14.7510,-26.2336,-18.0972,-24.2487,-19.1332,-13.0345,-25.0625,-27.1399,-18.4230,-25.3793,-23.2538,-24.6814,-20.2328,-12.3586,-5.7393,-8.8383,-1.5955,-3.1802,-14.7557,-0.9141,-2.8743,-4.0497,-16.8508,-9.8307,2.4521,-14.3605,-16.8999,-14.0463,-18.9271,-16.8867,-12.5976,-15.2657,-15.0157,-12.9519,-17.8248,-25.9791,-25.4430,-22.0409,-6.4394,-9.6123,-10.1160,-10.9811,-22.8387,-23.3795,-20.1847,-16.5335,-10.8904,-10.2497,-23.5426,-16.8968,-8.9532,-8.2469,-9.4081,-13.5773,-5.1390,-1.2825,-5.4130,-7.2157,-13.6234,-5.1679,13.0979,7.2838,0.5054,-2.0817,-11.2963,-8.7699,-5.3080,-10.2886,-6.3533,-8.6170,-7.1181,-5.5630,-5.9388,-10.9097,-13.8027,-12.5579,-11.9626,-2.5794,-9.6714,-10.5188,-12.0817,-13.3049,-14.4186,-14.2062,-13.5041,-14.1003,-15.7187,-17.7335,-22.4479,-23.1054,-24.7507,-22.6086,-22.6228,-17.8428,-16.6055,-13.4339,-19.1147,-14.7755,-21.1783,-17.8430,-14.7051,-14.6070,-15.1986,-15.1713,-17.5979,-16.2086,-16.8032,-12.0793,-14.8886,-14.4470,-15.5689,-17.0586,-19.8596,-20.1238,-10.3978,-15.0402,-17.4493,-13.6562,-13.5207,-15.2330,-15.7989,-15.1019,-14.3388,-11.5044,-10.1171,-11.5512,-13.0404,-4.6673,-15.2324,-14.8566,-11.8328,-14.6529,-14.6415,-18.1068,-13.9506,-5.2038,-5.3996,-4.7457,-5.4942,-10.5224,0.5676,-4.9304,-4.0562,-2.9530,1.2140,-2.6378,-3.6400,-8.8554,-12.6446,-13.5513,-12.2183,-13.5975,-15.0712,-13.1421,-14.0836,-8.1119,-10.9167,-9.5665,-9.7995,-2.7378,-5.3576,-6.3602,-6.8767,-6.2989,-5.5370,-6.5438,-7.1420,-9.7806,-7.6717,-7.7373,-7.8100,-7.9610,-8.1040,-8.4427,-9.5319,-9.5576,-8.7183,-8.8810,-11.4753,-9.4296,-9.4636,-9.5759,-9.7178,-9.8498,-10.0969,-11.1939,-11.0470,-10.4105,-10.5553,-13.0537,-11.0664,-11.0616,-11.1759,-11.3014,-11.4178,-11.6144,-12.6281,-12.3204,-11.9197,-12.0231,-14.0441,-12.4760,-12.4586,-12.5642,-12.6812,-12.7892,-12.9903,-13.8051,-13.4411,-13.2409,-13.3236,-14.8848,-13.7137,-13.6777,-13.7592,-13.8257
45111.6666667,-16.9578,-13.8311,-10.1409,-7.2123,2.2902,-5.0538,-7.0939,-19.4483,-7.9709,-4.7127,-6.6506,-6.4345,-7.4083,-9.8011,-11.8077,-13.2797,-13.2106,-14.2195,-12.7944,-16.7067,-11.0475,-20.3737,-12.1581,-18.1848,-14.1487,-8.7398,-20.4838,-21.7515,-17.2106,-22.9162,-24.7027,-26.9459,-24.1289,-17.2005,-11.6493,-14.2184,-5.6558,-5.8966,-15.6082,-0.4505,-1.1718,-1.1270,-12.1720,-5.1245,7.1638,-9.3640,-10.8185,-8.0586,-12.8598,-10.6892,-7.3989,-10.6852,-10.8277,-8.8697,-12.2857,-24.0262,-23.5840,-20.9361,-5.7366,-8.8307,-9.5353,-10.2790,-22.6993,-23.6162,-19.9643,-18.4876,-14.4327,-12.2611,-23.5434,-17.3606,-9.8283,-11.0983,-12.4907,-14.0926,-4.6258,-1.7862,-5.0010,-7.5638,-12.3359,-1.6790,15.4268,9.9016,3.5289,1.1828,-5.5951,-3.5953,0.0267,-3.9878,-0.1649,-1.8710,-0.8716,2.0258,1.6912,-3.6034,-7.0489,-5.1144,-4.8217,4.2467,-2.9068,-3.8870,-5.4917,-7.1321,-8.6702,-9.7098,-8.5827,-9.0477,-10.0292,-12.2559,-16.2432,-18.9618,-18.7147,-16.6846,-17.9189,-13.5209,-13.8051,-9.4225,-14.9075,-12.5551,-19.9566,-17.7238,-12.5370,-14.1475,-15.5992,-14.9215,-17.6932,-15.8762,-15.7793,-11.0427,-12.7573,-11.6994,-13.0722,-14.7104,-17.9446,-18.9674,-10.4442,-14.9549,-16.6214,-13.7087,-12.0568,-13.5620,-14.5201,-14.7475,-13.9939,-10.6245,-9.9446,-10.5567,-12.8398,-5.3051,-15.5099,-14.4513,-12.4827,-13.2510,-12.8615,-16.8098,-11.1548,-4.5849,-4.2345,-3.5632,-3.4684,-8.3712,1.4046,-4.7648,-2.9572,-1.4631,3.0230,-1.9839,-1.2699,-7.0985,-9.8685,-10.1650,-7.7383,-9.2864,-11.9421,-11.3073,-13.3681,-6.7110,-8.7859,-7.7181,-7.6702,-1.3540,-3.5089,-4.1632,-4.5855,-4.0660,-3.2112,-4.1117,-4.4974,-6.4451,-4.6620,-4.5525,-4.4562,-4.4537,-4.4570,-4.6865,-5.5837,-5.5082,-4.6557,-4.7240,-6.7574,-5.1301,-5.1045,-5.1708,-5.2787,-5.3864,-5.6296,-6.6449,-6.5396,-5.9287,-6.0563,-8.0894,-6.5513,-6.5331,-6.6427,-6.7674,-6.8862,-7.0966,-8.0507,-7.8341,-7.4320,-7.5272,-9.2281,-7.9798,-7.9476,-8.0458,-8.1580,-8.2635,-8.4739,-9.2320,-8.9572,-8.7371,-8.8136,-10.1867,-9.2147,-9.1664,-9.2445,-9.3124
45111.7083333,-16.7978,-15.2498,-9.4709,-6.0659,2.1409,-1.3937,-3.0833,-16.0013,-4.8326,-1.3217,-5.2697,-3.4528,-4.4298,-6.0236,-7.5133,-8.4419,-8.0837,-8.7249,-6.9678,-10.9687,-7.3354,-14.2446,-6.4839,-11.2589,-9.9037,-3.0118,-13.9786,-15.0309,-12.3657,-16.7690,-20.1056,-23.4734,-22.9035,-16.6334,-12.1356,-14.4976,-5.5035,-5.5589,-15.1244,-0.6150,-0.8038,-0.2104,-8.8418,-2.5023,9.9482,-6.1009,-6.5405,-3.1570,-7.2958,-4.0235,-1.4164,-4.3621,-4.3631,-2.2715,-5.2490,-19.1321,-19.0947,-16.9330,-1.2897,-3.4105,-3.9318,-4.6319,-17.4590,-19.5556,-14.5993,-15.9773,-12.7876,-11.7511,-23.1010,-17.4182,-11.0865,-10.7960,-13.5341,-14.0394,-4.2743,-2.0546,-4.6848,-7.9848,-10.7960,1.2897,17.8005,12.9247,6.8450,4.4693,-0.2833,1.0127,4.7988,1.3815,5.0481,2.9574,2.3755,7.6515,7.8966,2.7874,-1.7822,1.0785,1.8890,10.4751,4.2728,3.3148,2.1046,1.3128,-1.5404,-2.0526,-1.0019,-1.0330,-2.1489,-4.7977,-9.1515,-13.1097,-12.6818,-11.2985,-12.7893,-8.8523,-9.7151,-4.5955,-8.8113,-6.5949,-14.2126,-12.9932,-7.1262,-9.3001,-11.7825,-11.2905,-16.0177,-13.9476,-13.4464,-8.7268,-9.6811,-8.6313,-10.6852,-11.5106,-15.2297,-16.7631,-8.8714,-12.6738,-13.6794,-11.4510,-9.1646,-10.9211,-13.0421,-12.8425,-11.8885,-8.3390,-7.9871,-8.1000,-10.4953,-3.8834,-13.6555,-12.5333,-11.9096,-12.5538,-11.7874,-15.8728,-8.3329,-4.7135,-3.2239,-2.8675,-1.2635,-5.1497,4.1813,-1.0514,0.8127,2.6392,6.8977,0.1091,2.2944,-4.0947,-6.6567,-6.9117,-4.9822,-5.8904,-8.2599,-7.7269,-9.3189,-2.8838,-4.4756,-3.7350,-3.7264,2.0492,0.2126,-0.4082,-0.7979,-0.1846,0.4479,-0.1681,-0.5185,-2.0728,-0.6735,-0.5772,-0.4877,-0.4818,-0.4683,-0.6607,-1.4095,-1.2674,-0.4338,-0.4169,-1.9709,-0.6068,-0.4858,-0.4531,-0.4598,-0.4654,-0.6033,-1.4208,-1.2474,-0.6015,-0.6430,-2.2303,-0.9674,-0.8955,-0.9577,-1.0408,-1.1230,-1.2982,-2.1333,-1.9484,-1.5490,-1.6263,-3.0430,-2.0365,-2.0041,-2.1035,-2.2177,-2.3254,-2.5350,-3.2200,-3.0093,-2.7951,-2.8722,-4.0678,-3.2618,-3.2204,-3.3030,-3.3685
45111.7500000,-14.9344,-15.2403,-9.2634,-7.4857,-0.3914,-2.0288,-3.3510,-14.0126,-4.1549,-0.1260,-3.7953,-1.2540,-1.7714,-2.6418,-3.7254,-4.1918,-3.5748,-3.7174,-2.0025,-5.5378,-3.0433,-8.1793,-1.7056,-5.2701,-4.8829,1.7482,-7.8086,-8.4872,-7.2914,-10.5262,-14.9590,-18.2691,-18.7566,-13.1023,-9.8185,-11.8136,-4.2887,-3.7192,-11.5377,1.2967,1.1551,1.9272,-5.1334,0.2780,12.3503,-2.3258,-2.2338,0.9738,-2.6928,0.6222,2.8652,0.6332,0.9512,3.0160,-0.0041,-12.3639,-12.0948,-10.4120,3.2299,1.6434,1.2309,0.6814,-10.7443,-12.7767,-7.7873,-9.7302,-7.0205,-7.2430,-18.6614,-15.1399,-10.7508,-10.8128,-13.6480,-12.9176,-4.1584,-2.6538,-4.2281,-7.4093,-9.3197,2.0594,17.3006,12.9751,7.1123,4.7604,1.7498,2.9063,7.2122,4.5080,8.4014,5.9533,6.0940,12.1508,12.8377,8.3637,3.3805,6.4823,7.8314,14.8251,9.7433,8.5845,7.5816,8.3444,5.0059,4.5557,5.4043,6.2260,4.9983,2.7655,-1.0446,-4.9008,-4.4607,-3.8538,-5.4988,-2.5380,-3.8721,0.2829,-3.3422,-1.8709,-8.8808,-8.2357,-3.0009,-4.7743,-7.0672,-6.7082,-11.6685,-9.8109,-8.7946,-4.7054,-5.2512,-4.1975,-6.2283,-6.9664,-10.2572,-12.2528,-6.3651,-9.7614,-10.4549,-8.7941,-6.1055,-7.5646,-9.5248,-9.9208,-8.6364,-5.5117,-5.6673,-5.5355,-7.6178,-2.6331,-10.8825,-9.7207,-9.7525,-10.0937,-9.7211,-14.1808,-6.3941,-4.5119,-3.7744,-3.2350,-1.6669,-4.0927,4.2377,-0.7360,1.0865,3.6919,7.4994,0.9966,4.2272,-1.2386,-2.9680,-2.7670,-1.2167,-1.7909,-3.9772,-3.9199,-4.8740,0.7724,-0.6044,-0.0344,-0.0496,5.2613,3.4717,2.6211,2.3229,3.1562,3.1533,3.3462,3.1486,1.9977,3.2149,3.4063,3.5873,3.6817,3.7743,3.6595,3.0530,3.2387,4.0326,4.0938,2.8677,3.9877,4.1314,4.1895,4.2089,4.2292,4.1222,3.4156,3.5899,4.2157,4.2230,2.9670,4.0221,4.1485,4.1510,4.1359,4.1229,4.0198,3.3300,3.5310,3.9654,3.9563,2.8162,3.6845,3.7695,3.7254,3.6624,3.6006,3.4348,2.8471,3.0329,3.2598,3.2069,2.1788,2.8631,2.9140,2.8436,2.7839
45111.7916667,-7.0082,-8.9128,-3.6781,-3.3922,2.0944,1.2338,-0.4345,-10.3374,-2.8529,0.7613,-2.8831,-0.6449,-1.5547,-1.5276,-2.0659,-2.1658,-1.1633,-1.1278,0.4482,-2.2342,-0.1370,-4.1346,0.7904,-1.2841,-1.2115,5.4312,-3.2346,-3.6869,-3.0014,-5.4982,-10.1383,-13.3449,-14.3998,-9.2024,-6.6873,-8.2752,-2.2133,-1.3206,-7.9397,3.5163,3.3698,4.3960,-1.4324,3.1189,14.5193,0.8283,0.8933,3.8559,0.2656,3.1732,5.2923,3.7196,4.4498,6.3909,2.7651,-7.3855,-7.1044,-5.6196,6.6890,5.5281,5.2457,4.9211,-4.6583,-6.8014,-2.2467,-4.5318,-2.0893,-2.7975,-12.9629,-10.8402,-7.9504,-8.5236,-11.6162,-10.6285,-3.4659,-3.1624,-4.5072,-7.1307,-8.1550,2.0143,16.4835,12.7339,7.5954,5.3000,3.1699,4.3774,8.7139,6.2708,9.9392,6.6955,7.6202,13.7901,14.7361,10.4235,5.1179,7.9126,9.8544,15.3646,11.6073,10.3551,9.5320,12.0738,8.6724,8.6306,9.9447,11.3891,9.9176,8.5118,4.8844,2.2654,1.9571,2.1393,0.9017,2.8580,1.8015,4.4570,2.1949,3.6991,-2.2426,-2.0121,1.5033,0.1801,-1.8610,-1.7577,-6.8286,-5.8126,-4.5434,-1.0273,-1.2022,-0.6351,-2.2768,-3.1094,-5.8300,-7.7347,-3.2293,-5.8082,-6.2915,-5.2596,-2.8071,-4.2197,-6.1922,-7.1276,-5.9422,-3.3367,-3.6360,-3.4316,-5.1639,-1.7267,-8.0512,-6.9617,-7.4293,-7.6135,-7.3752,-11.9000,-4.6541,-3.6101,-3.4691,-2.8439,-1.4060,-3.0521,4.0161,-0.5898,1.0148,3.7255,6.9210,1.0228,4.2357,-0.4166,-1.7873,-1.1634,-0.0512,0.2530,-1.0379,-0.8954,-1.4738,3.5468,2.3760,2.8934,2.8046,7.9993,6.1162,4.8992,4.6733,5.8118,5.0728,6.0004,5.8308,4.9121,5.8728,6.0358,6.1936,6.2784,6.3669,6.2736,5.7713,5.9603,6.6809,6.7817,5.8508,6.7942,6.9832,7.0985,7.1803,7.2618,7.2255,6.6726,6.8692,7.4672,7.5258,6.5590,7.4367,7.5908,7.6314,7.6535,7.6747,7.6115,7.0431,7.2281,7.6401,7.6631,6.7533,7.4817,7.5925,7.5895,7.5708,7.5536,7.4421,6.9716,7.1526,7.3942,7.3860,6.5539,7.1492,7.2309,7.2014,7.1736
45111.8333333,1.7110,-0.4337,3.5363,3.3995,7.9931,6.5762,5.2832,-3.5415,2.1650,4.8266,1.7072,3.2320,1.9585,1.9258,1.1009,0.6932,1.3129,0.9937,1.9300,-0.2276,1.5060,-1.7703,1.8830,0.4921,0.6530,7.0290,-0.3972,-0.6158,0.0620,-1.7707,-5.9671,-8.8278,-10.1987,-5.5304,-3.6379,-4.8739,0.0382,0.9392,-4.3114,5.5248,5.3329,6.2751,1.5612,5.4507,16.3469,4.3070,4.2453,6.7316,3.3571,5.4443,7.4201,6.4034,7.1999,8.7943,4.7213,-2.8975,-2.6784,-1.4858,9.1847,7.8056,7.5329,7.0932,-0.5320,-2.3475,1.5467,-0.3073,2.0419,1.4410,-7.0461,-5.9152,-4.2150,-5.1155,-7.8657,-6.8633,-1.3846,-1.8319,-3.1700,-5.7359,-6.6474,1.9176,14.6270,11.3918,6.5697,4.4288,3.1652,4.1746,8.5745,6.4264,10.1620,6.5316,8.6224,14.3674,15.5127,11.7422,6.1663,8.7588,10.6994,14.5535,12.0129,10.6365,10.1658,13.7398,10.8460,10.9225,12.8627,14.3988,12.4244,11.8340,8.4180,7.6272,6.6460,6.6239,6.0000,6.9072,6.4507,7.7653,6.4810,7.9875,3.3193,3.3615,4.7603,4.6534,2.8936,3.0478,-1.3905,-0.8203,0.2177,2.9304,2.5887,2.4920,1.3779,0.6066,-1.5632,-3.3057,-0.2256,-2.4262,-2.6943,-1.8527,0.2746,-0.8633,-2.4436,-3.4693,-2.4425,-0.5463,-0.9733,-0.8170,-2.2929,-0.2036,-5.1471,-4.2481,-5.0205,-5.2280,-5.1886,-9.4319,-3.0498,-2.5371,-2.7275,-2.0838,-0.7286,-1.8857,3.7798,-0.0284,1.2634,3.6378,6.1289,1.3449,4.1132,0.3603,-0.7145,-0.0984,0.5850,1.2976,0.6285,0.9213,0.5995,4.6630,3.6630,4.1642,4.0639,9.1420,7.2007,5.7275,5.6707,7.1747,5.8235,7.5072,7.4889,6.9131,7.7493,7.9863,8.2126,8.3721,8.5245,8.5194,8.1833,8.3821,8.9938,9.1145,8.4427,9.1821,9.3587,9.4745,9.5617,9.6474,9.6367,9.2190,9.3888,9.8851,9.9597,9.2540,9.9469,10.1063,10.1778,10.2361,10.2944,10.2840,9.8748,10.0516,10.4184,10.4763,9.8131,10.4007,10.5250,10.5571,10.5745,10.5907,10.5278,10.1807,10.3379,10.5528,10.5674,9.9382,10.4124,10.4975,10.4933,10.4860
45111.8750000,8.7583,7.5451,10.4738,10.5650,15.2139,12.4669,12.1088,4.1440,8.7376,10.1265,7.9076,8.8045,6.9753,7.4283,6.6413,5.9053,6.1726,5.4853,5.4527,3.5111,4.9354,1.8598,4.1392,3.1538,3.1156,8.8618,2.2645,1.8434,2.4775,0.8777,-2.6604,-5.0627,-6.3765,-2.0992,-0.4509,-1.3571,2.7939,3.6127,-0.7642,7.5993,7.5867,8.2103,4.3464,7.6272,18.1040,7.6531,7.2792,9.3265,6.1536,7.4482,9.4278,9.1338,10.0193,11.3312,6.6419,1.6919,1.7620,2.6983,11.9799,10.4058,10.1677,9.5660,3.5940,1.9589,4.8642,3.3628,5.4256,4.9523,-2.0374,-1.3817,-0.2234,-1.1760,-3.5481,-2.6816,1.3213,0.9316,-0.2259,-2.5504,-3.2739,4.0460,15.1577,12.4470,7.7584,5.6649,5.1373,5.6841,9.7755,7.7129,11.0721,7.0061,9.8497,15.0044,16.0711,12.8265,6.8612,9.2623,11.0692,13.5418,12.0177,10.5891,10.4886,14.8837,12.5222,12.7059,15.3295,16.9027,14.4684,14.5267,10.8639,11.7323,9.4942,9.2002,9.2556,9.2306,9.5540,9.8082,9.4365,11.3547,7.9887,8.0803,7.2337,8.7068,7.0966,7.5075,4.2160,4.5805,5.2602,7.5366,6.6779,5.6211,5.1463,4.5127,2.8983,1.4639,3.7528,1.7279,1.3182,1.8235,3.1711,2.2427,0.9323,0.0430,0.8001,2.0743,1.8406,1.7298,0.7154,2.2615,-1.5490,-0.8523,-1.6772,-2.0409,-2.3498,-6.3303,-1.0543,-0.8426,-1.1412,-0.5439,0.6484,-0.1812,4.3846,1.3772,2.3516,4.3684,6.2483,2.4709,4.8352,1.7518,0.8873,1.2787,1.4512,2.2363,2.0207,2.4319,2.2691,5.3581,4.4333,4.8469,4.6721,9.6090,7.5935,5.9297,5.9824,7.7417,5.9255,8.1132,8.2014,7.9003,8.6202,8.9193,9.2122,9.4550,9.6884,9.7955,9.6473,9.8901,10.4487,10.6502,10.2664,10.9014,11.1396,11.3311,11.4966,11.6535,11.7264,11.4833,11.6639,12.0930,12.2111,11.7495,12.2965,12.4676,12.5719,12.6626,12.7482,12.7742,12.4951,12.6416,12.9402,13.0137,12.5535,13.0034,13.1310,13.1931,13.2444,13.2932,13.2785,13.0476,13.1848,13.3750,13.4177,12.9807,13.3495,13.4466,13.4776,13.4998
45111.9166667,13.0848,13.3409,15.2269,15.7087,20.8324,16.1432,17.0186,9.9550,14.0751,14.0262,12.9791,13.4627,10.9251,12.5887,12.3431,11.5452,11.8854,10.9778,9.7808,8.3677,9.9767,6.7387,7.7479,7.3609,7.0662,12.2219,5.9477,5.1221,5.7527,3.9349,0.9279,-1.2962,-2.7133,0.8874,2.2404,1.4576,4.9766,5.7938,2.0620,9.3042,9.4429,9.6518,6.4834,9.2676,19.4090,10.3997,9.5949,11.2814,8.1741,8.7944,10.8161,11.1428,12.0772,13.0904,7.6453,5.6310,5.6539,6.4096,14.5085,12.5621,12.2864,11.4913,7.1549,5.9202,7.9481,6.9349,8.8128,8.3353,2.0393,2.3548,3.2288,2.4457,0.4136,1.0524,3.7229,3.8451,2.8089,0.8277,0.2156,6.4355,15.9591,13.5850,8.8419,6.6754,6.9427,7.1541,11.2253,9.2907,12.4509,7.9249,11.5429,16.1529,17.0894,14.3010,7.8671,10.1342,11.7390,13.0288,12.1514,10.5894,10.6557,15.5739,13.4641,13.6703,16.8522,18.4104,15.4838,16.2554,12.4070,15.0321,11.4207,10.8608,11.4752,10.5791,11.5305,10.8625,11.1302,13.4072,11.0263,11.1448,8.2142,11.2659,9.7806,10.7154,8.9189,9.3887,9.7149,11.7180,10.1169,7.9445,8.2626,7.9117,6.9432,5.9809,8.0101,6.0728,5.5287,5.8720,6.1855,5.4709,4.3832,3.7263,3.9830,4.6105,4.6488,3.8948,3.3202,4.7738,1.7182,2.1279,1.4414,1.0357,0.6516,-2.7195,1.2817,1.3854,1.1005,1.4713,2.3215,1.6998,5.5569,3.0678,3.6407,5.3338,6.6542,3.5711,5.7033,3.0887,2.5798,2.7825,2.4260,3.2205,3.4260,3.8840,3.7246,5.8959,4.9304,5.2002,4.8917,9.6449,7.4747,5.6323,5.7196,7.6170,5.4680,7.9015,8.0047,7.8692,8.4514,8.7461,9.0412,9.3055,9.5665,9.7417,9.7395,10.0115,10.5063,10.7535,10.5913,11.1399,11.4131,11.6535,11.8756,12.0910,12.2465,12.1793,12.4058,12.8053,12.9867,12.7602,13.2349,13.4462,13.6086,13.7586,13.9021,14.0005,13.8814,14.0551,14.3322,14.4489,14.1881,14.5582,14.7011,14.7951,14.8783,14.9568,14.9879,14.8648,14.9959,15.1628,15.2254,14.9507,15.2364,15.3323,15.3800,15.4151
45111.9583333,15.2685,17.0940,18.0196,18.9453,24.8103,17.9968,20.0969,13.7572,17.6261,16.0942,16.1154,16.1891,12.7771,15.7726,16.2640,15.5547,16.3813,15.5040,13.0648,12.4530,14.8854,11.1872,11.0862,11.6695,11.2745,16.3999,10.0940,8.7775,9.8380,7.5241,5.2192,3.0279,1.4313,4.1789,5.1302,4.1732,7.0432,7.6855,4.1618,10.5498,10.7151,10.4519,7.7622,10.1183,19.9880,12.1758,10.8523,12.2739,9.1194,9.2065,11.3203,12.1958,13.1944,13.9483,7.7762,8.4023,8.3306,8.9225,16.1292,13.7860,13.4774,12.4964,9.5513,8.7229,9.9331,9.4437,11.4019,11.0800,5.2299,5.3974,6.2305,5.7073,3.8544,3.9820,5.5011,6.4189,5.4191,3.8304,3.2230,8.5504,16.6679,14.5364,9.6342,7.3180,8.2621,8.1392,12.2559,10.3404,13.3358,8.3045,12.6294,16.7771,17.5913,15.1959,8.2579,10.4936,11.9767,12.3844,11.9888,10.3501,10.5513,15.9128,13.7272,13.9587,17.6213,19.1532,15.7545,17.1057,12.9828,17.2275,12.2452,11.4979,12.6049,11.0240,12.5069,11.1503,11.9142,14.5688,12.9647,13.1063,8.4140,12.7064,11.2035,12.6169,12.2669,12.9044,12.8450,14.7305,12.2811,9.0138,10.0732,10.0400,9.7267,9.3359,11.5610,9.6968,9.1006,9.5392,8.7164,8.2834,7.4225,7.1976,6.8707,6.9628,7.4534,5.8364,5.6880,7.4194,4.8114,4.8409,4.3162,3.7206,3.2966,0.6679,3.2771,3.4867,3.4069,3.4563,3.9252,3.4777,7.0723,4.8894,5.0477,6.5083,7.3406,4.6837,6.6960,4.3208,4.1497,4.1062,3.1397,3.9457,4.5681,5.1080,4.9205,6.3243,5.2822,5.4271,4.9943,9.5890,7.2767,5.3159,5.3953,7.3235,4.9878,7.4726,7.5369,7.4642,7.8949,8.1287,8.3662,8.5855,8.8061,8.9702,9.0135,9.2515,9.6492,9.8785,9.8255,10.2716,10.5300,10.7692,10.9989,11.2269,11.4157,11.4510,11.6926,12.0573,12.2717,12.2022,12.6221,12.8597,13.0637,13.2591,13.4497,13.6083,13.6141,13.8227,14.1028,14.2700,14.1722,14.5122,14.6929,14.8376,14.9728,15.1024,15.1966,15.1804,15.3384,15.5191,15.6245,15.4915,15.7458,15.8651,15.9457,16.0055
45112.0000000,15.2204,18.5977,18.7221,20.1552,26.9692,18.0760,21.3219,15.9201,19.7742,16.8837,17.8802,17.6138,13.3937,17.9348,19.0969,18.3521,19.6175,18.6749,14.9004,15.0215,18.5853,14.2167,13.1468,14.8816,14.5185,20.1380,13.5873,11.7915,13.7896,10.8950,9.7038,7.6299,6.0451,7.9500,8.5666,7.2895,9.6031,10.0053,6.3678,12.4376,12.4672,11.6303,9.1951,11.1032,20.5777,13.5335,11.5447,13.1497,9.7214,9.3471,11.4679,12.6970,13.6760,14.1677,7.4232,10.1943,9.9771,10.4143,16.9276,14.1982,13.8520,12.7032,10.8998,10.4446,10.9168,10.9063,13.0340,13.1048,7.4780,7.6779,8.6921,8.5591,6.8132,6.2766,6.8344,8.6958,7.6700,6.5174,5.8510,10.5220,17.4169,15.4633,10.3386,7.9527,9.4570,9.0047,13.1972,11.2265,14.0763,8.5494,13.4606,17.1827,17.8454,15.7351,8.3030,10.4954,11.8643,11.6232,11.5530,9.8602,10.1335,15.7767,13.9442,14.1245,18.1176,19.5577,15.6919,17.7361,13.2274,18.7728,12.4550,11.5047,12.9680,10.8730,12.7317,10.8855,11.9802,14.9469,13.9478,14.1168,8.1117,13.2896,11.7550,13.6042,14.5942,15.4214,14.9404,16.7701,13.4460,9.2470,10.8524,11.0632,11.2928,11.4398,14.0858,12.2419,11.6225,12.3112,10.3594,10.2429,9.6273,9.9839,9.0810,8.7685,9.8637,7.3290,7.6293,9.9423,7.6085,7.2503,6.9605,6.1419,5.7174,3.8812,5.0514,5.4869,5.7312,5.3777,5.6882,5.3279,8.9931,7.0155,6.7087,8.0098,8.4046,5.9620,7.9382,5.6133,5.7473,5.4037,3.7827,5.0300,5.9535,6.4943,6.1714,6.8910,5.7188,5.7295,5.1671,9.6269,7.1916,5.1551,5.2089,7.1120,4.6924,7.1325,7.1497,7.0996,7.4031,7.5722,7.7462,7.9097,8.0761,8.2049,8.2511,8.4347,8.7323,8.9149,8.9021,9.2396,9.4489,9.6473,9.8414,10.0369,10.2073,10.2728,10.4846,10.7850,10.9836,10.9864,11.3329,11.5554,11.7570,11.9550,12.1520,12.3287,12.4004,12.6151,12.8815,13.0710,13.0764,13.3879,13.5896,13.7670,13.9380,14.1054,14.2479,14.3129,14.4988,14.7001,14.8482,14.8288,15.0778,15.2311,15.3525,15.4441
45112.0416667,14.5040,19.1376,18.5054,20.3544,28.1320,17.2881,21.4813,16.2952,20.1220,16.0100,17.8283,17.2701,12.4282,17.6263,19.6559,19.1773,21.2759,20.5308,15.5940,16.4889,21.3738,16.1996,14.2623,17.1082,16.7849,23.1542,16.1190,13.8160,16.9870,13.4392,13.6625,11.8403,10.5681,11.7687,12.2621,10.6668,12.6553,12.9220,8.9754,14.5578,14.5972,13.2807,11.0653,12.6631,21.8494,15.3593,12.6332,13.8454,10.1996,9.4969,11.6599,13.2054,14.1803,14.4490,7.2814,11.7459,11.3067,11.5652,17.4845,14.3684,13.9511,12.6322,11.7169,11.5632,11.3733,11.7527,14.0556,14.3261,8.8710,9.2194,10.5613,10.9319,9.2744,8.0391,7.8201,10.7149,9.6601,9.0099,8.2803,12.4580,18.3378,16.5525,11.1818,8.5596,10.5928,9.8778,14.2479,12.2225,15.0013,9.0094,14.4732,17.8407,18.3583,16.4615,8.5552,10.6934,11.9513,11.2345,11.3723,9.6331,9.9283,15.7812,13.0662,13.3457,17.7594,19.2853,15.1758,17.6087,12.9866,19.8652,12.4288,11.3574,13.0723,10.6152,12.7249,10.5414,11.8323,15.0208,14.4763,14.6507,7.7065,13.4196,11.8269,14.0136,16.1894,17.2176,16.3295,18.1612,14.0315,9.1332,11.1037,11.4882,12.1346,12.7387,15.8810,13.9950,13.3344,14.3082,11.2950,11.4455,11.0319,11.9907,10.5437,9.9206,11.6607,8.2533,8.9752,12.0448,9.8844,9.1725,9.1915,8.1935,7.8555,6.8978,6.6525,7.4125,8.1128,7.3411,7.1016,6.9028,11.0218,9.0832,8.3873,9.6720,9.7207,7.3785,9.4819,7.1131,7.6127,6.9576,4.6458,5.7188,7.1553,7.8948,7.5429,7.7279,6.4489,6.3815,5.7201,10.1417,7.5897,5.4789,5.5061,7.3842,4.8978,7.2788,7.2388,7.1780,7.3653,7.4613,7.5631,7.6602,7.7620,7.8402,7.8630,7.9845,8.1890,8.3164,8.3096,8.5498,8.7037,8.8524,9.0004,9.1514,9.2869,9.3504,9.5178,9.7496,9.9123,9.9396,10.2085,10.3932,10.5652,10.7365,10.9089,11.0686,11.1564,11.3458,11.5736,11.7497,11.7986,12.0630,12.2532,12.4282,12.6005,12.7718,12.9272,13.0297,13.2178,13.4183,13.5831,13.6313,13.8676,14.0374,14.1821,14.2931
45112.0833333,13.3651,18.8874,17.7001,19.8771,28.5097,16.1534,21.0795,16.4046,20.2387,15.2127,17.6078,16.7843,11.5133,17.2565,19.7335,19.1598,21.6594,20.8613,14.8258,16.2761,22.4805,16.5197,13.9346,17.8737,17.6929,25.0915,17.4730,14.7422,19.2442,15.0050,16.7959,15.2627,14.4714,15.0302,15.5617,13.6676,15.5574,15.8492,11.4834,16.7350,16.8126,15.0240,12.9566,14.3399,23.4438,17.4913,14.0520,14.8257,10.8879,9.8971,12.0675,13.8192,14.7457,14.7954,7.2848,13.1519,12.4925,12.5874,18.0280,14.5589,14.0728,12.6073,12.3916,12.4772,11.6972,12.3713,14.7929,15.1062,9.5847,10.0736,11.7685,12.6685,11.0833,9.2244,8.3841,12.3069,11.2329,11.1099,10.3008,14.1191,19.1315,17.4922,11.8498,8.9880,11.5014,10.5698,15.1817,13.0964,15.8663,9.4282,15.4441,18.5412,18.9521,17.2593,8.9099,11.0458,12.2338,11.1558,11.4461,9.6781,9.9876,15.9673,12.2969,12.5517,17.1313,18.6219,14.2855,16.9115,12.1639,20.0894,11.7965,10.7218,12.6616,10.0082,12.3080,9.9483,11.3956,14.7685,14.6083,14.8184,7.2864,13.3129,11.6823,14.1157,17.3002,18.5041,17.2089,19.0481,14.1953,8.8147,11.0135,11.5247,12.4852,13.4613,17.0896,15.1370,14.4349,15.6949,11.7433,12.1096,11.8529,13.3544,11.4116,10.5427,12.8627,8.6921,9.7534,13.5848,11.5088,10.4743,10.8182,9.6923,9.5071,9.4760,7.8846,9.0072,10.2367,9.0185,8.2712,8.1980,12.9479,10.9579,9.8785,11.2112,10.9574,8.6147,10.9605,8.4817,9.4408,8.5183,5.5073,6.4721,8.3262,9.2282,8.8058,8.5136,7.1030,6.9755,6.2263,10.7166,8.0400,5.8387,5.8605,7.7697,5.1959,7.5967,7.5323,7.4806,7.6012,7.6587,7.7199,7.7774,7.8377,7.8811,7.8853,7.9576,8.0877,8.1644,8.1479,8.3035,8.4002,8.4944,8.5894,8.6880,8.7774,8.8184,8.9334,9.0955,9.2118,9.2358,9.4300,9.5682,9.6997,9.8328,9.9687,10.0978,10.1784,10.3314,10.5131,10.6607,10.7210,10.9329,11.0949,11.2479,11.4005,11.5539,11.6975,11.8052,11.9740,12.1530,12.3084,12.3835,12.5908,12.7525,12.8954,13.0061
45112.1250000,11.9442,17.9658,16.3545,18.7138,27.9661,14.5228,19.8895,15.6709,19.5102,13.8699,16.6581,15.6868,10.2999,16.3497,19.2311,18.6816,21.5646,20.7398,13.9202,15.6625,22.8006,16.1174,13.0350,17.6416,17.4779,25.7112,17.4685,14.3467,20.0806,15.1954,18.5738,17.3849,17.2432,17.2149,17.8880,15.6809,17.6072,18.0183,13.1396,18.1075,18.2746,16.0462,14.1057,15.3805,24.6461,19.3264,15.2450,15.5535,11.4233,10.2162,12.4234,14.3866,15.2892,15.1461,7.3482,14.3982,13.4977,13.4086,18.4179,14.6034,14.0326,12.4344,12.7619,13.0404,11.7610,12.6725,15.2060,15.5240,9.8581,10.4234,12.3945,13.7432,12.1699,9.7522,8.4257,13.2403,12.1315,12.4970,11.5732,15.0980,19.3371,17.8034,11.8907,8.8248,11.7334,10.6348,15.4949,13.3530,16.1484,9.3254,15.8411,18.7312,19.0670,17.5790,8.8569,11.0319,12.1879,10.8342,11.2447,9.4733,9.8111,15.9077,11.3200,11.5683,16.2160,17.6700,13.2195,15.9328,11.1723,19.7814,10.8630,9.7762,11.8020,9.0596,11.4092,8.9801,10.4799,13.9182,14.0376,14.2860,6.5348,12.6667,11.0765,13.7103,17.7475,19.1560,17.5142,19.3745,13.9139,8.2614,10.5737,11.1683,12.3474,13.6024,17.6565,15.6140,14.8652,16.3848,11.6407,12.1827,12.0589,14.0241,11.6647,10.6190,13.4181,8.6551,9.9715,14.4672,12.4144,11.0969,11.7369,10.5227,10.5069,11.3653,8.5592,10.0179,11.7793,10.1225,8.9058,8.9607,14.4235,12.3390,10.9023,12.3224,11.8033,9.4037,12.0586,9.4416,10.9178,9.7725,6.1014,7.0323,9.3237,10.4261,9.9438,9.2318,7.6786,7.4984,6.6590,11.2623,8.4323,6.1148,6.1229,8.0713,5.3845,7.8189,7.7209,7.6620,7.7234,7.7428,7.7663,7.7891,7.8154,7.8318,7.8229,7.8621,7.9418,7.9859,7.9667,8.0669,8.1270,8.1860,8.2460,8.3090,8.3662,8.3907,8.4662,8.5741,8.6508,8.6643,8.7957,8.8886,8.9776,9.0687,9.1626,9.2531,9.3117,9.4213,9.5518,9.6602,9.7102,9.8663,9.9894,10.1080,10.2280,10.3505,10.4681,10.5629,10.7014,10.8482,10.9804,11.0589,11.2298,11.3699,11.4965,11.5951
45112.1666667,10.7517,16.9996,15.0893,17.5374,27.2158,13.0926,18.6180,14.7451,18.4791,12.4696,15.4266,14.3188,8.9723,15.0620,18.1671,17.6215,20.7881,19.9739,12.7006,14.6381,22.5075,15.3280,11.9904,17.0149,16.8833,25.8008,17.0427,13.6174,20.2108,14.7275,19.3151,18.3784,18.8280,18.2650,19.1309,16.6281,18.6928,19.2841,13.8422,18.9115,19.1593,16.4885,14.6264,15.8206,25.3350,20.5579,15.8176,15.6528,11.3428,9.9891,12.2476,14.4526,15.4020,15.1436,7.1412,15.2847,14.2113,14.0001,18.6831,14.5835,13.9508,12.2477,12.9945,13.4218,11.7128,12.7919,15.3911,15.6718,9.8147,10.4339,12.6443,14.3980,12.8052,9.8369,8.1710,13.6930,12.5311,13.3563,12.3228,15.6399,19.2278,17.7825,11.6447,8.4376,11.6039,10.3571,15.3870,13.1777,15.9772,8.8668,15.7401,18.4533,18.7187,17.3911,8.3921,10.5725,11.7036,10.1785,10.6760,8.9272,9.2860,15.4446,10.1698,10.4156,15.0423,16.4595,11.9970,14.7090,10.0191,19.0367,9.7645,8.7058,10.7442,8.0358,10.3506,7.9617,9.4395,12.8429,13.1538,13.4124,5.7057,11.6780,10.1322,12.8449,17.5298,19.1276,17.2179,19.1315,13.2372,7.5251,9.8562,10.5065,11.8340,13.3022,17.7365,15.6177,14.8267,16.5625,11.2053,11.8506,11.8079,14.1333,11.4434,10.2743,13.4312,8.2534,9.7237,14.7639,12.7179,11.1751,12.0533,10.7555,10.8857,12.5392,8.7166,10.4668,12.7290,10.6881,9.0798,9.2381,15.4069,13.2013,11.4471,12.9855,12.2582,9.7905,12.7535,9.9844,11.9460,10.5978,6.3467,7.2828,9.9929,11.3322,10.8227,9.7716,8.0967,7.8894,6.9817,11.7509,8.7791,6.3540,6.3576,8.3624,5.5703,8.0540,7.9300,7.8617,7.8769,7.8632,7.8526,7.8418,7.8342,7.8203,7.7896,7.7931,7.8259,7.8352,7.8017,7.8522,7.8763,7.9009,7.9275,7.9575,7.9847,7.9904,8.0327,8.0986,8.1441,8.1467,8.2320,8.2916,8.3494,8.4094,8.4721,8.5330,8.5724,8.6476,8.7380,8.8137,8.8493,8.9589,9.0463,9.1312,9.2178,9.3067,9.3930,9.4642,9.5666,9.6758,9.7759,9.8398,9.9687,10.0773,10.1768,10.2551
45112.2083333,9.2897,15.5908,13.5538,16.0675,26.0585,11.6303,17.2208,13.7470,17.4214,11.2813,14.3210,13.1654,8.0174,13.9564,17.1566,16.5869,19.8849,19.0351,11.5323,13.5097,21.8234,14.3224,10.8849,16.0949,15.9964,25.4428,16.3268,12.7553,19.9781,14.0867,19.6172,18.8852,19.8302,18.7582,19.7742,16.9763,19.1678,19.9231,13.9682,19.2710,19.6437,16.6255,14.8551,16.0286,25.8449,21.5603,16.1744,15.7919,11.2611,9.7832,12.0644,14.4027,15.3446,14.9607,6.8184,15.8377,14.5963,14.2916,18.7335,14.3945,13.7356,11.9742,13.1010,13.6990,11.6548,12.9021,15.5862,15.7548,9.6550,10.2832,12.6794,14.7955,13.1862,9.7513,7.8651,13.9236,12.7198,13.9720,12.8528,16.0318,19.0802,17.7257,11.4258,8.1428,11.4828,10.1361,15.2932,13.0379,15.8388,8.5452,15.6553,18.2103,18.4033,17.1951,8.0196,10.1570,11.2425,9.6111,10.1498,8.4305,8.7827,14.9058,9.1896,9.4058,13.9091,15.2651,10.8615,13.4859,8.9351,18.1023,8.7026,7.6871,9.6660,7.0698,9.2828,7.0045,8.4153,11.7101,12.1561,12.4272,4.9934,10.6590,9.1854,11.8879,17.0114,18.7502,16.6207,18.5683,12.3943,6.7846,9.0498,9.7187,11.1210,12.7284,17.4557,15.3005,14.5002,16.4276,10.6616,11.3807,11.4023,13.9908,11.0737,9.8345,13.2226,7.8078,9.3397,14.7665,12.7241,11.0157,12.0641,10.6801,10.9015,13.2022,8.5757,10.5435,13.2392,10.8778,8.9808,9.2111,16.0110,13.6724,11.6532,13.3160,12.4280,9.9030,13.1538,10.2478,12.6565,11.1321,6.4089,7.3176,10.3839,11.9654,11.4513,10.1295,8.3589,8.1466,7.1953,12.1599,9.0633,6.5455,6.5579,8.6385,5.7502,8.3115,8.1824,8.1210,8.1167,8.0917,8.0681,8.0438,8.0210,7.9933,7.9534,7.9367,7.9400,7.9267,7.8834,7.8983,7.8949,7.8919,7.8905,7.8918,7.8916,7.8769,7.8880,7.9163,7.9312,7.9171,7.9611,7.9884,8.0154,8.0449,8.0774,8.1097,8.1280,8.1723,8.2281,8.2748,8.2946,8.3667,8.4244,8.4813,8.5402,8.6015,8.6619,8.7125,8.7854,8.8637,8.9364,8.9846,9.0784,9.1586,9.2328,9.2915
45112.2500000,8.2886,14.3873,12.1979,14.6115,24.6181,10.1156,15.5379,12.4401,15.9731,9.8373,12.8438,11.6789,6.8517,12.5409,15.7993,15.2780,18.6736,17.8392,10.3448,12.3442,20.8602,13.2160,9.8046,15.0109,14.9125,24.6138,15.2677,11.6848,19.2758,13.1591,19.4017,18.8689,20.2792,18.7566,19.8943,16.8455,19.1134,19.9898,13.6446,19.1038,19.5457,16.2164,14.5264,15.6854,25.7789,22.0032,16.1006,15.6552,11.0377,9.4967,11.7987,14.2471,15.1923,14.7051,6.5286,16.2598,14.8611,14.4472,18.6355,14.0262,13.2970,11.4711,12.9203,13.6885,11.3699,12.7624,15.5193,15.6141,9.3751,9.9970,12.4896,14.8913,13.2605,9.4701,7.4361,13.8237,12.5650,14.1498,12.9392,15.9510,18.4732,17.1447,10.7202,7.4205,10.8843,9.5164,14.7776,12.5188,15.3315,7.9575,15.2141,17.6320,17.7749,16.7071,7.4978,9.6042,10.6382,8.9236,9.4609,7.7875,8.1359,14.1567,8.2623,8.4455,12.7481,14.0107,9.7145,12.2443,7.9248,17.0308,7.6973,6.7396,8.5948,6.1424,8.1928,6.0536,7.3536,10.4475,10.9555,11.2231,4.2397,9.5003,8.1282,10.7479,16.1281,17.9703,15.6687,17.6003,11.2922,5.9396,8.1071,8.7849,10.2097,11.8828,16.7727,14.6052,13.8089,15.8668,9.8675,10.6435,10.7430,13.4998,10.4566,9.1935,12.6961,7.2298,8.7931,14.4367,12.3996,10.5932,11.7789,10.3737,10.6623,13.4689,8.2514,10.3249,13.3185,10.6852,8.6276,8.8984,16.1770,13.6871,11.4716,13.2182,12.1905,9.6160,13.1123,10.1098,12.9303,11.2785,6.2297,7.1844,10.4985,12.2661,11.7243,10.1587,8.2960,8.0746,7.0854,12.2034,8.9702,6.3693,6.3890,8.5325,5.5665,8.1916,8.0578,8.0084,7.9971,7.9674,7.9386,7.9101,7.8845,7.8598,7.8318,7.8178,7.8089,7.7861,7.7470,7.7458,7.7267,7.7072,7.6895,7.6749,7.6627,7.6458,7.6456,7.6495,7.6423,7.6199,7.6356,7.6346,7.6334,7.6350,7.6404,7.6492,7.6538,7.6760,7.7004,7.7177,7.7219,7.7608,7.7852,7.8095,7.8371,7.8685,7.9030,7.9355,7.9834,8.0312,8.0758,8.1090,8.1724,8.2221,8.2678,8.3034
45112.2916667,6.5621,12.3538,10.1540,12.3718,22.1602,7.8830,12.9091,10.0258,13.3867,7.4638,10.2601,9.1293,4.7315,10.0642,13.2446,12.7801,16.1734,15.3517,8.1033,10.1045,18.6298,11.0313,7.8501,12.9348,12.8754,22.6096,13.1538,9.6842,17.4296,11.2919,18.0492,17.7196,19.5781,17.7178,18.9160,15.6703,17.9433,18.8483,12.2325,17.7503,18.1158,14.5413,12.8356,13.9462,24.1795,20.7700,14.5173,14.1186,9.5753,8.0856,10.4008,12.8966,13.8430,13.2802,5.2360,15.4016,13.9929,13.5403,17.5486,12.7183,11.8918,10.0104,11.6161,12.5592,10.1254,11.6569,14.5301,14.6624,8.6298,9.3338,11.8719,14.4092,12.6937,8.6185,6.5782,13.0318,11.6116,13.3531,11.9299,14.6703,16.7039,15.2381,8.7156,5.4253,8.7051,7.3205,12.4857,10.1989,12.9576,5.7251,12.8568,15.1360,15.2634,14.3310,5.3713,7.4606,8.4842,6.8450,7.3045,5.7363,6.0747,11.8763,6.3037,6.4643,10.4987,11.6444,7.5337,9.9595,6.0415,15.0435,6.0776,5.3192,7.0747,4.8316,6.6836,4.7353,5.8751,8.6975,9.1414,9.3501,2.9582,7.7055,6.4177,8.8898,14.2740,16.1508,13.7201,15.5708,9.2528,4.3138,6.3275,7.0162,8.4412,10.1305,15.0612,12.9195,12.1647,14.3032,8.2776,9.0754,9.2510,12.1143,9.0532,7.8424,11.3349,5.9806,7.5376,13.2481,11.1993,9.3498,10.6328,9.3107,9.7277,12.9443,7.4100,9.5490,12.6808,9.8351,7.6256,7.8445,15.3987,12.7058,10.3463,12.1103,10.9763,8.3257,11.9395,8.8675,11.9797,10.3126,5.2019,6.2519,9.7587,11.7066,11.1446,9.4303,7.4699,7.2364,6.2081,11.3869,8.0273,5.3817,5.3511,7.4469,4.5002,7.0557,6.8684,6.7532,6.7199,6.6483,6.5777,6.5081,6.4482,6.3877,6.3340,6.3167,6.3178,6.2780,6.2046,6.2114,6.1783,6.1393,6.1010,6.0679,6.0393,5.9964,5.9989,6.0160,5.9950,5.9392,5.9633,5.9467,5.9218,5.8984,5.8795,5.8655,5.8362,5.8517,5.8772,5.8733,5.8348,5.8756,5.8749,5.8673,5.8616,5.8606,5.8634,5.8564,5.8880,5.9244,5.9416,5.9264,5.9874,6.0086,6.0207,6.0279
45112.3333333,4.7578,10.1679,8.1532,10.2177,19.7753,6.1523,10.6606,7.9458,11.0595,5.5404,7.9151,6.7889,2.8367,7.2344,10.1729,9.7523,13.0428,12.2722,5.5086,7.3597,15.6688,8.3286,5.5304,10.3007,10.2797,19.9651,10.6120,7.3310,14.9864,8.9395,15.8769,15.7017,17.8928,15.8913,17.1594,13.8941,16.2659,17.2131,10.4591,16.1012,16.3858,12.7680,11.0086,12.1112,22.3323,18.9796,12.4898,12.1661,7.6782,6.3280,8.5799,10.9580,11.8877,11.3288,3.6797,13.6983,12.2975,11.8724,15.8357,11.0128,10.1733,8.3292,9.8828,10.9268,8.4857,10.0236,12.9332,13.0992,7.3073,8.2603,10.9617,13.6673,11.9323,7.6061,5.7701,12.1777,10.6404,12.5515,10.9976,13.6174,15.4648,13.9465,7.4793,4.2912,7.1773,5.8307,10.7014,8.3656,10.9469,4.0949,10.6529,12.6814,12.6843,11.6587,3.1428,4.9440,5.8619,4.5117,4.7461,3.3259,3.5744,8.9374,3.9888,4.1131,7.8068,8.8716,5.0669,7.2517,3.7452,12.3463,3.9467,3.4021,5.0752,3.1604,4.8112,3.1734,4.1513,6.7615,7.1875,7.3823,1.7371,5.8967,4.6821,6.9582,12.1214,13.9837,11.5056,13.2965,7.1292,2.7125,4.4305,5.0210,6.3224,7.9288,12.7781,10.7140,10.0364,12.1991,6.3942,7.1426,7.3329,10.2272,7.2705,6.1854,9.5624,4.5070,5.9541,11.5938,9.6009,7.7834,9.0898,7.8235,8.3192,11.7484,6.2132,8.4361,11.6124,8.6857,6.5573,6.6676,14.4093,11.5597,9.1805,10.9668,9.8564,7.1681,10.7281,7.6177,10.7001,8.9800,3.9781,4.9659,8.4413,10.5196,9.9687,8.2903,6.3091,6.1381,5.1421,10.3387,6.9824,4.4230,4.3514,6.3565,3.6077,6.0518,5.8404,5.6392,5.6490,5.5442,5.4385,5.3270,5.2247,5.1094,4.9664,4.9372,4.9713,4.8856,4.7021,4.7358,4.6605,4.5772,4.4955,4.4235,4.3564,4.2292,4.2305,4.2903,4.2393,4.0916,4.1564,4.1168,4.0637,4.0136,3.9715,3.9353,3.8361,3.8629,3.9295,3.9062,3.7842,3.8698,3.8506,3.8171,3.7858,3.7612,3.7384,3.6637,3.7149,3.7464,3.7436,3.6428,3.7483,3.7487,3.7334,3.7186
45112.3750000,1.2443,6.2249,4.7460,6.5647,15.8272,3.1481,6.8048,4.4887,7.8366,2.9785,4.7994,3.7553,0.2787,3.4408,5.9617,5.8300,8.9375,8.1537,2.0501,3.6327,11.7143,4.4342,2.2459,6.6975,6.8696,16.0738,7.0903,3.8540,11.4482,5.5505,12.5904,12.6666,15.0344,12.8437,14.0691,10.4984,13.1547,14.1897,7.6527,13.7487,13.5370,10.2886,8.0882,9.3790,19.5719,16.1665,9.4985,9.2560,5.0336,3.9506,6.3663,8.3113,9.0798,8.4932,1.2466,10.5727,9.2681,9.1431,12.6691,8.2259,7.3456,5.5357,6.6654,8.0384,6.0193,7.5374,10.6325,10.6137,4.8316,6.5272,9.4894,12.1380,10.5075,5.8596,4.7353,10.8569,8.9739,10.8464,8.8540,11.3031,13.7680,11.8679,5.3609,2.2867,4.3013,3.3618,8.1877,5.9668,8.5061,2.3446,8.3244,10.0235,9.6463,8.5626,0.6025,2.1826,2.9722,2.3712,1.8804,0.5354,0.4282,5.2311,0.6326,0.6839,3.9523,4.9094,1.3018,3.4059,0.4756,8.7186,1.0914,0.9492,2.6369,1.0942,2.4637,1.4254,1.9542,4.2795,4.4345,4.4942,-0.4405,3.3602,2.1046,4.4192,9.0915,11.0847,8.7907,10.5255,4.4537,0.5316,2.0055,2.4525,3.6061,5.0673,9.5674,7.7217,7.2721,9.5324,3.9854,4.5711,4.7964,7.7469,4.9054,3.9811,7.0897,2.5004,3.9069,9.3239,7.1486,5.2134,6.5857,5.6889,6.4651,9.9779,4.7536,7.3653,10.2479,6.9904,5.1543,4.7671,12.8877,9.4917,7.1102,8.8233,8.0630,5.2492,8.5819,5.6686,8.4979,6.8559,2.1842,3.0608,6.3866,8.6459,7.9981,6.6426,4.3828,4.4440,3.4007,8.7506,5.2824,2.7453,2.3504,4.2577,1.8582,4.4411,4.1429,3.5430,3.9127,3.7317,3.5585,3.3756,3.2193,3.0606,2.5850,2.6781,3.1260,3.0071,2.4344,2.8443,2.7064,2.5495,2.3927,2.2571,2.1413,1.6643,1.7748,2.1910,2.0900,1.5245,1.9590,1.8521,1.7132,1.5808,1.4692,1.3823,0.9206,1.0175,1.3589,1.3400,0.8485,1.3099,1.2397,1.1347,1.0344,0.9520,0.8815,0.4906,0.8301,0.8611,0.8396,0.3729,0.8425,0.8073,0.7383,0.6778
45112.4166667,-0.2964,3.8473,2.8010,4.2235,14.3230,2.5550,4.7821,1.7041,5.2913,1.3261,2.5244,1.4120,-1.8324,-0.1851,1.5199,1.3679,4.3221,3.6590,-1.5221,-0.8186,7.4868,0.3124,-1.3954,2.3766,3.2627,12.0493,3.5174,-0.1855,7.3514,1.4661,7.7961,8.2487,11.2499,9.7693,11.1676,7.5933,10.2643,10.3182,3.7592,10.8313,10.2871,7.4412,4.3535,5.6260,16.7328,12.5658,6.1575,5.5638,1.9712,1.1074,4.0375,5.7769,6.6466,6.3465,-0.2297,7.5009,5.7358,6.4546,10.2304,5.7183,4.7662,2.9890,2.7739,3.8677,2.3740,3.5208,7.5332,7.8007,1.6694,3.9143,7.7089,10.0156,8.8704,3.9815,3.8306,10.0464,7.9880,10.4173,7.2804,9.8402,13.9315,11.7439,5.3476,2.3604,2.7137,1.6862,5.7390,3.2660,5.8585,0.6026,6.0000,7.6623,7.0810,5.7606,-1.4386,-0.0892,0.7157,1.2731,0.1213,-1.0970,-1.5167,2.4468,-1.3910,-1.4099,1.3532,2.0240,-1.4675,-0.4609,-3.3476,4.2672,-2.6267,-2.4706,-0.3709,-1.5912,-0.8863,-0.8962,-0.6808,1.9239,2.0907,2.1993,-2.2529,0.9935,-0.5955,1.5872,5.0875,7.2296,5.4551,7.6887,2.0359,-1.2553,-0.0702,0.1918,1.1968,2.5634,6.6420,4.0169,3.6137,6.4574,1.5774,1.6728,1.6359,4.8345,2.4537,1.8274,4.3885,0.0326,1.4642,7.2492,5.0495,2.6869,4.1428,2.6720,3.4832,7.0198,2.4023,5.8233,8.7124,5.1211,4.1738,3.4057,12.0157,8.4735,6.1641,7.1279,6.7420,3.8150,6.7463,4.1306,6.3288,4.6479,0.2765,1.0926,3.8135,6.4818,5.9315,5.1791,2.5013,3.0380,2.1125,7.7917,4.4485,2.0512,1.4992,2.4782,0.5191,3.2563,2.9442,1.6707,2.6284,2.4994,2.3641,2.1917,2.0315,1.7980,0.6142,0.6251,1.6371,1.5312,0.3039,1.2883,1.2158,1.0985,0.9637,0.8358,0.6682,-0.4883,-0.4517,0.4899,0.4130,-0.7742,0.2075,0.1657,0.0602,-0.0533,-0.1613,-0.2971,-1.3799,-0.8210,-0.5223,-0.5949,-1.7506,-0.7915,-0.8211,-0.9134,-1.0109,-1.1002,-1.2219,-2.1446,-1.4372,-1.3508,-1.3915,-2.4660,-1.5221,-1.5140,-1.5678,-1.6172
45112.4583333,-0.9012,2.5231,2.3564,3.3032,12.8272,1.9368,3.7016,0.1722,4.0495,0.9765,1.7915,1.1113,-1.6597,-1.2516,-0.1382,-0.4931,1.9100,1.0982,-3.1412,-3.2312,4.2178,-2.5054,-3.3586,-0.9452,0.1454,8.3667,0.4038,-2.6846,3.9766,-1.4156,4.3353,4.4920,7.4980,6.6539,8.1420,4.8557,7.6614,7.5762,1.2256,8.5598,8.0306,5.5550,2.1541,3.5690,15.0245,10.1790,4.0971,3.3653,0.1735,-0.4132,2.4683,3.7550,4.5762,4.4814,-1.1971,5.3241,3.6545,4.8924,8.9370,4.5940,3.6900,2.0877,1.1263,2.1696,1.2947,1.9303,5.3886,5.2642,-0.9641,1.4753,5.5178,7.6346,6.8996,2.3177,2.8106,8.9535,6.9442,9.8253,6.2736,9.0400,14.2735,11.9362,5.7125,2.8564,2.5727,1.9836,5.6979,3.1335,6.1606,1.3565,6.1105,7.6564,7.1174,5.3971,-1.0123,0.0300,0.6913,1.9217,0.2452,-0.8724,-1.3858,1.7402,-1.9834,-2.0460,0.2460,0.7998,-2.1623,-2.0055,-4.5477,1.6386,-4.3176,-4.3616,-2.4219,-3.1909,-3.2089,-2.6140,-2.7804,-0.4438,-0.4833,-0.3750,-3.6143,-1.1226,-2.3981,-0.5129,1.9937,4.4823,2.9526,5.3237,0.2314,-2.2802,-1.4162,-1.2194,-0.2615,1.0849,4.9297,1.9239,1.3351,4.1062,0.0514,0.0142,-0.4828,2.5687,0.4759,0.0966,2.4105,-1.4834,-0.3433,5.1919,3.0235,0.8971,2.3835,0.6838,1.2732,4.5179,0.7702,4.2733,6.7921,3.3316,2.6504,1.7138,10.4361,6.9276,4.8746,5.5963,5.4165,2.7026,5.7829,3.0615,4.9920,3.5210,-0.2955,0.3182,2.4171,5.0644,4.4825,4.1686,1.4176,2.1502,1.3197,6.9695,3.7759,1.5711,1.1124,1.6327,0.0834,2.5931,2.3798,0.9570,2.2860,2.2512,2.1984,2.0843,1.9655,1.7098,0.3401,0.2839,1.4023,1.3395,-0.1069,1.1708,1.1310,1.0290,0.8969,0.7610,0.5394,-0.8236,-0.5895,0.1530,0.0713,-1.3623,-0.1325,-0.1637,-0.2744,-0.3945,-0.5109,-0.6833,-1.9241,-1.2898,-0.9706,-1.0120,-2.3743,-1.1666,-1.1698,-1.2562,-1.3542,-1.4508,-1.6137,-2.6390,-1.9717,-1.8550,-1.8963,-3.1929,-2.0502,-2.0423,-2.1121,-2.1755
45112.5000000,-0.4284,2.4063,3.2015,4.0674,13.0290,2.6790,3.8416,-0.6385,3.4618,1.0015,0.5973,0.2339,-2.3271,-2.6867,-1.9364,-2.2771,-0.1341,-0.8964,-4.2070,-4.9574,1.7255,-4.8004,-4.5046,-3.4329,-1.9082,5.6333,-1.8415,-5.0321,1.0089,-4.1735,0.9381,0.5803,3.6024,3.0513,4.7206,1.7914,4.6823,4.6877,-1.7016,6.1642,5.4794,3.3358,-0.7506,0.6840,12.8623,7.2157,1.6447,1.1641,-1.9432,-2.3327,0.8189,1.7163,2.5321,2.6589,-2.6912,2.3757,1.2510,2.7490,7.5504,3.3755,2.5046,1.0211,-0.9372,0.0426,-0.4487,0.2045,3.9651,3.7117,-3.2616,-0.6869,3.4768,4.9260,4.2599,0.2080,1.1989,7.3978,5.3125,8.6000,4.2483,7.0255,13.8620,11.2043,4.9980,2.1784,0.9053,0.6275,5.0627,1.8543,5.3824,0.8520,5.2168,6.7759,6.3875,4.3344,-1.4711,-0.4198,0.3160,2.3494,0.1615,-0.8815,-1.4091,1.1935,-1.6719,-1.8443,0.0042,0.3035,-2.4031,-2.6998,-5.4144,-0.4356,-5.5164,-5.2914,-3.3251,-3.7448,-4.3178,-3.4649,-4.4590,-2.0282,-2.3307,-2.3318,-4.7020,-2.9626,-4.1826,-2.7773,-0.8281,1.0237,-0.2357,2.3547,-2.1163,-3.8638,-3.2569,-3.3680,-2.8167,-1.6331,2.3025,-0.2534,-0.5958,1.8601,-1.4876,-1.6732,-2.1601,0.5837,-1.2455,-1.4442,0.5512,-2.7874,-2.0254,3.2010,0.3048,-1.3033,-0.2073,-1.2780,-0.6684,1.8351,-0.8083,2.9533,5.0550,2.2933,1.5244,0.1406,8.7969,5.1734,3.2032,3.8393,3.8962,1.2706,3.9887,1.0697,2.5396,1.3653,-1.7119,-0.9406,0.6876,3.2959,2.8039,3.0913,0.1313,1.2298,0.4861,6.2382,3.1213,1.0131,0.5701,1.2646,-0.0565,1.8623,1.5704,-0.3580,1.3583,1.2921,1.2214,1.0909,0.9690,0.6946,-0.4519,-0.4709,0.4750,0.4166,-1.4576,0.2464,0.2367,0.1629,0.0631,-0.0328,-0.2265,-1.3578,-1.1603,-0.4757,-0.5382,-2.3700,-0.7337,-0.7383,-0.8406,-0.9551,-1.0662,-1.2458,-2.3142,-1.8721,-1.5468,-1.6069,-3.3802,-1.8264,-1.8325,-1.9361,-2.0488,-2.1549,-2.3365,-3.2114,-2.7336,-2.5888,-2.6679,-4.2944,-2.9841,-2.9374,-2.9836,-3.0288
45112.5416667,-3.5500,-0.8173,0.2816,1.1164,9.5610,-0.6837,0.1095,-4.9198,0.5820,-1.0911,-1.7763,-2.3406,-4.7730,-5.5069,-5.3241,-5.8948,-4.1214,-4.9110,-7.3449,-8.3103,-2.1887,-9.0494,-7.1435,-7.3971,-4.9101,1.7686,-5.4868,-8.2939,-2.5437,-7.8937,-2.5405,-3.3750,-0.4362,-0.0984,0.6093,-2.6809,-0.2002,-0.5774,-7.1498,1.7609,0.5732,-1.3038,-6.5639,-4.6458,7.9668,1.1136,-3.4871,-2.8840,-6.1609,-6.2431,-2.2993,-2.1903,-1.5965,-1.2768,-6.5586,-2.8749,-3.0988,-1.2888,4.9687,0.4474,-0.6930,-2.2378,-5.6613,-4.4051,-3.9758,-2.8928,0.3100,-0.0188,-6.9056,-3.3718,1.1296,1.8888,-0.4687,-4.1637,-1.9898,4.1251,1.7546,5.2630,0.4338,2.8810,12.4309,8.6460,2.0371,-0.9018,-4.2814,-3.6587,0.7893,-3.5046,0.3837,-3.8313,0.2254,1.8799,1.7093,-0.7206,-5.7945,-4.4730,-3.5171,-0.1078,-3.3080,-4.3257,-4.8476,-2.5615,-4.5988,-4.6715,-2.9694,-2.8067,-5.2793,-5.6243,-8.5631,-3.7590,-7.7941,-6.8856,-4.5219,-4.0445,-4.8404,-4.0971,-6.3941,-3.3681,-4.5089,-4.0819,-6.4689,-5.1500,-6.6541,-5.7625,-4.5652,-2.9846,-4.3959,-1.7683,-5.9187,-7.0198,-6.6239,-6.3685,-6.5625,-5.5597,-1.0021,-4.1591,-4.3471,-1.7593,-4.5260,-5.0413,-5.5626,-2.9762,-4.5295,-4.4745,-2.6351,-5.5716,-4.9325,0.4172,-3.7975,-4.7456,-3.3076,-4.9337,-4.0977,-2.0937,-3.2881,1.3205,2.5568,0.4161,-0.6748,-2.9432,5.9650,1.9654,-0.0376,0.7970,1.4572,-1.8255,0.1791,-3.0478,-2.3137,-2.9864,-5.0843,-4.2864,-2.7227,-0.2470,-0.7652,0.3036,-3.0477,-1.7897,-2.4566,3.7536,0.5269,-1.5718,-2.0512,-1.1917,-2.3554,-1.0224,-1.4612,-3.8855,-1.9710,-2.0187,-2.0571,-2.1563,-2.2403,-2.5063,-3.5090,-3.4883,-2.6331,-2.7391,-5.0689,-3.1626,-3.1427,-3.1908,-3.2630,-3.3260,-3.5047,-4.5107,-4.3404,-3.6789,-3.7774,-6.0303,-4.1843,-4.1353,-4.1922,-4.2552,-4.3088,-4.4437,-5.3718,-5.0102,-4.6202,-4.6900,-6.5045,-5.0800,-5.0474,-5.1315,-5.2271,-5.3147,-5.4923,-6.2662,-5.8906,-5.6829,-5.7394,-7.1392,-6.0739,-6.0248,-6.0944,-6.1671
45112.5833333,-7.7285,-2.8401,-2.0622,-0.3056,8.5903,-1.3935,-1.3278,-9.1825,-2.1440,-2.8270,-3.7380,-4.8035,-7.4081,-8.1805,-8.4805,-9.3277,-7.8496,-8.6239,-10.2002,-11.7515,-5.5035,-13.5312,-9.7342,-12.7013,-8.7468,-1.7233,-10.4857,-12.3920,-5.6598,-11.6811,-7.6133,-8.1904,-4.7447,-0.8451,0.0803,-3.1602,-0.9959,-2.5690,-10.8479,-0.8088,-2.2261,-3.8114,-11.1383,-6.5928,5.0382,-4.8604,-8.8429,-7.0956,-11.1162,-11.3208,-6.7138,-6.9697,-6.0387,-4.9405,-10.2219,-9.4457,-9.0962,-6.9897,2.3898,-1.8996,-2.8876,-4.3023,-10.0438,-9.2763,-8.2646,-4.6176,-2.3275,-3.3520,-11.9896,-7.0048,-1.1635,0.6437,-1.0278,-7.5381,-3.8087,1.4956,-1.3615,0.0855,-4.2819,-0.9984,12.0054,7.7580,1.2018,-1.6183,-7.5629,-5.0601,-0.8471,-4.7644,-1.3872,-5.2767,-2.0807,-0.6901,-1.1392,-4.7999,-9.3675,-8.5859,-7.7497,-2.4079,-6.8731,-7.9110,-8.6382,-6.9250,-8.2274,-8.0071,-6.2101,-5.9883,-8.1700,-8.6700,-12.2581,-8.5032,-12.6081,-10.7417,-8.9289,-6.0300,-5.8869,-4.8453,-8.8430,-4.6691,-7.7140,-4.6268,-6.7632,-5.3462,-7.0614,-6.6845,-8.3767,-5.9029,-7.0630,-3.8487,-7.6689,-8.1052,-9.5200,-8.6995,-10.0486,-9.5259,-3.4010,-7.2111,-9.3434,-5.3635,-6.9749,-7.5783,-8.0154,-5.0515,-5.8004,-5.7764,-4.6080,-7.6407,-7.2609,-1.3077,-7.7248,-8.2741,-6.1999,-8.6411,-7.7332,-6.9220,-6.3776,-0.2693,0.5895,-0.4461,-1.7121,-4.9215,4.7148,0.7473,-1.0056,0.2323,1.9566,-1.8821,-1.0349,-4.9095,-6.1382,-7.0022,-8.2379,-7.9791,-6.9261,-4.5837,-4.9762,-2.5703,-5.3107,-4.3956,-4.9414,1.8452,-1.2431,-3.1130,-3.5724,-2.5222,-3.2704,-2.6438,-3.1370,-5.0719,-3.6601,-3.7475,-3.8408,-4.0125,-4.1763,-4.5341,-5.5099,-5.5463,-4.8351,-4.9764,-6.8670,-5.4506,-5.4597,-5.5428,-5.6532,-5.7530,-5.9707,-6.9084,-6.7887,-6.1746,-6.2615,-8.0591,-6.6387,-6.5830,-6.6465,-6.7228,-6.7924,-6.9469,-7.8005,-7.5295,-7.1246,-7.1715,-8.6558,-7.5026,-7.4336,-7.4880,-7.5556,-7.6170,-7.7770,-8.4565,-8.1524,-7.9126,-7.9512,-9.1560,-8.2592,-8.1893,-8.2435,-8.2993
45112.6250000,-7.9101,-4.0229,-3.9431,-1.6526,7.3833,-2.4461,-2.8918,-12.5376,-3.8505,-3.5214,-4.4271,-5.7361,-8.1264,-8.9929,-9.6284,-10.6941,-9.5998,-10.4277,-11.1679,-13.3267,-7.2862,-16.2318,-10.7570,-13.4496,-10.7384,-4.5984,-15.2076,-15.9105,-8.7163,-13.8380,-11.9287,-12.4147,-9.1488,-4.5981,-0.0748,-3.0308,2.3255,0.7570,-8.7107,1.9012,0.0526,-1.6417,-10.4847,-4.7782,5.7033,-7.2845,-10.6571,-8.3817,-13.0985,-10.5524,-7.9692,-9.6744,-9.2615,-7.8448,-12.7268,-15.3243,-14.4436,-12.3843,0.0182,-4.0465,-4.8603,-6.0434,-13.6754,-13.0800,-11.1382,-8.0284,-3.3422,-3.2786,-15.2068,-9.9272,-3.3633,-1.5957,-2.5525,-7.2740,-0.5931,2.8980,-0.8078,-1.6950,-5.6800,2.5322,14.2819,9.0917,2.1706,-0.8186,-5.5310,-4.7839,-1.2842,-5.1544,-2.3035,-5.8708,-3.0338,-1.3991,-1.4642,-5.3280,-9.9789,-7.6666,-6.8607,-0.0276,-5.5725,-6.7079,-7.7413,-6.9354,-9.6709,-9.3441,-7.4227,-7.5958,-9.7218,-10.7452,-14.7986,-12.4927,-15.3345,-13.9771,-13.1728,-10.2604,-8.0174,-6.8039,-10.2917,-6.7888,-11.7348,-9.0679,-8.5355,-6.5496,-7.4896,-7.1745,-8.1459,-7.5686,-8.7370,-5.0263,-8.4186,-9.1783,-9.1009,-10.3002,-11.4842,-11.1863,-3.6375,-8.2132,-10.2557,-7.5698,-8.6271,-9.8084,-10.1397,-8.9327,-8.6792,-6.5486,-5.0000,-7.5218,-8.2838,-0.5892,-8.6417,-8.4853,-6.1780,-8.6138,-8.5321,-9.7914,-7.9980,-1.0979,-0.9893,-1.1894,-2.6374,-6.6263,3.7493,-2.0033,-1.2705,0.3636,3.1228,-0.9567,-0.5667,-5.6976,-6.9820,-7.8957,-8.2716,-9.1714,-8.9904,-6.8679,-7.7524,-3.2801,-5.6806,-5.1972,-5.7450,1.1894,-1.8276,-3.5089,-3.9930,-2.8861,-3.3500,-3.3257,-3.8244,-5.3193,-4.2063,-4.2153,-4.2225,-4.3042,-4.3825,-4.6594,-5.4679,-5.4558,-4.7957,-4.8864,-6.3745,-5.2887,-5.2855,-5.3614,-5.4726,-5.5827,-5.8185,-6.6884,-6.6420,-6.1275,-6.2401,-7.7210,-6.6682,-6.6439,-6.7321,-6.8312,-6.9228,-7.0989,-7.8876,-7.7142,-7.3497,-7.4055,-8.6493,-7.7479,-7.6850,-7.7390,-7.8047,-7.8645,-8.0228,-8.6300,-8.4012,-8.1656,-8.1966,-9.2311,-8.4873,-8.4060,-8.4430,-8.4826
45112.6666667,-3.7981,0.9536,1.6955,4.6704,14.2536,4.3514,3.2467,-9.4553,-0.4511,0.3832,-0.8776,-1.7206,-4.5439,-6.0431,-7.2615,-8.7484,-8.1152,-8.9870,-9.1006,-11.7081,-5.6067,-14.1643,-8.1212,-10.5110,-8.4281,-1.9427,-13.9465,-14.9923,-10.6763,-15.0578,-15.0863,-15.6453,-12.3855,-8.0169,-3.4097,-6.0422,2.2902,2.1972,-7.5807,5.0815,4.3849,3.3562,-5.1436,0.9219,11.3289,-3.7126,-6.6958,-4.0730,-9.6011,-7.3240,-4.5528,-6.7897,-6.5957,-4.9227,-9.5031,-16.4265,-15.9473,-14.2311,0.1573,-3.3654,-3.9334,-4.9160,-14.4133,-14.7468,-12.6395,-11.5280,-7.9122,-4.7851,-16.2969,-10.6803,-3.4308,-3.9053,-5.5405,-8.3584,0.0933,3.8399,0.6859,-1.6048,-4.4332,7.6850,19.3664,14.3560,7.4493,4.4593,1.5514,1.4220,5.1043,1.5778,4.2520,0.6200,2.7312,5.5294,5.1567,0.1468,-6.2725,-3.3946,-2.8307,4.6631,-1.2960,-2.5928,-3.7712,-3.3441,-4.9978,-6.5388,-3.6993,-3.8046,-5.6990,-7.0172,-11.8076,-11.4828,-13.6005,-12.1949,-12.5637,-9.8740,-8.8559,-5.3706,-8.4375,-5.5923,-12.1155,-10.5027,-8.2578,-6.8216,-8.9786,-7.0407,-7.2042,-6.0262,-6.9927,-2.9198,-6.0404,-7.3471,-7.9089,-9.5455,-11.5944,-11.8559,-3.1744,-7.3633,-8.5750,-6.4001,-6.4667,-7.8532,-9.3109,-9.4619,-9.6024,-6.6399,-4.9999,-6.9650,-8.8278,-0.5297,-9.4933,-8.9812,-7.6845,-8.2458,-7.6453,-9.3649,-6.4528,-0.2328,0.9558,1.0919,0.4162,-3.9278,6.1790,-0.7065,1.3703,3.4869,6.9941,1.5317,2.8323,-4.0608,-5.1597,-6.1362,-5.8651,-6.6061,-7.4476,-6.3318,-8.7210,-2.8169,-4.5945,-4.0837,-4.3242,2.7971,0.1830,-1.1926,-1.4904,-0.1257,-0.4170,-0.4434,-0.8642,-2.0144,-1.1221,-1.1273,-1.1464,-1.2460,-1.3446,-1.6265,-2.3500,-2.3417,-1.7770,-1.8759,-3.0881,-2.2445,-2.2428,-2.3115,-2.4070,-2.4932,-2.6880,-3.4230,-3.3500,-2.8567,-2.9351,-4.1186,-3.2741,-3.2412,-3.3218,-3.4164,-3.5061,-3.6744,-4.3755,-4.2466,-3.9182,-3.9889,-5.0508,-4.3410,-4.3130,-4.3995,-4.4967,-4.5856,-4.7627,-5.3206,-5.1572,-4.9549,-5.0063,-5.9200,-5.3073,-5.2530,-5.3099,-5.3577
45112.7083333,-2.6361,1.7668,4.3321,7.9932,17.6888,9.9877,10.4643,-2.1909,7.4099,8.2231,6.0529,6.6715,3.6591,2.5103,1.3787,-0.2582,-0.1015,-1.4046,-1.7580,-4.9039,-0.5903,-7.3683,-2.1915,-4.1459,-3.9201,3.6283,-7.4279,-8.4038,-5.6339,-9.4694,-11.2803,-13.2132,-12.1126,-8.2492,-4.3412,-6.5551,2.2601,3.0025,-6.0868,6.8628,7.0980,6.8475,0.4316,6.1641,17.6348,3.3468,1.0297,3.6916,-1.5060,1.2503,3.3145,1.0741,1.0743,2.6262,-1.5562,-10.3167,-10.4850,-9.2965,4.7783,1.7987,1.2028,0.2092,-9.2637,-10.3059,-7.1739,-8.0871,-5.3902,-3.6933,-15.6528,-10.5992,-4.1973,-3.1766,-5.5316,-7.5758,0.5459,4.2878,1.8213,-0.3593,-1.6554,11.3699,23.1080,18.8344,11.9884,8.8398,7.8312,7.5926,12.3461,9.4405,12.6884,8.5525,10.4169,15.2763,15.4296,10.6401,3.4792,6.6912,7.4520,14.1768,8.8699,7.3414,6.2318,7.1010,2.8139,1.8667,4.4284,4.7645,2.7102,1.0688,-3.9100,-4.9325,-7.0485,-6.6379,-7.4105,-5.1329,-5.1382,-1.5164,-4.1928,-1.6452,-8.0005,-7.1090,-4.4649,-3.8969,-6.4949,-4.7814,-6.0433,-4.0574,-4.1707,0.3865,-2.0061,-3.0323,-3.7682,-4.5937,-7.0137,-7.8278,-0.2026,-4.2249,-5.1367,-3.3061,-2.9920,-4.2808,-6.1523,-5.6395,-5.5343,-2.8173,-1.6517,-3.4217,-5.2631,1.8617,-6.6042,-6.1351,-5.9313,-6.8895,-6.3769,-8.2796,-3.9655,-0.1520,2.0468,1.9176,2.4317,-0.7160,9.4669,3.6734,5.5884,8.1558,11.4774,4.7415,7.7508,0.8643,-0.0280,-0.9871,-1.1592,-1.7542,-2.7214,-1.9297,-4.0100,1.3342,-0.3076,-0.0319,-0.3549,6.3219,3.8680,2.4480,2.1891,3.6817,3.0797,3.6529,3.4234,2.6036,3.5206,3.7043,3.8786,3.9724,4.0642,3.9639,3.4510,3.6268,4.3161,4.3641,3.4366,4.2414,4.3402,4.3519,4.3209,4.2848,4.1255,3.4498,3.5280,4.0193,3.9569,2.9332,3.6430,3.6871,3.6168,3.5328,3.4544,3.2966,2.6386,2.7510,3.0964,3.0481,2.1109,2.7395,2.7902,2.7238,2.6441,2.5698,2.4024,1.8784,2.0162,2.2261,2.1783,1.3268,1.8731,1.9260,1.8661,1.8177
45112.7500000,-3.8016,-0.3356,2.8986,5.0164,14.4624,7.7928,9.2620,-1.6916,7.4855,8.5484,6.7425,8.4315,5.4965,6.0973,5.9939,5.1342,6.1516,5.4895,4.6059,1.9514,5.5407,-0.1508,3.7652,2.9279,1.8942,9.4638,-1.1569,-2.4280,-0.6822,-4.0793,-6.5994,-8.7000,-8.4925,-5.1869,-2.3926,-4.5894,2.7854,4.0904,-4.2363,7.5889,7.6996,7.3152,1.9625,6.8833,19.1020,6.2877,4.5948,7.3867,2.6421,5.5941,7.8177,6.5089,6.9114,8.4244,3.3096,-3.5127,-3.5758,-2.8296,9.6080,6.9569,6.2843,5.1789,-3.5285,-4.7107,-1.5604,-3.0933,-0.3616,-0.0595,-12.0690,-8.7227,-3.9764,-3.1883,-6.2135,-7.1875,0.1198,3.5618,1.9935,-0.2627,-1.1121,11.2995,22.0746,17.9261,10.7058,7.2385,7.5788,7.1080,12.7212,10.1103,13.8954,8.8374,11.6673,18.0497,18.8495,14.8852,6.7626,10.9037,12.7562,18.2040,13.9663,12.2685,11.5045,14.6808,8.6229,7.9906,10.2397,11.6722,9.2057,7.8842,3.0253,2.5788,0.1068,0.1353,-0.6475,0.8213,0.4412,3.4124,1.0560,3.1581,-3.0363,-2.7469,-0.8250,-0.0056,-2.8433,-1.4601,-3.3017,-1.5464,-1.3494,2.7335,0.2886,-1.0142,-1.5616,-1.8359,-3.5801,-4.4649,2.2054,-1.4767,-2.0937,-0.5008,-0.2873,-1.3404,-3.1652,-2.9518,-2.6998,-0.2971,0.7844,-1.2049,-2.4452,3.8755,-3.7709,-3.4011,-3.4539,-4.0576,-3.8360,-6.1880,-1.6974,0.2910,1.8034,1.5162,1.7915,-0.0489,9.7428,3.6984,5.1836,8.6812,11.6004,4.4071,9.0020,2.6797,2.9126,2.5417,1.7865,1.7805,1.4740,2.0192,0.7511,5.2515,3.4646,3.5575,3.0372,9.6125,6.8316,4.9272,4.6331,6.3327,4.9262,6.1616,5.8984,5.1718,5.9153,6.0676,6.2226,6.3119,6.4095,6.3333,5.8976,6.1032,6.7900,6.9067,6.1994,6.9625,7.1571,7.2778,7.3641,7.4492,7.4178,6.9172,7.0984,7.6677,7.7262,6.9547,7.6450,7.7858,7.8115,7.8156,7.8158,7.7301,7.1803,7.3118,7.6749,7.6648,6.8681,7.4236,7.4927,7.4486,7.3890,7.3318,7.1831,6.7114,6.8285,7.0345,6.9981,6.2392,6.7222,6.7816,6.7335,6.6899
45112.7916667,-1.0232,1.3494,4.3988,5.4689,14.1269,7.7895,9.5404,-0.5023,6.8474,7.3489,5.7743,7.2641,3.7554,5.8623,6.7410,6.4789,8.4131,8.0212,6.6811,5.1083,9.0142,3.9145,6.3328,7.2476,6.1695,14.5551,4.3151,2.9027,4.6087,1.1894,-1.5312,-4.0043,-4.5840,-1.8993,0.1355,-1.9796,3.9141,5.7281,-1.8192,9.1495,9.3791,9.2128,4.8577,9.0923,21.0854,8.8183,6.7334,9.2571,4.2393,6.6647,9.0841,8.6153,9.6701,11.2545,5.2276,0.8837,0.6887,1.3389,12.8364,10.5314,10.0049,9.1152,2.0665,0.6714,3.3852,1.5084,4.1849,3.7894,-7.3200,-5.0923,-1.5248,-0.8005,-4.2536,-5.2807,0.3483,2.7837,1.2214,-0.3127,-0.4721,10.7923,21.4419,17.8388,11.2068,7.8144,8.7060,8.4745,14.3229,11.7438,15.4558,9.4157,12.8242,19.2307,20.0647,15.9009,7.1234,10.5614,12.9250,17.0055,14.0503,12.2433,11.5759,16.6497,10.7126,10.6064,13.3345,15.5162,12.8422,12.5220,7.8301,8.8699,5.3521,4.9335,4.5384,5.0969,4.9443,6.4330,5.3386,7.7371,2.6066,2.6083,3.0553,4.1352,1.7041,2.9421,0.9842,1.8753,2.1839,5.7234,3.4027,1.6098,1.0820,0.4836,-1.0496,-1.9456,3.7804,0.9077,0.5999,2.0673,1.9712,1.1296,-0.6253,-0.7259,-0.7379,1.1637,2.3663,0.2556,-0.6616,4.4546,-1.5041,-1.3029,-1.6112,-2.1490,-1.8068,-4.0592,-0.2515,1.1642,2.2921,1.9246,2.0615,0.9569,9.8881,4.1833,5.2539,8.8297,11.1603,4.5145,9.0268,3.3255,3.6458,3.5128,2.1695,2.7760,3.4532,4.2952,3.5263,7.4759,5.8948,6.1421,5.6470,12.4350,9.5230,7.2831,7.1304,9.2200,7.1431,9.1483,8.9296,8.3333,8.9107,9.0017,9.0836,9.0998,9.1176,8.9812,8.5425,8.6539,9.1784,9.2230,8.6003,9.1785,9.3117,9.3886,9.4437,9.5061,9.4752,9.0542,9.2203,9.7300,9.8096,9.2157,9.8177,9.9881,10.0640,10.1262,10.1895,10.1818,9.7830,9.9603,10.3479,10.4133,9.8238,10.3495,10.4790,10.5073,10.5186,10.5280,10.4533,10.1016,10.2395,10.4588,10.4629,9.8532,10.2798,10.3531,10.3292,10.3060
45112.8333333,3.2221,5.0456,7.0896,7.9048,15.9298,8.9515,10.9838,2.4720,8.4639,8.0925,7.1203,8.0554,4.5842,6.9673,7.8074,7.4367,9.3558,8.8895,6.8181,5.9817,10.1349,5.2814,6.5962,8.2286,7.5607,16.0861,6.7381,5.4219,7.8745,4.8225,3.0981,0.8806,0.0444,2.1549,3.5321,1.4609,6.1272,7.5572,0.9716,10.4229,10.5150,10.1025,6.4366,10.0305,21.9449,11.3470,9.0791,11.1720,6.4976,7.9883,10.3717,10.4641,11.5228,12.6848,6.1829,4.2908,4.0000,4.4524,14.5315,11.9470,11.4827,10.4919,5.2191,4.1726,6.2034,4.9446,7.7064,7.4260,-2.1585,-0.9105,1.5696,1.9479,-1.1560,-2.0665,1.8871,3.8870,2.2969,0.8753,0.4845,10.0136,19.3075,16.1180,9.5904,6.3168,7.6447,7.2993,13.2440,10.8203,14.7454,8.3863,13.0935,19.0961,20.1861,16.6572,7.7791,11.0053,13.2758,15.7731,13.8753,11.9294,11.6001,17.4193,11.9144,11.8830,15.0753,17.1513,13.9913,14.4173,9.9651,12.8577,8.6823,8.2445,8.4767,8.1676,8.5675,8.8458,8.5041,10.9121,7.0346,6.9273,5.5033,7.5476,5.4478,6.6382,5.2792,5.9418,5.9910,8.8977,6.3397,4.1377,4.0370,3.5460,2.4172,1.6100,5.9840,3.3024,2.9341,4.1973,3.6598,3.0684,1.7562,1.7807,1.6107,2.8409,3.9783,1.9083,1.3210,5.3117,0.5707,0.5672,0.1583,-0.4293,-0.2590,-2.1973,0.6652,1.7596,2.7207,2.2537,2.3469,1.6080,9.3725,4.4985,5.0896,8.2136,9.8305,4.3613,8.4348,3.6917,4.3377,4.1753,2.5035,3.3622,4.4569,5.4734,4.9193,7.8043,6.2494,6.5015,5.9839,12.6891,9.6434,7.1623,7.1513,9.5480,6.9333,9.6696,9.6299,9.3134,9.9067,10.1358,10.3580,10.5233,10.6811,10.7006,10.4640,10.6517,11.1607,11.2769,10.8565,11.3495,11.4955,11.5843,11.6438,11.6977,11.6642,11.3086,11.4125,11.7949,11.8349,11.3465,11.7834,11.8989,11.9416,11.9760,12.0138,11.9955,11.6663,11.7957,12.1082,12.1694,11.7180,12.1416,12.2705,12.3233,12.3661,12.4098,12.3865,12.1429,12.2870,12.5070,12.5561,12.1173,12.4945,12.6018,12.6292,12.6459
45112.8750000,7.1715,9.2494,10.4815,11.4236,19.3194,11.4469,13.9334,6.5538,11.5160,10.1863,9.8912,10.2769,6.6966,9.3527,10.2302,9.6532,11.4108,10.7734,7.9320,7.4477,11.6924,6.8712,7.1326,9.1183,8.5569,16.8503,8.1112,6.5819,9.5147,6.4506,5.8475,4.1162,3.6316,5.4730,6.7840,4.9404,8.9395,10.2073,4.2653,12.4512,12.5859,11.7349,8.6072,11.5687,23.1214,13.7811,11.0097,12.6658,8.1786,8.8564,11.2471,11.9918,13.1410,14.0441,7.1198,7.6576,7.2030,7.4770,16.2918,13.3748,12.8973,11.7274,7.9591,7.1437,8.2762,7.4747,10.0963,9.9676,1.8930,2.7577,4.7800,5.1920,2.4435,1.3330,3.8577,6.0131,4.5382,3.4420,3.0122,11.1919,19.2113,16.4667,10.0156,6.8805,8.5948,7.9782,13.6100,11.1731,14.8000,8.1321,13.4335,18.7847,19.7330,16.6757,7.6144,10.5304,12.5803,13.8377,12.8508,10.9365,10.9722,17.3997,12.3942,12.5351,16.2780,18.3136,14.7839,15.8371,11.2612,15.5583,10.2424,9.6004,10.4036,9.3633,10.4062,9.7988,10.1650,12.9043,10.2841,10.3030,7.0860,10.3529,8.4983,9.8851,9.5807,10.1784,9.8238,12.3254,9.2569,6.3789,6.7922,6.4645,5.7880,5.2657,8.9586,6.4418,5.9041,6.9155,5.6697,5.2132,4.1306,4.2724,3.7949,4.3996,5.5970,3.3954,3.1604,6.6202,2.8827,2.7189,2.3808,1.6928,1.6261,-0.0051,1.8611,2.7465,3.6879,3.1254,3.1298,2.6476,9.4462,5.3891,5.5952,8.2940,9.3404,4.9249,8.5441,4.5111,5.3026,4.9080,2.8897,3.7778,5.1581,6.3085,5.9087,7.8256,6.3200,6.5139,5.9457,12.4022,9.2770,6.7100,6.7824,9.2954,6.4010,9.4463,9.4855,9.3538,9.8664,10.1272,10.3843,10.6012,10.8125,10.9211,10.8415,11.0676,11.5345,11.7265,11.5346,11.9930,12.2146,12.3975,12.5591,12.7142,12.7998,12.6442,12.8110,13.1796,13.2994,13.0316,13.4133,13.5673,13.6625,13.7437,13.8184,13.8416,13.6286,13.7350,13.9740,14.0295,13.7105,14.0112,14.1076,14.1493,14.1828,14.2159,14.1981,14.0188,14.1166,14.2764,14.3161,14.0044,14.2778,14.3684,14.4048,14.4321
45112.9166667,9.8513,12.5479,12.9839,14.1124,22.0810,13.0236,16.0914,9.6857,14.0511,11.7439,12.2042,12.2238,8.4740,11.8663,13.0313,12.3697,14.1036,13.2831,9.6403,9.5312,13.9632,8.9958,8.3786,10.6891,10.1244,18.0762,9.6403,7.8274,11.0855,7.7755,8.0355,6.5571,6.2798,7.6442,8.8814,7.1346,10.6765,11.9641,6.5086,13.8709,14.1559,12.8936,10.2563,12.7669,24.0875,15.9609,12.6475,13.8980,9.4940,9.5148,11.8843,13.0952,14.2139,14.7963,7.4204,10.2792,9.7160,9.8634,17.6340,14.3410,13.8377,12.5137,10.1382,9.6809,10.0481,9.7482,12.2763,12.1680,4.8719,5.4803,7.2845,7.9165,5.4973,4.2014,5.5092,8.1958,6.8167,6.1037,5.5989,12.6078,19.3583,16.9140,10.4303,7.3358,9.4741,8.6703,14.1801,11.7991,15.2582,8.3582,14.1943,18.9659,19.7518,17.1143,7.9068,10.5617,12.3402,12.5954,12.1470,10.2036,10.3634,16.9639,12.3163,12.4656,16.5164,18.4230,14.5426,16.1726,11.5955,17.3089,10.9642,10.1927,11.4172,9.7681,11.2701,9.9705,10.7775,13.7213,11.9996,12.0723,7.3291,11.6558,9.9834,11.7424,12.7192,13.5334,12.8658,15.1491,11.4645,7.8229,8.8456,8.7823,8.6216,8.5054,11.9808,9.5726,8.9098,9.8419,7.7503,7.4756,6.6188,6.9920,6.0958,6.1482,7.4879,4.8871,4.9511,8.1985,5.1054,4.6972,4.4870,3.7182,3.5624,2.4261,3.2452,4.0335,5.0140,4.2510,4.0308,3.7149,9.8232,6.3393,6.1452,8.4589,9.0108,5.3548,8.6641,5.1731,6.2318,5.6782,3.3649,4.2564,5.8715,7.0613,6.6760,7.7348,6.2195,6.3057,5.6587,11.7560,8.5538,5.9693,6.0572,8.5373,5.5449,8.6072,8.6476,8.6130,9.0158,9.2545,9.4949,9.7122,9.9290,10.0797,10.1057,10.3388,10.7360,10.9506,10.9077,11.3025,11.5396,11.7514,11.9496,12.1440,12.2921,12.2780,12.4804,12.8193,12.9920,12.9039,13.2521,13.4482,13.6050,13.7520,13.8941,14.0005,13.9464,14.1044,14.3495,14.4689,14.3327,14.6085,14.7436,14.8376,14.9213,14.9997,15.0389,14.9641,15.0702,15.2132,15.2713,15.0886,15.2942,15.3741,15.4138,15.4424
45112.9583333,11.9059,15.4075,15.1149,16.4776,24.7334,14.3828,17.9987,12.2078,16.1181,12.8423,13.9080,13.5488,9.4399,13.5257,15.0612,14.3918,16.3396,15.4874,11.0726,11.4240,16.3660,11.1047,9.7686,12.5321,11.9928,19.8690,11.5152,9.3555,13.0136,9.2873,10.3190,8.9597,8.7786,9.5463,10.6297,8.7632,11.8700,13.0726,7.7695,14.5629,14.9464,13.2887,11.0100,13.1908,24.4226,17.3836,13.5463,14.5369,10.1539,9.7103,12.1286,13.7666,14.9052,15.2442,7.4728,12.3051,11.5799,11.5992,18.5603,14.8873,14.3336,12.8477,11.5681,11.4233,11.0912,11.2490,13.8400,13.8440,6.9772,7.4810,9.2923,10.2418,8.0297,6.2882,6.6259,10.0517,8.7267,8.4731,7.8788,13.9976,19.6892,17.4971,10.9367,7.8162,10.3157,9.3209,14.7669,12.3793,15.6897,8.5447,14.8230,19.1036,19.7389,17.4373,8.0561,10.5341,12.1180,11.6925,11.6170,9.6930,9.9372,16.6198,12.1028,12.2665,16.5440,18.3265,14.1542,16.1497,11.4504,18.2365,10.9076,10.0121,11.5566,9.4940,11.3318,9.5908,10.7035,13.8476,12.8263,12.9601,7.0843,12.1256,10.5198,12.5852,14.7241,15.7508,14.7393,16.9293,12.5883,8.2379,9.7757,9.9739,10.3189,10.6821,14.3354,12.0368,11.3387,12.4082,9.4330,9.3901,8.7510,9.5218,8.1685,7.7997,9.4627,6.2859,6.6638,10.0657,7.3826,6.6895,6.6313,5.6681,5.4344,4.8400,4.5801,5.4316,6.5739,5.5628,5.0913,4.8792,10.6476,7.5543,6.9932,9.0240,9.1805,6.0234,9.1002,5.9187,7.1635,6.3888,3.7176,4.5824,6.4205,7.6766,7.2969,7.6998,6.1782,6.1852,5.4853,11.2500,8.0347,5.5036,5.5818,7.9504,5.0001,7.9249,7.9335,7.9246,8.2113,8.3899,8.5717,8.7401,8.9106,9.0389,9.0855,9.2741,9.5770,9.7606,9.7739,10.0847,10.2934,10.4885,10.6775,10.8669,11.0277,11.0814,11.2828,11.5787,11.7651,11.7772,12.0841,12.2905,12.4717,12.6472,12.8200,12.9693,13.0105,13.1943,13.4374,13.5964,13.5831,13.8465,14.0157,14.1571,14.2912,14.4211,14.5237,14.5483,14.6931,14.8618,14.9720,14.9178,15.1223,15.2398,15.3253,15.3893
45113.0000000,13.0330,17.3853,16.5232,18.1714,26.8883,15.3040,19.5351,14.0852,17.7867,13.6721,15.2925,14.6496,10.1802,14.6962,16.6096,15.9235,18.1132,17.2148,12.0242,12.7789,18.3706,12.6994,10.7681,14.0680,13.5996,21.6805,13.2549,10.7911,15.0717,10.9134,12.8229,11.5757,11.5277,11.6805,12.6101,10.5125,13.2381,14.3003,8.9384,15.1024,15.5316,13.5009,11.4695,13.3733,24.4999,18.3416,13.9742,14.5374,10.1737,9.4147,11.8893,13.8957,15.0988,15.2747,7.2389,13.7459,12.8965,12.8284,19.1935,15.1935,14.6117,13.0029,12.6056,12.7425,11.7973,12.3388,15.0228,15.0137,8.3546,8.8602,10.8192,12.1571,10.0906,7.8291,7.4011,11.6330,10.3264,10.5559,9.8508,15.2700,20.0692,18.0917,11.4210,8.1700,11.0105,9.8677,15.3514,12.9574,16.1882,8.8112,15.5092,19.3931,19.9020,17.8820,8.3111,10.6702,12.0997,11.1911,11.3566,9.4539,9.7389,16.4466,11.2998,11.5284,16.0106,17.7595,13.4580,15.6377,10.9752,18.6799,10.5944,9.6224,11.3675,9.0435,11.0653,9.0548,10.3213,13.5685,13.0492,13.2180,6.6175,12.0498,10.4876,12.7997,15.9476,17.1957,15.8497,17.9964,13.0353,8.1484,10.0252,10.4051,11.1351,11.9091,15.8784,13.6355,12.9253,14.2384,10.4222,10.6354,10.2213,11.4915,9.7040,9.0379,11.1530,7.3509,8.0716,11.8926,9.4682,8.4925,8.6629,7.5324,7.2999,7.3173,5.9524,6.9706,8.3765,7.0652,6.1157,6.0051,11.7490,8.8676,7.9857,9.8448,9.6877,6.8493,9.8315,6.8264,8.2941,7.3004,4.2382,4.8053,6.8636,8.2085,7.8338,7.7324,6.2063,6.1608,5.4304,10.9146,7.7221,5.2683,5.3367,7.5862,4.7277,7.4938,7.4793,7.4838,7.6879,7.8204,7.9562,8.0838,8.2137,8.3158,8.3634,8.5072,8.7291,8.8720,8.9009,9.1309,9.2938,9.4488,9.6011,9.7550,9.8912,9.9566,10.1228,10.3549,10.5157,10.5609,10.8063,10.9869,11.1528,11.3170,11.4817,11.6325,11.7123,11.8897,12.1092,12.2741,12.3244,12.5620,12.7382,12.8969,13.0517,13.2046,13.3397,13.4227,13.5868,13.7676,13.9093,13.9402,14.1447,14.2901,14.4105,14.5028
45113.0416667,13.9638,19.0880,17.7525,19.6735,28.9003,16.2014,20.9401,15.9630,19.5562,14.7184,16.7831,15.8932,11.0474,16.0647,18.2523,17.4653,19.8234,18.8242,12.8852,13.9095,20.1761,14.0359,11.5947,15.3931,14.9768,23.4128,14.7921,11.9917,16.9799,12.3357,15.2114,14.1308,14.3604,13.9784,14.8628,12.5155,14.9986,15.9621,10.3950,16.2623,16.6691,14.2508,12.3534,13.9964,24.9467,19.3726,14.4190,14.8012,10.2964,9.2842,11.7277,13.9278,15.1205,15.1391,6.9527,14.7262,13.7476,13.6227,19.5654,15.3023,14.7161,13.0254,13.3427,13.7482,12.2922,13.1737,15.9911,16.0571,9.2618,9.7759,11.9510,13.7239,11.7649,8.9413,7.9326,12.9841,11.6883,12.4407,11.6402,16.5877,20.6638,18.8796,12.0663,8.7371,11.8806,10.5855,16.1516,13.7172,16.8958,9.2589,16.3553,19.9187,20.3184,18.5213,8.7125,10.9992,12.3198,11.0780,11.4114,9.5270,9.8334,16.5147,11.3253,11.4790,15.9501,17.5387,13.0672,15.3816,10.5975,18.8220,10.1253,9.0887,10.9625,8.5192,10.6427,8.5161,9.8688,13.1765,13.0447,13.2535,6.2443,11.8243,10.2931,12.7574,16.7262,18.1607,16.4931,18.6303,13.1329,7.8933,9.9578,10.4521,11.4581,12.5653,16.8939,14.6593,13.9250,15.4874,10.9103,11.3205,11.0753,12.8313,10.6428,9.7568,12.3458,7.9488,8.9826,13.3700,11.1162,9.8884,10.3383,9.0816,8.9378,9.6669,7.2142,8.4978,10.2851,8.6381,7.4412,7.3860,13.3517,10.6120,9.3901,11.1561,10.7285,8.0382,11.0135,8.0253,9.7026,8.4496,4.9134,5.5453,7.7124,9.0552,8.5982,8.0657,6.4933,6.3813,5.6039,10.8721,7.7083,5.3145,5.3696,7.5217,4.7468,7.3801,7.3472,7.3564,7.5016,7.5998,7.7008,7.7970,7.8950,7.9744,8.0168,8.1247,8.2868,8.3963,8.4290,8.5981,8.7233,8.8440,8.9636,9.0850,9.1950,9.2573,9.3884,9.5655,9.6956,9.7481,9.9366,10.0828,10.2202,10.3575,10.4961,10.6262,10.7089,10.8586,11.0385,11.1831,11.2511,11.4470,11.6034,11.7496,11.8946,12.0397,12.1742,12.2745,12.4308,12.6003,12.7448,12.8154,13.0041,13.1539,13.2853,13.3877
45113.0833333,14.6183,20.4495,18.6899,20.8617,30.6371,16.8416,22.0530,17.3299,20.9282,15.4326,17.9176,16.8594,11.6974,17.0811,19.6406,18.8824,21.5372,20.5114,13.9199,15.1925,22.1087,15.4667,12.5861,16.8226,16.4284,25.2601,16.3546,13.2180,18.9071,13.7421,17.5299,16.5854,17.1322,16.2553,17.1625,14.5567,16.9304,17.8729,12.0074,17.7852,18.2194,15.4552,13.6570,15.1221,25.9874,20.8935,15.3446,15.5181,10.8563,9.6408,12.0440,14.3672,15.5125,15.3668,7.0595,15.7901,14.6218,14.3992,19.9668,15.4443,14.8277,13.0548,13.9188,14.5464,12.6573,13.8239,16.8012,16.9682,9.9507,10.4600,12.8408,15.0209,13.1176,9.7504,8.2918,14.1023,12.8037,14.0691,13.1679,17.7787,21.2529,19.6405,12.6559,9.2212,12.6839,11.2752,17.0237,14.5583,17.7569,9.8334,17.3786,20.7063,21.0279,19.4315,9.3254,11.6029,12.8528,11.3487,11.7994,9.9100,10.2303,16.9337,11.6333,11.7723,16.2874,17.7852,13.2123,15.6054,10.7656,19.3545,10.1208,8.9640,10.8394,8.3085,10.4217,8.2203,9.5600,12.8354,12.9513,13.1685,5.9611,11.5469,10.0517,12.6171,17.2417,18.8586,16.9206,19.0652,13.1349,7.6937,9.8465,10.4039,11.5880,12.9358,17.5916,15.3309,14.5627,16.3512,11.1289,11.6847,11.5608,13.7319,11.1876,10.1326,13.1310,8.2216,9.4926,14.4383,12.2727,10.8142,11.5391,10.1901,10.1800,11.6564,8.1660,9.7495,11.9895,9.9944,8.5498,8.6054,15.0624,12.3992,10.8600,12.6412,11.9867,9.3367,12.4709,9.4231,11.4241,9.9261,5.8351,6.5615,8.9669,10.3707,9.8321,8.9216,7.2633,7.0859,6.2377,11.3937,8.2074,5.8009,5.8319,7.9266,5.1540,7.7124,7.6452,7.6372,7.7233,7.7800,7.8407,7.9000,7.9625,8.0140,8.0417,8.1155,8.2281,8.3069,8.3347,8.4562,8.5496,8.6411,8.7329,8.8267,8.9133,8.9679,9.0696,9.2037,9.3067,9.3575,9.5009,9.6168,9.7274,9.8385,9.9510,10.0582,10.1337,10.2550,10.3979,10.5177,10.5862,10.7419,10.8720,10.9962,11.1203,11.2454,11.3639,11.4598,11.5946,11.7394,11.8684,11.9479,12.1082,12.2432,12.3649,12.4607
45113.1250000,14.8699,21.3327,19.2181,21.6226,31.9633,17.1370,22.7816,18.2727,21.9263,15.8373,18.6823,17.4730,12.0087,17.7567,20.6224,19.8536,22.7879,21.7408,14.5447,16.0909,23.7087,16.5613,13.3214,18.0252,17.6816,26.9969,17.7436,14.3144,20.7074,15.0449,19.7215,18.8990,19.7758,18.4371,19.3986,16.5192,18.8633,19.8187,13.5724,19.4738,19.9408,16.8375,15.0892,16.4348,27.3341,22.6616,16.5313,16.5641,11.7041,10.3091,12.7093,15.1364,16.2327,15.9328,7.4513,17.0311,15.6532,15.3162,20.5615,15.7753,15.1020,13.2329,14.4986,15.2820,12.9971,14.3685,17.4645,17.6913,10.4402,10.9652,13.5428,16.0948,14.2038,10.3206,8.5163,14.9866,13.6586,15.3974,14.3781,18.7400,21.6967,20.2172,13.0365,9.4857,13.2304,11.7140,17.6694,15.1557,18.4024,10.1719,18.1753,21.3374,21.6100,20.2024,9.7598,12.0906,13.3198,11.6102,12.1636,10.2643,10.6156,17.4120,11.9355,12.0755,16.6595,18.0969,13.4367,15.9106,11.0336,20.0064,10.3336,9.1192,10.9959,8.4056,10.5049,8.2538,9.5683,12.7878,13.0584,13.2482,5.9084,11.4106,9.9030,12.4781,17.5698,19.3032,17.1124,19.2565,12.9904,7.4600,9.6505,10.2544,11.5629,13.0910,18.0298,15.7402,14.9424,16.9236,11.1852,11.8393,11.7949,14.2944,11.4530,10.2718,13.5911,8.2807,9.7104,15.1384,13.0062,11.3450,12.2983,10.8586,10.9703,13.1435,8.7217,10.5852,13.2820,10.9439,9.2757,9.4338,16.5093,13.8504,12.0143,13.8760,13.0271,10.3433,13.7473,10.5894,13.0205,11.3220,6.6406,7.5314,10.3023,11.8545,11.2586,10.0100,8.2341,8.0104,7.0808,12.2866,9.0160,6.5165,6.5316,8.6483,5.7788,8.3654,8.2645,8.2353,8.2710,8.2879,8.3087,8.3296,8.3536,8.3712,8.3735,8.4083,8.4711,8.5126,8.5205,8.5936,8.6494,8.7055,8.7633,8.8240,8.8813,8.9180,8.9882,9.0821,9.1565,9.1966,9.3009,9.3882,9.4731,9.5595,9.6479,9.7335,9.7982,9.8947,10.0070,10.1045,10.1675,10.2904,10.3969,10.5000,10.6037,10.7084,10.8091,10.8949,11.0074,11.1275,11.2374,11.3141,11.4460,11.5612,11.6668,11.7502
45113.1666667,14.6089,21.5994,19.2133,21.8312,32.7258,16.9979,23.0230,18.7162,22.4662,15.8821,19.0365,17.7161,12.0183,17.9527,21.1276,20.3877,23.6185,22.5689,14.8362,16.6111,24.8970,17.2435,13.6929,18.8190,18.5178,28.3591,18.7096,15.0121,22.1209,15.9822,21.5611,20.8742,22.1246,20.3554,21.4060,18.2519,20.6299,21.6361,14.9750,21.0281,21.5681,18.1648,16.4527,17.7490,28.8117,24.5444,17.8689,17.8249,12.7507,11.1975,13.6548,16.1989,17.2669,16.8350,8.0878,18.4928,16.8952,16.4398,21.4367,16.3833,15.6385,13.6631,15.2291,16.1220,13.4719,14.9876,18.1588,18.3834,10.8068,11.3326,14.0830,16.9690,15.0629,10.7124,8.6477,15.6786,14.3082,16.4755,15.3333,19.5147,22.0295,20.6536,13.2760,9.6159,13.5923,11.9785,18.1322,15.5581,18.8584,10.3342,18.7487,21.7814,22.0083,20.7546,9.9690,12.3610,13.5852,11.7148,12.3472,10.4308,10.8110,17.7257,12.1185,12.2624,16.9242,18.3215,13.5834,16.1387,11.2289,20.5904,10.5354,9.2983,11.1947,8.5565,10.6638,8.3750,9.6853,12.8756,13.2664,13.4412,5.9995,11.4531,9.9348,12.5020,17.9399,19.7307,17.2768,19.3843,12.8324,7.2635,9.4331,10.0411,11.4091,13.0501,18.2028,15.8782,15.0561,17.2015,11.0718,11.8027,11.8242,14.5837,11.5194,10.2581,13.8174,8.2282,9.7584,15.5678,13.4437,11.6200,12.7504,11.2254,11.4259,14.1881,8.9880,11.0787,14.1871,11.5393,9.6965,9.9327,17.6404,14.9342,12.8420,14.8125,13.7980,11.0387,14.7457,11.4412,14.3220,12.4380,7.1751,8.2556,11.4569,13.2298,12.6066,11.0573,9.1473,8.9005,7.8897,13.2982,9.8901,7.2367,7.2500,9.4672,6.4218,9.1354,9.0116,8.9704,8.9731,8.9632,8.9560,8.9491,8.9446,8.9357,8.9166,8.9199,8.9431,8.9525,8.9395,8.9714,8.9926,9.0149,9.0392,9.0664,9.0920,9.1044,9.1407,9.1943,9.2360,9.2553,9.3194,9.3735,9.4272,9.4832,9.5418,9.5997,9.6445,9.7122,9.7921,9.8633,9.9121,10.0029,10.0840,10.1639,10.2454,10.3287,10.4101,10.4822,10.5734,10.6708,10.7622,10.8315,10.9391,11.0360,11.1260,11.1973
45113.2083333,13.9850,21.3396,18.7408,21.5150,32.8809,16.4225,22.7260,18.6509,22.4888,15.5188,18.9099,17.5120,11.6742,17.7380,21.1562,20.4391,23.9304,22.8878,14.7253,16.6976,25.5915,17.4872,13.7075,19.1981,18.9430,29.3061,19.2556,15.3289,23.1019,16.5167,22.9419,22.3818,24.0215,21.8496,23.0131,19.5850,22.0399,23.1188,16.0151,22.2232,22.8288,19.1258,17.4223,18.7015,30.0333,26.1870,19.0186,18.8526,13.6074,11.9260,14.4885,17.2112,18.3135,17.7976,8.7213,20.0179,18.2441,17.6953,22.5305,17.2297,16.4257,14.3527,16.1639,17.1461,14.1669,15.7923,19.0170,19.2084,11.1917,11.6726,14.5480,17.7078,15.7517,10.9758,8.7126,16.1975,14.7710,17.3105,16.0380,20.0781,22.2064,20.9060,13.3442,9.5931,13.7473,12.0526,18.3812,15.7461,19.0996,10.3239,19.0836,22.0113,22.1965,21.0717,9.9839,12.4295,13.6536,11.6592,12.3476,10.4160,10.8179,17.8404,12.0667,12.2232,16.9608,18.3369,13.5433,16.1744,11.2551,20.9867,10.6100,9.3726,11.2955,8.6178,10.7428,8.4231,9.7416,12.9207,13.4055,13.5766,6.0523,11.5016,9.9839,12.5581,18.2839,20.1334,17.4527,19.5233,12.7435,7.1709,9.3045,9.8987,11.2832,12.9796,18.2692,15.8843,15.0156,17.2647,10.8365,11.6023,11.6598,14.5996,11.3700,10.0592,13.7796,8.0235,9.6134,15.6990,13.5743,11.6309,12.9042,11.3335,11.6146,14.8633,9.0506,11.3059,14.7547,11.8455,9.8640,10.1642,18.4471,15.6674,13.3566,15.4413,14.2888,11.4445,15.4463,11.9927,15.3017,13.2505,7.4739,8.7218,12.3433,14.3613,13.7222,11.9018,9.8501,9.5916,8.5025,14.2038,10.6214,7.7846,7.8045,10.1674,6.9076,9.8039,9.6683,9.6251,9.6116,9.5896,9.5692,9.5488,9.5299,9.5077,9.4784,9.4642,9.4635,9.4533,9.4280,9.4331,9.4311,9.4300,9.4304,9.4329,9.4346,9.4275,9.4368,9.4585,9.4726,9.4719,9.5022,9.5263,9.5509,9.5778,9.6072,9.6369,9.6583,9.6962,9.7433,9.7854,9.8133,9.8706,9.9225,9.9747,10.0289,10.0855,10.1419,10.1929,10.2580,10.3285,10.3960,10.4496,10.5301,10.6044,10.6745,10.7304
45113.2500000,13.5544,21.0695,18.2161,21.0096,32.6353,15.5789,21.9700,18.1223,21.9697,14.7009,18.2228,16.7526,10.8905,16.9722,20.5705,19.8865,23.5733,22.5398,14.0985,16.2517,25.6185,17.1736,13.2631,19.0220,18.8021,29.5687,19.1680,15.1259,23.4754,16.5536,23.7622,23.3479,25.3890,22.8143,24.0790,20.3792,22.8948,24.0414,16.5398,22.8664,23.5061,19.4919,17.7953,19.0647,30.6670,27.2205,19.5929,19.2965,13.9158,12.1268,14.7746,17.6626,18.8009,18.2054,8.8190,21.0850,19.2180,18.6131,23.2967,17.7347,16.8788,14.7354,16.8553,18.0082,14.7851,16.5584,19.8594,20.0279,11.6431,12.0563,14.9888,18.3607,16.3356,11.1656,8.7407,16.5293,15.0099,17.8648,16.4515,20.3238,22.0498,20.7458,13.0068,9.2017,13.4848,11.7509,18.2111,15.5278,18.9165,9.9557,18.9525,21.7749,21.9115,20.9081,9.6265,12.1126,13.3193,11.2162,11.9191,9.9843,10.4046,17.4793,11.6868,11.8432,16.6007,17.9344,13.1035,15.8035,10.9494,20.9981,10.4072,9.2050,11.1452,8.4418,10.5749,8.2360,9.5592,12.7057,13.2537,13.4266,5.8933,11.3353,9.8412,12.4194,18.3880,20.2972,17.4152,19.4292,12.4791,6.9607,9.0842,9.6855,11.0853,12.8160,18.1872,15.7501,14.8366,17.1364,10.4964,11.2744,11.3638,14.3975,11.0475,9.6912,13.4692,7.6539,9.2652,15.4952,13.3587,11.3371,12.7145,11.1358,11.4796,15.1273,8.8623,11.1990,14.8793,11.7479,9.6391,9.9842,18.7212,15.8406,13.3302,15.5024,14.2301,11.3158,15.5890,12.0327,15.7636,13.6056,7.4629,8.8353,12.8310,15.0871,14.4340,12.3675,10.1797,9.9122,8.7524,14.7425,10.9581,7.9406,7.9699,10.4802,7.0193,10.0888,9.9402,9.9006,9.8778,9.8457,9.8143,9.7838,9.7561,9.7308,9.7064,9.6897,9.6731,9.6488,9.6202,9.6082,9.5874,9.5670,9.5485,9.5331,9.5210,9.5094,9.5071,9.5053,9.4976,9.4861,9.4917,9.4890,9.4869,9.4875,9.4914,9.4992,9.5076,9.5258,9.5440,9.5588,9.5704,9.5983,9.6186,9.6397,9.6637,9.6912,9.7222,9.7549,9.7959,9.8366,9.8763,9.9132,9.9650,10.0089,10.0504,10.0832
45113.2916667,11.9944,19.5598,16.6356,19.3616,31.1060,13.7254,20.0257,16.2196,20.0807,12.7310,16.1830,14.7121,8.9472,14.9218,18.6139,18.0096,21.8431,20.7635,12.2319,14.5145,24.2267,15.5138,11.6669,17.5567,17.3828,28.4423,17.6901,13.5965,22.3889,15.2433,23.1896,22.9441,25.3934,22.5441,23.9155,20.0096,22.5589,23.7265,15.8226,22.2940,22.7909,18.5222,16.6854,17.9513,29.8317,26.6349,18.6532,18.3515,12.9070,11.1117,13.8263,16.7573,17.8761,17.1812,7.5710,20.5040,18.6611,18.0009,22.6410,16.8300,15.8738,13.6482,15.9029,17.2791,13.9729,15.9574,19.5496,19.8291,11.6077,12.1579,15.1782,18.6087,16.4101,10.9147,8.4870,16.3734,14.6500,17.6666,15.9611,19.5838,21.0199,19.5470,11.5996,7.7512,11.8765,10.1493,16.6056,13.8401,17.2246,8.2899,17.2596,19.9935,20.1024,19.1533,7.9096,10.4266,11.6511,9.6421,10.2215,8.3062,8.7065,15.7207,10.1483,10.2729,14.9638,16.2257,11.4360,14.1907,9.5099,19.8481,9.2583,8.2361,10.2483,7.5841,9.6894,7.3919,8.6587,11.7596,12.2378,12.3764,4.9523,10.3646,8.8601,11.4783,17.5321,19.4946,16.4445,18.3926,11.3236,5.9324,8.0315,8.6444,10.0624,11.8039,17.2315,14.7811,13.8869,16.2366,9.4960,10.2790,10.4021,13.5295,10.1128,8.7949,12.5672,6.7563,8.3624,14.6570,12.4323,10.3319,11.7681,10.2360,10.6826,14.6224,8.1263,10.5455,14.2950,10.9548,8.7028,8.9980,18.0630,14.9729,12.2979,14.5022,13.1499,10.0853,14.5085,10.8492,14.8824,12.7279,6.4631,7.9688,12.2787,14.7759,14.1045,11.9203,9.5684,9.3146,8.0781,14.3436,10.3371,7.1621,7.1385,9.7162,6.1598,9.3193,9.1119,8.9838,8.9766,8.9030,8.8319,8.7628,8.7097,8.6506,8.6117,8.6102,8.6349,8.5861,8.4889,8.5119,8.4685,8.4197,8.3733,8.3347,8.3035,8.2481,8.2677,8.3091,8.2805,8.2020,8.2433,8.2178,8.1834,8.1524,8.1284,8.1133,8.0730,8.1062,8.1541,8.1426,8.0799,8.1393,8.1289,8.1115,8.0977,8.0910,8.0916,8.0755,8.1239,8.1786,8.1877,8.1455,8.2248,8.2363,8.2385,8.2381
45113.3333333,8.3230,15.9156,13.3494,16.1225,28.0769,11.1023,17.0811,13.2196,17.3556,10.2894,13.5016,12.0665,6.4836,11.9553,15.4243,14.8934,18.8082,17.8318,9.3871,11.6206,21.5190,12.7873,9.2154,15.1292,15.0523,26.3413,15.3744,11.2706,20.4658,13.0692,21.3691,21.2639,24.1453,21.1793,22.5435,18.5376,21.4110,22.5023,14.2632,21.1302,21.3595,17.1183,14.9767,16.2750,28.3749,25.0625,16.8240,16.5460,11.0506,9.4027,12.3363,15.2227,16.3337,15.6313,5.9334,18.9071,16.9293,16.4562,21.0297,15.2476,14.2251,11.9374,13.9144,15.3838,12.1388,14.1376,17.9376,18.2809,10.4791,11.5590,14.9637,18.5090,16.3307,10.3663,8.2090,16.2408,14.2334,17.3527,15.4229,18.9671,20.5128,19.0520,11.0229,7.0222,10.6738,8.9130,15.1427,12.2436,15.5024,6.7962,15.3472,17.9268,17.9469,16.8839,5.8894,8.2030,9.4065,7.7528,8.0359,6.2323,6.4359,13.1556,7.5347,7.7350,12.3792,13.5980,8.8746,11.5600,7.1304,17.6457,7.2052,6.3874,8.5113,6.0446,8.1075,6.0347,7.2731,10.3620,10.9290,11.0693,3.7755,9.0525,7.4323,10.0511,15.9788,18.0006,14.9785,16.9898,9.8114,4.5853,6.5507,7.0986,8.4818,10.2325,15.5840,13.1279,12.2775,14.7381,8.1599,8.8304,8.9187,12.1689,8.7892,7.5789,11.2534,5.5695,7.1151,13.4387,11.2618,9.1311,10.5488,8.9873,9.4879,13.5570,7.1298,9.7748,13.5744,10.0800,7.7965,7.7993,17.1679,13.7826,11.0664,13.2969,12.0670,8.8832,13.2173,9.4816,13.4293,11.2626,5.0422,6.4191,10.7743,13.5609,12.9369,10.8795,8.3637,8.2479,7.0198,13.5912,9.5019,6.3020,6.1273,8.6497,5.1980,8.4355,8.2033,7.8711,8.0155,7.9262,7.8322,7.7247,7.6234,7.4341,7.2093,7.1857,7.3679,7.2978,6.9888,7.1632,7.1126,7.0457,6.9752,6.9113,6.8400,6.5751,6.5796,6.7792,6.7373,6.4581,6.6516,6.6276,6.5794,6.5305,6.4873,6.4413,6.2026,6.2318,6.4199,6.4024,6.1505,6.3583,6.3528,6.3234,6.2927,6.2668,6.2331,6.0318,6.1294,6.2241,6.2211,5.9907,6.2100,6.2222,6.2106,6.1980
45113.3750000,3.6053,10.8071,8.7762,11.3044,23.0645,6.6338,11.7186,8.2580,12.6979,6.0977,8.7209,7.3058,2.2019,6.7554,10.0737,10.0615,13.9912,13.0618,5.1262,7.3018,17.2745,8.2471,5.2858,11.1952,11.3405,22.3170,11.5283,7.2980,16.7736,9.3616,18.1934,18.4003,21.4138,18.1087,19.3725,14.8440,18.1274,19.4901,11.5042,18.8481,18.4660,14.6105,11.8796,13.5408,25.6922,22.2040,13.6146,13.3226,8.0466,6.5970,9.8317,12.2102,13.1321,12.3787,2.8569,15.4745,13.7579,13.6867,17.6725,12.3704,11.2413,8.9040,10.4930,12.4824,9.7279,11.7298,15.6337,15.4764,7.6427,9.8548,13.6256,17.2018,15.2003,8.8653,7.4311,15.2852,12.7978,15.7828,13.2839,16.6046,19.1198,17.0353,8.7290,4.6859,7.5173,6.3954,12.9340,10.2434,13.5755,5.4247,13.4842,15.6118,15.0045,13.8460,3.0906,5.2471,6.3038,5.4231,4.8380,3.0291,2.8911,9.3453,3.5389,3.6510,7.9950,9.1712,4.5089,7.4296,3.5494,14.0858,4.1696,3.8395,6.1313,3.9280,5.8335,4.3419,5.0554,7.9793,8.1850,8.1470,1.3031,6.6099,4.9589,7.8472,13.4952,15.7950,12.8817,14.8062,7.4588,2.4514,4.3284,4.7746,6.0930,7.7612,12.8809,10.7364,10.1762,12.7256,6.1370,6.6722,6.8666,10.2420,6.8691,5.7016,9.1975,3.9142,5.4634,11.6092,9.0975,6.7289,8.2984,7.2315,8.0642,12.1780,6.0339,9.1503,12.5236,8.5295,6.5049,5.8823,15.7482,11.6219,8.8658,10.9953,10.2530,6.9478,10.9697,7.5243,11.1003,8.9866,3.1248,4.3359,8.5541,11.5335,10.7412,9.0468,6.1621,6.3454,5.0173,11.8976,7.5587,4.3020,3.7637,6.3349,3.2408,6.8147,6.4754,5.6752,6.2990,6.0950,5.9040,5.7048,5.5397,5.3464,4.7349,4.9260,5.6496,5.5303,4.7460,5.4097,5.2454,5.0614,4.8798,4.7274,4.6129,3.9526,4.1538,4.8198,4.7138,3.9346,4.6184,4.4854,4.3193,4.1634,4.0362,3.9506,3.2974,3.4567,3.9997,4.0048,3.3273,4.0312,3.9382,3.8058,3.6800,3.5780,3.5004,2.9285,3.4434,3.5005,3.4823,2.8269,3.5278,3.4762,3.3885,3.3124
45113.4166667,-5.1204,1.3135,0.2130,2.5991,16.9284,1.0204,4.2062,-0.0998,5.8108,0.3862,2.4162,0.8228,-3.8783,-0.1084,2.0911,1.9330,5.7882,5.0117,-1.9688,-0.6496,10.7116,1.0148,-1.4218,4.4420,6.0867,16.1495,5.3333,-0.3686,10.1332,2.4965,10.6564,11.8571,16.0442,13.5276,14.6203,9.5712,12.7483,12.5680,4.9223,14.1166,12.7523,9.0706,4.5511,6.6165,21.2802,16.0690,7.8709,6.9011,2.9938,1.5656,6.2257,8.0380,8.8329,8.2787,-0.8750,9.9185,7.4552,9.0780,12.8529,6.8829,5.5317,3.1828,2.9617,5.2322,3.7209,5.4657,11.3539,11.2308,2.4362,5.8562,11.0388,13.9047,12.9368,5.8283,5.9687,14.0333,10.7010,14.5949,9.2436,12.4508,18.2002,14.9961,6.2560,2.0869,2.0779,1.3585,7.5057,4.7175,8.9018,1.3746,8.9801,10.8170,9.5524,7.9717,-2.2640,-0.0698,1.1257,2.0985,0.1969,-1.6191,-2.1617,3.6004,-2.4732,-2.2947,1.6845,2.5318,-2.2046,-0.2374,-3.6244,7.5812,-1.7289,-1.1623,2.3363,-0.0970,0.6435,0.9417,0.9825,4.6947,4.7116,4.4473,-2.7262,2.6241,0.2023,3.2319,7.3204,10.2798,7.9412,10.6895,3.4257,-1.1474,0.7647,1.0359,2.3690,4.0398,8.8624,5.1957,5.1450,9.0032,2.7724,2.4766,2.5782,6.7493,3.6800,2.6548,5.4577,0.0628,2.1055,9.3099,6.3262,2.7228,4.9082,3.1156,4.4223,8.8334,3.1735,7.9904,11.0971,5.6713,5.1626,3.5299,14.4661,9.8787,6.9996,7.1116,7.2636,3.9263,7.1926,4.7047,7.2845,5.1930,-0.2654,0.8561,4.4054,8.2613,7.4198,6.6791,2.6479,3.9039,2.5295,10.1976,5.5844,2.2221,1.4037,2.1400,-0.2622,4.2282,3.7673,1.4607,3.5448,3.2883,3.0419,2.7751,2.5490,2.3044,0.2562,0.5640,2.7065,2.5835,0.3765,2.4817,2.3023,2.0865,1.8638,1.6710,1.5129,-0.5131,-0.2724,1.7497,1.6708,-0.4681,1.5867,1.4369,1.2312,1.0273,0.8475,0.6969,-1.2657,0.1654,0.5115,0.4325,-1.6137,0.3830,0.2717,0.1055,-0.0573,-0.1954,-0.3154,-2.0065,-0.4120,-0.3517,-0.3825,-2.2717,-0.3518,-0.4081,-0.5203,-0.6195
45113.4583333,-14.1165,-9.4785,-6.7958,-5.8105,8.2304,-6.5913,-4.5423,-10.6959,-2.7162,-6.1742,-4.4551,-5.0842,-9.2481,-6.0212,-4.5654,-5.1411,-1.7588,-2.6171,-8.3539,-8.8512,3.4252,-7.1891,-7.7994,-4.8542,-1.2155,8.9190,-1.4993,-6.7763,2.8613,-5.4674,3.2062,3.2414,8.2490,8.0367,9.4799,3.9783,7.1051,4.8395,-3.7594,7.9285,6.8955,3.6231,-3.3055,-0.8631,17.3445,9.5608,1.8393,-0.4273,-2.8313,-4.4469,1.9882,3.1329,3.9634,4.0292,-4.1844,4.9231,1.4036,5.9078,10.1915,3.6208,1.8639,-0.6863,-3.8687,-1.7150,-0.9577,-0.4831,5.2426,4.8581,-4.2829,0.7517,7.4883,8.9390,9.6722,2.2899,4.0818,13.1106,8.9905,14.3039,5.6876,9.3101,19.4151,15.0733,5.8985,1.6272,-1.9893,-1.9244,2.8161,-0.9102,6.1892,-1.2548,5.9698,7.7302,6.3965,3.6652,-5.9228,-4.1829,-3.1604,-0.0697,-3.6122,-5.4854,-6.2807,-1.6037,-8.3665,-8.0464,-4.4830,-3.8044,-8.0629,-8.1141,-11.4482,-0.2469,-8.8341,-8.1887,-3.0270,-4.7951,-5.7829,-3.1510,-3.7040,0.8129,0.6753,0.1493,-6.7342,-1.7435,-3.9761,-1.3787,-0.2128,4.7097,2.3942,5.8460,-1.2908,-5.2409,-3.4405,-3.1843,-1.1959,1.3181,6.5632,-0.0432,-1.2460,3.7799,-1.1398,-1.4201,-2.9988,2.1645,-0.5855,-1.3000,1.8266,-4.2342,-2.1040,6.3375,3.0720,-1.0523,2.0755,-1.5594,-0.7951,4.3559,-0.2579,6.4052,8.9067,2.4066,2.8478,0.3327,12.6580,7.9524,5.1003,2.9001,3.4583,0.8869,4.7366,1.5391,3.1461,1.2572,-3.8201,-2.7484,-0.3274,4.6014,3.7667,4.2322,-1.0769,1.4525,0.1282,8.6804,3.9406,0.6522,-0.1065,-1.5362,-3.2836,1.3230,1.0161,-2.7742,1.2636,1.1861,1.0614,0.8501,0.6048,0.1577,-3.4938,-3.7390,-0.7179,-0.6641,-4.3611,-0.3672,-0.3637,-0.4471,-0.5928,-0.7787,-1.1034,-4.5656,-3.3003,-1.8671,-1.8700,-5.5043,-1.7370,-1.7773,-1.9046,-2.0551,-2.2177,-2.4689,-5.6014,-3.3560,-2.9450,-2.8832,-6.2831,-2.6692,-2.6603,-2.7471,-2.8653,-3.0048,-3.2459,-5.8503,-3.8378,-3.7308,-3.7217,-6.9357,-3.6081,-3.6075,-3.6841,-3.7612
45113.5000000,-17.6197,-15.4132,-9.1142,-6.9276,6.9538,-5.8921,-5.2755,-14.5259,-5.7630,-7.5308,-9.6204,-8.9598,-12.2347,-10.0567,-8.6655,-9.0718,-5.9487,-6.7064,-10.9727,-13.5587,-1.4219,-12.8846,-10.8016,-11.2930,-5.6025,5.1164,-4.2170,-11.1099,-1.0030,-10.3643,-1.5891,-3.6139,1.6001,1.7412,5.3635,0.9322,4.9711,3.2496,-7.2223,5.6014,4.9198,2.0228,-7.7995,-6.3023,14.8630,4.9379,-2.0405,-4.6111,-7.4452,-9.4843,-1.7128,-0.7145,0.6538,1.6664,-7.0134,-0.7720,-3.1047,2.5985,10.2342,4.3404,2.9974,0.6328,-5.7216,-4.7827,-4.3329,-3.8058,3.6523,3.1660,-9.6332,-3.8956,4.1579,4.0165,4.6200,-1.1589,0.9635,12.3460,8.6659,15.8181,4.7655,8.6981,23.5911,19.0390,9.7815,5.3120,-1.4779,-1.6175,5.6106,-0.5359,8.0336,0.8081,7.6982,9.5952,8.3292,4.4610,-4.5869,-3.4833,-2.6224,2.2984,-2.3391,-4.2256,-5.3265,-1.7622,-9.0146,-8.6895,-5.6939,-5.2505,-9.0418,-10.1208,-15.2354,-6.5096,-14.7417,-13.3657,-7.5887,-8.4052,-10.5166,-7.1743,-10.1095,-4.0340,-3.5605,-3.4963,-8.9512,-4.6720,-6.4026,-4.1348,-2.3630,0.6645,-1.6603,2.5398,-4.0681,-7.0756,-5.9150,-6.9992,-6.5932,-4.5328,2.1873,-2.4414,-2.9745,1.2297,-3.1536,-3.9287,-5.2865,-0.6339,-3.1253,-3.7893,-0.8280,-6.1127,-4.7640,4.0144,-1.8283,-4.8898,-2.7546,-4.3294,-3.6477,-0.6052,-3.4711,4.4230,7.0650,2.6945,2.3005,-1.0222,11.9736,7.2109,4.4975,2.1139,3.2666,1.5132,4.2901,0.2951,0.3358,-1.6366,-5.5565,-5.3106,-4.4069,0.5958,0.1305,1.8743,-4.1334,-0.4825,-1.3431,7.9830,3.6522,0.7728,0.3140,0.2162,-0.9462,2.0024,1.4622,-3.8913,1.0375,0.9375,0.8151,0.6236,0.4236,0.0367,-2.6386,-2.8263,-0.7049,-0.8727,-6.0679,-1.2508,-1.2677,-1.3456,-1.4502,-1.5589,-1.7822,-4.2741,-3.3551,-2.2396,-2.3411,-7.2659,-2.6112,-2.5677,-2.6184,-2.6864,-2.7618,-2.9259,-5.1965,-3.6303,-3.2697,-3.3474,-7.9976,-3.6129,-3.5707,-3.6252,-3.6956,-3.7699,-3.9345,-5.7966,-4.3612,-4.2193,-4.3316,-8.5248,-4.7590,-4.6573,-4.6344,-4.6177
45113.5416667,-21.9876,-21.6422,-15.4862,-13.8183,-1.7068,-12.7608,-12.6965,-21.1386,-10.7026,-10.5480,-12.5504,-11.8714,-13.6686,-12.9886,-12.4550,-13.0420,-10.4865,-11.0696,-13.5922,-16.1320,-5.7456,-16.9612,-12.7034,-15.2478,-8.8505,0.4565,-8.3889,-13.9594,-4.5503,-13.5964,-4.6268,-7.1377,-2.2407,-0.8308,1.3987,-3.3378,0.3702,-1.1572,-11.2891,2.1560,1.2338,-1.1317,-11.6645,-9.4183,11.4303,0.2390,-5.4715,-6.7045,-10.0819,-11.5738,-3.7642,-4.0572,-3.2281,-2.1491,-10.2229,-6.3365,-7.4853,-2.0069,7.6534,1.4582,0.0714,-2.0010,-9.3444,-7.7966,-6.1534,-4.9404,1.0976,0.1429,-13.0498,-7.1410,0.6276,-0.2966,-2.4543,-7.2720,-3.9345,7.3011,3.8916,11.4450,0.8901,4.5827,22.8360,17.3404,7.5918,2.9632,-5.0127,-3.5099,4.0590,-3.0919,5.7690,-1.1359,6.0780,8.4340,7.7850,3.9122,-4.1131,-2.4529,-1.2845,4.6813,-0.7786,-2.5969,-3.6340,-0.6924,-8.1892,-8.1350,-6.0119,-6.0619,-9.4781,-11.1147,-16.3298,-9.6725,-16.0747,-14.4048,-9.5441,-8.8016,-11.2114,-8.5511,-13.2392,-7.1630,-7.9524,-7.0168,-11.2185,-8.4345,-10.2072,-8.4659,-6.8761,-3.4170,-5.2919,-0.7636,-6.6304,-8.4721,-7.6137,-7.7711,-8.6465,-7.2482,-0.0436,-5.6290,-6.1585,-1.9273,-5.6135,-6.6138,-7.6891,-3.4762,-5.4948,-5.6954,-2.9716,-7.3555,-6.3946,2.0174,-5.4238,-7.3363,-5.0762,-7.7779,-7.0635,-5.1047,-5.9648,2.1075,3.7299,0.4975,-0.7359,-4.5031,8.6110,3.6349,1.0878,-0.1343,1.8136,-0.9354,1.2934,-2.7631,-3.0048,-4.1229,-6.5240,-6.3863,-5.9615,-2.1097,-2.9480,-0.6483,-6.5752,-3.5011,-4.2926,4.9272,0.5776,-2.1293,-2.5586,-2.0001,-3.0211,-0.9929,-1.4928,-6.4516,-1.8982,-1.7695,-1.6261,-1.5368,-1.4465,-1.5668,-3.3998,-3.3431,-1.5766,-1.6575,-6.5156,-2.1847,-2.1299,-2.1426,-2.1851,-2.2332,-2.4166,-4.3307,-3.7024,-2.8056,-2.9843,-7.7185,-3.6463,-3.6200,-3.6776,-3.7335,-3.7800,-3.9150,-5.6531,-4.5569,-4.1811,-4.2931,-8.2059,-4.8428,-4.8029,-4.8606,-4.9245,-4.9811,-5.1295,-6.5419,-5.5121,-5.2996,-5.3584,-8.4612,-5.7633,-5.6842,-5.7106,-5.7462
45113.5833333,-23.7561,-21.8400,-17.0117,-14.8737,-3.8435,-13.2978,-15.1222,-26.2071,-15.1341,-13.4619,-15.9790,-16.2776,-17.6081,-17.5072,-17.7145,-18.4039,-16.1477,-16.3499,-17.1815,-19.9067,-10.0973,-22.1282,-15.3749,-21.5568,-13.5907,-4.0716,-14.9245,-18.5661,-8.1434,-17.5769,-10.7755,-12.6981,-7.1698,-0.8500,1.6253,-2.8821,0.2755,-2.6281,-14.8278,-0.3298,-1.4634,-3.6589,-16.2187,-10.2610,8.6500,-5.5723,-10.3805,-9.7561,-14.0995,-15.7750,-7.6969,-8.2278,-6.9857,-5.0978,-13.0963,-12.9024,-13.4518,-8.3176,5.0775,-0.9432,-2.1723,-4.1099,-13.8271,-13.0343,-10.9901,-5.8893,-1.3443,-2.9198,-17.5808,-10.5292,-1.8339,-1.1315,-2.5733,-11.3365,-6.4975,2.8848,-1.1465,3.0475,-6.1829,-1.5746,20.1767,14.3188,4.5301,0.1215,-10.0647,-5.9376,1.3909,-4.7575,3.0721,-3.7446,3.1325,5.5088,4.8452,0.0229,-7.7186,-6.1693,-4.8397,2.8125,-3.4928,-5.2464,-6.1252,-3.0809,-10.2001,-9.6240,-7.2883,-7.1699,-10.0990,-11.6768,-17.3084,-12.9273,-19.2075,-16.4931,-13.5441,-9.3505,-10.4119,-7.8682,-14.8507,-8.2019,-11.9843,-7.5276,-10.6445,-8.9026,-10.9761,-10.3924,-12.8481,-8.1137,-9.4688,-4.1889,-9.4147,-10.1639,-11.7099,-10.4506,-12.5315,-11.5460,-1.9706,-7.9076,-11.1039,-4.9135,-7.2668,-8.2113,-9.0389,-4.6068,-5.7092,-6.1381,-4.4073,-8.9022,-8.2336,0.7029,-9.4298,-10.6468,-7.4093,-10.9592,-10.1231,-9.8917,-8.7296,0.5260,1.6356,-0.1279,-1.6631,-6.3915,7.0610,2.1465,-0.1964,-0.4817,2.5670,-1.1283,-0.2497,-5.0344,-7.1844,-8.3556,-9.6861,-9.8853,-9.4834,-5.9451,-6.5186,-2.8689,-7.4062,-5.3183,-5.9941,3.3706,-0.8469,-3.2920,-3.7363,-2.7370,-3.4848,-2.5979,-3.2321,-6.9063,-3.8045,-3.8391,-3.8715,-3.9619,-4.0442,-4.3033,-5.7950,-5.8098,-4.5104,-4.5854,-8.0694,-4.9758,-4.8825,-4.8464,-4.8320,-4.8133,-4.9079,-6.2863,-5.7534,-4.9268,-4.9599,-8.2760,-5.3088,-5.2046,-5.2048,-5.2245,-5.2504,-5.3663,-6.6903,-5.9210,-5.5671,-5.6419,-8.4809,-6.0762,-6.0268,-6.0772,-6.1392,-6.1988,-6.3483,-7.4379,-6.7305,-6.5448,-6.6095,-8.9174,-6.9905,-6.9310,-6.9695,-7.0092
45113.6250000,-20.2792,-19.7791,-15.8369,-13.1592,-2.6920,-10.5708,-13.3316,-25.9207,-14.1052,-10.9837,-13.6495,-14.4713,-15.3308,-15.6586,-16.9396,-18.3548,-17.3472,-18.0033,-17.6670,-21.1878,-12.4526,-24.7038,-16.1974,-21.6874,-15.6901,-7.3724,-20.2560,-22.2122,-11.7654,-19.6446,-16.0761,-17.6894,-12.5110,-5.5294,1.7605,-2.2061,5.2437,3.0693,-10.1955,4.8708,3.4383,1.0594,-12.6658,-5.4228,11.3266,-6.1669,-10.5092,-8.8505,-14.2109,-12.4101,-7.2980,-9.3429,-8.6901,-6.5228,-13.9790,-17.7209,-17.8375,-13.3680,3.4955,-1.9948,-2.8582,-4.4514,-15.8366,-15.5708,-12.9689,-8.8420,-1.5491,-1.4098,-19.3487,-12.5296,-3.3921,-2.2202,-3.0563,-9.4106,-1.3239,5.3929,0.5083,1.4288,-6.7162,3.6309,23.0844,16.4796,6.3745,1.9277,-5.7887,-3.9877,2.1624,-3.6575,2.9593,-3.6037,2.9357,5.7196,5.5907,0.6885,-7.5718,-4.2840,-2.9766,5.7068,-1.2444,-3.1382,-4.2515,-1.8142,-8.2232,-7.7220,-5.2430,-5.5717,-8.5327,-10.3699,-16.4593,-14.1896,-18.7788,-17.0704,-16.0262,-12.1267,-10.3922,-7.9002,-13.5527,-8.3387,-14.5187,-11.0134,-10.5033,-8.6337,-9.7088,-9.4129,-11.0456,-9.0047,-10.6600,-5.2245,-9.9069,-11.1714,-11.1168,-12.5730,-14.5559,-14.0329,-2.7810,-8.8690,-11.5504,-6.8654,-8.5716,-9.9168,-10.3426,-8.2178,-8.2222,-5.9007,-3.4209,-7.1001,-7.9287,2.8708,-8.6568,-9.0303,-5.6486,-9.2249,-9.4827,-11.8539,-9.4588,0.1051,0.6649,0.0332,-1.4658,-6.6386,7.2881,0.6738,1.1729,1.8562,5.8644,1.7172,2.1805,-4.1403,-6.3800,-7.9244,-8.6343,-9.5883,-10.1304,-7.1735,-8.3407,-2.6482,-6.3227,-5.0325,-5.6719,3.5629,-0.4122,-2.5804,-2.9986,-1.6815,-2.2321,-1.9141,-2.4947,-5.1469,-2.8638,-2.8372,-2.8140,-2.8569,-2.9013,-3.1251,-4.2889,-4.2910,-3.2866,-3.3766,-5.9806,-3.8000,-3.7771,-3.8176,-3.8838,-3.9463,-4.1144,-5.2699,-4.9433,-4.3052,-4.3766,-6.8547,-4.7374,-4.6591,-4.6717,-4.6913,-4.7043,-4.7908,-5.8060,-5.2220,-4.8430,-4.8521,-6.9206,-5.1199,-5.0190,-5.0183,-5.0316,-5.0451,-5.1475,-5.9708,-5.4360,-5.2255,-5.2556,-6.9899,-5.5556,-5.4862,-5.5150,-5.5442
45113.6666667,-16.8060,-15.7851,-11.3596,-8.5111,1.2962,-5.6892,-9.0573,-23.1974,-11.0264,-6.9310,-9.5156,-9.2920,-10.0761,-11.0216,-12.8315,-14.4630,-14.0709,-14.8604,-13.6692,-17.7086,-9.9289,-21.0388,-12.3685,-17.7396,-13.1431,-5.3042,-19.4402,-21.0440,-14.3964,-20.6768,-19.7620,-21.2093,-16.2616,-9.8034,-2.8483,-6.4027,3.9269,3.3570,-9.5256,7.5823,7.3474,5.6997,-6.8835,0.6605,17.0346,-1.5970,-5.3273,-3.0975,-9.2960,-7.6556,-2.9075,-5.3881,-5.0031,-2.7757,-9.8718,-17.3760,-17.5805,-13.9057,4.3814,-0.9180,-1.7709,-3.2795,-15.9378,-16.3575,-13.7004,-11.7596,-5.9114,-2.5407,-19.1131,-12.3052,-2.9411,-4.4400,-6.0399,-9.7743,0.0585,6.1877,1.9227,0.9680,-5.3304,8.9257,26.9274,20.4262,10.3347,5.9793,1.0557,1.6982,7.8760,2.7141,8.7709,2.2590,8.0324,12.4199,12.0276,6.2205,-4.0428,0.2937,1.3568,10.1832,3.0054,0.8933,-0.2776,2.1217,-3.4618,-4.8940,-1.0260,-1.0437,-3.6670,-5.1683,-11.4416,-10.6065,-14.0627,-12.1629,-12.5172,-9.1718,-8.5023,-4.0536,-9.0289,-5.2020,-13.1825,-10.9188,-8.6252,-7.3625,-9.9132,-7.9210,-8.8594,-6.5438,-8.1096,-2.6765,-6.9716,-8.6531,-9.1593,-11.0500,-13.8080,-14.0032,-2.3510,-8.2864,-10.2261,-6.5796,-7.1748,-8.5749,-9.9511,-9.2885,-9.6785,-6.2853,-3.7026,-6.8104,-8.6380,2.7399,-9.3654,-9.0742,-6.6579,-7.6743,-7.2623,-9.8974,-6.5879,1.5984,3.3786,2.8688,1.9062,-3.5478,9.7737,1.5954,3.4392,4.9291,9.5324,3.4283,5.5882,-2.6251,-3.8182,-5.1592,-5.1939,-6.1428,-7.3597,-5.6065,-8.4740,-1.5127,-4.3817,-3.3754,-3.7829,5.4298,1.7200,-0.2879,-0.5979,1.0672,0.3945,0.6947,0.1732,-1.7925,-0.0884,-0.0497,-0.0191,-0.0561,-0.0934,-0.3016,-1.2388,-1.2136,-0.3773,-0.4345,-2.3861,-0.7599,-0.7136,-0.7301,-0.7729,-0.8125,-0.9561,-1.8923,-1.6440,-1.0821,-1.1416,-3.0269,-1.4734,-1.4167,-1.4562,-1.5074,-1.5552,-1.6756,-2.5442,-2.1530,-1.8277,-1.8656,-3.4852,-2.1619,-2.0914,-2.1157,-2.1483,-2.1743,-2.2799,-2.9490,-2.5469,-2.3269,-2.3337,-3.6730,-2.5578,-2.4642,-2.4670,-2.4728
45113.7083333,-14.3427,-14.3409,-7.6880,-4.3780,3.5093,1.0182,-1.8202,-16.6446,-4.3271,-0.1977,-5.3630,-3.1044,-4.1378,-4.9921,-6.7230,-8.3357,-8.2437,-9.1085,-7.6826,-11.8103,-6.3918,-14.5344,-6.4006,-10.7380,-9.5868,-0.1200,-13.7987,-15.1116,-10.6937,-15.9397,-17.1358,-20.1635,-17.7104,-11.7813,-5.5302,-8.5644,2.9992,3.1278,-9.7129,7.7523,8.1460,6.9690,-2.7956,3.9667,20.6993,2.4303,-0.4350,2.6683,-3.2388,-0.2651,3.2651,0.7568,0.9659,3.1261,-3.6859,-13.2520,-13.8235,-10.8541,8.1358,3.5082,2.5395,0.8872,-11.9762,-13.3299,-8.9109,-9.9760,-4.9353,-2.7875,-19.2354,-12.4318,-4.0942,-3.4032,-6.9804,-9.6469,0.5252,6.0075,2.1426,0.0438,-3.8337,12.1764,28.9847,22.8509,12.7308,8.3468,5.8230,5.6937,12.3522,7.8232,13.7636,6.8322,10.5078,18.2144,18.3180,12.6604,1.1426,6.5114,7.9039,16.2253,9.6239,7.3658,6.3622,9.3258,3.2482,2.4808,5.9903,6.5080,3.2925,1.6212,-5.2646,-5.2390,-8.7669,-7.4437,-8.0178,-5.1786,-5.0331,0.1007,-3.8628,0.0496,-8.4183,-7.0520,-4.2562,-3.1522,-6.8379,-4.6179,-7.2826,-4.2253,-5.2807,0.4193,-3.3259,-5.0518,-5.9357,-6.6018,-10.0943,-10.9552,0.0453,-5.8739,-7.5015,-4.6430,-4.9088,-6.4545,-8.8353,-7.2349,-7.4140,-3.9304,-1.8233,-4.8236,-6.6794,4.0100,-8.2523,-7.8789,-6.6956,-7.6366,-6.7016,-9.0424,-3.8214,0.8262,4.4536,3.3832,4.3462,0.0691,13.7108,6.2704,7.8914,9.9716,14.2918,5.1197,9.7789,0.5780,-0.0895,-1.4343,-2.1643,-2.3867,-3.2896,-1.8263,-4.4103,1.9811,-0.6622,-0.1588,-0.7402,8.1909,4.5090,2.3695,2.0606,3.9985,2.9237,3.5806,3.1381,1.6842,3.0459,3.1598,3.2709,3.3182,3.3677,3.2509,2.5469,2.6621,3.4459,3.4661,2.0092,3.2938,3.3853,3.4074,3.3972,3.3854,3.2685,2.4919,2.6964,3.2174,3.1802,1.7188,2.9101,2.9776,2.9490,2.9086,2.8718,2.7642,2.0321,2.3275,2.6492,2.6216,1.3343,2.3544,2.4190,2.3862,2.3426,2.3032,2.1841,1.6026,1.8915,2.0896,2.0663,0.9606,1.8222,1.8941,1.8726,1.8550
45113.7500000,-5.8518,-7.2198,-0.4558,0.1060,6.5795,5.9002,3.5642,-10.8983,-0.3965,4.3005,-1.2561,1.9405,0.7722,0.5358,-0.6958,-1.9643,-1.6831,-2.2344,-1.2093,-5.6516,-2.1873,-8.2017,-1.3529,-3.9427,-4.7171,5.2527,-7.4687,-8.8417,-6.3669,-10.7060,-13.4952,-16.5546,-15.3521,-10.1938,-5.2905,-8.1943,1.9362,3.8946,-7.6228,8.9963,9.7891,8.8276,1.0294,6.9554,23.6130,6.1366,3.6273,6.9758,0.8344,4.5172,7.8373,6.2499,6.8826,9.0787,1.6871,-6.8901,-7.5382,-5.4642,11.6368,7.9978,7.2833,5.8023,-6.1013,-7.6258,-3.0767,-5.0533,0.2617,0.8451,-15.6517,-10.6629,-3.9803,-2.6454,-7.2737,-8.8028,0.7036,5.9987,3.4710,1.0256,-1.5322,14.4765,29.9620,24.2411,14.0615,9.5563,8.8663,8.2796,15.4360,11.3949,17.3121,9.7693,12.9993,22.3012,22.8023,17.5110,5.0779,10.6951,13.0392,20.1330,14.6026,12.2349,11.2500,16.2059,9.7554,9.0778,11.8831,14.1751,10.7511,9.6154,2.7468,2.8577,-1.4928,-1.2166,-2.0748,-0.2138,-0.5611,3.9846,0.6688,4.2735,-4.0143,-3.3239,-1.0320,0.8248,-3.0611,-0.6201,-3.2939,-0.1129,-0.4675,4.8504,1.0974,-1.1558,-2.2443,-2.5137,-5.4718,-6.7859,3.1440,-2.2605,-3.4744,-1.0739,-1.2666,-2.7307,-5.4929,-4.9362,-4.9504,-1.6821,0.2031,-2.9620,-4.5274,5.1604,-5.9888,-5.6757,-5.1952,-5.8237,-5.1045,-7.8891,-2.1173,0.2505,3.0233,2.0632,2.9055,0.7642,14.3313,6.5563,8.0614,11.9788,16.0084,6.1788,12.7357,3.9954,4.2990,3.2911,1.7011,1.9337,1.5057,2.3232,0.8431,6.4319,3.8984,4.1564,3.4494,12.2383,8.4458,5.9792,5.6983,7.9400,6.1740,7.5071,7.0925,5.9350,6.9823,7.0666,7.1471,7.1655,7.1885,7.0543,6.4403,6.5490,7.2345,7.2640,6.1234,7.1492,7.2641,7.3169,7.3433,7.3729,7.3039,6.6758,6.8853,7.4107,7.4275,6.3019,7.2757,7.3832,7.3930,7.3879,7.3830,7.3065,6.6919,6.9368,7.2669,7.2603,6.2208,7.0420,7.1152,7.0909,7.0546,7.0214,6.9098,6.4078,6.6340,6.8304,6.8112,5.8856,6.5829,6.6502,6.6247,6.6034
45113.7916667,0.1705,-1.0030,5.4908,5.4065,11.6123,10.8540,9.8158,-3.4144,5.1870,9.0324,4.2544,7.0995,4.8387,5.2524,4.9205,3.9556,4.6521,3.9133,4.4024,0.7891,3.6044,-1.4295,3.2807,2.2260,0.9654,10.8491,-1.0991,-2.3611,-0.7309,-4.5135,-8.0938,-11.3927,-11.2714,-6.8028,-2.9737,-5.5858,2.6672,5.2545,-4.9282,10.5979,11.6345,11.3117,5.1085,10.4501,26.9455,10.7867,8.1709,11.3217,4.9777,8.1563,11.3817,10.5473,11.7775,13.8788,5.8604,-0.4077,-1.2140,0.4934,16.1186,12.9274,12.2763,11.0761,1.3152,-0.5161,3.4415,0.9649,5.8447,5.5773,-9.9488,-6.5250,-1.2613,0.1592,-4.7006,-5.9590,1.4343,5.7873,3.6002,2.2706,1.0390,15.8009,31.0004,26.1483,16.9362,12.4506,12.8576,12.7424,20.3776,16.6613,22.4219,13.8624,18.0327,27.3196,27.9793,22.4288,9.8263,14.3406,17.1925,22.5811,18.3973,15.8454,14.7041,21.2929,14.1873,14.0293,17.2123,20.2561,16.5955,16.4607,9.8806,11.3677,5.9416,5.4525,4.8537,5.6676,5.3816,7.9073,6.1022,9.6523,2.6563,2.8629,3.4429,5.2247,1.9242,4.0877,1.6072,3.9994,4.1941,9.1391,5.8390,3.1415,2.4689,1.9542,-0.3955,-1.6051,6.9478,2.6441,1.7692,3.7653,3.1730,1.9076,-0.7259,-0.7373,-1.0212,1.5036,3.1765,0.0009,-1.3860,6.2571,-2.5222,-2.3722,-2.5093,-3.2970,-2.7835,-5.6501,-0.6631,1.0313,3.1763,2.3264,2.9585,1.7146,14.2813,6.9194,8.0731,12.4128,15.7548,6.6986,13.2731,5.5489,6.2767,5.8042,3.6575,4.6962,5.4707,6.5132,5.4988,10.4014,8.0957,8.4032,7.6677,16.5789,12.6469,9.7584,9.5951,12.2960,9.6761,12.0318,11.7165,10.8320,11.6857,11.7830,11.8709,11.8951,11.9197,11.7933,11.2657,11.3655,11.9581,11.9830,11.0653,11.8721,11.9718,12.0125,12.0281,12.0466,11.9727,11.4227,11.5883,12.0588,12.0762,11.1718,11.9505,12.0594,12.0796,12.0885,12.1006,12.0477,11.5351,11.7483,12.0821,12.1052,11.2765,11.9637,12.0606,12.0650,12.0568,12.0501,11.9676,11.5527,11.7485,11.9516,11.9510,11.1858,11.7676,11.8419,11.8273,11.8155
45113.8333333,7.1622,6.1128,10.6409,10.2648,15.9006,13.2405,13.2682,1.9505,9.0874,11.3613,7.9817,10.2045,7.5133,8.8167,8.9421,8.2752,9.3276,8.4574,7.9187,5.3437,7.9554,3.2448,6.3252,5.9609,4.9003,14.1805,3.4148,2.3141,3.8770,0.6738,-2.7344,-6.0172,-6.7044,-2.9903,-0.2453,-2.6072,3.9899,6.3017,-2.2176,11.2372,11.9446,11.5596,6.4686,11.1552,27.5056,13.8201,11.2449,13.9919,8.1999,10.3313,13.5381,13.4969,14.9121,16.5616,8.1068,4.8158,3.9490,5.1639,18.8179,15.2288,14.5718,13.2324,5.7134,4.2451,7.3899,5.5761,10.3593,10.1199,-3.4239,-1.4247,2.2385,3.1793,-1.2767,-2.3271,2.8688,6.5473,4.3562,3.1086,1.7243,14.3032,27.5673,23.2997,14.3066,9.9028,11.3321,11.2336,19.4207,16.0348,22.2235,13.1797,19.3978,28.1947,29.3740,24.6738,12.0354,16.4435,19.4054,22.7771,20.0767,17.4355,16.8066,24.4829,17.3700,17.3002,21.0679,23.9042,19.5123,20.0743,13.8518,17.4284,11.3555,10.7149,10.6936,10.3775,10.6047,11.4068,10.5756,13.8274,8.2959,8.2178,6.7034,9.3209,6.4366,8.3491,6.4138,8.2823,8.2337,12.2641,8.7601,5.6026,5.5851,5.2401,3.6430,2.6798,9.5091,5.7424,5.2198,7.2794,6.2396,5.4313,3.4714,3.5605,3.0449,4.7127,6.2947,3.1636,2.1875,8.0475,0.8939,0.7521,0.3233,-0.5511,-0.3223,-3.0009,0.7904,1.9757,3.5884,2.6385,3.0465,2.2117,13.1873,6.7396,7.3122,11.2313,13.6087,6.0206,12.0271,5.5732,6.9088,6.6233,4.1015,5.6277,7.2677,8.6669,7.9574,11.6142,9.3942,9.7353,8.9838,17.8847,13.7366,10.4467,10.4412,13.5841,10.1351,13.5492,13.4279,12.8937,13.6929,13.9222,14.1414,14.3009,14.4517,14.4622,14.1405,14.3178,14.8860,14.9860,14.3423,15.0153,15.1491,15.2252,15.2722,15.3141,15.2691,14.8325,14.9656,15.3610,15.3813,14.6795,15.2753,15.3679,15.3846,15.3906,15.3980,15.3476,14.9229,15.0761,15.3530,15.3705,14.7151,15.2446,15.3285,15.3358,15.3334,15.3329,15.2673,14.9341,15.0882,15.2689,15.2787,14.6770,15.1412,15.2170,15.2170,15.2142
45113.8750000,14.2178,14.3605,17.1960,17.0853,22.8570,17.8167,18.6965,8.4639,14.0424,14.3775,12.1031,13.2339,9.7136,11.7261,12.0136,11.1809,12.3368,11.4958,9.8677,8.3068,11.3165,6.7472,8.3893,8.8580,7.9473,16.5690,6.7040,5.3809,7.0335,3.9808,1.2532,-1.6641,-2.5738,0.5321,2.6583,0.5030,5.8262,7.6227,0.2621,11.6118,12.2101,11.3849,7.1009,10.9908,26.6305,14.8198,11.9385,14.3555,9.0841,10.2777,13.5019,14.3820,15.9923,17.3643,8.5842,8.3845,7.5353,8.4695,20.4258,16.5240,15.8672,14.3458,8.7727,7.5673,9.5717,8.3107,12.6540,12.6454,1.5695,3.0140,5.9158,6.7006,2.6556,1.2759,4.6718,8.2296,6.1098,5.1172,3.7399,14.5282,25.9213,22.1316,13.1976,8.9305,10.9210,10.3449,18.0672,14.6707,20.3282,10.9028,18.0515,26.0042,27.1549,23.2097,10.4723,14.6667,17.5109,19.2839,17.8934,15.3551,15.3665,24.0283,18.1243,18.3025,22.9345,25.6913,20.8206,22.1419,15.8379,21.2693,13.9213,13.0640,13.7899,12.5319,13.5824,13.1268,13.2312,16.7186,12.7373,12.6734,8.9504,12.8101,10.2028,12.0549,11.2071,12.6343,11.9938,15.3639,11.2596,7.4445,7.9556,7.7095,6.7080,6.0689,11.8339,8.3585,7.6951,9.4663,7.6166,7.1436,5.7139,6.1266,5.3858,6.3503,8.1615,4.9833,4.6506,9.7804,4.0794,3.7631,3.3793,2.3813,2.2595,-0.0732,2.4463,3.3773,4.7733,3.7507,3.9860,3.3399,12.8219,7.3455,7.3911,10.7418,12.2847,6.0693,11.2781,5.7126,7.1186,6.5627,3.6907,5.3281,7.4665,9.1552,8.6988,11.1590,9.0338,9.3275,8.5308,17.2252,12.9512,9.4820,9.5877,12.9533,9.0447,12.9990,12.9891,12.7189,13.4002,13.6805,13.9537,14.1827,14.4038,14.5173,14.3844,14.6146,15.1377,15.3253,14.9747,15.5667,15.7816,15.9543,16.1035,16.2447,16.3138,16.0871,16.2664,16.6408,16.7379,16.3047,16.7950,16.9278,16.9997,17.0573,17.1085,17.1077,16.8232,16.9498,17.1724,17.2023,16.7387,17.1240,17.1959,17.2106,17.2162,17.2206,17.1727,16.9251,17.0281,17.1581,17.1627,16.7200,17.0465,17.1021,17.1037,17.1035
45113.9166667,19.1639,21.1760,22.6006,23.0935,29.6927,21.9475,24.1790,14.9006,19.7863,18.2837,17.3098,17.6706,13.2989,15.8896,16.4892,15.3615,16.4033,15.1800,12.1727,11.1929,14.6382,9.8335,10.1631,11.4310,10.6133,18.8913,9.5913,8.0179,10.1416,7.0063,5.1883,2.6033,1.6222,4.0530,5.7424,3.7034,8.0884,9.5790,3.1040,12.8651,13.3885,12.1154,8.4812,11.6544,26.3324,15.8154,12.3910,14.4371,9.3750,9.8128,12.8942,14.3249,15.9378,16.9897,8.0093,10.5119,9.7587,10.5598,21.1980,17.0362,16.4421,14.8375,11.0948,10.3632,11.4541,10.8242,14.8359,14.9051,5.1086,6.2081,8.7882,9.8154,6.2870,4.6777,6.6109,10.5477,8.5578,7.9566,6.6295,15.9512,25.6445,22.2524,13.3921,9.2694,11.7550,10.8643,18.2462,14.9208,20.1294,10.5593,18.1963,25.2220,26.1265,22.6225,9.8582,13.5708,16.0237,16.5412,15.8499,13.2806,13.4699,22.3509,17.5585,17.8006,23.0365,25.6981,20.4303,22.6285,16.3590,23.7380,15.1537,14.1412,15.5126,13.4574,15.1990,13.7648,14.5529,18.3194,15.5747,15.5802,9.8645,15.0744,12.7207,14.8952,15.5101,16.8960,15.7784,18.7203,13.9104,9.3051,10.3834,10.2825,9.8212,9.5565,14.7147,11.3805,10.5280,12.0659,9.2899,8.9917,7.8590,8.5167,7.3499,7.6309,9.6203,6.0948,6.2223,11.0474,6.4134,5.9003,5.7638,4.8312,4.7141,3.1153,4.3469,5.2515,6.6572,5.4814,5.4607,5.0001,13.4845,8.7735,8.3399,11.2323,12.1056,6.9178,11.5241,6.6243,8.1023,7.2376,4.0472,5.5232,7.8226,9.5184,9.0642,10.4719,8.3710,8.5347,7.6611,15.9483,11.6157,8.1326,8.2740,11.6412,7.6054,11.6708,11.7013,11.6005,12.1607,12.4485,12.7345,12.9925,13.2469,13.4282,13.4393,13.7014,14.1671,14.4016,14.2630,14.7747,15.0265,15.2486,15.4538,15.6528,15.8011,15.7433,15.9648,16.3211,16.4857,16.2822,16.7149,16.9008,17.0434,17.1745,17.2993,17.3857,17.2729,17.4406,17.6721,17.7672,17.5168,17.8478,17.9591,18.0266,18.0832,18.1343,18.1446,18.0118,18.1165,18.2363,18.2658,17.9820,18.2252,18.2791,18.2927,18.3009
45113.9583333,21.3441,25.4114,25.6955,26.9440,34.8206,24.2760,28.0495,19.6097,24.3183,21.0644,21.4248,21.2432,15.9740,19.5315,20.7639,19.5907,20.9403,19.5387,15.1462,14.7613,18.9273,13.5483,12.6562,14.6808,13.8160,21.9187,12.7150,10.6369,13.3176,9.7480,8.9420,6.6398,5.7517,7.5369,8.9352,6.8893,10.5821,11.8435,5.8555,14.5152,14.9952,13.3096,10.1730,12.7975,26.6775,17.2433,13.2435,14.9246,9.9212,9.7778,12.6780,14.4293,15.9321,16.6374,7.5682,12.0226,11.1838,11.7888,21.3011,16.8668,16.2900,14.5991,12.3190,12.0281,12.3390,12.3274,16.3022,16.6258,7.6732,8.5656,11.0533,12.4134,9.2678,7.2574,8.0088,12.6468,10.8018,10.6991,9.4097,17.5987,25.8690,22.8445,14.0276,9.9739,12.9392,11.8116,19.0270,15.7678,20.6501,10.9616,19.0423,25.3001,26.0119,22.9030,10.1487,13.5018,15.6374,15.2718,15.0365,12.4873,12.7474,21.5762,17.0974,17.3387,22.9419,25.4319,19.7853,22.5588,16.1429,25.0303,15.2293,14.0760,15.9576,13.3218,15.6059,13.5017,14.8059,18.8915,17.1484,17.2663,9.9475,16.2725,14.0534,16.6236,18.7249,20.2598,18.7501,21.5086,15.9625,10.5424,12.2265,12.3634,12.4755,12.6931,17.7173,14.4934,13.5163,15.0119,11.2595,11.1340,10.2098,11.1883,9.5125,9.2236,11.4464,7.3774,7.8250,12.6062,8.6614,7.8508,7.8856,6.8044,6.6669,5.8546,5.7862,6.8363,8.4431,7.0548,6.7529,6.4972,14.5185,10.3781,9.5369,12.1405,12.4991,8.0426,12.3098,7.8815,9.5536,8.4262,4.8571,6.1843,8.6341,10.3085,9.7881,10.3424,8.2333,8.2562,7.3016,15.1042,10.7707,7.3640,7.4801,10.6876,6.7160,10.6201,10.6230,10.5790,10.9955,11.2287,11.4649,11.6859,11.9085,12.0842,12.1455,12.3839,12.7673,12.9952,12.9680,13.3931,13.6426,13.8744,14.0970,14.3175,14.5045,14.5501,14.7895,15.1237,15.3265,15.2748,15.6625,15.8807,16.0689,16.2488,16.4238,16.5715,16.5802,16.7814,17.0264,17.1766,17.0863,17.3962,17.5539,17.6801,17.7974,17.9092,17.9909,17.9713,18.1134,18.2642,18.3503,18.2167,18.4439,18.5377,18.5984,18.6426
45114.0000000,21.9857,27.8151,27.1285,29.0497,38.2572,25.1083,30.2422,22.4688,27.1664,22.3195,23.8474,23.2245,17.0970,21.7190,23.7182,22.6430,24.5924,23.2144,17.4964,17.8546,23.1538,17.0364,15.1197,18.1075,17.2795,25.6322,16.2204,13.5796,17.0458,12.7926,13.0222,10.8430,9.9949,11.0219,12.1486,9.9319,13.0999,14.1833,8.3627,16.1210,16.6072,14.5433,11.7918,14.0201,27.3332,18.8859,14.3346,15.5065,10.5487,9.9831,12.7641,14.7769,16.1907,16.6035,7.5084,13.4875,12.4876,12.8673,21.3887,16.6687,16.0422,14.2323,13.0361,13.0532,12.6429,13.0869,17.0221,17.5005,9.2534,10.1340,12.7185,14.4875,11.6294,9.1048,8.9105,14.3517,12.5964,13.0177,11.7166,18.9984,26.0534,23.3400,14.5101,10.4034,13.8168,12.4985,19.6862,16.4830,21.1528,11.3251,19.8793,25.5373,26.1251,23.3968,10.6095,13.7592,15.6822,14.6882,14.7842,12.2859,12.6073,21.3738,16.4223,16.7034,22.5956,24.9768,19.0960,22.1635,15.6906,25.7657,14.9187,13.6156,15.8196,12.7763,15.3805,12.8277,14.4192,18.7008,17.6936,17.8822,9.4232,16.4789,14.3462,17.2921,20.7789,22.5606,20.7046,23.4100,17.1342,10.9922,13.1945,13.5726,14.2154,14.9413,20.1550,17.0295,16.0095,17.6627,12.9450,13.0611,12.3630,13.8001,11.6127,10.8908,13.4820,8.7658,9.5312,14.5366,11.0333,9.8900,10.0979,8.7711,8.5694,8.4621,7.0978,8.3396,10.2066,8.5266,7.7841,7.6669,15.5551,11.7616,10.5549,12.9812,12.9325,8.9751,13.1000,8.9880,10.9765,9.6503,5.6502,6.7480,9.4809,11.2441,10.7051,10.6007,8.4881,8.4187,7.4115,14.8048,10.5018,7.1894,7.2749,10.3024,6.4479,10.1343,10.0947,10.0617,10.3487,10.5116,10.6788,10.8380,11.0007,11.1333,11.1890,11.3694,11.6535,11.8332,11.8392,12.1604,12.3638,12.5581,12.7492,12.9418,13.1141,13.1911,13.4046,13.6870,13.8817,13.9027,14.2296,14.4424,14.6369,14.8277,15.0171,15.1892,15.2664,15.4777,15.7208,15.8995,15.9125,16.2021,16.3876,16.5517,16.7095,16.8633,16.9959,17.0578,17.2306,17.4090,17.5420,17.5220,17.7496,17.8837,17.9903,18.0707
45114.0416667,22.1892,29.3906,27.8792,30.3237,40.7269,25.3461,31.5329,24.4108,29.1823,23.0181,25.4688,24.4807,17.6289,23.2545,25.8626,24.7806,27.2482,25.8569,18.8801,19.8863,26.4739,19.5367,16.7698,20.8015,20.0882,29.0914,19.2935,16.1253,20.7195,15.7317,17.2604,15.2409,14.5577,14.8018,15.7024,13.1624,15.9085,16.7965,10.8301,18.0212,18.4393,15.9399,13.4223,15.3185,28.2020,20.5770,15.4567,16.3341,11.3015,10.3931,13.0766,15.2745,16.5990,16.7620,7.6316,14.8975,13.7358,13.9210,21.6328,16.6660,15.9869,14.0736,13.7042,13.9523,12.9052,13.6724,17.5086,18.0583,10.0836,10.9733,13.7285,15.9372,13.3111,10.2734,9.3528,15.6056,13.9186,14.8771,13.5399,20.1296,26.1507,23.7000,14.8216,10.6801,14.4707,12.9775,20.1885,17.0041,21.5126,11.5232,20.5128,25.6781,26.1661,23.7684,10.8931,13.9296,15.7092,14.2669,14.6073,12.1656,12.5410,21.2376,16.1004,16.3418,22.3465,24.5673,18.4909,21.7991,15.2363,26.1414,14.4594,13.0460,15.4479,12.1664,14.9448,12.1364,13.8767,18.2537,17.7848,18.0099,8.8342,16.2307,14.1347,17.3203,21.9473,23.9386,21.7340,24.4334,17.4907,10.8117,13.3795,13.9565,15.0377,16.2285,21.7910,18.7364,17.7097,19.6239,13.9969,14.3719,13.9008,15.8771,13.2109,12.1763,15.2493,9.8624,10.9762,16.4438,13.2342,11.7739,12.2232,10.6863,10.4858,11.1050,8.4736,9.9592,12.1543,10.1211,9.0280,8.9695,16.9365,13.3487,11.7557,14.0555,13.6490,9.9785,14.0421,10.0634,12.3488,10.7912,6.2870,7.4492,10.4110,12.2401,11.6478,11.0018,8.8587,8.7197,7.6672,14.7734,10.5054,7.2647,7.3327,10.2301,6.4735,9.9980,9.9322,9.9079,10.1054,10.2180,10.3340,10.4448,10.5583,10.6513,10.6912,10.8179,11.0173,11.1458,11.1548,11.3828,11.5312,11.6748,11.8177,11.9632,12.0964,12.1653,12.3303,12.5453,12.7020,12.7405,12.9924,13.1682,13.3337,13.4989,13.6654,13.8220,13.9150,14.1027,14.3148,14.4847,14.5418,14.7919,14.9724,15.1399,15.3047,15.4685,15.6189,15.7215,15.9019,16.0873,16.2425,16.2923,16.5134,16.6700,16.8044,16.9075
45114.0833333,21.6800,30.0164,27.8557,30.7635,42.3094,24.9946,32.0435,25.4097,30.2934,23.0237,26.2189,24.9421,17.5480,23.9170,27.1272,26.1200,29.1553,27.7994,19.7491,21.2888,29.1025,21.3348,17.8609,22.8134,22.2009,32.0017,21.7008,18.0259,23.8611,18.1186,21.0976,19.3199,19.0214,18.5835,19.4171,16.5256,19.0371,19.8061,13.4730,20.3384,20.7059,17.7563,15.3777,17.0114,29.5800,22.5745,16.8142,17.3818,12.2054,11.0162,13.6489,16.0078,17.2588,17.2073,7.9824,16.3821,15.0381,15.0421,22.0887,16.8947,16.1616,14.1581,14.4358,14.8782,13.2895,14.3137,18.0663,18.6223,10.5912,11.4216,14.3218,16.9253,14.4576,10.9001,9.4400,16.4157,14.7800,16.2693,14.8928,20.9584,26.1155,23.9008,14.9709,10.7878,14.9034,13.2752,20.5602,17.3903,21.7932,11.6510,21.0383,25.8016,26.2072,24.0886,11.0927,14.0585,15.7306,13.9658,14.4764,12.0792,12.4902,21.1376,15.6285,15.8863,22.0034,24.1373,17.9770,21.4510,14.8979,26.4499,14.1204,12.6209,15.1085,11.6932,14.5349,11.5878,13.3778,17.7662,17.6834,17.9272,8.3669,15.8594,13.7961,17.1269,22.6568,24.8127,22.2669,24.9602,17.4437,10.4197,13.1755,13.8653,15.2470,16.7986,22.7308,19.7029,18.6682,20.8615,14.4331,15.0334,14.7579,17.2651,14.1711,12.9106,16.4848,10.4745,11.9150,17.9673,14.9529,13.2091,13.9515,12.2725,12.1674,13.5863,9.7397,11.5295,14.1474,11.7401,10.2961,10.3211,18.6231,15.1429,13.1795,15.4357,14.7231,11.1905,15.3004,11.3242,13.9110,12.0841,7.0113,8.2130,11.4545,13.3871,12.7401,11.6402,9.4375,9.2393,8.1302,15.0643,10.8018,7.5800,7.6292,10.4444,6.7266,10.1490,10.0545,10.0263,10.1531,10.2227,10.2961,10.3672,10.4415,10.5026,10.5278,10.6142,10.7527,10.8431,10.8514,11.0123,11.1193,11.2238,11.3285,11.4357,11.5348,11.5895,11.7113,11.8689,11.9869,12.0234,12.2085,12.3422,12.4698,12.5982,12.7286,12.8532,12.9346,13.0829,13.2498,13.3891,13.4516,13.6491,13.8005,13.9446,14.0886,14.2334,14.3706,14.4763,14.6372,14.8037,14.9508,15.0264,15.2217,15.3736,15.5090,15.6142
45114.1250000,20.8765,30.0557,27.3662,30.6366,43.1973,24.2647,31.9726,25.7583,30.7610,22.6016,26.3778,24.8697,17.0891,23.9100,27.6168,26.6588,30.1988,28.8732,19.9105,21.9094,30.8872,22.3335,18.3052,24.0820,23.5821,34.2474,23.3870,19.2770,26.3331,19.8729,24.3046,22.7943,23.0075,21.9868,22.8952,19.6745,22.1480,22.9254,16.1001,22.9463,23.3157,19.9244,17.6259,19.0835,31.5126,25.0038,18.5510,18.8204,13.3952,11.9463,14.5639,17.0497,18.2186,17.9623,8.5371,17.9980,16.4513,16.2827,22.7870,17.3671,16.5761,14.4838,15.2764,15.8818,13.8189,15.0525,18.7477,19.2655,11.0196,11.7563,14.7625,17.6955,15.3159,11.2399,9.3854,16.9354,15.3176,17.2894,15.8600,21.5160,25.9395,23.9269,14.9509,10.7338,15.1060,13.3729,20.7458,17.5873,21.9219,11.6509,21.3911,25.8344,26.1824,24.3131,11.1971,14.1303,15.7307,13.7354,14.3703,12.0138,12.4528,21.0543,15.1425,15.3993,21.5578,23.6056,17.4072,20.9753,14.4702,26.5416,13.7522,12.2353,14.7695,11.3026,14.1649,11.1617,12.9651,17.3245,17.5243,17.7760,8.0354,15.4854,13.4446,16.8427,23.0709,25.3597,22.5108,25.1994,17.2312,10.0350,12.8705,13.6244,15.2013,17.0130,23.2638,20.2275,19.1670,21.5961,14.5023,15.2587,15.1194,18.0727,14.6106,13.1817,17.1892,10.6594,12.3541,18.9839,16.0919,14.1024,15.1359,13.3585,13.3978,15.6384,10.6651,12.7827,15.8836,13.0994,11.3237,11.4531,20.2909,16.8411,14.5350,16.8287,15.8596,12.3669,16.6493,12.6044,15.5682,13.4913,7.8156,9.0768,12.6335,14.6906,13.9758,12.4740,10.1763,9.9245,8.7448,15.6303,11.3297,8.0665,8.1005,10.8933,7.1427,10.5402,10.4190,10.3822,10.4541,10.4876,10.5248,10.5614,10.6012,10.6326,10.6396,10.6902,10.7781,10.8339,10.8334,10.9398,11.0101,11.0799,11.1509,11.2246,11.2937,11.3327,11.4193,11.5321,11.6186,11.6492,11.7839,11.8841,11.9810,12.0793,12.1796,12.2766,12.3441,12.4586,12.5870,12.6969,12.7539,12.9053,13.0257,13.1418,13.2585,13.3766,13.4900,13.5822,13.7135,13.8498,13.9737,14.0488,14.2077,14.3375,14.4555,14.5477
45114.1666667,19.8639,29.6285,26.5335,30.0774,43.5062,23.2819,31.4659,25.6279,30.7353,21.8956,26.1021,24.4176,16.4091,23.4192,27.5156,26.5968,30.5638,29.2590,19.5635,21.9032,31.8954,22.6284,18.1734,24.6154,24.2098,35.7217,24.2808,19.7921,27.9870,20.8514,26.6840,25.4435,26.2342,24.6853,25.7481,22.2139,24.7810,25.6711,18.3040,25.3000,25.7597,21.9798,19.7523,21.1487,33.6894,27.6974,20.5744,20.6091,14.8925,13.2076,15.8790,18.5026,19.6031,19.1554,9.3936,19.8941,18.1058,17.7549,23.8135,18.1399,17.2688,15.0669,16.2615,16.9918,14.4920,15.8922,19.5472,19.9943,11.4589,12.0998,15.1855,18.3897,16.0441,11.4790,9.3361,17.3195,15.6882,18.0735,16.5735,21.8944,25.6834,23.8346,14.8230,10.5835,15.1362,13.3185,20.7587,17.6032,21.8814,11.5157,21.5346,25.7119,26.0124,24.3582,11.1434,14.0592,15.6092,13.4521,14.1766,11.8599,12.3225,20.8785,14.6879,14.9353,21.0810,23.0433,16.8447,20.4408,14.0061,26.4388,13.3241,11.8102,14.3530,10.8847,13.7322,10.7251,12.5188,16.8246,17.2366,17.5010,7.7299,15.0788,13.0754,16.5030,23.2715,25.6686,22.5491,25.2231,16.9025,9.6513,12.4954,13.2801,14.9773,16.9706,23.4756,20.4215,19.3369,21.9633,14.3512,15.2179,15.1762,18.4784,14.7217,13.1732,17.5102,10.5953,12.4566,19.5690,16.7474,14.5526,15.8309,13.9694,14.1444,17.1415,11.1819,13.6000,17.1828,14.0425,11.9913,12.2227,21.6912,18.2235,15.6139,17.9979,16.8147,13.2993,17.8392,13.6832,17.0868,14.7931,8.5124,9.8747,13.8106,16.0457,15.2779,13.4202,11.0044,10.7114,9.4528,16.4114,12.0233,8.6608,8.6835,11.5115,7.6570,11.1018,10.9534,10.9037,10.9301,10.9309,10.9353,10.9401,10.9481,10.9511,10.9380,10.9560,11.0013,11.0254,11.0112,11.0723,11.1096,11.1476,11.1874,11.2302,11.2705,11.2909,11.3452,11.4189,11.4753,11.4939,11.5855,11.6545,11.7222,11.7918,11.8638,11.9344,11.9853,12.0697,12.1650,12.2484,12.2959,12.4097,12.5031,12.5944,12.6871,12.7814,12.8732,12.9508,13.0564,13.1662,13.2681,13.3366,13.4639,13.5715,13.6705,13.7481
45114.2083333,18.7011,28.8302,25.4462,29.1888,43.3359,22.1407,30.6361,25.1410,30.3262,21.0026,25.5090,23.6981,15.6033,22.7452,27.1027,26.1891,30.4726,29.1626,18.9161,21.4776,32.3001,22.4315,17.6772,24.6086,24.2799,36.5623,24.5758,19.7751,28.9513,21.2009,28.2897,27.2955,28.6656,26.6186,27.8661,24.0111,26.7327,27.7729,19.8189,27.0582,27.6297,23.4732,21.2927,22.6960,35.5650,30.1477,22.4143,22.2519,16.2814,14.4028,17.2152,20.0648,21.1826,20.6053,10.3934,22.0416,20.0392,19.5364,25.2745,19.3395,18.3876,16.0633,17.5813,18.4052,15.4856,17.0085,20.6126,20.9465,11.9827,12.5190,15.6707,19.1069,16.7567,11.7303,9.3740,17.6915,16.0250,18.7628,17.1832,22.2306,25.4717,23.7537,14.7176,10.4651,15.1321,13.2419,20.7169,17.5550,21.7749,11.3501,21.5634,25.5078,25.7598,24.2799,10.9987,13.8891,15.3947,13.1301,13.9128,11.6339,12.1097,20.6078,14.1672,14.4161,20.5248,22.4216,16.2696,19.8695,13.5369,26.2037,12.8842,11.3833,13.9061,10.4719,13.2763,10.3003,12.0624,16.2890,16.8531,17.1240,7.4198,14.6169,12.6573,16.0821,23.2646,25.7613,22.4214,25.0860,16.5119,9.2924,12.1043,12.8987,14.6624,16.7758,23.4722,20.3926,19.2794,22.0565,14.0547,14.9880,15.0112,18.5733,14.5940,12.9673,17.5373,10.3701,12.3303,19.8114,17.0334,14.6787,16.1501,14.2209,14.5062,18.1482,11.3783,14.0397,18.0555,14.6042,12.3318,12.6531,22.7556,19.2397,16.3731,18.8776,17.5228,13.9561,18.7877,14.5012,18.3568,15.8703,9.0165,10.4966,14.8416,17.3003,16.5020,14.3342,11.7914,11.4749,10.1400,17.2838,12.7710,9.2690,9.2903,12.2093,8.1982,11.7580,11.5902,11.5323,11.5273,11.5048,11.4848,11.4655,11.4484,11.4282,11.3969,11.3877,11.3982,11.3946,11.3649,11.3881,11.3957,11.4045,11.4154,11.4290,11.4419,11.4414,11.4655,11.5041,11.5317,11.5337,11.5875,11.6267,11.6660,11.7075,11.7517,11.7957,11.8269,11.8822,11.9462,12.0029,12.0354,12.1150,12.1815,12.2475,12.3153,12.3851,12.4541,12.5139,12.5941,12.6782,12.7577,12.8147,12.9133,12.9990,13.0789,13.1419
45114.2500000,17.4338,27.6437,23.9751,27.7421,42.3011,20.3961,28.9939,23.9294,29.1448,19.5056,24.1928,22.3168,14.3322,21.5322,26.0894,25.2167,29.7312,28.4206,17.8482,20.5927,31.9857,21.6710,16.7574,23.9882,23.6975,36.5096,24.0607,19.1078,29.0659,20.8673,29.0437,28.2757,30.2007,27.6509,29.0507,24.8788,27.7229,28.8999,20.4206,27.8596,28.4986,23.9498,21.8043,23.2230,36.4724,31.6717,23.3888,23.0615,16.9157,14.8693,17.8250,20.9201,22.0866,21.3968,10.7284,23.6770,21.5590,20.9440,26.4009,20.1765,19.1586,16.7454,18.6602,19.6707,16.4224,18.1154,21.7211,21.9550,12.6233,13.0319,16.1699,19.7535,17.3563,11.9385,9.3906,17.8976,16.1477,19.1425,17.4373,22.1566,24.8170,23.1268,14.0595,9.8214,14.5616,12.6559,20.1366,16.9863,21.1452,10.7271,21.0288,24.7471,24.9468,23.6460,10.4182,13.2930,14.7421,12.3736,13.1674,10.9361,11.4249,19.8048,13.4345,13.6548,19.6331,21.4194,15.3325,18.9149,12.7943,25.5959,12.2470,10.8113,13.2734,9.8915,12.6149,9.6861,11.3938,15.4758,16.1225,16.3898,6.9071,13.8959,12.0085,15.3869,22.8432,25.4092,21.8749,24.4800,15.7516,8.6864,11.4643,12.2825,14.0873,16.2688,23.0636,19.9739,18.8438,21.7181,13.4607,14.4489,14.5467,18.2685,14.1364,12.4564,17.1388,9.8743,11.8924,19.5760,16.8130,14.3453,15.9736,14.0459,14.4306,18.6101,11.2043,13.9940,18.3129,14.5751,12.0992,12.4917,23.1073,19.4825,16.3791,18.9745,17.4625,13.8472,18.9812,14.6194,18.9794,16.3937,9.1159,10.7207,15.4645,18.1548,17.3306,14.8728,12.1971,11.8618,10.4534,17.8011,13.1141,9.4512,9.4753,12.5029,8.3178,12.0090,11.8209,11.7616,11.7349,11.6933,11.6536,11.6157,11.5817,11.5508,11.5192,11.4993,11.4832,11.4568,11.4193,11.4133,11.3927,11.3731,11.3561,11.3432,11.3342,11.3237,11.3278,11.3334,11.3316,11.3198,11.3390,11.3445,11.3509,11.3607,11.3745,11.3928,11.4095,11.4414,11.4726,11.4996,11.5177,11.5636,11.5971,11.6312,11.6685,11.7095,11.7541,11.7984,11.8550,11.9100,11.9633,12.0087,12.0781,12.1349,12.1879,12.2291
45114.2916667,15.6811,25.8107,22.0196,25.6804,40.4261,18.1558,26.5456,21.5927,26.7101,16.9838,21.5557,19.6346,11.8462,18.9324,23.5879,22.8216,27.5389,26.2085,15.5655,18.4467,30.2845,19.6541,14.8100,22.1697,21.9323,35.1429,22.2658,17.2166,27.7153,19.1806,28.2967,27.7604,30.2021,27.2822,28.8348,24.4053,27.3321,28.5836,19.5708,27.2197,27.7619,22.8982,20.6427,22.0930,35.7354,31.3392,22.5930,22.2379,15.9713,13.8828,16.9814,20.2146,21.4034,20.6115,9.5642,23.5464,21.4503,20.7513,26.1092,19.6075,18.4805,15.9625,18.0991,19.3621,15.9428,17.8807,21.7375,22.0273,12.8060,13.3204,16.5300,20.1476,17.5894,11.7799,9.2117,17.7452,15.7956,18.9238,16.9568,21.3162,23.5586,21.7317,12.5800,8.3394,12.8536,10.9530,18.2914,15.0908,19.1378,8.9072,19.0219,22.5346,22.6921,21.4687,8.4868,11.3229,12.7530,10.5107,11.1736,9.0021,9.4633,17.6352,11.5606,11.7436,17.5417,19.2221,13.2998,16.8265,11.0074,23.8888,10.7391,9.5094,11.9817,8.7306,11.3480,8.5407,10.1327,14.0645,14.6499,14.8729,5.7235,12.4578,10.5962,13.9401,21.4607,24.0614,20.3584,22.8842,14.0876,7.2761,9.9635,10.7800,12.5961,14.8002,21.6573,18.5987,17.5122,20.4638,12.0989,13.1104,13.2684,17.1348,12.9292,11.2979,16.0148,8.7509,10.7841,18.5902,15.7764,13.2158,14.9461,13.0614,13.5778,18.1752,10.4042,13.3311,17.7994,13.8086,11.1511,11.5089,22.5264,18.7030,15.4096,18.0506,16.4370,12.6778,17.9795,13.5062,18.2064,15.5984,8.1157,9.8574,14.9650,17.9217,17.0885,14.4933,11.6611,11.3441,9.8577,17.4490,12.5669,8.7555,8.7279,11.8148,7.5467,11.3144,11.0612,10.9071,10.8875,10.7930,10.7029,10.6158,10.5471,10.4750,10.4220,10.4094,10.4239,10.3611,10.2460,10.2647,10.2095,10.1508,10.0961,10.0510,10.0154,9.9552,9.9764,10.0180,9.9864,9.9007,9.9475,9.9200,9.8849,9.8545,9.8324,9.8212,9.7844,9.8273,9.8822,9.8752,9.8130,9.8840,9.8790,9.8677,9.8609,9.8626,9.8733,9.8671,9.9307,9.9974,10.0164,9.9803,10.0755,10.0966,10.1077,10.1143
45114.3333333,12.5026,22.4218,18.8316,22.2858,37.0025,15.1450,22.7517,17.7456,23.0117,13.4590,17.4852,15.4655,7.9668,14.6692,19.0542,18.4088,23.0959,21.7956,11.2299,14.2835,26.2229,15.6599,11.3186,18.7678,18.5212,31.9468,18.6840,13.7905,24.8199,15.9366,25.6361,25.2252,28.0526,24.8901,26.2387,21.9030,25.2106,26.3373,16.9647,25.0700,25.0984,20.2582,17.5022,19.1094,33.2188,28.9221,20.0938,19.8920,13.6243,11.6655,15.0046,17.9453,18.9345,17.9844,6.6298,20.9844,18.8295,18.3358,23.4335,17.0095,15.6992,13.0684,14.9857,16.6068,13.3751,15.4380,19.5258,19.8508,11.3986,12.6885,16.1308,19.6351,17.0401,10.7120,8.5291,16.9157,14.4613,17.5098,15.2383,19.2252,21.4259,19.5434,10.2348,5.7139,9.6606,7.9916,15.1506,11.9932,15.9659,6.2648,15.7003,18.9584,18.9690,17.6428,5.1167,7.6543,9.0626,7.2695,7.3799,5.3574,5.5728,13.3737,8.0280,8.1449,13.6297,15.1050,9.2656,12.7572,7.5588,20.5124,7.7974,6.9824,9.5367,6.5668,9.0451,6.5297,7.9189,11.6403,12.2609,12.3291,3.5826,10.0623,8.0685,11.3925,18.5969,21.2983,17.6092,20.0444,11.1033,4.6233,7.1601,7.9119,9.6848,11.8564,18.5486,15.6763,14.7730,17.8102,9.6875,10.5954,10.8140,14.8854,10.7312,9.2228,13.7883,6.7631,8.7254,16.5027,13.7935,11.1269,12.9466,11.2086,11.8967,16.7420,8.9496,12.1813,16.5165,12.0808,9.4466,9.3030,20.7872,16.4396,13.0190,15.6426,14.2512,10.3205,15.4775,11.0814,15.7756,13.3485,5.9685,7.7678,12.9692,16.2216,15.3103,12.8608,9.6839,9.5803,8.0131,15.9102,10.7999,6.8843,6.5634,9.6149,5.5169,9.4822,9.1312,8.5863,8.8684,8.6857,8.5094,8.3272,8.1676,7.9235,7.5989,7.6572,8.0194,7.9097,7.4211,7.7635,7.6481,7.5192,7.3925,7.2851,7.1996,6.8143,6.9014,7.2773,7.1999,6.7526,7.1021,7.0213,6.9178,6.8211,6.7429,6.6905,6.3358,6.4626,6.8113,6.7736,6.3743,6.7428,6.6925,6.6184,6.5497,6.4967,6.4585,6.1390,6.3883,6.4923,6.4932,6.1392,6.5448,6.5319,6.4931,6.4565
45114.3750000,5.4039,14.9232,12.1145,15.2890,29.9496,9.2882,15.4567,11.0461,17.1983,8.4040,11.8608,9.7615,2.7379,8.3513,11.7712,11.7996,16.3714,15.0156,5.0628,7.4621,19.7116,8.5144,4.7012,12.0270,12.4768,25.0661,12.5835,7.1849,18.9222,9.9292,20.0862,20.2990,23.5040,19.8386,21.2797,15.6679,19.7759,20.7621,11.7018,20.8658,19.7210,15.8161,11.9469,13.7542,27.7297,23.4900,14.0506,13.6314,7.8966,6.1577,10.3868,13.0797,14.1127,13.2849,2.1509,15.7854,13.4198,13.8137,17.6301,12.1864,10.7748,8.0774,8.9770,10.9431,8.4242,10.3064,15.0780,15.0822,7.0624,10.0691,14.3364,17.4882,15.3053,8.3865,7.2089,15.3738,12.2086,14.5341,11.2995,14.7545,18.1839,15.8426,6.4351,2.0312,4.0809,2.9075,9.7498,6.6698,10.3642,1.6861,10.5542,13.1242,12.3539,11.2169,-0.5536,1.7475,2.9991,2.4422,1.4824,-0.4522,-1.0250,6.0801,1.3945,1.6006,6.7844,8.2274,2.2363,5.9972,1.4789,14.5539,2.6195,2.5002,5.2224,2.7061,4.9144,3.5765,4.3676,7.7566,8.2344,8.1322,-0.0608,6.2267,3.9650,7.6266,13.9627,16.7794,13.6115,16.0775,7.0829,1.0939,3.3302,3.8310,5.4388,7.4724,13.2757,10.6941,10.0782,13.5924,5.7211,6.3252,6.5891,10.7806,6.8024,5.6395,9.7393,3.4291,5.6080,12.9517,9.9573,6.9071,8.8322,7.7522,8.9861,13.9990,6.6187,10.7696,14.7547,9.5826,7.4860,6.5426,18.5922,13.1800,9.6598,11.8326,11.0849,7.0323,11.4418,7.6449,11.6372,9.2012,2.2869,3.9976,8.9158,12.7100,11.7583,9.8847,6.1029,6.5716,4.9705,13.2594,7.9683,4.0763,3.0036,5.8164,2.2601,6.6548,6.1737,4.7653,5.8032,5.5005,5.2085,4.9038,4.6364,4.3196,3.1180,3.2505,4.4391,4.2602,2.9211,4.0334,3.8217,3.5862,3.3521,3.1507,2.9885,1.7839,1.9893,3.1297,3.0077,1.7285,2.8846,2.7395,2.5530,2.3741,2.2236,2.1143,0.9545,1.1615,2.1332,2.1387,0.9666,2.1456,2.0460,1.8982,1.7548,1.6349,1.5361,0.4947,1.4260,1.4987,1.4694,0.3302,1.4914,1.4345,1.3332,1.2436
45114.4166667,-5.6519,2.8632,1.0864,4.1046,21.3781,1.4713,5.5023,0.4450,7.9904,0.6515,3.5041,1.4514,-4.6417,0.2918,2.7046,2.7146,7.2421,6.1030,-2.5739,-1.2445,12.0650,0.3638,-2.7638,4.0228,5.8505,17.0222,4.6183,-2.2249,10.1649,1.1571,10.3106,11.6255,16.1079,13.3882,14.7044,8.7713,12.6748,12.0258,3.4785,14.2597,12.0725,8.3620,2.7821,4.9421,21.1779,15.2542,6.3847,5.2395,1.1083,-0.5646,4.9152,6.9292,7.8292,7.2664,-2.9216,8.4787,5.5043,7.6723,11.2479,5.2103,3.6743,1.1012,0.1344,2.2951,1.0739,2.5463,9.0628,9.0577,0.5333,4.7254,10.4914,13.0128,12.0862,4.7848,5.2091,13.5305,9.6903,13.0050,6.8895,10.1184,16.7971,13.3325,3.8211,-0.4604,-1.5396,-2.2503,3.6794,0.4878,4.6441,-2.8185,4.6707,6.6560,5.0319,3.3634,-7.1186,-5.1223,-3.8960,-2.4518,-4.7579,-6.5114,-7.4902,-1.7096,-6.5357,-6.2749,-1.7767,-0.7264,-6.4230,-3.8913,-7.5714,5.5785,-5.1076,-4.2466,-0.4609,-3.0079,-2.2382,-1.5673,-1.5481,2.5220,2.8111,2.6008,-5.0880,0.7741,-2.0403,1.6474,6.1465,9.5508,7.0655,10.3280,1.8135,-3.1938,-1.1350,-0.8188,0.7122,2.6379,7.8686,3.6911,3.5142,8.1422,0.9694,0.5604,0.6642,5.4360,1.9760,0.9933,4.0923,-1.9161,0.5901,8.7382,5.4118,1.2398,3.7879,1.9671,3.6502,8.8661,2.2743,7.9953,11.6898,5.2443,4.8394,3.0344,15.8849,10.2079,6.7351,6.7872,7.0076,3.1323,6.6659,4.0232,6.8979,4.5425,-1.5990,-0.2322,3.6312,8.1846,7.1939,6.3383,1.5514,3.1280,1.5898,10.3703,5.0178,1.2505,0.0535,0.7808,-1.7728,3.2925,2.7403,-0.1110,2.3973,2.0751,1.7612,1.4225,1.1251,0.7895,-1.8053,-1.5535,1.0133,0.8148,-1.9474,0.5565,0.2978,-0.0003,-0.3054,-0.5772,-0.8132,-3.3836,-3.1306,-0.7369,-0.9010,-3.5745,-1.1095,-1.3124,-1.5729,-1.8285,-2.0554,-2.2522,-4.7178,-3.1892,-2.5722,-2.6762,-5.2066,-2.7740,-2.9028,-3.0899,-3.2719,-3.4259,-3.5625,-5.6847,-3.6996,-3.6252,-3.6615,-6.0030,-3.6488,-3.7098,-3.8323,-3.9407
45114.4583333,-15.8211,-9.5424,-7.4356,-6.1341,10.6513,-7.7317,-4.9744,-11.8047,-2.3144,-7.3453,-4.9072,-5.9123,-11.1219,-7.6936,-5.9256,-6.1935,-2.0123,-2.9750,-9.9436,-10.3809,3.7155,-8.5944,-9.6374,-6.0414,-2.1172,8.9745,-2.7868,-8.9666,1.9936,-7.5974,1.6598,1.5926,6.7246,6.4217,7.9963,1.7734,5.4904,2.6468,-6.5716,6.4167,4.7367,1.5525,-6.3126,-3.8121,15.7055,7.2581,-0.9506,-3.5156,-5.8647,-7.6590,-0.5930,0.6300,1.5356,1.6282,-6.9590,2.0535,-1.9462,3.1660,7.2320,0.7095,-1.1758,-3.8253,-7.8119,-5.7942,-4.5887,-4.5047,1.7290,1.4574,-7.1932,-1.5329,5.6351,6.6565,7.6052,0.4008,2.5266,11.6635,7.2163,12.0138,2.7087,6.3183,17.3226,12.7867,3.1909,-0.9779,-5.8011,-5.6093,-1.4035,-5.3672,1.7000,-5.1205,1.4260,3.2088,1.5064,-1.3629,-10.4847,-9.2272,-8.3601,-4.7270,-8.7545,-10.4525,-11.7092,-7.7178,-12.9389,-12.6706,-9.0539,-8.3464,-13.2308,-13.2069,-16.5616,-4.2229,-13.5345,-12.5539,-7.2412,-8.8072,-10.0536,-6.8061,-7.5175,-2.8768,-2.8367,-3.3103,-9.9078,-5.0527,-7.4549,-4.4638,-3.1911,2.2684,-0.0401,3.8967,-4.0419,-7.9144,-6.1173,-5.8099,-3.6822,-0.9853,4.4836,-2.6523,-3.9608,1.7816,-3.6015,-4.0510,-5.8058,-0.2405,-3.1628,-3.7802,-0.6417,-6.9295,-4.5904,4.3616,0.8843,-3.6986,-0.2779,-3.9966,-2.9424,2.8273,-2.2945,5.0543,7.9517,0.6153,1.2994,-1.3221,12.4786,6.8432,3.6077,1.2415,1.9258,-0.9924,3.0618,-0.1044,1.7549,-0.2310,-5.5875,-4.2572,-1.8109,3.7222,2.7594,3.1697,-2.7631,0.0821,-1.3297,7.9556,2.6845,-0.7954,-1.8273,-3.5890,-5.2075,-0.2615,-0.6118,-4.8908,-0.4395,-0.5654,-0.7414,-1.0079,-1.3081,-1.8358,-6.0175,-6.3179,-2.8725,-2.8460,-7.0354,-2.6224,-2.6602,-2.7942,-2.9965,-3.2429,-3.6423,-7.6410,-6.3873,-4.6257,-4.6758,-8.8086,-4.6521,-4.7448,-4.9317,-5.1428,-5.3664,-5.6874,-9.3228,-6.9477,-6.3564,-6.3339,-10.2140,-6.2124,-6.2449,-6.3798,-6.5462,-6.7332,-7.0294,-10.0969,-7.7355,-7.6302,-7.6390,-11.2913,-7.5699,-7.5842,-7.6819,-7.7769
45114.5000000,-22.6791,-19.1678,-13.0143,-11.2101,4.2700,-12.0501,-11.0348,-20.3432,-9.5994,-12.5703,-14.5086,-13.9239,-17.4994,-13.6194,-12.3405,-12.8254,-9.3691,-10.4099,-15.5319,-18.1895,-4.7130,-17.7500,-15.1991,-15.2775,-8.8685,1.9732,-8.6887,-16.0598,-4.4386,-14.5313,-5.3215,-7.4661,-2.0126,-2.3598,0.7959,-4.4673,-0.2131,-2.6332,-13.2741,0.8198,-0.9440,-3.8931,-14.6679,-12.5687,10.2851,-0.7304,-7.8891,-10.7201,-13.2225,-15.3417,-6.5905,-5.9883,-4.7866,-3.8240,-12.4385,-6.2263,-8.4135,-2.0390,4.9075,-1.3800,-3.0937,-5.5431,-12.6574,-11.2017,-9.7107,-9.4323,-1.8915,-2.7503,-14.5466,-7.8906,0.3716,-0.4378,0.7593,-4.5941,-2.0121,9.1292,4.5848,11.1701,-1.3483,2.0831,18.4375,13.0206,3.3521,-0.7558,-9.2481,-8.3643,-1.0861,-7.9259,1.0134,-5.4703,-0.0360,1.4362,-0.3811,-4.4295,-12.1879,-11.4392,-10.7038,-4.8506,-10.3426,-11.8570,-13.2439,-10.7905,-16.1896,-15.9372,-13.3441,-13.1112,-17.2098,-18.1271,-22.7235,-13.1860,-21.2354,-19.2509,-13.4255,-14.1602,-17.1431,-13.1035,-16.6404,-10.2592,-9.9647,-10.0671,-14.4460,-10.5977,-12.3483,-10.0449,-8.7619,-5.6111,-7.7122,-3.0438,-10.0068,-12.2921,-11.1338,-12.2240,-11.4964,-8.9388,-2.0308,-7.4864,-8.2175,-3.6289,-8.0526,-8.9054,-10.3331,-5.5274,-8.0317,-8.4865,-5.6591,-10.7278,-9.2320,-0.1647,-6.6025,-9.5233,-6.9501,-8.2333,-7.4933,-4.0296,-6.7950,1.8396,4.0173,-1.0777,-1.5400,-5.3689,8.6166,2.8615,-0.3288,-3.3588,-2.0171,-3.8955,-1.2434,-4.9294,-4.4922,-5.9896,-9.4501,-8.6883,-7.9095,-2.3784,-2.9575,-0.9265,-7.7373,-3.3124,-4.3204,5.4736,0.4884,-2.5579,-3.3100,-3.9251,-4.8634,-2.1189,-2.6940,-8.8738,-2.8940,-3.1200,-3.3533,-3.6447,-3.9408,-4.4395,-7.5845,-7.8801,-5.4628,-5.5822,-11.5547,-5.6928,-5.8113,-5.9809,-6.1716,-6.3652,-6.6826,-9.6283,-8.7486,-7.4149,-7.4763,-13.1517,-7.5071,-7.5649,-7.7077,-7.8629,-8.0243,-8.2826,-10.9843,-9.3505,-8.8984,-8.9511,-14.3277,-9.0189,-9.0808,-9.2294,-9.3879,-9.5477,-9.8025,-12.0694,-10.4232,-10.3374,-10.5059,-15.3980,-11.0260,-10.9168,-10.8857,-10.8743
45114.5416667,-26.2516,-25.2077,-17.5521,-15.0829,-0.4674,-14.2752,-14.4947,-25.6409,-13.5523,-14.1432,-16.4224,-16.5450,-19.0852,-16.8434,-16.7156,-17.6942,-15.0445,-15.9399,-18.9442,-22.0047,-9.8954,-23.4452,-18.0894,-22.0013,-13.8852,-3.5997,-13.0239,-20.4686,-9.3634,-20.2028,-10.0156,-13.7684,-8.2532,-5.4284,-2.6420,-7.9934,-4.1455,-6.7402,-18.5267,-3.2736,-4.7104,-6.9688,-19.9315,-18.1178,5.3446,-7.5748,-13.0946,-13.7789,-17.1591,-19.2624,-10.0123,-10.6653,-9.7734,-8.2971,-16.3090,-14.8608,-16.2285,-9.5118,1.4717,-4.2223,-5.4763,-7.4098,-17.3334,-16.4234,-14.1057,-12.9843,-5.8221,-6.3621,-19.7998,-12.6227,-3.8557,-5.5190,-8.0878,-12.2527,-8.4264,3.6073,-0.0712,7.8279,-5.1168,-1.6168,19.8393,13.9071,4.2694,0.2078,-11.5155,-9.7676,-2.0106,-10.8599,-0.9436,-6.5837,-1.0259,1.1044,-0.0521,-4.5612,-10.9358,-10.3826,-9.6761,-2.0360,-8.6926,-10.1788,-11.7923,-10.7215,-15.6010,-15.4839,-13.8471,-14.0703,-17.4811,-19.3575,-25.2057,-18.7004,-25.1555,-22.3694,-16.7244,-15.1622,-18.0138,-14.0840,-20.4298,-13.5762,-14.1773,-13.3715,-16.4082,-15.0050,-16.7506,-15.4320,-14.0895,-10.9943,-12.8759,-7.8004,-13.7304,-14.4623,-14.2236,-14.7407,-16.6050,-15.3319,-6.6186,-12.3557,-12.6707,-7.9281,-11.0760,-12.4168,-13.5874,-9.2826,-10.9957,-11.0676,-8.6966,-12.5115,-11.8128,-3.1104,-12.0417,-13.9350,-11.2622,-13.7548,-12.7446,-11.1628,-11.1602,-1.5561,0.1583,-2.8286,-3.5741,-8.0082,6.0774,0.7116,-1.8952,-3.5785,-0.9510,-3.7309,-2.5830,-6.8787,-8.5767,-10.0664,-11.7946,-11.6497,-11.6144,-7.1521,-7.8233,-4.7601,-11.7929,-7.4048,-7.9956,1.8847,-2.5295,-4.9257,-5.3809,-5.1402,-5.4136,-3.9562,-4.5790,-11.1926,-5.2398,-5.2245,-5.2064,-5.2442,-5.2824,-5.5263,-7.7366,-7.8142,-5.9387,-6.1733,-12.6682,-7.0009,-7.0431,-7.1376,-7.2473,-7.3509,-7.5748,-9.7715,-9.1282,-8.1030,-8.3522,-14.5698,-9.1677,-9.1817,-9.2710,-9.3528,-9.4211,-9.5716,-11.5562,-10.3449,-9.9172,-10.0881,-15.2650,-10.7777,-10.7863,-10.8876,-10.9917,-11.0839,-11.2580,-12.9133,-11.6807,-11.5026,-11.5991,-15.2164,-12.0840,-12.0561,-12.1311,-12.2039
45114.5833333,-24.6799,-23.1428,-17.2156,-14.9096,-2.0003,-13.7897,-15.8326,-28.6988,-16.1873,-14.8689,-17.5909,-18.0375,-19.3245,-18.4914,-18.9781,-19.9517,-17.9477,-18.7664,-19.8959,-23.5500,-13.2179,-26.7276,-19.1248,-26.7512,-17.8186,-8.1271,-18.8939,-23.7677,-12.7831,-23.0732,-15.7861,-18.9596,-13.4062,-6.2447,-3.4638,-7.9616,-4.3867,-7.6060,-20.0242,-4.3074,-5.8626,-7.6303,-21.7766,-16.6901,3.7041,-12.0407,-16.5114,-15.7285,-19.6133,-21.5117,-12.9310,-14.1502,-13.0780,-10.9593,-17.6718,-20.8447,-21.5618,-15.4903,-1.8205,-7.2191,-8.3556,-9.9555,-21.6335,-21.1869,-18.0377,-13.5674,-8.3341,-9.6329,-23.8816,-16.3045,-7.3187,-7.6228,-9.1463,-16.1186,-10.7111,-1.4491,-5.4738,-0.7803,-11.9198,-7.6356,16.5600,10.5075,1.2886,-2.3178,-15.2380,-10.7138,-3.4160,-10.5930,-1.8213,-6.7376,-1.7566,0.4398,-0.4997,-5.6257,-10.9446,-10.4155,-9.5507,-0.5939,-7.8474,-9.1188,-10.5550,-10.0156,-13.2504,-13.0701,-11.9630,-12.4290,-15.2270,-17.6243,-23.3571,-20.6862,-26.1839,-23.0063,-20.0153,-15.1741,-17.3577,-13.6051,-21.9269,-15.4112,-18.8279,-14.6641,-15.2660,-15.4319,-17.0522,-16.8550,-19.7276,-15.3834,-16.3605,-10.8023,-15.4165,-14.4310,-16.7015,-15.9535,-18.9880,-18.5334,-8.9296,-15.0124,-17.8503,-11.7068,-12.9132,-14.0968,-14.9012,-10.5847,-10.9746,-10.9366,-9.8453,-12.9735,-12.6835,-4.3806,-15.1726,-16.1567,-13.0464,-16.3047,-15.5684,-16.3389,-13.7510,-4.0955,-3.3929,-4.8572,-5.6281,-10.6626,2.9191,-2.0523,-4.0826,-4.7338,-1.0720,-4.3917,-4.0983,-8.4059,-11.3303,-12.2853,-12.2407,-12.4999,-13.3827,-10.0535,-10.8508,-6.7169,-12.0579,-9.1083,-9.5983,-0.4739,-4.4962,-6.4119,-6.9214,-6.5193,-6.3275,-6.0122,-6.6058,-11.4214,-7.0912,-7.0336,-6.9778,-6.9890,-6.9987,-7.2087,-8.8898,-8.8642,-7.3095,-7.3971,-12.0703,-7.8939,-7.8289,-7.8397,-7.8862,-7.9387,-8.1198,-9.8229,-9.3269,-8.4258,-8.5766,-13.1160,-9.1937,-9.1749,-9.2641,-9.3696,-9.4766,-9.6736,-11.2912,-10.4665,-10.0817,-10.2299,-14.0853,-10.8315,-10.8206,-10.9141,-11.0176,-11.1166,-11.3094,-12.6368,-11.7804,-11.6116,-11.7162,-14.4899,-12.1921,-12.1602,-12.2317,-12.2973
45114.6250000,-18.7311,-18.4032,-13.4581,-10.8412,1.2121,-8.8286,-11.9540,-26.6408,-14.1012,-11.3776,-14.4725,-15.4124,-16.2434,-16.8603,-18.3233,-19.7351,-18.6687,-19.5478,-19.1384,-23.2250,-14.3007,-27.4603,-18.2730,-25.2882,-18.5010,-10.5238,-23.1181,-26.2644,-16.1272,-24.5790,-21.1659,-24.0680,-19.0948,-11.2514,-4.0824,-7.8746,-0.4493,-2.9167,-15.8941,-0.0621,-1.8530,-3.5593,-18.4433,-12.0843,5.7193,-12.5206,-16.0936,-14.2178,-18.6293,-17.1450,-11.7416,-14.5021,-14.1198,-11.8584,-17.4531,-25.4191,-25.7947,-20.6329,-4.0177,-8.4946,-9.1974,-10.3490,-23.6632,-24.0648,-20.3827,-17.1133,-9.5902,-9.1109,-25.3143,-18.3042,-9.4073,-9.5625,-10.5651,-14.9272,-6.3896,-0.3602,-5.0015,-3.7374,-13.5669,-4.3330,17.6169,11.0618,1.9441,-1.5165,-11.9087,-9.3507,-3.6433,-10.1156,-2.8350,-7.1672,-2.7408,-0.0800,-0.3148,-5.3206,-10.6904,-8.4568,-7.4435,2.2994,-5.1884,-6.4182,-7.8528,-7.7773,-9.1273,-8.8972,-7.6340,-8.4044,-10.9868,-13.6760,-19.4774,-19.6309,-23.0325,-21.0757,-20.4930,-15.9472,-15.8170,-12.0861,-19.0244,-14.5051,-20.5685,-17.6206,-14.3679,-15.1547,-15.9122,-16.3380,-19.1295,-17.2376,-18.2018,-12.6390,-16.1240,-15.2661,-16.1838,-17.8427,-20.7349,-20.8557,-10.2386,-15.9386,-18.1882,-13.7033,-13.8316,-15.5343,-16.1511,-14.5313,-13.8139,-11.1017,-9.6124,-11.4045,-12.7200,-3.3739,-14.9514,-14.9888,-11.8575,-14.7307,-14.8912,-18.4361,-14.1444,-4.8239,-4.8798,-5.0415,-5.5524,-10.9093,2.0820,-4.1538,-3.5104,-3.3271,1.1123,-2.5013,-2.7519,-8.2400,-11.3966,-12.4248,-11.3577,-11.9919,-13.6048,-10.8231,-11.9621,-5.9320,-9.9738,-7.9834,-8.3697,0.0024,-3.5414,-5.0366,-5.5795,-5.1229,-4.6099,-5.0758,-5.7134,-9.3660,-6.2518,-6.2646,-6.2782,-6.3607,-6.4348,-6.7013,-8.0932,-8.0806,-6.8515,-6.9496,-10.4591,-7.4074,-7.3520,-7.3684,-7.4128,-7.4515,-7.6077,-8.9590,-8.5524,-7.7340,-7.8158,-11.1742,-8.2527,-8.1799,-8.2216,-8.2792,-8.3360,-8.4803,-9.7549,-9.1187,-8.7051,-8.7955,-11.6954,-9.2712,-9.2367,-9.3194,-9.4170,-9.5122,-9.7037,-10.7818,-10.1644,-9.9876,-10.0878,-12.2638,-10.5407,-10.5175,-10.6033,-10.6762
45114.6666667,-12.5645,-12.0584,-6.7469,-3.7187,8.1879,-0.2078,-3.2624,-18.5741,-6.9579,-3.4582,-6.4677,-6.9034,-7.5746,-10.5667,-12.4397,-13.8659,-13.4668,-14.4564,-13.1424,-17.7717,-10.6753,-22.0994,-13.2380,-19.8665,-14.3894,-7.2278,-19.5678,-22.2718,-16.6187,-23.2032,-23.2335,-26.3545,-22.6752,-15.5132,-9.0166,-12.0395,-2.4305,-2.6063,-13.8464,2.9904,2.9170,2.6107,-10.2226,-3.5597,12.9821,-5.6139,-8.6300,-6.7435,-11.3885,-9.9068,-5.4070,-8.4063,-8.2465,-6.0157,-10.2436,-22.7049,-23.7433,-19.7914,-3.0167,-6.4658,-6.8412,-7.6161,-21.4714,-23.0003,-19.3626,-18.1730,-12.5591,-9.7779,-23.6558,-17.4664,-9.2630,-11.1799,-12.4434,-14.4703,-5.1155,0.0893,-3.2738,-3.1898,-11.0083,0.4807,21.5492,15.9879,7.7461,4.6934,-2.9731,-0.9690,4.3044,-1.0824,5.2878,1.4456,5.0181,8.0669,7.6968,1.9573,-4.3757,-2.1953,-1.4357,7.7052,0.8286,-0.4349,-1.8355,-1.8234,-2.2546,-3.2009,-0.8476,-1.0408,-2.9765,-5.5255,-10.8657,-12.8577,-14.8639,-13.4233,-14.3691,-10.5066,-11.3887,-6.7303,-12.3682,-9.3947,-16.4067,-14.9115,-10.1426,-12.2228,-13.8892,-13.6237,-16.3546,-14.4415,-14.7548,-9.4535,-11.8356,-10.8750,-12.8016,-15.1053,-18.7948,-20.0385,-10.4866,-15.0887,-16.3151,-12.6297,-11.1787,-12.8258,-14.2686,-14.2478,-13.5002,-10.2161,-9.1619,-9.7721,-12.1016,-3.8793,-14.5508,-14.1080,-12.3601,-13.2722,-12.7317,-16.6611,-11.0286,-3.4240,-3.0035,-2.4334,-2.1824,-6.9170,4.3678,-2.0729,-0.2199,0.6935,5.2126,1.0747,1.3171,-4.8210,-7.8207,-8.7057,-6.9748,-7.7730,-10.1976,-8.5626,-10.6136,-3.8880,-6.6798,-5.0155,-5.0141,2.5540,-0.1711,-1.1762,-1.5062,-0.8533,-0.2305,-0.4566,-0.8503,-3.5346,-1.0912,-1.0224,-0.9791,-1.0319,-1.0915,-1.3651,-2.5538,-2.5329,-1.5031,-1.6173,-4.3659,-2.1058,-2.0927,-2.1606,-2.2602,-2.3519,-2.5639,-3.7661,-3.4883,-2.7735,-2.8743,-5.5057,-3.3212,-3.2651,-3.3294,-3.4062,-3.4756,-3.6292,-4.7238,-4.2414,-3.8086,-3.8686,-6.1365,-4.2648,-4.1993,-4.2600,-4.3358,-4.4071,-4.5780,-5.4737,-4.9878,-4.7626,-4.8279,-6.5862,-5.2144,-5.1653,-5.2365,-5.2932
45114.7083333,-6.9056,-7.2007,-1.8923,0.8504,11.8291,4.9977,3.0782,-10.0906,0.4200,3.7566,0.9230,1.4100,0.9387,-1.7351,-3.5454,-4.8056,-4.7921,-5.8256,-4.2879,-8.7324,-3.9585,-12.7301,-5.2927,-11.3945,-7.7101,-1.4399,-11.7693,-13.5375,-10.7846,-15.8525,-18.7373,-22.6945,-21.4785,-15.3246,-10.3367,-12.8617,-4.2570,-4.0166,-13.0459,2.3646,3.0311,3.5714,-6.3928,-0.0801,16.5879,0.9860,-0.6583,1.3693,-2.1863,-0.3903,3.0127,0.4178,0.4882,2.3983,-0.8880,-13.7866,-15.0222,-12.0465,2.6063,-0.4170,-0.9547,-1.7417,-14.3247,-16.3889,-12.5182,-12.9970,-9.3845,-8.0438,-20.4068,-15.7234,-9.3405,-10.7267,-11.9101,-12.6496,-4.3469,-0.4497,-2.8840,-2.7609,-8.6890,2.3424,21.8897,17.3409,9.7573,6.9324,1.8390,3.7854,9.4172,5.2805,11.5416,7.7922,11.8424,15.8959,16.2010,11.2970,5.1147,7.4835,8.4114,15.7728,10.2540,8.8931,7.7564,8.2998,6.3563,5.5890,7.7854,7.7796,5.7336,3.2624,-1.4697,-3.9763,-5.2570,-4.4881,-5.6753,-2.5827,-3.8381,-0.0246,-4.4477,-2.4572,-8.7108,-7.9116,-3.3655,-6.0222,-7.8279,-8.2125,-12.0137,-10.4332,-10.1550,-5.3251,-6.5830,-5.0474,-7.0012,-8.7624,-12.3347,-14.1823,-7.3115,-11.3767,-12.4027,-9.8151,-7.6697,-9.2355,-10.7574,-10.9562,-9.7814,-6.9065,-6.7264,-6.5036,-8.7290,-2.8794,-11.6320,-10.9140,-10.2935,-11.0929,-10.7773,-14.8749,-8.2752,-3.3270,-2.6891,-2.0123,-0.9491,-4.2136,5.5590,0.3457,2.1784,3.5380,7.4921,3.2882,4.6502,-0.5694,-2.9034,-3.3519,-1.6875,-2.3288,-4.7812,-3.7893,-5.5561,0.2246,-1.9643,-0.8017,-0.8260,5.5668,3.1932,2.2076,1.9459,2.7032,2.8737,3.2893,3.1309,1.2444,3.2858,3.5541,3.8095,3.9776,4.1398,4.0903,3.2931,3.5135,4.5644,4.6411,2.6630,4.5036,4.6450,4.6917,4.6902,4.6792,4.5333,3.5508,3.7821,4.4291,4.3529,2.3031,3.9464,3.9924,3.9178,3.8272,3.7403,3.5677,2.6084,2.9347,3.3123,3.2376,1.4226,2.8304,2.8768,2.8045,2.7199,2.6420,2.4683,1.7035,2.0597,2.2780,2.2227,0.7935,1.8724,1.9321,1.8772,1.8339
45114.7500000,-2.6353,-3.3018,1.5433,3.3964,13.4437,7.0559,6.0244,-5.2850,3.8364,6.6409,4.3675,5.2654,4.4676,3.0783,1.9557,1.2978,1.8188,1.2892,2.5072,-1.0749,2.6311,-4.4130,1.4654,-3.3177,-0.8682,4.7313,-4.3247,-5.6966,-4.4748,-8.3354,-12.3318,-16.2382,-16.3203,-11.0284,-7.5255,-9.8893,-3.1216,-3.0856,-10.5978,2.4685,2.8430,3.3020,-4.9467,0.3965,16.3384,2.9142,2.0409,4.4002,1.6762,3.5550,6.7864,5.3946,6.0529,7.9776,4.2687,-5.9005,-6.6289,-4.1536,8.6499,6.0013,5.4957,4.6800,-6.2790,-8.4631,-4.8939,-6.0722,-3.4509,-3.3456,-15.1045,-12.4587,-8.1659,-9.8738,-11.1997,-10.9247,-3.7864,-1.0979,-2.8753,-2.9752,-7.7718,2.1877,19.8170,15.8200,8.5527,5.7732,2.4594,4.0290,9.6815,6.2046,12.1535,7.9513,12.7951,17.5281,18.4396,14.5136,7.8757,10.9229,12.5236,18.1869,14.2066,12.8359,12.3252,14.7959,11.5884,11.2027,13.8271,14.5009,12.2108,10.4837,6.0915,4.5363,2.8869,3.1663,2.2183,4.1719,3.1762,5.7964,2.5697,4.2070,-1.2512,-0.8871,2.1085,0.5091,-1.3664,-1.8617,-5.9742,-5.0118,-4.7259,-0.8068,-1.8846,-0.8628,-2.5355,-3.9015,-6.8626,-8.7721,-3.6865,-7.0535,-7.7984,-5.9814,-3.7461,-5.2241,-6.8043,-7.5358,-6.3135,-3.9343,-4.2092,-3.7811,-5.6387,-1.4546,-8.5646,-7.7616,-7.6965,-8.1568,-8.0965,-12.4347,-5.7828,-2.7751,-2.6164,-1.9780,-0.9005,-3.1416,5.1140,0.4411,2.0067,3.7554,7.0711,3.0249,5.2055,0.8368,-0.5388,-0.4421,0.7741,0.6799,-0.8922,0.0034,-1.1364,3.7280,1.8894,2.7551,2.6267,8.4697,6.0823,4.7684,4.5234,5.5109,4.9118,5.9570,5.8032,4.3414,5.8954,6.1175,6.3369,6.4853,6.6389,6.6084,5.9855,6.2319,7.1810,7.3316,5.8972,7.4108,7.6547,7.8218,7.9529,8.0809,8.0872,7.4029,7.7192,8.4197,8.4934,7.0216,8.3934,8.5550,8.5965,8.6134,8.6232,8.5424,7.7979,8.0903,8.4781,8.4530,7.0421,8.1430,8.2029,8.1472,8.0747,8.0032,7.8384,7.1869,7.4410,7.6307,7.5693,6.3907,7.2238,7.2659,7.2031,7.1515
45114.7916667,1.6884,1.0391,5.0569,6.3863,15.6283,9.0023,8.6462,-1.2279,6.2693,8.0576,6.3587,7.0671,5.5498,5.2342,4.7184,4.3810,5.3571,5.1089,5.6931,3.2830,6.8755,0.9155,5.2004,2.1334,4.0257,9.6004,1.4718,0.3314,1.1876,-1.9771,-6.0976,-9.8393,-10.6768,-6.0843,-3.5299,-5.6165,-0.3087,-0.4082,-6.6473,4.2523,4.3829,4.7075,-2.1848,2.1194,16.5138,4.1778,3.1831,5.3379,2.7190,4.2180,7.1879,6.6189,7.6854,9.5389,5.1867,-1.7804,-2.0379,0.2550,11.8402,9.5001,9.2413,8.5916,-0.1774,-2.0783,1.0786,-0.1251,2.1250,1.7328,-8.8953,-7.6790,-5.0031,-7.0776,-8.6250,-8.2594,-2.5574,-1.1337,-2.7490,-2.9285,-6.8096,1.8454,17.6910,14.2201,7.4915,4.8819,2.6942,3.9631,9.2908,6.2084,11.5847,6.9449,12.1903,16.8902,17.9436,14.4697,7.3844,10.3795,12.2551,16.3356,13.6394,12.1745,12.0319,16.0838,12.7951,12.7891,16.1200,17.3226,14.7669,14.1638,10.0850,10.5663,8.1299,8.1905,7.8910,8.7044,8.4213,9.6408,7.8026,9.6548,5.2664,5.4097,6.0823,6.0283,4.2337,3.9673,0.2684,0.6943,0.8709,4.0585,2.8810,2.9723,1.7984,0.5718,-1.8798,-3.7089,-0.0237,-2.8892,-3.5553,-2.3298,-0.4327,-1.7033,-3.1438,-4.0685,-3.0107,-1.1848,-1.5948,-1.2647,-2.7878,0.0596,-5.5134,-4.7997,-5.1591,-5.5454,-5.6325,-9.8428,-3.7401,-1.8502,-1.9752,-1.3889,-0.3743,-1.9881,4.7759,0.6981,1.9287,3.6401,6.2699,2.6441,4.8744,1.1635,0.1918,0.4657,1.1138,1.4970,0.7969,1.8225,1.1415,5.1936,3.6798,4.4392,4.2869,9.9663,7.5602,5.9597,5.8387,7.2005,5.9258,7.6385,7.5592,6.5000,7.7108,7.9236,8.1283,8.2666,8.4034,8.3771,7.8802,8.0820,8.8475,8.9747,7.8916,9.0426,9.2531,9.4024,9.5251,9.6494,9.6735,9.1502,9.4291,10.0466,10.1592,9.0935,10.1936,10.4009,10.5129,10.6093,10.7042,10.7240,10.2133,10.5222,10.9431,11.0192,10.0197,10.9433,11.0848,11.1245,11.1449,11.1603,11.0885,10.6235,10.8638,11.0753,11.0675,10.1707,10.8396,10.9015,10.8687,10.8382
45114.8333333,4.9944,4.8190,7.8926,9.1303,17.9192,10.6458,11.1102,2.6553,8.9589,9.6517,8.6835,9.0789,6.9925,7.6743,7.3910,6.9494,7.9307,7.5905,7.2218,5.6337,9.2870,3.9342,6.7938,5.1076,6.6822,12.3681,5.0182,3.9886,5.2048,2.5308,-0.8313,-4.0979,-5.1600,-1.1841,0.7584,-1.0964,3.1566,2.9324,-2.2645,6.7339,6.7151,6.7658,1.0286,4.4781,17.4656,6.2726,4.9910,6.7183,4.0748,5.0161,7.5788,7.4154,8.4254,9.9114,5.1079,0.6357,0.4981,2.4782,12.7592,10.3930,10.2643,9.6203,2.9445,1.5596,4.2152,3.4987,5.8809,5.7233,-3.1185,-2.6138,-0.9454,-3.1128,-4.6452,-4.4178,-0.1227,0.5676,-1.0196,-1.4439,-4.8048,2.4748,16.2549,13.1823,6.8335,4.3969,3.0357,3.9062,8.8008,6.0289,10.8744,6.0592,11.5596,15.9421,16.9957,13.9834,6.6870,9.4818,11.2883,13.9606,12.2212,10.6586,10.7462,15.6336,12.3363,12.5012,16.3527,17.7665,14.8487,15.1993,11.2440,13.7681,10.4313,10.4115,10.8583,10.6873,11.2620,11.3543,10.6835,12.9530,9.7320,9.9029,8.2446,10.0873,8.4142,8.6696,6.0307,6.3154,6.2331,8.8440,7.2116,6.1712,5.7105,4.7720,2.9408,1.4012,4.1230,1.4962,0.7811,1.5772,2.7905,1.7016,0.4372,-0.4677,0.2674,1.4739,1.1075,1.1127,-0.0261,1.9966,-2.4050,-1.8498,-2.4006,-2.8119,-3.0941,-7.0056,-1.7751,-0.6199,-0.8791,-0.3974,0.4687,-0.7178,4.7528,1.3298,2.2204,3.7259,5.7190,2.6670,4.7184,1.6111,0.9148,1.1141,1.2737,1.7654,1.5654,2.5947,2.1553,5.3013,3.9859,4.6077,4.4070,9.8737,7.4496,5.6688,5.6684,7.3269,5.5789,7.7814,7.8104,7.1371,8.1318,8.4011,8.6631,8.8702,9.0716,9.1380,8.8421,9.0728,9.7302,9.8995,9.1652,10.0696,10.2874,10.4527,10.5922,10.7276,10.7778,10.4063,10.6378,11.1368,11.2482,10.4826,11.3130,11.4970,11.6076,11.7070,11.8059,11.8460,11.4827,11.7384,12.0989,12.1963,11.4926,12.2174,12.3772,12.4613,12.5333,12.6036,12.6065,12.3119,12.5486,12.7783,12.8378,12.2252,12.7843,12.8969,12.9313,12.9533
45114.8750000,7.9891,8.5856,10.8365,12.2190,20.9682,12.8873,14.2580,6.7712,12.2087,11.8153,11.5934,11.6884,9.0047,10.6499,10.7527,10.2480,11.3531,10.9192,9.4881,8.4155,12.2519,7.0578,8.5398,7.9331,9.1181,14.9695,8.0082,6.7213,8.4207,5.7452,3.3669,0.6047,-0.3270,3.2064,4.9580,3.3568,7.0614,6.9435,2.3396,10.0531,10.1192,9.8744,5.0840,7.9048,19.8757,9.7366,8.0050,9.2744,6.4474,6.8552,9.1443,9.3692,10.3064,11.4532,6.1858,3.7136,3.3861,4.9536,14.0449,11.5591,11.4531,10.6853,5.5854,4.4399,6.3326,5.9185,8.3279,8.4632,1.2431,1.6756,3.0907,1.2886,-0.0972,-0.0947,2.9457,3.7489,2.3234,1.8900,-0.9635,5.3157,17.3476,14.7365,8.6804,6.3014,5.6951,6.1161,10.5938,7.9766,12.2239,7.1668,12.7454,16.6908,17.5715,14.8456,7.2753,9.7560,11.3824,12.9651,11.9333,10.3103,10.5200,15.8932,12.2057,12.4469,16.6487,18.1674,14.9159,15.8938,11.7169,15.7343,11.2030,10.9274,11.9731,11.0196,12.3205,11.5821,11.8182,14.6327,12.5006,12.8256,9.0972,12.7127,11.1324,12.0973,10.9454,11.4526,11.1952,13.6184,11.3307,8.9884,9.3221,8.7085,7.5374,6.4668,8.8842,6.4141,5.6125,6.2015,6.4260,5.5375,4.3822,3.6954,3.9364,4.5546,4.4773,3.8067,3.0527,4.8401,1.2897,1.5843,0.9761,0.3694,-0.1084,-3.6054,0.5303,1.3258,1.1574,1.4966,2.1328,1.2885,5.9349,3.0948,3.6715,5.0267,6.4999,3.9198,5.8036,3.0844,2.5474,2.4945,2.0852,2.5065,2.6117,3.5819,3.2625,5.5992,4.4069,4.8809,4.6129,9.8515,7.4448,5.5823,5.6558,7.4835,5.4504,7.9113,8.0109,7.6162,8.4289,8.7287,9.0247,9.2793,9.5261,9.6634,9.5238,9.7730,10.3501,10.5726,10.1309,10.8772,11.1397,11.3642,11.5678,11.7643,11.8877,11.6867,11.9250,12.3731,12.5342,12.0463,12.7129,12.9220,13.0743,13.2140,13.3477,13.4278,13.1973,13.4162,13.7254,13.8384,13.3571,13.9144,14.0736,14.1774,14.2711,14.3615,14.3962,14.2049,14.4032,14.6095,14.6902,14.2709,14.7115,14.8398,14.9108,14.9647
45114.9166667,10.1483,11.5513,12.8911,14.3198,22.9724,13.8083,15.9549,9.4619,14.3221,12.8451,13.3829,13.2672,10.1120,12.8195,13.4752,13.0090,14.3503,13.8518,11.3891,10.9752,15.1832,9.9346,10.2731,10.6918,11.5152,17.4255,10.5192,8.9352,11.1844,8.2867,6.9182,4.5020,3.6748,6.5403,8.0717,6.5333,9.7933,9.8487,5.6266,12.4523,12.6260,11.9896,7.9991,10.3851,21.7826,12.9275,10.8030,11.7071,8.7729,8.7031,10.8443,11.4361,12.2715,13.0399,7.2101,6.9129,6.4349,7.5979,15.4885,12.6613,12.4213,11.4407,7.7529,6.9086,8.0823,7.9644,10.2619,10.4537,4.2550,4.6797,6.0018,4.6860,3.4710,3.3522,5.2150,6.5990,5.3090,4.9928,2.4928,7.8364,18.1169,15.7718,9.7679,7.3010,7.5475,7.6562,12.0802,9.6647,13.5729,8.1995,14.1009,17.6972,18.4514,16.0880,8.2473,10.5951,12.0520,12.6687,12.1078,10.3951,10.6505,16.2929,12.0886,12.3041,16.6349,18.1089,14.5217,16.0029,11.7538,17.0132,11.4052,10.8822,12.2699,10.6682,12.3835,10.9841,11.7332,14.8119,13.4241,13.7915,8.5267,13.4150,11.9292,13.5647,13.9676,14.8628,14.4266,16.7788,13.7306,10.2167,11.4323,11.2897,10.8888,10.4446,13.0191,10.6833,9.8558,10.4737,9.5224,8.9547,8.0249,7.7560,7.3900,7.4564,7.8384,6.2581,5.9739,7.9235,4.8941,4.8330,4.3260,3.5651,3.0083,0.1273,2.9316,3.5388,3.4923,3.4931,3.7368,3.1092,7.2686,4.7518,4.9240,6.1217,7.0942,4.8190,6.6942,4.2787,4.1482,3.9660,3.0471,3.4752,3.9013,4.7694,4.4226,5.9677,4.7734,5.0550,4.6620,9.5821,7.0973,5.1436,5.2206,7.0925,4.8642,7.3779,7.4672,7.2418,7.8723,8.1490,8.4287,8.6844,8.9391,9.1202,9.1087,9.3718,9.8672,10.1146,9.8944,10.5097,10.7855,11.0346,11.2691,11.4985,11.6764,11.6254,11.8822,12.2861,12.4882,12.2322,12.7871,13.0201,13.2125,13.3952,13.5727,13.7114,13.6298,13.8619,14.1555,14.3094,14.0424,14.5024,14.6808,14.8176,14.9449,15.0673,15.1481,15.0673,15.2573,15.4507,15.5537,15.3027,15.6532,15.7825,15.8679,15.9319
45114.9583333,10.8193,13.1467,13.8023,15.4025,24.1770,14.0142,16.8715,11.0913,15.5061,13.0561,14.1788,13.8058,10.1526,13.7615,14.8920,14.4393,16.1005,15.6041,12.1941,12.4139,17.2510,11.8077,11.2339,12.6679,13.2715,19.5041,12.4840,10.5525,13.4829,10.1862,9.8671,7.7324,7.0450,9.2071,10.5307,8.8691,11.7374,11.8552,7.6467,13.8775,14.1044,13.0373,9.6345,11.6848,22.7232,14.9691,12.3844,13.0786,9.9885,9.5525,11.7289,12.7671,13.6317,14.1416,7.7150,9.5420,8.9316,9.7792,16.7546,13.5899,13.2240,12.0284,9.4651,8.8567,9.3225,9.4487,11.6705,11.8705,6.1865,6.6393,8.0336,7.2433,6.0996,5.5784,6.4579,8.6626,7.4563,7.3884,5.1510,9.7930,18.5763,16.4435,10.3960,7.7778,8.7245,8.4986,12.9127,10.5674,14.1758,8.4172,14.6346,17.9404,18.5820,16.5228,8.3665,10.6681,12.0409,11.9696,11.7864,10.0490,10.3749,16.2844,11.6417,11.8667,16.2988,17.7343,13.8901,15.7193,11.3533,17.5721,11.0276,10.3259,11.9603,9.9427,11.9250,10.1185,11.1829,14.4283,13.5892,13.9411,7.6199,13.1535,11.6431,13.6890,15.3717,16.5417,15.8334,18.1698,14.3487,9.8971,11.7537,11.9964,12.2790,12.4888,15.5629,13.3865,12.6372,13.5408,11.4224,11.2442,10.5880,10.9445,9.9713,9.6162,10.6623,8.0639,8.2884,10.8041,8.1055,7.6599,7.3573,6.3871,5.8358,3.7387,5.1051,5.7862,6.0412,5.6404,5.4166,4.9373,8.9944,6.6361,6.3844,7.4733,8.0000,5.8511,7.7215,5.3834,5.5436,5.1249,3.6126,4.0615,4.8593,5.7358,5.3861,6.3027,5.0922,5.2361,4.7442,9.4091,6.8722,4.8771,4.9329,6.7713,4.4624,6.8903,6.9219,6.7576,7.1980,7.3926,7.5926,7.7792,7.9690,8.1111,8.1216,8.3298,8.7069,8.9149,8.7980,9.2739,9.5164,9.7449,9.9672,10.1900,10.3800,10.4116,10.6622,11.0191,11.2362,11.1319,11.5992,11.8418,12.0565,12.2649,12.4698,12.6473,12.6692,12.9113,13.1966,13.3833,13.2727,13.6725,13.8742,14.0459,14.2100,14.3696,14.4986,14.5124,14.7152,14.9192,15.0582,14.9459,15.2546,15.4056,15.5210,15.6078
45115.0000000,10.8809,13.9688,14.0231,15.7592,24.6728,13.6492,17.0670,11.9103,15.9903,12.7466,14.3345,13.7663,9.7668,14.0991,15.6490,15.1903,17.1225,16.5769,12.3136,12.9961,18.4577,12.7313,11.4319,13.7399,14.2007,20.8899,13.6812,11.4577,15.1914,11.4981,12.3008,10.4489,9.9871,11.4809,12.6564,10.8047,13.3778,13.5400,9.1668,14.9495,15.1990,13.7070,10.7376,12.5085,23.2444,16.3670,13.2513,13.7171,10.4170,9.6861,11.9189,13.3442,14.2640,14.5790,7.6448,11.3965,10.6972,11.3179,17.6275,14.1790,13.7492,12.4066,10.8138,10.4662,10.3204,10.6975,12.9078,13.0519,7.4630,7.9101,9.4379,9.1677,8.0401,7.0080,7.0930,10.1426,8.9757,9.2130,7.1654,11.2728,18.7766,16.8307,10.7121,7.9430,9.4848,8.9922,13.4774,11.1804,14.5734,8.4760,14.9727,18.0211,18.5438,16.7191,8.2757,10.5168,11.7973,11.2155,11.2795,9.5253,9.8749,15.9265,10.9602,11.1791,15.6455,17.0454,13.0462,15.0986,10.7143,17.6926,10.4346,9.6171,11.3884,9.1256,11.2332,9.1980,10.4244,13.7327,13.3002,13.6357,6.7549,12.5410,11.0269,13.3332,16.0231,17.3683,16.3229,18.6057,14.0815,9.0160,11.2029,11.6653,12.4121,13.1240,16.7122,14.6219,13.9390,15.1933,12.0296,12.2283,11.8571,12.9078,11.4002,10.7582,12.5488,9.0150,9.7515,13.0530,10.5780,9.7808,9.8025,8.6960,8.2643,7.0797,6.9722,7.8859,8.5801,7.7295,7.0186,6.6825,10.9853,8.6763,8.0116,9.0722,9.2144,7.0851,9.0471,6.6759,7.1396,6.4459,4.3029,4.7114,5.8109,6.6847,6.2828,6.6635,5.4045,5.4367,4.8622,9.3330,6.7617,4.7540,4.7932,6.5851,4.2597,6.5868,6.5794,6.4584,6.7642,6.8985,7.0377,7.1684,7.3022,7.4034,7.4125,7.5612,7.8299,7.9810,7.9043,8.2460,8.4256,8.5972,8.7667,8.9388,9.0905,9.1332,9.3325,9.6098,9.7923,9.7515,10.1158,10.3258,10.5196,10.7121,10.9054,11.0822,11.1522,11.3793,11.6392,11.8320,11.8172,12.1627,12.3706,12.5586,12.7421,12.9231,13.0832,13.1622,13.3740,13.5867,13.7536,13.7431,14.0277,14.2002,14.3435,14.4521
45115.0416667,10.7276,14.4277,13.9908,15.8425,24.8960,13.1912,17.0179,12.3758,16.1909,12.3299,14.2534,13.5194,9.2865,14.1848,16.0442,15.5436,17.6913,17.0837,12.1205,13.1286,19.1546,13.1330,11.2740,14.2570,14.5969,21.7385,14.2904,11.7845,16.2597,12.1603,14.0493,12.4934,12.3634,13.2832,14.4125,12.3729,14.7736,15.0132,10.3876,15.9122,16.1841,14.3001,11.6582,13.2056,23.6877,17.4989,13.8231,14.1049,10.5513,9.5869,11.8431,13.5462,14.4870,14.6265,7.3215,12.6234,11.8136,12.2466,18.0478,14.3501,13.8800,12.4297,11.6506,11.5690,10.9097,11.5512,13.8509,14.0050,8.3437,8.7810,10.4720,10.6971,9.5399,7.9279,7.3966,11.2251,10.0642,10.6355,8.7297,12.4479,18.8662,17.0836,10.8855,7.9979,10.0114,9.2911,13.8660,11.5913,14.8183,8.4352,15.1663,18.0033,18.4258,16.7981,8.1284,10.3131,11.5190,10.5806,10.8158,9.0698,9.4255,15.5267,10.3332,10.5335,14.9637,16.3099,12.2196,14.4097,10.0194,17.5033,9.7227,8.8358,10.6703,8.3018,10.4450,8.3210,9.6174,12.9180,12.7921,13.1144,6.0199,11.7898,10.2920,12.7386,16.2111,17.6916,16.3324,18.5636,13.4810,8.1079,10.4085,10.9782,12.0088,13.0681,17.0763,14.9926,14.3136,15.8463,11.8031,12.2566,12.0856,13.7317,11.7672,10.9198,13.3703,9.0811,10.2338,14.3479,12.0368,10.9488,11.3460,10.1830,9.9738,9.8040,8.2969,9.5473,10.7953,9.4938,8.3644,8.1816,13.0082,10.6880,9.6339,10.7501,10.5695,8.3859,10.5442,8.0622,8.8810,7.9133,5.1145,5.5681,6.9680,7.8562,7.3712,7.2850,5.9430,5.8725,5.2091,9.5480,6.9339,4.9029,4.9178,6.6620,4.3260,6.5545,6.5040,6.3978,6.5938,6.6715,6.7544,6.8333,6.9162,6.9778,6.9761,7.0742,7.2588,7.3624,7.3067,7.5470,7.6750,7.7987,7.9223,8.0489,8.1621,8.1995,8.3481,8.5529,8.6923,8.6753,8.9445,9.1069,9.2593,9.4123,9.5673,9.7125,9.7840,9.9678,10.1769,10.3411,10.3609,10.6363,10.8175,10.9870,11.1556,11.3247,11.4811,11.5823,11.7789,11.9782,12.1470,12.1924,12.4464,12.6224,12.7756,12.8933
45115.0833333,10.3852,14.5508,13.7162,15.6519,24.8179,12.5912,16.7162,12.5191,16.1320,11.8056,13.9737,13.1228,8.7797,13.9759,16.1161,15.6141,17.9714,17.3213,11.8238,13.0620,19.5460,13.2519,10.9824,14.4568,14.6948,22.2311,14.5432,11.8066,16.9095,12.4306,15.2634,13.9530,14.1583,14.5548,15.6850,13.4660,15.7840,16.1401,11.2418,16.6326,16.9562,14.7385,12.3640,13.7558,24.0758,18.5067,14.3045,14.4070,10.6344,9.4926,11.7494,13.6538,14.5922,14.5700,7.0265,13.5258,12.5771,12.8281,18.1971,14.2692,13.7546,12.2140,12.0824,12.2299,11.1311,12.0042,14.4239,14.6210,8.9008,9.3604,11.2271,11.9121,10.7046,8.5435,7.5377,12.0390,10.8608,11.7538,9.9397,13.3553,18.8363,17.1905,10.9159,7.9349,10.3227,9.4258,14.1040,11.8448,14.9511,8.3427,15.2644,17.9239,18.2616,16.8065,7.9749,10.1098,11.2519,10.0582,10.4078,8.6852,9.0386,15.1276,9.7315,9.9168,14.2708,15.5644,11.4517,13.7002,9.3725,17.1812,9.0570,8.1311,9.9543,7.5642,9.6651,7.5332,8.8264,12.0471,12.1359,12.4416,5.3820,10.9755,9.5211,12.0238,16.0792,17.6715,16.0486,18.2282,12.7437,7.2995,9.5897,10.2082,11.4019,12.6894,17.0081,14.9064,14.2074,15.9443,11.2274,11.8322,11.7811,13.8608,11.5245,10.5222,13.4434,8.6183,10.0251,14.7934,12.5852,11.2565,11.9822,10.7934,10.8228,11.6420,8.8976,10.4917,12.3223,10.6005,9.1323,9.1216,14.6385,12.2831,10.8864,12.1285,11.6847,9.4157,11.8805,9.2696,10.5464,9.3544,5.9069,6.4485,8.2229,9.1978,8.6435,8.1503,6.7036,6.5531,5.8017,10.1039,7.4176,5.3265,5.3189,7.0464,4.6605,6.8392,6.7459,6.6380,6.7443,6.7690,6.7991,6.8279,6.8612,6.8812,6.8580,6.9066,7.0176,7.0735,7.0187,7.1737,7.2514,7.3279,7.4059,7.4876,7.5616,7.5836,7.6853,7.8281,7.9264,7.9160,8.1083,8.2270,8.3400,8.4548,8.5723,8.6841,8.7451,8.8862,9.0462,9.1758,9.2049,9.4148,9.5597,9.6976,9.8360,9.9761,10.1085,10.2034,10.3665,10.5330,10.6796,10.7407,10.9497,11.1050,11.2437,11.3511
45115.1250000,9.9246,14.4403,13.3029,15.3074,24.5654,11.9747,16.2989,12.3960,15.8486,11.1955,13.5320,12.5996,8.2323,13.5497,15.8993,15.3941,17.9262,17.2494,11.3663,12.7746,19.6471,13.1369,10.5890,14.4244,14.5922,22.4793,14.5784,11.6618,17.2696,12.4590,16.0905,14.9892,15.5108,15.4291,16.5760,14.1737,16.4492,16.9190,11.7362,17.0810,17.4650,14.9628,12.8051,14.0924,24.3291,19.3226,14.6466,14.6244,10.6705,9.4047,11.6622,13.7271,14.6667,14.5142,6.8301,14.2681,13.1772,13.2682,18.2766,14.1459,13.5830,11.9623,12.3254,12.6501,11.1682,12.2150,14.7268,14.9500,9.1537,9.6634,11.7194,12.8443,11.5890,8.9297,7.5745,12.6544,11.4544,12.6636,10.9167,14.1147,18.7991,17.2717,10.9301,7.8774,10.5456,9.4997,14.2646,12.0059,15.0116,8.2264,15.2864,17.7946,18.0579,16.7453,7.8015,9.8858,10.9749,9.6113,10.0387,8.3508,8.6983,14.7336,9.2065,9.3745,13.6199,14.8569,10.7653,13.0276,8.7814,16.7629,8.4397,7.5039,9.2827,6.9347,8.9578,6.8762,8.1293,11.2307,11.4696,11.7535,4.8686,10.1841,8.7786,11.2632,15.7278,17.4015,15.5633,17.6942,11.9494,6.5905,8.7985,9.4300,10.7075,12.1408,16.6803,14.5657,13.8472,15.7325,10.5457,11.2310,11.2497,13.6260,11.0207,9.9174,13.1333,7.9906,9.5105,14.7329,12.5937,11.0775,12.0328,10.7886,10.9840,12.6348,8.8857,10.7616,13.1204,11.0409,9.3021,9.4392,15.6675,13.2650,11.5891,12.9962,12.3512,9.9962,12.8134,10.0732,11.8559,10.4888,6.4386,7.1102,9.3256,10.4764,9.8944,9.0599,7.5051,7.3093,6.4814,10.8716,8.0880,5.8997,5.8830,7.6509,5.1648,7.3710,7.2458,7.1348,7.1750,7.1583,7.1458,7.1330,7.1240,7.1064,7.0590,7.0631,7.1125,7.1242,7.0590,7.1428,7.1737,7.2051,7.2390,7.2769,7.3107,7.3091,7.3650,7.4515,7.5083,7.4897,7.6152,7.6906,7.7635,7.8391,7.9179,7.9942,8.0359,8.1352,8.2495,8.3437,8.3682,8.5213,8.6301,8.7352,8.8420,8.9510,9.0557,9.1350,9.2634,9.3953,9.5143,9.5740,9.7386,9.8663,9.9821,10.0724
45115.1666667,9.3697,14.1172,12.7528,14.8010,24.1126,11.3004,15.7446,12.2023,15.5026,10.6263,13.0566,12.0616,7.7302,13.0228,15.5142,15.0046,17.6682,16.9702,10.8294,12.3452,19.5069,12.8365,10.1111,14.1889,14.3065,22.4867,14.4161,11.3822,17.3987,12.3279,16.6357,15.7164,16.5363,16.0222,17.1932,14.6176,16.8721,17.4470,11.9980,17.3192,17.7633,15.0227,13.0411,14.2565,24.4527,19.9601,14.8665,14.7369,10.6508,9.3012,11.5612,13.7592,14.7099,14.4580,6.7007,14.8997,13.6845,13.6425,18.3575,14.0590,13.4576,11.7783,12.5298,13.0008,11.1968,12.3754,14.9508,15.1635,9.2215,9.7577,11.9754,13.4952,12.1964,9.1226,7.5142,13.0773,11.8623,13.3723,11.6754,14.7141,18.7196,17.2991,10.9057,7.8054,10.6944,9.5390,14.3912,12.1361,15.0689,8.1528,15.3180,17.6972,17.8961,16.7051,7.6903,9.7252,10.7651,9.2836,9.7581,8.1057,8.4410,14.3869,8.8679,9.0065,13.1139,14.2823,10.2355,12.4399,8.2981,16.3379,7.9266,6.9940,8.7015,6.4265,8.3482,6.3439,7.5353,10.4915,10.8313,11.0938,4.4711,9.4741,8.1288,10.5504,15.2796,17.0050,14.9920,17.0648,11.1741,5.9965,8.0833,8.7030,10.0050,11.5155,16.1859,14.0710,13.3420,15.3325,9.8536,10.5811,10.6459,13.2110,10.4350,9.2807,12.6529,7.3790,8.9237,14.4122,12.3279,10.6811,11.7865,10.4879,10.7788,13.0598,8.5543,10.6108,13.3827,11.0133,9.1230,9.3546,16.1885,13.7333,11.8307,13.3936,12.5896,10.1593,13.3063,10.4477,12.7183,11.2111,6.6478,7.4803,10.1342,11.5100,10.9301,9.8075,8.1479,7.9353,7.0457,11.6234,8.7210,6.4093,6.3991,8.2616,5.6343,7.9441,7.8064,7.7048,7.7091,7.6728,7.6392,7.6049,7.5729,7.5344,7.4747,7.4510,7.4591,7.4407,7.3680,7.4004,7.3959,7.3921,7.3904,7.3921,7.3915,7.3665,7.3828,7.4214,7.4400,7.4064,7.4753,7.5100,7.5442,7.5813,7.6220,7.6621,7.6790,7.7377,7.8081,7.8658,7.8757,7.9772,8.0490,8.1195,8.1924,8.2681,8.3422,8.3995,8.4925,8.5893,8.6782,8.7265,8.8496,8.9478,9.0380,9.1089
45115.2083333,8.5355,13.4260,11.9308,14.0200,23.3616,10.4821,14.9993,11.7814,14.9881,10.0037,12.5023,11.4923,7.2622,12.5018,15.0867,14.5709,17.3178,16.5925,10.2941,11.8569,19.2119,12.4365,9.6092,13.8257,13.9044,22.3111,14.1152,11.0075,17.3290,12.0593,16.9255,16.1717,17.2774,16.3855,17.5916,14.8603,17.1096,17.7798,12.0903,17.4092,17.9052,14.9632,13.1227,14.2840,24.4554,20.4170,14.9550,14.7484,10.5622,9.1593,11.4173,13.7229,14.6913,14.3677,6.5849,15.4031,14.0855,13.9410,18.4283,13.9985,13.3723,11.6542,12.7141,13.3111,11.2422,12.5277,15.1590,15.3530,9.2189,9.7520,12.0939,13.9532,12.6051,9.1668,7.3825,13.3289,12.1004,13.8907,12.2336,15.1653,18.5965,17.2725,10.8424,7.7149,10.7695,9.5291,14.4579,12.2058,15.0840,8.0724,15.3189,17.5945,17.7441,16.6610,7.6052,9.5994,10.6018,9.0452,9.5520,7.9370,8.2629,14.1167,8.5788,8.7085,12.6948,13.8135,9.8402,11.9922,7.9610,15.9761,7.5461,6.6172,8.2424,6.0531,7.8665,5.9500,7.0706,9.8720,10.2757,10.5140,4.1802,8.8663,7.5810,9.9105,14.7931,16.5471,14.3988,16.4102,10.4658,5.5185,7.4685,8.0605,9.3471,10.8851,15.6117,13.5056,12.7696,14.8228,9.1897,9.9275,10.0193,12.6892,9.8237,8.6568,12.0859,6.8178,8.3365,13.9476,11.9197,10.1958,11.3928,10.0562,10.3989,13.1373,8.1103,10.2618,13.3335,10.7531,8.7668,9.0583,16.3592,13.8590,11.7856,13.4805,12.5563,10.0714,13.4844,10.5215,13.2013,11.5668,6.6018,7.5712,10.6082,12.2212,11.6606,10.2994,8.5462,8.3340,7.3967,12.2126,9.1843,6.7452,6.7501,8.7337,5.9537,8.4041,8.2669,8.1829,8.1727,8.1333,8.0950,8.0556,8.0172,7.9736,7.9144,7.8800,7.8678,7.8365,7.7664,7.7701,7.7476,7.7253,7.7043,7.6855,7.6648,7.6269,7.6178,7.6246,7.6175,7.5734,7.6018,7.6065,7.6110,7.6180,7.6279,7.6378,7.6318,7.6558,7.6889,7.7137,7.7054,7.7626,7.7998,7.8369,7.8768,7.9196,7.9622,7.9939,8.0519,8.1137,8.1710,8.2007,8.2842,8.3513,8.4138,8.4635
45115.2500000,7.9229,12.7374,11.0229,12.9882,22.1140,9.2296,13.6418,10.8287,13.8832,8.8413,11.3385,10.3293,6.3091,11.4306,14.1034,13.6421,16.4546,15.7408,9.4395,11.0933,18.5028,11.7243,8.8886,13.1513,13.1819,21.6145,13.3596,10.3083,16.8224,11.4894,16.8145,16.2213,17.5993,16.3316,17.5377,14.6688,16.8600,17.5959,11.7785,16.9851,17.4837,14.3417,12.6366,13.7394,23.8420,20.2851,14.5561,14.2776,10.1085,8.6760,10.8839,13.2452,14.2030,13.7947,6.0915,15.4643,14.1045,13.8682,18.0641,13.4770,12.8051,11.0712,12.4679,13.2505,11.0106,12.4174,15.0861,15.2808,9.1293,9.6360,11.9955,14.0984,12.6985,8.9989,7.0669,13.2088,11.9310,13.9277,12.2654,15.0080,17.8264,16.5048,10.0390,6.9288,10.1182,8.8705,13.8635,11.6477,14.4859,7.4472,14.7175,16.8909,17.0022,16.0640,7.0831,9.0660,10.0221,8.3743,8.8810,7.3146,7.6474,13.3790,7.9601,8.0793,11.9080,12.9551,9.0769,11.2077,7.4185,15.4027,7.0900,6.2180,7.7411,5.6289,7.3205,5.4793,6.5197,9.1150,9.5314,9.7377,3.7719,8.1395,6.9390,9.1446,14.0766,15.8237,13.5492,15.4366,9.5176,4.8839,6.7232,7.3068,8.5647,10.0877,14.7691,12.6899,11.9553,14.0152,8.3479,9.0956,9.2401,11.9261,9.0384,7.8734,11.2502,6.1276,7.6093,13.1779,11.1986,9.4504,10.7152,9.4205,9.8049,12.8787,7.5212,9.6469,12.8559,10.1052,8.0689,8.3929,15.9538,13.3760,11.1607,12.9193,11.8840,9.3798,13.0035,10.0146,13.0855,11.4009,6.2307,7.2938,10.6211,12.4282,11.8707,10.2857,8.4460,8.2288,7.2509,12.2398,9.0626,6.5102,6.5290,8.6120,5.7072,8.2646,8.1236,8.0613,8.0431,8.0014,7.9602,7.9198,7.8826,7.8484,7.8119,7.7867,7.7631,7.7260,7.6713,7.6588,7.6233,7.5877,7.5538,7.5233,7.4968,7.4677,7.4537,7.4384,7.4138,7.3732,7.3741,7.3538,7.3336,7.3165,7.3033,7.2949,7.2847,7.2910,7.2940,7.2920,7.2770,7.2989,7.3023,7.3064,7.3140,7.3260,7.3425,7.3589,7.3898,7.4171,7.4432,7.4603,7.5067,7.5375,7.5661,7.5882
45115.2916667,7.9707,12.7095,10.8543,12.6346,21.4941,8.6941,12.7423,9.7222,12.4702,7.4561,9.6821,8.5973,4.6949,9.4868,12.1187,11.7044,14.5524,13.8072,7.6316,9.3237,16.8152,10.0808,7.3969,11.6449,11.6880,20.1768,11.8604,8.8354,15.4378,10.0598,15.7936,15.3939,17.0500,15.5659,16.8077,13.8513,15.9829,16.7236,10.7224,15.8900,16.2606,13.0058,11.2851,12.3544,22.3840,19.0296,13.1000,12.8775,8.7339,7.3864,9.5612,11.8746,12.7963,12.3300,4.7724,14.3652,13.0774,12.7964,16.8866,12.2020,11.4458,9.6710,11.1496,12.1070,9.8185,11.3513,14.1900,14.4756,8.5401,9.1973,11.6688,13.9315,12.4149,8.4258,6.5550,12.7444,11.3375,13.4788,11.7188,14.3101,16.7590,15.3346,8.8020,5.6918,8.7022,7.4323,12.3351,10.0763,12.8249,5.9103,12.9851,15.0809,15.1738,14.2688,5.4772,7.4232,8.3812,6.8874,7.2769,5.7625,6.0624,11.6133,6.6509,6.7246,10.3686,11.3350,7.5936,9.6586,6.0711,14.0112,5.9372,5.2361,6.7778,4.8104,6.4089,4.7060,5.6431,8.0989,8.4352,8.5866,2.9530,7.0357,5.8479,7.9673,12.8099,14.5258,12.1417,13.9178,8.0667,3.7475,5.4307,5.9698,7.1798,8.6702,13.3162,11.2959,10.6114,12.6708,7.0722,7.7856,7.9478,10.6645,7.8119,6.7342,10.0210,5.0675,6.4831,11.9975,10.0246,8.2679,9.5498,8.2933,8.7442,12.0436,6.6115,8.7787,12.0164,9.1596,7.0971,7.3503,15.0862,12.3836,10.0869,11.8794,10.8039,8.2012,11.8739,8.7999,12.0208,10.3080,5.1030,6.2788,9.8086,11.8097,11.2574,9.6069,7.6681,7.4732,6.4505,11.6206,8.3179,5.6910,5.6666,7.7782,4.8649,7.4469,7.2570,7.1175,7.1116,7.0301,6.9513,6.8740,6.8128,6.7488,6.6979,6.6872,6.7014,6.6426,6.5292,6.5494,6.4956,6.4377,6.3826,6.3359,6.2973,6.2343,6.2474,6.2778,6.2393,6.1445,6.1815,6.1442,6.0987,6.0567,6.0220,5.9967,5.9463,5.9709,6.0042,5.9804,5.9001,5.9513,5.9279,5.8975,5.8711,5.8524,5.8418,5.8149,5.8540,5.8936,5.8904,5.8335,5.9029,5.9017,5.8922,5.8832
45115.3333333,6.5292,11.3852,9.7750,11.4767,20.2244,7.9709,11.4651,8.3090,11.1807,6.3086,8.0216,6.8228,2.9627,7.1513,9.4481,9.0282,11.6722,10.8430,4.7373,6.4672,13.8317,7.3509,5.1080,9.3629,9.3392,17.8470,9.4079,6.5703,13.3910,7.8462,13.7969,13.5044,15.3476,13.7652,14.7657,12.0503,14.4377,15.0467,8.9507,14.4238,14.3226,11.2525,9.1491,10.3510,20.4899,17.0529,11.2226,11.1613,7.0611,5.9117,8.1632,10.0311,10.7018,10.1164,2.6081,11.9766,10.6982,10.6341,14.5035,10.0347,9.1270,7.2982,8.4767,9.7278,7.7013,9.2472,12.1810,12.4418,6.8804,8.1491,10.8349,13.1190,11.6222,7.2133,5.7974,11.8846,10.1083,12.2799,10.4237,12.9168,15.4332,14.0170,7.3358,3.9580,6.5686,5.5241,10.4281,8.2320,10.9959,4.4440,11.0108,12.9992,12.9858,11.9280,3.3697,5.0622,6.0252,4.9567,4.8252,3.3924,3.4550,8.7642,4.4514,4.4601,7.8838,8.7093,4.9987,7.0436,3.8733,11.8337,4.0288,3.6062,5.2485,3.4979,4.9936,3.5232,4.2834,6.5999,6.9517,6.9609,1.5604,5.5220,4.1840,6.3014,10.8073,12.5990,10.2572,11.9397,6.0120,1.9450,3.4870,3.9325,5.0630,6.4886,10.9505,9.1118,8.5968,10.6837,5.3855,5.9493,6.1213,8.9689,6.2102,5.2545,8.3358,3.6498,4.9505,10.3673,8.5217,6.7127,8.0255,6.8605,7.4004,10.7794,5.5145,7.9253,10.9611,7.7902,5.9104,5.6766,13.7673,10.6644,8.3288,10.1450,9.3319,6.5759,10.0831,7.0706,10.1635,8.5848,3.5090,4.7042,8.2080,10.4175,9.7804,8.3159,6.0773,6.0807,4.9905,10.4422,6.9669,4.2713,3.9855,6.0826,3.3524,6.1348,5.8714,5.3861,5.6803,5.5331,5.3907,5.2408,5.1115,4.9030,4.6188,4.6952,5.0500,4.9592,4.5108,4.8412,4.7394,4.6233,4.5081,4.4110,4.3339,3.9780,4.0667,4.4204,4.3470,3.9214,4.2508,4.1720,4.0703,3.9746,3.8968,3.8435,3.5053,3.6278,3.9479,3.9045,3.5170,3.8568,3.7996,3.7182,3.6415,3.5800,3.5323,3.2230,3.4435,3.5305,3.5191,3.1706,3.5401,3.5136,3.4621,3.4172
45115.3750000,2.2344,7.0792,6.0539,7.5459,16.1941,4.8413,7.1998,4.3525,8.1428,3.7532,5.0441,3.7427,-0.0365,3.3839,4.8330,5.0038,7.5011,6.5208,0.7823,1.8620,9.4358,2.3315,0.4595,4.6729,5.2235,12.8298,5.1629,1.7660,9.1629,3.5191,9.7177,9.9738,12.0224,10.0358,11.0576,7.2273,10.3513,10.8371,5.1656,11.6234,10.3992,8.3167,5.1868,6.5952,16.4674,12.9695,6.7090,6.4751,2.8802,1.9579,5.0021,6.5205,7.1606,6.6727,-0.5961,7.8311,6.3770,7.1483,9.7972,6.3426,5.3374,3.4605,3.6159,5.1901,3.9036,5.2299,8.7545,8.6325,3.0530,5.7493,9.1048,11.0482,9.9248,4.9698,4.5690,10.4327,8.0335,9.5701,6.9550,9.1530,12.9129,11.1313,4.2858,0.9593,1.9624,1.4106,6.3023,4.2084,6.8782,1.0540,7.4158,8.9426,8.2837,7.4211,-0.7755,0.8534,1.7490,1.7990,0.6787,-0.7568,-1.4211,3.4875,-0.0346,0.0251,3.2951,4.1013,0.0457,2.3844,-0.4060,7.8458,0.4408,0.5618,2.4251,0.9638,2.2790,1.8124,2.0323,4.1084,4.3014,4.1263,-1.1241,2.9447,1.2564,3.7668,7.4717,9.3904,7.5440,9.2580,3.2158,-0.5973,0.7590,0.9751,1.9661,3.2692,6.9132,5.3505,5.1078,7.6351,2.5147,2.7795,2.9661,5.9377,3.2993,2.6568,5.3042,1.1950,2.7255,7.7115,5.5853,3.4019,4.8286,4.2412,5.2629,8.7083,3.8712,7.1695,9.8126,5.9437,4.6483,3.6263,12.2942,8.2058,5.8121,7.2417,7.0566,4.1244,6.9841,4.5117,6.9662,5.3826,0.6510,1.8500,5.0910,7.7920,7.0773,6.1580,3.2845,3.8252,2.6642,8.5613,4.8682,2.1283,1.1043,3.0341,0.7353,4.0330,3.6432,2.3211,3.3604,3.1044,2.8598,2.6019,2.3813,2.1141,0.9989,1.1704,2.3531,2.2128,0.9491,2.0535,1.8757,1.6721,1.4686,1.2966,1.1621,0.0264,0.2529,1.3725,1.2703,0.0469,1.1768,1.0466,0.8730,0.7058,0.5668,0.4687,-0.6368,-0.4310,0.5303,0.5348,-0.6073,0.5312,0.4318,0.2844,0.1413,0.0218,-0.0777,-1.0825,-0.1907,-0.1211,-0.1531,-1.2627,-0.1434,-0.2049,-0.3115,-0.4037
45115.4166667,-6.5716,-2.0486,-2.2064,-0.6568,10.7152,-0.4959,0.1890,-3.5413,1.8131,-1.5744,-0.6240,-1.9350,-5.3415,-2.5053,-1.8273,-1.6339,0.9751,0.1978,-4.6714,-4.4672,4.3252,-3.4486,-4.8387,-0.9185,0.8714,7.1285,-0.5902,-5.5313,2.6138,-3.2053,2.0032,3.2594,6.3951,5.2878,6.0892,1.9374,4.8124,3.7179,-1.4589,6.6611,4.3674,2.5083,-2.2794,-0.5102,11.4771,6.3315,0.6787,-0.2043,-2.3350,-3.2392,1.0496,1.8987,2.3823,2.1243,-4.4670,1.9536,-0.0747,2.3739,4.7763,0.7392,-0.4234,-2.2223,-3.8797,-2.1084,-2.1428,-1.2185,3.9768,3.8223,-2.5291,1.1679,5.8537,7.1240,7.1218,1.7083,2.8533,8.7989,5.7095,8.1752,2.8360,4.9211,11.8246,8.9469,1.8644,-1.4280,-3.2734,-3.3987,0.8841,-1.3508,1.8818,-3.0499,2.3845,3.5551,2.1756,0.8734,-6.5228,-4.9472,-3.9493,-2.0659,-4.4189,-5.7734,-6.7772,-2.6965,-6.1685,-6.0135,-3.0985,-2.5837,-6.6151,-5.2220,-7.4921,1.2943,-5.4440,-4.5071,-1.5122,-3.2397,-3.1807,-1.9011,-2.3451,0.5398,0.5184,0.2008,-5.1400,-1.0701,-3.4396,-0.7861,1.2459,3.6958,2.4756,4.9622,-0.8063,-4.0086,-2.6740,-2.6132,-1.6456,-0.4065,2.7480,-0.3911,-0.2209,3.4362,-1.1921,-1.8974,-1.8653,1.7367,-0.4903,-1.0150,0.7262,-3.3170,-1.3518,4.5541,2.0356,-1.3183,0.6976,-0.6419,0.8330,4.4998,0.3074,5.2053,7.5682,2.3934,2.7154,0.8337,10.3983,5.9909,3.5590,2.9914,3.7355,0.8689,2.9995,1.5663,3.0420,1.5229,-2.6823,-1.6465,0.7221,4.2236,3.4523,3.4790,-0.4696,1.1464,-0.0159,6.5214,2.6510,-0.1100,-1.3097,-1.2954,-2.7896,1.3174,0.8377,-1.9194,0.5578,0.2694,-0.0092,-0.3127,-0.5723,-0.8679,-3.3569,-3.0639,-0.5205,-0.6823,-3.3473,-0.8713,-1.0944,-1.3582,-1.6289,-1.8646,-2.0643,-4.5310,-4.1543,-1.8575,-2.0004,-4.5854,-2.1498,-2.3228,-2.5570,-2.7872,-2.9886,-3.1608,-5.5459,-4.0443,-3.4052,-3.4880,-5.9524,-3.5515,-3.6634,-3.8378,-4.0081,-4.1508,-4.2774,-6.3383,-4.3961,-4.3096,-4.3386,-6.6285,-4.3192,-4.3770,-4.4999,-4.6080
45115.4583333,-15.3796,-12.4352,-9.0738,-9.1635,1.9384,-8.6711,-8.8101,-14.3484,-6.8091,-8.4693,-7.6903,-7.9828,-11.0583,-9.1559,-8.9433,-9.0763,-6.6546,-7.3012,-10.9787,-12.2453,-2.2989,-11.0483,-10.6904,-9.4056,-5.5183,0.7946,-6.6177,-11.1654,-4.0326,-10.6107,-5.0306,-5.1285,-1.4296,-0.2414,0.6518,-3.9504,-1.3754,-4.7092,-10.6638,-0.2254,-2.1524,-3.5935,-10.7266,-8.5881,6.7503,-0.9056,-5.9044,-8.1705,-8.5757,-9.7066,-3.6815,-3.5799,-3.1206,-2.7985,-8.2290,-3.7653,-6.7797,-1.4877,1.3252,-3.3169,-4.8948,-6.8366,-11.4493,-9.7386,-7.3878,-7.7114,-2.6805,-3.0901,-9.4509,-4.3314,1.6341,1.2934,3.0217,-2.3678,0.4037,7.0466,3.1758,6.9413,-1.7125,0.6958,11.7769,7.6926,0.3398,-2.9146,-8.4464,-7.6766,-4.8423,-7.9804,-1.7309,-6.3173,-1.5822,-0.5179,-1.9644,-4.4171,-10.8592,-9.7903,-9.0215,-5.0588,-9.0676,-10.4269,-11.6129,-8.8370,-12.4896,-12.2457,-9.8355,-9.5376,-13.0136,-13.7476,-15.8448,-6.9703,-12.8452,-11.7280,-7.0225,-8.0747,-9.8338,-6.1985,-7.2737,-3.5648,-3.8781,-4.5250,-9.4583,-5.8631,-7.9848,-5.8740,-6.8540,-2.4123,-3.6236,-0.4975,-5.9889,-8.4565,-7.1488,-7.0429,-5.3738,-3.2842,0.2036,-5.9847,-7.0286,-2.2323,-5.3112,-6.0354,-7.8706,-3.3699,-5.2202,-5.4439,-3.5097,-8.1481,-6.2092,0.7228,-2.0933,-5.9458,-2.9360,-6.1495,-5.1691,-0.8068,-3.8045,2.8399,4.3835,-1.8579,-0.5175,-3.2842,7.3966,2.9059,0.5785,-2.4602,-1.2801,-3.3230,-0.6286,-2.6494,-2.0290,-3.1623,-6.8008,-5.6245,-4.4319,0.1859,-0.5873,0.6274,-4.6153,-1.7122,-2.8335,4.4135,0.4367,-2.2135,-3.2876,-5.7899,-6.4447,-2.2912,-2.5894,-6.8362,-2.3841,-2.5167,-2.6951,-2.9597,-3.2522,-3.7701,-7.8941,-8.1666,-4.7298,-4.6722,-8.8310,-4.3656,-4.3765,-4.4848,-4.6625,-4.8851,-5.2638,-9.2031,-7.9533,-6.1598,-6.1743,-10.2777,-6.0625,-6.1258,-6.2864,-6.4717,-6.6701,-6.9676,-10.5462,-8.1787,-7.5516,-7.4950,-11.3531,-7.2963,-7.3061,-7.4229,-7.5730,-7.7445,-8.0276,-11.0981,-8.6986,-8.5638,-8.5423,-12.1765,-8.4109,-8.4132,-8.5058,-8.5990
45115.5000000,-21.7158,-20.6195,-13.0990,-11.3247,0.3721,-8.2247,-9.2079,-18.4382,-9.8512,-9.8559,-12.8435,-11.6298,-13.9811,-12.8165,-12.5375,-12.6608,-10.5299,-11.1712,-13.6480,-17.1273,-6.8981,-16.5774,-13.5439,-15.5703,-9.4601,-1.9906,-8.2870,-14.6160,-6.8526,-14.6731,-8.9467,-11.2517,-7.4247,-5.8974,-2.5743,-5.9619,-2.5575,-5.4357,-13.5401,-2.1622,-3.6530,-4.7369,-14.8810,-13.8689,4.1670,-5.6558,-9.8262,-12.4487,-13.1922,-14.7822,-7.4187,-7.3840,-6.3174,-4.9762,-10.7722,-9.6043,-11.4996,-4.9857,1.3928,-2.3552,-3.4686,-5.2244,-13.2961,-13.1045,-11.1707,-11.5321,-4.6796,-5.0713,-15.0431,-9.1989,-1.8567,-3.7472,-2.2984,-6.0039,-2.8895,6.0649,2.8295,8.4771,-2.4195,0.4448,16.2783,12.1523,5.0044,1.6622,-7.3123,-6.9833,-2.0040,-7.5310,0.0325,-4.0718,0.0143,1.2636,-0.0778,-3.7402,-9.4228,-9.1771,-8.6165,-2.7347,-7.7579,-9.0641,-10.5381,-9.0233,-14.1821,-13.7427,-11.7135,-11.4323,-14.2033,-15.8765,-19.8554,-13.5509,-19.1482,-17.2352,-11.7912,-11.7363,-14.6773,-10.1812,-13.6413,-8.2495,-7.8230,-7.7708,-11.2609,-8.4997,-10.0746,-8.3973,-8.9775,-6.3506,-7.5817,-3.7223,-8.6014,-10.1370,-9.6249,-11.0044,-11.0139,-9.4071,-4.3994,-8.2634,-8.5358,-4.6937,-7.1536,-8.3808,-10.0110,-6.0534,-7.5532,-7.7281,-5.9922,-9.7214,-8.7507,-1.6014,-6.9947,-9.7989,-7.9061,-9.1248,-8.5337,-6.6058,-7.5931,0.3073,2.0969,-1.7432,-1.2518,-4.7860,6.3461,2.0846,0.0727,-3.2397,-1.4701,-2.4395,-0.9271,-3.8150,-5.0818,-6.4603,-8.8639,-8.7832,-9.2130,-4.3463,-4.5768,-1.9809,-7.8187,-3.7066,-4.2374,3.7531,0.3968,-1.6941,-2.3596,-3.5565,-3.5086,-1.1874,-1.7753,-7.6699,-2.3826,-2.5218,-2.6861,-2.9278,-3.1789,-3.6451,-6.7694,-7.0018,-4.5337,-4.7520,-10.4820,-5.2617,-5.2843,-5.3764,-5.5003,-5.6309,-5.8932,-8.8077,-7.8616,-6.4492,-6.5842,-12.0183,-6.9551,-6.9037,-6.9599,-7.0378,-7.1271,-7.3201,-9.9848,-8.2744,-7.7510,-7.8614,-13.0118,-8.2312,-8.1847,-8.2481,-8.3309,-8.4202,-8.6145,-10.8740,-9.1180,-8.9606,-9.0906,-13.7976,-9.5615,-9.4535,-9.4387,-9.4303
45115.5416667,-27.1372,-28.2283,-21.2799,-20.4097,-10.8335,-17.7371,-19.0849,-26.5631,-16.2680,-14.4164,-17.2310,-15.8008,-16.4556,-16.0424,-16.3792,-16.5305,-14.7393,-15.0947,-15.9082,-19.1597,-10.8431,-20.2285,-15.1453,-18.9628,-12.4159,-6.4806,-12.4016,-17.0736,-9.8622,-17.0913,-10.9305,-13.4838,-9.9990,-7.6221,-6.0371,-9.7214,-6.7431,-9.2680,-16.6064,-4.8171,-6.6514,-7.2632,-17.8018,-15.9998,1.2320,-9.7726,-12.6496,-14.1682,-15.3666,-16.3441,-9.1962,-10.6318,-10.2334,-8.9241,-13.8625,-14.7846,-15.2745,-9.0745,-1.1276,-5.2625,-6.4665,-7.8548,-16.5290,-15.4227,-12.1165,-12.0507,-6.9981,-8.1417,-18.3372,-12.5730,-5.8673,-8.8318,-9.8418,-12.1514,-7.8177,0.6190,-2.2957,3.6303,-6.4919,-3.9956,14.7744,9.6464,2.1836,-1.1682,-10.9863,-8.7397,-3.5246,-9.7467,-1.9923,-5.5298,-1.4167,0.2014,-0.5233,-4.1102,-8.4068,-7.6059,-6.8015,-0.0187,-5.8757,-7.0605,-8.4293,-7.7779,-14.1256,-14.0654,-13.1495,-13.4119,-15.6210,-17.8152,-21.3905,-17.1429,-20.5281,-18.3087,-13.9572,-12.3982,-15.7822,-12.1006,-17.1732,-11.8796,-12.7631,-11.7941,-13.7363,-12.3806,-13.8382,-12.5997,-13.3650,-10.2042,-10.9182,-6.8492,-10.8697,-11.1223,-10.8621,-11.2695,-12.5049,-11.5881,-6.4644,-11.4116,-11.6886,-7.9251,-9.5964,-10.9168,-12.1672,-8.7349,-9.7037,-9.3670,-7.9349,-10.5856,-10.0441,-3.5197,-10.3406,-11.8632,-10.0089,-12.2087,-11.6569,-10.9676,-9.7910,-2.0838,-1.6573,-4.3774,-4.7025,-8.6743,2.1476,-2.2945,-4.0994,-6.3406,-3.8705,-5.7056,-4.6481,-7.3735,-8.6482,-8.9142,-9.4892,-9.6963,-10.8009,-7.3349,-8.0339,-4.9644,-10.6123,-7.1711,-7.6247,0.0421,-3.3079,-5.1827,-5.7672,-6.3302,-6.1078,-4.7447,-5.2007,-10.4825,-5.5530,-5.3757,-5.1861,-5.0652,-4.9539,-5.0959,-7.2877,-7.2434,-5.1549,-5.2621,-10.5200,-5.8649,-5.8281,-5.8698,-5.9485,-6.0379,-6.2848,-8.6014,-7.9624,-6.8454,-7.0685,-12.2082,-7.8179,-7.8023,-7.8804,-7.9582,-8.0285,-8.2034,-10.3018,-9.0787,-8.5802,-8.7204,-13.0907,-9.3396,-9.2991,-9.3665,-9.4408,-9.5081,-9.6828,-11.4311,-10.1401,-9.9099,-9.9912,-13.5871,-10.4714,-10.3962,-10.4386,-10.4886
45115.5833333,-29.9728,-29.3177,-23.5408,-22.1135,-13.6189,-18.8626,-22.2266,-32.8074,-21.8451,-18.4756,-21.9083,-21.6165,-21.9083,-22.4134,-23.2858,-23.4106,-21.5976,-21.3338,-20.4599,-23.6483,-15.5007,-25.9453,-18.1596,-25.6855,-17.1772,-10.5966,-18.8264,-21.7374,-13.1245,-21.1364,-16.8044,-18.7226,-14.3342,-6.6922,-4.9792,-8.4627,-6.2731,-10.3222,-20.1265,-7.4024,-9.3450,-9.8057,-22.5240,-16.7879,-1.3930,-15.4986,-17.4248,-17.1480,-19.4059,-20.7701,-13.0415,-14.6554,-13.8309,-11.7037,-16.8139,-21.4828,-21.3405,-15.4299,-3.4786,-7.4340,-8.4851,-9.7660,-21.0570,-20.7725,-17.0992,-12.8185,-9.4320,-11.2916,-23.0027,-16.0218,-8.3743,-9.7302,-10.1600,-16.6314,-10.8437,-4.2672,-7.8163,-5.2935,-14.0802,-10.7332,11.8572,6.3638,-0.9967,-4.1349,-16.6076,-11.5293,-6.6096,-11.8991,-5.2203,-8.6561,-5.0458,-3.4009,-4.1175,-8.6982,-12.5951,-11.8921,-10.8868,-2.2230,-8.9660,-10.0341,-11.1813,-10.5086,-15.6526,-15.1972,-14.3267,-14.6158,-16.3848,-18.9858,-23.2327,-21.4927,-24.7669,-21.2301,-18.7284,-13.3621,-15.3247,-11.7288,-19.3759,-13.2250,-17.2036,-12.4762,-13.5330,-13.3197,-15.1291,-15.1220,-20.0420,-15.3664,-15.5082,-10.6037,-13.9584,-13.1180,-15.4263,-14.1457,-16.6808,-16.0776,-8.1853,-13.4779,-16.5945,-10.7203,-11.0670,-12.4288,-13.5239,-9.8759,-9.9860,-10.0328,-9.5980,-12.3755,-12.0754,-4.9342,-14.6523,-15.3954,-12.3854,-15.4378,-14.7099,-15.8754,-12.5213,-3.4461,-3.5811,-4.6504,-5.4359,-10.4863,0.5456,-3.8410,-5.3995,-6.7275,-3.1146,-5.9188,-6.4534,-10.0356,-13.5060,-13.8854,-13.2919,-13.7162,-14.7797,-11.6394,-12.0232,-7.4889,-11.7025,-9.2691,-9.6115,-1.8233,-4.9938,-6.5692,-7.1517,-7.2535,-6.7043,-6.6897,-7.3326,-11.3911,-7.9679,-8.0103,-8.0487,-8.1510,-8.2433,-8.5387,-10.3346,-10.3510,-8.7649,-8.8370,-12.6889,-9.2324,-9.1138,-9.0602,-9.0331,-9.0045,-9.1094,-10.7833,-10.1936,-9.1565,-9.2019,-12.9036,-9.6060,-9.5064,-9.5268,-9.5714,-9.6255,-9.7846,-11.4201,-10.5468,-10.1053,-10.2151,-13.4890,-10.7426,-10.7063,-10.7813,-10.8684,-10.9524,-11.1394,-12.5164,-11.6102,-11.4123,-11.5001,-14.2402,-11.9530,-11.8944,-11.9449,-11.9945
45115.6250000,-27.0885,-28.2170,-23.3266,-21.4645,-13.7713,-17.2732,-21.6850,-33.9403,-22.0646,-17.0711,-20.7014,-20.9063,-20.5173,-22.4531,-24.3824,-25.2340,-24.6445,-24.7749,-22.6404,-26.5165,-19.3290,-30.1857,-20.3410,-27.1085,-20.5352,-14.9138,-25.4276,-26.5344,-17.2551,-23.6617,-22.2723,-23.8670,-19.6861,-11.1904,-4.3000,-7.1056,-0.4191,-3.7748,-14.9948,-1.5313,-3.9825,-4.8596,-19.0624,-12.0613,1.0632,-16.4026,-17.8320,-16.2921,-19.6786,-17.5006,-12.8179,-16.0896,-15.8948,-13.4819,-18.1903,-26.7973,-26.1668,-21.0161,-5.3340,-8.7336,-9.3830,-10.2809,-23.4021,-23.6658,-19.3986,-15.9511,-9.5441,-9.6184,-24.8662,-18.1162,-10.0416,-11.0432,-10.9136,-14.7996,-5.6254,-1.9692,-6.4715,-7.4998,-15.3375,-6.2273,13.9793,7.6200,0.0282,-3.0467,-13.1910,-10.4257,-6.7520,-11.7002,-6.2087,-9.2360,-6.0895,-4.0172,-4.1424,-8.7538,-13.0335,-10.4408,-9.4881,0.2950,-7.2103,-8.4154,-9.8048,-9.8825,-13.8007,-13.3999,-12.4125,-13.1819,-14.8837,-17.6200,-22.3211,-23.1084,-24.6905,-22.3527,-21.9848,-16.8975,-15.8836,-12.3362,-18.8212,-14.2336,-20.8457,-17.0245,-13.9788,-13.6300,-14.2847,-14.5901,-18.7802,-16.9576,-17.4369,-12.3790,-15.1276,-14.8131,-15.3191,-16.8827,-19.3276,-19.1978,-9.4150,-14.8695,-17.4719,-13.1332,-12.7754,-14.4228,-14.9640,-13.6147,-12.4919,-9.5528,-8.3368,-10.3104,-11.7112,-2.6416,-14.0314,-13.9311,-10.8137,-13.8652,-14.2540,-18.2008,-13.5609,-4.1134,-4.8910,-4.7131,-5.4601,-10.9801,0.4300,-5.7348,-4.2762,-4.6479,-0.0384,-3.2694,-4.3244,-9.5185,-13.0811,-13.8100,-12.4235,-13.7882,-15.8803,-13.4116,-14.4549,-7.7134,-11.0059,-9.4118,-9.6935,-2.1367,-5.0167,-6.2464,-6.7770,-6.5574,-5.7353,-6.4444,-7.0249,-10.0181,-7.4386,-7.4130,-7.3917,-7.4453,-7.5024,-7.7661,-9.1905,-9.2086,-7.9886,-8.0976,-11.0595,-8.5791,-8.5583,-8.6077,-8.6854,-8.7587,-8.9523,-10.3618,-9.9908,-9.1846,-9.2626,-12.0821,-9.6533,-9.5597,-9.5682,-9.5854,-9.5969,-9.6948,-10.9417,-10.2458,-9.7737,-9.7911,-12.2206,-10.1097,-10.0066,-10.0185,-10.0482,-10.0807,-10.2171,-11.2773,-10.5929,-10.3757,-10.4334,-12.5428,-10.8181,-10.7584,-10.8080,-10.8551
45115.6666667,-23.5243,-24.3366,-19.0761,-17.2031,-10.5379,-12.8909,-18.3038,-32.0961,-20.0287,-13.8709,-17.5320,-16.8911,-16.2912,-19.3065,-22.0692,-23.2912,-23.5169,-23.8261,-20.5812,-25.0911,-18.8597,-28.7299,-18.4610,-25.2657,-19.9141,-14.8190,-26.7797,-27.4917,-21.9840,-26.5683,-27.5539,-28.8009,-24.5810,-16.5172,-9.7789,-12.0885,-2.1526,-3.6659,-14.5975,1.1882,0.0712,-0.0615,-13.2705,-5.8556,6.7066,-12.1744,-13.0543,-10.9720,-15.2967,-13.3693,-8.9911,-12.7026,-12.7752,-10.3006,-14.6212,-27.4246,-26.9379,-22.6526,-5.3699,-8.5625,-9.1991,-9.9895,-24.6030,-25.5812,-21.3284,-19.9866,-14.9859,-11.3646,-24.9406,-18.0791,-9.7035,-13.7225,-14.3392,-15.4469,-4.3121,-1.4594,-5.3783,-8.5095,-14.5365,-1.4755,17.2505,10.9120,3.4967,0.6237,-6.9249,-5.3428,-1.8997,-6.2196,-1.4330,-4.1885,-2.1921,1.3714,0.9039,-4.7335,-10.8167,-7.2013,-6.5299,3.5770,-4.2304,-5.5635,-6.9857,-7.2795,-9.9460,-11.6002,-9.1304,-9.5401,-10.7054,-13.1698,-17.8953,-20.2748,-20.4229,-17.7464,-18.9428,-14.3601,-14.5326,-8.8234,-14.6813,-11.6409,-20.3167,-17.8645,-12.6762,-13.2598,-15.4879,-14.0721,-17.5748,-15.5017,-15.8862,-10.8515,-13.1017,-13.1189,-14.3100,-16.4020,-19.6598,-20.2852,-9.9156,-15.1888,-16.9902,-13.7614,-12.1012,-13.7864,-15.3188,-15.6387,-14.8231,-10.6011,-9.1950,-10.4702,-12.9618,-3.1801,-15.2585,-14.3850,-12.2118,-12.5478,-12.2565,-16.6335,-11.0104,-2.8259,-2.5293,-2.0507,-2.2210,-8.1637,2.4043,-5.4432,-2.4226,-2.0011,3.2723,-1.9253,-1.4335,-8.5993,-11.2499,-11.7335,-9.3877,-10.7873,-13.7215,-12.6014,-15.4737,-7.2294,-9.5756,-8.2844,-8.2808,-0.9368,-3.4439,-4.3871,-4.8046,-4.3031,-3.4593,-4.4205,-4.9612,-7.2423,-5.3082,-5.2917,-5.2826,-5.3472,-5.4114,-5.6677,-6.8253,-6.8210,-5.8195,-5.8994,-8.1619,-6.2860,-6.2455,-6.2743,-6.3322,-6.3872,-6.5600,-7.7094,-7.4328,-6.7483,-6.8274,-9.0202,-7.2182,-7.1647,-7.2181,-7.2842,-7.3464,-7.4907,-8.5584,-8.0856,-7.6921,-7.7419,-9.6660,-8.0847,-8.0086,-8.0385,-8.0775,-8.1100,-8.2334,-9.0797,-8.5494,-8.3077,-8.3246,-9.9609,-8.5989,-8.5033,-8.5169,-8.5334
45115.7083333,-17.5280,-19.6476,-12.2226,-9.8455,-5.0338,-2.9716,-8.0612,-23.1238,-11.4798,-5.1634,-11.6399,-9.2226,-8.7302,-12.1116,-15.0775,-16.4846,-17.3952,-17.9998,-14.3048,-19.4343,-16.1617,-22.8731,-12.8897,-18.8773,-17.0402,-10.3767,-21.5930,-22.1231,-19.4370,-23.1758,-26.6254,-29.5166,-27.7158,-20.0168,-13.7994,-15.4522,-3.9855,-4.2059,-14.8751,1.5680,1.5597,2.1926,-7.9565,-1.0810,11.8516,-6.7421,-6.8088,-3.9549,-8.1449,-4.8398,-1.7367,-5.5388,-5.8455,-3.4378,-7.2564,-22.8892,-23.0173,-19.5708,-1.5838,-3.8822,-4.4504,-5.2586,-20.1835,-22.3244,-16.3757,-18.2565,-14.3065,-11.9581,-25.1678,-18.2538,-10.8258,-12.3615,-14.9175,-15.0555,-3.5761,-1.2098,-4.4879,-8.5889,-12.1208,2.7262,20.6655,14.9588,7.8377,5.0451,-0.1464,0.7881,4.5886,0.9902,5.5620,2.6128,2.2189,8.6710,8.6547,2.9643,-4.0918,0.0999,0.9846,10.6473,3.4587,2.0270,0.6617,0.5163,-1.7213,-2.9002,-1.0787,-1.1609,-2.7636,-5.6796,-11.0242,-14.8071,-14.9222,-13.0399,-14.5364,-10.3687,-11.1539,-4.6772,-9.3253,-6.3016,-15.3742,-13.9590,-7.9154,-9.0328,-12.3484,-10.8472,-16.0736,-13.2262,-12.9356,-7.5995,-9.0641,-8.9689,-10.8857,-11.9160,-16.1382,-17.6603,-8.0031,-12.9567,-14.2780,-11.8249,-9.6427,-11.5234,-14.1951,-13.7292,-12.7533,-8.4660,-7.5565,-8.5578,-11.2148,-2.2842,-14.2442,-13.2658,-12.4614,-12.7029,-11.6726,-15.7987,-7.9843,-3.3436,-1.2644,-1.2146,0.6351,-3.9851,6.6867,-0.0473,2.8089,3.9093,8.9260,1.0728,3.6274,-4.3796,-6.8735,-7.4511,-5.7197,-6.5134,-9.3760,-8.7326,-11.2615,-3.5218,-5.4649,-4.6760,-4.7664,2.0345,-0.1700,-1.0306,-1.3917,-0.6509,-0.0025,-0.6655,-1.0706,-2.7745,-1.1820,-1.0709,-0.9687,-0.9429,-0.9162,-1.0789,-1.9714,-1.8677,-0.9452,-0.9605,-2.7089,-1.2195,-1.1523,-1.1641,-1.2107,-1.2561,-1.4167,-2.3885,-2.1618,-1.5387,-1.6053,-3.3497,-1.9466,-1.8914,-1.9463,-2.0134,-2.0747,-2.2135,-3.1238,-2.7618,-2.3807,-2.4288,-3.9925,-2.7577,-2.7005,-2.7559,-2.8231,-2.8838,-3.0334,-3.7740,-3.3876,-3.1695,-3.2087,-4.5770,-3.5052,-3.4342,-3.4705,-3.4976
45115.7500000,-11.3909,-14.5491,-6.8927,-6.4419,-2.5644,1.0514,-3.0380,-16.3498,-6.0268,0.7712,-5.4748,-2.1277,-1.4850,-4.2255,-6.8886,-8.0467,-9.0510,-9.5038,-5.9960,-11.4057,-10.4358,-15.0396,-6.5165,-11.5901,-11.4823,-5.2968,-15.0679,-15.3256,-14.9985,-17.5490,-22.9638,-26.1080,-25.9197,-19.0812,-14.4469,-15.9187,-6.0623,-4.9429,-13.8329,1.7282,2.1584,3.1778,-4.9187,1.2964,14.6114,-2.1089,-1.4397,1.7252,-2.2115,1.5457,4.3078,1.4274,1.5023,3.8473,-0.1913,-14.7241,-14.8951,-12.4028,3.3308,1.6738,1.1746,0.4649,-13.2383,-15.5271,-9.5406,-12.2231,-8.5746,-7.8021,-21.1792,-16.4357,-10.8875,-12.0839,-15.1178,-13.8490,-3.3544,-1.3140,-3.2224,-7.3166,-9.6650,4.6653,21.3047,16.1622,9.1965,6.3883,3.1686,3.9261,8.4058,5.5032,10.2337,6.9020,6.7995,14.4262,14.9173,9.8134,2.4643,6.7922,8.4209,16.5674,10.5186,8.9727,7.7134,9.2116,5.9993,5.0924,6.4435,7.6951,6.0044,3.5747,-1.4128,-5.5036,-5.9753,-5.2795,-7.1652,-4.0117,-5.4727,0.0085,-4.1120,-1.8568,-10.4767,-9.7321,-4.0740,-4.9031,-8.1092,-6.7186,-12.0535,-9.2288,-8.1811,-3.3097,-4.4387,-4.3720,-6.3319,-7.0195,-10.6707,-12.6702,-4.7694,-9.1875,-10.1110,-8.2257,-5.7711,-7.4923,-10.2614,-10.7015,-9.4976,-5.6686,-5.2826,-6.1391,-8.4759,-1.1762,-11.6376,-10.6173,-10.5557,-10.6169,-9.9922,-14.5862,-6.3110,-3.8608,-2.5384,-2.2954,-0.4339,-3.0878,7.1017,0.5269,3.2211,5.8092,10.4200,2.4333,6.6326,-0.4698,-1.9627,-2.0171,-0.8433,-1.1800,-3.7411,-3.7875,-5.4178,1.3873,-0.3825,0.1331,-0.0477,6.2415,4.0345,2.9169,2.5758,3.5253,3.4855,3.5487,3.2322,1.8945,3.2067,3.3568,3.5006,3.5683,3.6378,3.5165,2.7822,2.9376,3.8112,3.8634,2.5004,3.7505,3.8883,3.9475,3.9708,3.9934,3.8956,3.0910,3.3229,3.9548,3.9497,2.5615,3.7209,3.8214,3.8059,3.7725,3.7395,3.6218,2.8264,3.1125,3.4982,3.4676,2.1660,3.1684,3.2368,3.1901,3.1297,3.0735,2.9243,2.2687,2.5643,2.7845,2.7471,1.5745,2.4488,2.5174,2.4762,2.4420
45115.7916667,-4.1114,-7.6585,-0.6160,-1.2260,1.8285,5.3830,2.0787,-10.0187,-1.8558,4.0811,-1.5227,1.5796,1.3040,0.0753,-1.5279,-2.0984,-2.4615,-2.8581,0.3274,-4.1288,-3.9829,-7.3619,-0.8651,-4.5516,-5.0954,0.6291,-8.2156,-8.3327,-9.3600,-11.2265,-17.7953,-21.2802,-22.3243,-16.1836,-12.7554,-13.9422,-6.1087,-4.5836,-12.0650,2.0470,2.5666,4.0434,-2.4767,2.9878,16.0203,0.8240,1.6178,4.8446,0.9982,4.4402,7.1998,5.3435,6.1681,8.5190,3.8313,-8.0514,-8.1842,-6.0464,8.1933,6.9922,6.5822,6.1090,-5.5191,-8.1356,-2.7354,-5.9701,-2.8676,-3.0082,-15.2888,-12.2404,-8.3438,-9.6634,-13.0641,-11.5297,-2.9993,-2.0901,-3.6678,-6.8563,-7.9899,4.9990,21.0563,16.6674,10.5857,7.8151,5.7467,6.7898,11.6118,9.0259,13.5541,9.2745,10.1128,17.8355,18.6215,13.5506,6.0888,9.7133,11.9987,18.4693,13.9189,12.2995,11.1301,14.4303,10.8480,10.4609,12.1624,14.1248,12.1884,10.6812,6.0103,3.2422,1.9989,2.0882,0.5032,2.6064,1.2722,4.8422,2.1809,4.2868,-3.1582,-2.9904,0.9873,0.0317,-2.7601,-1.8613,-7.3078,-5.4824,-4.0212,0.3202,-0.3161,-0.5699,-2.1747,-3.0053,-6.0227,-7.9238,-1.4808,-4.7901,-5.3363,-3.9514,-1.7548,-3.3127,-5.9625,-7.0030,-5.9538,-2.7870,-2.6183,-3.3556,-5.4102,-0.1489,-8.3332,-7.4131,-7.9612,-8.0825,-7.6592,-12.4090,-4.7295,-3.2810,-2.6424,-2.2972,-0.6114,-2.3340,6.6582,0.5618,2.8729,5.8400,9.7465,2.4355,6.7360,0.6617,-0.3495,0.2075,0.9071,1.5481,0.2550,0.3958,-0.6903,5.3845,3.8858,4.3936,4.1663,10.3875,8.0685,6.5341,6.2798,7.6273,6.7166,7.6712,7.3935,6.3122,7.3308,7.4386,7.5401,7.5722,7.6086,7.4722,6.8358,6.9676,7.7123,7.7643,6.6818,7.6884,7.8332,7.9100,7.9574,8.0074,7.9479,7.2954,7.5173,8.1116,8.1495,7.0694,8.0299,8.1661,8.1956,8.2087,8.2220,8.1559,7.5156,7.7732,8.1630,8.1749,7.1417,7.9741,8.0688,8.0545,8.0246,7.9957,7.8773,7.3344,7.5748,7.7908,7.7679,6.7980,7.5097,7.5777,7.5429,7.5143
45115.8333333,3.7434,0.4763,5.8631,5.0295,7.6074,9.6024,7.2852,-3.1489,3.3320,7.7633,3.2683,5.6204,4.6494,4.0580,2.6996,2.2112,2.0651,1.5921,3.8644,0.5058,0.5631,-2.1443,2.7711,0.0119,-0.3871,4.9058,-2.6073,-2.5209,-3.8524,-5.0719,-11.7476,-15.2654,-17.2972,-11.9624,-9.6987,-10.6736,-4.5937,-3.3906,-9.1923,2.7554,2.9819,4.3896,-0.9290,3.7492,16.2487,3.0479,3.8221,6.7822,3.3036,5.8993,8.5489,7.4843,8.5642,10.5986,5.4971,-3.2449,-3.2053,-1.3766,11.1486,9.7416,9.4276,8.8871,-0.4170,-2.6216,2.0434,-0.5949,2.3347,2.0889,-8.6052,-6.9621,-4.5853,-6.2224,-9.3011,-7.7969,-1.2568,-1.1492,-2.7231,-5.7765,-6.8339,4.2086,18.4053,14.5990,8.8127,6.1441,5.0816,5.9929,11.1471,8.8676,13.6112,8.8630,11.3649,18.6443,19.8439,15.4753,7.9115,11.3319,13.7049,18.2868,15.1566,13.4106,12.7045,17.1685,13.9748,13.7814,16.1487,18.1282,15.5780,14.9197,10.5180,9.7983,7.9251,7.8074,6.8944,7.8652,7.1494,9.0521,7.4440,9.3900,3.4128,3.3210,5.0635,5.1151,2.6983,3.3500,-1.6026,-0.4695,0.6599,4.0359,3.2306,2.4790,1.3705,0.6013,-1.7880,-3.5335,1.1916,-1.6131,-1.8552,-0.5562,1.3101,0.1365,-1.8948,-2.8997,-1.9807,0.3700,0.4173,-0.2560,-1.9325,1.6435,-4.8712,-4.1401,-5.0198,-5.2616,-5.1485,-9.6970,-2.9787,-2.1771,-1.9969,-1.6459,-0.0876,-1.3473,6.0996,0.9164,2.7011,5.3820,8.4194,2.3635,6.1688,1.2030,0.5712,1.1916,1.4146,2.4936,2.0982,2.5669,1.9030,6.8431,5.5144,6.0562,5.8359,12.0764,9.6390,7.7397,7.6742,9.5205,7.7959,9.7725,9.6888,8.9911,9.9063,10.1262,10.3339,10.4732,10.6035,10.5725,10.1306,10.2967,10.9475,11.0332,10.2241,11.0196,11.1579,11.2336,11.2797,11.3235,11.2700,10.7373,10.9024,11.3875,11.4212,10.5822,11.3252,11.4491,11.4864,11.5121,11.5394,11.4994,10.9976,11.2087,11.5555,11.5906,10.8018,11.4697,11.5783,11.5962,11.6007,11.6051,11.5315,11.1173,11.3207,11.5271,11.5323,10.7818,11.3543,11.4329,11.4232,11.4128
45115.8750000,11.3418,9.2783,13.1406,12.5695,15.3565,15.1504,13.9181,4.5072,9.6440,12.2526,8.9665,10.4410,8.5946,8.9102,7.7745,7.0270,6.8207,6.1620,7.1756,4.6125,4.8639,2.3528,5.6607,3.8248,3.4349,8.2668,1.7115,1.6675,0.5220,-0.3846,-6.3424,-9.4619,-11.7425,-6.9983,-5.3839,-6.1526,-1.4063,-0.6659,-5.3085,4.4550,4.5874,5.5846,1.1729,4.9978,16.6164,5.0385,5.4843,8.0843,4.9088,6.6476,9.1566,8.8692,10.0663,11.8053,6.3277,0.5588,0.6344,2.1961,13.1602,11.5429,11.3146,10.6657,3.4599,1.6267,5.2752,3.2511,5.9440,5.9139,-2.7914,-1.8331,-0.2563,-1.9419,-4.6816,-3.4950,1.3078,1.2809,-0.1670,-2.9427,-3.8295,5.5980,17.9802,14.7017,9.0214,6.4305,6.1573,6.6023,11.4559,9.2306,13.5194,8.2844,11.7416,18.3104,19.4818,15.7791,7.9614,11.1576,13.4141,16.3854,14.5002,12.7495,12.5778,18.0527,15.5035,15.5634,18.7754,20.7989,17.7464,17.9500,13.3857,14.6194,11.4414,11.0552,10.9393,10.8715,11.0556,11.6316,11.0599,13.3655,8.9321,8.8772,8.1625,9.8001,7.6417,8.3636,4.5622,5.2718,5.8842,8.6196,7.2571,5.6974,5.1677,4.4808,2.6373,1.1309,4.7157,2.1240,1.7025,2.5982,3.6743,2.7643,1.1747,0.3672,1.0595,2.6882,2.9233,2.1539,1.0820,3.8967,-1.1788,-0.5973,-1.4710,-1.8388,-2.0876,-6.3149,-0.7906,-0.3722,-0.3794,-0.0684,1.2712,0.3369,6.4727,2.2494,3.5395,5.8373,8.1050,3.2399,6.4965,2.3575,1.8793,2.2305,1.9299,3.0211,3.1604,3.8148,3.4063,7.1612,5.9187,6.3866,6.0962,12.2434,9.6759,7.5249,7.6003,9.8053,7.4887,10.1535,10.2174,9.8563,10.6690,10.9824,11.2860,11.5363,11.7754,11.8854,11.6823,11.9253,12.5325,12.7232,12.2501,12.9435,13.1640,13.3342,13.4765,13.6092,13.6571,13.3361,13.5204,13.9458,14.0322,13.4672,14.0505,14.1873,14.2553,14.3090,14.3580,14.3481,13.9865,14.1444,14.4132,14.4502,13.8761,14.3678,14.4615,14.4894,14.5078,14.5256,14.4821,14.1830,14.3373,14.5050,14.5236,13.9813,14.4104,14.4884,14.5015,14.5105
45115.9166667,17.4741,17.2160,19.6280,19.5349,23.0475,20.1115,20.2628,11.6404,16.0299,16.7169,14.7462,15.4970,12.6308,14.0763,13.4358,12.4844,12.3388,11.3794,10.8965,9.0361,9.7554,6.9984,8.7846,7.8930,7.4026,11.9219,5.7842,5.3619,4.6436,3.5958,-1.4105,-4.1708,-6.4558,-2.3305,-1.1000,-1.7113,2.1143,2.6614,-1.1223,6.9707,7.0572,7.5767,3.8883,6.9649,17.6447,7.2850,7.1916,9.3514,6.2663,7.2759,9.6032,9.8393,10.9975,12.3762,6.5162,3.4917,3.5939,4.9345,14.5454,12.6109,12.3951,11.6058,6.2977,4.9440,7.6753,6.3035,8.8384,8.9603,1.6359,2.2862,3.5259,2.1351,-0.2190,0.6551,3.9427,4.3143,2.9735,0.5644,-0.2103,7.8229,18.4654,15.5609,9.8658,7.2642,7.7297,7.8059,12.5223,10.3724,14.3163,8.6702,12.8725,18.7080,19.7133,16.4865,8.3561,11.2566,13.2453,14.8773,13.7580,11.8967,11.9395,17.9363,15.8429,15.9952,19.8588,21.8739,18.3204,19.4108,14.7385,18.0735,13.4956,12.8898,13.4911,12.4737,13.4483,12.9108,13.1289,15.8357,12.6371,12.6440,9.5634,12.9323,10.9857,12.1634,9.9518,10.6512,10.8324,13.1764,11.0584,8.4496,8.6736,8.2148,7.0004,5.9068,8.9280,6.4414,5.8210,6.4308,6.4728,5.7217,4.3859,3.7654,3.9681,4.8465,5.2709,4.0044,3.4065,5.9161,1.8611,2.2089,1.5253,1.1700,0.8874,-2.6234,1.5777,1.8704,1.8701,1.9983,3.0016,2.3073,7.5761,4.0584,4.8282,6.7885,8.3855,4.3813,7.2631,3.7215,3.4971,3.5905,2.7695,3.8064,4.3273,5.0111,4.6392,7.2995,6.0271,6.3352,5.9069,11.8264,9.0964,6.7693,6.8835,9.2395,6.5628,9.5170,9.6104,9.4415,10.1084,10.4288,10.7477,11.0335,11.3152,11.5087,11.4825,11.7737,12.3257,12.5852,12.3747,12.9891,13.2704,13.5157,13.7403,13.9567,14.1110,14.0011,14.2457,14.6594,14.8310,14.5374,15.0520,15.2487,15.3929,15.5230,15.6453,15.7212,15.5425,15.7258,15.9836,16.0728,15.7236,16.1224,16.2364,16.2993,16.3510,16.3979,16.3972,16.2116,16.3428,16.4815,16.5125,16.1438,16.4594,16.5266,16.5464,16.5603
45115.9583333,20.5631,22.4614,23.7189,24.3450,29.1219,23.2842,25.0993,17.1653,21.3449,20.1562,19.5427,19.7283,15.7443,18.5248,18.6022,17.5659,17.7912,16.6486,14.5633,13.4558,15.0732,11.6995,12.0892,12.2674,11.6763,16.2521,10.0780,9.0697,9.0309,7.4337,3.4850,0.9340,-1.3326,2.0674,2.9805,2.3257,5.4621,5.8842,2.5145,9.5034,9.5925,9.6452,6.5175,9.0412,19.0599,9.7738,9.0702,10.8270,7.6640,8.0707,10.2583,10.8748,11.9353,12.9474,6.6992,5.9407,5.9236,7.0051,15.4757,13.1834,12.9313,11.9775,8.1975,7.2564,9.1256,8.3409,10.8724,11.2069,4.8018,5.3600,6.5773,5.6348,3.5784,3.9843,5.9879,7.1751,5.9367,4.0023,3.2819,10.2175,19.3608,16.7719,10.9773,8.2778,9.4224,9.1646,13.8720,11.7301,15.4080,9.3238,14.2063,19.4052,20.2465,17.4107,8.9217,11.6208,13.3951,14.0260,13.4428,11.5095,11.6764,18.0070,15.8242,16.0218,20.3806,22.3361,18.2913,20.0541,15.1067,20.2421,14.2168,13.4162,14.6310,12.8622,14.5012,13.1362,13.9774,17.1354,14.9492,15.0475,9.9352,14.7799,12.9039,14.5979,14.0270,14.8846,14.6645,16.8511,13.8689,10.1403,11.1569,11.0144,10.4856,9.9540,12.9567,10.5609,9.8340,10.4314,9.3264,8.8004,7.6900,7.4341,7.0401,7.2784,8.0320,5.9987,5.7893,8.3428,4.9263,4.9120,4.3678,3.7903,3.4434,0.7217,3.5060,3.8896,4.0916,3.9526,4.5733,4.1040,9.0113,5.9929,6.2843,8.0309,9.0775,5.6577,8.3505,5.1834,5.2686,5.0871,3.6651,4.6622,5.5615,6.2960,5.9097,7.6598,6.3223,6.4831,5.9254,11.6063,8.7469,6.3271,6.4296,8.7953,5.9471,8.9417,9.0023,8.9110,9.4141,9.6767,9.9420,10.1876,10.4341,10.6216,10.6569,10.9202,11.3732,11.6239,11.5453,12.0540,12.3319,12.5883,12.8336,13.0762,13.2776,13.2939,13.5626,13.9538,14.1759,14.0694,14.5348,14.7772,14.9828,15.1782,15.3674,15.5226,15.4959,15.7232,16.0023,16.1605,16.0056,16.3768,16.5451,16.6745,16.7929,16.9047,16.9792,16.9188,17.0785,17.2405,17.3227,17.1178,17.3924,17.4882,17.5449,17.5861
45116.0000000,21.7298,25.5985,25.8081,27.1073,33.2683,24.5743,27.9249,20.5683,24.7585,21.8191,22.4654,22.2118,17.1941,21.3742,22.3546,21.3987,22.2859,21.1196,17.4401,17.1665,20.0617,15.8306,14.9828,16.3829,15.7592,20.8119,14.2695,12.6095,13.5858,11.2205,8.5249,6.1077,3.8946,6.4635,7.0762,6.1721,8.7493,9.0301,5.6834,11.8760,11.9554,11.5137,8.7891,10.8912,20.4934,12.1802,10.8451,12.2201,8.9290,8.8551,10.9864,11.9472,12.9371,13.6294,7.0035,8.2061,8.0008,8.8079,16.3019,13.6254,13.2894,12.1505,9.5665,8.9431,10.0040,9.6839,12.2191,12.6962,6.8655,7.4532,8.8288,8.4105,6.5686,6.3990,7.3312,9.5191,8.3454,6.9439,6.2179,12.2886,20.1344,17.8075,11.8420,8.9791,10.7552,10.2116,15.0387,12.8800,16.3921,9.8625,15.4178,20.0962,20.8015,18.3095,9.4309,12.0201,13.6368,13.5122,13.3121,11.3330,11.5813,18.1542,15.4930,15.7199,20.4594,22.3578,17.9141,20.1714,14.9853,21.6216,14.2647,13.2707,14.9248,12.5862,14.6804,12.7177,13.9618,17.4680,16.0570,16.2241,9.5668,15.4891,13.6425,15.8360,16.8268,17.9275,17.3092,19.4532,15.5664,10.8182,12.5075,12.6642,12.7667,12.8231,16.1439,13.8096,13.0447,13.8487,11.5672,11.3500,10.5017,10.8010,9.7959,9.5392,10.8151,7.8926,8.1126,11.0561,8.0423,7.6272,7.2748,6.4029,5.9790,4.0167,5.3233,5.8887,6.3745,5.8673,6.0189,5.6887,10.5635,7.8345,7.6598,9.2731,9.8524,6.8012,9.4485,6.4900,6.9529,6.5168,4.4665,5.4322,6.7440,7.5821,7.1718,8.1702,6.7526,6.7985,6.1342,11.6256,8.6622,6.1916,6.2717,8.5978,5.6760,8.6183,8.6356,8.5769,8.9405,9.1369,9.3373,9.5260,9.7176,9.8694,9.9152,10.1242,10.4701,10.6758,10.6505,11.0427,11.2750,11.4947,11.7093,11.9247,12.1135,12.1737,12.4148,12.7458,12.9604,12.9450,13.3364,13.5736,13.7875,13.9967,14.2039,14.3892,14.4474,14.6867,14.9647,15.1589,15.1325,15.4786,15.6826,15.8598,16.0293,16.1940,16.3319,16.3734,16.5695,16.7665,16.9059,16.8404,17.1115,17.2541,17.3634,17.4450
45116.0416667,21.9337,27.4730,26.7749,28.6657,36.1969,24.9038,29.5399,22.6973,26.9592,22.4744,24.1557,23.4978,17.5632,22.8956,24.6881,23.7855,25.3778,24.2428,19.0673,19.6120,24.0259,18.8406,16.9513,19.6535,19.0903,25.0140,17.8929,15.5835,17.8803,14.6387,13.4464,11.2023,9.2033,10.9418,11.3488,10.0712,12.2386,12.3866,8.7479,14.4109,14.4493,13.4709,11.0039,12.7617,22.0862,14.5442,12.5073,13.5493,10.0356,9.5669,11.6939,12.9611,13.9088,14.3378,7.3350,10.3007,9.9020,10.4726,17.1854,14.1459,13.7248,12.4132,10.7814,10.4151,10.7401,10.7807,13.2927,13.8124,8.1340,8.7578,10.3717,10.5089,8.8190,8.0066,8.0816,11.3079,10.1727,9.3478,8.5921,14.0126,20.7575,18.6580,12.4855,9.4477,11.7781,10.9793,15.9879,13.7848,17.1925,10.2242,16.4138,20.6705,21.2629,19.0643,9.7801,12.3157,13.8241,13.1415,13.2242,11.2208,11.5286,18.2869,15.1705,15.3939,20.3911,22.2148,17.4455,20.0432,14.6387,22.4689,13.9715,12.8242,14.7832,12.0609,14.4487,12.0974,13.5852,17.3306,16.5088,16.7158,8.9788,15.5436,13.6871,16.2561,18.6092,19.9462,18.9264,21.0900,16.3452,10.7901,12.9726,13.3723,14.0013,14.6008,18.4065,16.0885,15.3024,16.4135,12.9915,13.0842,12.4881,13.4339,11.8393,11.2063,13.1273,9.2919,9.9686,13.5784,10.8290,10.0311,9.9669,8.8503,8.4469,7.3271,7.1516,7.9995,8.8808,7.9448,7.6239,7.3837,12.4976,9.9119,9.2664,10.8080,10.9754,8.1076,10.7857,7.8612,8.6723,7.9331,5.2043,6.1959,7.8924,8.8510,8.3998,8.7729,7.2629,7.2214,6.4675,11.8515,8.8007,6.2911,6.3529,8.6436,5.6836,8.5650,8.5448,8.5006,8.7561,8.8948,9.0376,9.1732,9.3119,9.4235,9.4608,9.6149,9.8678,10.0234,10.0166,10.3067,10.4861,10.6583,10.8286,11.0012,11.1566,11.2223,11.4176,11.6789,11.8599,11.8796,12.1889,12.3916,12.5798,12.7667,12.9542,13.1279,13.2133,13.4287,13.6738,13.8618,13.8953,14.1941,14.3949,14.5785,14.7586,14.9370,15.0978,15.1917,15.3960,15.6027,15.7698,15.7924,16.0535,16.2238,16.3671,16.4762
45116.0833333,21.6326,28.5244,27.0549,29.4423,38.2649,24.6770,30.3668,23.9271,28.3077,22.5150,25.0389,24.0457,17.3964,23.5913,26.0844,25.2065,27.4382,26.3006,19.7735,20.9781,26.8788,20.7046,17.9440,21.8451,21.3716,28.3724,20.5526,17.6497,21.4465,17.3216,17.8277,15.8348,14.2597,15.2402,15.5894,13.9021,15.8504,15.9474,11.8065,17.1689,17.1879,15.6628,13.3574,14.8527,24.0450,17.1146,14.3059,14.9942,11.1790,10.3683,12.5149,14.0392,14.9434,15.1341,7.7352,12.2871,11.6797,12.0365,18.1268,14.7442,14.2483,12.7885,11.9408,11.8090,11.4901,11.8400,14.3539,14.8480,8.9988,9.5975,11.4352,12.0887,10.4837,9.0132,8.4166,12.6014,11.4813,11.2330,10.4284,15.3575,21.1651,19.2664,12.8804,9.6765,12.4901,11.4854,16.7217,14.4727,17.8341,10.4628,17.2428,21.1621,21.6640,19.7217,10.0432,12.5607,13.9919,12.8897,13.1773,11.1590,11.5089,18.4227,14.6699,14.9151,20.1214,21.9083,16.9239,19.7694,14.2420,23.0336,13.6047,12.3421,14.4844,11.5171,14.0657,11.4757,13.0900,16.9712,16.5906,16.8227,8.4124,15.2994,13.4348,16.2662,19.7515,21.2906,19.8716,22.0635,16.5507,10.4265,12.9134,13.4778,14.4998,15.5457,19.8671,17.5262,16.7191,18.1635,13.7081,14.0730,13.6931,15.2734,13.1336,12.2103,14.7810,10.0949,11.1874,15.5799,12.9917,11.8413,12.1241,10.8366,10.5594,10.3824,8.7586,9.9680,11.3586,9.9643,9.1691,9.0419,14.6682,12.1188,11.0206,12.5726,12.3815,9.5683,12.3936,9.3935,10.5878,9.5277,6.0796,7.0713,9.1453,10.2326,9.7156,9.5458,7.9179,7.7985,6.9529,12.3067,9.1567,6.5874,6.6308,8.9065,5.8946,8.7419,8.6877,8.6472,8.8202,8.9123,9.0085,9.1010,9.1967,9.2742,9.2997,9.4089,9.5894,9.7023,9.7008,9.9104,10.0430,10.1717,10.3000,10.4310,10.5506,10.6075,10.7570,10.9548,11.0972,11.1263,11.3614,11.5229,11.6756,11.8287,11.9834,12.1298,12.2147,12.3928,12.5938,12.7560,12.8099,13.0530,13.2286,13.3936,13.5576,13.7218,13.8750,13.9820,14.1686,14.3584,14.5218,14.5841,14.8160,14.9847,15.1327,15.2466
45116.1250000,21.1983,29.1325,27.0047,29.7789,39.7577,24.1883,30.6923,24.5861,29.0723,22.1955,25.3671,24.0869,16.9114,23.6946,26.7600,25.8855,28.6767,27.5189,19.8383,21.5550,28.8076,21.6794,18.2122,23.1180,22.7172,30.8133,22.2253,18.7796,24.0381,19.0486,21.2772,19.5789,18.5887,18.9035,19.3403,17.2569,19.1759,19.3356,14.5679,19.8960,19.9386,17.8743,15.6685,16.9886,26.2349,19.8401,16.2278,16.5737,12.4075,11.2937,13.4896,15.2407,16.1000,16.0664,8.2339,14.2301,13.3861,13.5329,19.1133,15.3860,14.8091,13.2065,12.9986,13.0721,12.1824,12.8011,15.3544,15.8061,9.6688,10.2162,12.2428,13.3446,11.7560,9.6285,8.5128,13.5063,12.3648,12.6491,11.7686,16.3101,21.3044,19.5699,12.9781,9.6342,12.8352,11.6608,17.1200,14.8212,18.1662,10.4466,17.7463,21.3982,21.8327,20.1226,10.0941,12.6206,14.0048,12.5912,13.0332,11.0153,11.4013,18.4342,14.1431,14.3837,19.7000,21.4317,16.2921,19.2829,13.6944,23.2503,13.1130,11.8039,14.0563,10.9584,13.5871,10.8728,12.5465,16.4875,16.4363,16.6825,7.9019,14.8886,13.0231,16.0183,20.4162,22.1258,20.3353,22.5530,16.3948,9.9246,12.5700,13.2375,14.5328,15.9188,20.7073,18.3114,17.4703,19.2172,13.8773,14.4516,14.2382,16.3755,13.7595,12.6162,15.7610,10.3587,11.7834,16.9393,14.4381,12.9738,13.6009,12.1867,12.0839,12.8759,9.8940,11.4915,13.4556,11.5976,10.3731,10.3741,16.7090,14.1194,12.5976,14.2326,13.7334,10.8901,13.9793,10.8432,12.5015,11.1506,6.9726,8.0128,10.4932,11.7359,11.1415,10.4890,8.7174,8.5270,7.5820,12.9884,9.7103,7.0444,7.0676,9.3571,6.2548,9.1068,9.0154,8.9657,9.0686,9.1161,9.1681,9.2189,9.2735,9.3165,9.3239,9.3917,9.5118,9.5855,9.5793,9.7237,9.8152,9.9052,9.9962,10.0902,10.1772,10.2207,10.3307,10.4762,10.5836,10.6116,10.7863,10.9102,11.0289,11.1488,11.2708,11.3878,11.4620,11.6030,11.7614,11.8934,11.9496,12.1404,12.2849,12.4230,12.5613,12.7009,12.8337,12.9347,13.0930,13.2549,13.3992,13.4728,13.6673,13.8180,13.9530,14.0577
45116.1666667,20.2192,28.9924,26.4011,29.5362,40.6034,23.4128,30.5932,24.7915,29.4249,21.7068,25.3930,23.8974,16.3727,23.5242,27.0395,26.1448,29.3956,28.1932,19.5626,21.6407,30.0742,22.0812,18.0645,23.7652,23.4215,32.5688,23.2097,19.2766,25.8447,20.0168,23.8418,22.4228,22.0641,21.7628,22.3709,19.8989,21.9256,22.2404,16.7814,22.3098,22.4450,19.8812,17.7514,18.9942,28.5032,22.6163,18.1975,18.2667,13.7171,12.3391,14.6326,16.6132,17.4489,17.2197,8.8990,16.2646,15.1676,15.1183,20.2990,16.2214,15.5540,13.8020,14.1099,14.3513,12.9357,13.7736,16.3684,16.7510,10.2352,10.7353,12.9423,14.4567,12.8484,10.0784,8.5733,14.2361,13.0488,13.8230,12.8596,17.1094,21.4097,19.8124,13.0356,9.5809,13.0703,11.7471,17.3901,15.0317,18.3617,10.3522,18.0702,21.4965,21.8672,20.3449,10.0144,12.5398,13.8865,12.2530,12.8057,10.7973,11.2073,18.3212,13.6645,13.8980,19.2661,20.9446,15.7097,18.7828,13.1623,23.2634,12.5803,11.2400,13.5429,10.3961,13.0440,10.2878,11.9741,15.9222,16.1235,16.3841,7.4500,14.3975,12.5496,15.6406,20.7717,22.6290,20.5055,22.7477,16.0685,9.4237,12.1198,12.8403,14.3131,15.9495,21.1384,18.6761,17.7952,19.7994,13.7406,14.4585,14.3608,16.9511,13.9413,12.6348,16.2375,10.2821,11.9352,17.7578,15.3015,13.5734,14.4979,12.9661,13.0264,14.7251,10.5412,12.5070,15.0540,12.7623,11.1642,11.2905,18.4360,15.7698,13.8726,15.6480,14.8950,11.9741,15.4017,12.0906,14.2589,12.6428,7.7414,8.8805,11.8170,13.2721,12.6206,11.5484,9.6239,9.3822,8.3403,13.9051,10.4733,7.6742,7.6845,10.0345,6.7963,9.7108,9.5855,9.5222,9.5678,9.5750,9.5863,9.5977,9.6127,9.6204,9.6037,9.6310,9.6970,9.7314,9.7103,9.7973,9.8485,9.9001,9.9537,10.0107,10.0640,10.0874,10.1593,10.2580,10.3310,10.3487,10.4716,10.5601,10.6460,10.7339,10.8245,10.9124,10.9708,11.0776,11.1980,11.3007,11.3504,11.4966,11.6111,11.7220,11.8340,11.9477,12.0573,12.1451,12.2743,12.4072,12.5284,12.6000,12.7581,12.8859,13.0021,13.0927
45116.2083333,18.8591,28.2014,25.2723,28.6871,40.6916,22.2292,29.9143,24.4687,29.2483,20.9079,24.9936,23.3631,15.6691,23.0577,26.9614,26.0858,29.7540,28.5297,19.1636,21.5008,30.9276,22.1806,17.7556,24.0528,23.7479,33.8482,23.7578,19.4169,27.1121,20.5190,25.7589,24.5793,24.8324,23.9375,24.7367,21.8685,24.0619,24.5643,18.3824,24.2121,24.4768,21.4484,19.3772,20.6175,30.5781,25.2273,20.0359,19.8599,14.9509,13.3486,15.7941,18.0419,18.9036,18.5204,9.6561,18.3981,17.0623,16.8416,21.7332,17.3058,16.5538,14.6555,15.4005,15.7913,13.8897,14.9148,17.5557,17.8228,10.8166,11.2508,13.6147,15.4992,13.8463,10.4899,8.6862,14.9090,13.6661,14.8813,13.8284,17.8518,21.5542,20.0724,13.1308,9.5820,13.2969,11.8560,17.6635,15.2503,18.5755,10.3305,18.3886,21.6213,21.9309,20.5622,9.9797,12.4936,13.8023,12.0071,12.6310,10.6324,11.0512,18.2069,13.1501,13.3880,18.7764,20.4204,15.1563,18.2561,12.6746,23.1811,12.1130,10.7619,13.0672,9.9225,12.5419,9.7921,11.4544,15.3594,15.7425,16.0092,7.0700,13.8880,12.0699,15.2014,20.9059,22.8963,20.4919,22.7585,15.6804,8.9908,11.6768,12.4223,14.0030,15.8139,21.3236,18.7946,17.8741,20.0879,13.4695,14.2816,14.2624,17.2004,13.8794,12.4572,16.3958,10.0499,11.8418,18.1911,15.7522,13.8098,14.9742,13.3408,13.5323,16.0177,10.8183,13.0888,16.1689,13.4874,11.5842,11.8194,19.7759,17.0070,14.7840,16.7272,15.7651,12.7466,16.5506,13.0559,15.7615,13.9147,8.3341,9.5927,13.0095,14.7227,14.0361,12.5953,10.5138,10.2415,9.1093,14.9325,11.3192,8.3527,8.3617,10.8246,7.4025,10.4500,10.3033,10.2350,10.2439,10.2258,10.2108,10.1959,10.1837,10.1662,10.1314,10.1282,10.1529,10.1558,10.1195,10.1604,10.1768,10.1940,10.2134,10.2360,10.2567,10.2568,10.2923,10.3479,10.3865,10.3867,10.4627,10.5156,10.5679,10.6228,10.6807,10.7378,10.7750,10.8475,10.9312,11.0035,11.0391,11.1443,11.2284,11.3110,11.3955,11.4822,11.5670,11.6371,11.7376,11.8417,11.9386,12.0010,12.1255,12.2294,12.3251,12.4001
45116.2500000,17.8708,27.4289,24.1175,27.5929,40.1852,20.7064,28.6030,23.5512,28.3657,19.5568,23.8800,22.1446,14.4591,21.9561,26.1591,25.3325,29.3462,28.1334,18.2812,20.8713,31.0820,21.7516,17.0849,23.8180,23.5432,34.3965,23.6631,19.0756,27.7075,20.5077,26.9872,26.0225,26.8569,25.3622,26.3187,23.0522,25.3814,26.0496,19.2020,25.3304,25.6758,22.1728,20.1408,21.3922,31.8606,27.0846,21.1885,20.8406,15.6509,13.8570,16.4536,18.9709,19.8793,19.3575,9.9705,20.1471,18.6375,18.2703,22.9011,18.0913,17.2519,15.2269,16.4337,17.0333,14.7219,15.9535,18.6664,18.8403,11.4171,11.7704,14.2124,16.3835,14.6529,10.7890,8.7268,15.3521,14.0144,15.5844,14.4020,18.1598,21.2486,19.7913,12.6839,9.0815,12.9767,11.4780,17.4241,14.9760,18.2996,9.8879,18.1948,21.2495,21.5051,20.3036,9.5861,12.1077,13.3736,11.4299,12.0830,10.1083,10.5421,17.6855,12.4358,12.6560,17.9757,19.5453,14.2834,17.4059,11.9685,22.7580,11.4940,10.1891,12.4537,9.3412,11.8935,9.1770,10.7925,14.5858,15.0804,15.3454,6.5676,13.1874,11.4269,14.5415,20.6588,22.7474,20.0892,22.3295,14.9671,8.3732,11.0329,11.8076,13.4575,15.3807,21.1079,18.5300,17.5815,19.9482,12.9256,13.8130,13.8775,17.0551,13.5057,12.0020,16.1440,9.5863,11.4650,18.1608,15.7145,13.6119,14.9723,13.2982,13.5990,16.7479,10.7275,13.1857,16.6706,13.6303,11.4962,11.8127,20.4597,17.5445,15.0247,17.1050,15.9504,12.8343,17.0152,13.3784,16.6539,14.6527,8.5280,9.9300,13.8122,15.7939,15.0766,13.2927,11.0494,10.7537,9.5348,15.6387,11.7998,8.6435,8.6561,11.2526,7.6256,10.8290,10.6608,10.5933,10.5767,10.5383,10.5022,10.4677,10.4374,10.4085,10.3738,10.3581,10.3529,10.3317,10.2895,10.2973,10.2841,10.2718,10.2624,10.2571,10.2549,10.2452,10.2581,10.2772,10.2843,10.2713,10.3075,10.3239,10.3406,10.3610,10.3856,10.4140,10.4352,10.4798,10.5260,10.5650,10.5854,10.6509,10.6983,10.7457,10.7965,10.8514,10.9090,10.9619,11.0349,11.1065,11.1745,11.2255,11.3163,11.3890,11.4562,11.5084
45116.2916667,16.1128,25.7369,22.2386,25.6500,38.6051,18.4650,26.2984,21.3653,26.1608,17.1369,21.4256,19.6277,12.0652,19.4613,23.8356,23.0934,27.3712,26.1139,16.0313,18.8190,29.6527,19.8670,15.2025,22.2008,21.9797,33.4399,22.1001,17.3655,26.7452,19.0976,26.7206,25.9941,27.3976,25.4279,26.5292,22.9177,25.3325,26.0907,18.5783,25.0029,25.2438,21.3308,19.1822,20.4573,31.4488,27.0752,20.5848,20.2145,14.8380,12.9763,15.7217,18.4032,19.3278,18.6701,8.8420,20.2070,18.6751,18.1845,22.7069,17.5201,16.5404,14.3741,15.8627,16.7390,14.1903,15.6893,18.6794,18.8959,11.5057,11.9760,14.5346,16.8302,14.8988,10.5682,8.4224,15.2303,13.6646,15.4355,13.9563,17.3730,19.9729,18.3494,11.0149,7.3515,11.1141,9.5974,15.5392,13.0087,16.2946,7.9175,16.2095,19.1152,19.3445,18.2433,7.6093,10.1509,11.4221,9.5485,10.0887,8.1543,8.5756,15.6221,10.4697,10.6535,15.8351,17.3166,12.1585,15.2915,10.1348,21.1675,9.9720,8.8756,11.1588,8.1528,10.6011,7.9861,9.4842,13.1367,13.5793,13.7972,5.3204,11.7010,9.9615,13.0689,19.3657,21.5168,18.6294,20.8033,13.2533,6.8809,9.4658,10.2547,11.9429,13.9210,19.8009,17.2148,16.2976,18.7878,11.5270,12.4619,12.6049,15.9945,12.3049,10.8261,15.0707,8.4237,10.3489,17.2795,14.7513,12.5109,14.0190,12.3802,12.8386,16.5276,9.9681,12.6012,16.3119,12.9382,10.5752,10.8685,20.0806,16.9071,14.1367,16.3020,15.0057,11.6982,16.1410,12.3454,16.0710,14.0227,7.5895,9.1790,13.4929,15.7683,15.0201,13.0294,10.5845,10.2937,8.9720,15.3827,11.2818,7.9341,7.8871,10.5616,6.8088,10.1115,9.8699,9.7031,9.6876,9.5910,9.4999,9.4124,9.3447,9.2730,9.2177,9.2099,9.2339,9.1753,9.0561,9.0866,9.0358,8.9814,8.9311,8.8911,8.8607,8.8012,8.8307,8.8840,8.8598,8.7730,8.8348,8.8152,8.7875,8.7647,8.7510,8.7484,8.7158,8.7708,8.8393,8.8431,8.7831,8.8718,8.8779,8.8767,8.8804,8.8930,8.9148,8.9161,8.9945,9.0759,9.1078,9.0770,9.1912,9.2247,9.2466,9.2614
45116.3333333,12.9008,22.4839,19.1583,22.4450,35.5876,15.5895,22.7642,17.7697,22.7183,13.7185,17.5001,15.5618,8.1927,15.1061,19.3231,18.7231,23.0777,21.8641,11.7213,14.7547,25.9015,16.0785,11.8340,19.0193,18.7571,30.6823,18.7682,14.1193,24.1886,16.0412,24.4671,23.8980,25.7697,23.4933,24.4308,20.8707,23.6758,24.3400,16.3155,23.2985,23.0476,19.0640,16.4124,17.8616,29.4776,25.1579,18.4198,18.1918,12.7058,10.9493,13.9455,16.3479,17.0733,16.2402,6.0265,17.9322,16.3182,16.0093,20.3120,15.1179,13.9230,11.6045,12.9244,14.1828,11.7452,13.3833,16.6093,16.8521,10.0523,11.2826,14.1095,16.4121,14.4038,9.4201,7.6245,14.4109,12.3135,14.1136,12.3282,15.4318,17.9564,16.2537,8.6363,4.6472,7.9132,6.5932,12.4533,9.9176,13.1724,5.1836,12.9298,15.6141,15.6597,14.4213,4.0673,6.3151,7.5869,6.1314,6.1316,4.3340,4.5249,11.3273,6.7475,6.8712,11.7864,13.1017,7.9998,11.1647,6.5993,17.8441,6.9571,6.2876,8.6856,5.9589,8.2911,5.9529,7.2576,10.7300,11.2217,11.2711,3.1441,9.2792,7.3930,10.4992,16.5951,18.8803,15.9354,18.0282,10.2153,4.1310,6.5665,7.2922,8.9540,10.9318,16.7684,14.3546,13.6225,16.2443,9.1097,9.9351,10.1411,13.8042,10.1076,8.7260,12.8881,6.4029,8.2687,15.3011,12.8591,10.4718,12.1087,10.5792,11.2176,15.2648,8.5374,11.5222,15.1808,11.2833,8.9236,8.7157,18.5803,14.8345,11.8936,14.0982,13.0038,9.4768,13.8429,10.0570,13.8367,11.9170,5.4569,7.1063,11.6063,14.2397,13.4123,11.5244,8.7021,8.6306,7.2067,14.0045,9.6169,6.1277,5.7871,8.4692,4.8551,8.3915,8.0390,7.4665,7.7494,7.5458,7.3506,7.1511,6.9773,6.7212,6.3888,6.4535,6.8245,6.7069,6.2034,6.5542,6.4287,6.2913,6.1579,6.0468,5.9628,5.5753,5.6776,6.0712,5.9942,5.5354,5.9041,5.8217,5.7172,5.6209,5.5456,5.5012,5.1457,5.2973,5.6654,5.6320,5.2262,5.6163,5.5679,5.4959,5.4305,5.3830,5.3538,5.0368,5.3032,5.4224,5.4348,5.0813,5.5142,5.5081,5.4749,5.4430
45116.3750000,5.7605,15.0524,12.4522,15.4991,28.7400,9.7494,15.5969,11.2431,17.1971,8.8432,12.1426,10.1087,3.1286,9.3075,12.4892,12.4805,16.6932,15.3297,5.6124,7.9507,19.5603,8.9344,5.1624,12.3706,12.8557,24.1481,12.8723,7.6357,18.6716,10.2781,19.3583,19.4389,21.7766,18.8941,19.9774,15.0042,18.7396,19.2939,11.4234,19.6529,18.2096,15.0986,11.2880,12.9323,24.6069,20.2888,12.7669,12.3384,7.3011,5.7325,9.6909,11.9086,12.6935,11.9587,1.8153,13.1963,11.2805,11.8594,14.8927,10.6198,9.2876,6.8671,7.1908,8.8102,7.0343,8.5076,12.4898,12.3839,5.8022,8.7029,12.3924,14.3891,12.7674,7.0938,6.2748,12.9521,10.1205,11.2135,8.4821,11.0999,14.8013,12.6906,4.8727,0.9677,2.3439,1.4854,7.1149,4.6135,7.6390,0.5325,7.8469,9.8776,9.1866,8.1453,-1.6103,0.4166,1.5340,1.2860,0.2165,-1.5178,-2.1662,3.9678,0.1855,0.3759,4.9997,6.2692,0.9009,4.3588,0.4071,11.9337,1.6733,1.7012,4.2800,1.9932,4.0679,2.9374,3.6504,6.7797,7.1830,7.0800,-0.5568,5.4463,3.2584,6.7555,12.0491,14.4907,12.0252,14.1693,6.1916,0.5550,2.6924,3.1616,4.6643,6.5218,11.5058,9.3529,8.8960,12.0629,5.0787,5.6163,5.8731,9.7241,6.1414,5.1351,8.8655,3.0283,5.1636,11.7887,9.0494,6.2451,8.0818,7.1692,8.3776,12.6939,6.2312,10.2112,13.5948,8.8622,7.0330,6.0222,16.6297,11.7456,8.6796,10.4446,9.9543,6.2391,9.9241,6.7025,9.8799,7.9140,1.7844,3.4117,7.6789,10.9246,10.0414,8.6698,5.1629,5.6836,4.2076,11.4969,6.8651,3.3513,2.2204,4.6909,1.5643,5.6115,5.1299,3.6614,4.7310,4.4129,4.1069,3.7881,3.5083,3.1779,1.9299,2.0578,3.2865,3.0983,1.7054,2.8538,2.6302,2.3820,2.1356,1.9240,1.7549,0.5007,0.7102,1.8938,1.7682,0.4409,1.6399,1.4901,1.2981,1.1142,0.9610,0.8528,-0.3453,-0.1318,0.9047,0.9099,-0.3115,0.9125,0.8124,0.6644,0.5221,0.4051,0.3108,-0.7665,0.2076,0.2937,0.2715,-0.9079,0.3078,0.2559,0.1578,0.0708
45116.4166667,-4.7028,3.7108,2.0477,5.0054,20.9122,2.3515,6.0522,0.9429,8.2491,1.1943,3.9369,1.9392,-4.1841,1.4497,3.7526,3.7941,8.0919,6.9502,-1.6458,-0.3422,12.4385,1.1636,-1.9735,4.7075,6.4766,16.4742,5.1013,-1.6047,10.2655,1.7115,10.0258,11.2728,14.9733,12.9343,13.9269,8.5510,12.1134,11.1068,3.5758,13.5295,11.0448,8.0859,2.6056,4.6286,18.6270,12.7389,5.6181,4.4677,0.8923,-0.6494,4.5709,6.1689,6.8389,6.3500,-3.0101,6.4658,3.9321,6.2255,9.0337,4.0939,2.6408,0.3106,-1.1452,0.6982,0.1259,1.2657,6.9447,6.7951,-0.4546,3.5644,8.7585,10.2219,9.7902,3.6266,4.3511,11.2662,7.7550,9.9078,4.3502,6.7741,13.6596,10.4386,2.4272,-1.3848,-3.0383,-3.4761,1.3232,-1.3627,2.0612,-3.8771,2.1623,3.6691,2.1255,0.5936,-8.0131,-6.2706,-5.1690,-3.4681,-5.8494,-7.4165,-8.4860,-3.5961,-7.4020,-7.1786,-3.2161,-2.3431,-7.5143,-5.2497,-8.4621,3.2139,-5.9735,-5.0262,-1.4234,-3.7600,-3.1046,-2.2583,-2.2951,1.5175,1.7403,1.5439,-5.6124,-0.0283,-2.7918,0.7834,4.3658,7.3703,5.6043,8.5719,0.9869,-3.7026,-1.7417,-1.4545,-0.0246,1.7377,6.1780,2.4326,2.3853,6.6981,0.3081,-0.1789,-0.0687,4.3823,1.2843,0.4335,3.1589,-2.4188,0.0997,7.6271,4.5443,0.5839,2.9874,1.3441,3.0327,7.6695,1.8609,7.4617,10.6487,4.6010,4.4081,2.5655,14.1095,8.8994,5.8056,5.5484,6.0019,2.4112,5.3278,3.1788,5.3452,3.4085,-2.0943,-0.7390,2.5463,6.6116,5.6824,5.2624,0.7139,2.3358,0.9007,8.7621,4.0107,0.5733,-0.7252,-0.2548,-2.4380,2.3177,1.7616,-1.1428,1.3848,1.0449,0.7147,0.3596,0.0488,-0.3021,-2.9347,-2.6875,-0.0922,-0.3045,-3.1152,-0.5916,-0.8659,-1.1805,-1.5010,-1.7851,-2.0305,-4.6396,-4.2979,-1.9481,-2.1317,-4.8496,-2.3557,-2.5663,-2.8369,-3.1019,-3.3360,-3.5385,-6.0469,-4.5352,-3.8656,-3.9703,-6.5454,-4.0697,-4.1990,-4.3894,-4.5740,-4.7288,-4.8648,-7.0197,-5.0015,-4.9134,-4.9447,-7.3225,-4.9246,-4.9827,-5.1056,-5.2140
45116.4583333,-14.5189,-7.9832,-5.8456,-4.4986,11.3761,-5.9574,-3.2631,-10.2388,-0.8815,-5.7895,-3.4128,-4.3827,-9.8461,-5.8527,-4.1659,-4.4759,-0.4408,-1.4254,-8.5278,-8.9349,4.9478,-7.1177,-8.3246,-4.5587,-0.6534,9.5958,-1.3924,-7.6967,2.9718,-6.4098,2.2455,2.2127,6.6318,6.9237,8.2238,2.4265,5.8745,2.7273,-5.6688,6.7193,4.8061,2.2896,-5.4511,-3.0099,14.5258,6.0009,-0.7353,-3.3007,-5.3187,-7.0320,-0.1116,0.7793,1.4918,1.6565,-6.4121,1.0795,-2.4373,2.7780,6.2003,0.6525,-1.1696,-3.6387,-8.0249,-6.2662,-4.5985,-4.7745,0.7286,0.2213,-7.6159,-2.2571,4.4002,4.5596,5.9989,-0.2823,2.1305,10.0198,5.8847,9.6654,0.9861,3.9795,15.2289,10.9835,2.7822,-0.9838,-6.2535,-5.8348,-2.5168,-6.0805,0.3168,-5.1803,0.0636,1.3986,-0.2494,-3.0468,-10.5904,-9.5819,-8.8257,-4.9415,-9.0275,-10.5816,-11.9246,-8.6731,-13.1811,-12.9184,-9.7000,-9.1022,-13.5229,-13.7186,-16.7989,-5.8041,-13.8816,-12.8889,-7.7279,-9.1209,-10.4514,-7.0368,-7.8342,-3.3321,-3.3477,-3.8231,-10.0738,-5.4613,-7.8714,-4.9788,-4.3393,0.6621,-1.0415,2.6633,-4.4639,-8.1412,-6.3701,-6.1017,-4.0433,-1.4411,3.3782,-3.3600,-4.5950,0.8763,-3.8182,-4.4246,-6.2673,-0.9600,-3.5969,-4.1060,-1.2606,-7.2838,-4.9394,3.5736,0.3130,-4.0605,-0.7143,-4.3549,-3.2169,2.0595,-2.4413,4.9077,7.3859,0.3916,1.2363,-1.4552,11.2870,6.0840,3.2017,0.6016,1.5856,-1.1323,2.3058,-0.4258,0.7749,-0.8963,-5.8343,-4.5052,-2.5332,2.6273,1.7224,2.5394,-3.2051,-0.3020,-1.6413,6.9090,2.1842,-1.0247,-2.1365,-4.2205,-5.4049,-0.6398,-0.9645,-5.2916,-0.8119,-0.9734,-1.1806,-1.4740,-1.7952,-2.3509,-6.5883,-6.8963,-3.4123,-3.3894,-7.6568,-3.1659,-3.2125,-3.3570,-3.5710,-3.8301,-4.2484,-8.3096,-7.1019,-5.2648,-5.3156,-9.5275,-5.2862,-5.3832,-5.5779,-5.7968,-6.0282,-6.3607,-10.0519,-7.6896,-7.0472,-7.0205,-10.9783,-6.8892,-6.9243,-7.0661,-7.2399,-7.4338,-7.7402,-10.9289,-8.4591,-8.3297,-8.3210,-12.0361,-8.2251,-8.2386,-8.3424,-8.4422
45116.5000000,-23.1731,-19.1606,-12.7220,-10.6843,4.2940,-11.2789,-9.9069,-19.2472,-8.1414,-11.0704,-12.9534,-12.0575,-15.8858,-12.3950,-10.7594,-11.0174,-7.3604,-8.2834,-13.7028,-16.2797,-2.6508,-15.7366,-13.3813,-13.1575,-6.6760,3.6087,-6.5915,-14.2246,-2.5231,-12.6433,-3.8556,-6.0423,-1.1394,-1.0851,1.9473,-2.9705,1.1179,-1.5564,-11.6947,2.0028,0.0261,-2.4109,-13.1941,-11.0313,10.3823,-0.6407,-6.5559,-9.5922,-11.8280,-14.0121,-5.1643,-4.7861,-3.7557,-2.7693,-11.3221,-6.0211,-7.8557,-1.3836,5.0179,-0.4902,-2.1677,-4.5018,-11.9651,-10.6851,-8.7976,-8.6714,-1.6536,-2.8481,-14.3141,-7.9603,-0.1639,-1.6745,-0.1999,-4.7338,-1.9664,8.1954,3.8893,9.5593,-2.5183,0.3314,17.0117,11.8401,3.3665,-0.4642,-9.3318,-8.1815,-1.4406,-7.9395,0.5467,-4.9004,-0.4329,0.6564,-1.0935,-5.0439,-11.5601,-10.9154,-10.2368,-4.1926,-9.7565,-11.1991,-12.6425,-10.7014,-16.2777,-15.9812,-13.6285,-13.4333,-17.1351,-18.1585,-22.5054,-13.8908,-20.9916,-18.9651,-13.2066,-13.8874,-17.0614,-12.8513,-16.5068,-10.1204,-9.8758,-9.9838,-14.2316,-10.4278,-12.2269,-10.0057,-9.4737,-6.6097,-8.1429,-3.6503,-9.9652,-12.1967,-11.0210,-12.2027,-11.4865,-8.9589,-2.6068,-7.6594,-8.3156,-3.9834,-7.8982,-8.8406,-10.3431,-5.7014,-8.0256,-8.4268,-5.7954,-10.7740,-9.2551,-0.4591,-6.8571,-9.6458,-6.9341,-8.2616,-7.5960,-4.4967,-6.8205,2.0166,3.8719,-1.0025,-1.4435,-5.3310,7.9280,2.5004,-0.4267,-3.7829,-2.2063,-3.8077,-1.5531,-4.8706,-4.8819,-6.1014,-9.3590,-8.6797,-8.3051,-2.9695,-3.4892,-1.0867,-7.8870,-3.2753,-4.2491,5.0423,0.4549,-2.4524,-3.2819,-4.1579,-4.8540,-2.1872,-2.7524,-9.1020,-2.9148,-3.1426,-3.3756,-3.6680,-3.9648,-4.4744,-7.6907,-7.9824,-5.4859,-5.5879,-11.7442,-5.6554,-5.7749,-5.9496,-6.1482,-6.3518,-6.6865,-9.7204,-8.8614,-7.4542,-7.5107,-13.3783,-7.5189,-7.5823,-7.7341,-7.8988,-8.0702,-8.3431,-11.1276,-9.4811,-8.9876,-9.0334,-14.5945,-9.0763,-9.1400,-9.2936,-9.4573,-9.6224,-9.8879,-12.2771,-10.5338,-10.4352,-10.5985,-15.7271,-11.0917,-10.9538,-10.9069,-10.8901
45116.5416667,-29.8657,-28.3475,-20.2990,-17.5011,-3.2161,-16.4459,-16.1623,-27.1264,-14.2108,-14.7728,-16.8321,-16.6899,-19.4743,-17.6120,-17.0441,-17.7151,-14.5959,-15.1631,-18.4644,-21.1647,-8.4451,-22.3846,-16.9792,-20.4479,-11.9223,-1.8480,-11.0483,-18.8257,-7.1648,-18.4164,-7.9425,-11.7709,-6.6108,-3.5867,-1.1722,-6.5417,-2.9009,-5.7647,-17.4177,-2.3210,-3.9366,-5.8641,-19.0772,-17.0916,5.5659,-7.3752,-11.8147,-12.7648,-16.0884,-18.3950,-8.6268,-9.4278,-8.6513,-7.1306,-15.6258,-14.2618,-15.1947,-8.2254,2.4149,-2.8985,-4.2581,-6.2346,-16.5745,-15.6411,-12.9769,-12.0607,-5.1666,-6.0911,-19.4062,-12.2932,-3.8508,-6.6420,-9.0483,-12.4648,-8.4756,2.9983,-0.5743,6.5960,-6.1069,-3.2738,18.8279,12.8601,4.0615,0.0599,-12.3286,-10.2381,-2.8360,-11.6722,-1.9727,-6.8944,-1.9521,-0.1310,-1.2156,-5.6236,-11.0827,-10.4602,-9.7193,-1.7848,-8.6006,-10.0651,-11.6610,-10.7831,-17.1329,-16.8373,-15.2465,-15.3992,-18.4325,-20.3456,-25.9989,-19.7418,-25.3917,-22.3220,-16.4619,-14.7828,-17.7610,-13.7864,-20.4246,-13.2278,-13.9170,-13.0205,-16.3779,-14.7720,-16.6433,-15.3649,-14.5379,-11.6971,-13.2367,-8.3118,-13.8454,-14.6611,-14.2913,-14.7767,-16.7441,-15.4086,-6.8935,-12.5227,-12.7723,-8.1553,-11.0582,-12.5063,-13.7433,-9.5089,-11.1513,-11.2263,-8.8982,-12.7992,-12.0113,-3.2762,-12.5031,-14.2571,-11.4934,-14.0065,-12.9683,-11.6075,-11.2868,-1.1675,0.2038,-2.6647,-3.6822,-8.3490,5.3431,0.1146,-2.3886,-4.4012,-1.5111,-4.1641,-3.4010,-7.4629,-9.4819,-10.6581,-12.2791,-12.2914,-12.3745,-7.9601,-8.5682,-5.1411,-12.3998,-7.7183,-8.2929,1.4394,-2.7539,-5.1351,-5.6378,-5.5202,-5.7016,-4.3025,-4.9571,-11.9268,-5.6504,-5.6322,-5.6067,-5.6351,-5.6662,-5.9113,-8.1892,-8.2788,-6.3495,-6.5897,-13.4365,-7.4296,-7.4583,-7.5345,-7.6240,-7.7091,-7.9203,-10.1733,-9.5269,-8.4422,-8.6877,-15.2373,-9.5007,-9.4964,-9.5642,-9.6246,-9.6745,-9.8136,-11.8537,-10.6136,-10.1621,-10.3378,-15.8735,-11.0462,-11.0458,-11.1340,-11.2229,-11.2996,-11.4616,-13.1995,-11.8755,-11.6897,-11.7854,-15.6136,-12.2868,-12.2582,-12.3319,-12.4043
45116.5833333,-33.3682,-30.9699,-24.3249,-21.3347,-8.4890,-19.3347,-20.9437,-33.6943,-19.8271,-18.1614,-20.5042,-20.6964,-22.0376,-21.0302,-21.1040,-21.8440,-19.3971,-19.8865,-21.2684,-24.5668,-13.2257,-27.6366,-19.6052,-27.2337,-17.2560,-7.1597,-18.3494,-23.5153,-11.0697,-22.1681,-14.2237,-17.3785,-11.7470,-3.6770,-1.0757,-5.7322,-2.4321,-6.1245,-19.2657,-3.5503,-5.2152,-6.8780,-21.8629,-16.0589,3.8445,-12.2710,-15.8811,-15.3251,-19.4379,-21.8894,-12.3070,-13.4646,-12.3462,-10.0656,-17.8196,-20.8522,-21.2006,-14.7824,-0.6132,-5.7611,-6.9270,-8.5976,-21.0043,-20.6379,-17.3211,-12.2497,-7.3805,-9.2025,-23.8459,-15.9541,-6.8606,-7.4937,-9.1947,-16.3278,-10.8227,-1.7705,-5.8787,-2.2673,-13.2755,-9.6162,15.9160,9.7910,1.2165,-2.4488,-16.5882,-11.2808,-4.1651,-11.3392,-2.7619,-7.2661,-2.7523,-0.9007,-1.9003,-7.1268,-11.8603,-11.3304,-10.4630,-1.0189,-8.5938,-9.9112,-11.3456,-10.8617,-16.6907,-16.2265,-15.0895,-15.4148,-17.8012,-20.2570,-25.8796,-23.2009,-28.1990,-24.3548,-21.2084,-15.7312,-17.7707,-13.9203,-22.8819,-15.5102,-19.3022,-14.3755,-15.5289,-15.2215,-16.9245,-16.7061,-20.3854,-15.8359,-16.5828,-11.0379,-15.4933,-14.6759,-17.2248,-16.1645,-19.5834,-19.0921,-8.9684,-15.1011,-18.3965,-11.8531,-12.9126,-14.1815,-15.0163,-10.5935,-10.9844,-11.1429,-10.0612,-13.4642,-13.0500,-4.4170,-16.0949,-17.0182,-13.4854,-16.9251,-16.1212,-17.2225,-14.3875,-3.7948,-3.2600,-4.5285,-5.7690,-11.1613,2.4349,-2.4588,-4.4378,-5.3377,-1.2794,-4.5793,-4.7971,-9.0924,-12.5776,-13.4159,-13.3517,-14.0986,-15.0090,-11.6151,-12.3041,-7.6835,-13.1950,-9.9971,-10.4738,-1.1921,-5.0848,-7.0201,-7.5302,-7.1011,-6.8444,-6.6314,-7.2631,-12.3529,-7.7704,-7.7234,-7.6783,-7.6965,-7.7153,-7.9280,-9.6539,-9.6513,-8.0836,-8.1859,-13.1391,-8.7041,-8.6466,-8.6584,-8.7029,-8.7533,-8.9273,-10.6604,-10.1628,-9.2422,-9.3937,-14.1897,-10.0051,-9.9821,-10.0591,-10.1507,-10.2440,-10.4242,-12.0597,-11.1970,-10.8036,-10.9446,-15.0518,-11.5261,-11.5046,-11.5802,-11.6653,-11.7472,-11.9203,-13.2914,-12.3581,-12.1913,-12.2880,-15.1962,-12.7429,-12.7046,-12.7632,-12.8182
45116.6250000,-30.5311,-30.5352,-24.9124,-21.8034,-10.2391,-18.6032,-21.7347,-35.8621,-21.6867,-18.1154,-20.9230,-21.5318,-21.8658,-22.2680,-23.2111,-24.1587,-22.4600,-22.7917,-22.2912,-26.0383,-16.0549,-30.2882,-20.2717,-27.3303,-19.7827,-11.3603,-24.7552,-27.8429,-15.7864,-24.8534,-20.6516,-23.3051,-17.9944,-9.1585,-1.4308,-5.2896,2.4223,-0.5859,-14.7273,1.2653,-0.7974,-2.6955,-18.6858,-11.4965,5.8979,-13.1375,-16.0661,-14.3963,-19.2957,-17.9036,-11.8227,-14.7254,-14.3382,-11.8709,-18.6854,-26.1830,-26.0934,-20.6121,-3.0183,-7.5701,-8.3816,-9.6758,-23.7545,-24.0017,-20.0512,-15.9613,-8.2430,-8.1567,-25.5918,-18.1287,-8.8850,-9.6113,-10.2561,-14.6773,-5.6929,0.0583,-4.9223,-4.9425,-14.6890,-5.2758,17.4788,10.5395,1.7186,-1.9490,-13.3086,-10.3918,-4.8725,-11.4224,-4.2983,-8.3851,-4.2064,-1.7903,-2.0164,-7.0315,-12.1282,-9.4140,-8.4107,1.9842,-6.0349,-7.3740,-8.8639,-8.9017,-13.7877,-13.3578,-12.1148,-12.9239,-15.1301,-18.0044,-23.7539,-24.0872,-26.8441,-24.2752,-23.6127,-18.3296,-17.5141,-13.6906,-21.2729,-16.0535,-22.6993,-18.8834,-15.6277,-15.7745,-16.3955,-16.7139,-19.9942,-18.1453,-18.9126,-13.1600,-16.5738,-15.9799,-16.6349,-18.2916,-21.3650,-21.3544,-9.8814,-16.0478,-18.8883,-14.2025,-14.3533,-16.1327,-16.6432,-14.8774,-13.9467,-11.0475,-9.4460,-11.6672,-13.0212,-2.8117,-15.6620,-15.5689,-12.0173,-15.1724,-15.4741,-19.5059,-15.0337,-4.6080,-4.9344,-4.9402,-6.0963,-11.9588,1.4048,-5.3446,-4.1703,-4.1927,0.7615,-2.8908,-3.5934,-9.3837,-12.7520,-13.6883,-12.5523,-13.9713,-15.7210,-12.8665,-14.0945,-7.2366,-11.4745,-9.3618,-9.7716,-1.1310,-4.6608,-6.1939,-6.7420,-6.2226,-5.6540,-6.3297,-7.0039,-10.8370,-7.5216,-7.5178,-7.5121,-7.5681,-7.6196,-7.8546,-9.2446,-9.2424,-8.0085,-8.1000,-11.7978,-8.5489,-8.4923,-8.5006,-8.5361,-8.5698,-8.7169,-10.0791,-9.6846,-8.8810,-8.9677,-12.5175,-9.4119,-9.3444,-9.3786,-9.4276,-9.4775,-9.6115,-10.8918,-10.2385,-9.8442,-9.9335,-13.0139,-10.3995,-10.3610,-10.4264,-10.5056,-10.5838,-10.7536,-11.8509,-11.1780,-11.0114,-11.1001,-13.3546,-11.5220,-11.4887,-11.5531,-11.6092
45116.6666667,-27.6697,-27.7236,-21.6001,-18.5686,-8.2761,-14.5872,-18.8797,-34.1010,-20.0529,-14.9277,-17.9253,-17.5859,-17.4611,-19.2174,-21.2279,-22.6077,-21.8947,-22.3534,-20.4622,-24.7472,-15.8387,-28.4838,-17.9647,-24.7666,-18.4475,-10.5577,-25.0549,-27.3041,-19.5165,-26.4777,-25.3218,-27.6506,-22.6804,-14.5520,-7.1899,-10.5409,0.2843,-0.9059,-14.3900,3.6619,2.9097,1.8468,-12.8366,-5.2167,11.2632,-8.9618,-11.2433,-8.9634,-14.5782,-13.2284,-7.7190,-11.0195,-10.8519,-8.2977,-14.3527,-26.1717,-26.1667,-21.5961,-2.6212,-6.8905,-7.6988,-8.8777,-24.3102,-25.3401,-21.4170,-19.6286,-13.6326,-9.9758,-25.5803,-18.1741,-8.7811,-12.4389,-13.6736,-15.2883,-4.2757,0.3698,-3.9396,-6.0780,-13.6966,-0.2855,20.7373,13.9388,5.3528,1.9316,-6.4610,-4.7511,0.2956,-5.3716,0.8275,-2.9731,0.0440,3.9785,3.4354,-2.5697,-9.5810,-5.8216,-5.0800,5.4597,-2.6971,-4.1809,-5.6511,-5.7182,-9.5487,-11.1218,-8.3168,-8.6508,-10.1750,-12.6348,-18.1331,-20.1974,-21.2078,-18.3841,-19.4472,-14.6823,-15.0476,-9.0952,-15.7886,-12.3881,-21.1302,-18.7197,-13.2020,-14.4374,-16.6951,-15.4763,-18.4424,-16.4912,-17.1967,-11.6452,-14.3798,-14.0697,-15.4767,-17.6619,-21.4073,-22.1385,-10.3959,-16.1161,-17.9960,-14.4292,-12.9881,-14.7716,-16.3060,-16.4022,-15.7073,-11.5193,-9.9870,-11.3514,-13.9821,-3.4697,-16.6906,-15.7749,-13.3813,-13.8116,-13.4634,-17.9585,-12.2236,-3.3610,-2.6982,-2.3053,-2.7142,-8.8812,3.2178,-5.0834,-2.2636,-1.5312,4.0227,-1.5055,-0.7260,-8.4103,-10.9613,-11.6787,-9.5571,-11.1009,-13.7516,-12.2166,-15.1471,-6.7515,-9.7382,-8.0092,-8.0398,0.2752,-2.7378,-3.9004,-4.2903,-3.4944,-2.8614,-3.6911,-4.2643,-7.1239,-4.6401,-4.6273,-4.6264,-4.6993,-4.7743,-5.0338,-6.2017,-6.2170,-5.2398,-5.3515,-8.1933,-5.8124,-5.7925,-5.8367,-5.9056,-5.9683,-6.1382,-7.2816,-7.0001,-6.3181,-6.4004,-9.1099,-6.8011,-6.7379,-6.7754,-6.8241,-6.8689,-6.9913,-8.0378,-7.5415,-7.1498,-7.2030,-9.5539,-7.5697,-7.5046,-7.5447,-7.5976,-7.6480,-7.7878,-8.6630,-8.1425,-7.9449,-7.9991,-9.7661,-8.3439,-8.2917,-8.3414,-8.3845
45116.7083333,-23.9573,-25.9956,-17.6617,-14.5487,-6.9681,-7.6611,-12.0460,-27.7383,-14.0765,-8.3734,-14.4088,-11.8488,-11.3511,-13.3645,-15.6643,-17.1205,-17.1702,-17.8646,-15.2199,-20.0118,-14.3457,-23.3740,-13.1875,-19.2650,-16.7235,-7.5187,-21.1572,-22.6250,-17.6500,-23.0909,-24.3856,-28.1247,-25.5800,-17.8805,-11.1736,-13.8606,-1.7200,-2.0421,-15.1397,3.1431,3.1393,2.7262,-8.7831,-1.8812,14.5689,-5.0641,-6.2923,-3.1018,-8.2200,-5.2876,-1.4162,-4.9223,-5.0427,-2.6053,-7.8894,-22.3637,-22.7108,-18.9680,0.5775,-2.8316,-3.6858,-4.8967,-20.4694,-22.5402,-16.7202,-18.2410,-13.4213,-11.0351,-25.9404,-18.5881,-10.4258,-11.8672,-15.0924,-15.4361,-3.9368,-0.3490,-4.1055,-7.5329,-12.4729,2.6438,22.2441,15.9034,7.5757,4.3167,-1.4838,-0.4682,4.7118,-0.0224,5.8088,1.9368,2.4602,9.5827,9.5265,3.6515,-4.2699,0.3916,1.3738,11.3467,3.7817,2.1879,0.8327,1.0005,-2.3370,-3.4077,-1.3140,-1.2840,-3.2940,-6.0461,-11.8569,-15.0852,-15.6019,-13.2926,-14.6698,-10.3279,-11.2257,-4.5126,-9.9441,-6.7239,-16.0565,-14.6074,-8.1633,-9.7810,-13.1779,-11.8679,-16.9913,-14.4061,-14.5101,-8.8859,-10.7279,-10.2091,-12.2320,-13.2913,-17.9717,-19.6386,-9.0406,-14.5942,-16.0563,-13.3980,-11.2609,-13.1481,-15.6790,-14.9109,-13.8344,-9.4358,-8.5294,-9.4833,-12.1683,-2.6863,-15.7881,-14.6956,-13.6722,-13.8922,-12.9188,-17.3010,-9.1992,-4.3481,-2.0146,-2.0173,-0.2819,-5.1433,6.6767,-0.7035,2.0225,3.2833,8.5144,0.0404,3.1305,-5.3715,-7.5634,-8.1713,-6.4257,-7.2046,-9.9084,-8.9816,-11.6549,-3.8392,-6.3372,-5.2821,-5.4256,2.1785,-0.5713,-1.6662,-2.0311,-1.0705,-0.6548,-1.2335,-1.6644,-3.7622,-1.7626,-1.6235,-1.4915,-1.4325,-1.3746,-1.5020,-2.3674,-2.2513,-1.3196,-1.3254,-3.4565,-1.5914,-1.5178,-1.5224,-1.5638,-1.6079,-1.7666,-2.7400,-2.5269,-1.9254,-2.0095,-4.1377,-2.4021,-2.3601,-2.4221,-2.4955,-2.5632,-2.7057,-3.6183,-3.2603,-2.8972,-2.9542,-4.8214,-3.3061,-3.2490,-3.2976,-3.3567,-3.4102,-3.5496,-4.2875,-3.8879,-3.6783,-3.7170,-5.1487,-4.0150,-3.9493,-3.9871,-4.0188
45116.7500000,-16.7996,-20.3606,-11.3858,-10.7215,-4.6881,-2.3995,-6.3372,-21.0273,-9.4231,-2.6131,-9.1943,-5.5881,-4.8837,-6.3799,-8.5378,-9.7673,-10.0012,-10.4570,-7.7233,-13.2429,-10.2456,-16.5084,-7.5627,-12.3002,-11.9170,-2.6933,-14.8863,-16.1746,-14.0210,-18.2299,-21.7632,-25.4050,-24.2123,-17.2508,-11.8842,-14.2784,-3.5320,-1.8782,-13.2045,4.3417,4.9413,4.9770,-4.1991,1.9806,18.0774,-0.6331,-1.3819,2.1613,-3.0995,0.7521,4.1961,1.6133,1.9407,4.4602,-0.9953,-14.9314,-15.3810,-12.6046,4.8925,2.5733,1.9893,0.9860,-13.5488,-15.8762,-9.8956,-12.5181,-7.7714,-7.0813,-22.2572,-16.9261,-10.5087,-11.1003,-15.1401,-14.3706,-3.4253,-0.2546,-2.5745,-6.2336,-9.4783,5.7461,24.0269,18.3191,10.2211,6.9692,3.2168,3.7827,9.2057,5.2017,10.7970,6.5185,6.4805,15.0357,15.4058,9.8518,1.2639,5.9940,7.8220,16.5606,10.1691,8.5079,7.1782,9.1374,5.3993,4.4900,5.8887,7.6580,5.6619,3.3756,-2.3661,-6.1504,-7.2741,-6.3121,-8.0610,-4.6757,-6.0953,-0.0088,-4.5945,-1.8213,-10.8563,-10.0781,-4.0419,-4.9864,-8.4882,-7.0264,-12.2910,-9.6234,-8.9156,-3.7340,-5.2660,-5.1382,-7.5090,-8.2720,-12.4643,-14.6872,-5.5784,-10.4817,-11.5229,-9.5460,-7.0851,-9.0403,-12.0878,-12.5696,-11.2441,-7.0578,-6.5242,-7.4083,-9.8613,-1.6751,-13.2306,-12.0497,-11.8868,-11.8833,-11.1675,-16.0938,-7.0916,-4.7190,-3.2598,-2.9715,-1.1070,-3.7927,7.5232,0.1952,2.9505,5.9845,10.9606,2.0721,6.8153,-1.0639,-2.6225,-2.9165,-1.8554,-2.3178,-4.7669,-4.6293,-6.1465,0.9635,-1.1256,-0.3952,-0.5890,6.5080,3.9288,2.6952,2.3712,3.5381,3.4213,3.4195,3.0404,1.3899,2.9338,3.0444,3.1478,3.1801,3.2166,3.0768,2.3337,2.4638,3.3027,3.3354,1.6946,3.1942,3.3270,3.3887,3.4193,3.4518,3.3730,2.5996,2.8438,3.4693,3.4686,1.8377,3.2429,3.3434,3.3325,3.3032,3.2728,3.1617,2.3833,2.6714,3.0358,2.9943,1.4850,2.6724,2.7265,2.6714,2.6034,2.5399,2.3897,1.7366,2.0336,2.2337,2.1891,0.9800,1.8889,1.9475,1.9037,1.8704
45116.7916667,-7.1562,-11.6917,-3.5804,-4.2706,0.3156,3.1176,-0.2924,-13.4855,-4.2875,1.9574,-4.0546,-0.6207,-0.5387,-0.8086,-2.1252,-2.8701,-2.7827,-3.3039,-0.6742,-5.4146,-3.8411,-8.6108,-1.7757,-5.3413,-5.7083,2.6768,-8.2639,-9.0342,-8.4170,-11.5435,-16.5261,-20.4824,-20.6728,-14.4701,-10.3484,-12.3170,-3.5692,-1.3726,-10.9099,5.1571,6.0467,6.7991,-0.5115,5.0990,20.9129,4.1400,3.6208,6.9668,1.8487,5.2866,8.4278,6.6339,7.5312,9.9179,4.0526,-7.5250,-7.9830,-5.6721,10.0902,8.2756,7.8247,7.1474,-5.1128,-7.7351,-2.2956,-5.4760,-1.3842,-1.6700,-15.8448,-12.4723,-7.8856,-8.6268,-12.8228,-11.4944,-2.6141,-0.6601,-2.5076,-5.2336,-7.0625,6.7973,24.3767,19.5991,12.5362,9.3660,7.0838,8.1314,13.9998,10.6126,16.0348,10.9121,11.9636,20.5094,21.1660,15.6363,7.0747,10.9103,13.2463,20.0835,15.1338,13.2976,11.9353,15.4928,10.7537,10.3487,12.0529,14.4948,12.3689,11.0374,5.9174,3.3735,1.6141,1.7808,0.1522,2.3862,0.9471,4.9029,1.8331,4.2591,-3.5590,-3.3444,1.0010,0.0623,-2.8484,-1.7488,-7.0170,-5.0970,-3.7237,0.9912,0.1443,-0.0251,-1.8722,-2.7755,-6.2826,-8.4997,-1.2495,-5.0267,-5.7114,-4.3033,-2.0246,-3.7575,-6.6383,-7.8407,-6.6991,-3.3120,-3.2263,-3.9571,-6.2647,-0.5206,-9.6007,-8.5459,-9.0819,-9.1076,-8.5977,-13.6772,-5.3026,-3.9471,-3.2332,-2.7994,-1.0618,-2.7504,7.1810,0.4529,2.8745,6.2639,10.4991,2.4933,7.3404,0.7363,-0.2232,0.2187,0.9189,1.3373,-0.0667,0.0810,-0.9921,5.3275,3.5818,4.2347,4.0133,10.8640,8.2516,6.6471,6.4263,7.9686,6.9981,7.9975,7.7429,6.5067,7.7702,7.9264,8.0730,8.1481,8.2226,8.1246,7.5210,7.6699,8.4202,8.4749,7.1953,8.3820,8.5162,8.5811,8.6148,8.6493,8.5774,7.9158,8.1212,8.6911,8.7104,7.4316,8.5542,8.6786,8.7018,8.7112,8.7227,8.6592,8.0273,8.2907,8.6742,8.6858,7.5068,8.4834,8.5785,8.5678,8.5414,8.5152,8.4021,7.8627,8.1098,8.3172,8.2916,7.2907,8.0310,8.0922,8.0542,8.0237
45116.8333333,2.4520,-1.8121,4.5634,3.6280,7.4510,9.0358,6.5074,-5.0860,2.1189,6.9475,1.9737,4.5731,3.9274,3.9476,2.8295,2.2535,2.5502,1.9786,3.8453,0.1846,1.3815,-2.4843,2.6820,-0.0993,-0.4154,7.1958,-2.2351,-2.7645,-2.8631,-5.2375,-10.6125,-14.4915,-15.6861,-10.2727,-7.3207,-9.0014,-2.0441,-0.1551,-7.8413,5.9408,6.5647,7.3454,1.4038,6.3403,21.7098,7.2580,6.8341,9.9070,5.3120,7.9162,11.0054,10.1203,11.3362,13.4033,7.0887,-1.2882,-1.6839,0.2026,14.0280,11.9215,11.4753,10.6515,0.7780,-1.4901,3.1429,0.5149,4.3291,3.9244,-8.5574,-6.7036,-3.7504,-4.8223,-8.6189,-7.4346,-0.6380,0.4609,-1.3340,-3.8764,-5.4847,6.4363,22.0453,17.9442,11.1980,8.0676,7.0029,7.9009,14.1323,11.1395,16.7715,11.0636,14.0868,22.2085,23.3902,18.6485,9.9091,13.6289,16.1635,21.0166,17.6566,15.7088,14.8910,19.7906,14.8999,14.6887,17.0555,19.4165,16.6096,15.9622,11.0527,10.4807,8.1465,8.0726,7.1354,8.2186,7.4401,9.6211,7.7472,9.9525,3.6607,3.5701,5.4587,5.4912,2.9047,3.6809,-1.1138,0.1478,1.2715,5.0494,4.0823,3.2880,2.1207,1.3696,-1.2876,-3.1909,2.2921,-0.8497,-1.1457,0.2159,2.1007,0.7391,-1.5366,-2.7176,-1.7560,0.7437,0.7198,0.0095,-1.8973,2.0156,-5.2188,-4.3892,-5.3720,-5.6893,-5.6340,-10.5973,-3.2517,-2.5365,-2.3290,-1.8697,-0.2741,-1.5208,6.7225,1.0378,2.9464,6.0248,9.3592,2.7402,7.0222,1.6129,1.0453,1.5974,1.7881,2.7392,2.3280,2.8489,2.2244,7.4067,5.9013,6.5529,6.3286,13.1301,10.4343,8.4424,8.3935,10.4196,8.5825,10.6455,10.5633,9.7379,10.8189,11.0639,11.2971,11.4636,11.6217,11.6222,11.2098,11.4042,12.0847,12.1995,11.2762,12.2382,12.4078,12.5152,12.5922,12.6649,12.6398,12.1316,12.3174,12.8169,12.8619,11.8958,12.7722,12.8992,12.9385,12.9638,12.9882,12.9445,12.4367,12.6426,12.9760,12.9993,12.0892,12.8506,12.9491,12.9595,12.9576,12.9563,12.8793,12.4595,12.6648,12.8647,12.8675,12.0905,12.6879,12.7652,12.7566,12.7486
45116.8750000,10.9020,7.9195,12.6558,11.9855,15.8169,15.3166,13.9408,3.6172,9.3928,12.4042,8.7488,10.4816,8.9480,9.6479,8.7387,7.9208,8.0882,7.3272,7.9628,5.1727,6.3957,2.8870,6.3749,4.5468,4.2205,11.1043,2.8123,2.2627,2.1391,0.2023,-4.7208,-8.2203,-9.8295,-5.1104,-2.9003,-4.3408,1.2135,2.6034,-3.7577,7.6626,8.2005,8.5856,3.6513,7.7749,22.2817,9.7433,9.0227,11.6969,7.5054,9.1853,12.1945,12.2351,13.6483,15.4352,8.5715,3.7076,3.4273,5.0460,17.2172,14.8668,14.5034,13.5431,5.9185,4.0136,7.5085,5.4696,8.8594,8.5328,-2.0293,-0.9999,1.0359,-0.1424,-3.5233,-2.6789,2.2583,3.1892,1.5303,-0.7460,-2.1178,8.1295,21.7553,18.2221,11.5271,8.4048,8.3487,8.7525,14.7446,11.8954,17.0654,10.7238,15.0163,22.4083,23.6161,19.6353,10.4615,14.0628,16.5302,19.5996,17.6043,15.6057,15.4051,21.5534,17.1656,17.2193,20.5217,22.8852,19.5490,19.7535,14.7150,16.1501,12.4495,12.0181,11.8672,11.8091,11.9517,12.6569,11.9017,14.4201,9.7258,9.6655,8.9260,10.6753,8.3678,9.2068,5.5602,6.3680,6.9291,10.0013,8.4049,6.6528,6.1563,5.5007,3.5011,1.9136,6.2054,3.3598,2.9448,3.9974,5.0063,4.0417,2.3250,1.4640,2.1602,3.8792,4.1346,3.2049,2.0028,5.1382,-0.5474,0.0737,-0.9052,-1.3925,-1.7574,-6.4107,-0.4297,-0.0961,-0.1204,0.2469,1.5659,0.6066,7.4063,2.7342,4.0961,6.7264,9.2147,3.8806,7.5788,3.0592,2.7020,2.9965,2.5715,3.6221,3.8081,4.5364,4.1672,8.1005,6.7022,7.2591,6.9541,13.6740,10.8386,8.5363,8.6374,11.0707,8.5465,11.4205,11.5015,11.0673,12.0177,12.3667,12.7048,12.9889,13.2603,13.4028,13.2279,13.4971,14.1304,14.3439,13.7887,14.6013,14.8436,15.0358,15.2002,15.3546,15.4252,15.1253,15.3314,15.7770,15.8829,15.2398,15.9352,16.0927,16.1822,16.2571,16.3264,16.3366,15.9927,16.1697,16.4510,16.4995,15.8558,16.4310,16.5317,16.5660,16.5890,16.6095,16.5679,16.2664,16.4229,16.5849,16.5988,16.0321,16.4750,16.5466,16.5549,16.5608
45116.9166667,17.4299,16.2423,19.3035,18.9897,23.2140,19.9843,19.9456,10.5975,15.4973,16.5325,14.2616,15.2699,12.7159,14.5318,14.1634,13.2386,13.5069,12.5220,11.7064,9.7770,11.3340,7.6753,9.5771,8.7499,8.2928,14.5836,6.8285,6.0152,6.2321,4.3306,0.2735,-2.8413,-4.5458,-0.5324,1.1690,-0.1093,4.3844,5.4680,0.0993,9.6465,10.0434,9.9081,5.7316,9.0710,22.5528,11.4858,10.2587,12.5254,8.5372,9.4208,12.2814,12.9512,14.3683,15.7728,8.3717,6.7286,6.5303,7.9019,18.6379,15.9224,15.5942,14.5067,9.0019,7.6685,10.2049,8.9245,12.1842,12.0472,3.0415,3.6679,5.2125,4.1682,1.1455,1.6548,4.9310,6.1744,4.5689,2.5491,1.2448,9.9292,21.5591,18.3574,11.5849,8.4278,9.2106,9.2134,15.0485,12.3197,17.1007,10.2616,15.4777,22.0938,23.1676,19.7632,10.1796,13.5922,15.8441,17.4225,16.2918,14.1661,14.2628,21.1468,17.4401,17.5985,21.6323,23.9402,20.0572,21.2444,16.1667,19.8996,14.7754,14.1484,14.7444,13.6358,14.6171,14.0730,14.1876,17.0731,13.6261,13.5925,10.3247,13.9134,11.8105,13.0919,11.0064,11.7704,11.8608,14.4609,12.0495,9.1750,9.5049,9.0994,7.8034,6.6539,10.2686,7.5348,6.9102,7.6900,7.5559,6.8332,5.4549,4.8808,5.0413,5.9809,6.5512,5.0351,4.4673,7.3518,2.7686,3.1075,2.4046,2.0157,1.6894,-2.1312,2.3052,2.5280,2.4883,2.5772,3.4717,2.7400,8.5567,4.5864,5.3363,7.5310,9.2391,4.8079,8.0853,4.2064,4.1704,4.2381,3.2478,4.3457,4.9906,5.7652,5.4144,8.1642,6.7220,7.0836,6.6094,13.0799,10.0317,7.4870,7.6127,10.2038,7.2392,10.4539,10.5497,10.3254,11.0900,11.4366,11.7827,12.0971,12.4085,12.6338,12.6383,12.9599,13.5420,13.8292,13.5719,14.2835,14.5912,14.8627,15.1128,15.3540,15.5335,15.4473,15.7153,16.1493,16.3392,15.9937,16.5914,16.8045,16.9651,17.1112,17.2492,17.3412,17.1780,17.3788,17.6492,17.7511,17.3580,17.8234,17.9496,18.0251,18.0891,18.1482,18.1601,17.9848,18.1303,18.2769,18.3162,17.9415,18.2783,18.3501,18.3739,18.3898
45116.9583333,20.6152,21.7063,23.4976,23.8923,29.1842,23.1187,24.6708,16.1154,20.5766,19.6802,18.7205,19.0538,15.3002,18.2165,18.4889,17.4837,18.0978,16.9888,14.6518,13.5804,15.9871,11.8617,12.3592,12.6654,12.1291,18.3052,10.6711,9.3431,10.1300,7.7961,4.7078,1.8646,0.1386,3.4066,4.7339,3.4517,7.1655,8.0359,3.2148,11.4917,11.8223,11.2156,7.6364,10.3679,22.9599,12.9988,11.1449,13.0328,9.0346,9.3029,12.0237,13.1260,14.4770,15.5199,7.7394,8.5693,8.2861,9.3967,18.9433,15.8463,15.4899,14.2370,10.4013,9.5362,11.1656,10.5527,13.8590,14.0874,6.4120,7.0465,8.5835,7.9594,5.2357,5.1386,7.0412,9.0414,7.4719,5.8533,4.5880,12.0610,22.0003,19.0768,12.1941,8.9536,10.3694,9.9621,15.6189,12.8871,17.2614,9.9926,15.8229,21.6962,22.5669,19.5485,9.6155,12.7813,14.8081,15.3362,14.7870,12.6023,12.8506,20.1357,16.8010,17.0268,21.6260,23.8570,19.4763,21.4011,16.0865,21.7810,15.2013,14.4183,15.7064,13.8107,15.5363,14.1044,14.9311,18.2960,15.9182,15.9765,10.5519,15.6836,13.6482,15.4392,14.9903,15.8619,15.4926,17.8673,14.5463,10.5215,11.6361,11.5300,10.9549,10.3906,13.9085,11.2717,10.5194,11.2678,9.9264,9.4344,8.2983,8.1288,7.6570,7.9229,8.8773,6.5480,6.4314,9.4104,5.5573,5.5160,5.0081,4.4425,4.1384,1.2874,4.1605,4.5529,4.7766,4.5617,5.0690,4.5654,9.9710,6.5297,6.7535,8.6713,9.7643,5.9563,8.9480,5.4436,5.6504,5.4012,3.7856,4.8591,5.9052,6.7468,6.3822,8.1837,6.6919,6.8904,6.2814,12.4765,9.3043,6.6677,6.7748,9.3519,6.2275,9.4559,9.5035,9.3588,9.9184,10.1856,10.4560,10.7080,10.9622,11.1599,11.2051,11.4802,11.9465,12.2096,12.0911,12.6653,12.9594,13.2332,13.4967,13.7584,13.9804,14.0169,14.3076,14.7194,14.9608,14.8232,15.3556,15.6169,15.8414,16.0552,16.2624,16.4358,16.4259,16.6719,16.9655,17.1374,16.9548,17.3776,17.5577,17.6987,17.8281,17.9504,18.0357,17.9841,18.1561,18.3259,18.4163,18.2089,18.5021,18.6043,18.6671,18.7123
45117.0000000,22.0936,25.2746,25.9251,27.0109,33.5651,24.7205,27.7989,19.7970,24.1570,21.5124,21.8227,21.6762,16.8665,20.9018,21.9652,20.9792,22.1064,20.9138,17.0398,16.7433,20.2723,15.4376,14.6978,16.1982,15.6441,22.1396,14.3438,12.4653,14.1713,11.2188,9.2922,6.6563,4.9541,7.4016,8.4000,6.9367,10.0366,10.7212,6.0895,13.4196,13.7211,12.6721,9.5605,11.8416,23.7709,14.7814,12.2956,13.7686,9.6863,9.4779,12.0718,13.4815,14.7409,15.4577,7.4468,10.1935,9.7492,10.5961,19.1255,15.6696,15.2520,13.8364,11.2924,10.7840,11.5832,11.4712,14.7651,15.2115,8.3477,9.1242,10.9105,10.8966,8.4791,7.7813,8.5613,11.6059,10.1076,9.0186,7.7892,14.3534,22.8811,20.2332,13.2144,9.8377,11.8669,11.1452,16.7928,14.0663,18.1570,10.5135,16.8879,22.1105,22.7759,20.0464,9.8046,12.7204,14.5104,14.2640,14.0750,11.8480,12.1331,19.5470,16.0473,16.2898,21.2708,23.4107,18.6428,21.0785,15.5435,22.7699,14.8636,13.8871,15.6575,13.1895,15.4146,13.3681,14.6581,18.4033,16.8761,17.0390,10.0331,16.2984,14.3246,16.6449,17.8008,18.9201,18.1386,20.4391,16.2034,11.1638,12.9252,13.0892,13.1473,13.1703,16.9203,14.3446,13.5291,14.4503,11.9213,11.7186,10.8373,11.2191,10.1230,9.8678,11.3323,8.1255,8.4252,11.7741,8.4044,7.9579,7.6517,6.7845,6.4205,4.4300,5.7441,6.3735,6.9420,6.3586,6.3812,6.0541,11.4311,8.3442,8.1110,9.8867,10.4980,7.1263,10.0311,6.7740,7.3220,6.7920,4.5529,5.4959,6.9107,7.8310,7.4269,8.4556,6.9078,6.9787,6.2705,12.2132,8.9765,6.3286,6.4152,8.9196,5.7792,8.9140,8.9241,8.8294,9.2360,9.4374,9.6425,9.8359,10.0320,10.1889,10.2382,10.4518,10.8032,11.0123,10.9515,11.3840,11.6207,11.8453,12.0651,12.2862,12.4818,12.5481,12.7977,13.1374,13.3600,13.3164,13.7517,13.9991,14.2240,14.4449,14.6643,14.8625,14.9331,15.1877,15.4791,15.6863,15.6431,16.0306,16.2479,16.4382,16.6206,16.7981,16.9487,17.0011,17.2110,17.4186,17.5684,17.5046,17.7934,17.9445,18.0614,18.1484
45117.0416667,22.3321,27.3096,27.0108,28.7295,36.5784,25.2127,29.6308,22.2616,26.6570,22.4780,23.8623,23.3063,17.5705,22.7043,24.4862,23.5048,25.2000,23.9818,18.6799,19.1195,23.9497,18.2894,16.5007,19.1922,18.6589,25.7681,17.5771,15.1163,17.9694,14.2776,13.7243,11.3236,9.8175,11.4741,12.2525,10.5075,13.1555,13.6830,8.9437,15.6093,15.8565,14.3366,11.5477,13.4669,24.9093,16.7530,13.6245,14.7548,10.5301,9.9392,12.4388,14.0891,15.2617,15.6941,7.5084,11.8326,11.1977,11.7937,19.4582,15.6722,15.1790,13.6156,12.0757,11.8442,11.9099,12.1755,15.4178,15.9620,9.3782,10.2286,12.2979,12.9034,10.7293,9.4317,9.3141,13.4809,12.0686,11.5854,10.3789,16.2732,23.6127,21.2242,14.0314,10.5064,13.1275,12.1567,17.9412,15.2221,19.1530,11.1359,18.1010,22.8222,23.3510,20.9099,10.3645,13.1441,14.7730,13.9530,14.0288,11.7910,12.1003,19.5674,15.5901,15.8146,21.0219,23.0416,17.9661,20.7300,14.9984,23.3527,14.3266,13.1711,15.2393,12.3933,14.9044,12.4661,14.0121,17.9844,17.0887,17.3099,9.2431,16.1521,14.2027,16.9241,19.4907,20.8920,19.7410,22.0634,16.9902,11.1679,13.4314,13.8433,14.4487,15.0253,19.1914,16.6442,15.7933,16.9891,13.3236,13.4117,12.7711,13.7737,12.0817,11.4306,13.4983,9.4179,10.1431,14.0895,11.0435,10.2106,10.1807,9.0545,8.6949,7.5744,7.3686,8.2856,9.2628,8.2499,7.8209,7.5932,13.1741,10.2835,9.5872,11.2795,11.4706,8.3470,11.2667,8.1032,9.0191,8.2111,5.3288,6.2796,8.0463,9.0603,8.5986,8.9830,7.3618,7.3304,6.5368,12.2886,9.0010,6.3515,6.4159,8.8419,5.7166,8.7415,8.7157,8.6462,8.9341,9.0783,9.2267,9.3682,9.5130,9.6311,9.6737,9.8341,10.0942,10.2550,10.2250,10.5463,10.7307,10.9078,11.0829,11.2602,11.4204,11.4896,11.6901,11.9563,12.1409,12.1375,12.4752,12.6818,12.8741,13.0653,13.2571,13.4358,13.5254,13.7474,13.9981,14.1915,14.2090,14.5343,14.7417,14.9324,15.1199,15.3059,15.4751,15.5762,15.7910,16.0062,16.1821,16.2073,16.4836,16.6625,16.8139,16.9289
45117.0833333,22.0717,28.5108,27.3874,29.6348,38.7108,25.0915,30.5918,23.7029,28.1729,22.6706,24.9395,24.0440,17.5710,23.5289,26.0157,25.1044,27.4212,26.2249,19.6572,20.7339,26.8913,20.3651,17.7036,21.5014,21.0213,28.9546,20.2330,17.2110,21.3445,16.8532,17.7888,15.6452,14.4830,15.3980,16.0830,14.0068,16.3888,16.8414,11.7789,18.0554,18.2774,16.2835,13.7182,15.3636,26.4845,19.0065,15.1886,15.9770,11.5467,10.6388,13.0900,14.9490,16.0511,16.2396,7.8570,13.5693,12.7310,13.1011,20.0517,15.9623,15.3925,13.6966,12.9490,12.9421,12.3643,12.9229,16.1029,16.6528,9.9774,10.8068,13.1167,14.2797,12.2615,10.3152,9.5057,14.6919,13.3383,13.4764,12.2782,17.6852,24.0275,21.8773,14.4959,10.8220,13.9738,12.7988,18.7987,16.0808,19.9370,11.5495,19.1239,23.4711,23.9178,21.7558,10.8802,13.6169,15.1559,13.9110,14.2007,11.9683,12.3154,19.8648,15.3137,15.5330,20.9070,22.8299,17.5344,20.4986,14.6286,23.8414,13.8985,12.5953,14.8246,11.7469,14.3960,11.7256,13.3881,17.4642,17.0295,17.2731,8.5622,15.7381,13.7932,16.7677,20.4829,22.1106,20.5865,22.9448,17.1287,10.7587,13.3383,13.9298,14.9604,16.0137,20.6710,18.1364,17.2759,18.8016,14.1137,14.4720,14.0487,15.6762,13.4393,12.4858,15.1717,10.2705,11.3856,16.0530,13.2168,12.0282,12.3210,10.9935,10.7271,10.5417,8.8814,10.1502,11.6298,10.1667,9.2963,9.1738,15.2088,12.3995,11.2570,12.9421,12.7695,9.7506,12.7843,9.5842,10.8754,9.7582,6.1809,7.1567,9.2938,10.4351,9.9125,9.7523,8.0377,7.9255,7.0495,12.7081,9.3592,6.6819,6.7263,9.1053,5.9694,8.9222,8.8617,8.8006,8.9948,9.0885,9.1865,9.2808,9.3787,9.4587,9.4857,9.5979,9.7829,9.8988,9.8799,10.1122,10.2490,10.3820,10.5148,10.6505,10.7750,10.8356,10.9906,11.1941,11.3409,11.3548,11.6122,11.7783,11.9354,12.0928,12.2517,12.4022,12.4901,12.6731,12.8781,13.0436,13.0849,13.3459,13.5250,13.6934,13.8609,14.0286,14.1854,14.2949,14.4866,14.6803,14.8477,14.9090,15.1500,15.3230,15.4751,15.5922
45117.1250000,21.4248,29.0119,27.2103,29.8920,40.0936,24.5360,30.9159,24.4813,29.0588,22.4566,25.4314,24.2515,17.2184,23.7066,26.7625,25.8769,28.7381,27.5518,19.8922,21.5122,28.9405,21.5737,18.2171,23.0061,22.6025,31.4542,22.1287,18.6131,24.0554,18.7869,21.2572,19.3914,18.6979,18.9372,19.6390,17.2143,19.4899,19.9513,14.4160,20.5413,20.7729,18.3090,15.8959,17.3542,28.3517,21.4827,16.9550,17.4063,12.7197,11.5302,13.9759,16.0224,17.0616,17.0272,8.3795,15.3817,14.3287,14.4865,20.8473,16.4652,15.8214,14.0064,13.9031,14.0913,12.9517,13.7548,16.8955,17.3930,10.4440,11.1879,13.6685,15.2912,13.3457,10.7549,9.4202,15.4304,14.0904,14.7951,13.5697,18.5914,24.0691,22.1191,14.5560,10.7552,14.3430,13.0060,19.2371,16.5152,20.3453,11.6247,19.7671,23.8290,24.2267,22.3295,11.1294,13.8808,15.3754,13.8069,14.2685,12.0484,12.4421,20.1041,14.9137,15.1502,20.6609,22.5264,17.0996,20.2051,14.2971,24.2282,13.5777,12.1904,14.5020,11.2907,13.9918,11.1914,12.8934,16.9894,16.8871,17.1314,8.0719,15.2902,13.3461,16.4595,21.0733,22.8682,20.9798,23.3544,16.9127,10.2148,12.9522,13.6510,14.9728,16.3857,21.4910,18.9366,18.0607,19.9011,14.3416,14.9251,14.6852,16.8814,14.1734,12.9987,16.2528,10.6519,12.0976,17.4931,14.7838,13.2784,13.9058,12.4337,12.3157,13.0836,10.0585,11.7000,13.7367,11.8146,10.5286,10.5267,17.2106,14.3996,12.8353,14.5836,14.0960,11.0852,14.3506,11.0448,12.7864,11.3817,7.0882,8.1098,10.6456,11.9402,11.3453,10.7011,8.8623,8.6800,7.7135,13.3812,9.9355,7.1829,7.2095,9.5862,6.3839,9.3270,9.2342,9.1729,9.2944,9.3460,9.4020,9.4566,9.5148,9.5612,9.5707,9.6417,9.7658,9.8420,9.8230,9.9836,10.0777,10.1703,10.2639,10.3605,10.4502,10.4953,10.6086,10.7577,10.8679,10.8845,11.0752,11.2026,11.3248,11.4483,11.5740,11.6948,11.7718,11.9174,12.0800,12.2157,12.2638,12.4689,12.6172,12.7590,12.9010,13.0442,13.1804,13.2838,13.4463,13.6115,13.7588,13.8315,14.0324,14.1859,14.3234,14.4300
45117.1666667,20.3018,28.7463,26.4176,29.4453,40.6380,23.4886,30.5498,24.5321,29.2337,21.7663,25.2949,23.9047,16.5136,23.3808,26.8959,26.0254,29.3453,28.1474,19.5854,21.6070,30.1422,21.9931,18.0902,23.6807,23.3401,33.0912,23.1362,19.1930,25.8734,19.8778,23.8495,22.2721,22.1332,21.7601,22.5639,19.7963,22.0923,22.6409,16.5560,22.7134,22.9971,20.0866,17.7809,19.1327,30.1987,23.9122,18.6848,18.8635,13.8975,12.4597,14.9533,17.1885,18.1839,17.9502,8.9628,17.1935,15.9118,15.8646,21.7394,17.0596,16.3346,14.4003,14.8195,15.1726,13.5326,14.5434,17.6743,18.1055,10.8607,11.5145,14.1176,16.1107,14.1710,10.9666,9.2403,15.8694,14.4980,15.6848,14.3942,19.0890,23.8003,22.0026,14.2824,10.3937,14.2886,12.8153,19.2237,16.4828,20.2881,11.3053,19.8983,23.7229,24.0798,22.4164,10.9474,13.7233,15.1941,13.3885,13.9825,11.7866,12.2252,19.9828,14.3337,14.5758,20.1550,21.9623,16.4593,19.6595,13.7746,24.2936,13.1342,11.7375,14.0959,10.8311,13.5468,10.6948,12.4083,16.4845,16.6321,16.8766,7.6756,14.8199,12.8889,16.0672,21.3733,23.2875,21.0561,23.4230,16.4744,9.6254,12.4056,13.1573,14.6617,16.3269,21.7927,19.1941,18.2887,20.3893,14.1246,14.8700,14.7667,17.4277,14.3329,13.0004,16.7168,10.5798,12.2713,18.3098,15.6750,13.9035,14.8395,13.2694,13.3218,15.0027,10.7585,12.7526,15.3517,12.9896,11.3310,11.4496,18.8797,16.0116,14.0635,15.9220,15.1636,12.1005,15.6749,12.2241,14.4747,12.8202,7.8272,8.9539,11.9341,13.4288,12.7721,11.6978,9.7153,9.4771,8.4159,14.1922,10.6113,7.7380,7.7492,10.1668,6.8437,9.8324,9.7055,9.6346,9.6945,9.7062,9.7223,9.7386,9.7588,9.7718,9.7597,9.7925,9.8644,9.9037,9.8765,9.9779,10.0336,10.0895,10.1472,10.2083,10.2656,10.2922,10.3682,10.4709,10.5471,10.5577,10.6928,10.7842,10.8730,10.9638,11.0571,11.1480,11.2087,11.3190,11.4424,11.5478,11.5919,11.7485,11.8658,11.9796,12.0945,12.2112,12.3239,12.4142,12.5473,12.6833,12.8076,12.8797,13.0434,13.1740,13.2928,13.3851
45117.2083333,19.0325,28.0555,25.3195,28.6010,40.6231,22.2317,29.7546,24.0656,28.8478,20.7354,24.6580,23.1065,15.5294,22.5329,26.4229,25.5960,29.3282,28.1466,18.9102,21.2275,30.7021,21.8860,17.5877,23.7820,23.4913,34.0652,23.5092,19.1999,26.9448,20.2754,25.5984,24.2897,24.7248,23.7898,24.7468,21.6430,24.0425,24.7276,18.0549,24.3577,24.7296,21.4050,19.1816,20.4946,31.7931,26.0755,20.1796,20.1208,14.8902,13.2503,15.8477,18.3062,19.3082,18.9234,9.5482,18.9859,17.4900,17.2680,22.7735,17.8040,17.0004,14.9470,15.7908,16.2802,14.1838,15.3620,18.4873,18.8264,11.2470,11.8286,14.5439,16.8641,14.9004,11.1258,9.1173,16.2120,14.7868,16.3892,15.0229,19.4502,23.4965,21.8199,13.9820,10.0401,14.1237,12.5338,19.0448,16.2733,20.0339,10.8741,19.7668,23.3719,23.6754,22.1912,10.5334,13.2944,14.7319,12.7687,13.4485,11.2851,11.7473,19.5389,13.5812,13.8300,19.4247,21.1836,15.6676,18.9072,13.0927,24.0377,12.5324,11.1560,13.5309,10.2761,12.9759,10.1339,11.8386,15.8703,16.2146,16.4691,7.2775,14.2846,12.3903,15.5969,21.4491,23.4696,20.9437,23.3001,15.9652,9.0957,11.8433,12.6076,14.2120,16.0440,21.7838,19.1288,18.1820,20.4789,13.6735,14.5143,14.4978,17.5068,14.1114,12.6694,16.7187,10.2159,12.0557,18.6018,16.0151,14.0342,15.2208,13.5716,13.7750,16.2671,11.0031,13.3010,16.4267,13.6786,11.7076,11.9365,20.1235,17.1730,14.9004,16.9008,15.9237,12.7857,16.6962,13.0830,15.8452,13.9654,8.3214,9.5739,13.0181,14.7593,14.0666,12.6221,10.4955,10.2234,9.0763,15.0564,11.3191,8.2990,8.3051,10.8086,7.3292,10.4174,10.2643,10.1853,10.1994,10.1797,10.1635,10.1478,10.1354,10.1184,10.0842,10.0826,10.1097,10.1146,10.0730,10.1238,10.1433,10.1640,10.1871,10.2137,10.2387,10.2428,10.2831,10.3437,10.3866,10.3840,10.4709,10.5281,10.5846,10.6435,10.7055,10.7666,10.8073,10.8842,10.9717,11.0474,11.0804,11.1943,11.2814,11.3670,11.4544,11.5440,11.6316,11.7042,11.8081,11.9150,12.0145,12.0776,12.2067,12.3130,12.4108,12.4872
45117.2500000,17.4496,26.7630,23.6907,27.0888,39.6866,20.3777,28.1693,22.9434,27.7795,19.2259,23.4114,21.7626,14.2089,21.2605,25.3910,24.5833,28.5875,27.4013,17.7281,20.2821,30.4578,21.1474,16.6273,23.2415,22.9934,34.2028,23.1435,18.6347,27.2561,20.0687,26.5675,25.5035,26.4882,24.9942,26.0861,22.6523,25.1460,25.9685,18.7651,25.2351,25.6670,21.9311,19.7786,21.0771,32.6697,27.5475,21.0505,20.8060,15.3782,13.5694,16.2626,18.9363,19.9598,19.4401,9.7073,20.3821,18.7407,18.3758,23.5455,18.2705,17.3921,15.2464,16.5308,17.2123,14.7450,16.1004,19.2316,19.4840,11.6190,12.1176,14.8771,17.4545,15.4512,11.2127,8.9779,16.3706,14.8645,16.7970,15.3267,19.4548,22.8394,21.2018,13.2713,9.3302,13.5386,11.9012,18.4681,15.6902,19.3985,10.1649,19.2129,22.5993,22.8411,21.5280,9.8328,12.5592,13.9352,11.8399,12.5442,10.4268,10.8985,18.6192,12.6308,12.8597,18.3650,20.0358,14.5498,17.8080,12.1702,23.3747,11.7170,10.3990,12.7354,9.5280,12.1609,9.3645,11.0284,14.9448,15.4189,15.6830,6.6846,13.4857,11.6674,14.8607,21.1212,23.2401,20.4690,22.7826,15.1885,8.4447,11.1467,11.9291,13.5914,15.5244,21.4335,18.7352,17.7527,20.1786,12.9952,13.8988,13.9606,17.1927,13.5805,12.0600,16.2914,9.6110,11.5281,18.3872,15.8225,13.6906,15.0746,13.3988,13.7226,16.8930,10.8190,13.3046,16.8325,13.7396,11.5274,11.8455,20.6776,17.6088,15.0524,17.1753,16.0083,12.8024,17.0571,13.3305,16.6361,14.6092,8.4569,9.8337,13.7169,15.7108,14.9878,13.2066,10.9360,10.6400,9.4147,15.6188,11.6901,8.5094,8.5183,11.1282,7.4809,10.6898,10.5149,10.4369,10.4211,10.3784,10.3382,10.2998,10.2659,10.2337,10.1955,10.1770,10.1698,10.1462,10.0964,10.1076,10.0932,10.0799,10.0699,10.0645,10.0625,10.0529,10.0669,10.0874,10.0959,10.0795,10.1225,10.1412,10.1606,10.1839,10.2117,10.2434,10.2678,10.3164,10.3665,10.4092,10.4291,10.5023,10.5535,10.6049,10.6595,10.7182,10.7796,10.8359,10.9129,10.9881,11.0596,11.1124,11.2078,11.2836,11.3535,11.4076
45117.2916667,15.6749,24.9702,21.6277,24.8910,37.6954,17.7897,25.4281,20.3766,25.1231,16.3668,20.5012,18.7937,11.4230,18.4434,22.7316,22.0349,26.2747,25.0614,15.2356,17.9709,28.6416,18.9626,14.4640,21.2856,21.0782,32.7147,21.1809,16.5778,25.8639,18.3347,25.9034,25.1039,26.6347,24.7061,25.9126,22.2012,24.7386,25.6222,17.8981,24.5495,24.8503,20.7589,18.5220,19.8164,31.7274,27.0668,20.1046,19.8301,14.3220,12.4663,15.2511,18.0343,19.0411,18.3795,8.3789,20.0334,18.3941,17.9023,22.8613,17.2825,16.2730,14.0234,15.5714,16.5165,13.8682,15.4660,18.8103,19.1204,11.4652,12.0665,14.8816,17.5226,15.3580,10.7434,8.4527,15.8991,14.1832,16.2730,14.5248,18.2540,21.0851,19.2883,11.2214,7.2932,11.3082,9.6762,16.1490,13.3297,16.9514,7.8745,16.7932,19.9907,20.2024,19.0087,7.5446,10.2496,11.6071,9.5938,10.1763,8.1314,8.5841,16.1101,10.4014,10.5875,15.9113,17.4692,12.1179,15.3725,10.0747,21.4734,9.9590,8.8659,11.2005,8.1193,10.6277,7.9486,9.4874,13.2343,13.6623,13.8843,5.2573,11.7789,10.0058,13.1839,19.6095,21.7984,18.8229,21.0567,13.3146,6.8415,9.4651,10.2711,11.9738,13.9570,19.9687,17.2750,16.3217,18.8479,11.4651,12.4086,12.5473,15.9621,12.2256,10.7305,15.0234,8.3040,10.2502,17.2802,14.6553,12.3956,13.9206,12.3014,12.7887,16.4960,9.9047,12.5429,16.2732,12.8603,10.4434,10.7330,20.0535,16.7468,13.9490,16.1320,14.8206,11.4584,15.9467,12.1062,15.8585,13.8181,7.4195,8.9775,13.2633,15.5312,14.7775,12.7910,10.3375,10.0429,8.7249,15.1598,11.0029,7.6618,7.6088,10.2601,6.5244,9.7889,9.5406,9.3663,9.3457,9.2441,9.1484,9.0564,8.9837,8.9083,8.8474,8.8347,8.8525,8.7915,8.6684,8.6968,8.6435,8.5869,8.5342,8.4917,8.4589,8.3985,8.4238,8.4718,8.4464,8.3577,8.4186,8.3983,8.3704,8.3474,8.3335,8.3307,8.2996,8.3529,8.4190,8.4244,8.3662,8.4558,8.4644,8.4658,8.4720,8.4872,8.5114,8.5161,8.5952,8.6766,8.7122,8.6870,8.8022,8.8395,8.8649,8.8820
45117.3333333,12.4571,21.6343,18.3970,21.4667,34.2944,14.5754,21.5218,16.4750,21.2718,12.5704,16.1639,14.3189,7.2120,13.8305,17.8843,17.2791,21.5134,20.3306,10.5567,13.5156,24.3682,14.7434,10.6929,17.6066,17.3597,29.2589,17.3066,12.8606,22.6865,14.7973,23.0572,22.4192,24.3799,22.1932,23.2361,19.6317,22.4625,23.2384,15.1551,22.2337,22.0414,17.9080,15.2320,16.6529,28.9551,24.4404,17.3496,17.2213,11.7280,9.9975,12.9540,15.4326,16.2351,15.4068,5.2522,17.2032,15.5283,15.1761,19.8323,14.2950,13.0891,10.7378,12.1051,13.3914,10.8974,12.6053,16.1275,16.5288,9.7408,11.0607,14.0584,16.6378,14.4114,9.2968,7.3561,14.6179,12.4136,14.4690,12.4121,15.7422,18.4031,16.4937,8.2785,4.1661,7.6065,6.1771,12.4255,9.6261,13.1374,4.6000,12.8528,15.7661,15.7809,14.4781,3.5156,5.8988,7.2314,5.6433,5.7075,3.8460,4.0855,11.2354,6.2890,6.4137,11.4098,12.7832,7.5631,10.8337,6.1907,17.6980,6.6187,5.9709,8.3788,5.6049,7.9559,5.5743,6.9064,10.4283,10.8769,10.9436,2.8194,8.9957,7.1241,10.2674,16.4533,18.7584,15.7426,17.8745,9.9540,3.8620,6.3175,7.0769,8.7534,10.7265,16.6533,14.1421,13.3740,16.0154,8.8095,9.6523,9.8582,13.5026,9.7863,8.4025,12.5762,6.0862,7.9588,15.0061,12.4629,10.0795,11.7183,10.2325,10.9016,14.9439,8.2264,11.1524,14.8019,10.9193,8.5159,8.3508,18.1822,14.3572,11.4103,13.5976,12.4499,8.9057,13.2923,9.4935,13.3018,11.4192,5.0828,6.7090,11.1440,13.7366,12.9182,11.0275,8.2495,8.1542,6.7563,13.4634,9.0731,5.6404,5.3182,7.9263,4.3715,7.7795,7.4221,6.8722,7.1093,6.9015,6.7022,6.4991,6.3215,6.0686,5.7526,5.8000,6.1232,6.0012,5.5246,5.8342,5.7076,5.5694,5.4354,5.3231,5.2360,4.8759,4.9647,5.3156,5.2376,4.8080,5.1413,5.0609,4.9588,4.8646,4.7906,4.7452,4.4194,4.5569,4.8881,4.8548,4.4785,4.8348,4.7897,4.7213,4.6593,4.6146,4.5868,4.3011,4.5407,4.6554,4.6684,4.3460,4.7442,4.7418,4.7123,4.6829
45117.3750000,5.2828,14.2942,11.8511,14.7814,27.7009,9.0959,14.7782,10.2333,15.8953,7.8567,10.8865,8.9119,2.1889,8.0523,11.0775,11.0024,15.0263,13.6739,4.3770,6.6066,17.7847,7.5128,3.9990,10.8705,11.3119,22.5321,11.2822,6.2997,16.8866,8.8126,17.6003,17.5940,19.9397,17.2218,18.3697,13.5167,17.2146,17.9198,10.0892,18.2639,16.9650,13.7347,10.0071,11.6426,23.8127,19.2052,11.4809,11.2079,6.1882,4.7100,8.5350,10.7516,11.5761,10.8547,0.9512,12.1347,10.2475,10.7571,14.2448,9.6724,8.3098,5.8771,6.2421,7.8698,6.0542,7.5626,11.6694,11.6843,5.2489,8.2147,12.0387,14.3618,12.5544,6.7952,5.8789,12.9008,10.0275,11.4323,8.5921,11.4978,15.3154,13.0486,4.7632,0.7728,2.3218,1.3689,7.2896,4.5608,7.7806,0.2232,7.7897,10.0423,9.3507,8.1578,-2.0761,-0.0318,1.1036,0.7615,-0.2402,-2.0007,-2.5752,3.8023,-0.3326,-0.1483,4.5164,5.8496,0.4777,3.9726,-0.0518,11.5661,1.2059,1.2414,3.8328,1.5639,3.6514,2.4764,3.2051,6.3623,6.7171,6.6308,-0.9046,5.0155,2.8741,6.3440,11.7439,14.2039,11.6408,13.8092,5.7900,0.1980,2.3038,2.7932,4.2970,6.1543,11.2988,9.0996,8.6275,11.7528,4.7574,5.3132,5.5623,9.3851,5.8095,4.8089,8.5580,2.7471,4.8217,11.4395,8.6647,5.9330,7.7753,6.8075,7.9826,12.2390,5.8669,9.7409,13.1029,8.4863,6.5957,5.6286,16.1183,11.2818,8.3038,10.0706,9.5330,5.8310,9.4976,6.2177,9.3267,7.3749,1.4053,2.9545,7.1282,10.2952,9.4394,8.0968,4.7113,5.1933,3.7644,10.8930,6.3384,2.9389,1.8799,4.2802,1.2686,5.1192,4.6390,3.2367,4.2215,3.8954,3.5819,3.2556,2.9687,2.6367,1.4530,1.5738,2.7151,2.5185,1.1896,2.2552,2.0240,1.7695,1.5181,1.3027,1.1304,-0.0492,0.1518,1.2569,1.1270,-0.1335,0.9878,0.8342,0.6390,0.4528,0.2982,0.1903,-0.9285,-0.7274,0.2595,0.2546,-0.9067,0.2387,0.1355,-0.0139,-0.1564,-0.2727,-0.3660,-1.3743,-0.4636,-0.3803,-0.4009,-1.5101,-0.3640,-0.4144,-0.5110,-0.5958
45117.4166667,-5.9283,2.2773,0.8474,3.7626,19.3483,1.2861,4.8892,-0.1795,6.9837,0.3076,2.8534,0.9965,-4.8051,0.3460,2.4971,2.5234,6.6083,5.4681,-2.6843,-1.4948,10.7410,-0.1324,-2.9309,3.3392,5.0408,14.7772,3.5545,-2.8524,8.5465,0.3964,8.3301,9.5064,13.0867,11.1598,12.1149,6.8828,10.3754,9.5537,2.2277,12.0415,9.6571,6.6650,1.3063,3.3509,17.6685,11.6029,4.3960,3.3935,-0.0844,-1.5392,3.5119,5.0251,5.6808,5.1814,-3.8386,5.2880,2.8333,5.0506,8.1460,3.0351,1.5982,-0.6885,-2.0869,-0.1806,-0.6955,0.5292,6.2146,6.0756,-1.0876,2.9259,8.1533,9.8745,9.3056,3.1970,3.8559,10.9526,7.4173,9.8015,4.1759,6.8269,13.8094,10.4680,2.0867,-1.7574,-3.2100,-3.6223,1.5454,-1.2624,2.3985,-3.8982,2.3807,4.0935,2.5549,0.9374,-8.0485,-6.2832,-5.1826,-3.5908,-5.9433,-7.5426,-8.5873,-3.5087,-7.9949,-7.7691,-3.7844,-2.8399,-7.9687,-5.6026,-8.7841,2.9610,-6.2698,-5.3153,-1.7597,-4.0896,-3.4422,-2.6209,-2.6695,1.1175,1.2710,1.0776,-5.9180,-0.4340,-3.1592,0.4012,4.0577,7.0777,5.2523,8.2078,0.6155,-3.9981,-2.0840,-1.7964,-0.3964,1.3273,5.8661,2.1380,2.1253,6.4050,0.0423,-0.4155,-0.2678,4.1401,1.0556,0.2117,2.9137,-2.5861,-0.0970,7.3544,4.2356,0.3448,2.7272,1.1311,2.8201,7.3704,1.6609,7.1391,10.2425,4.2928,4.0374,2.2175,13.5786,8.3985,5.3639,5.1415,5.5761,2.0255,4.9245,2.7846,4.9134,3.0302,-2.2934,-1.0930,2.0668,6.0259,5.1038,4.7151,0.2786,1.8739,0.4799,8.1287,3.4655,0.1457,-1.1057,-0.6950,-2.7569,1.8486,1.3077,-1.5310,0.9562,0.6211,0.2963,-0.0537,-0.3581,-0.6959,-3.2608,-2.9912,-0.4461,-0.6578,-3.4144,-0.9421,-1.2236,-1.5455,-1.8729,-2.1620,-2.4086,-4.9541,-4.6069,-2.3111,-2.4994,-5.1680,-2.7277,-2.9477,-3.2274,-3.5004,-3.7406,-3.9453,-6.3965,-4.9040,-4.2680,-4.3734,-6.8909,-4.4692,-4.6035,-4.7988,-4.9871,-5.1438,-5.2785,-7.3784,-5.4037,-5.3187,-5.3486,-7.6721,-5.3222,-5.3838,-5.5105,-5.6218
45117.4583333,-16.3539,-10.2528,-7.9925,-6.9705,8.3454,-8.4243,-5.9951,-12.8233,-3.5925,-8.0788,-5.9379,-6.6666,-11.6738,-7.8148,-6.2959,-6.5672,-2.7372,-3.6748,-10.2411,-10.7068,2.5617,-9.0838,-9.9736,-6.5841,-2.6915,7.0462,-3.7058,-9.6654,0.4864,-8.4034,-0.1383,-0.2278,4.0532,4.5046,5.6812,0.0144,3.2429,0.0700,-7.9715,4.1009,2.1832,-0.3284,-8.0087,-5.6066,12.1227,3.6013,-3.0122,-5.4529,-7.1268,-8.7715,-1.9848,-1.2142,-0.5457,-0.4157,-8.0005,-1.0536,-4.4563,0.6628,4.1696,-1.5248,-3.3692,-5.7788,-10.1867,-8.3715,-6.5540,-6.6652,-1.0027,-1.3762,-8.5322,-3.1784,3.3470,3.4897,4.7649,-1.2852,1.0709,8.8730,4.6365,8.4299,-0.4847,2.5119,13.6877,9.2190,0.7284,-2.9939,-8.2795,-7.8093,-4.2233,-7.9235,-1.2874,-6.9571,-1.5929,-0.0532,-1.6483,-4.4030,-12.0752,-10.9608,-10.1538,-6.3559,-10.4089,-11.9223,-13.1952,-9.7811,-14.8008,-14.5307,-11.3725,-10.7509,-15.1025,-15.1893,-18.0806,-6.9047,-14.8337,-13.6694,-8.5379,-9.9077,-11.3024,-7.8511,-8.7157,-4.2560,-4.3851,-4.8974,-10.8822,-6.4299,-8.7987,-5.9613,-5.3032,-0.4017,-2.1647,1.4659,-5.6076,-9.1076,-7.3406,-7.0310,-4.9700,-2.4054,2.3909,-4.3198,-5.5671,-0.1854,-4.7610,-5.3226,-7.1123,-1.8716,-4.4571,-4.9216,-2.1368,-8.0139,-5.6627,2.6942,-0.6365,-4.9278,-1.5493,-5.0158,-3.7519,1.4496,-2.9594,4.2463,6.5358,-0.4001,0.3300,-2.3758,10.0335,4.7935,1.9417,-0.7467,0.2079,-2.4470,0.8619,-1.7401,-0.5175,-2.0113,-6.6347,-5.4135,-3.5747,1.5050,0.6064,1.4485,-4.2181,-1.3274,-2.6332,5.5877,0.9390,-2.1424,-3.2550,-5.5611,-6.5050,-1.9589,-2.2985,-6.6207,-2.1947,-2.3877,-2.6180,-2.9261,-3.2547,-3.8095,-7.9999,-8.2982,-4.8596,-4.8374,-9.0953,-4.5972,-4.6392,-4.7768,-4.9829,-5.2340,-5.6442,-9.6495,-8.4702,-6.6373,-6.6857,-10.8827,-6.6400,-6.7368,-6.9313,-7.1501,-7.3816,-7.7134,-11.3583,-9.0148,-8.3953,-8.3708,-12.3140,-8.2336,-8.2737,-8.4207,-8.5995,-8.7981,-9.1078,-12.2832,-9.8235,-9.6966,-9.6866,-13.3858,-9.5807,-9.5987,-9.7080,-9.8140
45117.5000000,-26.1851,-22.5980,-15.8384,-14.0676,0.3019,-14.4137,-13.4599,-22.7693,-11.8857,-14.2880,-16.6535,-15.5118,-18.8213,-15.3918,-14.0183,-14.2573,-10.8581,-11.7116,-16.4685,-19.1947,-6.1656,-18.7075,-15.9071,-16.1536,-9.6033,0.0447,-9.7618,-17.0610,-5.9952,-15.5866,-7.3859,-9.6288,-4.8796,-4.6328,-1.6436,-6.3212,-2.4640,-5.2327,-14.9439,-1.6824,-3.7459,-6.1031,-16.8850,-14.8055,6.5338,-4.6039,-10.2706,-13.2143,-14.9351,-16.9896,-8.2344,-8.0230,-7.0291,-6.0226,-13.8244,-9.4182,-11.1291,-4.6710,1.7477,-3.7782,-5.4853,-7.7338,-15.4019,-14.1462,-12.0261,-11.9361,-4.8324,-5.8467,-16.1560,-9.5710,-1.8333,-3.4183,-2.0519,-6.3137,-3.5066,6.3664,1.9290,7.5152,-4.8270,-2.0574,14.5731,9.1525,0.5788,-3.0761,-12.3316,-11.1460,-4.4693,-11.1447,-2.6037,-7.9404,-3.8032,-2.6239,-4.3909,-8.3712,-14.6906,-14.1118,-13.4305,-7.3026,-12.8835,-14.1963,-15.5999,-13.6891,-19.4234,-19.0735,-16.8395,-16.5928,-20.0911,-21.0298,-25.0864,-16.3843,-23.1501,-20.8309,-15.0422,-15.5835,-18.8966,-14.4813,-18.2216,-11.8461,-11.6688,-11.7848,-15.6026,-12.0891,-13.8234,-11.7080,-11.4133,-8.5762,-10.1420,-5.7479,-11.9274,-13.8544,-12.7934,-14.0178,-13.3283,-10.8463,-4.6073,-9.5480,-10.1686,-5.9302,-9.6087,-10.5563,-12.0260,-7.4743,-9.6747,-9.9966,-7.4969,-12.2093,-10.7244,-2.1485,-8.5818,-11.2619,-8.4586,-9.7091,-8.9790,-5.9226,-8.0081,0.7480,2.4038,-2.3557,-2.8379,-6.7621,6.0407,0.5901,-2.2447,-5.8333,-4.2313,-5.6613,-3.6818,-6.8426,-7.0412,-8.1166,-10.9285,-10.4242,-10.3192,-5.0299,-5.4912,-2.9673,-9.6499,-4.9837,-5.8745,2.9752,-1.4334,-4.1046,-4.9511,-6.1413,-6.4773,-4.1633,-4.7576,-11.1628,-4.9878,-5.2592,-5.5349,-5.8688,-6.2043,-6.7472,-9.9753,-10.2866,-7.8315,-7.9551,-14.1651,-8.0516,-8.1920,-8.3863,-8.6026,-8.8212,-9.1672,-12.1876,-11.3506,-9.9428,-9.9994,-15.8953,-9.9963,-10.0616,-10.2153,-10.3811,-10.5525,-10.8233,-13.5839,-11.9350,-11.4477,-11.4872,-17.0665,-11.5112,-11.5746,-11.7292,-11.8942,-12.0603,-12.3261,-14.7150,-12.9665,-12.8664,-13.0264,-18.2080,-13.4994,-13.3545,-13.3079,-13.2959
45117.5416667,-33.1539,-32.2989,-23.8886,-21.4172,-7.9061,-19.9825,-20.2575,-31.2041,-18.5001,-18.3518,-20.9622,-20.5587,-22.6701,-20.8826,-20.6770,-21.3569,-18.6091,-19.1531,-21.6704,-24.6565,-12.7360,-26.0516,-20.0927,-24.2280,-15.5701,-6.2660,-14.8284,-22.2114,-11.2710,-21.9015,-12.0862,-16.0067,-11.0481,-7.7960,-5.5226,-10.6152,-7.2576,-10.2398,-21.2952,-6.7999,-8.4893,-10.1754,-23.4044,-21.5592,0.8079,-12.2476,-16.2565,-17.1810,-19.8935,-22.0521,-12.4445,-13.5535,-12.8554,-11.2783,-18.6928,-18.7070,-19.4339,-12.3519,-1.7538,-6.8910,-8.2322,-10.0364,-20.7458,-19.8788,-16.8611,-16.1148,-9.2466,-10.0671,-22.1438,-14.7673,-6.3855,-9.4284,-11.7697,-14.5730,-10.4267,0.6584,-2.9397,4.1061,-8.8406,-6.1586,15.9686,9.7852,1.1284,-2.5517,-15.6076,-13.4013,-6.2854,-15.2564,-5.5732,-9.9997,-5.7948,-4.0005,-5.1665,-9.6668,-14.5041,-14.1712,-13.5516,-5.4109,-12.3695,-13.6459,-15.3019,-14.8557,-21.1120,-20.8141,-19.5567,-19.7160,-22.4036,-24.3922,-29.6070,-23.5185,-28.5532,-25.1086,-19.2446,-17.2833,-20.4807,-16.1900,-23.0082,-15.8460,-16.5679,-15.6299,-18.2687,-17.1005,-18.8210,-17.6479,-17.1194,-14.2898,-15.7920,-10.9756,-16.2377,-16.5680,-16.4027,-16.9613,-19.0762,-17.8584,-9.5424,-15.0569,-15.2506,-10.7576,-13.2664,-14.7581,-15.9795,-11.8988,-13.3283,-13.2766,-11.1849,-14.6490,-13.9644,-5.5891,-14.8365,-16.4386,-13.7543,-15.9987,-14.8877,-13.6795,-12.9485,-2.9111,-1.8142,-4.4994,-5.4959,-10.2185,2.8599,-2.3250,-4.6529,-6.9372,-3.9741,-6.3860,-6.0060,-9.8156,-12.1392,-13.1207,-14.0865,-14.3510,-14.9000,-10.6430,-11.2132,-7.6013,-14.7183,-9.9458,-10.3852,-1.2529,-5.1426,-7.1566,-7.6717,-7.9485,-7.6172,-6.6820,-7.3453,-14.3999,-8.0757,-8.0762,-8.0703,-8.1199,-8.1734,-8.4420,-10.7430,-10.8525,-8.9505,-9.2198,-16.1703,-10.1143,-10.1687,-10.2709,-10.3862,-10.4964,-10.7325,-13.0055,-12.3895,-11.3171,-11.5843,-18.2223,-12.4321,-12.4413,-12.5221,-12.5943,-12.6547,-12.8033,-14.8475,-13.6089,-13.1684,-13.3512,-19.0177,-14.0679,-14.0650,-14.1497,-14.2333,-14.3033,-14.4586,-16.1987,-14.8591,-14.6688,-14.7645,-18.6576,-15.2699,-15.2429,-15.3194,-15.3945
45117.5833333,-36.0669,-34.2046,-27.1025,-24.3465,-12.2395,-21.7012,-23.9870,-37.0618,-23.4642,-20.9742,-23.9431,-23.9418,-24.6155,-24.0796,-24.5511,-25.2827,-23.2183,-23.6564,-24.1427,-27.8326,-17.3382,-31.0516,-22.3738,-30.8996,-20.6523,-11.4034,-21.8431,-26.6806,-15.1114,-25.6158,-18.5053,-21.7272,-16.3212,-7.8400,-5.4451,-9.7110,-6.7644,-10.5912,-23.0446,-7.9522,-9.6705,-10.9502,-25.9581,-20.2351,-0.8646,-17.2302,-20.2753,-19.6625,-23.1388,-25.4499,-15.9751,-17.5202,-16.5140,-14.1317,-20.5655,-25.4793,-25.6063,-18.9984,-4.8477,-9.6481,-10.7629,-12.2022,-25.1277,-24.8797,-21.1170,-16.2118,-11.6420,-13.4529,-27.1146,-19.0296,-9.9971,-10.7019,-12.3007,-18.9542,-13.1708,-4.5519,-8.5385,-4.9923,-16.0599,-12.5194,13.3601,7.1589,-1.0233,-4.2431,-19.2847,-13.6705,-6.9796,-14.2017,-5.7316,-9.5049,-5.9770,-4.1931,-5.2768,-10.6457,-14.4686,-14.3831,-13.6936,-3.8664,-11.6497,-12.7264,-14.2880,-14.5408,-20.1416,-19.7158,-19.0924,-19.4932,-21.4492,-24.1995,-29.4736,-27.4815,-31.7275,-27.5340,-24.4724,-18.4741,-20.8563,-16.5665,-25.8575,-18.4739,-22.2800,-17.1848,-17.4992,-17.8669,-19.3786,-19.3121,-23.4090,-18.7055,-19.3005,-13.7991,-17.8413,-16.3972,-19.3304,-18.2606,-21.9256,-21.5635,-11.6085,-17.6031,-20.9068,-14.4256,-14.9608,-16.3665,-17.2553,-13.0256,-13.1688,-13.2456,-12.4872,-15.3107,-15.0410,-6.8643,-18.5338,-19.2410,-15.7910,-19.0592,-18.2664,-19.6696,-16.2205,-5.6671,-5.4347,-6.4019,-7.5233,-13.0067,-0.1073,-4.8530,-6.5433,-7.6947,-3.4664,-6.4566,-7.1696,-11.1788,-15.1684,-15.8443,-15.0189,-16.0550,-17.5746,-14.4062,-15.0434,-10.1338,-15.4350,-12.1379,-12.4436,-3.8694,-7.3243,-8.7855,-9.3019,-9.3088,-8.4178,-8.7511,-9.3748,-14.5459,-9.8979,-9.8588,-9.8232,-9.8528,-9.8838,-10.1105,-11.8585,-11.8653,-10.3025,-10.4197,-15.4682,-10.9684,-10.9235,-10.9490,-11.0078,-11.0729,-11.2630,-13.0182,-12.5389,-11.6217,-11.7902,-16.6779,-12.4362,-12.4277,-12.5202,-12.6274,-12.7360,-12.9319,-14.5877,-13.7299,-13.3504,-13.5055,-17.7372,-14.1152,-14.1016,-14.1857,-14.2785,-14.3672,-14.5472,-15.9370,-14.9952,-14.8291,-14.9285,-17.8987,-15.3877,-15.3468,-15.4032,-15.4550
45117.6250000,-32.4801,-33.0482,-26.9439,-24.0212,-13.1568,-20.0813,-23.7741,-38.2929,-24.1967,-19.7295,-23.0675,-23.4291,-23.0857,-24.0055,-25.4011,-26.4144,-25.2020,-25.5600,-24.1865,-28.3989,-19.3359,-32.8860,-22.1797,-30.1919,-22.4214,-14.8872,-27.4695,-30.1645,-18.9457,-27.3667,-24.1520,-26.8921,-21.8897,-12.5571,-4.9711,-8.3549,-0.9791,-4.2129,-17.6647,-2.4144,-4.5524,-5.9821,-21.9949,-14.8675,1.8638,-17.3761,-19.5960,-17.9172,-22.1409,-20.5508,-14.6517,-18.0645,-17.8226,-15.2243,-20.6412,-30.2099,-29.8487,-24.1555,-6.5622,-10.6302,-11.3540,-12.3737,-27.0710,-27.4690,-22.9974,-19.0710,-11.6798,-11.7161,-28.6782,-21.2498,-12.1898,-13.2202,-13.5090,-17.2553,-7.8569,-2.7779,-7.5954,-7.7359,-17.4439,-8.0578,15.1282,8.1999,-0.0787,-3.2598,-15.4618,-12.1632,-7.0304,-13.4840,-6.3958,-9.6043,-6.3451,-3.9372,-4.1586,-9.2326,-13.3232,-10.9612,-10.1380,0.6718,-7.5906,-8.6926,-10.3264,-11.2173,-16.0359,-15.6540,-15.0128,-15.9403,-17.6562,-20.9537,-26.3119,-27.7072,-29.6251,-26.8591,-26.4476,-20.6043,-20.1007,-15.7802,-23.8296,-18.7805,-25.5415,-21.5551,-17.2089,-18.1449,-18.5514,-19.1069,-22.9196,-20.9532,-21.4742,-15.7116,-18.5809,-17.3121,-18.2524,-19.9459,-23.2710,-23.4066,-12.1150,-18.1295,-20.9846,-16.3852,-15.9244,-17.8223,-18.3701,-16.7968,-15.5162,-12.4416,-11.2346,-12.8707,-14.4797,-4.7686,-17.6499,-17.3367,-13.9169,-16.9247,-17.3061,-21.7908,-16.6088,-6.2158,-6.8994,-6.5491,-7.5658,-13.5278,-0.9010,-7.4733,-5.8883,-6.1434,-0.9640,-4.2706,-5.4600,-10.9496,-14.7902,-15.5347,-13.6078,-15.3179,-17.7499,-15.1856,-16.4158,-9.1841,-13.1960,-10.9957,-11.2307,-3.3514,-6.3919,-7.4335,-7.9874,-7.8993,-6.6946,-7.9027,-8.5514,-12.4467,-9.0458,-9.0273,-9.0076,-9.0513,-9.0917,-9.3190,-10.7150,-10.7030,-9.4499,-9.5379,-13.3116,-9.9864,-9.9276,-9.9359,-9.9729,-10.0094,-10.1620,-11.5418,-11.1529,-10.3419,-10.4359,-14.0659,-10.8980,-10.8356,-10.8766,-10.9328,-10.9902,-11.1331,-12.4326,-11.7776,-11.3895,-11.4882,-14.6738,-11.9769,-11.9442,-12.0168,-12.1032,-12.1887,-12.3669,-13.4866,-12.8077,-12.6445,-12.7394,-15.0545,-13.1755,-13.1443,-13.2111,-13.2682
45117.6666667,-29.0215,-29.6110,-23.1498,-20.3701,-10.8663,-15.8449,-20.7059,-36.3526,-22.3132,-16.3309,-19.7411,-19.2001,-18.4614,-20.7020,-23.0332,-24.3463,-23.9743,-24.3713,-21.6198,-26.2875,-18.2360,-30.3742,-19.1944,-26.9199,-20.3620,-13.5083,-27.2985,-29.1835,-22.2165,-28.4402,-28.2559,-30.6590,-25.9910,-17.3489,-10.1162,-13.0020,-2.4603,-3.9019,-16.6925,0.5207,-0.3581,-0.9393,-15.7357,-8.1568,7.5229,-12.8705,-14.3313,-12.0726,-16.9576,-15.4713,-10.1299,-13.9168,-13.8867,-11.2061,-15.9112,-29.8849,-29.5938,-24.8159,-5.8519,-9.5845,-10.2962,-11.1821,-27.2964,-28.4593,-24.0114,-22.3442,-16.6520,-13.0250,-28.1866,-20.9403,-11.8781,-16.1404,-17.0229,-17.8499,-6.3323,-2.6084,-6.7662,-9.1829,-16.7482,-3.4000,18.0154,11.2187,3.2516,0.3281,-8.8927,-6.7915,-2.1724,-7.6879,-1.5283,-4.4023,-2.2481,1.7182,1.2428,-4.7324,-10.7226,-7.1441,-6.5039,4.4635,-3.8988,-5.1251,-6.6649,-7.4943,-11.1571,-12.8320,-10.5623,-11.0188,-12.0276,-14.9558,-20.0116,-23.2220,-23.2788,-20.2164,-21.6374,-16.3363,-17.1333,-10.6548,-17.7999,-14.6777,-23.6592,-21.1515,-14.4732,-16.5615,-18.6577,-17.6935,-21.3201,-19.2902,-19.7385,-14.2110,-16.3508,-15.3846,-17.0837,-19.3172,-23.2593,-24.1217,-12.5294,-18.0665,-19.9157,-16.4451,-14.3195,-16.1952,-17.7765,-18.1564,-17.0873,-12.6478,-11.4807,-12.2585,-15.1424,-5.0937,-18.3879,-17.2465,-14.9597,-15.1983,-14.9455,-19.9782,-13.5474,-4.6691,-4.4532,-3.6877,-3.9897,-10.3127,0.9739,-7.2263,-3.9393,-3.4538,2.3399,-2.8965,-2.5503,-9.9400,-12.8934,-13.3562,-10.4275,-12.1708,-15.4518,-14.2071,-17.1789,-8.3464,-11.1054,-9.2997,-9.1733,-1.6303,-4.1741,-4.8916,-5.3044,-4.9275,-3.7223,-5.0672,-5.6338,-8.5641,-6.0132,-5.9966,-5.9907,-6.0582,-6.1267,-6.3807,-7.5553,-7.5591,-6.5581,-6.6610,-9.5639,-7.1061,-7.0747,-7.1086,-7.1680,-7.2215,-7.3842,-8.5333,-8.2426,-7.5420,-7.6198,-10.3907,-8.0161,-7.9485,-7.9835,-8.0309,-8.0751,-8.1985,-9.2577,-8.7528,-8.3608,-8.4178,-10.8521,-8.7968,-8.7340,-8.7780,-8.8352,-8.8900,-9.0355,-9.9296,-9.4019,-9.2065,-9.2659,-11.0845,-9.6237,-9.5746,-9.6282,-9.6742
45117.7083333,-24.0099,-26.6217,-18.0211,-15.1920,-8.5059,-7.9618,-13.0463,-29.4173,-15.8371,-9.3881,-15.9855,-13.2608,-12.2860,-14.7287,-17.4092,-18.8651,-19.2602,-19.8821,-16.4216,-21.4864,-16.5380,-25.0189,-14.1433,-21.0085,-18.3003,-10.0040,-23.0088,-24.1556,-20.0082,-24.8277,-27.0819,-30.9244,-28.6638,-20.4105,-13.7944,-16.0093,-4.0359,-4.5867,-17.0566,0.4421,0.2647,0.3200,-11.3208,-4.5069,10.9895,-8.9038,-9.2598,-6.0790,-10.4722,-7.3363,-3.7054,-7.7538,-8.0400,-5.4705,-9.4448,-26.1240,-26.1630,-22.2023,-2.6159,-5.4482,-6.2232,-7.1563,-23.4614,-25.7069,-19.2914,-21.0422,-16.5392,-14.1221,-28.3230,-21.0213,-13.2129,-15.3261,-18.3348,-17.9043,-5.8052,-3.3397,-6.9825,-10.8437,-15.6942,-0.6313,19.3130,12.9398,5.2951,2.5525,-4.1245,-2.7699,1.8440,-2.7399,2.9667,0.0747,-0.4432,6.7641,6.7632,0.9090,-5.9848,-1.4425,-0.5479,9.8950,2.1108,0.7718,-0.6290,-1.1831,-4.0159,-5.1401,-3.5851,-3.6229,-5.1136,-8.3018,-13.6292,-17.9549,-17.4200,-14.8066,-16.5093,-11.6446,-12.9129,-5.6419,-11.5060,-8.5827,-18.2508,-16.7534,-9.1469,-11.6192,-14.9386,-13.9020,-19.8224,-17.2337,-17.0996,-11.5370,-12.7583,-11.5976,-13.9290,-15.0371,-19.9931,-21.8247,-11.3689,-16.7541,-18.1623,-15.6014,-12.7569,-14.7183,-17.2924,-16.7272,-15.2715,-10.5868,-10.0208,-10.4220,-13.3163,-4.2056,-17.4440,-16.1134,-15.1761,-15.1653,-14.2198,-19.1343,-10.2568,-5.4782,-3.5298,-3.1772,-1.2468,-6.2969,4.6871,-2.6233,0.5393,1.5190,6.9848,-1.3387,1.3319,-6.9624,-9.5901,-9.9462,-7.4247,-8.3861,-11.6566,-10.9957,-13.6880,-5.4183,-7.6904,-6.5620,-6.5510,0.3378,-1.9499,-2.6293,-3.0122,-2.4299,-1.4875,-2.5559,-2.9876,-5.1548,-3.1058,-2.9737,-2.8490,-2.7982,-2.7490,-2.8870,-3.7761,-3.6672,-2.7296,-2.7427,-4.9412,-3.0233,-2.9515,-2.9575,-2.9993,-3.0431,-3.2019,-4.1867,-3.9688,-3.3534,-3.4338,-5.6144,-3.8207,-3.7716,-3.8272,-3.8943,-3.9559,-4.0935,-5.0124,-4.6409,-4.2708,-4.3243,-6.2530,-4.6744,-4.6128,-4.6583,-4.7152,-4.7670,-4.9065,-5.6568,-5.2473,-5.0365,-5.0765,-6.5483,-5.3813,-5.3161,-5.3555,-5.3885
45117.7500000,-15.1549,-19.2127,-10.1078,-9.4383,-4.2592,-1.2454,-5.5347,-20.9698,-9.6439,-2.3589,-9.2751,-5.6481,-4.5621,-6.6250,-9.0019,-10.1816,-10.7897,-11.3765,-7.9318,-14.0275,-12.0569,-17.8929,-8.4298,-13.8535,-13.1456,-4.7118,-16.0794,-17.1227,-15.8701,-19.5237,-24.1131,-27.9503,-27.1253,-19.6676,-14.3847,-16.3137,-5.7461,-4.0185,-14.4647,2.4807,3.3243,4.0801,-5.0302,1.2225,16.2174,-2.7465,-2.7680,0.5393,-4.1492,-0.3009,2.9588,-0.0501,0.1525,2.8038,-1.2751,-17.8774,-18.3438,-15.5032,1.9397,0.4286,0.1559,-0.4175,-15.6173,-18.3296,-11.9222,-14.8194,-10.4117,-9.6234,-23.9851,-18.8221,-12.8052,-13.8821,-17.5865,-16.0667,-4.7667,-2.6991,-5.0389,-9.0138,-12.0211,3.1293,22.0809,16.7292,9.6051,6.9606,2.4264,3.4447,8.2354,4.4620,9.8333,6.5698,5.4718,13.5975,13.9533,8.3031,0.7893,4.9798,6.4657,15.5323,9.1851,7.8310,6.5169,7.4445,4.4565,3.3364,4.2565,5.8186,4.5500,1.8901,-3.2228,-8.3286,-8.4882,-7.5108,-9.7023,-5.8939,-7.7322,-1.2866,-6.0800,-3.5158,-12.5998,-11.8455,-4.5819,-6.5051,-9.7233,-8.5238,-14.5127,-11.8472,-10.8406,-5.6531,-6.3969,-5.6385,-8.5469,-9.5628,-14.2358,-16.7200,-7.8187,-12.1723,-12.9996,-11.0584,-7.8222,-9.8816,-13.1255,-14.0932,-12.5648,-8.1716,-7.9087,-8.1142,-10.8827,-3.2740,-14.6201,-13.2575,-13.2782,-13.0996,-12.2393,-17.6946,-8.0334,-5.5876,-4.5523,-3.9519,-1.8420,-4.6620,5.6631,-1.1259,2.1107,4.6942,9.8532,1.6646,5.5657,-1.8454,-4.0041,-4.1397,-2.3202,-3.0156,-6.0785,-6.1892,-7.7869,-0.2358,-1.9291,-1.0406,-1.0055,5.2920,3.3280,2.5878,2.3020,3.1262,3.5641,3.1937,2.8624,1.1808,2.7839,2.8979,2.9989,3.0246,3.0529,2.9052,2.1464,2.2725,3.1118,3.1319,1.4311,2.9667,3.0858,3.1322,3.1473,3.1651,3.0739,2.2828,2.5228,3.1454,3.1330,1.4477,2.8877,2.9775,2.9550,2.9146,2.8746,2.7565,1.9672,2.2622,2.6243,2.5786,1.0184,2.2522,2.3032,2.2439,2.1720,2.1052,1.9535,1.2928,1.6004,1.8008,1.7554,0.5190,1.4564,1.5132,1.4673,1.4352
45117.7916667,-5.7857,-10.4543,-2.6474,-2.7734,1.3119,4.0663,0.4085,-12.7486,-3.6137,2.7051,-3.1950,0.0389,0.7507,-0.4207,-2.2050,-2.9144,-3.1619,-3.3757,-0.0675,-5.0036,-4.2500,-8.6452,-1.3223,-6.1137,-6.0185,0.7118,-8.9792,-9.4579,-9.8227,-12.2315,-18.1564,-22.1862,-22.8666,-16.2913,-12.4069,-13.9187,-5.3881,-3.8403,-12.1850,2.7069,3.7231,4.9476,-2.3442,3.3457,18.3602,2.4124,2.9881,6.1050,2.1590,5.3004,8.1509,5.9881,6.5141,8.8494,4.5482,-9.1261,-9.3857,-7.0461,8.0516,6.6578,6.3794,5.8908,-6.8627,-9.6178,-3.9754,-7.0766,-3.7742,-3.8394,-16.8566,-13.9314,-10.0098,-11.6408,-14.9764,-12.7482,-3.6425,-2.5474,-4.2763,-7.5267,-9.5350,3.8529,21.4246,17.0032,10.5842,7.9931,5.1627,6.4749,11.7306,8.7505,14.1085,10.2594,11.0064,18.9230,19.7236,14.7607,7.5571,11.2617,12.9799,19.7659,14.9057,13.3209,12.2806,14.5422,10.6709,9.9344,11.2428,13.0072,11.4864,9.6757,5.3603,1.4882,1.1998,1.5520,-0.4300,2.1956,0.3883,4.6659,1.0604,2.7976,-4.8887,-4.7276,0.6242,-1.2310,-3.9009,-3.4067,-9.2729,-7.1729,-5.7107,-1.0812,-1.1708,-0.3844,-2.4672,-3.3294,-7.1086,-9.5808,-3.1185,-6.6384,-7.2991,-6.0399,-2.9326,-4.6071,-7.2619,-8.6433,-7.1157,-3.7696,-4.2139,-4.0801,-6.6203,-1.6705,-10.5823,-9.3289,-10.0296,-9.9774,-9.6305,-15.1272,-6.1807,-4.7534,-4.3601,-3.6149,-1.6023,-3.5987,5.0103,-0.8648,1.8900,4.5456,8.8149,1.9201,5.8559,0.0429,-1.2502,-0.6974,0.8689,1.0169,-1.0471,-1.0549,-2.1813,4.1918,2.7509,3.4740,3.4369,9.2638,7.2258,6.0762,5.8807,7.0437,6.5395,7.2685,7.1112,5.9152,7.2847,7.5180,7.7414,7.8923,8.0385,8.0096,7.4651,7.6661,8.4633,8.5586,7.2824,8.5266,8.6818,8.7629,8.8082,8.8494,8.7816,8.1195,8.3215,8.8835,8.8960,7.5819,8.7225,8.8365,8.8503,8.8497,8.8505,8.7769,8.1343,8.3902,8.7565,8.7567,7.5376,8.5328,8.6172,8.5978,8.5632,8.5288,8.4089,7.8602,8.1042,8.3008,8.2687,7.2495,7.9981,8.0539,8.0129,7.9802
45117.8333333,3.0264,-1.2262,4.9648,4.5523,8.0778,9.5687,6.9267,-4.6671,2.6012,7.4853,2.6394,5.1234,4.9077,4.4153,2.9693,2.4415,2.4390,2.1224,4.5024,0.7449,1.3625,-2.1702,3.4385,-0.1719,-0.0433,6.1702,-2.1884,-2.5096,-3.4991,-5.3373,-11.6282,-15.6235,-17.2597,-11.4530,-8.6845,-9.9221,-3.1533,-1.9241,-8.6393,4.0156,4.5998,5.7334,-0.3140,4.5312,18.8255,4.8390,5.3823,8.3727,4.8651,7.3247,10.2666,9.2109,10.2707,12.4089,7.3586,-2.6329,-2.7286,-0.7414,12.5714,10.9661,10.7289,10.1280,-0.2245,-2.6625,2.1599,-0.5435,2.3814,2.0121,-9.4549,-7.9550,-5.6200,-7.6230,-10.7164,-8.6965,-1.6231,-1.3622,-2.9623,-5.9911,-7.6900,3.8105,19.4614,15.6903,9.6522,7.0816,5.4152,6.5171,11.9566,9.2152,14.5571,9.9712,12.4013,19.8704,21.1090,16.8249,9.3008,12.9730,15.0968,20.0230,16.7712,15.1196,14.6346,18.5867,14.8587,14.4465,16.4893,18.2959,16.0602,14.9859,10.7177,8.8080,7.7665,7.8630,6.6476,8.0806,7.0510,9.5442,7.3324,9.0373,2.8592,2.7813,5.5638,4.8812,2.4518,2.6470,-2.9071,-1.6764,-0.5545,3.0488,2.7764,2.7582,1.3401,0.5862,-2.2966,-4.3942,0.4570,-2.3450,-2.5757,-1.4173,1.2101,-0.2058,-2.3975,-3.7949,-2.4849,0.0544,-0.3755,-0.3187,-2.3101,1.0263,-6.0140,-4.9435,-5.9658,-6.1101,-6.1915,-11.6299,-3.7391,-3.0406,-3.1606,-2.4341,-0.6309,-2.1275,4.8935,-0.0873,2.1133,4.5553,7.9442,2.1794,5.6726,0.9022,-0.0168,0.6454,1.5483,2.3676,1.3958,1.7598,1.1102,6.4010,5.1619,5.8579,5.7723,11.6293,9.4507,7.8457,7.7796,9.4215,7.9975,9.7174,9.6527,8.7913,9.8969,10.1425,10.3798,10.5544,10.7239,10.7398,10.3402,10.5561,11.2686,11.4164,10.5000,11.5294,11.7427,11.8963,12.0206,12.1403,12.1611,11.6918,11.9193,12.4600,12.5421,11.5825,12.5142,12.6688,12.7329,12.7792,12.8206,12.7900,12.2874,12.5030,12.8387,12.8637,11.9253,12.7107,12.8071,12.8151,12.8098,12.8039,12.7213,12.2900,12.4922,12.6836,12.6791,11.8794,12.4832,12.5542,12.5407,12.5288
45117.8750000,9.8383,6.8209,11.5092,11.2653,14.8453,14.3739,12.9464,2.8619,8.8024,11.9397,8.4114,10.1434,8.9983,9.4599,8.3533,7.6590,7.6543,7.1795,8.2633,5.4594,6.2116,2.9568,6.7964,4.3495,4.3776,10.0591,2.6895,2.3502,1.5694,0.1636,-5.4982,-9.1254,-11.1744,-6.1110,-4.1089,-5.1643,0.2102,1.0196,-4.4710,6.0139,6.4674,7.1953,2.1450,6.1334,19.4289,7.1655,7.3161,9.9002,6.5816,8.1605,10.9573,10.7330,11.9543,13.7916,8.0230,1.6730,1.7230,3.4680,15.2368,13.4554,13.3463,12.6683,4.6487,2.6358,6.4221,4.3404,7.0369,6.7917,-2.7965,-2.0778,-0.6596,-2.8112,-5.6381,-3.9828,1.2414,1.2488,-0.2610,-3.0989,-4.5772,5.2123,18.8564,15.5878,9.6419,7.0754,6.3998,7.0330,12.2223,9.6467,14.5149,9.3312,12.8988,19.6857,20.9191,17.3120,9.3475,12.8444,14.9441,18.1311,16.1435,14.3916,14.3840,19.6013,16.5602,16.4472,19.4189,21.3223,18.5520,18.4649,14.1007,14.3727,11.9570,11.7178,11.3147,11.5465,11.4555,12.4145,11.3788,13.4422,8.7647,8.6993,8.7656,9.9628,7.8178,8.2256,3.8319,4.6126,5.2431,8.1147,7.2111,6.1481,5.3944,4.6832,2.4247,0.5799,4.1933,1.6146,1.2448,2.0766,3.8448,2.8414,1.1990,0.1099,1.1500,2.9520,2.8047,2.5548,1.2426,3.8090,-1.7444,-0.9149,-1.9268,-2.1565,-2.5023,-7.4931,-0.9608,-0.6671,-0.9815,-0.3720,1.1435,0.0238,5.7071,1.6079,3.2257,5.2959,7.8417,3.1670,6.1767,2.1976,1.4974,1.9282,2.1466,3.1063,2.7915,3.3366,2.9457,7.0214,5.8632,6.4559,6.2746,12.1183,9.7678,7.8231,7.9016,9.9676,7.8438,10.3582,10.4428,9.9650,10.9249,11.2613,11.5879,11.8610,12.1213,12.2516,12.0573,12.3146,12.9450,13.1517,12.5636,13.3963,13.6381,13.8322,14.0003,14.1603,14.2373,13.9387,14.1560,14.6193,14.7423,14.0932,14.8323,15.0152,15.1320,15.2355,15.3340,15.3728,15.0510,15.2592,15.5691,15.6449,15.0018,15.6238,15.7491,15.8063,15.8501,15.8890,15.8624,15.5675,15.7382,15.9092,15.9300,15.3526,15.8117,15.8866,15.8971,15.9036
45117.9166667,14.7730,13.4108,16.6235,16.6764,20.6480,17.7992,17.6260,8.7102,13.7411,15.0478,12.8203,13.8847,11.7384,13.4988,12.9690,12.2041,12.3791,11.7211,11.3663,9.4678,10.6902,7.3095,9.5374,8.2546,8.1167,13.4199,6.4997,5.8589,5.5196,4.0752,-0.6136,-3.8114,-5.8812,-1.5028,0.0392,-0.8805,3.4678,4.0413,-0.5651,8.2160,8.5265,8.7393,4.4663,7.6756,19.9219,8.9948,8.6047,10.7939,7.5463,8.4041,11.0282,11.3750,12.5703,14.0084,7.6416,4.3884,4.4387,5.9012,16.2349,14.0867,13.9641,13.1337,7.2131,5.7577,8.6343,7.2946,9.9931,10.0447,2.1907,2.6648,3.7021,1.7679,-0.7712,0.4493,4.0451,4.3273,2.8436,0.2543,-1.1130,7.1395,18.8171,15.8419,9.8623,7.2421,7.3537,7.5592,12.5141,10.0396,14.4520,8.7905,13.1185,19.1657,20.2398,17.1211,8.7874,12.0248,13.9588,15.7428,14.5753,12.7011,12.9138,18.8774,16.3680,16.4203,20.1196,22.0510,18.7394,19.6487,15.1875,17.7819,13.9322,13.5082,13.9068,13.0963,13.8903,13.6074,13.5157,16.0260,12.5768,12.5487,10.0286,13.1111,11.1442,12.0464,9.2179,9.9276,10.1444,12.5690,10.8756,8.6433,8.7340,8.2726,6.7464,5.3552,8.3176,5.8243,5.2262,5.7361,6.3589,5.5353,4.1633,3.3107,3.8160,4.8619,5.0233,4.1713,3.4673,5.7969,1.3554,1.9148,1.1386,0.9511,0.6240,-3.5377,1.4983,1.6650,1.3662,1.7225,2.8420,2.0034,6.8185,3.3501,4.3778,6.1143,7.9256,4.0415,6.7041,3.2961,2.8837,3.0900,2.7035,3.6961,3.8746,4.4575,4.1064,7.0502,5.8471,6.2459,5.8938,11.5581,8.9944,6.8009,6.9091,9.1575,6.5981,9.4466,9.5436,9.2773,10.0448,10.3749,10.7044,11.0017,11.2951,11.5001,11.4761,11.7773,12.3487,12.6197,12.3222,13.0392,13.3349,13.5950,13.8343,14.0650,14.2327,14.1273,14.3855,14.8158,14.9990,14.6246,15.2367,15.4485,15.6091,15.7563,15.8964,15.9905,15.8234,16.0318,16.3115,16.4226,16.0174,16.5138,16.6557,16.7482,16.8303,16.9079,16.9378,16.7746,16.9423,17.1098,17.1690,16.7985,17.1657,17.2574,17.2994,17.3290
45117.9583333,16.5999,17.1925,19.3129,19.9438,24.8203,19.6311,20.9128,12.9402,17.5416,17.1651,16.1868,16.7014,13.5340,16.5789,16.6895,15.8599,16.3672,15.5716,13.7511,12.6919,14.7586,10.9729,11.8093,11.7361,11.4968,16.8284,10.0099,8.9046,9.2407,7.3810,3.7537,0.8660,-1.1674,2.4754,3.6816,2.7527,6.3585,6.8088,2.6973,10.3149,10.5749,10.3237,6.6795,9.3020,20.6966,10.8417,9.8192,11.6233,8.2799,8.5640,11.0305,11.7804,12.8987,13.9660,7.1759,6.3633,6.3000,7.4789,16.5974,14.0667,13.8689,12.8473,8.5634,7.5291,9.5128,8.7616,11.4877,11.8553,5.3654,5.9445,7.0578,5.6447,3.4049,4.0770,6.3114,7.3690,5.9420,3.7609,2.4817,9.5383,19.5405,16.8230,10.7657,8.0348,8.8074,8.6214,13.4054,10.9488,14.9406,8.8605,13.7156,19.0471,19.8973,17.1007,8.4551,11.3869,13.1118,13.8749,13.2398,11.2915,11.5837,17.9196,15.4139,15.5578,19.7782,21.6875,17.8997,19.5686,14.8825,19.4217,14.1448,13.5554,14.6446,13.0478,14.5809,13.4098,14.0588,17.0746,14.6747,14.7537,10.1026,14.7627,12.8829,14.3568,13.1817,14.0002,13.8188,16.0263,13.4450,10.0341,10.9277,10.7666,9.9807,9.1828,12.0649,9.6774,8.9743,9.4538,8.8913,8.2951,7.1471,6.6613,6.5392,6.9181,7.4319,5.7555,5.4633,7.8440,4.1294,4.3123,3.6959,3.3123,2.9849,-0.2528,3.2731,3.5564,3.4989,3.5694,4.2531,3.6786,8.1336,5.1411,5.6617,7.1956,8.4244,5.0966,7.5524,4.5020,4.3564,4.2850,3.2720,4.1885,4.7878,5.4230,5.0719,7.0965,5.8410,6.0773,5.5900,11.0308,8.3316,6.0324,6.1302,8.3960,5.6621,8.5485,8.6062,8.4360,9.0063,9.2679,9.5324,9.7774,10.0233,10.2099,10.2366,10.4991,10.9592,11.2098,11.0584,11.6354,11.9169,12.1774,12.4272,12.6748,12.8810,12.8950,13.1708,13.5721,13.7993,13.6292,14.1636,14.4136,14.6271,14.8305,15.0277,15.1907,15.1649,15.4044,15.6926,15.8579,15.6514,16.0845,16.2625,16.4021,16.5311,16.6540,16.7400,16.6849,16.8631,17.0389,17.1353,16.9226,17.2335,17.3462,17.4193,17.4729
45118.0000000,17.2693,19.3830,20.3685,21.3452,26.9679,19.5208,21.9528,14.8540,19.1714,17.2945,17.3946,17.5103,13.5737,17.8781,18.7600,18.0273,19.0518,18.2240,15.0630,14.8102,17.8338,13.4585,13.1370,14.2173,13.9080,19.4675,12.5060,10.9698,12.2268,9.8866,7.4801,4.8329,2.8919,5.7461,6.6316,5.5516,8.5344,8.8584,4.9605,11.6654,11.8499,11.1331,7.9647,10.1210,20.8852,12.1221,10.5552,11.9893,8.6182,8.4548,10.7840,11.8365,12.8580,13.5722,6.5501,7.6391,7.4094,8.2736,16.2873,13.3888,13.0919,11.9099,8.9153,8.2184,9.4312,9.1416,11.8694,12.4477,6.9874,7.7318,9.0301,8.1569,6.1518,6.3804,7.4643,9.4825,8.1110,6.3642,5.0736,11.0989,19.5868,17.0622,10.8909,8.0431,9.4199,8.9642,13.7248,11.3108,15.0157,8.6266,13.9421,18.6658,19.3320,16.8557,8.0491,10.7560,12.2943,12.2802,11.9931,10.0302,10.3478,16.7981,13.7705,13.9636,18.4824,20.3276,16.2072,18.4101,13.6468,19.7093,13.2619,12.5483,14.0859,11.9303,13.9208,12.1396,13.2480,16.5942,14.9846,15.1486,9.0577,14.7906,13.0028,15.0162,15.3806,16.4262,15.8970,17.9990,14.5581,10.1939,11.7631,11.9114,11.7901,11.5708,14.6360,12.3253,11.5844,12.2245,10.5228,10.2496,9.3850,9.4131,8.6948,8.5827,9.5726,7.0775,7.2083,9.8463,6.5894,6.3621,5.9349,5.3318,4.9754,2.5517,4.5629,4.9683,5.1455,4.8273,5.0513,4.6536,8.9704,6.2428,6.2883,7.6602,8.3868,5.4500,7.8430,5.0819,5.3473,5.1178,3.6035,4.3783,5.3732,6.0793,5.7057,6.9625,5.6494,5.7522,5.1653,10.3190,7.5239,5.2057,5.2733,7.4450,4.6943,7.4568,7.4656,7.3435,7.7513,7.9423,8.1382,8.3233,8.5122,8.6622,8.7018,8.9101,9.2592,9.4614,9.3800,9.8179,10.0470,10.2632,10.4742,10.6862,10.8722,10.9252,11.1662,11.4976,11.7083,11.6399,12.0746,12.3092,12.5207,12.7279,12.9337,13.1182,13.1721,13.4159,13.6947,13.8881,13.8190,14.2048,14.4091,14.5866,14.7568,14.9225,15.0620,15.1013,15.3045,15.5036,15.6450,15.5658,15.8553,16.0002,16.1113,16.1927
45118.0416667,18.2139,21.7047,21.7263,23.0594,29.4986,20.0535,23.3193,16.6690,20.6143,17.4165,18.2460,17.8669,13.1715,18.3059,19.7219,18.9620,20.4521,19.6196,15.2996,15.7264,19.8821,14.9238,13.6945,15.8566,15.5649,21.6542,14.4372,12.4137,14.6432,11.6795,10.5416,8.1731,6.4583,8.5961,9.2930,7.9872,10.5235,10.7431,6.7967,12.8866,13.0219,11.8772,9.0704,10.8587,21.0763,13.1021,10.9519,12.1348,8.6493,8.1787,10.4219,11.7286,12.7044,13.1746,6.0779,8.6279,8.2278,8.8537,15.9844,12.8002,12.4052,11.0773,9.0309,8.5572,9.0797,9.0940,11.7338,12.4254,7.4691,8.3748,9.9845,9.7462,7.9494,7.5649,7.7964,10.8239,9.5230,8.3440,7.1001,12.4238,19.7103,17.4026,11.1414,8.2026,10.0325,9.3048,14.0280,11.6045,15.0400,8.4001,14.0482,18.2615,18.7651,16.5225,7.6092,10.0905,11.4806,10.9788,10.9456,9.0289,9.3503,15.7563,12.6507,12.8006,17.3928,19.0924,14.7086,17.1688,12.2305,19.2450,11.8618,11.0275,12.8629,10.4235,12.6801,10.5891,11.9579,15.5100,14.5268,14.7498,7.7764,13.9840,12.2422,14.6171,16.3099,17.5816,16.7288,18.8333,14.6388,9.5923,11.5981,11.9767,12.3970,12.7294,16.1882,13.9431,13.1962,14.0934,11.3507,11.3566,10.7325,11.3477,10.0980,9.6322,11.1890,7.9166,8.4470,11.6075,8.7163,8.1426,7.9482,7.0908,6.7334,5.1285,5.7602,6.4016,6.9230,6.2430,6.0813,5.7649,10.1468,7.6002,7.2213,8.4896,8.8166,6.1206,8.4143,5.7435,6.2150,5.7147,3.6959,4.5256,5.7888,6.5615,6.1666,6.8431,5.5074,5.5224,4.8840,9.7852,6.9934,4.7441,4.7923,6.8382,4.1946,6.7580,6.7262,6.6227,6.8980,7.0189,7.1438,7.2619,7.3838,7.4793,7.4972,7.6381,7.8827,8.0252,7.9671,8.2830,8.4529,8.6164,8.7787,8.9441,9.0930,9.1486,9.3405,9.5997,9.7747,9.7514,10.0894,10.2868,10.4694,10.6505,10.8322,11.0004,11.0763,11.2897,11.5304,11.7120,11.7073,12.0295,12.2244,12.4020,12.5761,12.7486,12.9039,12.9886,13.1919,13.3940,13.5560,13.5607,13.8294,13.9950,14.1332,14.2373
45118.0833333,18.0225,22.8234,22.1872,23.9822,31.4125,20.2500,24.4543,18.3385,22.2471,18.0037,19.5417,18.8432,13.5983,19.2369,21.0665,20.1777,21.9411,20.9412,15.5462,16.3686,21.4837,15.9013,13.9256,16.9657,16.7013,23.4309,15.9142,13.4969,16.7830,13.2340,13.3962,11.3111,9.9160,11.3930,12.0025,10.4548,12.7104,12.9060,8.7826,14.4498,14.5833,13.0578,10.5422,12.0632,21.8713,14.5756,11.8384,12.7177,9.0764,8.3547,10.5000,11.9742,12.8874,13.1445,6.0304,9.7658,9.2132,9.6485,16.0619,12.6705,12.2214,10.8100,9.5342,9.2647,9.2211,9.4655,11.9773,12.6126,7.5818,8.4623,10.3076,10.6542,9.0446,8.1186,7.7209,11.6556,10.4536,9.8754,8.7031,13.5268,19.8349,17.7729,11.4570,8.4535,10.7302,9.8431,14.6663,12.2906,15.5816,8.7534,14.7482,18.5526,18.9337,16.9019,7.9015,10.1942,11.4424,10.5789,10.7017,8.8231,9.1163,15.4047,11.9391,12.0898,16.7247,18.3395,13.8437,16.4371,11.4543,19.0508,10.9397,9.9348,11.8556,9.2663,11.5724,9.3272,10.7649,14.3476,13.8152,14.0725,6.7223,13.0133,11.3390,13.9355,16.6895,18.1625,17.0156,19.1383,14.3289,8.8848,11.1255,11.6524,12.4584,13.2273,17.0956,14.8990,14.1672,15.3617,11.7333,11.9937,11.5845,12.7644,11.0502,10.3244,12.4284,8.4708,9.3464,13.1073,10.4822,9.6100,9.7094,8.6850,8.4070,7.6447,6.9887,7.9133,8.8541,7.8112,7.2700,7.0671,11.7521,9.3263,8.5708,9.8221,9.8261,7.2755,9.5916,6.9410,7.6470,6.8604,4.3244,5.1179,6.5876,7.3950,6.9390,7.1268,5.7519,5.6890,5.0049,9.6882,6.9172,4.7385,4.7724,6.7064,4.1738,6.5722,6.5223,6.4437,6.6368,6.7206,6.8079,6.8905,6.9759,7.0421,7.0521,7.1498,7.3220,7.4211,7.3760,7.5984,7.7170,7.8313,7.9452,8.0618,8.1671,8.2062,8.3439,8.5316,8.6607,8.6491,8.8976,9.0480,9.1897,9.3323,9.4772,9.6140,9.6864,9.8587,10.0528,10.2065,10.2282,10.4851,10.6531,10.8103,10.9664,11.1229,11.2681,11.3641,11.5460,11.7287,11.8841,11.9279,12.1614,12.3222,12.4621,12.5690
45118.1250000,18.0855,23.9029,22.6359,24.7773,33.1021,20.3748,25.2870,19.5670,23.4436,18.2853,20.4180,19.4743,13.8053,19.9360,22.2547,21.3820,23.5454,22.4750,16.1668,17.3040,23.3039,17.0723,14.4475,18.1638,17.8647,25.1904,17.2621,14.4137,18.6384,14.4659,15.8783,14.0879,13.1189,14.0208,14.6514,12.8591,14.9802,15.2189,10.7978,16.2448,16.4164,14.5345,12.2453,13.5886,23.1708,16.4843,13.1669,13.7536,9.9233,8.9944,11.0841,12.7017,13.5582,13.6282,6.4430,11.2152,10.4872,10.7480,16.5664,12.9821,12.4781,10.9893,10.3314,10.2423,9.7140,10.1611,12.5947,13.1410,7.7720,8.5099,10.4938,11.3128,9.8074,8.3039,7.4545,12.1105,10.9832,10.9853,9.8831,14.3514,19.8516,18.0253,11.6583,8.5962,11.2592,10.2461,15.2232,12.8974,16.1196,9.1054,15.4982,19.0211,19.3541,17.5542,8.4386,10.6529,11.8344,10.7149,10.9793,9.1470,9.4421,15.6639,11.7404,11.8811,16.5095,18.0361,13.4690,16.0866,11.0860,19.1027,10.4692,9.3635,11.3027,8.6688,10.9493,8.6549,10.0801,13.6010,13.3822,13.6265,6.1367,12.2507,10.6040,13.2672,16.8170,18.4290,17.0080,19.1489,13.8583,8.2282,10.5601,11.1735,12.2430,13.3466,17.5921,15.4208,14.6964,16.1649,11.7972,12.2511,12.0093,13.6918,11.5849,10.6722,13.2702,8.7392,9.8968,14.2712,11.8385,10.7082,11.1043,9.9455,9.7919,9.8892,8.0441,9.2925,10.7192,9.3152,8.4413,8.3558,13.5451,11.1823,10.0769,11.3881,11.1263,8.6306,11.0926,8.3897,9.4110,8.3634,5.2658,6.0847,7.8115,8.6841,8.1565,7.9204,6.4745,6.3385,5.5916,10.1493,7.3713,5.2081,5.2227,7.0868,4.5963,6.8918,6.8161,6.7423,6.8649,6.9111,6.9613,7.0095,7.0609,7.0994,7.0983,7.1615,7.2803,7.3480,7.3128,7.4705,7.5554,7.6381,7.7212,7.8067,7.8843,7.9141,8.0150,8.1528,8.2491,8.2441,8.4259,8.5384,8.6451,8.7527,8.8623,8.9664,9.0242,9.1545,9.3020,9.4213,9.4465,9.6414,9.7746,9.9013,10.0284,10.1570,10.2786,10.3658,10.5160,10.6687,10.8032,10.8583,11.0508,11.1925,11.3189,11.4167
45118.1666667,18.3559,25.0245,23.2212,25.6625,34.8424,20.6999,26.2200,20.8404,24.7295,18.7651,21.3806,20.2044,14.1426,20.5561,23.2692,22.3798,24.9191,23.8115,16.7157,18.1778,25.0814,18.2402,15.1110,19.4685,19.1747,27.1566,18.7659,15.5149,20.6120,15.7748,18.3028,16.7184,16.1393,16.4597,17.1422,15.0794,17.1659,17.5034,12.7021,18.1161,18.3631,16.1431,14.0290,15.2731,24.8212,18.7203,14.8258,15.1662,11.1139,9.9938,12.0852,13.8547,14.6762,14.5834,7.2072,13.0246,12.1166,12.2165,17.5530,13.7666,13.2051,11.6329,11.4856,11.5534,10.5804,11.2014,13.5841,14.0216,8.2024,8.7627,10.8235,12.0187,10.5517,8.4760,7.2934,12.4788,11.3794,11.8876,10.8241,15.0152,19.8197,18.1974,11.7760,8.6661,11.6516,10.5374,15.6886,13.4027,16.6006,9.3949,16.1935,19.5099,19.8260,18.2506,8.9648,11.1734,12.3318,11.0093,11.3993,9.5996,9.9193,16.1501,12.0813,12.1963,16.8042,18.2397,13.6041,16.1981,11.1700,19.4949,10.4248,9.2334,11.1509,8.5020,10.7282,8.4212,9.8088,13.2412,13.2539,13.4844,5.9777,11.8755,10.2561,12.9180,17.0554,18.7390,17.0369,19.1579,13.4764,7.7816,10.1046,10.7449,11.9692,13.3038,17.8527,15.6851,14.9591,16.6637,11.6994,12.2958,12.1796,14.2760,11.8414,10.7900,13.7916,8.8039,10.1695,15.0963,12.7924,11.4392,12.1122,10.8518,10.8375,11.7574,8.8291,10.3958,12.3270,10.5645,9.4167,9.4527,15.2882,12.9326,11.5010,12.9322,12.4445,9.9336,12.6603,9.8555,11.2957,10.0187,6.2996,7.2405,9.3198,10.3209,9.7311,9.1121,7.5597,7.3657,6.5410,11.1176,8.2751,6.0452,6.0458,7.9176,5.3621,7.6643,7.5630,7.4874,7.5536,7.5664,7.5830,7.5989,7.6180,7.6283,7.6104,7.6398,7.7107,7.7461,7.7081,7.8098,7.8609,7.9115,7.9636,8.0184,8.0684,8.0846,8.1530,8.2498,8.3177,8.3136,8.4446,8.5274,8.6069,8.6880,8.7712,8.8508,8.8974,8.9966,9.1093,9.2023,9.2278,9.3757,9.4802,9.5806,9.6818,9.7844,9.8824,9.9557,10.0748,10.1968,10.3063,10.3590,10.5112,10.6280,10.7337,10.8162
45118.2083333,18.5563,25.9921,23.7680,26.5100,36.5541,21.1275,27.2090,22.0849,26.0574,19.3865,22.4336,21.0674,14.6522,21.2665,24.3285,23.4094,26.2831,25.1132,17.2845,18.9911,26.7526,19.2985,15.7313,20.6695,20.3954,29.1043,20.2181,16.6036,22.6010,17.1281,20.7679,19.3816,19.2022,18.9386,19.6779,17.2832,19.3733,19.8003,14.5083,20.0177,20.3492,17.7863,15.7951,16.9973,26.6840,21.1276,16.6440,16.7728,12.4666,11.1717,13.3392,15.3050,16.1361,15.9162,8.1996,15.1534,14.0674,14.0309,19.0140,15.0058,14.3865,12.7158,13.0080,13.2217,11.8208,12.6046,14.9729,15.2878,8.9134,9.3036,11.4323,12.9562,11.4835,8.8322,7.3983,13.0006,11.8937,12.8488,11.8034,15.7898,20.0008,18.5509,12.0620,8.8935,12.1376,10.9190,16.2335,13.9570,17.1434,9.7269,16.9105,20.0634,20.3670,18.9795,9.4584,11.6923,12.8492,11.3656,11.8625,10.0725,10.4230,16.7432,12.5311,12.6676,17.3347,18.7430,14.0644,16.6705,11.6194,20.2584,10.7799,9.5076,11.4065,8.7367,10.9197,8.5979,9.9470,13.3003,13.4820,13.6894,6.1400,11.8664,10.2566,12.8952,17.5019,19.2373,17.2753,19.3716,13.3687,7.6551,9.9279,10.5568,11.8598,13.3455,18.1289,15.9299,15.1741,17.0567,11.6026,12.2816,12.2423,14.6648,11.9591,10.8025,14.1200,8.7782,10.2834,15.6860,13.4689,11.9271,12.8319,11.4680,11.5723,13.2386,9.3579,11.2215,13.6499,11.5525,10.1667,10.3154,16.8785,14.4976,12.7693,14.3660,13.6896,11.1125,14.1770,11.2206,13.1338,11.6372,7.2464,8.3272,10.8691,12.0912,11.4740,10.5135,8.8292,8.6013,7.6896,12.4606,9.4927,7.1132,7.1119,9.0851,6.3545,8.7860,8.6648,8.5881,8.6137,8.6013,8.5918,8.5821,8.5747,8.5609,8.5265,8.5269,8.5589,8.5660,8.5204,8.5763,8.5972,8.6187,8.6419,8.6679,8.6908,8.6894,8.7266,8.7861,8.8257,8.8137,8.9002,8.9535,9.0055,9.0595,9.1159,9.1704,9.2012,9.2711,9.3524,9.4205,9.4401,9.5491,9.6285,9.7057,9.7842,9.8645,9.9418,10.0015,10.0951,10.1919,10.2803,10.3276,10.4475,10.5429,10.6301,10.6989
45118.2500000,18.2620,26.2232,23.5535,26.4355,37.1167,20.4934,27.0285,22.3450,26.4573,19.1645,22.6074,21.1357,14.5305,21.4010,24.8160,23.9203,27.1037,25.8865,17.4513,19.4414,27.9105,19.8841,15.9726,21.4020,21.1146,30.3893,20.9809,17.1308,23.9911,18.0000,22.7493,21.5630,21.8347,20.9832,21.7727,19.0387,21.1191,21.6218,15.8509,21.4191,21.7604,18.7918,16.8742,18.0303,27.9227,22.9731,17.9459,17.8781,13.3916,11.9154,14.1587,16.3221,17.1621,16.7965,8.6855,16.9258,15.7132,15.5327,20.1516,15.8481,15.1556,13.3973,14.1838,14.6205,12.8605,13.8519,16.2655,16.5013,9.7787,10.0149,12.1144,13.8440,12.3080,9.2029,7.5125,13.3651,12.1807,13.4394,12.3118,15.9811,19.5169,18.1077,11.5161,8.3108,11.7840,10.5328,16.0086,13.7556,16.9500,9.3627,16.8682,19.8651,20.1563,18.9896,9.3095,11.6219,12.7724,11.0916,11.6524,9.8693,10.2674,16.6863,12.2913,12.4618,17.1788,18.5663,13.8708,16.5898,11.6922,20.7631,11.0175,9.7681,11.6435,8.9219,11.0699,8.7012,10.0253,13.2696,13.5469,13.7263,6.1899,11.8181,10.2369,12.8397,17.7931,19.5493,17.3251,19.3266,13.0630,7.4118,9.6699,10.3141,11.6713,13.2428,18.1506,15.9095,15.1151,17.1084,11.2701,12.0205,12.0643,14.6991,11.7698,10.5203,14.0250,8.4709,10.0795,15.7842,13.5918,11.8918,13.0063,11.6340,11.8639,14.1916,9.4820,11.5214,14.3227,11.8749,10.2646,10.5153,17.7272,15.2435,13.2154,14.9435,14.0687,11.4049,14.8666,11.8051,14.3233,12.7124,7.7469,8.9436,11.9978,13.4786,12.8363,11.5261,9.6777,9.4216,8.4126,13.4456,10.2568,7.6593,7.6616,9.7862,6.8044,9.4311,9.2877,9.2178,9.2151,9.1833,9.1541,9.1267,9.1036,9.0821,9.0536,9.0447,9.0466,9.0310,8.9862,9.0063,8.9978,8.9899,8.9848,8.9837,8.9857,8.9792,8.9963,9.0191,9.0290,9.0114,9.0569,9.0755,9.0944,9.1167,9.1433,9.1735,9.1955,9.2421,9.2892,9.3282,9.3421,9.4128,9.4591,9.5051,9.5542,9.6070,9.6624,9.7119,9.7827,9.8506,9.9144,9.9582,10.0466,10.1138,10.1756,10.2235
45118.2916667,17.2105,25.6225,22.6855,25.6426,36.8618,19.2860,25.9709,21.3375,25.4727,17.7188,21.2836,19.6784,12.8953,19.9146,23.6213,22.8227,26.3661,25.1358,16.2766,18.5444,27.7667,19.2239,15.1517,21.0080,20.7497,30.6050,20.6103,16.4935,24.1128,17.6073,23.4470,22.5051,23.2855,21.9728,22.8517,19.7929,21.8926,22.4205,16.0687,21.8017,22.0246,18.6883,16.6892,17.8244,27.9663,23.3365,17.7805,17.6428,12.9738,11.4329,13.8077,16.1113,16.9534,16.4645,7.9542,17.2966,16.0625,15.7851,20.2356,15.6252,14.7977,12.8999,13.9684,14.6527,12.6481,13.8875,16.5280,16.8176,10.1399,10.4862,12.6926,14.5587,12.8658,9.2388,7.4640,13.4469,12.0584,13.5222,12.1872,15.5430,18.5782,17.0456,10.2845,7.0045,10.3628,9.0328,14.4707,12.1319,15.2515,7.6345,15.1805,18.0361,18.3116,17.2459,7.5433,9.9043,11.0860,9.4486,9.9487,8.1855,8.5936,15.0253,10.9630,11.1085,15.8021,17.1274,12.4339,15.1947,10.4370,19.9746,10.1269,9.0705,11.0679,8.3769,10.5434,8.2019,9.5028,12.7193,13.0002,13.1404,5.5912,11.1758,9.5642,12.1797,17.3547,19.1175,16.6372,18.5455,12.0486,6.4762,8.6838,9.3239,10.7216,12.3626,17.4064,15.1364,14.3371,16.4198,10.3072,11.0738,11.1644,14.0048,10.9158,9.6561,13.2742,7.5714,9.2292,15.1945,12.9630,11.1232,12.3728,10.9800,11.3478,14.2358,8.9559,11.2101,14.2763,11.5230,9.7088,9.9265,17.7248,15.0217,12.7410,14.5769,13.5630,10.7116,14.4463,11.1977,14.1460,12.4556,7.0662,8.4851,12.0309,13.8243,13.1725,11.6487,9.6019,9.3486,8.2297,13.6173,10.1806,7.3573,7.3118,9.5585,6.3851,9.1681,8.9565,8.8002,8.7852,8.6962,8.6122,8.5306,8.4651,8.3978,8.3376,8.3256,8.3426,8.2915,8.1820,8.2129,8.1708,8.1260,8.0846,8.0523,8.0276,7.9769,8.0029,8.0495,8.0327,7.9557,8.0166,8.0043,7.9849,7.9693,7.9613,7.9619,7.9356,7.9848,8.0446,8.0530,8.0016,8.0847,8.0963,8.1008,8.1092,8.1251,8.1476,8.1519,8.2223,8.2936,8.3271,8.3045,8.4079,8.4435,8.4680,8.4854
45118.3333333,14.7250,23.5262,20.6831,23.7236,35.4725,17.5608,24.0693,19.3392,23.7540,15.7636,19.1174,17.3784,10.4724,17.1499,20.9095,20.2140,23.9528,22.7317,13.5282,16.1064,25.9393,17.1371,13.2320,19.4989,19.2211,29.7403,19.1241,14.9324,23.3725,16.2485,22.9905,22.2063,23.4106,21.7697,22.5563,19.4863,21.8702,22.3451,15.4440,21.6565,21.5073,18.0577,15.6711,16.9672,27.5845,22.9620,17.0577,16.9388,12.0225,10.5265,13.1021,15.1763,15.8473,15.2054,6.2421,16.2673,14.9910,14.8419,19.1531,14.4922,13.4814,11.4361,12.4438,13.4819,11.4795,12.8629,15.6780,15.9412,9.4038,10.3290,12.8228,14.8273,13.1038,8.8365,7.3301,13.3963,11.6157,13.2323,11.7165,14.8771,17.8555,16.2699,9.2766,5.7050,8.7518,7.5395,12.9845,10.6183,13.7161,6.2953,13.5936,16.1862,16.2657,15.0366,5.3637,7.4902,8.6631,7.3464,7.3891,5.6658,5.8782,12.2085,8.4469,8.5594,13.1822,14.4358,9.7382,12.5885,8.1521,18.0878,8.2026,7.4187,9.6099,7.0512,9.2184,7.0138,8.2245,11.4448,11.8010,11.8486,4.2849,9.9576,8.2040,10.9274,16.1230,18.0206,15.4227,17.2740,10.4468,4.9233,7.0636,7.6415,9.0304,10.6989,15.7931,13.6089,12.9210,15.1172,8.9584,9.6164,9.7232,12.8391,9.6598,8.4353,12.0512,6.3259,7.9449,14.1268,11.9424,9.9476,11.3202,9.9133,10.3963,13.6570,8.0954,10.7192,13.8410,10.6394,8.7577,8.6054,17.1561,14.0120,11.5634,13.5276,12.6524,9.5534,13.3599,10.0090,13.0840,11.4069,5.7422,7.2184,11.0404,13.1826,12.4663,10.9829,8.5887,8.5076,7.2754,13.1626,9.4406,6.4096,6.1581,8.5286,5.3464,8.4518,8.1616,7.7033,7.9296,7.7663,7.6094,7.4463,7.3048,7.0994,6.8330,6.8881,7.1757,7.0745,6.6614,6.9344,6.8268,6.7077,6.5915,6.4948,6.4187,6.1098,6.1937,6.4986,6.4313,6.0555,6.3480,6.2809,6.1934,6.1135,6.0521,6.0156,5.7404,5.8690,6.1567,6.1310,5.8034,6.1177,6.0832,6.0263,5.9751,5.9397,5.9180,5.6777,5.8899,5.9924,6.0079,5.7283,6.0779,6.0799,6.0561,6.0334
45118.3750000,10.2874,19.3871,17.0853,20.1571,32.4354,14.8055,20.4818,15.8989,21.2520,13.3957,16.4293,14.4455,7.3543,13.1282,16.2746,16.1639,20.0508,18.7403,9.4877,11.6340,22.4172,12.6137,8.9495,15.6847,16.0550,26.5633,16.1518,11.1585,20.8587,13.1139,20.8405,20.6734,22.3399,20.0717,21.0095,16.6368,19.9690,20.4842,13.4370,20.9375,19.8181,17.0617,13.6382,15.2547,26.1574,21.2693,14.4703,14.1348,9.2898,7.9074,11.4334,13.3266,13.9960,13.3898,3.9918,14.0430,12.5239,13.1722,16.6196,12.6748,11.4521,9.2062,9.4339,10.9156,9.3709,10.6893,14.1280,13.8687,6.6864,9.0078,12.3548,14.3054,12.9468,7.7556,7.1164,13.3465,10.9491,12.2018,10.0542,13.0553,17.2678,15.4124,8.0958,4.3572,6.0390,5.2500,10.8755,8.5489,11.6090,4.5708,11.8063,13.9475,13.4275,12.2580,2.5410,4.5505,5.6195,5.3377,4.4045,2.5902,2.0627,8.1118,4.6769,4.7966,9.3645,10.6081,5.4657,8.5905,4.3045,14.8027,4.9097,4.5937,7.1284,4.8122,6.9280,5.6391,6.3791,9.4975,9.8055,9.7143,1.9520,7.9611,5.8182,9.0554,13.8922,16.0661,13.7995,15.7733,8.5292,2.9690,5.0005,5.3592,6.6786,8.3477,12.9831,11.0290,10.5861,13.2948,6.9584,7.3502,7.4563,10.8872,7.6247,6.6416,10.0589,4.5573,6.4326,12.5249,10.0514,7.6275,9.2535,8.1623,9.0647,12.6288,7.0795,10.7573,13.7647,9.7419,8.2533,7.3260,16.9655,12.8281,10.2679,12.0079,11.6955,8.2866,11.6836,8.6153,11.2214,9.3492,3.5309,5.0601,8.8844,11.6500,10.8422,9.7798,6.6655,7.1102,5.7440,12.4226,8.3587,5.1178,4.1822,6.6100,3.6432,7.4963,7.0950,5.8441,6.8065,6.5444,6.2945,6.0304,5.8039,5.5413,4.4867,4.6548,5.7545,5.6039,4.4011,5.4212,5.2291,5.0128,4.7981,4.6175,4.4773,3.4119,3.6337,4.6785,4.5709,3.4110,4.4670,4.3309,4.1532,3.9839,3.8454,3.7532,2.7354,2.9388,3.8766,3.8713,2.7897,3.8577,3.7622,3.6222,3.4896,3.3832,3.2993,2.3767,3.2277,3.3076,3.2949,2.2688,3.3423,3.2989,3.2104,3.1347
45118.4166667,1.3117,10.1774,8.6179,11.8074,27.1918,8.9777,13.0467,7.7980,14.9932,7.8688,10.7538,8.7756,2.0034,7.2353,9.6721,9.5746,13.7046,12.5259,3.7470,5.1592,17.6595,6.6821,3.3987,10.2021,11.8679,21.5376,10.5742,3.9114,15.2963,7.0301,14.6436,15.7079,18.7440,17.0099,17.7541,12.7389,15.9997,15.1240,8.1273,17.7061,15.4514,12.6746,7.4897,9.6136,23.1607,16.9639,10.2998,9.1792,5.5099,3.9151,8.9178,10.2956,10.8069,10.3001,0.7987,9.9678,7.7539,9.9797,13.0317,8.2786,6.9336,4.6767,3.3804,5.3022,4.8447,6.1489,11.3856,10.9380,2.3871,5.6563,10.4065,11.7596,11.4501,5.5565,6.2368,12.9247,9.7216,11.9909,6.9345,9.7292,17.0476,14.0618,6.2133,2.2862,1.4190,1.1208,6.6100,4.1369,7.9211,1.4497,8.2927,10.0783,8.7953,7.3384,-2.0328,0.1373,1.3666,2.7473,0.5705,-1.2869,-2.2012,3.3006,-0.6308,-0.4744,3.8202,4.7221,-0.6364,1.6727,-2.1709,9.2974,-0.3770,0.0705,3.7091,0.9315,1.8144,2.1905,2.2775,6.2647,6.3521,6.1034,-2.0605,4.2697,1.3405,4.9533,8.4498,11.2898,9.6089,12.4227,5.1214,-0.1064,2.0675,2.3226,3.6993,5.3723,9.6869,6.1276,6.1403,10.1742,3.9418,3.4207,3.4875,7.7424,4.6512,3.6700,6.3266,0.5728,3.0775,10.3969,7.3784,3.5670,5.8581,4.0789,5.5707,9.6593,4.2218,9.6819,12.5924,6.9285,6.9004,5.1027,16.1290,11.4531,8.5855,8.4486,9.0088,5.5203,8.5064,6.3859,8.4232,6.5568,0.7939,2.3463,5.5819,9.3025,8.3450,8.0295,3.6047,5.1401,3.6475,11.3185,6.8009,3.2701,2.0776,2.7883,0.3351,5.3584,4.8653,2.1391,4.6311,4.3468,4.0757,3.7814,3.5350,3.2683,0.8220,1.1634,3.7191,3.5641,0.9168,3.3964,3.1610,2.8850,2.6030,2.3596,2.1622,-0.2759,0.1285,2.4220,2.2745,-0.3015,2.1285,1.9376,1.6861,1.4402,1.2269,1.0512,-1.3191,0.1927,0.8124,0.7312,-1.7136,0.6855,0.5660,0.3849,0.2101,0.0672,-0.0517,-2.0864,-0.1341,-0.0467,-0.0637,-2.3302,-0.0098,-0.0664,-0.1881,-0.2946
45118.4583333,-7.7623,-0.3069,1.5198,2.9125,18.7247,0.5743,3.9567,-3.3516,6.2140,0.5881,3.4002,2.3703,-4.2674,0.1890,2.2227,1.7691,5.8865,4.8251,-3.0712,-3.1460,11.1147,-1.3325,-3.1101,1.3425,5.2429,15.5833,4.4260,-2.2222,8.7687,-0.7928,8.0488,7.9303,11.9968,12.5145,13.5915,7.8411,10.9972,7.7252,-0.6030,11.9173,10.1257,7.4931,-0.2478,2.2761,19.9501,11.2784,4.7165,2.1203,-0.1256,-2.1629,4.9789,5.9262,6.5499,6.6071,-2.5105,5.7985,2.4616,7.5559,11.1164,5.3503,3.4638,0.8454,-3.3294,-1.4323,0.1295,0.2060,5.8444,5.3325,-3.4406,1.3269,7.5966,7.4311,8.7939,2.4156,4.5377,12.4265,8.2934,12.0304,3.4207,6.6115,18.0654,13.8160,5.3573,1.2053,-3.3141,-2.9635,1.2765,-2.3299,4.6546,-1.9140,4.7299,6.4643,5.1319,2.5498,-6.4260,-4.5779,-3.4687,-0.0642,-3.8393,-5.7787,-6.8168,-2.1908,-6.7325,-6.4183,-2.3814,-1.6431,-6.6444,-6.3971,-10.3580,1.7117,-7.6265,-7.0163,-1.4696,-3.6549,-4.5414,-1.8055,-2.3671,2.6675,2.5093,1.8938,-6.3095,-0.2871,-3.0969,0.0246,1.0264,5.6965,3.8273,7.3922,0.0401,-4.7297,-2.3797,-2.0168,0.2135,2.9281,7.8717,1.0630,-0.2667,5.1257,0.1118,-0.4458,-2.3483,3.0890,0.2045,-0.5140,2.6141,-4.1595,-1.5334,7.2812,3.8835,-0.5916,2.8577,-0.9870,0.1942,5.2841,0.5098,7.9920,10.3476,3.3342,4.1365,1.4325,14.1392,9.1864,6.2257,3.6481,4.6162,1.7373,5.4307,2.5579,3.9872,2.3497,-3.3462,-1.5013,0.9095,6.0706,5.1301,5.8681,-0.0563,2.7995,1.2632,10.0857,5.2330,1.5904,0.5083,-1.3582,-3.0468,2.3064,1.9740,-2.3454,2.1133,1.9285,1.7104,1.4182,1.1085,0.5803,-3.6008,-3.8688,-0.3822,-0.3151,-4.5435,0.0263,0.0267,-0.0687,-0.2331,-0.4431,-0.8130,-4.7877,-3.5545,-1.6748,-1.6722,-5.8341,-1.5204,-1.5738,-1.7259,-1.9035,-2.0950,-2.3885,-6.0036,-3.5874,-2.9531,-2.8872,-6.8062,-2.6686,-2.6791,-2.7990,-2.9529,-3.1281,-3.4160,-6.6008,-4.0809,-3.9325,-3.8936,-7.5812,-3.7339,-3.7367,-3.8340,-3.9312
45118.5000000,-16.8473,-11.3135,-5.2975,-2.9986,12.4760,-4.8409,-2.4681,-12.4418,-0.9622,-5.1626,-6.6472,-5.8623,-11.2838,-6.9846,-4.7985,-5.2148,-1.2640,-2.3025,-9.0103,-11.1931,3.4770,-10.4871,-8.8823,-7.6370,-1.0947,9.7628,-1.1079,-9.4300,3.1941,-7.6162,1.7752,-0.5094,4.3073,4.4108,7.5589,2.6130,6.6425,3.8832,-6.7609,7.5747,5.6123,2.7779,-8.2851,-6.0458,15.8792,4.6548,-1.4737,-4.6185,-7.2721,-9.9469,-0.5323,0.1682,1.2241,2.0857,-8.2093,-1.1203,-2.9789,3.3940,10.0728,4.1171,2.3023,-0.3349,-7.6133,-6.2457,-4.6921,-4.2655,3.1388,2.1002,-10.0450,-3.7945,3.9894,2.2500,3.5165,-1.4226,0.8474,11.4202,6.9281,12.5055,0.2442,3.2065,19.9781,14.6615,5.6620,1.2970,-6.9994,-6.1331,1.4672,-5.3479,3.6236,-3.1937,2.6880,4.0829,2.5011,-1.3653,-9.7163,-8.2540,-7.2128,-1.6754,-6.9440,-8.8325,-9.9878,-6.3602,-11.6535,-11.2292,-7.6887,-7.2120,-11.7362,-11.9240,-17.3619,-6.6396,-15.6713,-13.8625,-7.3813,-9.0363,-11.5917,-8.1165,-11.3378,-4.0037,-3.7393,-3.8879,-10.7150,-4.9190,-7.2352,-4.5426,-3.6351,-0.8013,-2.7388,1.6269,-5.4166,-9.1892,-7.3421,-8.4808,-7.4818,-4.7069,1.9591,-3.1396,-3.9130,0.4479,-4.2426,-5.0854,-6.6424,-1.6334,-4.4404,-5.1380,-1.9562,-8.0875,-6.1427,3.4032,-3.2919,-6.3727,-3.3509,-5.0012,-4.3409,-1.0155,-4.0805,5.1881,7.2219,2.0858,1.5069,-2.3739,11.3600,5.9692,2.7726,-0.6507,0.7591,-1.0422,1.6358,-2.0525,-1.7350,-3.1294,-7.5400,-6.3107,-5.2987,0.3186,-0.2202,1.9940,-5.1713,-0.5360,-1.7552,8.2109,3.2750,-0.2446,-1.0720,-1.5990,-3.0142,0.3689,-0.2536,-6.6963,-0.4839,-0.7501,-1.0198,-1.3473,-1.6755,-2.2079,-5.4539,-5.7528,-3.2617,-3.3731,-9.6114,-3.4456,-3.5689,-3.7462,-3.9451,-4.1456,-4.4737,-7.4969,-6.6227,-5.1803,-5.2117,-11.1199,-5.1560,-5.1889,-5.3104,-5.4437,-5.5821,-5.8204,-8.5678,-6.8488,-6.3396,-6.3451,-11.9283,-6.3037,-6.3306,-6.4502,-6.5810,-6.7137,-6.9482,-9.3404,-7.5228,-7.3903,-7.5126,-12.7605,-7.8957,-7.7105,-7.6401,-7.6183
45118.5416667,-19.9896,-16.5555,-9.3200,-6.1986,9.1224,-6.8097,-5.5000,-17.7566,-4.8056,-7.2311,-8.8657,-9.1128,-14.0407,-11.5415,-10.3854,-11.3059,-7.7870,-8.5788,-13.6167,-15.9341,-1.7081,-16.8422,-12.5423,-14.7416,-6.2778,5.0452,-5.1496,-13.9877,-0.9669,-13.2730,-1.9127,-5.8487,-0.6365,2.2843,5.0537,-0.4471,3.3799,0.5863,-11.9697,4.1319,2.7274,0.3637,-13.1246,-11.1613,12.3353,-0.8483,-5.9809,-7.1630,-11.2561,-14.1605,-3.8537,-4.1097,-3.1860,-1.7748,-12.3832,-8.7799,-9.9668,-3.0272,7.9957,2.2782,0.8651,-1.4479,-11.5033,-10.5600,-8.5733,-7.4233,0.1339,-0.5648,-15.0065,-7.9205,0.8805,-1.8526,-4.1089,-8.1695,-4.8769,7.5511,3.8849,11.1103,-1.7967,1.3837,23.3517,17.4542,8.0746,3.4470,-8.1526,-6.6615,1.6335,-7.5217,2.6113,-3.7800,2.5424,4.6018,3.5488,-0.9742,-8.5417,-7.3870,-6.4386,0.8910,-5.6474,-7.6365,-9.1274,-6.6966,-12.2399,-11.9536,-9.1049,-8.9913,-13.1029,-14.2722,-21.3211,-12.6465,-20.8919,-18.1490,-11.4350,-10.8778,-12.9627,-9.7154,-15.6553,-7.3705,-7.7849,-6.9167,-13.1018,-9.1418,-11.4878,-9.3650,-7.6168,-4.6121,-6.5918,-1.6629,-8.2960,-10.9912,-9.9505,-10.5035,-12.1847,-10.6188,-1.6219,-7.3093,-7.7728,-3.0567,-7.0461,-8.3377,-9.6227,-4.7971,-7.0724,-7.4917,-4.4475,-9.7771,-8.5617,1.1920,-8.2422,-10.5254,-7.7004,-10.4024,-9.3776,-7.6404,-8.4679,2.1533,4.1232,0.8448,-0.1646,-4.7012,9.9108,4.6884,1.8719,-0.0292,2.5946,-0.3760,1.0403,-3.6119,-5.2601,-6.8918,-10.0156,-9.4554,-8.8468,-4.0986,-4.7850,-1.7034,-9.3983,-4.7095,-5.5624,5.0868,0.4801,-2.5662,-3.0547,-2.4778,-3.4186,-1.1244,-1.8069,-8.8429,-2.5250,-2.5273,-2.5269,-2.5880,-2.6516,-2.9333,-5.2859,-5.3855,-3.4340,-3.7084,-10.6554,-4.6047,-4.6610,-4.7700,-4.8930,-5.0083,-5.2505,-7.5667,-6.9191,-5.8035,-6.0646,-12.6908,-6.8918,-6.8902,-6.9674,-7.0358,-7.0900,-7.2321,-9.3054,-8.0067,-7.5372,-7.7030,-13.4568,-8.3797,-8.3493,-8.4123,-8.4729,-8.5177,-8.6504,-10.4105,-9.0005,-8.7748,-8.8505,-12.8491,-9.3216,-9.2720,-9.3334,-9.3947
45118.5833333,-21.8146,-17.1793,-11.6565,-8.3764,6.0112,-8.7256,-8.6162,-22.4067,-8.0985,-8.8181,-10.4657,-11.0441,-14.8095,-13.3634,-12.8508,-14.0229,-11.2173,-12.1870,-15.7940,-18.7550,-5.8449,-21.6308,-14.9553,-20.9000,-11.1832,0.3242,-11.9262,-18.2199,-4.3507,-16.6349,-7.2293,-10.4677,-4.7681,2.5216,5.0450,0.0730,3.5893,0.1346,-13.7933,3.3223,1.7336,-0.5110,-15.5268,-9.9498,11.2275,-4.8032,-9.3909,-9.0899,-14.1108,-17.1541,-6.9697,-7.5125,-6.3118,-4.3103,-14.4300,-14.3129,-14.8865,-8.5164,5.6374,-0.3096,-1.7033,-3.8321,-15.5491,-14.8095,-12.1239,-7.0742,-1.6333,-3.3113,-19.1621,-11.3920,-1.9898,-2.3463,-4.2907,-11.9639,-7.3278,3.1558,-0.9833,3.2247,-7.9937,-4.0222,21.0670,14.9294,5.5184,1.1022,-11.8613,-7.2652,0.9375,-6.7011,2.4281,-3.7190,2.3948,4.5051,3.5705,-1.6545,-8.6011,-7.3838,-6.2405,2.4715,-4.8114,-6.6469,-7.9907,-5.9725,-10.5242,-10.2558,-7.9311,-8.1479,-11.9281,-13.6424,-20.8687,-15.5310,-23.4764,-20.1882,-16.0858,-11.9952,-13.4057,-10.4988,-18.6981,-10.2540,-13.4836,-8.7429,-12.9391,-10.2020,-12.4586,-11.1755,-13.2941,-8.4343,-9.6039,-3.9395,-9.7756,-10.9924,-12.5026,-11.3335,-14.1473,-13.1947,-2.6690,-9.1404,-12.4999,-5.9478,-8.5253,-9.6804,-10.6744,-5.5563,-6.8215,-7.3984,-5.4389,-10.4442,-9.4454,0.3930,-11.3216,-12.7910,-9.2049,-12.8852,-12.1014,-12.4860,-11.1585,-0.1523,0.9857,-1.0256,-2.4125,-7.6290,7.2309,2.1475,-0.3158,-1.0348,2.6010,-1.1501,-0.3488,-5.2265,-7.7817,-8.9497,-10.5603,-10.3443,-10.4268,-6.7127,-7.6418,-3.6275,-9.8147,-6.6466,-7.4931,2.8746,-1.6635,-4.4267,-4.9752,-4.0558,-4.7258,-3.4980,-4.1554,-9.3686,-4.6709,-4.6073,-4.5431,-4.5488,-4.5550,-4.7741,-6.5730,-6.5503,-4.8946,-4.9925,-10.0789,-5.5250,-5.4604,-5.4753,-5.5290,-5.5914,-5.7931,-7.6242,-7.1276,-6.1574,-6.3275,-11.2731,-6.9914,-6.9732,-7.0660,-7.1745,-7.2841,-7.4894,-9.2142,-8.3201,-7.9092,-8.0610,-12.4220,-8.6819,-8.6507,-8.7266,-8.8120,-8.8925,-9.0736,-10.5179,-9.5266,-9.3258,-9.4123,-12.5084,-9.8647,-9.7966,-9.8368,-9.8782
45118.6250000,-20.6902,-17.3742,-12.8335,-8.8968,5.2183,-8.1424,-8.8801,-24.3376,-9.1528,-8.4601,-10.2036,-11.3365,-14.5043,-14.2503,-14.3221,-15.6481,-13.2883,-14.0988,-16.2243,-19.5516,-7.5381,-23.7878,-15.1841,-20.5372,-13.2856,-3.0983,-18.1853,-22.6233,-8.5975,-19.1723,-13.1085,-15.7625,-10.1323,-2.0683,5.7290,1.3245,9.2563,6.1877,-9.4687,8.2255,6.1346,3.4044,-12.8723,-5.7644,13.3401,-5.6434,-9.8359,-8.2689,-14.3237,-13.5653,-6.5659,-8.7420,-8.1715,-5.9389,-15.6289,-19.3162,-19.4973,-14.0671,3.9057,-1.6102,-2.6547,-4.5033,-18.0046,-17.8941,-14.7586,-10.4660,-1.9760,-1.6981,-20.9867,-13.5123,-3.7014,-4.4360,-5.0974,-10.4312,-2.3404,5.1917,-0.0076,0.6116,-9.4613,0.4702,22.9124,15.9026,5.9659,1.3931,-8.7886,-6.5797,0.2400,-6.8873,0.8965,-5.1200,0.9695,3.7031,3.5334,-1.5069,-9.2082,-5.6436,-4.3269,5.4259,-2.3643,-4.2484,-5.6227,-3.8967,-7.9293,-7.5127,-4.6696,-5.2091,-8.9311,-10.8822,-18.4622,-15.7544,-22.0548,-20.1059,-18.5134,-14.5592,-12.8250,-9.9176,-16.9807,-10.6082,-16.8960,-13.2095,-13.1530,-10.8558,-12.1535,-11.4494,-13.0513,-10.9245,-12.3095,-6.2815,-11.4002,-13.0451,-12.5127,-13.9875,-16.3985,-15.7126,-3.2205,-9.7787,-12.7302,-7.7736,-9.7605,-11.3590,-11.9910,-9.3636,-9.4358,-6.9605,-4.3597,-8.5437,-9.4172,2.3946,-10.8301,-11.4031,-7.6779,-11.1518,-11.4060,-14.5052,-11.8667,-0.6827,-0.1983,-1.0452,-2.5119,-8.2813,6.8597,-0.3376,0.3184,0.5620,5.0805,0.7949,1.1542,-5.5511,-7.8781,-9.3239,-10.1477,-10.5533,-11.0298,-7.5349,-8.9917,-2.6754,-7.6783,-5.5825,-6.4093,3.6936,-0.6904,-3.1996,-3.7958,-2.6611,-3.1598,-2.8177,-3.5822,-7.6012,-4.2283,-4.2713,-4.3086,-4.4098,-4.5027,-4.7899,-6.2866,-6.3045,-5.0220,-5.1308,-8.9759,-5.6158,-5.5547,-5.5611,-5.5948,-5.6252,-5.7788,-7.2088,-6.7938,-5.9279,-6.0096,-9.6848,-6.4602,-6.3788,-6.4093,-6.4574,-6.5081,-6.6524,-8.0033,-7.3169,-6.9037,-7.0008,-10.2963,-7.5048,-7.4631,-7.5346,-7.6209,-7.7064,-7.8920,-9.0626,-8.3517,-8.1697,-8.2627,-10.6864,-8.7108,-8.6670,-8.7290,-8.7837
45118.6666667,-19.8879,-16.0144,-10.6867,-5.9400,8.3860,-3.2959,-4.5520,-21.6417,-6.4332,-4.4759,-5.9833,-6.4802,-9.3545,-10.1015,-10.7519,-12.3321,-10.6502,-11.5898,-12.7539,-16.5725,-5.2575,-20.6368,-11.6581,-16.3070,-10.1461,0.0014,-16.5337,-20.7985,-10.9771,-19.9420,-16.6837,-19.2776,-14.1099,-6.8470,0.7936,-3.1861,8.4349,7.8777,-7.4424,12.4537,12.1803,10.4257,-4.5262,3.3023,21.6092,1.0211,-3.1961,-1.3172,-8.4197,-7.9237,-1.2763,-3.5837,-3.1012,-0.7500,-9.9472,-18.2124,-19.0252,-14.6099,5.2252,0.3509,-0.4039,-2.0582,-16.9354,-17.9144,-15.0785,-12.8634,-5.9198,-1.9822,-20.1389,-12.9042,-2.8705,-5.9778,-7.2826,-10.3349,-0.4772,6.8215,2.4934,1.3136,-6.7478,7.1591,28.6318,22.1810,12.4530,7.9630,0.8077,1.9678,8.5395,2.2500,9.1611,3.1170,8.3416,12.0838,11.5936,5.3596,-4.6168,-0.4711,0.6498,10.4623,2.8100,0.7873,-0.5943,1.2712,-3.2836,-4.6654,0.0775,0.3253,-2.6795,-4.2418,-11.6569,-10.4316,-15.5907,-13.6920,-13.9490,-10.6009,-10.1648,-5.2288,-10.9429,-6.0199,-14.2450,-12.1800,-10.0783,-8.8816,-11.7801,-9.5333,-10.3879,-7.9747,-9.2498,-3.2871,-7.9750,-10.1799,-10.8911,-13.0626,-16.2794,-16.4588,-3.3067,-9.0113,-10.8470,-6.6385,-7.2608,-8.8454,-10.6824,-9.8834,-10.2591,-6.6124,-3.8052,-7.1690,-9.3764,2.7782,-10.6401,-10.7153,-8.2699,-9.3611,-8.8483,-12.2898,-8.6762,1.3896,2.8502,2.6274,1.6193,-4.1421,10.1511,1.6018,3.9239,5.1620,10.1308,4.4097,5.7460,-2.7793,-4.5776,-6.0875,-6.3463,-7.3409,-8.4753,-6.0330,-9.0175,-1.2620,-4.9597,-3.1596,-3.5712,6.4727,2.6638,0.5330,0.1815,1.7858,1.3350,1.7993,1.2074,-1.8046,0.7956,0.7830,0.7504,0.6314,0.5116,0.1937,-1.0879,-1.1184,-0.0965,-0.2578,-3.2939,-0.8196,-0.8396,-0.9322,-1.0501,-1.1557,-1.3716,-2.6203,-2.3315,-1.6020,-1.7112,-4.5860,-2.1610,-2.1074,-2.1664,-2.2347,-2.2936,-2.4308,-3.5507,-3.0044,-2.5720,-2.6282,-5.1759,-3.0117,-2.9410,-2.9909,-3.0543,-3.1125,-3.2657,-4.2086,-3.6375,-3.4133,-3.4717,-5.4018,-3.8373,-3.7823,-3.8426,-3.8893
45118.7083333,-18.0085,-16.2783,-9.9938,-5.5834,7.3999,-0.7994,-1.2552,-16.2676,-1.8691,0.6013,-1.7504,-0.6875,-2.6829,-3.3727,-3.8877,-5.0675,-3.6094,-4.4846,-5.0882,-8.9959,-0.3783,-12.8353,-4.9440,-9.0563,-5.2521,5.0518,-9.8318,-13.1409,-6.2842,-14.1020,-13.8031,-17.7366,-15.1035,-8.7951,-2.3269,-5.8033,5.8582,6.4861,-7.0737,12.5228,13.3427,12.5333,0.6966,8.2677,27.3310,9.1682,5.8435,7.8708,1.4684,2.6285,7.7774,5.5885,5.8113,7.7617,-0.4277,-10.1501,-11.6545,-8.4670,9.9761,5.5136,4.7284,3.1576,-10.6418,-12.2489,-8.7577,-8.7352,-3.5357,-1.1031,-17.8742,-11.5820,-2.9838,-4.6484,-6.6662,-8.7892,0.2245,6.8690,3.5015,2.3553,-3.7010,10.3805,30.6514,25.1692,15.7751,11.4048,7.1270,8.2703,15.5970,10.4999,17.4853,11.3194,16.4619,21.7395,21.8087,16.0914,5.8955,10.1472,11.3593,19.5765,12.9979,10.8054,9.5399,11.7224,5.5538,4.3373,8.3335,8.6833,5.4483,3.7221,-3.1445,-2.8202,-7.2277,-6.0920,-6.7640,-4.0134,-4.3014,0.1654,-4.3384,-0.2915,-8.0047,-6.7280,-4.1283,-3.8302,-7.0199,-5.2663,-7.3103,-4.5437,-4.9618,0.9744,-2.6827,-4.1437,-5.1901,-6.7307,-10.3737,-11.5642,-0.8517,-6.2124,-7.6790,-4.1916,-4.2217,-5.5782,-7.6203,-6.5033,-6.6095,-3.3787,-1.3560,-4.1300,-6.1708,3.9636,-7.9697,-7.9279,-6.6708,-7.7206,-6.9891,-10.2322,-5.3513,1.5508,3.8776,3.4434,3.5692,-0.4758,13.1066,5.7044,7.7438,9.6382,13.9891,7.3092,10.3398,2.2983,1.1357,-0.1143,-0.6458,-1.4222,-2.8410,-1.1595,-3.9047,2.7696,-0.4339,0.7811,0.3257,9.4271,5.8626,3.7610,3.4904,5.2799,4.4125,5.6505,5.3853,3.2627,5.5508,5.8277,6.0858,6.2473,6.3978,6.3241,5.4274,5.6270,6.7198,6.7489,4.4673,6.4992,6.5915,6.5843,6.5281,6.4647,6.2655,5.1604,5.3771,6.0445,5.9282,3.5954,5.4466,5.4720,5.3740,5.2630,5.1599,4.9722,3.9308,4.3076,4.7086,4.6290,2.5331,4.2073,4.2632,4.1949,4.1155,4.0448,3.8761,3.0423,3.4825,3.7279,3.6840,2.0705,3.3487,3.4276,3.3842,3.3494
45118.7500000,-11.5225,-11.7564,-5.8103,-3.3378,7.8243,1.3629,0.6994,-12.8385,-0.7355,1.9699,-0.5888,1.0343,-0.5857,-0.6576,-0.7053,-1.1420,0.8519,0.7166,0.3707,-3.0049,4.1047,-6.0277,0.5156,-2.4047,-0.0323,9.9397,-3.5604,-6.4094,-1.5192,-8.0506,-9.1274,-13.0098,-11.7072,-6.4000,-1.4960,-4.9901,4.8407,5.8528,-6.2276,11.6881,12.5736,11.8154,1.9759,8.7683,28.0394,12.1916,9.4978,12.0331,6.3237,7.8998,12.8069,11.9102,12.7390,14.6640,6.2069,-1.4270,-2.8203,-0.4278,15.9266,11.7437,10.8896,9.1899,-3.1677,-5.0607,-1.8894,-2.7409,1.7849,2.8261,-13.3541,-9.0310,-2.3031,-3.6121,-6.0232,-7.2938,0.5420,6.5594,4.0222,2.9743,-1.9314,11.3483,29.9471,25.0165,15.5882,11.0931,8.8010,9.5065,17.1358,12.6266,19.4664,12.5973,18.6091,24.8832,25.6141,20.7876,10.0474,14.8200,16.8667,23.4163,18.4195,16.2357,15.4918,19.6661,12.4810,11.5928,15.4009,16.5546,13.0969,11.7744,5.1833,5.5954,0.9361,1.2735,0.5547,2.3575,1.8871,5.2961,1.8136,5.2130,-1.7656,-1.0754,0.6685,1.2978,-1.8699,-0.4055,-2.7449,-0.3259,-0.4831,4.7927,1.3423,-0.2780,-1.2392,-2.2681,-5.1866,-6.4852,2.5022,-2.1711,-3.3309,-0.5557,-0.5970,-1.9616,-4.1727,-3.6813,-3.7117,-0.9580,0.7052,-1.8421,-3.4077,5.1378,-5.0030,-4.8974,-4.2618,-5.1256,-4.6660,-8.0861,-3.0259,1.6360,3.5563,3.0230,3.1672,0.5543,13.1532,6.1930,7.8192,10.5868,14.3080,7.6058,11.8745,4.6956,4.5292,3.7860,2.7264,2.7878,2.1119,3.5218,1.5727,7.1757,4.2947,5.1305,4.5380,13.0604,9.4195,6.9976,6.6938,8.6423,7.0133,8.8539,8.5617,6.8379,8.5867,8.7935,8.9984,9.1267,9.2634,9.2014,8.4733,8.7240,9.7637,9.9042,8.2194,9.9472,10.1924,10.3513,10.4691,10.5823,10.5607,9.7601,10.0829,10.8370,10.8800,9.1378,10.6938,10.8318,10.8364,10.8141,10.7853,10.6589,9.7860,10.0952,10.4966,10.4390,8.7399,10.0480,10.0960,10.0184,9.9253,9.8367,9.6483,8.8984,9.2091,9.4225,9.3580,7.9837,8.9911,9.0483,8.9890,8.9414
45118.7916667,-3.1992,-4.7022,0.2068,1.2853,10.6124,4.6369,3.8298,-8.0545,1.5532,3.6809,1.1397,2.4732,0.6339,1.0302,1.0436,0.6794,2.6074,2.5089,2.1489,-0.2828,5.8796,-2.5851,2.4796,0.8649,2.6863,12.3182,0.1303,-1.9910,2.0865,-3.2369,-4.8175,-8.6326,-8.1775,-3.6037,0.2256,-2.9639,5.1191,6.1533,-4.4323,11.2863,11.9744,11.2022,2.8913,8.6738,27.1066,12.9306,10.1822,12.6231,7.2947,8.5867,13.2164,13.3580,14.8121,16.6915,7.8204,3.4732,2.4701,4.5557,19.4207,15.4616,14.7831,13.2716,3.2145,1.3801,4.0543,2.9162,6.8789,7.0757,-7.7086,-5.0233,-0.0777,-1.5651,-4.3024,-5.2603,0.8089,5.6879,3.3487,2.6289,-1.4167,10.3289,27.3208,22.9358,13.9397,9.5520,8.5709,9.2306,16.8834,12.7946,19.2673,11.7165,18.5226,24.8155,25.7541,21.3479,10.3292,14.8329,17.2774,22.0022,18.4414,16.1823,15.7780,21.6764,14.4005,14.0369,18.2906,20.0202,16.4455,16.1118,10.2968,12.3071,7.2513,7.2167,6.8056,7.5307,7.3084,9.0880,6.8960,9.9853,4.0887,4.3594,4.5173,5.6860,2.8755,4.1105,1.7755,3.5051,3.3929,7.9142,4.6458,2.7074,2.1032,1.1849,-1.1689,-2.4609,4.8245,0.9023,-0.0010,2.2958,2.0534,1.0063,-0.9193,-0.7374,-0.8933,1.2081,2.5614,0.1514,-1.0970,5.5741,-2.6717,-2.6725,-2.4856,-3.1587,-2.7459,-5.9716,-1.5239,1.7797,3.3104,2.6310,2.7567,0.9606,12.1241,5.7343,6.8173,9.6650,12.5530,6.3743,10.8513,4.6306,5.1164,4.8047,3.3233,4.2359,4.6048,6.1793,4.7649,9.3735,6.8199,7.5293,6.9093,15.1749,11.4028,8.6479,8.4374,10.6955,8.3121,10.8671,10.6288,9.3009,10.6563,10.8299,10.9974,11.0919,11.1891,11.1044,10.4774,10.6652,11.5052,11.6014,10.2700,11.5904,11.7858,11.9110,12.0064,12.1057,12.0927,11.4468,11.7346,12.4179,12.5092,11.2073,12.4817,12.6840,12.7757,12.8498,12.9226,12.9107,12.2826,12.6157,13.0682,13.1187,11.8629,12.9612,13.0879,13.0961,13.0829,13.0654,12.9496,12.3678,12.6351,12.8530,12.8180,11.7147,12.5144,12.5675,12.5124,12.4638
45118.8333333,5.0759,3.9430,7.8195,8.7366,17.4225,11.0482,10.6635,-0.1969,7.3580,8.4964,6.3025,6.9302,4.5503,4.9287,4.6168,3.9179,5.3901,4.9317,4.0113,1.9205,7.4105,0.0962,3.7311,2.7685,4.2753,13.5818,2.7587,0.9282,4.5561,0.0540,-1.3065,-4.5584,-4.3707,-0.2960,2.8948,0.0389,6.8533,7.7800,-1.3912,12.2441,12.8287,11.9270,4.9652,9.8817,27.2165,14.2726,11.1174,13.2196,7.9710,8.7818,13.0549,13.8498,15.5050,17.1643,8.0730,6.5300,5.7222,7.6173,21.1608,17.1474,16.6323,15.1187,7.3489,5.9837,8.0600,7.3595,11.2488,11.3644,-2.0024,-0.3464,3.4918,2.2163,-0.4086,-1.8312,2.6897,6.9084,4.6303,4.1409,0.6310,10.9937,26.1113,22.2809,13.5389,9.2811,9.1911,9.4119,16.7842,12.9162,19.0040,11.0582,18.5798,24.5336,25.5699,21.5929,10.3085,14.4239,16.8640,20.0565,17.7115,15.3735,15.2737,22.1688,15.6085,15.4531,20.1400,21.9963,18.0031,18.3335,12.6334,16.3872,10.7730,10.6208,10.9773,10.8489,11.4000,11.9703,10.9719,14.1793,9.6719,9.8344,7.8518,10.1482,7.5483,8.7511,7.0844,8.3657,7.9217,11.7266,8.2178,5.6357,5.4281,4.6293,2.8462,1.7761,7.7323,4.1904,3.3784,5.3487,4.6608,3.7758,2.1620,2.3777,2.0810,3.5220,4.8346,2.4375,1.5458,7.0250,0.3931,0.3153,0.1759,-0.7458,-0.6846,-3.6100,0.0779,2.5815,4.0128,3.3345,3.4847,2.1664,12.0174,6.5155,7.1579,9.8728,12.0590,6.6923,10.8380,5.3435,5.9088,5.3979,3.3711,4.5456,5.6111,7.4084,6.4488,10.0641,7.8110,8.4574,7.8549,16.0424,12.2815,9.3474,9.3092,11.9455,9.0253,12.2336,12.1391,11.2309,12.3458,12.5730,12.7888,12.9367,13.0770,13.0553,12.5980,12.7808,13.4811,13.5930,12.6069,13.6275,13.8093,13.9308,14.0241,14.1157,14.1076,13.5927,13.8092,14.3575,14.4348,13.4424,14.4083,14.5803,14.6645,14.7362,14.8086,14.8111,14.3259,14.5951,14.9907,15.0671,14.1395,15.0143,15.1704,15.2350,15.2854,15.3343,15.3017,14.9019,15.1633,15.4091,15.4480,14.6488,15.3203,15.4278,15.4425,15.4500
45118.8750000,11.9904,11.6721,14.3523,15.2737,23.7354,16.1411,16.8160,7.2747,13.8081,13.7767,12.5394,12.8541,10.0540,11.0911,10.8747,9.8739,10.8951,9.9732,8.1535,6.2778,11.0036,4.2364,6.4298,5.9060,6.9040,15.4555,5.5831,3.8431,7.1451,3.1348,2.0677,-0.8046,-0.7382,2.8704,5.6972,3.2641,9.2097,10.1813,2.2172,14.1021,14.7407,13.5767,7.7343,11.8907,28.2886,16.8871,13.3415,15.0025,9.8786,10.0703,13.8807,15.1229,16.7242,18.0085,8.7367,9.5454,8.6884,10.2207,22.3833,18.2491,17.8750,16.3617,10.6278,9.6705,11.0004,10.7735,14.6659,14.9548,3.1769,4.2202,7.3382,6.3215,3.8664,2.3704,5.3945,9.5265,7.4372,7.1175,3.9983,13.0560,26.2716,22.9632,14.3758,10.2591,11.1583,11.0530,18.2389,14.6289,20.2919,12.0058,20.0878,25.5590,26.4948,23.0124,11.4768,15.2729,17.5212,19.2506,17.8302,15.4192,15.5583,23.0793,17.0184,16.9668,22.0037,23.8653,19.4749,20.4631,14.7219,19.8647,13.1787,12.6653,13.5213,12.4843,13.6816,13.1791,13.1240,16.6044,13.3790,13.6680,9.8099,13.7197,11.4413,13.0296,12.5159,13.7414,13.0089,16.3318,12.3523,8.9342,9.3316,8.7377,7.4838,6.6435,11.6413,8.2953,7.3732,8.9998,7.5730,6.9216,5.5767,5.8789,5.2672,6.0657,7.4594,4.8514,4.3910,9.1172,3.6855,3.4383,3.2985,2.3870,2.2398,-0.3172,2.2882,4.1561,5.5103,4.6827,4.7145,3.8418,12.6236,7.8977,8.0827,10.5878,12.1057,7.5184,11.5105,6.7345,7.6660,6.9936,4.4866,5.6305,7.0342,8.7795,7.9693,10.4777,8.3398,8.8221,8.1485,16.1106,12.2675,9.1763,9.2566,12.1552,8.7954,12.4925,12.5435,12.0315,13.0040,13.3376,13.6632,13.9352,14.1949,14.3203,14.1074,14.3640,15.0093,15.2141,14.5980,15.4464,15.6854,15.8741,16.0346,16.1855,16.2487,15.9198,16.1268,16.5887,16.6971,16.0080,16.7520,16.9233,17.0269,17.1180,17.2052,17.2319,16.8853,17.0938,17.4086,17.4848,16.8138,17.4675,17.6063,17.6784,17.7405,17.8010,17.7970,17.5159,17.7248,17.9354,17.9929,17.4256,17.9472,18.0661,18.1166,18.1534
45118.9166667,16.5920,17.6419,19.1411,20.2190,28.7549,19.3940,21.0540,12.3785,18.0566,16.5913,16.2819,16.1954,12.6999,15.0402,15.3819,14.4629,15.6758,14.6876,11.9396,10.7384,15.3604,8.8119,9.7035,9.7945,10.2827,18.0596,8.6259,6.6452,9.6266,5.6560,4.8953,2.2480,2.1166,5.0219,7.4010,5.1261,10.2356,11.1907,4.1477,14.6622,15.3321,13.8331,8.9262,12.4575,28.0758,18.1479,14.2835,15.7189,10.8243,10.5659,14.0884,15.7472,17.2806,18.1912,8.7523,11.7298,10.7708,11.9186,22.6748,18.1819,17.7075,16.0258,11.9924,11.4282,12.0362,12.2749,16.1746,16.7478,6.7519,7.6700,10.4404,9.8326,7.4880,5.7062,7.4039,11.7992,9.7668,9.6525,6.7622,14.5977,25.9034,22.8465,14.2222,10.1142,11.7729,11.2941,18.2925,14.8376,20.1145,11.4882,20.0518,25.1149,25.9721,22.9955,11.2638,14.9069,17.0317,17.6127,16.8913,14.4559,14.7823,22.7767,17.0636,17.1217,22.4745,24.3175,19.5424,21.2111,15.4679,22.0660,14.3249,13.5716,14.8761,13.0705,14.7798,13.4069,13.9687,17.5988,15.2748,15.5197,9.8793,15.0449,12.9302,14.9555,15.8118,17.2241,16.2625,19.3245,14.7656,10.4581,11.6356,11.4388,10.8911,10.5326,15.1517,11.9605,10.9339,12.3454,9.9670,9.5149,8.3990,8.8983,7.8294,8.0165,9.5976,6.5055,6.4660,10.8752,6.2953,5.7963,5.7244,4.7793,4.5896,2.6954,4.1269,5.6458,7.0115,5.9373,5.7050,5.0821,13.0550,8.8424,8.5302,10.7792,11.6905,7.6518,11.4713,7.1962,8.5050,7.7300,4.8367,6.0874,7.9494,9.7154,8.9876,10.5190,8.4083,8.6881,7.8804,15.4978,11.5167,8.2986,8.3800,11.3276,7.6994,11.4840,11.5057,11.1704,11.9061,12.1934,12.4837,12.7445,13.0053,13.1784,13.1167,13.3973,13.9626,14.2187,13.8905,14.6142,14.9048,15.1610,15.3979,15.6277,15.7939,15.6769,15.9400,16.3820,16.5675,16.1766,16.8063,17.0217,17.1838,17.3319,17.4722,17.5645,17.3845,17.5964,17.8797,17.9882,17.5569,18.0692,18.2098,18.2995,18.3789,18.4546,18.4818,18.3081,18.4826,18.6566,18.7198,18.3341,18.7257,18.8284,18.8804,18.9178
45118.9583333,18.4031,21.1292,21.7549,23.2778,32.4076,21.2590,24.1137,16.1558,21.3742,18.5586,19.1515,18.6843,14.3536,17.8529,18.7276,17.7752,19.2544,18.2108,14.3957,13.9391,19.0683,12.5019,12.3229,13.3906,13.6658,21.3391,12.1505,9.8851,12.9958,8.7777,8.4160,5.8368,5.4035,7.4761,9.3595,7.0081,11.3240,12.1214,5.5981,14.9862,15.6221,13.7869,9.5977,12.5972,27.4579,18.6595,14.4046,15.6858,10.8946,10.3093,13.6461,15.6758,17.2147,17.8772,8.3667,13.2240,12.2175,13.1066,22.7759,18.0158,17.4702,15.6434,12.9335,12.6478,12.5419,13.0841,16.8693,17.5775,8.7472,9.7622,12.5635,12.5980,10.4271,8.2516,8.8778,13.8888,11.9320,12.1639,9.4870,16.4068,26.1165,23.3018,14.6426,10.5135,12.7639,11.9301,18.7420,15.3386,20.2185,11.2907,20.0968,24.7044,25.3809,22.7021,10.7635,14.1615,16.1111,15.8734,15.6146,13.1757,13.5855,21.8280,16.2375,16.3917,22.0154,23.8756,18.8230,21.0780,15.2865,23.1901,14.4626,13.5439,15.2605,12.9122,15.0572,13.0962,14.1351,17.9743,16.4122,16.6578,9.6262,15.6714,13.5962,15.9462,18.0132,19.5248,18.2156,21.0985,15.8830,10.7388,12.5243,12.6562,12.7545,12.9559,17.6517,14.6667,13.6776,15.1754,11.8609,11.6900,10.8211,11.7057,10.1518,9.8467,11.7636,8.0143,8.3411,12.7963,8.8191,8.0253,8.0450,6.9057,6.6474,5.4390,5.6694,7.0974,8.6256,7.3008,6.7730,6.3412,13.8817,10.0619,9.3291,11.4045,11.8366,8.1836,11.8362,7.8515,9.3634,8.3503,5.0082,6.2206,8.4219,10.2299,9.5739,10.3526,8.2837,8.4369,7.5611,14.8850,10.8687,7.6506,7.7366,10.6560,6.9694,10.6872,10.6784,10.4482,10.9856,11.2024,11.4219,11.6210,11.8215,11.9606,11.9328,12.1529,12.5811,12.7919,12.5870,13.1405,13.3894,13.6189,13.8398,14.0609,14.2415,14.2236,14.4826,14.8751,15.0885,14.8916,15.4293,15.6739,15.8826,16.0828,16.2785,16.4400,16.4055,16.6507,16.9464,17.1153,16.8944,17.3466,17.5306,17.6750,17.8086,17.9359,18.0247,17.9654,18.1515,18.3340,18.4338,18.2076,18.5345,18.6514,18.7272,18.7823
45119.0000000,18.1069,22.2940,22.1543,24.0946,33.9065,21.0696,25.0550,17.9319,22.9936,19.0128,20.4985,19.8243,14.8584,19.5998,21.1201,20.2129,22.0619,20.9599,16.0368,16.2151,22.0065,15.1481,13.9991,16.0576,16.1867,24.0746,14.9151,12.3811,16.1133,11.6483,12.1333,9.7335,9.2195,10.5120,11.9669,9.4299,13.0376,13.6111,7.3326,15.7424,16.2470,14.0434,10.3673,12.8689,26.9409,19.0220,14.3428,15.4942,10.7266,9.8680,12.9913,15.2379,16.7276,17.1555,7.6947,14.0102,12.9547,13.6262,22.4013,17.4573,16.8949,15.0087,13.4092,13.4157,12.7443,13.5775,17.3027,18.0839,9.8190,10.8398,13.7141,14.3592,12.3322,9.8195,9.5748,15.3384,13.4900,14.1279,11.6165,17.8177,26.1546,23.5721,14.8805,10.7460,13.5477,12.4734,19.2469,15.9198,20.5296,11.3801,20.4099,24.6227,25.1380,22.7185,10.6526,13.8320,15.5998,14.7414,14.7703,12.3373,12.7504,21.0002,15.3137,15.4728,21.1845,22.9852,17.7103,20.4181,14.5950,23.5196,13.9665,12.9327,14.9268,12.2065,14.6333,12.2852,13.6406,17.6301,16.6731,16.9514,9.0189,15.6602,13.6490,16.3087,19.4575,21.0997,19.4449,22.1800,16.3301,10.5422,12.7301,13.0783,13.6499,14.2997,19.1716,16.3024,15.3426,17.0272,12.8327,12.9777,12.3860,13.7764,11.7846,11.1422,13.5330,9.1335,9.8678,14.6212,11.0722,9.9854,10.1961,8.9037,8.6355,8.1186,7.1203,8.5708,10.3141,8.6778,7.8392,7.5491,14.9150,11.3544,10.2211,12.1720,12.1955,8.8026,12.3829,8.5991,10.3595,9.1384,5.3859,6.5712,8.9907,10.7738,10.1010,10.2347,8.1658,8.1974,7.2593,14.2671,10.2461,7.0777,7.1529,9.9812,6.3375,9.9141,9.8846,9.7322,10.1317,10.3039,10.4794,10.6416,10.8054,10.9258,10.9266,11.1046,11.4321,11.6041,11.4776,11.8944,12.0937,12.2795,12.4597,12.6408,12.7937,12.8054,13.0165,13.3253,13.5081,13.3988,13.8179,14.0305,14.2204,14.4073,14.5943,14.7600,14.7883,15.0198,15.2908,15.4741,15.3806,15.7714,15.9730,16.1482,16.3174,16.4834,16.6226,16.6561,16.8652,17.0716,17.2183,17.1303,17.4363,17.5901,17.7089,17.7968
45119.0416667,17.8184,23.1030,22.1897,24.3932,34.7633,20.3997,25.1421,18.4785,23.2754,18.2550,20.3847,19.4666,13.9790,19.6231,21.7994,21.0502,23.4539,22.4599,16.5982,17.4384,24.0820,16.8467,14.8969,17.9121,17.9494,26.2342,16.9119,14.0332,18.5210,13.6730,15.1930,13.0548,12.7163,13.3805,14.6158,11.9213,15.0500,15.4940,9.2886,16.8618,17.2632,14.7160,11.4303,13.5063,26.8131,19.5280,14.3915,15.2764,10.5028,9.4449,12.3631,14.7262,16.1329,16.3457,7.0471,14.3742,13.2159,13.6751,21.6575,16.5613,15.9648,14.0327,13.2950,13.5453,12.4116,13.4952,17.2171,18.0819,10.2621,11.2855,14.2490,15.4370,13.4826,10.5298,9.6166,16.0698,14.2978,15.3649,12.9876,18.6296,25.7988,23.4252,14.7096,10.5502,13.7936,12.5253,19.3020,16.0431,20.4514,11.1398,20.3771,24.2918,24.7046,22.5430,10.4209,13.4527,15.0996,13.8159,14.0641,11.6840,12.1076,20.3045,14.2832,14.4621,20.1932,21.9366,16.5383,19.4671,13.6533,23.3047,13.1060,11.9851,14.1406,11.2092,13.7801,11.2176,12.7436,16.7913,16.2940,16.5891,8.1408,15.0427,13.0912,15.9786,20.0628,21.8676,19.9245,22.5804,16.2029,10.0061,12.4465,12.9557,13.8895,14.9130,20.0101,17.1913,16.2214,18.0772,13.0841,13.4570,13.0685,14.9359,12.5406,11.6446,14.5153,9.5302,10.6354,15.8375,12.6183,11.2813,11.7570,10.3860,10.2232,10.4905,8.3216,9.9177,11.9716,10.0174,8.8181,8.6515,16.0750,12.6636,11.1673,13.0496,12.7336,9.4963,13.0566,9.3665,11.3585,9.9248,5.7686,6.8577,9.5160,11.3248,10.6439,10.2636,8.1927,8.1291,7.1422,13.8508,9.8513,6.7544,6.8054,9.5053,5.9545,9.3330,9.2641,9.1405,9.4139,9.5270,9.6449,9.7556,9.8702,9.9562,9.9589,10.0908,10.3322,10.4648,10.3856,10.6974,10.8556,11.0058,11.1536,11.3034,11.4342,11.4647,11.6385,11.8830,12.0380,11.9840,12.3087,12.4863,12.6481,12.8084,12.9693,13.1157,13.1643,13.3591,13.5832,13.7459,13.7115,14.0249,14.2048,14.3675,14.5278,14.6876,14.8304,14.8992,15.0956,15.2922,15.4479,15.4374,15.7100,15.8745,16.0120,16.1158
45119.0833333,17.3783,23.5931,22.1108,24.5958,35.5632,19.9690,25.3537,19.1326,23.7369,17.8953,20.4889,19.3193,13.4072,19.5443,22.0931,21.2823,23.9999,22.9786,16.2633,17.5871,25.0996,17.4826,14.9183,18.8266,18.8708,27.7671,18.2325,15.0542,20.4177,15.1410,17.7672,15.9024,15.8451,15.9422,17.0898,14.2371,17.0925,17.5310,11.2751,18.2771,18.6560,15.8186,12.8592,14.6297,27.3334,20.5724,14.9767,15.5505,10.6981,9.4789,12.2004,14.5954,15.8874,15.9034,6.8064,14.8359,13.5485,13.8184,21.1136,15.9074,15.2677,13.2962,13.1971,13.6171,12.0819,13.3240,16.9831,17.8545,10.2722,11.3028,14.3862,16.0995,14.2172,10.8181,9.4268,16.4599,14.7522,16.2554,14.0101,19.2456,25.4473,23.2809,14.5731,10.4085,13.9900,12.5676,19.3578,16.1590,20.4055,10.9855,20.3789,24.0494,24.3807,22.4351,10.2846,13.1847,14.7328,13.1654,13.5706,11.2559,11.6817,19.7777,13.4939,13.6721,19.3516,21.0325,15.5869,18.6025,12.8186,22.9294,12.2616,11.0664,13.2967,10.2825,12.8920,10.2485,11.8388,15.8676,15.7206,16.0221,7.3610,14.2542,12.3563,15.3654,20.2021,22.1492,19.9522,22.5645,15.7745,9.3688,11.9301,12.5472,13.7462,15.0774,20.4251,17.6516,16.6823,18.7154,13.0629,13.6003,13.3540,15.6268,12.8778,11.7813,15.0490,9.5706,10.9328,16.5879,13.6119,12.0574,12.7858,11.3385,11.3126,12.3829,9.1489,10.9689,13.4149,11.1652,9.6649,9.6277,17.3171,14.0165,12.2112,14.1019,13.5218,10.3743,13.9966,10.3290,12.5647,10.9104,6.3206,7.3505,10.2046,12.0366,11.3275,10.5281,8.4440,8.3088,7.2851,13.7671,9.8084,6.7822,6.8192,9.4158,5.9611,9.1766,9.0828,8.9798,9.1617,9.2295,9.3011,9.3681,9.4382,9.4882,9.4789,9.5629,9.7268,9.8141,9.7503,9.9680,10.0777,10.1833,10.2888,10.3974,10.4941,10.5203,10.6509,10.8345,10.9560,10.9289,11.1749,11.3177,11.4508,11.5841,11.7193,11.8451,11.9017,12.0639,12.2485,12.3900,12.3904,12.6409,12.7967,12.9409,13.0839,13.2272,13.3585,13.4373,13.6080,13.7799,13.9232,13.9477,14.1758,14.3273,14.4581,14.5581
45119.1250000,17.7195,24.6438,22.6256,25.3104,36.8079,20.1258,25.9728,20.0691,24.5010,17.9755,20.9226,19.5470,13.3347,19.7228,22.6000,21.7449,24.7168,23.6118,16.1547,17.7259,25.9241,17.8844,14.7878,19.3395,19.3453,28.8331,19.0229,15.5452,21.7795,16.0674,19.8412,18.2920,18.6409,18.2411,19.4064,16.3835,19.1097,19.6194,13.1880,19.8834,20.2985,17.1970,14.5093,16.0878,28.4261,22.1860,16.1534,16.4510,11.4881,10.1307,12.7126,15.1331,16.3186,16.1603,7.1907,15.8121,14.3706,14.4630,21.1624,15.8606,15.1698,13.1569,13.5385,14.0787,12.1894,13.5275,17.0762,17.8733,10.2016,11.1572,14.3256,16.5073,14.6938,10.8997,9.1799,16.6872,15.0550,16.9904,14.8828,19.8387,25.2453,23.2900,14.6138,10.4685,14.3344,12.8021,19.6432,16.5090,20.6464,11.1426,20.6917,24.1706,24.4447,22.6883,10.4998,13.2976,14.7659,12.9989,13.5147,11.2540,11.6724,19.6489,13.3466,13.4917,19.0666,20.6607,15.1872,18.2036,12.4255,22.7748,11.7483,10.4705,12.7020,9.6761,12.2519,9.6026,11.1889,15.1438,15.2581,15.5598,6.8786,13.6142,11.7699,14.8203,20.2370,22.2958,19.8705,22.4490,15.3430,8.8659,11.4493,12.1203,13.4914,15.0534,20.6302,17.8922,16.9289,19.1349,12.9572,13.6212,13.4869,16.1059,13.0706,11.8313,15.4222,9.5618,11.0974,17.1593,14.3606,12.6184,13.5597,12.0110,12.0868,13.8808,9.6989,11.7522,14.6070,12.0794,10.3690,10.4510,18.5480,15.3379,13.2641,15.2280,14.4429,11.3353,15.1155,11.4264,13.9692,12.1167,7.0589,8.1553,11.2347,13.1145,12.3642,11.2036,9.0764,8.8793,7.8073,14.1614,10.2196,7.2160,7.2415,9.7836,6.3654,9.4926,9.3796,9.2907,9.4071,9.4427,9.4817,9.5180,9.5569,9.5817,9.5637,9.6133,9.7216,9.7755,9.7208,9.8689,9.9405,10.0099,10.0796,10.1522,10.2164,10.2301,10.3196,10.4485,10.5339,10.5129,10.6892,10.7929,10.8910,10.9904,11.0923,11.1886,11.2358,11.3604,11.5030,11.6161,11.6288,11.8225,11.9502,12.0709,12.1919,12.3143,12.4291,12.5067,12.6515,12.7985,12.9258,12.9681,13.1574,13.2924,13.4119,13.5042
45119.1666667,17.7534,25.2816,22.8453,25.7086,37.7129,20.0689,26.3698,20.8129,25.2137,18.1286,21.3976,19.8901,13.4786,20.0317,23.1680,22.2551,25.4279,24.2321,16.1691,17.9378,26.6893,18.2417,14.7375,19.7653,19.7078,29.6631,19.5243,15.7717,22.7275,16.5717,21.3485,20.0423,20.8028,19.9381,21.1673,17.9754,20.6668,21.2998,14.6219,21.1724,21.6366,18.2659,15.7874,17.2418,29.4293,23.7875,17.3625,17.3944,12.3608,10.8718,13.3869,15.8816,17.0027,16.6920,7.7319,17.0140,15.4295,15.3434,21.5101,16.1033,15.3612,13.3116,14.0844,14.7241,12.5288,13.9448,17.4016,18.0858,10.2618,11.0683,14.2132,16.7028,14.8912,10.7813,8.8136,16.6232,15.0342,17.3058,15.2700,19.9516,24.6311,22.8420,14.2039,10.0900,14.1849,12.5963,19.5133,16.4571,20.5388,10.9886,20.7031,24.0454,24.3028,22.7628,10.5642,13.3370,14.7664,12.8334,13.4416,11.2369,11.6710,19.5786,13.1100,13.2724,18.7849,20.3396,14.9003,17.9245,12.2586,22.8066,11.5428,10.2150,12.3874,9.3616,11.8497,9.2067,10.7399,14.5578,14.8298,15.1047,6.5284,13.0423,11.2507,14.2844,20.1039,22.2413,19.6190,22.1447,14.8159,8.3828,10.9434,11.6483,13.1244,14.8356,20.5671,17.8487,16.8859,19.2318,12.6517,13.4168,13.3762,16.2646,13.0028,11.6688,15.5027,9.3823,11.0452,17.4194,14.7355,12.8314,13.9680,12.3754,12.5603,14.9913,9.9766,12.2108,15.4211,12.6151,10.6956,10.8872,19.4230,16.2433,13.9157,15.9668,14.9974,11.8910,15.9046,12.1895,15.1447,13.1671,7.6631,8.7952,12.2127,14.2277,13.4688,11.9903,9.7980,9.5603,8.4347,14.7623,10.7801,7.7310,7.7453,10.2832,6.8152,9.9341,9.7989,9.7143,9.7778,9.7847,9.7954,9.8051,9.8179,9.8214,9.7951,9.8179,9.8833,9.9107,9.8609,9.9567,9.9986,10.0395,10.0814,10.1259,10.1651,10.1686,10.2268,10.3139,10.3704,10.3513,10.4738,10.5452,10.6131,10.6827,10.7547,10.8233,10.8575,10.9476,11.0512,11.1346,11.1468,11.2892,11.3854,11.4775,11.5709,11.6661,11.7570,11.8223,11.9366,12.0535,12.1575,12.2016,12.3517,12.4639,12.5648,12.6431
45119.2083333,17.1213,25.2219,22.5362,25.6338,38.1993,19.7778,26.4805,21.2858,25.6859,18.1428,21.6801,20.0613,13.4776,20.1537,23.5522,22.6371,26.0542,24.8209,16.2643,18.1869,27.4737,18.6544,14.8243,20.2282,20.1182,30.5337,20.0594,16.0271,23.5727,16.9526,22.5779,21.4636,22.5830,21.2530,22.5480,19.1444,21.8451,22.6017,15.6010,22.1904,22.7337,19.1133,16.8037,18.1928,30.3558,25.2141,18.3678,18.2173,13.0556,11.4606,13.9931,16.6067,17.7160,17.3036,8.2386,18.2621,16.5540,16.3402,22.1045,16.5929,15.8040,13.7057,14.7997,15.5262,13.0410,14.5239,17.9049,18.4675,10.4332,11.1193,14.2572,17.0177,15.1791,10.6837,8.5613,16.5561,14.9750,17.5503,15.5837,20.0680,24.1422,22.4964,13.9113,9.8342,14.0434,12.3734,19.2880,16.2661,20.2618,10.6840,20.4827,23.7062,23.9437,22.5689,10.3567,13.0964,14.5042,12.4845,13.1729,11.0273,11.4815,19.3297,13.1137,13.2562,18.6802,20.1695,14.7402,17.7028,12.0821,22.7832,11.3579,10.0297,12.1839,9.2024,11.6407,9.0419,10.5404,14.2515,14.6516,14.8985,6.4180,12.6891,10.9219,13.8886,19.9932,22.1579,19.3430,21.8145,14.3270,7.9820,10.4666,11.1667,12.6945,14.5116,20.3725,17.6687,16.7002,19.1523,12.2774,13.0913,13.1055,16.1997,12.7725,11.3774,15.3859,9.0982,10.8272,17.4605,14.8773,12.8534,14.1319,12.4678,12.7303,15.7154,10.0302,12.4358,15.9836,12.9503,10.8893,11.1494,20.1258,16.9460,14.4018,16.5561,15.4441,12.3124,16.5379,12.7415,16.0457,13.9193,7.9705,9.2304,12.9853,15.1764,14.4302,12.6932,10.4340,10.1815,9.0101,15.4382,11.4008,8.2751,8.2943,10.8921,7.3302,10.5145,10.3675,10.2888,10.3158,10.3017,10.2896,10.2765,10.2654,10.2472,10.2075,10.2036,10.2316,10.2330,10.1793,10.2314,10.2461,10.2609,10.2775,10.2967,10.3128,10.3036,10.3347,10.3879,10.4200,10.3981,10.4789,10.5240,10.5674,10.6126,10.6601,10.7055,10.7264,10.7881,10.8607,10.9193,10.9269,11.0288,11.0986,11.1660,11.2348,11.3055,11.3735,11.4233,11.5091,11.5977,11.6777,11.7149,11.8291,11.9170,11.9970,12.0597
45119.2500000,16.2245,24.6294,21.6696,24.8573,37.7824,18.7208,25.7021,20.9747,25.4338,17.5424,21.3319,19.6897,13.0862,19.8534,23.5238,22.6593,26.3059,25.0630,16.1398,18.2541,27.9871,18.8628,14.8157,20.5427,20.3986,31.1837,20.4031,16.2238,24.3119,17.3296,23.7169,22.7540,24.1930,22.3643,23.6795,20.0364,22.7092,23.5533,16.2483,22.8512,23.4311,19.5420,17.3714,18.7164,30.9214,26.3177,19.0924,18.8086,13.5536,11.8502,14.4017,17.1231,18.2183,17.6986,8.4868,19.3499,17.5614,17.2330,22.6216,16.9625,16.1254,13.9934,15.4521,16.3315,13.6102,15.1943,18.5241,18.9600,10.7429,11.2929,14.3578,17.3118,15.4430,10.6754,8.4155,16.4661,14.8630,17.6518,15.7080,19.9402,23.3983,21.8201,13.2909,9.2800,13.5932,11.9218,18.8445,15.8870,19.8187,10.2690,20.0887,23.1806,23.3866,22.1769,10.0267,12.7343,14.0878,11.9613,12.6714,10.5714,11.0352,18.7931,12.7966,12.9575,18.3220,19.7795,14.4077,17.3930,11.9366,22.7703,11.2497,9.9214,12.0156,9.0494,11.4134,8.8359,10.2896,13.8653,14.3475,14.5834,6.2793,12.3708,10.6676,13.5753,19.8830,22.0616,19.0641,21.4307,13.8414,7.6498,10.0663,10.7585,12.2964,14.1537,20.0488,17.3513,16.3724,18.8827,11.8134,12.6691,12.7472,15.9628,12.4202,10.9793,15.0651,8.7262,10.4936,17.2557,14.7382,12.6317,14.0382,12.3694,12.6975,16.1380,9.9105,12.3957,16.1775,12.9279,10.7450,11.0725,20.4191,17.1966,14.4632,16.6987,15.4538,12.2975,16.7602,12.9240,16.6266,14.4076,8.1059,9.4516,13.5199,15.8788,15.1290,13.1388,10.7935,10.5264,9.3045,15.8586,11.7119,8.4768,8.5063,11.1922,7.5024,10.7931,10.6409,10.5815,10.5930,10.5725,10.5533,10.5342,10.5181,10.5013,10.4745,10.4686,10.4754,10.4622,10.4156,10.4385,10.4307,10.4228,10.4167,10.4140,10.4128,10.4002,10.4133,10.4340,10.4399,10.4144,10.4574,10.4719,10.4860,10.5034,10.5245,10.5485,10.5617,10.6021,10.6440,10.6769,10.6808,10.7472,10.7876,10.8273,10.8698,10.9158,10.9636,11.0036,11.0672,11.1285,11.1849,11.2178,11.3007,11.3614,11.4167,11.4596
45119.2916667,14.9495,23.4559,20.3008,23.3951,36.4415,16.9395,23.8628,19.2589,23.6604,15.5689,19.3343,17.6600,11.0865,17.9203,21.8077,21.0786,24.9919,23.7410,14.6427,16.9941,27.1780,17.7798,13.7122,19.7010,19.5622,30.6754,19.5248,15.2360,23.8137,16.5493,23.7521,22.9851,24.7734,22.5579,23.8978,20.0425,22.6558,23.5022,15.8202,22.4216,22.8410,18.7132,16.4994,17.8201,30.1297,25.8926,18.3759,18.0708,12.7919,11.0845,13.6776,16.4236,17.4734,16.8372,7.4718,19.0331,17.3003,16.8567,22.0180,16.1819,15.2221,13.0172,14.6705,15.7782,12.9649,14.7239,18.2108,18.6524,10.6504,11.2633,14.3050,17.2717,15.2380,10.2170,7.9750,15.8938,14.1307,16.9811,14.8750,18.7604,21.7243,20.0119,11.4371,7.4531,11.5753,9.9396,16.7594,13.8106,17.6627,8.3070,17.9491,20.9460,21.1647,20.0718,8.1595,10.8857,12.2477,10.2234,10.8188,8.7656,9.2257,16.8441,11.1936,11.3288,16.5818,17.9819,12.7248,15.7239,10.5426,21.6221,10.2209,9.1004,11.2467,8.3471,10.6469,8.1318,9.4936,12.9518,13.3534,13.5306,5.4191,11.3665,9.6592,12.5545,18.9078,21.0919,17.9232,20.1664,12.5177,6.5321,8.8882,9.5807,11.1288,12.9953,18.9058,16.2355,15.2898,17.8318,10.6502,11.5222,11.6551,14.9914,11.3794,9.9783,14.0780,7.7340,9.5246,16.3688,13.8191,11.6255,13.1316,11.5230,11.9795,15.8000,9.2419,11.8318,15.6968,12.2251,9.9103,10.1890,19.8419,16.4440,13.5448,15.8166,14.4792,11.1813,15.7937,11.8804,15.8950,13.6874,7.2176,8.7197,13.0963,15.6480,14.8741,12.7477,10.2505,9.9880,8.6780,15.4020,11.0827,7.7099,7.6768,10.4022,6.6423,9.9901,9.7668,9.6126,9.6309,9.5537,9.4837,9.4175,9.3725,9.3242,9.2909,9.3069,9.3541,9.3115,9.1983,9.2554,9.2161,9.1741,9.1358,9.1079,9.0900,9.0399,9.0856,9.1528,9.1355,9.0458,9.1240,9.1064,9.0809,9.0601,9.0485,9.0488,9.0165,9.0789,9.1514,9.1535,9.0836,9.1787,9.1802,9.1741,9.1730,9.1814,9.1999,9.1964,9.2768,9.3560,9.3813,9.3382,9.4517,9.4758,9.4886,9.4963
45119.3333333,10.3373,18.9038,16.0679,19.1461,32.3232,13.1939,19.8245,15.5709,20.3230,12.4186,15.9455,14.3187,7.9091,14.3120,18.0204,17.4073,21.4624,20.3498,11.2069,13.7081,24.1567,14.7316,10.9273,17.1193,17.0361,28.4012,16.9602,12.7197,21.9072,14.3487,22.0666,21.4479,23.6538,21.2094,22.3951,18.4860,21.3136,22.0015,14.0188,20.9515,20.9003,16.7679,14.2008,15.4977,27.8857,23.7420,16.0989,15.8496,10.6267,9.0463,11.8679,14.4789,15.4349,14.7151,5.2435,16.8851,15.0481,14.7727,19.6018,13.8903,12.8337,10.5850,11.9747,13.2354,10.5629,12.3477,16.0285,16.5835,9.3722,10.4869,13.6815,16.5489,14.4813,9.1096,7.1504,14.8852,12.7369,15.4418,13.0699,16.5982,19.3753,17.6419,9.1167,5.0410,8.5382,6.9453,13.4063,10.4198,14.0827,5.2065,14.2289,17.0188,17.1509,16.0500,4.6844,7.2122,8.5846,6.9061,7.1610,5.3033,5.5513,12.8135,7.4939,7.7303,12.8623,14.1730,9.0278,12.0230,7.3544,18.7402,7.6482,6.8765,9.1273,6.4328,8.6589,6.3663,7.6964,11.0409,11.5143,11.6355,3.7430,9.5511,7.7137,10.5921,16.6795,18.8853,15.7650,17.9551,10.1886,4.4540,6.6796,7.3294,8.8527,10.7095,16.4175,13.7989,12.9404,15.6003,8.6330,9.3844,9.5169,13.0014,9.4155,8.1331,12.0979,5.9286,7.6923,14.5012,12.0197,9.7450,11.3024,9.7980,10.4188,14.4723,7.8732,10.6943,14.5436,10.7655,8.4350,8.3682,18.2916,14.5058,11.5340,13.7804,12.5444,9.1011,13.6329,9.7370,13.8063,11.7353,5.3254,6.8047,11.2625,14.1027,13.3437,11.3124,8.5695,8.4623,7.1245,14.0476,9.6126,6.1889,5.9174,8.5261,4.8877,8.3157,8.0283,7.5773,7.7823,7.6562,7.5303,7.3928,7.2684,7.0285,6.7670,6.7678,7.0364,6.9638,6.5722,6.8396,6.7823,6.7074,6.6289,6.5607,6.4909,6.1656,6.2032,6.4944,6.4561,6.0989,6.3885,6.3644,6.3132,6.2625,6.2211,6.1835,5.8894,5.9613,6.2367,6.2294,5.9084,6.2126,6.2128,6.1841,6.1548,6.1332,6.1076,5.8525,6.0067,6.1483,6.1605,5.8713,6.1890,6.2120,6.2049,6.1935
45119.3750000,6.7229,14.9051,12.3932,15.3459,28.4865,10.1721,16.1495,12.0651,16.8559,9.4339,12.6564,11.1156,5.0971,10.2403,13.7198,13.4249,17.6420,16.6717,7.9385,10.0419,20.6028,11.1185,7.5705,13.5769,13.7542,25.1857,13.9585,9.5836,19.1026,11.5251,19.5897,19.3121,21.9692,19.4596,20.8084,16.5351,19.6448,20.3009,12.1617,19.4994,19.2211,15.3609,12.5671,13.8615,26.0175,21.5937,13.5927,13.2267,8.0057,6.6111,9.6082,12.2144,13.3219,12.7796,3.7261,14.9246,13.0314,12.9868,17.6329,12.1854,11.1200,8.8959,9.8481,11.0487,8.4748,10.0581,13.8070,14.1996,7.1658,8.8498,12.5627,15.6292,13.7649,8.2122,6.6724,14.3810,12.1805,14.8509,12.3604,15.8204,18.8599,17.1303,8.8688,4.9685,7.6463,6.0568,11.9401,8.8328,12.0963,3.8265,11.9729,14.4202,14.3255,13.0504,2.3706,4.4891,5.6861,4.6142,4.4892,2.7748,2.7244,9.2203,4.4259,4.6239,9.4204,10.6814,5.7106,8.3735,3.9026,14.9354,4.3876,3.8557,6.1649,3.8580,5.9491,4.1947,5.4023,8.7054,9.2768,9.5167,2.2030,7.6705,5.8488,8.7648,14.5687,16.7832,13.8416,16.1265,8.5465,3.2272,5.1548,5.6603,7.0389,8.8091,14.2033,11.5644,10.6918,13.4038,6.7124,7.2890,7.3181,10.7992,7.3676,6.3202,10.0596,4.2460,5.9351,12.5734,10.1365,7.8794,9.3678,7.8540,8.5524,12.6627,6.3539,9.4649,13.3480,9.5898,7.4854,7.2677,17.3416,13.3785,10.4711,12.6643,11.5793,8.0847,12.3527,8.4771,12.1394,9.9290,3.7296,5.0506,9.2493,12.2592,11.5859,9.7962,7.0189,7.0764,5.8404,12.8543,8.5514,5.2951,4.9147,7.3598,4.0395,7.3957,7.1204,6.5019,6.8625,6.7471,6.6258,6.4780,6.3371,6.0762,5.5695,5.5287,5.9270,5.8146,5.2020,5.5755,5.4906,5.3797,5.2620,5.1548,5.0273,4.4772,4.4783,4.8838,4.8144,4.2483,4.6630,4.6309,4.5596,4.4875,4.4243,4.3493,3.8561,3.9064,4.2843,4.2629,3.7408,4.1797,4.1805,4.1396,4.0968,4.0610,4.0052,3.5875,3.8504,3.9871,3.9822,3.4931,3.9389,3.9617,3.9419,3.9218
45119.4166667,4.7635,12.1550,9.8832,12.5640,25.6063,8.1273,13.4942,9.4781,14.2306,7.4507,10.3468,8.9962,3.5881,7.1267,10.2810,10.0231,14.1307,13.2672,5.2363,6.9979,17.3460,8.1823,5.0930,10.6358,10.9909,22.2933,11.3259,7.0458,16.4200,9.0075,16.9578,16.8652,19.8881,17.5802,19.1107,14.9671,18.1820,18.8141,10.6954,18.2716,17.9592,14.2384,11.3496,12.6713,24.8746,20.4117,12.4415,11.9493,6.8813,5.5904,8.4618,10.8218,11.8529,11.3415,2.8964,13.2784,11.3792,11.4792,16.1765,10.8799,9.9223,7.8682,8.5351,9.7054,7.3225,8.7639,12.5358,12.7829,5.4321,7.0792,10.9445,14.0641,12.4208,7.1789,5.9556,13.6593,11.6272,14.5374,11.9029,15.3534,18.7227,17.0038,9.0740,5.4101,7.6648,6.2419,11.8033,8.7632,11.8944,4.3243,11.7632,14.0092,13.7920,12.3837,2.5299,4.3019,5.3110,4.6402,4.2011,2.6102,2.3844,7.9702,3.2908,3.3319,7.5445,8.6025,3.9594,6.0653,1.8597,11.9046,2.0594,1.5596,3.6921,1.7156,3.3724,2.0588,3.0237,6.1915,6.7282,7.0691,0.7166,5.5937,3.9333,6.7760,12.2520,14.6371,12.0094,14.4576,7.3042,2.5715,4.2845,4.7440,5.9999,7.6426,12.7619,10.0231,9.1774,11.8875,5.6200,6.0161,5.9210,9.2592,6.0488,5.1207,8.4979,3.0930,4.5824,10.9806,8.5999,6.3767,7.8057,6.2604,6.9345,10.8925,4.9898,8.1116,11.9019,8.2361,6.3904,6.1740,16.1946,12.3003,9.5339,11.6320,10.6714,7.2711,11.4563,7.7651,11.2720,9.1187,3.3221,4.4449,8.1800,11.1055,10.4092,8.7759,6.0218,6.1465,5.0045,11.8578,7.7212,4.6666,4.3269,6.4681,3.4700,6.6731,6.4524,5.7917,6.2876,6.2437,6.1933,6.1084,6.0264,5.8197,5.2432,5.2365,5.7459,5.6650,4.9788,5.4446,5.3874,5.2930,5.1835,5.0775,4.9300,4.2732,4.2553,4.7029,4.6107,3.9230,4.3801,4.3347,4.2400,4.1421,4.0509,3.9339,3.3228,3.4349,3.7279,3.6716,3.0239,3.5016,3.4911,3.4313,3.3692,3.3146,3.2287,2.7305,3.0190,3.1462,3.1249,2.5298,3.0215,3.0442,3.0163,2.9899
45119.4583333,3.7777,10.3326,8.3855,10.6435,23.1078,6.5443,11.3231,7.3324,11.8895,5.7497,8.2096,7.0470,2.2343,4.4771,7.2258,6.9483,10.7880,9.9813,2.7943,4.2001,13.9520,5.2729,2.7645,7.5860,8.0391,19.0089,8.4376,4.5469,13.4416,6.4100,14.1712,14.0903,17.2619,15.1501,16.7391,12.7422,15.9862,16.6561,8.6886,16.3846,16.1259,12.5610,9.6602,11.0457,23.3036,18.8838,11.0975,10.6286,5.8659,4.7360,7.4896,9.6340,10.6019,10.1157,2.3075,11.8442,9.9546,10.0844,14.7071,9.4938,8.5277,6.5711,6.9528,8.1046,5.9841,7.2834,10.9669,11.1709,4.0518,5.6255,9.3697,12.3129,10.7325,5.7097,4.7602,12.1874,10.2249,13.2527,10.5018,13.8887,17.4648,15.6844,8.0351,4.5791,6.5067,5.3029,10.6153,7.6666,10.8564,3.8404,10.7695,12.9528,12.8172,11.3880,2.3521,3.9939,4.9451,4.6063,3.9743,2.5492,2.3247,7.2417,2.8021,2.7549,6.4380,7.3173,3.0694,4.6391,0.7827,9.6765,0.6685,0.1618,2.0231,0.4133,1.5693,0.6336,1.2581,4.0465,4.3681,4.6280,-0.6743,3.3154,1.8355,4.3691,9.3325,11.8528,9.4749,11.9878,5.3440,1.2657,2.8117,3.3086,4.5459,6.1534,11.0958,8.3938,7.6021,10.2623,4.5268,4.8744,4.6553,7.8321,4.8519,4.0647,7.1600,2.2015,3.4648,9.4565,7.1090,5.0197,6.3577,4.8008,5.4095,9.1253,3.7603,6.7354,10.2393,6.7323,5.0668,4.7695,14.4892,10.6728,8.0632,10.0327,9.1467,5.8853,9.9975,6.4162,9.8169,7.8686,2.6019,3.7147,7.1617,10.0453,9.3716,7.9088,5.2282,5.3814,4.3065,10.8711,6.8776,4.0041,3.6966,5.5199,2.8264,5.7444,5.5272,4.8189,5.3638,5.3240,5.2800,5.1991,5.1234,4.9222,4.3112,4.3056,4.8437,4.7974,4.0942,4.6502,4.6371,4.5817,4.5075,4.4341,4.3033,3.6438,3.6967,4.1161,4.0524,3.3372,3.8631,3.8402,3.7566,3.6649,3.5758,3.4479,2.8132,2.9518,3.2126,3.1519,2.4461,2.9550,2.9343,2.8536,2.7674,2.6858,2.5613,2.0242,2.2718,2.3794,2.3354,1.6708,2.1775,2.1818,2.1293,2.0827
45119.5000000,2.6677,8.5616,7.1500,9.1874,21.0993,5.5198,9.7196,5.6080,10.0427,4.5626,6.3164,5.3679,1.0741,2.1474,4.4617,4.1636,7.6635,6.8680,0.5634,1.5063,10.5283,2.3554,0.5791,4.5688,5.1731,15.6421,5.5370,1.8980,10.2640,3.6252,11.0040,10.8794,14.1667,12.2154,13.8921,10.1193,13.3789,14.1229,6.2771,14.1257,13.7998,10.4211,7.3712,8.8110,21.1737,16.6454,9.1345,8.8173,4.2980,3.3596,6.1374,8.0960,9.0663,8.6756,1.3456,10.0689,8.4066,8.5877,13.3450,8.2637,7.2891,5.4099,5.3444,6.4340,4.5233,5.7157,9.3485,9.4609,2.5265,4.2082,7.9174,10.6318,9.0457,4.2469,3.6167,10.6828,8.6895,11.7681,8.7858,12.0634,16.0730,14.1448,6.7588,3.4828,4.8573,3.8324,9.0586,5.9960,9.1762,2.6733,9.0031,11.1052,11.0302,9.5016,1.2076,2.7621,3.7089,3.8159,2.9541,1.6811,1.4759,5.8920,2.1186,2.0384,5.3306,6.0999,2.2391,3.4705,-0.1017,7.8338,-0.3152,-0.6752,1.0163,-0.2653,0.4508,-0.1840,0.0110,2.5525,2.6390,2.7992,-1.5659,1.5712,0.1622,2.2742,6.5788,8.8382,6.6219,9.1179,2.9872,-0.4359,0.8273,1.1976,2.2672,3.7787,8.5894,6.1728,5.5835,8.1496,2.9860,3.3121,3.1289,6.1662,3.4575,2.8519,5.7003,1.2196,2.2953,7.9419,5.4620,3.6202,4.8096,3.4367,3.9777,7.2914,2.6098,5.5349,8.6965,5.5216,3.9528,3.4577,12.8066,9.0158,6.5553,8.4103,7.6268,4.4848,8.3355,4.8013,7.8916,6.1165,1.4128,2.5046,5.6366,8.4883,7.9044,6.7492,4.1256,4.4164,3.4408,9.8089,5.9842,3.2914,2.9981,4.7102,2.2800,4.8519,4.6120,3.7538,4.4078,4.3517,4.2917,4.1885,4.0928,3.8679,3.2801,3.2728,3.7561,3.6945,2.8501,3.5134,3.4944,3.4299,3.3484,3.2730,3.1350,2.5243,2.5793,2.9879,2.9366,2.1132,2.7689,2.7690,2.6992,2.6218,2.5488,2.4314,1.8544,1.9779,2.2514,2.2058,1.3960,2.0227,2.0176,1.9406,1.8559,1.7757,1.6437,1.1497,1.3394,1.4560,1.3977,0.6075,1.1801,1.1925,1.1343,1.0803
45119.5416667,2.0923,7.3988,6.4119,8.3377,19.8390,5.2736,8.9824,4.5881,8.9639,4.1665,5.5203,4.6278,0.7134,0.5469,2.3875,2.0566,5.2089,4.4427,-0.9664,-0.4480,7.7588,0.0962,-1.0044,2.0561,2.8087,12.7597,3.2500,-0.1357,7.5333,1.2338,8.1432,7.8882,11.1580,9.6551,11.2936,7.7246,10.9468,11.7166,4.0268,12.0271,11.7186,8.6532,5.4407,6.8941,19.1640,14.4514,7.2787,7.2384,2.8529,2.0994,4.8608,6.6036,7.5847,7.3350,0.4977,8.1750,6.7121,6.9839,12.1220,7.3163,6.4295,4.6904,4.1053,5.0744,3.3930,4.4790,7.9924,8.0360,1.1379,2.9122,6.6395,9.1496,7.3752,2.8584,2.6289,9.3544,7.4708,10.6033,7.5846,10.8435,15.4524,13.4770,6.4245,3.3268,4.0779,3.1979,8.1427,4.9602,8.0615,2.1122,7.8596,9.9029,9.8830,8.1922,0.5853,1.9613,2.8562,3.4147,2.3113,1.1401,0.8843,4.7881,1.6054,1.5153,4.5128,5.2351,1.7491,2.6534,-0.7475,6.3482,-0.9955,-1.1806,0.4262,-0.4356,0.0957,-0.3065,-0.4718,1.9147,1.7982,1.9759,-1.6728,0.7311,-0.6487,1.0686,4.7144,6.7339,4.6243,7.0333,1.4115,-1.4045,-0.5494,-0.3016,0.3578,1.5780,6.2018,3.8941,3.4463,5.9521,1.4278,1.6669,1.4805,4.3841,2.0146,1.6306,4.2549,0.2817,1.1913,6.5173,3.9505,2.3418,3.4265,2.0927,2.6600,5.5464,1.6188,4.5535,7.4471,4.6668,3.2627,2.6254,11.6177,7.9345,5.6974,7.5942,7.0038,3.8621,7.3691,3.8501,6.4228,4.7139,0.5384,1.4087,4.2008,6.9191,6.4059,5.5721,3.0446,3.4042,2.5590,8.7500,5.1782,2.7171,2.4599,4.0869,1.9450,4.2692,4.0446,3.1139,3.8185,3.7969,3.7694,3.6895,3.6146,3.3975,2.8370,2.8477,3.3173,3.2419,2.2968,2.9791,2.9694,2.9078,2.8262,2.7507,2.6012,2.0039,2.0492,2.4457,2.3738,1.4481,2.1203,2.1316,2.0655,1.9925,1.9259,1.8087,1.2551,1.3638,1.6497,1.6002,0.7327,1.3642,1.3833,1.3217,1.2525,1.1891,1.0659,0.6106,0.7793,0.9288,0.8843,0.1453,0.6591,0.6797,0.6204,0.5667
45119.5833333,2.2254,7.1490,6.2056,7.8871,18.8196,5.0863,8.3096,3.6386,7.9944,3.7998,4.8361,4.0716,0.5685,-0.1987,1.1812,0.7922,3.5168,2.7112,-1.8641,-1.7332,5.5464,-1.5493,-2.0215,0.1007,0.9271,10.1705,1.1084,-1.7451,5.2065,-0.5697,5.5227,5.2776,8.4264,7.4453,8.9370,5.6536,8.7402,9.4425,2.0856,9.9602,9.5856,6.8373,3.5614,5.3125,17.1635,12.2835,5.5294,5.6812,1.5349,0.9609,3.5961,5.1189,6.0934,5.9583,-0.3094,6.3577,5.1316,5.4149,10.7698,6.1739,5.3365,3.7436,2.8152,3.7772,2.4176,3.6811,6.9040,6.7549,-0.0193,1.7806,5.4118,7.9019,6.2059,1.7372,1.9062,7.9891,6.1387,8.9696,6.0955,9.3182,14.3504,12.3138,5.5962,2.6832,3.0202,2.5342,7.2227,4.2519,7.1812,1.7717,6.9762,8.9356,8.9634,7.1545,0.2358,1.5005,2.3538,3.2726,1.9375,0.8565,0.5718,4.0312,0.8558,0.7897,3.5360,4.2357,1.1242,1.7963,-1.2461,5.0668,-1.5148,-1.5292,-0.1744,-0.5840,-0.1803,-0.4390,-0.8963,1.3325,0.8923,1.3504,-1.6171,0.3530,-0.9464,0.4840,3.2297,5.2047,3.3090,5.6252,0.5423,-1.6735,-1.2705,-1.0321,-0.6816,0.2433,4.4842,2.1725,1.5427,3.9679,0.1175,0.2473,0.0251,2.7413,0.7359,0.4969,2.7495,-0.7195,0.0629,4.9908,2.3619,1.0070,2.0772,0.8426,1.4349,3.8983,0.7281,3.5835,6.1121,3.6673,2.3724,1.6262,10.2111,6.5991,4.5891,6.5004,6.0987,3.0075,6.2773,2.9123,5.1601,3.6631,0.0797,0.5319,2.9443,5.4671,4.9882,4.4622,2.1615,2.4565,1.7003,7.5958,4.2330,1.9712,1.7113,3.2049,1.3158,3.4063,3.2066,2.3935,3.0385,3.0523,3.0603,3.0104,2.9660,2.7725,2.2513,2.3048,2.8012,2.7580,1.9243,2.5450,2.5627,2.5195,2.4506,2.3857,2.2372,1.6558,1.7082,2.1139,2.0488,1.2032,1.7952,1.8124,1.7413,1.6604,1.5853,1.4540,0.9004,0.9899,1.2800,1.2285,0.4188,0.9788,1.0015,0.9347,0.8592,0.7902,0.6555,0.2088,0.3507,0.5144,0.4722,-0.2375,0.2441,0.2768,0.2215,0.1701
45119.6250000,-0.7868,2.8546,1.2823,2.2075,11.8540,-1.5772,0.8191,-3.5290,1.9768,-1.4399,-0.9979,-1.6967,-4.6881,-5.0658,-4.1160,-4.4636,-1.9623,-2.7051,-6.3467,-6.3261,0.2563,-6.9535,-5.9068,-4.4139,-4.0816,3.9214,-5.4458,-6.8614,0.4957,-4.2581,1.2755,1.4007,4.6331,4.1747,6.0434,2.7857,5.7708,5.1403,-2.6105,5.6391,3.9974,1.0284,-3.1744,-0.9248,10.5163,4.7968,-1.0391,-0.0327,-3.9337,-3.1434,-1.0054,-0.3960,0.3022,0.2537,-5.8371,0.5830,0.5053,1.0318,7.1400,1.9144,0.5726,-1.2025,-3.0598,-1.3803,-1.5787,0.1429,4.1332,3.9611,-3.0969,-0.5641,3.1069,4.8946,3.5490,-0.5582,1.1078,5.3437,2.5789,4.2758,1.1305,5.5632,9.8474,6.4253,-0.6226,-3.5781,-3.9256,-4.8219,-0.7310,-3.8633,-1.1555,-5.9067,-1.3716,0.6525,1.0213,-0.5959,-6.8032,-4.1745,-3.1511,-1.0592,-3.4764,-4.5311,-4.8498,-1.8243,-3.7943,-3.8995,-1.2230,-1.0312,-4.1661,-3.5152,-6.2729,0.0686,-5.4193,-4.8266,-3.3005,-3.1721,-1.7541,-2.1515,-3.2883,-1.4139,-2.9923,-2.2029,-4.1284,-1.9214,-3.1930,-2.1811,-0.4706,0.3807,-1.4533,0.9023,-3.8335,-5.6215,-4.3135,-4.3825,-3.6178,-2.4951,1.8899,-1.3785,-2.3189,-0.4743,-3.8207,-3.9007,-3.9415,-1.3175,-2.5646,-1.9872,-0.1871,-3.7242,-3.2029,2.4314,-1.3764,-2.2444,-0.9298,-1.9612,-1.3884,0.6311,-1.6835,1.9050,3.2623,0.9341,-0.6091,-2.3139,6.4324,1.2857,0.3430,1.9719,1.9347,-1.6307,1.2987,-2.6588,0.0097,-0.8486,-3.5735,-2.6928,-0.4541,2.1008,1.2487,1.9251,-0.6599,-0.6437,-1.5848,4.3255,0.6616,-1.7312,-2.2612,-1.0506,-2.8071,-1.3352,-1.7523,-2.7181,-2.1775,-2.2324,-2.2739,-2.3713,-2.4484,-2.6949,-3.2933,-3.2176,-2.6372,-2.6622,-3.5056,-2.8606,-2.8018,-2.8179,-2.8660,-2.9096,-3.0593,-3.6910,-3.6018,-3.0977,-3.1344,-3.9900,-3.3664,-3.3049,-3.3560,-3.4225,-3.4849,-3.6213,-4.2323,-4.1268,-3.7633,-3.8001,-4.6478,-4.0639,-4.0134,-4.0771,-4.1545,-4.2264,-4.3836,-4.8806,-4.7406,-4.5292,-4.5689,-5.3503,-4.8314,-4.7781,-4.8388,-4.9065
45119.6666667,-5.1088,0.2093,0.0721,2.1764,12.6057,0.3363,1.6834,-6.0604,0.1342,-2.1846,-2.4104,-3.3066,-6.8527,-7.7976,-7.7502,-8.5821,-6.5182,-7.2559,-10.0135,-10.7870,-3.6519,-11.4577,-8.9689,-7.7383,-7.0410,1.2710,-9.7267,-11.7587,-5.8482,-10.1712,-5.4233,-4.9019,-0.7829,-0.3694,2.2933,-0.6175,5.0921,5.0420,-4.1425,5.6808,4.2413,1.6225,-3.7783,-0.9880,9.4315,0.3604,-5.5325,-3.9074,-8.6994,-7.9577,-4.9482,-4.5759,-3.5944,-2.9690,-9.0795,-6.4211,-6.4486,-5.5859,3.7755,-0.5104,-1.3248,-2.7957,-7.2628,-6.5082,-6.7499,-6.0016,-2.2024,0.4461,-6.9043,-3.0185,2.2540,2.3377,0.5928,-2.7160,1.2395,5.5580,2.6605,2.6875,-0.1521,7.3865,12.7007,9.0594,2.3245,-0.5205,-1.3943,-2.9724,0.1028,-3.4315,-1.5926,-5.8836,-3.4575,-1.1966,-1.4704,-4.7096,-11.8082,-9.1670,-8.3267,-4.3847,-7.7223,-8.6485,-9.1886,-6.8193,-7.3695,-8.5976,-4.7753,-4.1472,-6.6954,-6.3506,-9.9259,-4.5966,-9.6521,-8.4720,-7.4653,-6.9536,-5.8558,-3.9885,-4.7588,-2.2802,-5.4295,-4.9143,-5.6454,-3.1854,-5.5869,-3.2692,-1.3919,-0.5571,-2.7415,-0.2262,-5.0047,-7.5173,-7.3637,-8.1987,-8.3467,-7.4899,-1.1098,-3.9823,-4.3576,-2.6348,-4.9572,-5.5511,-6.8009,-5.4319,-6.7618,-4.9518,-2.7302,-5.7679,-6.3514,0.5622,-4.6793,-5.2791,-4.4762,-4.6299,-3.7981,-2.4904,-3.8301,0.8172,2.7790,1.2772,0.1834,-2.4010,6.5671,0.3034,0.8032,2.7654,3.7003,-0.9577,1.5899,-4.2421,-2.7147,-4.0869,-6.2807,-5.8225,-4.1744,-1.7762,-3.4569,-0.7581,-2.7551,-2.4010,-2.9602,3.5596,0.4033,-1.5484,-1.9748,-0.7105,-1.8395,-0.9527,-1.4636,-2.5363,-2.1543,-2.3869,-2.6308,-2.9545,-3.2641,-3.7606,-4.6191,-4.7443,-4.3271,-4.5384,-5.5547,-5.0649,-5.1256,-5.2499,-5.3904,-5.5077,-5.7272,-6.4387,-6.3713,-5.8494,-5.9001,-6.7719,-6.1532,-6.0768,-6.1214,-6.1786,-6.2275,-6.3560,-6.9826,-6.8534,-6.4348,-6.4506,-7.2970,-6.6918,-6.6127,-6.6613,-6.7248,-6.7820,-6.9346,-7.4397,-7.2865,-7.0343,-7.0614,-7.8681,-7.3220,-7.2498,-7.3027,-7.3535
45119.7083333,-4.9309,-0.8064,0.1821,2.4956,12.4677,2.6816,4.3175,-3.3056,3.2439,1.8484,0.8239,1.0122,-1.7731,-2.8795,-3.2125,-4.3040,-3.1458,-4.4032,-6.5860,-8.5601,-3.5037,-9.9534,-7.2467,-6.7969,-6.9845,1.4280,-8.4196,-10.1083,-5.9226,-9.9530,-7.4108,-8.0568,-5.3474,-4.6575,-1.9931,-4.1573,2.4817,3.7250,-4.3473,6.0814,5.7612,4.3476,0.1578,3.1712,13.4483,4.0968,-1.3732,-0.2411,-5.0585,-3.9100,-1.9460,-2.4488,-1.9952,-1.4411,-6.0788,-7.0118,-7.6053,-7.0638,2.4868,-0.9145,-1.3522,-2.3444,-7.1462,-6.8049,-6.0314,-6.3928,-3.2173,-1.4371,-8.9848,-5.0288,0.2072,1.4791,-0.5036,-3.0870,1.0787,5.5631,3.4434,3.5400,1.6822,9.9454,16.1260,13.1913,7.1713,4.6535,4.3803,3.3503,6.7994,3.9152,5.9565,2.3866,3.5624,6.3627,6.0425,2.3930,-3.9028,-2.1662,-1.8166,2.1566,-1.4224,-2.4417,-3.4883,-2.5593,-4.3904,-5.5761,-2.8678,-2.3279,-4.5266,-4.9864,-8.3479,-4.9795,-9.2294,-8.6203,-8.1628,-7.3358,-7.0304,-4.7285,-5.5478,-3.1902,-6.3315,-5.8993,-5.3460,-3.6712,-5.8529,-3.5098,-2.2291,-0.3546,-1.4164,1.6865,-2.0608,-3.7638,-4.2122,-4.9398,-6.0820,-6.2361,-0.9351,-3.9163,-4.3190,-2.8072,-4.2602,-4.8611,-6.3166,-4.8481,-5.7409,-3.9414,-2.3607,-4.6820,-5.6546,0.1311,-4.9509,-5.4191,-5.2504,-5.6355,-4.7485,-4.0176,-3.7635,-0.4341,1.9101,0.6744,0.6087,-1.2344,7.5310,2.3093,3.0199,5.2452,6.3987,1.4586,4.4128,-1.0682,-0.1397,-1.5138,-3.2216,-3.3618,-2.9270,-1.3110,-2.9638,-0.3404,-2.0870,-1.8240,-2.2237,3.6570,1.0735,-0.3839,-0.6461,0.5389,-0.1309,0.8657,0.7215,0.0387,0.7281,0.8469,0.9426,0.9373,0.9170,0.6721,0.0324,0.0766,0.6187,0.5082,-0.4113,0.0560,-0.0127,-0.1748,-0.3801,-0.5857,-0.9164,-1.7455,-1.8195,-1.4398,-1.6209,-2.5871,-2.1347,-2.1702,-2.3177,-2.4688,-2.6028,-2.8109,-3.5009,-3.4448,-3.0786,-3.1310,-3.9780,-3.4324,-3.3640,-3.4173,-3.4813,-3.5363,-3.6877,-4.1820,-4.0387,-3.7765,-3.7919,-4.5708,-4.0377,-3.9476,-3.9814,-4.0129
45119.7500000,-4.5760,-1.4221,0.0126,1.8108,11.2181,2.7643,4.5826,-2.0746,4.0522,3.2338,2.4222,3.1297,0.9673,0.4204,0.4168,-0.1367,1.2387,0.4084,-1.1603,-3.2509,0.4424,-4.8956,-2.5946,-2.7774,-3.4685,3.7281,-5.0275,-6.5610,-4.0977,-7.4715,-6.5205,-7.4987,-5.8186,-5.3073,-3.4164,-5.4580,0.1870,1.6232,-5.2411,4.4898,4.6112,3.7980,0.4757,3.5718,14.3694,6.6546,2.3236,3.5433,-0.4263,0.8816,2.5755,2.1914,2.6063,3.0868,-0.7214,-2.9779,-3.9109,-3.8143,4.4033,1.3424,0.7976,-0.1708,-4.9347,-5.0078,-4.1129,-4.8755,-2.1097,-1.0071,-8.4950,-5.6838,-1.4015,-0.0725,-1.8769,-3.5335,0.2085,4.5214,3.1205,3.5223,2.1749,10.1456,16.4246,13.9946,8.3055,5.8617,6.2890,5.6025,9.5554,7.2149,9.6502,6.1618,8.0425,11.3411,11.5411,8.4960,2.8534,4.6405,5.3162,8.7172,5.8057,4.9068,4.0486,5.1344,1.0576,0.0128,1.9245,2.5209,0.5437,-0.4492,-3.5704,-1.9907,-5.5789,-5.5716,-5.7230,-4.8574,-5.2681,-3.2067,-4.2771,-2.6548,-5.6199,-5.4490,-4.1967,-3.6078,-5.4262,-3.6647,-2.8402,-0.7634,-1.0953,2.0983,-0.8316,-1.8837,-2.2369,-2.5573,-3.3878,-3.5850,0.9148,-1.5708,-1.8510,-0.6613,-1.6832,-2.4504,-4.0139,-3.2590,-3.9006,-2.4103,-1.3916,-3.0549,-4.0001,0.5011,-3.7840,-4.0460,-4.1664,-4.5910,-4.1244,-4.2212,-3.2019,-0.9462,0.8288,-0.1210,-0.0528,-1.2735,6.6146,2.0423,2.7643,5.2261,6.3821,2.0207,5.2401,0.7291,1.8305,0.9789,-0.2222,-0.3908,-0.1828,1.0502,-0.2305,2.0804,0.5670,0.7355,0.3697,5.4127,3.0915,1.7797,1.5158,2.5001,1.8080,2.7969,2.6759,2.0840,2.7039,2.8482,2.9893,3.0570,3.1284,3.0126,2.5591,2.7351,3.3762,3.4508,2.8221,3.4142,3.5512,3.6052,3.6168,3.6202,3.4967,2.9111,2.9824,3.4476,3.3929,2.6233,3.0758,3.0903,2.9834,2.8534,2.7199,2.5002,1.8326,1.8162,2.0761,1.9545,1.1230,1.5134,1.4935,1.3651,1.2290,1.1037,0.8930,0.3804,0.4376,0.6173,0.5531,-0.1876,0.2417,0.2929,0.2389,0.1951
45119.7916667,-3.4939,-1.2494,0.1949,1.6035,10.2484,2.6532,4.4193,-1.2779,4.0249,3.2867,2.7188,3.4577,1.5125,1.8875,2.1723,1.9737,3.6108,3.1801,1.9391,0.4893,3.8151,-0.6095,1.2490,1.2666,0.6870,7.2096,-0.5352,-1.8096,-0.2930,-3.2205,-3.4201,-4.7936,-4.0567,-3.7732,-2.5280,-4.4120,0.1174,1.2770,-4.6031,3.7736,3.8707,3.2574,0.4467,3.2103,13.7400,7.1503,3.4902,4.8032,1.5963,2.7856,4.5239,4.6805,5.4935,6.1482,2.5817,1.0813,0.3567,0.4585,7.7895,5.0402,4.5142,3.6042,-0.6540,-1.0897,-0.4084,-1.5276,0.4285,0.7235,-6.5475,-4.8267,-1.6100,-0.5821,-2.2950,-3.5633,-0.5175,3.1144,1.9931,2.6699,1.6839,8.9956,15.1205,13.1220,7.7938,5.4395,6.3450,5.8895,10.1020,8.0719,10.6834,6.9005,9.7004,13.1591,13.7101,11.1722,5.6335,7.5350,8.5652,11.1619,9.1329,8.2730,7.8056,9.8130,4.9252,4.2343,6.0821,6.8239,5.0050,4.1063,1.3950,2.4949,-0.6731,-0.9765,-1.3915,-0.7258,-1.4129,0.0520,-0.9643,0.0796,-2.5863,-2.7208,-1.5137,-1.8005,-3.3640,-2.3922,-2.2484,-0.6702,-0.8438,2.0167,-0.3577,-1.0711,-1.3785,-1.6042,-2.2112,-2.3496,1.4962,-0.3221,-0.2841,0.9553,0.2786,-0.2166,-1.4307,-0.9047,-1.3372,-0.1643,0.5367,-0.7761,-1.6652,1.6290,-1.8627,-2.0845,-2.4636,-2.9616,-2.7674,-3.3357,-2.0531,-0.4993,0.8113,0.0644,0.1614,-0.7567,5.9727,1.9916,2.5496,4.8403,5.7917,2.0727,5.0664,1.3229,2.4185,1.8977,0.8662,0.9861,1.4664,2.7358,1.8605,3.8696,2.6234,2.8422,2.5563,7.1724,5.0142,3.6978,3.5206,4.5571,3.6202,4.8450,4.7639,4.2889,4.8075,4.9362,5.0597,5.1191,5.1789,5.0781,4.6924,4.8343,5.3722,5.4439,4.9364,5.4417,5.5857,5.6687,5.7246,5.7817,5.7387,5.3157,5.4490,5.9251,5.9769,5.4411,5.9195,6.0479,6.0780,6.0895,6.0964,6.0259,5.5739,5.6570,5.9691,5.9543,5.3377,5.7204,5.7592,5.6953,5.6125,5.5259,5.3538,4.9169,4.9422,5.0672,4.9798,4.3196,4.6260,4.6213,4.5291,4.4550
45119.8333333,-1.2059,0.3298,1.4566,2.5709,10.3980,3.3010,4.9286,0.0470,4.4795,3.6109,3.2734,3.8253,2.0133,3.0016,3.3506,3.2341,4.8664,4.5944,3.3095,2.3933,5.5859,1.7613,3.1187,3.4933,3.1648,9.3716,2.5655,1.5786,3.0423,0.6466,0.3286,-1.0183,-0.7561,-0.6776,0.0686,-1.7294,1.8155,2.5836,-2.4425,4.4694,4.4279,3.7767,1.3518,3.6403,13.3988,7.5002,4.0828,5.2589,2.4536,3.3145,4.9645,5.4530,6.4237,7.0995,3.4970,3.2909,2.8630,3.0985,9.7892,7.2835,6.9563,6.1871,2.8926,2.5890,3.1298,2.2267,3.8723,3.7315,-3.4404,-2.7364,-0.5420,0.0972,-1.5231,-2.6784,-0.3230,2.5624,1.5371,2.2128,1.3472,7.8298,13.3771,11.6805,6.6007,4.3854,5.5806,5.1510,9.3771,7.5463,10.2205,6.2043,9.7620,13.1606,13.9010,11.8391,6.1688,8.1688,9.3498,11.0852,9.8231,8.9017,8.7844,11.6576,7.0636,6.6390,8.6801,9.5188,7.6755,7.1893,4.7781,6.3361,3.3523,3.0429,2.7629,3.0820,2.6041,3.4575,2.7382,3.5714,1.3695,1.1054,1.6634,1.3847,-0.0004,0.4357,0.1370,1.1069,0.7049,2.9610,0.7963,0.1396,-0.2175,-0.5156,-1.0890,-1.3106,1.7427,0.2316,0.3484,1.5327,0.9879,0.7379,-0.0684,0.4760,0.2384,1.1853,1.9126,0.8528,0.3082,2.9304,0.1609,-0.0027,-0.3791,-0.8672,-0.8902,-1.6967,-0.5084,0.5408,1.5264,0.8822,0.9420,0.2275,5.8781,2.4735,2.8151,4.8089,5.4972,2.4104,5.0435,1.9048,2.9098,2.4390,1.3532,1.6187,2.2701,3.5340,2.9328,4.5088,3.4385,3.6784,3.4302,7.8034,5.7342,4.3544,4.2956,5.5096,4.2712,5.8334,5.8407,5.5507,6.0254,6.2007,6.3692,6.4837,6.5932,6.5701,6.3169,6.4689,6.9285,7.0236,6.6637,7.0821,7.2230,7.3140,7.3810,7.4460,7.4290,7.1120,7.2260,7.6114,7.6698,7.2724,7.6609,7.7872,7.8410,7.8838,7.9265,7.9112,7.6007,7.7091,8.0043,8.0510,7.6329,7.9908,8.0910,8.1141,8.1236,8.1301,8.0679,7.7963,7.8800,8.0421,8.0352,7.5762,7.8608,7.9029,7.8702,7.8399
45119.8750000,1.7799,3.0752,3.9684,5.0446,12.4419,5.6365,7.3736,2.9401,6.6923,5.5906,5.5014,5.8092,3.9050,5.3333,5.6709,5.4301,6.9316,6.6404,5.0255,4.3541,7.5152,3.9355,4.6613,5.3727,5.1716,11.2729,5.0889,4.0723,5.7674,3.5522,3.5695,2.4493,2.7222,2.8668,3.5697,1.9982,5.0465,5.6823,1.1968,7.0343,7.0203,6.2941,4.1664,6.0408,15.0348,9.5158,6.0160,6.8623,4.0901,4.5610,6.0855,6.7700,7.7432,8.3442,4.4879,5.3020,4.8570,5.1016,11.3018,8.9788,8.8563,8.1777,5.7504,5.5727,5.8320,5.2706,7.0052,6.8836,0.1067,0.2600,1.8834,2.3224,0.7469,-0.5664,1.1657,3.6339,2.7081,3.3887,2.6574,8.5097,13.5842,12.2450,7.4085,5.2923,6.6881,6.1517,10.2277,8.4592,11.0154,6.7384,10.7603,13.9558,14.6866,12.8878,6.8794,8.8185,10.0161,11.0405,10.3668,9.3441,9.4470,13.0510,8.5806,8.3912,10.7833,11.7745,9.8277,9.7680,7.2878,9.5900,6.2465,5.8636,5.9283,5.8137,5.8136,6.0862,5.8472,6.9263,5.3297,5.1535,4.5551,5.0953,3.8439,4.2175,4.0049,4.6445,4.0498,5.9031,3.7273,2.7361,2.4271,1.9991,1.3907,1.0549,3.4425,1.9719,1.9065,2.8383,2.1389,1.9003,1.2062,1.6985,1.4515,2.1232,2.9409,1.8708,1.6250,3.9828,1.8233,1.6895,1.4834,1.0949,1.0827,0.3894,1.2513,2.1223,3.0860,2.5145,2.5031,2.0300,7.0279,4.1500,4.2904,6.0792,6.5450,3.9459,6.2946,3.5265,4.3895,3.7573,2.3602,2.5905,3.3447,4.5562,4.1140,5.2568,4.2756,4.4930,4.2262,8.4894,6.4775,5.0160,5.0448,6.4456,4.9208,6.7881,6.8719,6.7375,7.1783,7.4031,7.6233,7.8006,7.9688,8.0258,7.8951,8.0691,8.4891,8.6381,8.4343,8.8170,9.0012,9.1478,9.2737,9.3929,9.4391,9.2436,9.3689,9.7095,9.8046,9.5444,9.8749,10.0177,10.1052,10.1814,10.2530,10.2720,10.0555,10.1521,10.4006,10.4638,10.1680,10.4591,10.5692,10.6245,10.6703,10.7133,10.7004,10.5231,10.6152,10.7778,10.8154,10.5053,10.7595,10.8441,10.8731,10.8941
45119.9166667,4.1699,5.4799,5.9822,6.9642,13.9027,6.9606,8.8660,5.0067,8.3531,6.8969,7.2081,7.3936,5.4281,7.6858,8.2339,7.9517,9.3641,8.9605,6.8660,6.5010,9.6550,6.0951,6.1813,7.2163,6.9862,12.7826,6.8864,5.7678,7.7666,5.5693,6.0918,5.1711,5.5406,5.5770,6.2654,4.8417,7.5483,8.2318,4.2101,9.3331,9.4018,8.4996,6.6697,8.2670,16.8103,11.9213,8.3517,8.8948,6.1518,6.2347,7.6392,8.4270,9.2516,9.6183,5.3639,7.3492,6.8153,6.9431,12.4425,9.9696,9.8103,9.0486,7.4789,7.5269,7.4882,7.3276,9.1807,9.1924,3.1913,3.1666,4.4451,4.8371,3.3312,1.9397,3.0014,5.3043,4.3677,4.9998,4.2695,9.3790,13.7408,12.5218,7.7337,5.6131,7.2873,6.6924,10.7652,9.1010,11.6307,7.0850,11.5982,14.5952,15.2978,13.7990,7.4707,9.4292,10.5893,10.9147,10.6224,9.4537,9.6701,13.7973,9.2897,9.2155,11.8595,12.8871,10.7149,11.1705,8.6675,11.9459,8.0677,7.6272,8.0304,7.3952,7.8484,7.5125,7.6745,9.0122,7.8866,7.7920,5.9056,7.5935,6.4916,7.1439,7.4812,8.1198,7.4015,8.9880,6.6187,5.0817,5.1811,4.8711,4.4523,4.1775,6.1525,4.6347,4.3326,4.9792,3.8862,3.6182,2.9717,3.3522,2.8987,3.1864,3.9767,2.6896,2.6256,4.7660,2.9574,2.7379,2.6676,2.3619,2.4255,2.0694,2.4179,3.1924,4.1795,3.5298,3.3643,3.1116,7.7389,5.2222,5.1173,6.7431,6.9818,4.7411,7.0556,4.6375,5.7402,5.1113,3.4099,3.7153,4.6682,5.7845,5.3463,5.9783,4.9491,5.0601,4.6829,8.8053,6.6980,5.0779,5.1266,6.6548,4.8416,6.8949,6.9791,6.9374,7.3113,7.5375,7.7657,7.9677,8.1668,8.2890,8.2787,8.4858,8.8688,9.0592,8.9974,9.3518,9.5644,9.7494,9.9185,10.0816,10.1914,10.1271,10.2891,10.6032,10.7415,10.6248,10.9264,11.0935,11.2197,11.3363,11.4479,11.5202,11.4225,11.5450,11.7737,11.8687,11.7055,11.9571,12.0784,12.1587,12.2304,12.2983,12.3247,12.2322,12.3296,12.4762,12.5331,12.3413,12.5497,12.6371,12.6831,12.7169
45119.9583333,5.4761,7.0588,7.2491,8.2474,14.9297,7.7280,9.8395,6.3850,9.3658,7.4883,8.0986,8.0850,5.8960,8.8924,9.7085,9.4515,10.9867,10.6072,8.0329,8.0680,11.4882,7.8209,7.3536,8.8077,8.5648,14.2274,8.4139,7.0618,9.3694,6.9414,7.9377,7.1274,7.5844,7.4391,8.1163,6.7065,9.1431,9.8423,5.9918,10.6981,10.8436,9.7238,8.1096,9.5205,17.8511,13.5753,9.8860,10.2580,7.5051,7.2831,8.7328,9.7416,10.5244,10.7192,5.9887,9.1734,8.5105,8.5078,13.4177,10.7225,10.4610,9.5371,8.5892,8.7387,8.3028,8.4116,10.3239,10.4692,5.2324,5.3316,6.5855,7.1212,5.6847,4.1099,4.5592,7.0532,6.0862,6.7336,5.9529,10.4317,14.1393,12.9728,8.1529,5.9572,7.8128,7.0724,11.0594,9.3644,11.7787,6.9302,11.7611,14.5249,15.1405,13.8408,7.1912,9.1540,10.2883,10.1052,10.1008,8.8465,9.1548,13.7060,9.2756,9.2871,12.1483,13.1829,10.7621,11.6119,8.9532,13.1378,8.6269,8.1438,8.9006,7.8365,8.7225,7.9118,8.4314,10.0899,9.3681,9.3452,6.2264,8.9138,7.8347,8.8022,9.8200,10.5604,9.7229,11.2065,8.5129,6.3025,6.9012,6.8026,6.7136,6.6904,8.6599,7.1693,6.7624,7.3459,5.7540,5.5395,4.9496,5.3574,4.6164,4.5548,5.3942,3.7244,3.7792,5.8446,4.2125,3.8176,3.7678,3.3091,3.3075,3.2227,3.0039,3.7644,4.8197,4.0511,3.7281,3.6041,8.0300,5.7654,5.4288,6.9254,6.9663,4.9560,7.2514,5.0379,6.3622,5.7067,3.6670,4.1364,5.4323,6.6089,6.2314,6.4609,5.3852,5.4301,4.9622,9.0204,6.8126,5.0622,5.1052,6.7019,4.6832,6.8025,6.8367,6.8053,7.0714,7.2350,7.4027,7.5551,7.7090,7.8120,7.8243,7.9955,8.2969,8.4662,8.4602,8.7548,8.9532,9.1361,9.3114,9.4858,9.6250,9.6425,9.8226,10.1130,10.2798,10.2655,10.5492,10.7376,10.8969,11.0490,11.1969,11.3160,11.3128,11.4648,11.6915,11.8221,11.7673,12.0060,12.1511,12.2655,12.3724,12.4751,12.5466,12.5316,12.6497,12.8014,12.8878,12.7952,12.9852,13.0873,13.1563,13.2073
45120.0000000,5.8562,7.7738,7.6626,8.7075,15.2419,7.7165,10.0300,7.1909,9.9521,7.6906,8.5964,8.4389,6.0571,9.5725,10.6297,10.3465,11.9770,11.5703,8.4965,8.8700,12.6632,8.8169,7.8990,9.8195,9.6200,15.3594,9.5700,8.0169,10.7672,8.0705,9.5842,8.8385,9.3425,8.9305,9.5589,8.0541,10.2556,10.9389,7.0877,11.6785,11.8511,10.4733,8.9934,10.2440,18.4236,14.6383,10.7487,11.2528,8.3601,7.8637,9.3783,10.5931,11.3589,11.4173,6.2208,10.5920,9.8403,9.7549,14.2389,11.3432,11.0129,9.9577,9.5390,9.7860,8.9712,9.2874,11.1930,11.4738,6.4674,6.6856,8.0533,8.8486,7.4977,5.7263,5.6418,8.5845,7.6188,8.3808,7.5524,11.5698,14.7213,13.6044,8.7190,6.5227,8.5673,7.6900,11.6383,9.8896,12.1982,7.0743,12.1242,14.6287,15.1033,13.9025,6.9697,8.8561,9.9066,9.3385,9.4916,8.1595,8.4759,13.2282,9.1143,9.1334,12.1129,13.1017,10.4351,11.7760,8.8924,13.7566,8.5851,7.9987,9.0053,7.6069,8.7979,7.6378,8.4006,10.3273,9.9336,9.9825,5.9327,9.3725,8.3063,9.5938,11.3096,12.1872,11.2011,12.6435,9.5530,6.7059,7.7265,7.8189,8.0536,8.3256,10.5030,9.0467,8.6093,9.3016,7.1710,7.1157,6.6586,7.2816,6.2583,5.9443,6.9986,4.8773,5.1141,7.3106,5.7740,5.1852,5.1724,4.4969,4.3690,4.4698,3.6588,4.4210,5.5285,4.5939,4.3346,4.2190,8.5034,6.4481,5.8455,7.2083,7.0551,5.1706,7.4080,5.2787,6.7226,5.9656,3.6041,4.5250,6.0257,7.2005,6.8121,6.6841,5.5427,5.5314,4.9926,9.0270,6.7430,4.9123,4.9584,6.6057,4.4714,6.6258,6.6368,6.6239,6.8225,6.9483,7.0768,7.1940,7.3120,7.3933,7.4097,7.5388,7.7608,7.8894,7.8937,8.1125,8.2642,8.4064,8.5449,8.6846,8.8015,8.8338,8.9842,9.2158,9.3626,9.3833,9.6187,9.7896,9.9426,10.0933,10.2436,10.3758,10.4230,10.5823,10.7967,10.9444,10.9611,11.1875,11.3481,11.4876,11.6219,11.7532,11.8621,11.9089,12.0498,12.2139,12.3308,12.3194,12.5074,12.6314,12.7281,12.8005
45120.0416667,5.7916,8.0498,7.6612,8.7611,15.2075,7.3590,9.8396,7.1187,9.6371,7.0184,8.1510,7.8564,5.3468,9.2788,10.6675,10.4665,12.3130,11.9342,8.4255,9.1149,13.3175,9.2400,7.9403,10.2780,10.1205,16.0197,10.1729,8.4440,11.6912,8.7468,10.8650,10.2335,10.8726,10.2200,10.8348,9.2010,11.2178,11.8695,7.9128,12.2825,12.5102,10.9059,9.5378,10.6767,18.7598,15.3793,11.2543,11.5966,8.6249,7.9397,9.5703,11.0283,11.8337,11.8011,6.2091,11.6506,10.8081,10.6527,14.8101,11.7224,11.3414,10.1819,10.2252,10.5902,9.4538,9.9795,11.9401,12.2175,7.2670,7.5501,9.0526,10.1166,8.8081,6.7621,6.2274,9.7123,8.7551,9.7035,8.8371,12.4932,15.1892,14.1351,9.1683,6.8405,9.1141,8.1496,12.1628,10.3921,12.6660,7.3030,12.5981,14.9048,15.2709,14.1628,7.0026,8.8223,9.7962,8.9463,9.1958,7.8130,8.1111,12.9601,8.6430,8.7044,11.8057,12.7882,9.9601,11.4607,8.4735,13.9725,8.2563,7.6043,8.7701,7.1422,8.5256,7.1278,8.0291,10.1332,9.9805,10.0688,5.3874,9.2685,8.1908,9.7259,12.0740,13.1004,11.9703,13.4173,9.9442,6.6054,7.9359,8.1835,8.6929,9.2416,11.7083,10.2595,9.8024,10.6617,7.9849,8.1030,7.7887,8.7166,7.4206,6.9259,8.3084,5.7194,6.2000,8.7195,7.2497,6.4878,6.6028,5.7856,5.6173,5.9738,4.5552,5.3783,6.5904,5.4818,4.9308,4.8698,9.1789,7.2075,6.3921,7.6767,7.3656,5.5569,7.7680,5.6677,7.1965,6.3018,3.6581,4.5021,6.2828,7.5563,7.2091,6.8093,5.6266,5.5853,4.9993,9.0176,6.6733,4.7936,4.8351,6.4974,4.3020,6.4427,6.4264,6.4159,6.5565,6.6466,6.7401,6.8270,6.9159,6.9801,6.9992,7.0994,7.2669,7.3692,7.3837,7.5513,7.6719,7.7862,7.8981,8.0113,8.1083,8.1452,8.2660,8.4451,8.5642,8.5937,8.7765,8.9141,9.0399,9.1649,9.2907,9.4048,9.4595,9.5953,9.7720,9.9030,9.9426,10.1329,10.2786,10.4112,10.5419,10.6724,10.7886,10.8621,11.0040,11.1640,11.2918,11.3292,11.5092,11.6439,11.7571,11.8431
45120.0833333,5.3209,7.8356,7.2609,8.4221,14.8155,6.7845,9.4271,7.0190,9.3848,6.5462,7.8399,7.4376,4.8615,8.8932,10.4189,10.1476,12.0566,11.6336,7.7424,8.6514,13.2506,8.9537,7.3726,10.0706,9.9657,16.0775,10.1276,8.2574,11.9901,8.8155,11.5724,11.0854,11.9386,11.0856,11.7508,10.0136,11.9332,12.6025,8.5178,12.7097,12.9739,11.1507,9.8564,10.8983,18.9037,15.8635,11.4964,11.6765,8.5771,7.7342,9.4307,11.0554,11.8790,11.7659,5.8904,12.2239,11.3177,11.1208,15.0471,11.7988,11.3923,10.1602,10.6020,11.0895,9.6788,10.3997,12.4479,12.6977,7.7290,8.0720,9.7200,11.0459,9.7476,7.3892,6.4863,10.4888,9.5194,10.6686,9.7496,13.1201,15.4201,14.4170,9.3536,6.9024,9.3746,8.3328,12.4327,10.6381,12.9036,7.3291,12.8671,15.0317,15.3281,14.3278,6.9922,8.7873,9.7208,8.6697,8.9995,7.6035,7.8990,12.8010,8.2131,8.2836,11.4266,12.3749,9.4230,11.0169,7.9285,13.8510,7.7059,7.0071,8.2827,6.5263,8.0144,6.4882,7.4611,9.6685,9.7014,9.8160,4.7817,8.8519,7.7634,9.4546,12.3183,13.4582,12.1685,13.6183,9.8038,6.1455,7.6700,8.0363,8.7630,9.5488,12.3131,10.8660,10.4020,11.4464,8.2740,8.5492,8.3615,9.5991,8.0477,7.4150,9.1379,6.1126,6.8259,9.7452,8.3121,7.3947,7.6923,6.8113,6.7062,7.4373,5.4048,6.3568,7.7484,6.4436,5.5948,5.5721,10.0057,8.0526,7.0272,8.2599,7.8047,6.0203,8.2387,6.1263,7.7508,6.7262,3.8317,4.5575,6.4754,7.7740,7.4126,6.7731,5.5446,5.4729,4.8530,8.8482,6.4673,4.5728,4.6153,6.2789,4.0711,6.1849,6.1584,6.1580,6.2643,6.3350,6.4078,6.4757,6.5447,6.5960,6.6151,6.6911,6.8147,6.8923,6.9078,7.0319,7.1233,7.2109,7.2975,7.3858,7.4637,7.4998,7.5961,7.7346,7.8317,7.8661,8.0098,8.1223,8.2272,8.3321,8.4383,8.5366,8.5933,8.7077,8.8516,8.9635,9.0108,9.1655,9.2890,9.4037,9.5177,9.6321,9.7371,9.8124,9.9371,10.0755,10.1920,10.2452,10.4006,10.5244,10.6322,10.7149
45120.1250000,4.9902,7.6333,6.8915,8.0621,14.3495,6.2405,8.9231,6.7503,8.9514,5.9803,7.3593,6.8874,4.3416,8.4628,10.1102,9.8208,11.7898,11.3297,7.1882,8.1766,13.0148,8.5375,6.7589,9.6319,9.5323,15.7877,9.7390,7.7304,11.8468,8.4294,11.7260,11.3613,12.4405,11.3852,12.1226,10.2780,12.1523,12.8795,8.6668,12.7096,13.0442,11.0465,9.8330,10.8220,18.8087,16.1088,11.5294,11.5366,8.3608,7.4168,9.1514,10.9054,11.7401,11.5576,5.5236,12.5011,11.5132,11.2695,15.0031,11.6129,11.1819,9.8943,10.6564,11.2565,9.6217,10.5164,12.6710,12.9236,7.9219,8.3253,10.1206,11.7017,10.3990,7.7272,6.5406,11.0023,10.0108,11.3633,10.3896,13.5378,15.4983,14.5377,9.3812,6.8300,9.4557,8.3462,12.5234,10.7010,12.9613,7.2132,12.9476,14.9942,15.2311,14.3229,6.8507,8.6242,9.5282,8.3384,8.7280,7.3375,7.6346,12.5628,7.7779,7.8583,11.0092,11.9290,8.9121,10.5467,7.4179,13.6051,7.1653,6.4311,7.7487,5.9437,7.4563,5.8836,6.8665,9.1008,9.2664,9.3954,4.2418,8.3058,7.2317,9.0045,12.2624,13.4806,12.0257,13.4672,9.3649,5.5416,7.1334,7.5583,8.4218,9.3810,12.4045,10.9425,10.4694,11.6865,8.0981,8.5035,8.4264,9.9478,8.1844,7.4574,9.4848,6.1091,7.0103,10.3223,8.9090,7.8585,8.3418,7.4240,7.4207,8.5796,5.9610,7.0812,8.7103,7.2118,6.1118,6.1492,10.8174,8.8626,7.6504,8.8751,8.3004,6.5114,8.7845,6.6348,8.3774,7.2296,4.0905,4.7501,6.7725,8.0811,7.6846,6.8388,5.5619,5.4520,4.7957,8.7408,6.3327,4.4375,4.4689,6.1038,3.9100,5.9615,5.9157,5.9102,5.9812,6.0283,6.0781,6.1255,6.1749,6.2128,6.2288,6.2860,6.3776,6.4375,6.4542,6.5481,6.6194,6.6883,6.7569,6.8270,6.8898,6.9232,6.9993,7.1053,7.1822,7.2151,7.3253,7.4138,7.4974,7.5814,7.6668,7.7474,7.7990,7.8921,8.0066,8.0994,8.1472,8.2716,8.3746,8.4722,8.5700,8.6688,8.7616,8.8341,8.9419,9.0601,9.1634,9.2223,9.3538,9.4632,9.5603,9.6354
45120.1666667,4.5446,7.2601,6.4225,7.6028,13.7824,5.7060,8.3969,6.4585,8.5302,5.5101,6.9275,6.4119,3.9433,7.9248,9.6547,9.3660,11.3859,10.9214,6.6664,7.7119,12.7115,8.1381,6.2690,9.2227,9.1324,15.4681,9.3684,7.2766,11.6301,8.0242,11.6914,11.4002,12.6458,11.3902,12.1798,10.2156,12.0495,12.8131,8.4496,12.4339,12.8035,10.6289,9.4705,10.4012,18.3743,15.9843,11.2080,11.0181,7.8177,6.8205,8.5591,10.4332,11.3006,11.0802,5.0191,12.4957,11.4637,11.1958,14.7675,11.2738,10.8318,9.5122,10.5265,11.2202,9.4048,10.4334,12.6747,12.9312,7.9019,8.3619,10.2940,12.1162,10.8076,7.8595,6.4644,11.3125,10.2995,11.8506,10.8243,13.7985,15.4682,14.5461,9.3114,6.6885,9.4276,8.2673,12.5100,10.6651,12.9238,7.0483,12.9302,14.8747,15.0595,14.2292,6.6654,8.4109,9.2860,8.0019,8.4292,7.0538,7.3472,12.2627,7.3592,7.4432,10.5677,11.4581,8.4201,10.0551,6.9383,13.2799,6.6739,5.9323,7.2474,5.4513,6.9407,5.3767,6.3354,8.5421,8.7976,8.9320,3.8192,7.7559,6.7081,8.5007,12.0363,13.3131,11.7217,13.1533,8.8536,5.0090,6.5852,7.0286,7.9589,9.0227,12.2395,10.7455,10.2450,11.5846,7.6772,8.1546,8.1449,9.8796,7.9454,7.1520,9.4082,5.7896,6.8153,10.4557,9.0545,7.8986,8.5512,7.6207,7.7293,9.3117,6.1704,7.4554,9.3357,7.6564,6.3335,6.4435,11.4083,9.4344,8.0555,9.3114,8.6456,6.8454,9.2264,7.0429,8.9558,7.7188,4.3523,4.9737,7.1231,8.4670,8.0453,7.0305,5.7111,5.5722,4.8865,8.7913,6.3612,4.4665,4.4863,6.0898,3.9128,5.9034,5.8372,5.8206,5.8588,5.8808,5.9054,5.9293,5.9553,5.9740,5.9781,6.0120,6.0713,6.1091,6.1171,6.1807,6.2292,6.2770,6.3255,6.3759,6.4221,6.4482,6.5052,6.5842,6.6435,6.6721,6.7561,6.8253,6.8916,6.9587,7.0272,7.0926,7.1379,7.2128,7.3031,7.3784,7.4222,7.5203,7.6037,7.6835,7.7638,7.8453,7.9229,7.9866,8.0757,8.1725,8.2594,8.3155,8.4232,8.5157,8.5991,8.6640
45120.2083333,4.0262,6.7415,5.8502,7.0218,13.0651,5.1150,7.7668,6.0308,7.9925,4.9911,6.4175,5.8910,3.5452,7.3624,9.1274,8.8392,10.8748,10.4070,6.1301,7.1932,12.2711,7.6675,5.7782,8.7456,8.6726,15.0470,8.9518,6.8403,11.3466,7.6367,11.5764,11.3483,12.7304,11.2977,12.1231,10.0544,11.8474,12.6344,8.1569,12.1076,12.5131,10.2103,9.1061,9.9849,17.8956,15.7295,10.7493,10.4779,7.2302,6.1966,7.8923,9.7893,10.6355,10.3588,4.3793,12.1286,11.0496,10.7634,14.1891,10.6208,10.1815,8.8586,10.0921,10.8893,8.9540,10.1111,12.4509,12.7005,7.7052,8.2207,10.2686,12.3085,10.9968,7.8239,6.2865,11.4402,10.4123,12.1541,11.0823,13.9217,15.3445,14.4591,9.1670,6.5034,9.3177,8.1224,12.4128,10.5515,12.8078,6.8497,12.8316,14.6899,14.8295,14.0662,6.4553,8.1674,9.0153,7.6717,8.1214,6.7694,7.0563,11.9297,6.9229,7.0121,10.0884,10.9534,7.9330,9.5445,6.4806,12.8876,6.2184,5.4891,6.7746,5.0242,6.4639,4.9427,5.8611,8.0069,8.3233,8.4598,3.4861,7.2374,6.2262,7.9976,11.7119,13.0276,11.3270,12.7412,8.3264,4.5572,6.0734,6.5158,7.4702,8.5918,11.9368,10.4218,9.9000,11.3252,7.2131,7.7242,7.7510,9.6207,7.5663,6.7302,9.1179,5.3685,6.4397,10.3001,8.9043,7.6682,8.4387,7.4866,7.6781,9.6264,6.0584,7.4757,9.5867,7.7490,6.2529,6.4202,11.6729,9.6741,8.1484,9.4487,8.7119,6.9012,9.4078,7.1971,9.3107,8.0196,4.4608,5.0619,7.3661,8.7857,8.3658,7.2203,5.8709,5.7211,5.0185,8.9169,6.4667,4.5670,4.5825,6.1720,3.9996,5.9571,5.8779,5.8541,5.8690,5.8725,5.8781,5.8833,5.8902,5.8922,5.8842,5.8975,5.9292,5.9462,5.9426,5.9788,6.0049,6.0312,6.0585,6.0879,6.1150,6.1286,6.1646,6.2170,6.2561,6.2744,6.3325,6.3810,6.4282,6.4767,6.5270,6.5758,6.6112,6.6680,6.7365,6.7951,6.8320,6.9078,6.9739,7.0380,7.1030,7.1692,7.2332,7.2878,7.3606,7.4393,7.5113,7.5619,7.6491,7.7257,7.7956,7.8501
45120.2500000,3.4409,6.0102,4.9997,6.0397,11.7491,3.9689,6.4626,5.0520,6.8757,3.9307,5.3252,4.8100,2.6903,6.3170,8.0999,7.8491,9.8586,9.4017,5.2365,6.3571,11.3696,6.8449,5.0171,7.9250,7.8511,14.0713,8.0525,6.0571,10.6160,6.9539,11.1082,10.9681,12.4952,10.8772,11.6976,9.5482,11.2359,12.0142,7.5508,11.3481,11.7311,9.2987,8.2651,9.0763,16.8406,14.9625,9.8989,9.6223,6.4733,5.4399,7.0399,8.8984,9.6851,9.3302,3.6042,11.4495,10.3352,9.9950,13.1501,9.4557,8.9553,7.6227,9.0670,9.9863,7.9895,9.2504,11.6253,11.8969,7.1929,7.7686,9.8331,12.0286,10.7278,7.4550,5.7954,11.0683,9.9988,11.8561,10.7155,13.3180,14.3812,13.4381,8.1012,5.4665,8.3430,7.1928,11.5108,9.6827,11.9352,5.9837,11.9815,13.7460,13.8488,13.2054,5.7023,7.4007,8.2017,6.7705,7.2115,5.9056,6.2009,10.9637,6.1892,6.2624,9.2067,9.9959,7.0146,8.6426,5.7676,12.1664,5.5898,4.9233,6.1325,4.4384,5.7893,4.3186,5.1743,7.1732,7.5027,7.6303,2.9513,6.4589,5.5275,7.2316,11.0311,12.3565,10.5493,11.8733,7.4265,3.8694,5.3300,5.7895,6.7507,7.8866,11.2536,9.7408,9.2096,10.6655,6.4651,7.0125,7.1095,9.0292,6.9208,6.0590,8.4624,4.7461,5.8355,9.7463,8.3529,7.0813,7.9434,7.0314,7.2794,9.5126,5.6372,7.0684,9.2891,7.2982,5.7177,5.9192,11.3191,9.2732,7.6313,8.9233,8.1046,6.2986,8.9135,6.7312,9.0802,7.7987,4.1698,4.7892,7.2112,8.6861,8.2575,6.9761,5.5993,5.4371,4.7227,8.5640,6.0650,4.1588,4.1751,5.7439,3.5836,5.4935,5.3973,5.3764,5.3703,5.3545,5.3404,5.3286,5.3215,5.3201,5.3235,5.3332,5.3387,5.3363,5.3335,5.3444,5.3448,5.3458,5.3493,5.3570,5.3705,5.3878,5.4132,5.4349,5.4503,5.4656,5.4947,5.5135,5.5326,5.5549,5.5812,5.6130,5.6482,5.6916,5.7314,5.7669,5.8020,5.8504,5.8883,5.9262,5.9670,6.0114,6.0603,6.1123,6.1709,6.2257,6.2789,6.3313,6.3954,6.4479,6.4960,6.5324
45120.2916667,2.8472,5.2724,4.2502,5.1476,10.5007,3.0443,5.1810,3.7697,5.3263,2.5348,3.6810,3.1156,1.1870,4.4118,6.0831,5.8598,7.8175,7.3835,3.4765,4.5820,9.4969,5.1345,3.4979,6.2785,6.2498,12.3106,6.4151,4.5209,9.0162,5.4542,9.7362,9.7201,11.4306,9.7786,10.6194,8.4419,10.0444,10.7566,6.2926,9.9767,10.2518,7.7661,6.7093,7.4401,14.9588,13.1356,8.0634,7.8643,4.8681,3.9434,5.4674,7.2400,7.9846,7.6075,2.2845,9.8574,8.7906,8.4547,11.4754,7.7720,7.2145,5.8806,7.2755,8.2264,6.2568,7.5457,9.9598,10.3190,6.0553,6.7966,8.9337,11.2166,9.8865,6.5109,4.9109,10.1654,9.0053,10.8920,9.6261,12.0236,12.8831,11.8230,6.4888,3.9001,6.5088,5.3389,9.4529,7.5854,9.7370,3.9841,9.7202,11.3870,11.4647,10.8593,3.6535,5.2828,6.0733,4.7761,5.1435,3.9343,4.2100,8.7494,4.5986,4.6650,7.4545,8.1844,5.3198,6.8943,4.2302,10.5691,4.2616,3.7564,4.9596,3.4133,4.6758,3.3384,4.1092,5.9832,6.2648,6.3564,2.0163,5.1994,4.3013,5.9148,9.6497,10.9540,9.0808,10.3280,5.9233,2.6419,3.9602,4.4011,5.3407,6.4732,9.8421,8.3638,7.8612,9.3362,5.1879,5.7209,5.8459,7.8042,5.7202,4.9139,7.2719,3.6772,4.7292,8.6331,7.2393,5.9644,6.8589,5.9913,6.3175,8.7474,4.7907,6.2704,8.5302,6.4652,4.8780,5.0139,10.4576,8.3409,6.6454,7.9032,7.0509,5.2091,7.7810,5.5739,7.9460,6.6776,3.1192,3.7983,6.2839,7.8356,7.4234,6.1252,4.7337,4.5773,3.8611,7.6297,5.1334,3.2715,3.2466,4.7144,2.6654,4.4317,4.2873,4.1987,4.1673,4.1037,4.0426,3.9832,3.9338,3.8890,3.8513,3.8422,3.8424,3.8113,3.7617,3.7703,3.7469,3.7219,3.6993,3.6830,3.6731,3.6570,3.6775,3.7042,3.7005,3.6760,3.7084,3.7075,3.7017,3.6983,3.6997,3.7074,3.7072,3.7427,3.7806,3.7946,3.7868,3.8359,3.8517,3.8626,3.8758,3.8938,3.9166,3.9353,3.9841,4.0313,4.0625,4.0722,4.1375,4.1694,4.1933,4.2100
45120.3333333,1.1821,3.4871,2.6902,3.5084,8.6070,1.7634,3.5863,2.2778,3.8413,1.3895,2.2523,1.7466,0.0684,2.6106,4.0463,3.8144,5.5795,5.1024,1.5136,2.4716,7.1060,3.0016,1.6776,4.2028,4.1896,10.0295,4.3245,2.6232,6.9973,3.5772,7.7976,7.8451,9.6534,8.0723,8.8836,6.8330,8.4708,9.1370,4.7734,8.4835,8.5779,6.2201,5.0452,5.7697,13.0621,11.1460,6.1957,6.0710,3.2256,2.4764,3.8964,5.3988,6.0321,5.6448,0.8178,7.7247,6.7195,6.4606,9.3714,5.8296,5.2497,3.9832,5.1474,6.1448,4.3659,5.5888,7.9648,8.3319,4.3941,5.3851,7.6281,9.9468,8.6572,5.2427,3.9304,9.0383,7.7831,9.6927,8.3273,10.5937,11.5166,10.3947,5.1629,2.6526,4.8634,3.8070,7.6887,5.8277,7.8730,2.5379,7.7510,9.2380,9.2168,8.5000,1.7593,3.1436,3.8593,2.8654,2.9495,1.8533,1.9972,6.1274,2.4882,2.5463,5.1322,5.8147,3.1428,4.6174,2.2788,8.4282,2.5172,2.1924,3.3880,2.0574,3.1848,2.0578,2.7102,4.4723,4.7211,4.8005,0.9142,3.8057,2.9205,4.4656,7.9687,9.2700,7.4213,8.6194,4.3077,1.3613,2.4968,2.8704,3.7215,4.7780,8.0245,6.5981,6.1589,7.6450,3.7248,4.1861,4.3070,6.2922,4.2969,3.5995,5.8268,2.4604,3.4250,7.2421,5.8694,4.6165,5.5169,4.7066,5.0946,7.5705,3.7494,5.3161,7.4966,5.3725,3.8718,3.8486,9.3663,7.1283,5.4655,6.7139,5.9491,4.0581,6.5306,4.3552,6.6115,5.4049,2.0382,2.6384,4.9943,6.5734,6.1502,4.9787,3.5447,3.4605,2.7708,6.4857,4.0354,2.2692,2.1632,3.5066,1.6831,3.3526,3.1858,2.9768,3.0348,2.9490,2.8632,2.7707,2.6876,2.5775,2.4403,2.4376,2.5244,2.4595,2.2696,2.3499,2.2906,2.2219,2.1532,2.0936,2.0380,1.8950,1.9132,2.0173,1.9787,1.8154,1.9209,1.8931,1.8511,1.8121,1.7818,1.7585,1.6461,1.6939,1.8042,1.7969,1.6635,1.7927,1.7901,1.7714,1.7546,1.7450,1.7369,1.6518,1.7343,1.7950,1.8094,1.6991,1.8482,1.8652,1.8637,1.8592
45120.3750000,-1.4473,0.5758,0.1503,0.7605,5.4646,-0.5249,0.6456,-0.4535,1.3056,-0.6554,-0.2044,-0.6399,-2.0423,-0.6409,0.5095,0.6117,2.3446,1.9504,-1.0818,-0.3664,4.0365,0.0093,-0.8668,1.3609,1.5031,6.7712,1.4682,-0.2350,4.0042,0.7713,4.8534,5.0609,6.9079,5.3773,6.1532,3.9232,5.7618,6.3859,2.3208,6.2866,5.9326,3.9968,2.4510,3.2662,10.3003,8.1742,3.3603,3.3141,0.7952,0.3183,1.8294,2.9628,3.4861,3.1317,-1.1366,4.7100,3.7907,3.7922,6.3771,3.2447,2.5855,1.3717,1.9862,3.0891,1.7591,2.8388,5.2914,5.5243,1.8707,3.4220,5.8409,7.9935,6.8231,3.3481,2.6644,7.4032,5.9384,7.6536,6.0111,8.1028,9.6064,8.2340,3.0984,0.7395,2.1210,1.3763,5.0561,3.2636,5.2151,0.5251,5.1366,6.4050,6.1857,5.4057,-0.7015,0.4993,1.1309,0.7954,0.3208,-0.6690,-0.8121,2.7548,-0.1507,-0.1593,2.0976,2.6763,0.0833,1.4121,-0.5837,5.2920,-0.0378,-0.0446,1.1935,0.1570,1.0887,0.4439,0.7935,2.3805,2.4605,2.4807,-0.8956,1.7565,0.8049,2.4065,5.4602,6.8355,5.1922,6.3826,2.1817,-0.3963,0.5611,0.8370,1.5819,2.5286,5.4485,4.1531,3.8534,5.4072,1.7494,2.0724,2.1806,4.1836,2.2993,1.7950,3.7809,0.7834,1.7240,5.2942,3.8053,2.5002,3.4606,2.8581,3.4388,5.8765,2.4243,4.2887,6.1948,3.8954,2.6587,2.2582,7.9290,5.3222,3.7307,4.8512,4.3444,2.3360,4.5400,2.5382,4.4692,3.3751,0.3820,0.9863,3.1103,4.7698,4.2965,3.4449,1.8242,1.9202,1.2283,4.9415,2.4960,0.8132,0.4450,1.6103,0.1290,1.8034,1.5678,1.0328,1.3513,1.2114,1.0767,0.9287,0.8010,0.6468,0.2218,0.2807,0.6741,0.5815,0.0786,0.4380,0.3419,0.2253,0.1063,0.0039,-0.0926,-0.5226,-0.4409,-0.0649,-0.1361,-0.6207,-0.2403,-0.3077,-0.4073,-0.5036,-0.5843,-0.6520,-1.0524,-0.9687,-0.6236,-0.6522,-1.1052,-0.7066,-0.7465,-0.8197,-0.8896,-0.9453,-0.9994,-1.3452,-1.0549,-0.9928,-1.0001,-1.4155,-0.9969,-1.0037,-1.0461,-1.0855
45120.4166667,-3.4373,-1.9179,-1.9583,-1.6328,3.5546,-1.8798,-1.9358,-3.5585,-1.5100,-2.8073,-2.9406,-3.4210,-4.6427,-4.2677,-3.8059,-3.7460,-2.1843,-2.5032,-4.7750,-4.5556,-0.0007,-3.9507,-4.2548,-2.4269,-1.7397,2.8715,-2.1205,-4.1463,0.0737,-3.0153,0.4055,0.9565,3.0935,2.1177,2.7769,0.5593,2.3151,2.2969,-1.4363,3.2847,2.3824,0.8060,-1.4768,-0.5354,6.9641,4.0009,-0.3144,-0.4470,-2.3057,-2.5176,-0.6431,0.0389,0.4744,0.2758,-3.2923,0.8891,-0.1310,0.5240,3.0190,-0.0578,-0.7479,-1.8556,-2.3305,-1.2546,-1.8666,-1.0205,1.9002,2.1449,-1.5391,0.5543,3.5067,5.2773,4.5196,0.9706,1.2767,5.6732,3.9390,5.9302,3.2493,5.2576,8.2945,6.4263,1.4126,-0.7769,-0.8865,-1.3855,1.7787,-0.0808,1.9311,-1.8900,1.8745,2.9873,2.5223,1.4854,-3.7511,-2.7176,-2.0772,-1.3217,-2.5215,-3.3764,-3.7664,-0.9483,-2.9714,-3.0242,-1.1571,-0.7847,-3.2488,-2.5538,-4.2815,1.2310,-3.4209,-3.0775,-1.4936,-2.3749,-2.0410,-1.8339,-1.8563,-0.0714,-0.1783,-0.2039,-3.1863,-0.8551,-2.0975,-0.5022,1.6248,3.1637,1.9355,3.4697,-0.4511,-2.5407,-1.7554,-1.6036,-0.9559,-0.1083,2.4818,0.6660,0.5753,2.5580,-0.6172,-0.7205,-0.7108,1.5068,-0.1009,-0.4216,1.0748,-1.7042,-0.6855,3.1407,1.4633,-0.2217,0.8103,-0.0150,0.7713,3.1651,0.3143,2.8685,4.5364,1.8576,1.4341,0.5414,6.5016,3.6701,2.1096,2.5471,2.4746,0.3702,2.1896,0.5221,1.8378,0.8472,-1.7022,-1.0592,0.5541,2.4637,1.9828,1.7211,-0.2911,0.2309,-0.4243,3.4453,1.0485,-0.5398,-1.0820,-0.7382,-1.7256,0.0978,-0.1957,-1.3631,-0.4751,-0.6358,-0.7952,-0.9844,-1.1506,-1.3701,-2.3962,-2.3049,-1.3525,-1.4662,-2.5866,-1.6725,-1.7788,-1.9236,-2.0787,-2.2159,-2.3665,-3.3790,-3.2431,-2.3699,-2.4595,-3.5400,-2.6199,-2.6876,-2.8137,-2.9415,-3.0547,-3.1747,-4.1398,-3.6128,-3.3187,-3.3731,-4.4070,-3.4873,-3.5239,-3.6204,-3.7181,-3.8012,-3.9001,-4.7128,-4.0381,-3.9438,-3.9664,-4.9279,-4.0251,-4.0284,-4.0926,-4.1516
45120.4583333,-3.3137,-2.4245,-1.4941,-1.6649,3.5131,-1.1692,-1.6771,-4.4440,-2.0849,-2.6109,-3.2174,-3.4916,-4.6068,-5.0111,-5.2219,-5.5396,-4.5601,-5.1093,-6.6700,-7.5311,-3.3546,-7.1471,-6.7399,-6.2134,-4.9980,-0.4767,-4.8357,-6.6148,-3.1379,-6.1238,-3.1977,-3.1240,-0.9696,-0.9401,-0.0140,-1.9146,-0.0849,-0.7565,-4.4852,0.9202,0.1636,-0.8946,-3.8890,-3.0250,4.9356,1.0010,-2.8296,-3.2544,-4.6363,-4.6619,-2.5762,-2.2225,-1.7191,-1.5775,-4.2112,-1.9008,-3.0547,-1.6083,1.3168,-1.4265,-2.0860,-3.0746,-4.9200,-4.3003,-4.2547,-4.0996,-1.2626,-1.0092,-4.6740,-2.2367,1.1335,2.3622,2.0855,-1.1168,0.0140,4.3123,2.6660,5.0360,1.6947,3.9995,8.5621,6.5883,1.9323,-0.0294,-1.4583,-1.8269,0.5051,-1.5686,0.9740,-2.1377,0.8506,1.9594,1.5714,0.0478,-4.2652,-3.6746,-3.1827,-1.5010,-3.2782,-4.0087,-4.5715,-2.6939,-4.3041,-4.3613,-2.8511,-2.5398,-4.5760,-4.8317,-6.5710,-2.1224,-6.0634,-5.7694,-3.9385,-4.2445,-4.5750,-3.5757,-3.9229,-2.0336,-2.1705,-2.1389,-4.2958,-2.6913,-3.8009,-2.5364,-1.5571,0.3542,-0.6363,1.1850,-2.2803,-3.7667,-3.3053,-3.3022,-2.7206,-1.8303,0.6628,-1.7858,-2.1433,0.0483,-2.2900,-2.5181,-3.1282,-0.7754,-2.0418,-2.0815,-0.7013,-3.2959,-2.5380,1.3202,-0.3532,-2.0505,-0.9750,-2.3104,-1.7501,0.3792,-1.6126,1.3729,2.8545,0.2556,0.3730,-0.7350,5.4276,2.6634,1.3486,1.3231,1.5031,-0.4919,1.2821,-0.5141,0.1635,-0.7579,-2.8547,-2.4350,-1.5347,0.5560,0.1895,0.5298,-1.6453,-0.7997,-1.2893,2.6553,0.5432,-0.7745,-1.2461,-1.6566,-2.1035,-0.4797,-0.7156,-2.2733,-0.9727,-1.0515,-1.1431,-1.2920,-1.4418,-1.7365,-3.2012,-3.2834,-2.1256,-2.2210,-3.7790,-2.4585,-2.4834,-2.5672,-2.6799,-2.7973,-3.0066,-4.4256,-4.1487,-3.3688,-3.4552,-4.9756,-3.6884,-3.6953,-3.7840,-3.8838,-3.9820,-4.1411,-5.4306,-4.7321,-4.3977,-4.4393,-5.8800,-4.6150,-4.5925,-4.6571,-4.7357,-4.8157,-4.9675,-6.0707,-5.3129,-5.1749,-5.2110,-6.5748,-5.3751,-5.3403,-5.3881,-5.4340
45120.5000000,-4.9006,-4.4341,-2.6415,-3.2209,0.9592,-3.4926,-4.4673,-7.3674,-4.3011,-4.2280,-5.9077,-5.5957,-6.2086,-7.0223,-7.4132,-7.6374,-6.9273,-7.5261,-8.2498,-9.6544,-6.4758,-10.1693,-8.5648,-9.2830,-7.7725,-4.5651,-8.6708,-10.3286,-7.2726,-9.6829,-7.4345,-7.7213,-5.6403,-5.4401,-4.7028,-6.2689,-4.4757,-5.0798,-8.3937,-2.6088,-3.8810,-4.6663,-8.2457,-7.0709,1.4487,-3.4497,-6.4679,-6.6193,-7.7348,-7.4618,-5.1170,-5.4716,-5.2082,-4.9883,-7.0799,-6.0967,-6.4101,-4.7319,-1.5300,-4.2799,-5.0454,-5.8759,-8.5164,-7.5950,-6.7258,-6.5708,-3.9151,-4.1632,-7.9816,-5.2625,-1.9997,-1.4328,-1.5629,-3.9906,-2.2289,1.6187,-0.3693,2.0794,-2.2513,-0.3151,5.8902,3.1832,-1.4231,-3.1861,-5.6746,-5.1903,-2.0626,-4.7321,-1.6829,-4.2589,-2.1783,-1.2922,-1.6647,-3.5209,-6.7010,-6.0772,-5.5466,-2.9615,-5.4865,-6.0538,-6.6169,-5.4931,-6.3830,-6.5441,-5.5999,-5.5683,-7.2490,-7.6763,-9.0579,-5.5715,-8.3334,-7.7104,-5.9731,-6.1148,-7.1689,-5.9928,-7.2137,-5.2224,-5.8009,-5.8940,-6.8872,-5.7380,-6.6476,-5.6503,-5.2863,-3.9530,-4.6044,-2.6362,-5.5401,-6.1739,-5.8654,-6.0855,-5.6796,-4.8105,-2.3681,-4.6776,-4.9436,-3.2368,-4.9136,-5.2603,-5.7982,-3.7995,-4.8348,-4.6634,-3.6018,-5.5783,-5.0530,-1.4604,-3.9366,-4.9211,-3.9061,-4.6109,-4.1376,-2.6760,-3.5179,-0.3593,0.2571,-1.8219,-1.9972,-3.6696,2.3404,-0.7537,-2.0586,-2.3449,-1.9475,-3.7952,-2.3274,-4.0826,-3.5426,-3.7806,-4.8085,-4.3733,-4.0466,-2.1936,-2.6051,-1.6085,-4.0596,-2.7804,-3.2639,0.5788,-1.5925,-2.8578,-3.3946,-3.7209,-3.9287,-3.0433,-3.3120,-5.3528,-3.4172,-3.5214,-3.6228,-3.7809,-3.9263,-4.2306,-5.4596,-5.4896,-4.4871,-4.5266,-6.5200,-4.5997,-4.6623,-4.7913,-4.9463,-5.0952,-5.3422,-6.5837,-6.3934,-5.6977,-5.7533,-7.7051,-5.8593,-5.9049,-6.0464,-6.1950,-6.3343,-6.5394,-7.6846,-7.2040,-6.8647,-6.8932,-8.7574,-6.9858,-7.0107,-7.1342,-7.2642,-7.3845,-7.5805,-8.5397,-7.9987,-7.8379,-7.9016,-9.7057,-8.1499,-8.0605,-8.0876,-8.1347
45120.5416667,-15.9295,-15.3102,-11.6327,-11.1447,-6.4297,-9.8112,-10.7148,-14.6066,-9.5034,-8.1289,-9.8700,-9.7029,-10.2178,-11.6827,-12.4798,-12.7739,-12.1104,-12.4662,-12.2074,-13.8058,-10.6303,-15.0327,-11.6318,-14.1076,-11.1806,-8.2615,-11.9923,-14.0125,-11.1473,-14.4067,-11.8534,-13.1326,-11.0494,-9.1778,-8.9900,-10.8312,-9.4152,-10.5658,-14.6835,-7.7789,-9.2987,-9.6095,-14.9522,-13.6645,-4.3182,-10.8366,-12.6398,-11.5511,-12.9621,-12.5549,-9.1725,-10.2352,-10.0265,-9.3667,-11.3645,-13.0140,-12.5855,-10.2712,-4.9164,-7.5252,-8.3629,-9.1753,-14.2128,-13.5953,-11.9382,-11.5623,-8.8679,-8.9078,-12.8278,-8.9104,-4.9489,-5.4550,-7.2774,-9.1854,-6.1442,-2.0820,-4.1083,-1.2623,-6.4488,-4.7475,5.0240,1.3949,-3.2519,-5.0400,-10.6570,-9.6054,-6.6791,-10.8946,-7.3965,-9.2454,-7.9255,-6.9191,-7.1216,-9.6243,-11.6950,-11.2474,-10.6489,-6.2463,-9.9246,-10.3871,-11.0939,-10.6665,-12.1048,-11.9293,-11.0469,-10.9152,-12.0458,-12.6479,-14.5053,-11.3458,-13.0177,-11.3363,-8.8398,-7.6976,-8.7093,-7.2841,-10.1109,-7.2172,-8.4180,-8.0379,-9.0382,-8.7132,-9.9780,-9.6073,-9.8006,-8.8226,-9.5988,-7.3670,-9.9290,-9.8620,-9.9693,-9.9296,-10.6963,-10.1594,-6.4341,-9.0730,-9.0419,-7.0599,-8.0487,-8.8653,-9.5306,-7.6858,-8.4136,-8.0530,-7.1969,-8.7788,-8.5738,-4.7107,-8.8902,-9.3411,-8.2339,-9.3002,-8.3985,-7.6255,-6.8057,-2.3031,-2.1594,-3.2487,-3.8791,-6.4630,-0.0523,-3.3865,-4.5537,-4.5448,-3.3352,-5.8681,-5.5626,-7.9367,-9.0333,-9.1668,-9.1896,-9.1029,-8.8843,-7.0135,-7.2390,-5.1547,-8.0983,-6.3682,-6.6084,-2.2260,-4.2117,-5.2277,-5.7348,-5.8714,-5.6429,-5.5749,-6.0640,-9.0370,-6.7631,-6.8992,-7.0285,-7.2206,-7.3934,-7.7512,-8.8874,-8.9312,-8.0854,-8.2643,-11.1138,-8.8191,-8.8359,-8.9155,-9.0121,-9.0920,-9.2850,-10.3553,-10.1623,-9.4724,-9.5897,-12.2950,-10.0448,-10.0043,-10.0739,-10.1491,-10.2138,-10.3611,-11.3519,-10.9579,-10.5673,-10.6632,-13.0773,-11.1169,-11.0888,-11.1772,-11.2714,-11.3518,-11.5214,-12.3456,-11.9051,-11.6815,-11.7422,-13.3173,-12.1043,-12.0669,-12.1531,-12.2374
45120.5833333,-13.6714,-12.8403,-10.1933,-9.9223,-6.0423,-8.5588,-11.3474,-17.8649,-12.7814,-10.4481,-12.8991,-13.1163,-13.3447,-14.9947,-16.1679,-16.3630,-15.7903,-15.8976,-14.5292,-16.6435,-13.6808,-18.4883,-13.5485,-18.2472,-14.1792,-11.0460,-15.6636,-16.7602,-13.4683,-16.8065,-15.9565,-17.1936,-15.1618,-10.3054,-9.8597,-11.1940,-9.8841,-11.6214,-16.5365,-9.2964,-10.8957,-10.6335,-17.3528,-14.1063,-6.2353,-15.3197,-16.3658,-14.6619,-16.4094,-15.9696,-12.4373,-13.9370,-13.5149,-12.2021,-13.4179,-18.6785,-17.8435,-15.4239,-7.7564,-9.7157,-10.2474,-10.6962,-17.5767,-17.5405,-15.2629,-13.1329,-11.5509,-12.2348,-17.3285,-12.6256,-7.8253,-6.9751,-8.1784,-11.9209,-7.5503,-4.7263,-6.9262,-5.9330,-10.4493,-8.2357,4.5443,0.8909,-3.1966,-4.6242,-12.0781,-9.1991,-6.6990,-10.1604,-7.2662,-8.2346,-8.0987,-7.3277,-7.7086,-11.2121,-12.2023,-12.4910,-12.1604,-6.2959,-10.9215,-11.3021,-12.3111,-13.0583,-13.6002,-13.5525,-13.3057,-13.4103,-14.1082,-15.5535,-17.6183,-16.5921,-17.5846,-15.3052,-13.7900,-10.4939,-11.0945,-9.1668,-13.1612,-9.6410,-12.2199,-9.6053,-9.4139,-9.4418,-10.4788,-10.4022,-13.0759,-11.1401,-11.4422,-8.7773,-10.7360,-9.7905,-11.6993,-11.2947,-13.1815,-13.3405,-8.8415,-11.7414,-13.2152,-10.1602,-9.8338,-10.6602,-11.1801,-9.1514,-9.0847,-8.6281,-8.4336,-9.5803,-9.7405,-5.9622,-11.5360,-11.6189,-10.2711,-11.9927,-11.3259,-12.1031,-9.5241,-4.3552,-4.5530,-4.5789,-4.9077,-7.9897,-1.3687,-4.4038,-5.0657,-4.5573,-2.4402,-5.1900,-5.6602,-8.2617,-10.9732,-11.1896,-10.1757,-10.9033,-11.8234,-10.5455,-10.7995,-7.6222,-9.7772,-8.4902,-8.5458,-4.2136,-5.7674,-6.3285,-6.7880,-6.8896,-6.0574,-6.5712,-6.9563,-9.2200,-7.4040,-7.4445,-7.4984,-7.6439,-7.7868,-8.1446,-9.1812,-9.2002,-8.4190,-8.5870,-10.8823,-9.1518,-9.1979,-9.3313,-9.4992,-9.6581,-9.9430,-11.0121,-10.9179,-10.3029,-10.4533,-12.6666,-10.9625,-10.9476,-11.0589,-11.1799,-11.2885,-11.4817,-12.4310,-12.1392,-11.7209,-11.7948,-13.7532,-12.1948,-12.1337,-12.2064,-12.2926,-12.3705,-12.5520,-13.3116,-12.9663,-12.7136,-12.7643,-14.1406,-13.1058,-13.0377,-13.1033,-13.1661
45120.6250000,-8.3093,-7.9106,-5.1365,-4.4168,-0.2636,-1.8236,-4.6517,-12.7208,-7.6255,-4.5529,-7.2070,-7.5504,-7.7420,-10.1426,-12.4267,-13.4451,-14.0715,-14.7219,-12.7135,-15.6744,-13.6981,-17.9689,-12.4901,-17.1045,-13.9223,-11.4542,-16.2490,-16.7878,-14.5297,-16.7821,-18.1952,-19.5066,-18.0949,-12.7341,-10.2643,-10.6991,-7.2565,-8.0769,-12.6090,-5.3936,-6.8005,-6.0032,-12.8341,-9.3335,-2.8366,-13.4675,-13.9407,-12.1425,-14.0120,-12.1658,-10.2742,-12.7408,-12.7647,-11.3500,-11.3225,-20.4290,-19.7525,-17.7436,-8.9352,-9.8292,-9.8659,-9.8079,-17.5609,-18.1577,-15.4323,-14.2919,-11.8575,-11.6931,-18.0870,-14.1929,-9.6137,-9.3783,-9.6760,-11.2649,-5.4378,-3.8417,-5.7545,-5.9537,-9.7323,-5.2442,7.2905,3.9025,0.3218,-0.8908,-7.0886,-5.0040,-3.1573,-6.0925,-3.6927,-3.9691,-4.2574,-3.2086,-3.1898,-6.7507,-7.2482,-7.1794,-6.9035,-0.6798,-5.3047,-5.5870,-6.7557,-8.4199,-8.3717,-8.6338,-8.9120,-9.3614,-9.8183,-12.1533,-14.4616,-16.4901,-16.2401,-15.0488,-14.9631,-11.8217,-12.0476,-9.6739,-13.0532,-10.7081,-14.1084,-12.1966,-9.5816,-10.3182,-10.6789,-10.5511,-12.9078,-11.4865,-11.1436,-8.1199,-9.1265,-7.9726,-9.3490,-10.1651,-12.1985,-12.9020,-8.5584,-11.1100,-12.2221,-10.1469,-9.0097,-10.2226,-10.8943,-10.2687,-9.5850,-7.9073,-7.6639,-7.7459,-8.7280,-4.9952,-10.3973,-10.0338,-9.0529,-10.5347,-10.4806,-13.0127,-9.2071,-4.6632,-5.1443,-4.4206,-4.3289,-7.2713,-1.1751,-4.3437,-3.5774,-2.6010,-0.0013,-2.5145,-3.0475,-5.8485,-8.8405,-9.0394,-7.2541,-8.3601,-10.4108,-9.8122,-10.3529,-6.2860,-7.7498,-6.8000,-6.6929,-3.0637,-4.0510,-4.1581,-4.5706,-4.8079,-3.5837,-4.3441,-4.6048,-6.3381,-4.8416,-4.7822,-4.7352,-4.7835,-4.8307,-5.1030,-5.9731,-5.8989,-5.0974,-5.1711,-6.9700,-5.5614,-5.5323,-5.5994,-5.7096,-5.8185,-6.0675,-7.0361,-6.9476,-6.3450,-6.4756,-8.2961,-6.9710,-6.9617,-7.0904,-7.2358,-7.3746,-7.6071,-8.5352,-8.3538,-7.9701,-8.0782,-9.7561,-8.5514,-8.5238,-8.6333,-8.7551,-8.8663,-9.0835,-9.8142,-9.5634,-9.3174,-9.3800,-10.6205,-9.7451,-9.6761,-9.7420,-9.7985
45120.6666667,-16.8041,-16.3897,-12.2600,-10.8398,-6.0941,-6.3229,-7.5533,-13.1879,-7.0796,-3.2321,-4.8225,-3.9546,-3.3444,-5.1820,-7.0305,-7.6328,-8.3855,-9.1005,-6.7975,-10.0793,-9.6088,-12.9366,-8.0693,-12.9924,-10.7923,-9.6159,-13.7101,-13.7919,-13.7991,-14.9153,-18.1481,-19.6988,-19.2422,-14.2125,-12.3298,-12.3323,-8.6913,-8.8873,-11.9530,-5.0759,-5.7706,-4.1606,-9.7140,-6.2030,0.1298,-9.4910,-8.9851,-7.5452,-8.8290,-7.0231,-5.8400,-8.4891,-8.7667,-7.5382,-6.5450,-17.5733,-17.0877,-15.6280,-7.8615,-8.4049,-8.5289,-8.3730,-16.1040,-17.0940,-14.1259,-14.0245,-12.5142,-12.0410,-16.7574,-13.7686,-10.2667,-11.1578,-11.3853,-11.4407,-5.6286,-5.0752,-6.3362,-6.8714,-9.7432,-4.8760,6.9780,4.0695,0.9858,-0.0543,-4.7019,-2.7117,-0.7322,-2.8699,-0.4643,-0.3801,-0.4868,1.0724,1.3945,-1.8761,-2.2631,-1.8500,-1.5412,3.9516,-0.1112,-0.3863,-1.3509,-2.8211,-5.4398,-5.7586,-5.6319,-5.6695,-5.4548,-7.6989,-8.9186,-12.1719,-10.5858,-9.7335,-10.5615,-7.7906,-9.0058,-6.4596,-9.6357,-8.7533,-12.4620,-11.4324,-7.6694,-9.8721,-10.4903,-10.6540,-13.4953,-12.0443,-11.0026,-8.0154,-8.0541,-6.3433,-7.6440,-8.3524,-10.1959,-11.1635,-7.9054,-9.9378,-10.5551,-9.0740,-7.0739,-8.1506,-8.9535,-9.0840,-8.2181,-6.4708,-6.7910,-6.2140,-7.5433,-4.9691,-9.6396,-9.0024,-8.6376,-9.1638,-8.9584,-11.7953,-7.2195,-3.9981,-4.5988,-3.6957,-3.5124,-5.9755,-1.1784,-4.3194,-3.1208,-2.0731,0.4230,-2.0591,-2.0259,-4.5061,-6.9246,-6.5881,-4.2040,-5.4921,-7.7802,-7.6541,-8.3770,-4.2531,-5.1949,-4.4333,-4.2000,-1.3914,-2.0725,-2.0301,-2.3820,-2.6836,-1.5607,-2.1640,-2.3184,-3.6253,-2.3888,-2.2569,-2.1330,-2.0967,-2.0582,-2.2329,-2.9184,-2.7672,-1.9798,-1.9631,-3.3297,-2.1608,-2.0558,-2.0426,-2.0715,-2.1011,-2.2664,-3.0634,-2.9355,-2.3315,-2.3888,-3.8124,-2.7319,-2.6704,-2.7428,-2.8353,-2.9260,-3.1117,-3.9149,-3.7630,-3.3861,-3.4708,-4.8503,-3.8994,-3.8744,-3.9843,-4.1104,-4.2311,-4.4576,-5.1331,-4.9677,-4.7630,-4.8524,-5.9628,-5.2656,-5.2337,-5.3288,-5.4097
45120.7083333,-18.6848,-20.4172,-16.0366,-15.6709,-13.1459,-10.8639,-13.3148,-18.1705,-12.8034,-8.7727,-11.3460,-9.5670,-8.5630,-9.0637,-10.0801,-9.5281,-9.0387,-8.5647,-5.6515,-7.6919,-7.1673,-9.0014,-4.4493,-8.6838,-7.5988,-6.5457,-10.3343,-10.1673,-11.3667,-11.8658,-16.2155,-18.2211,-18.9191,-14.2094,-13.0170,-12.8518,-9.6221,-10.3839,-13.0367,-6.8456,-8.0361,-6.4643,-11.1713,-8.3176,-2.1549,-10.9347,-9.3032,-7.1562,-7.6048,-5.2354,-4.4423,-6.9099,-7.1110,-5.8598,-4.8020,-15.5500,-14.6162,-13.2279,-5.9466,-6.3259,-6.8211,-6.9097,-14.6212,-15.9108,-12.3446,-13.4416,-12.7335,-12.7767,-16.4142,-13.6984,-11.1345,-12.3461,-13.0690,-12.2188,-6.2071,-7.1753,-8.4806,-9.7487,-11.8419,-6.9502,3.8231,0.7302,-2.2188,-3.1214,-7.0797,-5.5763,-3.9051,-5.7373,-3.5267,-3.3374,-3.9554,-1.0625,-0.3198,-3.0916,-3.5664,-2.1841,-1.4946,3.6506,0.0141,-0.2513,-0.8527,-1.7197,-1.9689,-2.4248,-2.7832,-2.9607,-3.2694,-5.6691,-7.0383,-10.4074,-7.9699,-6.6991,-7.3052,-4.7415,-5.8966,-3.1981,-5.9942,-5.4443,-9.3144,-8.6934,-4.8265,-7.3181,-8.4347,-9.0466,-13.3010,-12.6202,-11.7734,-9.2978,-8.9693,-7.0597,-8.2708,-8.5968,-10.3379,-11.2823,-8.7136,-10.5662,-10.8631,-9.8088,-7.3792,-8.3259,-9.0898,-8.9265,-7.6854,-5.8045,-6.4076,-5.6464,-6.7275,-4.6423,-9.1042,-8.2797,-8.3154,-8.5915,-8.4972,-11.4860,-6.1601,-4.4756,-4.9073,-4.0898,-3.1807,-5.4496,-1.4293,-4.5274,-3.3490,-2.4265,-0.1398,-3.6495,-2.8028,-5.4505,-7.5537,-6.8524,-4.3818,-4.6615,-6.7682,-6.8115,-7.4556,-3.5555,-4.3802,-3.8546,-3.7030,-1.1897,-1.9101,-2.0250,-2.4136,-2.6714,-1.8581,-2.3482,-2.5464,-3.6574,-2.6854,-2.5861,-2.4860,-2.4626,-2.4298,-2.5962,-3.2080,-3.0458,-2.2990,-2.2462,-3.3364,-2.3443,-2.1935,-2.1268,-2.0975,-2.0665,-2.1652,-2.8333,-2.6622,-2.0363,-2.0205,-3.1458,-2.2076,-2.0805,-2.0832,-2.1067,-2.1303,-2.2481,-2.9287,-2.7577,-2.3420,-2.3655,-3.4916,-2.6691,-2.5959,-2.6556,-2.7344,-2.8116,-2.9957,-3.5856,-3.4326,-3.2102,-3.2744,-4.2544,-3.6432,-3.6023,-3.6888,-3.7689
45120.7500000,-14.8167,-18.1802,-13.1685,-14.6345,-13.7106,-8.6745,-12.0210,-17.5361,-13.6002,-8.5324,-12.5261,-10.4200,-9.3939,-10.4023,-12.1793,-12.1652,-12.1305,-11.4382,-8.4570,-10.5573,-10.3018,-10.6260,-5.9516,-8.3331,-7.8677,-5.2168,-8.5263,-8.1320,-9.3697,-9.3388,-13.9784,-15.8277,-16.9899,-12.4913,-11.7731,-11.5588,-8.7881,-8.7963,-11.2563,-5.4222,-6.7840,-5.2543,-9.2896,-7.1701,-2.1391,-11.9578,-10.2120,-7.7784,-8.6584,-5.5650,-4.9046,-7.0714,-6.9933,-5.4793,-4.8813,-15.2274,-13.9131,-12.5401,-5.4675,-4.8945,-5.0508,-4.9162,-12.5382,-13.9298,-9.9247,-11.7826,-10.8630,-11.7530,-15.5190,-13.2004,-11.2254,-12.3074,-13.8269,-12.3966,-5.9290,-7.6997,-8.3737,-10.4219,-11.7454,-6.4197,3.6208,0.4754,-2.2064,-2.9460,-6.5718,-5.6643,-4.6316,-6.3734,-4.7021,-4.4064,-6.6836,-2.8388,-2.1298,-5.0838,-6.0265,-4.4640,-3.2379,1.8907,-1.5325,-1.8111,-2.5180,-2.2412,-1.5774,-1.6509,-1.9896,-0.7497,-0.9441,-2.7634,-4.3479,-7.6407,-5.7076,-4.8569,-5.4302,-3.3257,-4.3806,-1.4717,-3.7443,-2.9394,-7.0329,-6.6123,-3.0357,-4.4272,-5.9185,-6.1545,-10.7695,-10.3666,-9.3495,-7.3161,-7.0415,-5.6373,-7.3371,-7.7955,-9.6455,-11.0315,-8.8595,-10.7349,-10.9261,-10.3014,-7.5917,-8.6435,-9.7859,-10.0847,-8.5240,-6.2791,-6.7395,-6.0590,-7.0106,-4.7438,-9.0438,-8.1106,-8.3636,-8.1930,-7.9709,-11.1375,-5.0891,-4.5836,-5.3325,-4.3360,-3.2799,-4.6370,-0.7522,-4.2978,-2.9714,-1.1765,1.1910,-3.2172,-1.5634,-4.5771,-6.7726,-6.1536,-4.1456,-4.3694,-6.3108,-6.6862,-6.6547,-2.7208,-3.4081,-3.0037,-2.8941,-0.2860,-0.9633,-1.1691,-1.5167,-1.5952,-0.9794,-1.3828,-1.6108,-2.5775,-1.8365,-1.8036,-1.7738,-1.8189,-1.8575,-2.0848,-2.7050,-2.6232,-2.0096,-2.0117,-2.9639,-2.1888,-2.0806,-2.0431,-2.0337,-2.0165,-2.1165,-2.7216,-2.5710,-1.9907,-1.9570,-2.8770,-2.0809,-1.9295,-1.8943,-1.8748,-1.8526,-1.9175,-2.4860,-2.3007,-1.8652,-1.8323,-2.7370,-2.0058,-1.8809,-1.8788,-1.8947,-1.9102,-2.0279,-2.5076,-2.3365,-2.0788,-2.0888,-2.9102,-2.3429,-2.2598,-2.2980,-2.3380
45120.7916667,-8.8816,-12.9689,-7.8432,-9.9907,-10.0846,-3.7350,-7.0662,-12.6695,-9.9579,-4.6341,-8.8958,-6.8147,-6.0104,-7.4020,-9.0814,-9.3106,-9.8831,-10.0143,-7.0018,-9.6666,-10.7121,-10.4117,-6.7237,-8.7050,-8.7485,-5.8758,-8.7938,-8.0676,-9.2286,-8.4792,-12.7681,-14.2082,-15.2271,-10.5871,-9.8928,-9.2969,-7.0009,-6.2587,-8.2116,-2.5233,-3.5576,-1.3716,-4.5098,-2.6204,1.7486,-8.2620,-6.6135,-4.5968,-6.0140,-3.0665,-2.7753,-5.0849,-4.9245,-3.4953,-3.0760,-13.3917,-12.3313,-11.0865,-4.4422,-3.2609,-3.2334,-2.6902,-9.2896,-10.8563,-6.7527,-9.0272,-8.0422,-9.2459,-12.9510,-11.2776,-9.8741,-10.8720,-12.5967,-10.6313,-4.9647,-7.5289,-7.9339,-9.6146,-9.8376,-4.7991,5.4379,2.8411,1.3515,0.8261,-2.4277,-1.0509,-0.0895,-1.4742,-0.0975,0.0351,-2.7703,1.0588,1.6044,-2.0508,-2.6850,-2.1667,-0.9028,3.6519,0.5590,0.1308,-1.0641,-0.5902,-0.1738,-0.0954,-0.4814,1.2462,1.0872,-0.1801,-1.5891,-4.2816,-2.8026,-2.3470,-2.8603,-1.2364,-2.1926,-0.1175,-1.4511,-0.4461,-4.0145,-3.7334,-0.8849,-2.0187,-3.1289,-3.0611,-7.4824,-7.3090,-5.6811,-3.7311,-2.8865,-1.8428,-3.4150,-4.1989,-6.0640,-7.6316,-6.2162,-7.6008,-7.7747,-7.7413,-5.0713,-6.3244,-7.8033,-8.8433,-7.4425,-5.4505,-6.1749,-5.3905,-6.5586,-5.3540,-8.4437,-7.4706,-8.0201,-7.6955,-7.3378,-10.5129,-4.6168,-4.4245,-5.3363,-4.1417,-2.9870,-3.7540,-0.2631,-3.6176,-2.1182,-0.0313,2.2415,-1.9406,-0.2933,-2.8936,-5.1092,-4.2498,-2.4284,-2.5947,-4.3648,-5.0033,-4.9545,-1.0764,-1.5446,-1.1502,-1.0126,1.5709,0.9990,0.7380,0.5130,0.6793,1.0419,1.0098,0.8937,0.1806,0.8460,0.9415,1.0280,1.0409,1.0514,0.8854,0.3750,0.4641,1.0063,1.0119,0.2306,0.8467,0.9290,0.9437,0.9288,0.9162,0.7953,0.2365,0.3257,0.7946,0.7913,0.0047,0.6185,0.7251,0.7329,0.7306,0.7341,0.6636,0.1627,0.3080,0.6902,0.7248,-0.0149,0.5927,0.7204,0.7439,0.7548,0.7687,0.6940,0.3120,0.4834,0.7464,0.7759,0.1153,0.6287,0.7436,0.7515,0.7523
45120.8333333,-2.0128,-6.0653,-1.8820,-3.9561,-4.6281,1.2255,-1.5357,-6.3984,-4.5091,0.1908,-3.4652,-1.7296,-1.0486,-2.3984,-4.1417,-4.4054,-5.2149,-5.6918,-2.9404,-5.6195,-7.5690,-6.8809,-3.9512,-6.3628,-6.6323,-4.6437,-6.7942,-6.1034,-8.0357,-7.0987,-11.6946,-13.0412,-14.2427,-9.6827,-9.0276,-7.9750,-5.9365,-4.7999,-5.7009,-0.5648,-1.3089,1.0763,-1.1999,0.6861,5.2180,-3.3128,-1.4514,0.1555,-1.1130,1.1971,1.4220,-0.6429,-0.5647,0.5523,0.7515,-8.7170,-8.0267,-7.1701,-1.7361,-0.8056,-0.8987,-0.5428,-6.1626,-7.6954,-3.9689,-6.0308,-5.1060,-6.1038,-9.0822,-8.2206,-7.6852,-8.8487,-10.1473,-7.9242,-3.3580,-6.2949,-6.5653,-8.3059,-8.3274,-4.0943,5.0873,3.0375,1.9491,1.5353,-0.8635,0.5426,1.8869,0.9114,2.6689,2.6819,1.0252,4.6894,5.6022,2.4238,1.8671,2.3214,3.5249,7.0188,4.7612,4.2834,3.3101,3.9549,3.8952,3.8552,3.5960,4.9977,4.3780,3.1454,1.6347,-0.6675,0.5049,0.6545,0.2485,1.3119,0.5832,1.8964,1.0343,1.8489,-0.9717,-0.8286,0.9841,0.3314,-0.5374,-0.4072,-4.2598,-4.0675,-2.2964,-0.6545,0.2893,0.9269,-0.0888,-0.6834,-2.1139,-3.4695,-2.8257,-3.8995,-3.8259,-3.7963,-1.2602,-2.3986,-3.7147,-5.0146,-3.7901,-2.3297,-3.3338,-2.4796,-3.8089,-3.7848,-6.1630,-5.3272,-6.2863,-6.2399,-6.2031,-9.4488,-3.9893,-4.0927,-5.1534,-3.8886,-2.5850,-3.0835,-0.4457,-3.0363,-1.5896,0.2761,2.2140,-1.0108,0.3604,-1.5177,-3.3416,-2.3640,-0.7359,-0.6701,-2.0804,-2.6754,-2.5807,0.7266,0.4168,0.7897,0.9334,3.3391,2.7985,2.4148,2.3233,2.7467,2.7002,3.1852,3.2032,2.7666,3.3800,3.5660,3.7444,3.8620,3.9737,3.9380,3.6249,3.7791,4.2892,4.3743,3.8485,4.3833,4.5145,4.5873,4.6312,4.6708,4.6165,4.2090,4.3044,4.7001,4.7196,4.1307,4.6063,4.6996,4.7107,4.7094,4.7086,4.6437,4.2346,4.3277,4.6146,4.6259,4.0372,4.4814,4.5668,4.5709,4.5658,4.5642,4.4921,4.1792,4.2996,4.5023,4.5226,4.0042,4.4017,4.4987,4.5136,4.5234
45120.8750000,4.2456,1.0535,4.2730,2.6168,2.0036,6.4360,4.4940,0.0602,1.4143,4.9340,2.1641,3.4138,3.5792,2.9453,1.4312,1.0724,0.2294,-0.2834,1.8199,-0.4316,-2.5289,-1.7666,0.3453,-1.9084,-2.3038,-1.1558,-2.7453,-2.2541,-4.7024,-3.8288,-8.7210,-10.2125,-11.9613,-7.9294,-7.5962,-6.4785,-4.8975,-3.9057,-4.2081,0.1006,-0.2793,1.9032,0.2308,1.9920,6.7929,0.0360,2.0072,3.4662,2.5543,4.1818,4.6801,3.4103,3.6739,4.6612,4.1145,-3.1421,-2.5914,-1.9528,2.4993,3.2016,3.0691,3.2050,-1.4748,-3.0854,-0.1884,-2.1582,-1.8066,-2.8935,-5.2508,-4.9568,-4.9665,-6.3214,-7.3068,-5.0609,-1.5525,-4.3685,-4.4512,-6.1490,-5.9790,-2.4222,5.6383,4.0563,3.0071,2.5569,0.9768,2.0438,3.3868,2.5865,4.2124,3.7621,3.1257,6.4930,7.5013,4.9761,3.9895,4.6928,5.8800,8.2876,6.9496,6.4618,6.0184,7.4569,6.8800,7.0133,7.4536,8.8189,7.9453,7.1405,5.4371,3.8575,4.0990,3.8282,3.5814,3.9927,3.6161,4.2025,3.7164,4.5320,2.4235,2.4819,3.0056,3.0609,2.2672,2.3720,-0.7452,-0.6732,0.8501,2.2776,2.8904,2.8821,2.4160,2.0253,1.0456,0.0275,0.4351,-0.3792,-0.2962,-0.3071,1.6563,0.8511,-0.1328,-1.2269,-0.1900,0.8364,0.0359,0.6966,-0.3057,-0.6239,-2.3924,-1.7209,-2.7710,-3.0069,-3.4618,-6.8750,-2.1810,-2.5558,-3.7368,-2.5481,-1.3461,-1.7791,-0.0355,-1.9229,-0.6851,0.8003,2.3294,-0.0233,1.0617,-0.3016,-1.7707,-0.8866,0.3520,0.6031,-0.3336,-0.7189,-0.5076,2.1053,1.8679,2.1973,2.2907,4.6237,3.9989,3.4179,3.4289,4.1206,3.5984,4.5564,4.6596,4.4454,4.9756,5.2120,5.4443,5.6326,5.8138,5.8820,5.7418,5.9353,6.3945,6.5538,6.2721,6.7423,6.9360,7.0885,7.2186,7.3420,7.3899,7.1731,7.3111,7.6719,7.7639,7.4131,7.8143,7.9515,8.0275,8.0904,8.1479,8.1502,7.8936,7.9894,8.2297,8.2708,7.8745,8.2083,8.2946,8.3208,8.3369,8.3508,8.3071,8.0820,8.1628,8.3080,8.3214,7.9418,8.2149,8.2830,8.2940,8.3023
45120.9166667,8.5730,6.7705,9.0106,7.8766,7.7432,10.1337,9.2548,5.2035,6.4071,8.5162,6.7642,7.5806,6.9476,7.2208,6.2609,5.9019,5.2943,4.7555,5.8290,4.2546,2.6434,3.0710,4.3038,2.7317,2.2925,3.1220,1.6687,1.8872,-0.3701,0.2723,-4.3269,-5.8903,-8.0602,-4.7579,-4.8675,-3.9723,-3.0083,-2.4007,-2.4496,0.9276,0.5929,2.3242,0.9970,2.4646,7.1573,1.6171,3.3757,4.7561,3.9690,5.0182,5.8268,5.3268,5.8301,6.7277,5.1720,0.8422,1.4939,2.1113,5.9698,6.3465,6.2479,6.2244,2.7579,1.4636,3.6716,2.1174,2.2393,1.0144,-1.5215,-1.7567,-2.1636,-3.6114,-4.4182,-2.3984,0.1359,-2.3286,-2.3724,-3.9958,-3.7593,-0.8634,6.0140,4.6833,3.5002,2.9320,2.0743,2.8363,4.2795,3.5930,5.1438,4.1650,4.4434,7.4809,8.4550,6.4209,4.7783,5.6878,6.7894,8.2311,7.4915,6.8563,6.7163,8.8577,8.0619,8.2662,9.3651,10.7077,9.4831,9.3948,7.6117,7.5638,6.8429,6.4696,6.5938,6.3596,6.4755,6.3724,6.2806,7.2552,5.6897,5.6536,4.6727,5.6611,4.8326,5.0680,2.8074,2.7614,3.8465,5.0023,5.0193,4.2144,4.2575,4.0404,3.4646,2.7922,3.2155,2.4928,2.5164,2.5374,3.6888,3.1847,2.4934,1.7482,2.4147,3.0144,2.6282,2.7216,2.2030,2.1188,0.7613,1.2287,0.4168,0.1947,-0.2908,-3.3077,0.3697,-0.0384,-1.1681,-0.2395,0.6526,0.2314,1.4146,-0.0899,0.7887,1.8999,2.9913,1.1539,2.0056,0.8785,-0.3040,0.3668,1.0849,1.4072,0.9029,0.6671,0.8779,2.8148,2.5312,2.7767,2.7606,5.0970,4.2865,3.4771,3.5347,4.4483,3.5164,4.7979,4.9151,4.8365,5.2684,5.5041,5.7400,5.9485,6.1544,6.2847,6.2733,6.4902,6.8901,7.0870,6.9828,7.3910,7.6120,7.8050,7.9828,8.1557,8.2765,8.2154,8.3950,8.7268,8.8752,8.7201,9.0761,9.2523,9.3860,9.5095,9.6279,9.7070,9.6071,9.7449,9.9798,10.0773,9.8734,10.1640,10.2843,10.3610,10.4280,10.4905,10.5103,10.4028,10.5002,10.6390,10.6850,10.4594,10.6747,10.7483,10.7793,10.8017
45120.9583333,10.9315,10.6904,12.0507,11.5042,12.2000,12.3350,12.6098,8.7975,10.0730,10.7397,9.9563,10.3676,8.8101,10.1350,9.7913,9.4191,9.2156,8.6749,8.5282,7.6841,7.0282,6.7963,7.1563,6.5675,6.1535,7.2193,5.5284,5.3372,3.8260,3.9936,0.2176,-1.2918,-3.5400,-0.8753,-1.2506,-0.6364,-0.1301,0.1114,-0.0012,2.6125,2.1899,3.3935,2.2176,3.3258,7.6288,2.7105,3.9570,5.1496,4.2050,4.7614,5.7317,5.7401,6.3496,7.1025,4.6791,2.8081,3.4789,4.0808,7.6049,7.6353,7.6090,7.4663,5.1562,4.3060,5.9092,4.9524,5.3399,4.3653,1.8405,1.3855,0.8644,-0.5590,-1.3487,0.1090,1.7732,-0.1409,-0.2682,-1.7968,-1.6100,0.7273,6.5354,5.3540,3.9681,3.2439,2.9274,3.3767,4.8824,4.1870,5.6266,4.1347,5.1008,7.7946,8.6613,6.9708,4.6814,5.7230,6.7383,7.4594,7.1219,6.3661,6.4124,9.1001,8.1553,8.3957,10.0367,11.3363,9.7309,10.2528,8.2343,9.6990,7.8989,7.4971,8.0678,7.2908,7.9535,7.3051,7.6631,9.0246,8.0013,8.0179,5.6299,7.7240,6.8497,7.4045,6.1211,6.0513,6.6502,7.6041,6.8873,5.2416,5.7065,5.6071,5.3571,4.9982,5.6053,4.8352,4.7400,4.8360,5.0825,4.8022,4.3010,3.9541,4.1600,4.3841,4.4797,3.8504,3.7566,4.1763,3.0355,3.2338,2.7147,2.4692,2.1138,-0.1713,2.3266,2.1447,1.3418,1.9352,2.4674,2.1630,3.3207,2.0381,2.5485,3.4328,4.1400,2.5782,3.3539,2.2751,1.3644,1.7336,1.8241,2.1232,1.9518,1.7992,1.9194,3.2532,2.8611,3.0043,2.8637,5.2057,4.2109,3.2312,3.2904,4.3162,3.1262,4.5463,4.6354,4.6112,4.9371,5.1324,5.3306,5.5127,5.6955,5.8290,5.8679,6.0642,6.3882,6.5768,6.5621,6.8984,7.1101,7.3050,7.4916,7.6768,7.8281,7.8566,8.0500,8.3486,8.5237,8.4925,8.8098,9.0057,9.1731,9.3338,9.4910,9.6212,9.6287,9.7974,10.0320,10.1729,10.1073,10.3773,10.5311,10.6545,10.7702,10.8816,10.9627,10.9554,11.0858,11.2432,11.3360,11.2416,11.4451,11.5501,11.6218,11.6753
45121.0000000,11.4366,12.7751,13.3548,13.4295,15.1863,13.0154,14.4013,11.0580,12.5651,11.8650,11.9802,12.0486,9.6340,12.1520,12.4239,11.9979,12.2188,11.6146,10.1847,9.9641,10.4564,9.3708,8.9095,9.3603,8.9913,10.6551,8.4867,7.8109,7.3698,6.8970,4.2819,2.9085,0.8334,2.9220,2.4616,2.7761,3.0636,3.1027,2.7234,5.1634,4.6555,5.3141,4.1924,4.9839,8.8857,4.2675,4.8503,6.1024,4.7705,4.8886,5.8457,6.0673,6.5802,7.0852,4.0535,3.8439,4.3463,4.8369,8.0445,7.6802,7.6489,7.3553,5.9509,5.4765,6.5152,6.1005,6.8734,6.4814,4.2151,3.9179,3.6259,2.4721,1.6923,2.4980,3.4013,2.2711,2.0160,0.6497,0.7252,2.6591,7.5265,6.4292,4.7791,3.9583,4.0707,4.2039,5.7624,4.9773,6.2892,4.3190,5.7862,8.1217,8.8193,7.3368,4.4829,5.5486,6.4454,6.6456,6.5444,5.6950,5.8171,8.8001,8.1756,8.3561,10.3372,11.5100,9.5075,10.6419,8.2623,10.8904,7.9850,7.4778,8.3793,7.1797,8.2429,7.1910,7.8691,9.5895,9.0105,9.1051,5.5865,8.6259,7.7362,8.7249,8.5504,8.6795,8.9098,9.8288,8.3827,5.9801,6.8405,6.8749,6.9317,6.8862,7.8131,6.9160,6.6704,6.8650,6.1939,6.0663,5.6725,5.7123,5.4312,5.3280,5.8789,4.5243,4.7482,5.7522,4.6982,4.6069,4.3495,3.9944,3.7561,2.2504,3.5481,3.6772,3.3175,3.5251,3.9293,3.7234,5.2053,4.0821,4.2033,4.9834,5.3607,3.9141,4.7719,3.6334,3.0721,3.1551,2.5929,3.2990,3.4060,3.2650,3.1962,3.9677,3.4086,3.4214,3.1363,5.4673,4.2953,3.1865,3.2157,4.2683,2.9305,4.3590,4.3954,4.3745,4.5954,4.7309,4.8715,5.0041,5.1399,5.2448,5.2874,5.4396,5.6816,5.8340,5.8500,6.1073,6.2824,6.4484,6.6108,6.7745,6.9169,6.9774,7.1518,7.4001,7.5664,7.5937,7.8598,8.0455,8.2134,8.3783,8.5424,8.6894,8.7538,8.9289,9.1503,9.3089,9.3276,9.5752,9.7447,9.8941,10.0385,10.1803,10.3014,10.3621,10.5161,10.6884,10.8166,10.8165,11.0182,11.1519,11.2590,11.3406
45121.0416667,10.6940,13.3540,13.2394,13.8686,16.7709,12.4000,14.7981,11.4479,13.2261,11.2900,12.2101,12.0066,8.9270,12.2894,13.3189,13.0335,13.9424,13.4317,10.8387,11.2733,13.0534,11.0205,9.8312,11.2830,10.9582,13.4037,10.5555,9.3818,10.1152,8.9159,7.6034,6.3964,4.6533,6.2017,5.7830,5.7775,6.0301,6.0047,5.2018,7.4553,7.0200,7.2208,6.1728,6.8107,10.6095,6.3420,6.2833,7.1589,5.5606,5.3662,6.3629,6.7976,7.2336,7.5070,4.0375,5.0303,5.2466,5.5369,8.3713,7.5696,7.4349,6.9416,6.1441,5.8855,6.3771,6.3154,7.3377,7.2858,5.3839,5.4313,5.5644,4.8627,4.1332,4.3807,4.6363,4.5021,4.1604,3.0638,3.0174,4.6506,8.7212,7.6945,5.7390,4.6558,5.2067,5.0932,6.8145,5.9433,7.1981,4.7787,6.7146,8.7386,9.2664,7.9320,4.5893,5.6415,6.4152,6.2294,6.2568,5.3355,5.4709,8.6140,7.4380,7.6526,9.9739,11.1286,8.8959,10.3231,7.7996,11.5009,7.6756,7.0936,8.1959,6.7036,8.0027,6.6758,7.5232,9.4735,9.2055,9.3339,5.0401,8.6477,7.7184,9.0561,9.9001,10.2901,10.2181,11.2056,9.1000,6.1119,7.3259,7.5334,7.9116,8.2090,9.5915,8.5974,8.2597,8.6345,7.1114,7.1312,6.8241,7.2423,6.4943,6.1187,7.0805,5.0589,5.5125,7.0890,6.0307,5.6516,5.6090,5.0937,4.9287,4.1353,4.3131,4.7375,4.8372,4.6611,4.6185,4.5561,6.5948,5.4914,5.2982,6.0943,6.2162,4.8149,5.9077,4.6876,4.5938,4.4526,3.2645,3.9172,4.5562,4.6518,4.5308,4.8656,4.1730,4.1198,3.7300,6.1361,4.7879,3.5546,3.5560,4.6282,3.1642,4.5814,4.5542,4.5062,4.6237,4.6854,4.7528,4.8174,4.8871,4.9387,4.9510,5.0406,5.1943,5.2906,5.2970,5.4703,5.5909,5.7081,5.8258,5.9470,6.0564,6.1123,6.2479,6.4360,6.5708,6.6130,6.8195,6.9735,7.1174,7.2611,7.4060,7.5410,7.6215,7.7786,7.9689,8.1181,8.1735,8.3858,8.5466,8.6950,8.8413,8.9870,9.1198,9.2124,9.3693,9.5397,9.6808,9.7354,9.9274,10.0731,10.1982,10.2947
45121.0833333,8.9394,12.5124,11.9644,13.0617,17.0230,11.0028,14.1824,10.9778,13.0468,10.2520,11.7638,11.3695,7.8989,11.8646,13.3970,13.0865,14.4681,13.9530,10.3196,11.2441,14.3405,11.3963,9.6505,12.0638,11.8518,15.3272,11.7114,10.0836,12.0827,10.1102,10.1970,9.1785,7.8611,8.8658,8.5677,8.2097,8.5519,8.5553,7.2061,9.2557,8.9436,8.7153,7.7207,8.3048,12.2686,8.4114,7.7537,8.2286,6.3529,5.9162,6.9924,7.6409,8.0475,8.1481,4.2982,6.3771,6.3503,6.4823,9.0397,7.8499,7.6119,6.9363,6.5647,6.4258,6.4080,6.5380,7.6199,7.5795,5.6371,5.9571,6.5397,6.3641,5.7075,5.4699,5.2164,6.1557,5.7838,5.0753,4.9376,6.4174,9.8501,8.9067,6.6218,5.2400,6.2154,5.8932,7.8537,6.8931,8.1509,5.2868,7.7099,9.5044,9.9020,8.6983,4.9019,5.9627,6.6548,6.1954,6.3141,5.3482,5.4877,8.7344,6.3759,6.6104,9.1255,10.2573,7.8979,9.4574,6.8646,11.3697,6.8930,6.3145,7.5740,5.9552,7.3992,5.9566,6.9073,9.0137,8.9994,9.1623,4.4410,8.2912,7.3254,8.8805,10.5660,11.1627,10.7727,11.8350,9.1348,5.7434,7.1808,7.5242,8.1697,8.7851,10.6740,9.6207,9.2554,9.8898,7.6304,7.8215,7.6265,8.4495,7.3079,6.7422,8.1115,5.5149,6.1651,8.3152,7.2175,6.5805,6.7247,6.0249,5.8961,5.7287,4.9105,5.5978,6.1356,5.5890,5.0318,5.0446,7.6542,6.4831,6.0086,6.8574,6.7727,5.3625,6.7086,5.3670,5.7283,5.3872,3.6276,4.1277,5.2311,5.5922,5.4563,5.4447,4.6427,4.5724,4.1208,6.7154,5.2159,3.8717,3.8806,5.0328,3.4496,4.9341,4.8885,4.8456,4.9134,4.9421,4.9734,5.0015,5.0317,5.0486,5.0377,5.0785,5.1627,5.2079,5.1921,5.2899,5.3529,5.4146,5.4779,5.5450,5.6057,5.6317,5.7138,5.8339,5.9203,5.9458,6.0853,6.1918,6.2939,6.3983,6.5059,6.6090,6.6770,6.7992,6.9462,7.0675,7.1266,7.2944,7.4292,7.5573,7.6856,7.8151,7.9371,8.0331,8.1741,8.3258,8.4590,8.5340,8.7037,8.8425,8.9662,9.0627
45121.1250000,8.3988,12.3774,11.3738,12.6655,17.3275,10.0550,13.5486,10.4667,12.5528,9.1373,10.9202,10.3282,6.7017,10.8510,12.7543,12.4869,14.3079,13.8458,9.5166,10.7478,14.8770,11.1675,9.0436,12.1016,11.9509,16.3742,12.0149,10.0001,13.1799,10.4846,11.9626,11.1727,10.4044,10.8870,10.7790,10.0360,10.5511,10.6414,8.6425,10.7125,10.4896,9.8021,8.8154,9.3804,13.6665,10.2304,8.9812,9.1071,6.9921,6.3688,7.5497,8.4362,8.8635,8.8385,4.6194,7.7495,7.5196,7.5281,9.9037,8.3729,8.0624,7.2494,7.2364,7.2164,6.7774,7.0642,8.1798,8.0823,5.6498,6.0129,6.9000,7.1641,6.5298,5.8327,5.1984,7.0886,6.7028,6.4204,6.2050,7.6350,10.5476,9.6943,7.0842,5.4815,6.8575,6.3809,8.6456,7.6157,8.9425,5.6572,8.5976,10.2451,10.5604,9.4952,5.2661,6.3773,7.0301,6.3603,6.5538,5.5551,5.7041,9.0297,5.9183,6.0801,8.5813,9.5896,7.1158,8.6875,6.0067,10.8991,5.9725,5.3857,6.6855,5.0528,6.5213,5.0729,6.0470,8.2063,8.3837,8.5910,3.7853,7.6573,6.7210,8.4232,10.7868,11.5813,10.9081,12.0392,8.8432,5.2369,6.7596,7.1706,7.9823,8.8265,11.1609,10.0310,9.6400,10.5304,7.6481,7.9974,7.9202,9.1333,7.6758,6.9929,8.7524,5.7007,6.5420,9.2491,8.1086,7.2630,7.6148,6.7973,6.7353,7.1540,5.4563,6.3742,7.3205,6.4177,5.5446,5.5869,8.7358,7.4606,6.7088,7.6100,7.3365,5.8684,7.4404,5.9374,6.6822,6.1264,3.8547,4.3206,5.7438,6.3057,6.1250,5.8106,4.8980,4.8085,4.3008,7.0934,5.4493,4.0025,4.0211,5.2603,3.5653,5.1375,5.0897,5.0633,5.1116,5.1335,5.1567,5.1774,5.1989,5.2108,5.2029,5.2292,5.2842,5.3122,5.2979,5.3595,5.3969,5.4327,5.4687,5.5066,5.5394,5.5481,5.5941,5.6656,5.7141,5.7212,5.8054,5.8677,5.9274,5.9892,6.0539,6.1165,6.1563,6.2339,6.3297,6.4097,6.4490,6.5636,6.6577,6.7491,6.8426,6.9388,7.0319,7.1090,7.2187,7.3374,7.4455,7.5158,7.6519,7.7684,7.8749,7.9590
45121.1666667,7.6365,11.8940,10.6403,12.1079,17.3866,9.2314,12.9647,10.1107,12.2687,8.4840,10.4331,9.7204,6.1015,10.0747,12.1246,11.7857,13.7931,13.2745,8.4952,9.8485,14.6950,10.4241,8.1152,11.5610,11.4742,16.6910,11.7235,9.4656,13.5618,10.2877,12.9180,12.3272,12.1082,12.1245,12.2470,11.1466,11.9010,12.1328,9.4555,11.9027,11.7722,10.6222,9.6134,10.1687,14.8358,11.7334,9.8225,9.6191,7.2310,6.4441,7.7101,8.8239,9.2939,9.1699,4.6113,8.7810,8.4012,8.3256,10.5890,8.7566,8.4081,7.4986,7.8171,7.9364,7.1566,7.6081,8.8125,8.6861,5.7494,6.0510,7.1108,7.6884,6.9956,5.8094,4.9032,7.4904,7.0486,7.1448,6.8316,8.2403,10.6998,9.9135,7.0068,5.2489,6.9344,6.3388,8.8877,7.7977,9.2151,5.5703,8.9890,10.5516,10.8258,9.9118,5.3046,6.4983,7.1529,6.3267,6.5940,5.5835,5.7633,9.2052,5.6121,5.7466,8.2256,9.1478,6.6413,8.2084,5.5284,10.5734,5.3543,4.7232,5.9548,4.3572,5.7353,4.3288,5.2301,7.3088,7.5768,7.7796,3.1108,6.7859,5.8918,7.6378,10.4863,11.4642,10.5845,11.7898,8.2562,4.6315,6.1613,6.6173,7.5308,8.5305,11.2209,10.0177,9.5956,10.6879,7.3232,7.7699,7.7687,9.2837,7.5719,6.8092,8.8744,5.4951,6.4764,9.6627,8.4786,7.4689,8.0276,7.1653,7.2220,8.2269,5.7694,6.8991,8.2395,7.0166,5.8742,5.9740,9.6777,8.2841,7.2699,8.2457,7.8111,6.2707,8.0759,6.4141,7.5192,6.7655,4.0559,4.5584,6.2354,6.9601,6.7171,6.1344,5.1111,4.9926,4.4268,7.3836,5.5984,4.0596,4.0752,5.3738,3.5853,5.2148,5.1550,5.1310,5.1583,5.1687,5.1809,5.1923,5.2051,5.2121,5.2065,5.2244,5.2623,5.2823,5.2742,5.3176,5.3449,5.3712,5.3977,5.4255,5.4499,5.4577,5.4904,5.5400,5.5738,5.5793,5.6364,5.6782,5.7180,5.7587,5.8011,5.8416,5.8664,5.9164,5.9783,6.0294,6.0530,6.1272,6.1876,6.2464,6.3069,6.3696,6.4306,6.4816,6.5550,6.6354,6.7094,6.7591,6.8540,6.9368,7.0135,7.0747
45121.2083333,6.9204,11.3039,9.8961,11.4828,17.2534,8.5016,12.3349,9.7588,11.9388,7.9353,9.9633,9.1754,5.6438,9.4800,11.6140,11.2404,13.3794,12.8153,7.7966,9.1453,14.4345,9.7618,7.3621,10.9341,10.8544,16.6334,11.1811,8.7538,13.4533,9.7376,13.2536,12.8462,13.1419,12.7562,13.1125,11.6968,12.7013,13.0960,9.8068,12.5442,12.5865,11.0842,10.0970,10.7138,15.8692,13.1009,10.5452,10.1187,7.4636,6.5538,7.9172,9.2037,9.6911,9.4641,4.5973,9.6270,9.0566,8.8937,11.0962,8.9594,8.5690,7.5668,8.1760,8.4399,7.3648,7.9896,9.3378,9.1247,5.8620,6.1525,7.3730,8.2393,7.4757,5.8032,4.7231,7.8072,7.2847,7.7159,7.3134,8.7240,10.8123,10.0830,6.9313,5.0363,6.9187,6.2186,8.9740,7.8176,9.2993,5.3725,9.1512,10.6476,10.8810,10.0788,5.1520,6.3911,7.0479,6.1248,6.4481,5.4365,5.6409,9.1914,5.1770,5.3196,7.7893,8.6775,6.2122,7.6327,5.0625,10.2454,4.9252,4.3169,5.4839,3.9727,5.2563,3.9323,4.7527,6.7139,7.0288,7.2047,2.7585,6.1158,5.2429,6.9174,10.0390,11.1055,10.0313,11.2759,7.5304,4.0149,5.4712,5.9344,6.8903,7.9885,10.9519,9.7127,9.2849,10.5473,6.8698,7.3757,7.4260,9.1565,7.2730,6.4673,8.7308,5.1607,6.2002,9.7417,8.5251,7.3964,8.1042,7.1874,7.3356,8.8571,5.7881,7.1043,8.8188,7.3317,5.9902,6.1439,10.3925,8.9038,7.6741,8.7470,8.1894,6.5780,8.6128,6.7958,8.2323,7.2999,4.2157,4.6786,6.6113,7.5273,7.2585,6.4686,5.3613,5.2312,4.6251,7.7516,5.8460,4.2312,4.2465,5.6004,3.7348,5.4143,5.3429,5.3159,5.3235,5.3198,5.3174,5.3146,5.3131,5.3080,5.2945,5.2978,5.3155,5.3218,5.3096,5.3332,5.3468,5.3606,5.3753,5.3915,5.4059,5.4095,5.4308,5.4644,5.4878,5.4922,5.5323,5.5626,5.5919,5.6221,5.6536,5.6839,5.7035,5.7403,5.7855,5.8234,5.8423,5.8956,5.9397,5.9826,6.0264,6.0716,6.1154,6.1520,6.2038,6.2604,6.3126,6.3479,6.4141,6.4722,6.5262,6.5695
45121.2500000,6.6614,11.0319,9.4679,11.0738,17.1547,7.9722,11.7828,9.5150,11.6795,7.5365,9.5865,8.7463,5.3380,9.0094,11.1854,10.7951,13.0088,12.4119,7.3031,8.6434,14.2037,9.2858,6.8858,10.4737,10.3922,16.5361,10.7277,8.2378,13.2949,9.2639,13.3876,13.1035,13.8100,13.0274,13.5629,11.8625,13.0646,13.6055,9.8242,12.9795,13.1216,11.2755,10.2935,10.9554,16.5801,14.1445,11.0207,10.5860,7.7179,6.7180,8.1663,9.6087,10.1292,9.8246,4.7059,10.5475,9.8175,9.5774,11.7387,9.2833,8.8287,7.7286,8.5943,8.9931,7.6370,8.3945,9.8329,9.5888,5.9367,6.2138,7.5625,8.7100,7.9024,5.8523,4.6476,8.1020,7.5041,8.2139,7.7326,9.1413,10.8729,10.1602,6.7917,4.8380,6.8818,6.1264,9.0625,7.8601,9.4022,5.2568,9.3108,10.7365,10.9252,10.2222,5.0545,6.3165,6.9517,5.9391,6.2772,5.2612,5.4745,9.0698,4.9700,5.0796,7.4643,8.2715,5.8310,7.2213,4.7268,9.8935,4.5474,3.9657,5.0579,3.6374,4.8311,3.5955,4.3542,6.1932,6.5469,6.7230,2.5626,5.6503,4.8330,6.4199,9.6981,10.8054,9.5462,10.7657,6.8972,3.5680,4.9141,5.3496,6.2849,7.4059,10.5118,9.2424,8.8070,10.1772,6.3242,6.8668,6.9710,8.8347,6.8590,6.0400,8.4036,4.7847,5.8483,9.6038,8.3692,7.1738,7.9971,7.0568,7.2611,9.1869,5.6595,7.0838,9.0799,7.3694,5.9975,6.1848,10.9020,9.2994,7.9064,9.0699,8.4093,6.7313,8.9967,7.0533,8.8202,7.7414,4.3456,4.9250,7.0320,8.0773,7.7479,6.7554,5.5550,5.4057,4.7568,8.0426,6.0052,4.3103,4.3301,5.7482,3.8033,5.5476,5.4716,5.4530,5.4551,5.4472,5.4400,5.4330,5.4280,5.4235,5.4173,5.4197,5.4246,5.4211,5.4093,5.4182,5.4175,5.4167,5.4173,5.4200,5.4245,5.4264,5.4387,5.4535,5.4616,5.4620,5.4836,5.4963,5.5089,5.5236,5.5407,5.5599,5.5767,5.6041,5.6328,5.6569,5.6733,5.7100,5.7380,5.7658,5.7954,5.8272,5.8605,5.8925,5.9334,5.9742,6.0126,6.0441,6.0932,6.1339,6.1716,6.2017
45121.2916667,5.9044,10.1664,8.5207,10.0096,16.1848,6.7409,10.3467,8.2232,10.3882,6.2448,8.1765,7.3399,4.1052,7.6051,9.7998,9.4622,11.7404,11.0975,6.0478,7.4091,13.1238,8.0356,5.7750,9.3079,9.2321,15.5603,9.4286,6.9625,12.2427,8.0561,12.6849,12.5167,13.5783,12.4769,13.1096,11.1680,12.4745,13.0506,8.8447,12.3539,12.4228,10.3016,9.2131,9.9135,15.9743,13.7797,10.2359,9.9062,6.9572,5.9689,7.4901,9.0080,9.5357,9.1477,3.8431,10.3241,9.5657,9.2587,11.4471,8.6850,8.1277,6.9341,7.9292,8.5223,7.0426,7.9703,9.6196,9.4648,5.7035,6.0490,7.4859,8.7228,7.7527,5.3890,4.2008,7.8025,7.0140,7.8455,7.1156,8.3855,9.8063,8.9227,5.2820,3.2709,5.2149,4.4576,7.4718,6.2042,7.7993,3.6231,7.7630,9.1347,9.3291,8.7226,3.5358,4.8804,5.5514,4.6064,4.8421,3.8429,4.0633,7.6409,3.9579,4.0147,6.2711,6.9624,4.5836,5.9554,3.6725,8.8719,3.6667,3.2252,4.2872,2.9589,4.0272,2.8820,3.5125,5.1942,5.4312,5.5530,1.7163,4.5722,3.7777,5.3090,8.5751,9.7152,8.3174,9.4718,5.5573,2.4995,3.7535,4.1788,5.0884,6.1819,9.3165,8.0280,7.6122,9.0323,5.1268,5.6776,5.8307,7.7826,5.7749,5.0097,7.3727,3.8014,4.8730,8.7234,7.4054,6.1544,7.0695,6.2155,6.5494,8.8065,5.0281,6.5401,8.6385,6.7119,5.2941,5.4335,10.5230,8.6987,7.1574,8.3628,7.6257,5.7975,8.2354,6.1846,8.2621,7.1810,3.6708,4.4535,6.7910,7.9996,7.6051,6.4965,5.1469,4.9854,4.2604,7.7018,5.4743,3.6696,3.6228,5.0358,3.0548,4.7982,4.6542,4.5450,4.5467,4.4883,4.4348,4.3837,4.3472,4.3073,4.2822,4.2964,4.3334,4.3067,4.2364,4.2754,4.2522,4.2254,4.2005,4.1824,4.1705,4.1365,4.1710,4.2239,4.2156,4.1616,4.2166,4.2087,4.1934,4.1805,4.1734,4.1737,4.1509,4.1953,4.2513,4.2558,4.2132,4.2801,4.2845,4.2814,4.2810,4.2867,4.2983,4.2943,4.3495,4.4081,4.4274,4.4004,4.4806,4.4994,4.5085,4.5136
45121.3333333,4.6041,8.7308,7.2142,8.5436,14.7140,5.5275,8.4810,6.2053,8.4170,4.4178,5.8835,4.9421,1.8312,4.8837,6.8183,6.5459,8.7787,8.1669,3.2933,4.7271,10.4717,5.5214,3.6465,7.0903,6.9870,13.4361,7.0575,4.7584,10.1897,5.8109,10.6528,10.5440,11.8593,10.6008,11.1283,9.2351,10.7955,11.2483,6.7712,10.7182,10.4299,8.3327,6.8626,7.6766,14.1751,11.9142,8.1952,8.0448,5.0886,4.2692,5.9377,7.2245,7.6436,7.1928,1.8243,8.3323,7.5224,7.3891,9.5228,6.7660,6.0734,4.7957,5.5406,6.3499,5.0050,5.9770,7.8029,7.7694,4.3128,5.2375,6.9126,8.1775,7.1316,4.2449,3.4675,7.0310,5.8289,6.6916,5.7005,6.8581,8.3209,7.3412,3.4680,1.3084,2.7564,2.0961,4.9860,3.6604,5.2178,1.3419,5.0886,6.2666,6.2997,5.5653,0.5981,1.7212,2.4215,1.8822,1.6793,0.7889,0.8271,4.2214,1.3149,1.3632,3.4603,4.0314,1.7228,3.0688,1.2053,6.4643,1.5992,1.4730,2.6117,1.5087,2.4743,1.5497,2.0335,3.5771,3.7957,3.7775,0.2550,2.8702,1.9609,3.4159,6.3675,7.5480,6.1324,7.2357,3.2299,0.4790,1.5736,1.9215,2.7672,3.8086,6.8240,5.6465,5.3669,6.8603,3.1910,3.6088,3.7757,5.8393,3.9009,3.2415,5.4633,2.1344,3.1064,6.9417,5.6575,4.3560,5.3203,4.5714,5.0328,7.4727,3.7668,5.5147,7.5207,5.2825,3.9702,3.7203,9.2398,7.0145,5.4079,6.6186,6.0633,4.0581,6.3832,4.3311,6.3663,5.3919,1.9920,2.8477,5.2705,6.7134,6.2638,5.3172,3.7237,3.7184,2.9414,6.6315,4.2242,2.3634,2.0961,3.4459,1.6424,3.4677,3.2318,2.8086,3.0181,2.8738,2.7345,2.5891,2.4607,2.2567,2.0088,2.0540,2.3303,2.2460,1.8746,2.1387,2.0562,1.9631,1.8714,1.7948,1.7320,1.4417,1.5197,1.8199,1.7700,1.4328,1.7167,1.6697,1.6031,1.5408,1.4919,1.4605,1.1993,1.3084,1.5868,1.5668,1.2640,1.5608,1.5351,1.4873,1.4426,1.4092,1.3840,1.1438,1.3327,1.4324,1.4386,1.1665,1.4879,1.4858,1.4597,1.4343
45121.3750000,0.6363,4.5664,3.6336,4.8225,11.0532,2.7208,4.5961,2.6239,5.5725,2.1180,3.1671,2.1192,-0.8179,1.1595,2.3126,2.4846,4.5528,3.8426,-0.5354,0.3222,6.1998,0.8172,-0.5845,2.6786,3.0922,8.8943,3.1514,0.4830,6.2688,1.8669,6.8416,7.1703,8.7081,7.1293,7.7710,4.9194,7.1848,7.4807,3.2485,8.0147,6.8446,5.5239,3.1670,4.1595,10.7064,8.1409,4.0053,3.7645,1.1489,0.6277,2.8961,3.8945,4.3353,4.0318,-1.0684,4.6513,3.6916,4.3255,5.8169,3.7303,2.8852,1.5434,1.4104,2.4475,1.6860,2.4578,4.7494,4.3926,0.7851,3.0913,5.4276,6.5535,5.8217,2.3100,2.5490,6.0040,4.2561,4.6793,3.0782,4.0910,6.7376,5.4351,1.3462,-0.7908,-0.8256,-1.0967,1.6006,0.3035,1.7199,-1.4345,1.8739,2.6130,2.0799,1.3401,-3.1850,-2.3145,-1.7638,-1.1924,-2.3438,-3.1974,-3.8206,-1.0353,-2.9867,-2.9187,-1.0628,-0.5522,-3.0652,-1.7000,-3.1376,2.1176,-2.1419,-1.7564,-0.4652,-1.1951,-0.4170,-0.4047,-0.3896,0.9489,1.0889,0.9490,-2.1910,0.3190,-0.8248,0.8764,3.1212,4.3987,3.3537,4.5231,0.4485,-1.9442,-1.1117,-1.0156,-0.3390,0.5664,2.8581,1.9005,1.8461,3.6522,0.2344,0.4036,0.5802,2.6996,0.9210,0.5749,2.4102,-0.3110,0.7518,4.2124,2.7287,1.1683,2.2691,1.9087,2.7410,5.2386,1.9803,4.4984,6.1943,3.4071,2.5919,1.6395,7.8004,4.7299,3.1319,3.9853,3.9998,1.8382,3.5459,1.9234,3.2883,2.2820,-0.7097,0.0825,2.2844,4.1300,3.6272,3.2220,1.1368,1.5891,0.7896,4.8957,2.3273,0.4777,-0.3862,0.7841,-0.5621,1.6302,1.2922,0.1719,1.0071,0.7766,0.5544,0.3169,0.1058,-0.1549,-1.1191,-1.0093,-0.0528,-0.1987,-1.2738,-0.3831,-0.5518,-0.7424,-0.9336,-1.0998,-1.2405,-2.2162,-2.0486,-1.1307,-1.2320,-2.2638,-1.3328,-1.4449,-1.5933,-1.7360,-1.8560,-1.9437,-2.8559,-2.6777,-1.8345,-1.8610,-2.8327,-1.8878,-1.9623,-2.0757,-2.1845,-2.2743,-2.3514,-3.1855,-2.4321,-2.3566,-2.3748,-3.2975,-2.3466,-2.3821,-2.4585,-2.5266
45121.4166667,-6.1720,-3.0434,-3.1444,-2.0678,6.3605,-1.9064,-1.7728,-4.4710,-0.3578,-2.7641,-2.1111,-3.1603,-5.5530,-4.0746,-3.6808,-3.5284,-1.5351,-2.1180,-5.4927,-5.4274,1.1790,-4.6178,-5.3912,-2.7215,-1.2665,3.3295,-2.2796,-5.8932,0.1615,-4.2266,-0.2490,0.9381,3.3176,2.5048,3.0272,-0.0601,2.0304,0.9693,-2.6999,3.3616,1.3139,0.2129,-3.5795,-2.3421,6.0027,1.9796,-1.5943,-2.3231,-3.6520,-3.9891,-0.8243,-0.4654,-0.1660,-0.2416,-4.5403,-0.8270,-2.2931,-0.1978,0.9368,-1.5174,-2.3767,-3.5900,-5.2792,-4.1113,-3.7269,-3.1555,0.3554,0.0025,-4.3221,-1.0594,2.4342,3.0060,3.2120,-0.7258,1.0147,4.5409,2.1959,3.5728,-0.4980,0.3821,5.9870,3.6279,-0.7187,-2.7548,-5.2841,-5.1208,-3.0398,-4.3885,-2.5259,-4.6308,-2.2475,-1.8636,-3.1315,-4.2271,-7.7662,-7.0651,-6.5026,-4.2265,-6.5575,-7.2831,-8.2272,-6.4637,-8.2727,-8.1662,-6.8397,-6.6737,-9.0432,-8.6634,-9.4968,-4.4207,-7.6563,-6.5888,-4.5203,-5.3127,-5.7135,-4.1372,-4.7687,-2.8934,-2.9609,-3.2088,-6.0052,-3.7278,-5.3340,-3.5722,-2.8347,-1.1404,-1.5310,0.3591,-3.3601,-4.9977,-4.2609,-4.3314,-3.7237,-2.9253,-1.2103,-3.5427,-3.2576,-0.5570,-3.3817,-4.0726,-3.9639,-1.4495,-2.7827,-3.0261,-2.1195,-4.4987,-3.1836,1.0060,-0.8632,-3.4085,-1.9845,-2.7907,-1.5721,0.9907,-1.5047,2.3223,3.7001,-0.2069,0.4547,-1.2847,5.6322,2.2172,0.5362,-0.3637,0.5405,-1.4912,-0.4838,-1.0890,-0.6215,-1.4919,-3.7576,-3.2469,-1.8569,0.5901,0.0246,0.5299,-2.4257,-1.0708,-1.8470,2.7700,0.0653,-1.7416,-2.7711,-3.3066,-3.8459,-1.0541,-1.4659,-3.8200,-1.7238,-1.9718,-2.2122,-2.4757,-2.7066,-2.9753,-5.1209,-4.8940,-2.7468,-2.9022,-5.1866,-3.0967,-3.2984,-3.5364,-3.7832,-4.0051,-4.2054,-6.3425,-6.0533,-4.1231,-4.2708,-6.4987,-4.4443,-4.6077,-4.8233,-5.0364,-5.2272,-5.3978,-7.4548,-6.1843,-5.6692,-5.7604,-7.8802,-5.8468,-5.9499,-6.1065,-6.2603,-6.3917,-6.5126,-8.2832,-6.6310,-6.5610,-6.5921,-8.5513,-6.5799,-6.6234,-6.7230,-6.8125
45121.4583333,-13.1888,-11.7869,-8.9202,-9.1395,-0.6878,-8.0257,-8.7273,-13.0678,-7.4125,-8.0826,-8.0177,-8.0555,-9.8634,-9.5843,-9.7422,-9.9160,-8.2673,-8.7254,-10.7039,-11.9765,-4.7971,-11.0590,-10.2934,-10.0773,-6.9446,-2.4073,-7.5078,-10.8350,-5.8942,-10.5494,-6.5393,-6.5136,-3.8156,-2.7401,-1.8799,-5.1936,-3.3232,-6.2982,-10.3150,-2.6110,-4.2378,-4.9127,-10.5911,-9.2420,1.8540,-4.5811,-7.4719,-9.1901,-9.1418,-9.4479,-5.1366,-5.4603,-5.1432,-4.6373,-7.6909,-6.1392,-8.1152,-3.7591,-2.0486,-4.9046,-6.0520,-7.3392,-11.5889,-10.7400,-8.5789,-9.1105,-5.5897,-6.0769,-10.2208,-6.0081,-1.3499,-2.0505,-0.4797,-4.3856,-1.1312,2.9380,0.0489,2.7200,-4.0874,-2.7549,6.4679,3.1046,-1.4315,-3.3698,-8.9677,-8.2010,-7.3401,-9.5744,-5.2777,-6.9805,-5.3318,-5.0024,-6.2480,-8.3758,-10.7522,-10.6045,-10.2799,-6.1090,-9.8556,-10.5086,-11.6221,-11.2830,-13.1155,-12.9408,-12.2461,-12.3173,-13.9922,-15.4722,-16.1610,-12.0238,-13.9124,-12.7503,-9.5185,-9.5210,-11.5493,-7.9945,-9.3835,-6.9024,-7.1247,-7.5687,-9.4934,-8.1199,-9.4192,-8.3308,-9.9734,-6.9893,-7.3084,-4.8049,-8.0024,-8.6837,-8.0562,-8.1853,-7.1572,-5.7267,-3.7172,-8.2079,-8.9657,-5.6476,-6.8880,-7.7068,-9.0981,-6.0695,-6.9498,-6.8848,-5.9260,-8.4730,-7.4449,-2.6096,-4.8186,-7.5084,-5.4392,-7.6805,-6.7190,-4.1043,-5.2329,-0.1151,0.5347,-3.8959,-2.5057,-5.0615,2.6594,-0.7555,-2.2765,-5.2335,-3.7607,-5.0602,-3.9530,-4.9901,-5.4885,-5.9930,-7.4262,-6.9549,-6.7043,-3.4313,-3.9238,-2.2568,-6.0812,-3.7724,-4.4329,0.7003,-1.9532,-3.5212,-4.3601,-7.1941,-6.4846,-3.9579,-4.2386,-7.7809,-4.2641,-4.4265,-4.6033,-4.8311,-5.0685,-5.4930,-8.8211,-9.0903,-6.4020,-6.4322,-9.9707,-6.3253,-6.3366,-6.4129,-6.5374,-6.6977,-6.9965,-10.1724,-9.2910,-7.8051,-7.8684,-11.3424,-7.8824,-7.9357,-8.0669,-8.2177,-8.3815,-8.6353,-11.5409,-9.6836,-9.2127,-9.2206,-12.4949,-9.1649,-9.1763,-9.2737,-9.3969,-9.5389,-9.7804,-12.3370,-10.3825,-10.2908,-10.3129,-13.3929,-10.2957,-10.3033,-10.3866,-10.4685
45121.5000000,-20.5499,-21.2778,-14.8773,-14.4089,-6.8888,-12.6038,-14.3797,-20.3885,-13.4858,-12.3660,-15.7973,-14.2587,-14.8097,-13.7498,-14.2345,-14.5583,-13.5027,-14.0327,-14.5104,-17.5124,-10.9201,-17.6571,-14.1731,-16.8513,-11.9110,-7.7479,-11.9753,-16.1067,-11.0339,-15.7937,-12.5180,-14.0979,-11.2745,-10.1417,-7.8729,-10.2493,-7.8178,-10.2816,-15.1442,-6.6408,-8.3967,-8.8661,-16.8261,-15.8021,-2.2049,-11.2318,-13.0919,-14.8721,-14.8294,-15.1733,-9.7205,-10.7190,-10.2741,-9.0910,-11.9042,-13.1805,-13.8918,-8.5936,-4.5055,-7.1481,-8.0964,-9.1115,-15.7879,-15.3727,-12.7612,-13.2448,-8.8798,-9.7891,-16.3166,-11.1366,-5.6115,-7.6590,-6.0942,-8.5655,-4.7298,0.6950,-2.3596,1.8061,-7.6470,-6.4460,7.3668,3.1503,-1.5614,-3.4448,-11.8988,-10.4629,-7.0621,-11.6186,-5.8451,-7.2956,-6.6486,-6.6042,-7.9909,-11.2427,-12.4476,-12.7603,-12.5623,-6.5308,-11.5119,-12.0100,-13.2187,-14.1502,-16.0846,-15.8693,-15.9465,-16.3356,-17.2714,-19.2490,-20.6854,-19.0049,-19.4793,-17.6619,-13.9984,-13.3198,-16.7422,-12.5486,-16.1610,-12.5777,-12.7547,-13.0073,-13.0515,-12.5380,-13.2719,-12.7584,-14.7408,-13.4064,-13.4441,-10.3353,-12.6514,-11.9803,-12.0098,-13.3136,-13.4125,-12.2939,-9.4291,-12.3520,-12.4031,-10.0281,-10.2572,-11.2966,-12.3489,-9.9815,-10.4593,-10.2657,-9.6567,-11.1688,-10.8707,-6.0888,-10.8115,-12.0892,-10.7856,-11.4382,-11.0244,-10.0579,-8.9519,-2.8685,-2.8601,-5.2390,-4.8597,-8.3566,-0.4714,-3.9754,-5.4463,-9.1146,-7.1079,-7.2632,-7.3581,-8.8995,-10.7944,-10.9235,-10.6901,-10.8638,-12.2614,-8.9957,-9.1663,-6.0148,-10.4893,-6.8612,-7.1615,-1.6071,-4.0347,-5.2368,-5.8602,-7.5810,-6.5027,-5.8902,-6.3352,-11.3829,-6.4991,-6.6784,-6.8646,-7.1041,-7.3473,-7.7639,-10.1977,-10.4464,-8.6172,-8.7331,-13.7012,-8.8692,-8.9798,-9.1381,-9.3163,-9.4961,-9.7830,-12.0893,-11.5285,-10.4543,-10.5308,-15.2703,-10.6070,-10.6632,-10.7931,-10.9306,-11.0688,-11.2870,-13.3873,-12.1672,-11.7938,-11.8391,-16.3179,-11.9063,-11.9504,-12.0739,-12.2069,-12.3407,-12.5590,-14.3932,-13.0949,-13.0048,-13.1251,-17.4033,-13.4887,-13.3535,-13.3329,-13.3527
45121.5416667,-25.6415,-28.2178,-20.7785,-19.7004,-13.0558,-16.6594,-19.5081,-26.7444,-18.5515,-15.3238,-18.7381,-17.9616,-17.6003,-17.5275,-18.7465,-19.2468,-18.5870,-18.7649,-17.4160,-20.5313,-14.9017,-22.0226,-16.2352,-21.8612,-15.4317,-11.8497,-15.2507,-19.1537,-14.6471,-19.9625,-16.2119,-19.0604,-16.2564,-12.5524,-10.9664,-13.5886,-11.6353,-14.3020,-19.9266,-10.6337,-12.0506,-11.8606,-21.4981,-20.3568,-6.1907,-17.1715,-17.3819,-17.2640,-18.0439,-18.1987,-12.3185,-14.5097,-14.3949,-12.7474,-14.9141,-20.4951,-20.3060,-14.6058,-7.2349,-9.5829,-10.3049,-11.0033,-20.0929,-20.0681,-16.6267,-16.5538,-12.7133,-13.3759,-21.0709,-15.1947,-9.1704,-12.2016,-13.3609,-14.9803,-9.7720,-3.8797,-6.3705,-1.1805,-10.8550,-9.6265,8.9896,4.0930,-0.8179,-2.7643,-13.9559,-11.5048,-7.7953,-14.1668,-7.6567,-8.6232,-7.8252,-7.2171,-8.0632,-11.8104,-11.9025,-12.3227,-12.1075,-4.4273,-10.4609,-10.9543,-12.3290,-14.3385,-16.3392,-16.1610,-16.9547,-17.6902,-18.0411,-20.7775,-23.2122,-23.9250,-22.6696,-20.1551,-16.5483,-13.8282,-16.9381,-12.9464,-18.7598,-14.7397,-15.8570,-15.1822,-14.2928,-15.7118,-16.5220,-16.9981,-19.1108,-17.9886,-17.9010,-14.4236,-15.8178,-13.8121,-14.6128,-15.2993,-17.4484,-17.3671,-12.9321,-16.4284,-16.2641,-13.7546,-12.8950,-14.4143,-15.2760,-13.3539,-13.1052,-12.5500,-12.2168,-12.6368,-12.8563,-8.2476,-15.0901,-15.3030,-14.2387,-15.7553,-15.1743,-15.8715,-12.2076,-5.3548,-5.9353,-6.4337,-6.5053,-10.6615,-2.6953,-5.8813,-6.9196,-9.2852,-6.0317,-7.1591,-8.6658,-10.7682,-14.6724,-14.6786,-12.7823,-13.6085,-15.6917,-13.4559,-13.7264,-9.5253,-14.1530,-10.6177,-10.5680,-4.9047,-6.8623,-7.4945,-7.8683,-8.7435,-7.2253,-7.7511,-8.2328,-13.6171,-8.7979,-8.7774,-8.7534,-8.7751,-8.7947,-8.9822,-10.6053,-10.6596,-9.2769,-9.4575,-14.8062,-10.1694,-10.1995,-10.2748,-10.3633,-10.4461,-10.6302,-12.2725,-11.8740,-11.0731,-11.2833,-16.4373,-12.0206,-12.0444,-12.1330,-12.2154,-12.2852,-12.4231,-13.9215,-13.0755,-12.7494,-12.9067,-17.5548,-13.5523,-13.5540,-13.6278,-13.6984,-13.7556,-13.8836,-15.1558,-14.2245,-14.0739,-14.1639,-17.2335,-14.6354,-14.6301,-14.7109,-14.7868
45121.5833333,-25.1655,-26.7319,-20.5997,-19.2248,-13.6905,-15.2063,-19.6650,-28.8740,-20.5237,-15.5701,-19.2204,-18.9785,-17.7474,-19.0397,-20.7832,-21.2940,-21.1357,-21.1230,-18.1886,-21.6787,-17.0684,-24.2077,-16.6453,-25.1403,-17.7369,-14.2587,-19.1519,-21.0282,-16.4046,-21.3556,-20.3454,-22.7779,-19.9720,-12.0538,-10.0435,-11.8761,-10.0268,-13.1555,-19.5961,-10.0761,-11.4189,-10.8203,-21.6378,-17.3902,-5.8991,-19.8327,-19.0739,-17.6402,-19.0823,-19.1163,-13.6860,-16.3181,-16.0056,-13.6850,-14.8916,-24.8243,-24.1108,-18.9615,-8.6959,-10.5860,-11.0730,-11.4563,-22.2212,-22.9266,-18.9241,-15.8866,-13.9079,-15.2557,-24.3580,-18.1599,-11.7291,-12.3069,-12.6680,-17.3178,-10.6220,-7.1035,-9.9116,-7.8829,-15.7889,-13.8171,7.8875,3.0350,-1.6017,-3.2452,-15.4319,-10.3931,-6.9044,-11.5858,-6.0320,-6.6128,-6.0020,-5.2292,-5.9279,-10.4399,-10.0537,-10.6821,-10.4607,-1.6933,-8.2490,-8.7285,-10.0637,-12.4261,-13.3085,-13.0533,-14.1145,-14.9820,-14.9119,-18.1019,-20.8066,-24.8359,-22.9861,-20.3097,-19.0277,-13.5619,-15.9182,-12.0545,-19.3676,-15.4186,-19.0760,-15.3696,-12.8606,-15.1527,-15.6983,-16.8834,-22.6228,-20.1506,-19.3483,-15.4004,-15.7496,-12.5448,-15.6280,-15.3415,-18.6622,-19.4489,-13.9053,-17.6037,-19.7429,-15.8695,-13.3848,-14.8016,-15.3484,-13.4533,-12.1729,-11.6369,-12.2954,-12.2119,-12.8113,-8.5338,-16.9644,-16.4642,-14.9066,-17.1323,-16.7815,-19.6091,-13.6497,-6.7422,-7.9424,-6.9490,-6.9865,-11.5785,-3.9415,-6.6097,-7.0705,-8.2991,-4.0207,-5.6988,-7.9480,-10.2213,-15.5969,-15.4060,-12.1412,-13.5514,-16.5505,-15.3677,-15.6907,-10.3938,-13.3543,-11.0856,-10.9043,-5.8612,-7.3482,-7.4959,-7.8696,-8.4714,-6.6186,-8.0349,-8.4777,-12.1570,-8.8514,-8.8043,-8.7619,-8.7752,-8.7866,-8.9521,-10.1361,-10.1135,-9.0203,-9.0949,-12.7386,-9.5147,-9.4685,-9.4822,-9.5231,-9.5662,-9.7082,-10.9236,-10.6148,-9.9349,-10.0568,-13.6175,-10.5700,-10.5604,-10.6391,-10.7308,-10.8229,-10.9850,-12.1584,-11.6090,-11.3254,-11.4609,-14.7415,-12.0029,-12.0114,-12.1058,-12.2082,-12.3057,-12.4768,-13.4816,-12.8826,-12.7606,-12.8597,-15.0976,-13.2782,-13.2647,-13.3338,-13.3929
45121.6250000,-21.7863,-25.0895,-19.5623,-18.2039,-13.6592,-13.1317,-18.1144,-27.5634,-19.3484,-13.0824,-16.7221,-16.4510,-14.4711,-16.7725,-19.1706,-19.8709,-20.5458,-20.6482,-16.5638,-20.4148,-17.3508,-23.6406,-15.3791,-22.9960,-17.6160,-15.5705,-21.3077,-21.6584,-18.4866,-21.2601,-23.4565,-25.6525,-23.7503,-15.6521,-10.8561,-11.5556,-6.5370,-8.4462,-14.5163,-4.8930,-6.2170,-5.4204,-16.0165,-11.2360,-1.8756,-17.5799,-16.0824,-14.0377,-15.7998,-13.3648,-10.5768,-14.4151,-14.7861,-12.5418,-12.7365,-26.4101,-25.6147,-21.5558,-9.7508,-10.8596,-10.9648,-10.9074,-22.3296,-23.5851,-19.0316,-17.2248,-13.9426,-13.6625,-23.7845,-18.6629,-12.9477,-14.8468,-14.1470,-15.5735,-6.7966,-5.7119,-8.5794,-9.0851,-15.6855,-9.9031,9.4630,4.3661,-0.2254,-1.8036,-11.1568,-7.9525,-5.5478,-9.4743,-5.0308,-5.3311,-4.7675,-3.4668,-3.4617,-7.6824,-7.7721,-6.7083,-6.2087,2.5874,-3.7103,-4.1759,-5.3456,-7.6278,-7.4259,-7.3797,-8.1113,-9.2077,-9.1557,-12.5116,-15.2801,-21.5525,-18.2190,-16.7117,-17.2869,-12.5733,-13.3793,-9.7140,-15.6767,-13.7253,-19.1449,-16.7799,-11.4718,-14.2173,-14.1622,-15.5664,-21.0558,-20.5064,-19.4135,-15.4854,-14.7987,-11.6708,-13.4643,-14.8876,-18.0045,-19.3182,-13.7794,-17.1053,-18.5861,-16.2286,-12.8844,-14.5998,-15.0925,-15.2157,-13.0912,-10.6587,-11.0756,-9.9901,-11.5492,-6.9434,-15.3159,-14.1409,-12.9513,-14.5115,-14.7983,-19.6987,-12.4986,-6.5913,-8.4554,-6.6472,-6.4664,-10.9589,-4.1901,-7.9416,-6.1076,-6.5231,-1.8716,-3.7911,-5.9070,-8.9180,-13.7634,-13.3363,-9.3395,-10.6360,-14.3677,-13.9888,-14.8028,-8.2655,-10.1579,-8.7169,-8.4678,-4.3038,-5.3862,-5.2625,-5.6672,-6.2013,-4.3501,-6.0253,-6.4368,-9.0459,-6.7382,-6.6855,-6.6340,-6.6408,-6.6407,-6.7980,-7.7218,-7.6497,-6.7350,-6.7712,-9.3538,-7.0823,-7.0164,-7.0167,-7.0456,-7.0729,-7.1995,-8.1678,-7.9159,-7.2903,-7.3602,-9.8999,-7.7338,-7.6823,-7.7287,-7.7883,-7.8460,-7.9748,-8.9087,-8.4980,-8.1715,-8.2544,-10.6317,-8.6779,-8.6574,-8.7381,-8.8320,-8.9234,-9.0957,-9.9156,-9.5015,-9.3608,-9.4563,-11.1848,-9.8655,-9.8612,-9.9517,-10.0286
45121.6666667,-16.4057,-20.3011,-14.8367,-13.7976,-10.1659,-8.1549,-13.4740,-22.8429,-15.9172,-9.1601,-12.8325,-12.2311,-10.1158,-14.1617,-16.7506,-17.1219,-17.9297,-17.6878,-12.7518,-16.5505,-14.8174,-19.3841,-11.6368,-18.6033,-14.4656,-13.2865,-18.4891,-18.3202,-18.5847,-19.7479,-24.4655,-26.7180,-25.8794,-18.3345,-14.3246,-14.5224,-8.4422,-9.1206,-13.8751,-3.7914,-3.9855,-2.2560,-10.9306,-5.9502,3.1070,-11.9705,-9.7315,-7.5774,-9.3385,-7.1144,-4.9211,-8.6145,-9.0723,-6.9520,-6.6234,-22.4700,-21.9934,-18.8833,-7.5432,-8.1675,-8.2980,-8.2027,-19.7618,-21.7817,-17.3739,-17.3657,-15.6551,-13.9169,-21.5172,-17.1241,-12.2675,-15.6474,-15.1879,-14.8570,-5.9237,-5.8794,-7.9504,-9.4245,-14.2900,-6.8650,11.0694,6.6500,2.5249,1.1340,-5.6013,-3.1593,-0.9151,-3.9330,-0.0904,-0.3107,0.0029,2.0600,2.1510,-2.3392,-3.4625,-2.1367,-1.7031,6.1694,0.5888,-0.0394,-1.0831,-2.7881,-2.7421,-3.4780,-2.9434,-3.4133,-3.0540,-5.8165,-8.0897,-14.7071,-10.6136,-9.3674,-10.7174,-6.9081,-8.4683,-4.4538,-9.0533,-8.2484,-14.1191,-13.0132,-7.2104,-10.6770,-11.5917,-12.7225,-18.3336,-18.0287,-16.5702,-13.0083,-11.5813,-8.5982,-10.8488,-12.5229,-15.7045,-17.5715,-13.1131,-15.6930,-16.3702,-14.9161,-10.5019,-12.0867,-13.0989,-14.4045,-12.2712,-9.5022,-10.2458,-8.5165,-10.6225,-6.9822,-14.3565,-12.8664,-12.6884,-12.8460,-12.7260,-17.6427,-9.7464,-5.3010,-6.7525,-4.6188,-3.9009,-7.7563,-2.4828,-6.5393,-3.8736,-3.7416,0.7277,-1.8842,-3.1230,-6.5976,-10.9786,-10.3591,-6.1527,-7.3942,-11.1458,-11.3884,-12.7071,-5.8615,-6.8520,-5.6966,-5.2554,-1.6814,-2.3259,-2.0889,-2.3788,-2.6714,-1.1302,-2.3519,-2.6202,-4.4638,-2.7648,-2.6793,-2.6071,-2.6079,-2.6092,-2.7802,-3.5600,-3.4835,-2.7093,-2.7403,-4.6424,-3.0164,-2.9496,-2.9502,-2.9782,-3.0011,-3.1248,-3.9393,-3.7351,-3.1507,-3.1888,-5.0543,-3.4781,-3.4006,-3.4265,-3.4661,-3.5029,-3.6129,-4.3927,-4.0802,-3.7255,-3.7690,-5.5375,-4.0996,-4.0455,-4.0985,-4.1653,-4.2291,-4.3777,-5.0493,-4.7329,-4.5492,-4.6093,-5.9651,-4.9489,-4.9156,-4.9856,-5.0451
45121.7083333,-9.8125,-14.6300,-9.1877,-8.8025,-6.9693,-3.1473,-8.0222,-16.2632,-10.6115,-4.1991,-8.4021,-7.1038,-5.0766,-8.7560,-11.6456,-12.1861,-13.6306,-13.6088,-8.6350,-12.2617,-12.4426,-14.6409,-7.8953,-13.9398,-11.4161,-10.4525,-14.1014,-13.2064,-15.2629,-15.1116,-21.4520,-24.2053,-25.1781,-18.3460,-15.5131,-15.3149,-9.9502,-10.4144,-13.7564,-4.8078,-4.8141,-2.7887,-9.3230,-5.0374,3.9452,-9.0297,-5.8824,-3.3609,-4.3253,-1.8366,-0.2100,-3.1867,-3.4509,-1.4955,-1.2936,-16.0501,-15.5105,-13.0714,-3.0812,-3.3494,-3.5756,-3.5512,-13.9958,-16.3963,-11.7107,-13.2240,-12.8451,-12.2982,-18.6503,-15.4117,-12.1505,-15.1140,-15.0745,-13.4803,-5.5027,-6.5558,-8.0636,-9.9710,-13.3433,-6.2059,9.9539,6.1296,2.3541,1.1125,-3.6077,-1.5976,0.7592,-1.4714,2.1311,1.7045,2.0151,5.2416,5.8499,2.0412,0.5195,2.3132,3.0478,9.4183,5.0305,4.3173,3.6258,2.9049,2.7327,2.1832,2.7211,2.4779,2.3144,-0.1285,-2.3563,-8.3636,-4.4270,-3.4898,-4.6261,-1.7661,-3.1531,0.1322,-3.1545,-2.5568,-7.7577,-7.1901,-2.2238,-5.1215,-6.2967,-7.5444,-13.9163,-14.0342,-12.4710,-9.5467,-7.7083,-4.9161,-7.0436,-8.2871,-11.3581,-13.5695,-10.9620,-13.1374,-13.5579,-12.9414,-8.2945,-9.7831,-10.9502,-12.2359,-9.9165,-7.3976,-8.6084,-6.4985,-8.3850,-6.2669,-12.2801,-10.7258,-11.2524,-11.1800,-11.1324,-16.0469,-7.7108,-5.5225,-6.6393,-4.7554,-3.2291,-5.9378,-1.7749,-5.0033,-2.5373,-2.1042,1.7142,-1.4475,-1.5147,-4.5189,-8.1591,-7.2051,-3.4115,-4.1609,-7.5429,-8.1391,-9.1895,-3.2828,-3.9541,-3.1841,-2.8444,0.0789,-0.4697,-0.4140,-0.6550,-0.7279,0.2295,-0.3207,-0.4467,-1.7068,-0.3595,-0.1650,0.0237,0.1457,0.2687,0.2266,-0.3054,-0.1120,0.6559,0.7398,-0.5797,0.6891,0.8333,0.9033,0.9376,0.9678,0.8914,0.2368,0.4209,0.9611,0.9523,-0.4298,0.7315,0.8186,0.8049,0.7772,0.7521,0.6559,0.0032,0.2377,0.5826,0.5623,-0.7672,0.3008,0.3719,0.3408,0.2974,0.2575,0.1357,-0.4096,-0.1627,0.0383,0.0083,-1.0521,-0.2578,-0.2004,-0.2440,-0.2839
45121.7500000,-2.3227,-7.0085,-2.2559,-2.6572,-1.6863,2.0597,-1.9960,-9.1563,-5.1702,0.4177,-3.4214,-2.1694,-0.7347,-3.7312,-6.3802,-6.8053,-8.2972,-8.2512,-3.7487,-7.1830,-8.7434,-9.5556,-4.2371,-9.3532,-7.8965,-7.5327,-9.9056,-8.8867,-12.1149,-11.0889,-18.1198,-20.6590,-22.4420,-16.1162,-14.2420,-13.7103,-9.7168,-9.9394,-11.8459,-4.5170,-4.4638,-2.3970,-7.3871,-3.9465,4.0940,-7.4402,-4.1720,-1.6589,-2.3883,-0.1337,1.3856,-0.5222,-0.2784,1.6714,1.2502,-10.7961,-9.9966,-7.9434,0.5912,0.7580,0.7744,0.9003,-7.8373,-10.1823,-5.8946,-7.7845,-7.8105,-8.0458,-13.7510,-12.1933,-10.5907,-13.6269,-13.7938,-11.5208,-4.8816,-6.7069,-7.6274,-9.6809,-12.0045,-5.6728,8.7294,5.6121,2.2886,1.2689,-2.0832,-0.4969,1.6635,-0.0828,3.0771,2.3193,2.8593,6.3080,7.1513,3.9046,1.8935,3.6846,4.7114,9.5090,6.4787,5.7535,5.4321,6.1587,6.2259,5.9105,6.8792,7.2922,6.8042,5.1918,2.9946,-1.7611,1.0342,1.3095,0.4662,2.1886,1.1846,3.3315,1.1844,1.8454,-2.3842,-2.1509,1.0950,-0.4958,-1.5954,-2.5365,-8.4025,-8.7402,-7.0834,-4.7747,-2.9972,-1.0093,-2.8511,-3.9606,-6.6053,-8.8729,-7.6578,-9.3119,-9.5673,-9.5571,-5.1006,-6.5123,-7.8018,-9.6156,-7.4247,-5.3758,-6.8454,-4.6787,-6.3796,-5.5396,-10.0037,-8.4981,-9.3959,-9.1066,-9.1758,-14.1141,-6.1030,-5.2406,-6.6695,-4.8508,-3.1664,-4.8995,-2.0186,-4.5741,-2.3521,-1.6039,1.5686,-1.1570,-0.8013,-3.0640,-6.0979,-4.9858,-1.8205,-2.0564,-4.7411,-5.4064,-5.9095,-0.9290,-1.2959,-0.6853,-0.3949,2.1285,1.6365,1.4908,1.3336,1.4951,1.8807,1.9002,1.8303,0.9344,1.9166,2.0802,2.2378,2.3376,2.4382,2.3966,1.9777,2.1457,2.7802,2.8822,1.9620,2.9236,3.1011,3.2236,3.3219,3.4215,3.4308,2.9842,3.1987,3.7228,3.8026,2.8692,3.7813,3.9350,3.9992,4.0465,4.0902,4.0649,3.5914,3.7997,4.1314,4.1546,3.2001,3.9955,4.0829,4.0802,4.0634,4.0462,3.9542,3.5293,3.7113,3.8918,3.8763,3.0694,3.6632,3.7222,3.6958,3.6717
45121.7916667,4.4629,0.8423,4.3676,3.8699,4.6481,6.9207,3.9752,-2.0410,0.7653,4.8240,1.8905,2.7199,3.2544,1.0390,-1.2090,-1.6570,-3.1286,-3.1909,0.4142,-2.2515,-4.1872,-4.3145,-0.4410,-4.5957,-3.6751,-4.0379,-5.4926,-4.4645,-8.1600,-6.7028,-13.8760,-16.3133,-18.8084,-13.1478,-12.0595,-11.2206,-8.4318,-8.7939,-9.3951,-3.8320,-3.8459,-1.8921,-5.6758,-3.0086,3.9577,-5.9130,-2.7019,-0.4644,-0.9367,0.7274,1.9628,0.6724,1.0314,2.6794,1.7674,-7.4215,-6.4085,-4.5905,2.6016,2.7894,2.9342,3.0945,-3.5442,-5.4372,-1.6957,-3.2732,-3.3916,-3.7136,-8.1867,-7.8071,-7.5097,-10.8124,-10.9787,-8.5185,-3.4615,-6.0125,-6.7201,-8.8357,-10.5138,-5.4663,6.9535,4.3805,1.5188,0.7453,-1.6255,-0.2845,1.6650,0.3584,3.1476,2.1774,3.2771,6.5243,7.4704,4.8273,2.6473,4.2630,5.3083,8.5361,6.5766,5.7800,5.6910,7.3423,7.7289,7.6106,9.1542,9.7858,8.8247,8.1524,6.0503,3.3454,4.9563,4.9981,4.7099,5.3998,5.0469,5.9516,4.8231,5.6415,2.4861,2.5400,3.6594,3.3763,2.3746,1.7049,-3.2147,-3.7725,-2.2895,-0.5174,0.9313,1.9791,0.9192,0.1126,-1.8377,-3.7648,-3.5300,-4.8308,-5.1047,-5.5623,-1.7618,-2.9798,-4.0898,-5.9916,-4.0804,-2.6449,-4.2543,-2.2610,-3.7166,-4.0057,-7.1595,-5.8320,-6.9597,-6.7084,-7.0370,-11.7941,-4.6365,-4.5315,-6.1537,-4.4267,-2.7066,-3.9080,-2.3728,-4.2083,-2.3375,-1.7461,0.7172,-1.2850,-0.9832,-2.4805,-4.9660,-3.7636,-1.0973,-0.9057,-2.8883,-3.4664,-3.6994,0.2572,0.0418,0.5255,0.7446,2.9737,2.4231,2.0588,2.0022,2.4196,2.2788,2.8269,2.8483,2.3022,3.0638,3.2647,3.4613,3.6129,3.7628,3.8000,3.5591,3.7455,4.2709,4.4025,3.8108,4.5253,4.6992,4.8278,4.9345,5.0391,5.0717,4.7682,4.9458,5.3608,5.4484,4.8241,5.4896,5.6397,5.7253,5.8015,5.8780,5.9044,5.6043,5.7995,6.1031,6.1771,5.5603,6.1698,6.2940,6.3497,6.3937,6.4356,6.4177,6.1549,6.3259,6.5063,6.5354,5.9910,6.4420,6.5171,6.5235,6.5242
45121.8333333,8.4877,6.7381,9.2704,9.2444,10.7590,10.9769,9.6331,4.4058,6.7416,9.1107,7.3117,7.7238,7.0798,6.2051,4.4613,3.8439,2.4900,2.1597,4.3613,2.3372,0.7332,0.6161,3.0950,0.1014,0.6833,0.2791,-0.7776,-0.0750,-3.4980,-2.1584,-8.8266,-11.0785,-13.9551,-8.9817,-8.4682,-7.5536,-5.7008,-6.2555,-6.1256,-1.9840,-2.0970,-0.3950,-3.3063,-1.3020,4.5978,-4.1027,-1.2260,0.6981,0.2453,1.4149,2.4751,1.6810,2.1019,3.4695,2.1302,-4.6973,-3.6906,-2.1243,3.9624,3.9934,4.1554,4.2002,-0.7544,-2.2421,0.8101,-0.3499,-0.3035,-0.3852,-3.5839,-3.5717,-3.7750,-6.8998,-6.9969,-4.8062,-1.0827,-3.7297,-4.3327,-6.4445,-7.6731,-3.6725,6.9211,4.7768,2.2317,1.5633,-0.1502,0.7952,2.4057,1.2697,3.6004,2.3822,3.7597,6.6554,7.5560,5.3189,2.8546,4.2679,5.2625,7.3629,6.1950,5.3749,5.4573,7.7959,8.3056,8.3555,10.4812,11.2921,9.8356,9.9292,7.5749,6.8450,6.9458,6.7761,7.1189,6.9592,7.3477,7.3308,7.0823,8.3894,6.2613,6.3540,5.3556,6.6397,5.6603,5.5292,1.9480,1.3551,2.4483,3.8302,4.5203,4.3024,3.9448,3.3738,2.0665,0.6424,0.6339,-0.4412,-0.6970,-1.2313,1.5960,0.6337,-0.2941,-1.9350,-0.4927,0.3967,-0.9522,0.4071,-0.6865,-1.2920,-3.5441,-2.4855,-3.6524,-3.6287,-4.2074,-8.6602,-2.5736,-2.8294,-4.4687,-2.8953,-1.3371,-2.2405,-1.6053,-2.8739,-1.3424,-0.9184,0.9748,-0.4840,-0.3657,-1.4353,-3.6651,-2.6626,-0.6056,-0.3712,-1.7968,-2.2431,-2.2823,0.8225,0.6884,1.0816,1.2309,3.3304,2.7337,2.2218,2.2384,2.8602,2.3682,3.2450,3.3167,3.0028,3.5868,3.7912,3.9928,4.1611,4.3274,4.4088,4.2904,4.4790,4.9152,5.0732,4.7290,5.2851,5.4782,5.6395,5.7852,5.9288,6.0173,5.8619,6.0474,6.4095,6.5356,6.1634,6.6780,6.8437,6.9601,7.0668,7.1707,7.2337,7.0582,7.2308,7.4899,7.5819,7.1898,7.6447,7.7725,7.8510,7.9210,7.9898,8.0140,7.8632,8.0191,8.1919,8.2558,7.9139,8.2701,8.3706,8.4201,8.4572
45121.8750000,10.8892,10.9844,12.5638,13.1050,15.7606,13.6044,14.0021,9.3695,11.7462,12.3896,11.8634,12.0008,10.1768,10.9486,10.1142,9.5417,8.7694,8.3504,8.8765,7.5565,6.8394,6.0923,7.1577,5.4541,5.7168,5.7517,4.4837,4.5627,1.9928,2.7238,-2.9631,-5.0951,-8.1178,-3.8512,-3.6723,-2.8191,-1.5228,-2.1264,-1.7936,1.3418,1.2440,2.6196,0.3328,1.8509,7.0219,-0.6345,1.6891,3.1428,2.4625,3.1203,4.0508,3.6340,4.0431,5.1193,3.2424,-1.5382,-0.7264,0.5372,5.7679,5.6243,5.8294,5.7640,2.1507,0.9459,3.2060,2.3758,2.5713,2.6036,-0.0242,-0.0816,-0.2813,-2.9297,-2.9279,-1.0201,1.5083,-0.4590,-0.8725,-2.7788,-3.6567,-0.3765,8.6919,7.0176,4.6054,3.8451,2.9339,3.5381,5.1343,4.1081,6.1354,4.4947,6.3069,8.8510,9.6111,7.6563,4.6642,5.8976,6.7566,7.9300,7.2852,6.3687,6.4974,9.2850,9.2258,9.3349,11.9262,12.8572,10.9305,11.5898,8.8570,9.8851,8.3391,7.8861,8.6887,7.8173,8.7746,8.0445,8.4148,10.2336,8.9420,9.1295,6.2734,9.0217,8.0254,8.5863,6.6147,6.3199,7.0998,8.4128,8.1642,6.6076,6.9807,6.6655,5.9489,5.0499,5.2429,4.1798,3.8317,3.3945,4.9406,4.2672,3.4910,2.3458,3.1552,3.5634,2.8072,3.1772,2.5597,2.2758,0.5641,1.2372,0.2475,0.0368,-0.6416,-4.5477,0.1425,-0.1536,-1.5573,-0.2900,0.8931,0.2654,0.6087,-0.2856,0.8735,1.2204,2.6157,1.4878,1.6084,0.7417,-1.1529,-0.4660,0.8127,0.9541,-0.1077,-0.5364,-0.5585,1.7573,1.5943,1.8755,1.9262,3.9678,3.3007,2.6616,2.7256,3.5108,2.7427,3.8747,4.0017,3.8733,4.3531,4.5862,4.8184,5.0262,5.2286,5.3626,5.3468,5.5418,5.9180,6.1045,5.9411,6.3862,6.5958,6.7837,6.9595,7.1310,7.2570,7.2035,7.3836,7.6980,7.8515,7.6590,8.0681,8.2528,8.4049,8.5501,8.6919,8.7998,8.7336,8.9050,9.1479,9.2757,9.0656,9.4302,9.5836,9.7029,9.8148,9.9228,9.9936,9.9353,10.0855,10.2553,10.3478,10.1529,10.4354,10.5524,10.6328,10.6957
45121.9166667,12.6616,14.3985,14.9434,15.8923,19.6052,14.8933,16.6185,12.3496,14.7675,13.6778,14.2228,14.0220,11.0971,13.4839,13.6683,13.2374,13.3025,12.9423,11.7612,11.4284,12.2070,10.5364,10.3718,10.2355,10.3276,11.2292,9.2530,8.6125,7.3743,7.1862,2.9573,0.9665,-1.9925,1.3686,1.2560,1.7697,2.6284,1.9738,2.0910,4.6652,4.5306,5.3807,3.5126,4.6711,9.4647,2.8042,4.4852,5.5992,4.6411,4.8515,5.7844,5.7226,6.0790,6.8202,4.2391,1.6062,2.1856,3.1328,7.5264,6.9565,7.0239,6.7221,4.2659,3.3986,4.9244,4.4774,4.8616,5.0050,2.5905,2.5240,2.4420,0.3310,0.3350,1.7513,3.2160,2.2359,1.8881,0.3214,-0.3616,2.3191,9.9059,8.4782,5.8894,4.8697,4.7964,5.0790,6.9467,5.9791,7.9114,5.6408,8.2053,10.5524,11.2557,9.6676,5.9914,7.3247,8.1645,8.5585,8.3127,7.2840,7.4843,10.7677,9.9804,10.1065,13.0565,14.0085,11.5773,12.7585,9.6736,12.3037,9.2021,8.5330,9.6709,8.2256,9.5729,8.2902,9.0268,11.1832,10.4513,10.6437,6.3077,10.1071,9.0513,10.2087,9.8362,9.9079,10.2895,11.6156,10.3038,7.5485,8.6558,8.6978,8.6433,8.3910,9.1995,8.0973,7.6756,7.4994,7.5902,7.2297,6.6410,6.1288,6.1875,6.1178,6.0862,5.2545,5.1564,5.6158,4.1504,4.3683,3.6857,3.2658,2.6548,-0.3504,2.7042,2.5980,1.6039,2.3682,3.0412,2.5826,3.1207,2.3317,3.0034,3.3149,4.2257,3.1838,3.4875,2.6260,1.2714,1.6903,2.1213,2.3901,1.8402,1.4766,1.3710,2.9305,2.6165,2.7413,2.6220,4.6273,3.7629,2.9307,2.9740,3.8506,2.8196,4.0580,4.1407,4.0799,4.4194,4.6058,4.7977,4.9795,5.1630,5.3067,5.3568,5.5472,5.8596,6.0524,6.0199,6.3838,6.5977,6.7988,6.9930,7.1850,7.3472,7.3921,7.5875,7.8702,8.0481,7.9997,8.3400,8.5347,8.7073,8.8743,9.0380,9.1785,9.2042,9.3827,9.6073,9.7566,9.6852,9.9853,10.1488,10.2897,10.4253,10.5579,10.6657,10.6886,10.8460,11.0161,11.1357,11.0675,11.3076,11.4398,11.5450,11.6273
45121.9583333,14.0303,17.2522,16.8872,18.2250,23.0806,15.9269,18.7759,14.6464,17.1404,14.5030,15.8487,15.2606,11.3630,14.9161,15.8477,15.3572,16.0929,15.6669,12.8368,13.3042,15.7425,12.9811,11.7987,13.2249,13.2977,15.5485,12.6309,11.3177,11.8451,10.6282,8.2733,6.5185,3.9302,6.4156,6.1889,6.2271,6.8596,6.1804,5.6633,8.0205,7.8305,8.0583,6.4087,7.2972,11.9495,6.0134,6.8606,7.6423,6.2680,6.0861,7.1324,7.4453,7.8102,8.2821,4.9236,4.3884,4.7271,5.4044,9.2023,8.1826,8.1148,7.5757,6.0222,5.4187,6.2240,6.0767,6.6283,6.8181,4.3358,4.3472,4.5299,3.0049,2.9334,3.6660,4.2663,4.3664,3.9950,2.8319,2.2232,4.4798,10.8010,9.5424,6.6729,5.3608,5.9800,5.9473,8.1216,7.0992,8.9693,6.0226,9.2767,11.4460,12.0600,10.7389,6.3119,7.7686,8.6194,8.4379,8.4837,7.3649,7.6412,11.4342,10.0282,10.2011,13.5041,14.5170,11.6854,13.3004,9.9366,14.0248,9.5422,8.7324,10.1317,8.2806,9.9079,8.2542,9.2307,11.6604,11.3379,11.5263,6.1335,10.5831,9.4239,11.0006,11.9800,12.3364,12.2328,13.5934,11.2249,7.5337,9.1236,9.4149,9.8797,10.2061,11.8085,10.6428,10.2059,10.4675,9.1716,9.1638,8.7952,9.0346,8.3682,7.9295,8.7207,6.6830,7.0765,8.5283,7.1250,6.8710,6.5457,5.8760,5.3826,3.4219,4.7542,5.0163,4.6196,4.8010,4.9313,4.6299,5.8177,4.9802,5.1469,5.5191,5.9961,4.8645,5.4669,4.4194,3.6084,3.6744,3.1480,3.5522,3.5794,3.3849,3.2036,4.1238,3.6271,3.6427,3.3722,5.4876,4.4023,3.3750,3.3952,4.3573,3.1005,4.4135,4.4341,4.3808,4.5886,4.6994,4.8159,4.9280,5.0436,5.1359,5.1699,5.2976,5.5080,5.6446,5.6384,5.8928,6.0544,6.2119,6.3688,6.5284,6.6725,6.7440,6.9164,7.1493,7.3177,7.3421,7.6208,7.8083,7.9837,8.1573,8.3304,8.4895,8.5749,8.7597,8.9751,9.1421,9.1657,9.4295,9.6050,9.7655,9.9218,10.0756,10.2124,10.2931,10.4598,10.6342,10.7750,10.7928,11.0091,11.1545,11.2789,11.3762
45122.0000000,14.1534,18.7547,17.6939,19.4725,25.6066,16.2034,20.0938,16.1739,18.9125,14.9837,17.0273,16.1575,11.5419,16.0469,17.6148,17.0146,18.2842,17.6720,13.3548,14.3079,18.2093,14.2954,12.2527,14.8943,14.9113,18.5427,14.5499,12.5807,14.8627,12.5950,12.2567,10.8415,8.9238,10.6536,10.5424,10.0993,10.7729,10.2162,8.8445,11.4918,11.2888,10.8527,9.2992,10.0137,14.7610,9.3325,9.1949,9.8283,7.8691,7.3174,8.4881,9.0996,9.4379,9.6435,5.4888,6.8498,6.9050,7.3384,10.7252,9.2483,9.0604,8.3081,7.4923,7.1393,7.3018,7.4322,8.1768,8.4415,5.5343,5.5982,6.0932,5.1651,4.9801,4.9725,4.9065,6.0614,5.6309,4.9187,4.3239,6.3301,11.5935,10.4619,7.2761,5.7426,6.9155,6.6005,9.0842,7.9595,9.7984,6.2358,10.0675,12.0742,12.5750,11.4296,6.3225,7.8428,8.6802,8.0892,8.3111,7.1164,7.4159,11.5488,10.0100,10.1557,13.6668,14.6700,11.4761,13.4832,9.8289,15.0878,9.4307,8.5347,10.1181,8.0154,9.8284,7.9570,9.0865,11.7243,11.7151,11.9160,5.8541,10.6798,9.4499,11.3387,13.4591,14.0702,13.4779,14.8805,11.5671,7.2465,9.0844,9.5082,10.3112,11.0670,13.4130,12.1089,11.6197,12.3031,9.7784,10.0507,9.8658,10.8273,9.5278,8.8281,10.4203,7.3506,8.1815,10.7063,9.2913,8.6234,8.7007,7.8311,7.5124,6.6558,6.3215,7.0261,7.3313,6.9011,6.5983,6.4270,8.5685,7.6028,7.2573,7.7750,7.8691,6.5377,7.5433,6.1918,5.9550,5.6361,4.1251,4.8264,5.4096,5.3940,5.0859,5.4251,4.6985,4.6129,4.1855,6.5287,5.1936,3.9529,3.9524,5.0226,3.5411,4.9560,4.9247,4.8672,4.9804,5.0326,5.0901,5.1462,5.2060,5.2520,5.2614,5.3326,5.4590,5.5391,5.5279,5.6868,5.7875,5.8871,5.9881,6.0926,6.1888,6.2397,6.3579,6.5175,6.6379,6.6670,6.8633,7.0034,7.1384,7.2750,7.4140,7.5468,7.6345,7.7892,7.9666,8.1156,8.1740,8.3903,8.5521,8.7065,8.8603,9.0142,9.1589,9.2685,9.4350,9.6076,9.7595,9.8322,10.0336,10.1890,10.3281,10.4377
45122.0416667,13.6818,19.3318,17.6733,19.8001,27.1454,15.7382,20.4527,16.6580,19.6189,14.6121,17.1990,16.1084,11.0052,16.1941,18.3932,17.8075,19.7136,19.0351,13.5205,14.9027,20.1531,15.1478,12.4441,16.0226,15.9672,20.8736,15.7476,13.1728,16.9318,13.6084,15.0491,13.8935,12.6728,13.6766,13.7797,12.8581,13.7502,13.4426,11.1391,14.1840,14.1091,13.0745,11.6011,12.2942,17.4991,12.6251,11.4940,11.7649,9.2823,8.4295,9.8080,10.7646,11.1296,11.1103,6.1527,9.2814,9.0092,9.1897,12.2650,10.2984,9.9737,9.0040,8.7638,8.6137,8.1887,8.5568,9.5144,9.7597,6.4079,6.5172,7.3080,6.9235,6.5806,5.8514,5.2732,7.3627,6.8449,6.5731,5.9360,7.7645,12.1340,11.0979,7.5974,5.8197,7.4443,6.9171,9.7261,8.5062,10.3663,6.2877,10.6237,12.5105,12.9151,11.9158,6.2550,7.8172,8.6380,7.7570,8.0840,6.8429,7.1440,11.5060,9.4479,9.6280,13.3379,14.3909,10.9845,13.1565,9.3991,15.6636,9.0947,8.1618,9.8395,7.5953,9.4903,7.5028,8.6946,11.4405,11.6459,11.8510,5.4379,10.4162,9.1512,11.2599,14.3176,15.1838,14.1680,15.6323,11.5478,6.8725,8.8246,9.3275,10.3476,11.4071,14.3800,12.9088,12.3437,13.3749,9.8398,10.2927,10.2202,11.7533,9.9210,9.0257,11.2495,7.3886,8.5211,11.9831,10.5054,9.4893,9.9453,8.9531,8.8583,9.1008,7.2694,8.4089,9.4450,8.4295,7.6431,7.6341,10.9169,9.7206,8.9169,9.6602,9.4311,7.8611,9.3858,7.7068,8.1445,7.4842,5.0271,5.7688,7.0244,7.3204,6.9408,6.7772,5.8163,5.6657,5.0953,7.7864,6.1615,4.6746,4.6580,5.8692,4.1278,5.6901,5.6079,5.5327,5.5691,5.5676,5.5711,5.5753,5.5837,5.5847,5.5636,5.5843,5.6427,5.6731,5.6458,5.7305,5.7793,5.8291,5.8815,5.9376,5.9899,6.0140,6.0831,6.1807,6.2544,6.2701,6.3955,6.4861,6.5749,6.6661,6.7604,6.8521,6.9158,7.0245,7.1497,7.2581,7.3094,7.4648,7.5869,7.7061,7.8269,7.9497,8.0684,8.1664,8.3032,8.4461,8.5777,8.6597,8.8270,8.9661,9.0943,9.1962
45122.0833333,12.9659,19.3598,17.2792,19.6918,28.1279,15.1367,20.4552,16.7860,19.9615,14.1705,17.1409,15.8847,10.4911,16.0393,18.6914,18.0596,20.4527,19.6817,13.2038,14.8804,21.3536,15.3942,12.2346,16.5728,16.5037,22.7014,16.4939,13.4308,18.4965,14.1954,17.2090,16.2503,15.6650,15.9114,16.2133,14.7595,15.8993,15.8392,12.5627,16.0766,16.1545,14.5532,13.1243,13.8709,19.7678,15.4526,13.3538,13.3631,10.3634,9.2678,10.8934,12.2163,12.6643,12.4841,6.7365,11.5922,11.0314,11.0209,13.9467,11.5044,11.0638,9.8913,10.1260,10.1518,9.1786,9.7388,10.8721,11.0082,7.0559,7.2035,8.2947,8.4443,7.9432,6.5104,5.5576,8.4656,7.8497,8.0203,7.3288,9.0813,12.7185,11.7594,7.9587,5.9743,7.9320,7.2159,10.2987,8.9672,10.8482,6.3345,11.0704,12.8623,13.1787,12.2838,6.1726,7.7463,8.5518,7.4877,7.8823,6.6233,6.9196,11.4144,8.9239,9.0956,12.8753,13.9297,10.3741,12.6083,8.7628,15.7180,8.4873,7.5602,9.2942,7.0241,8.9498,6.9520,8.1712,10.9726,11.3485,11.5699,5.0422,10.0008,8.7262,10.9523,14.7465,15.8318,14.4410,15.9747,11.2845,6.4519,8.4267,8.9730,10.1311,11.4132,14.9169,13.3017,12.6751,14.0006,9.6892,10.2513,10.2443,12.2059,9.9622,8.9295,11.6000,7.1908,8.4827,12.6744,11.1201,9.8286,10.5649,9.4356,9.5052,10.7050,7.6396,9.1521,10.8739,9.3506,8.1614,8.2839,12.7090,11.2802,10.0837,11.0892,10.6038,8.7971,10.8612,8.8477,9.9647,8.9945,5.6663,6.4907,8.3707,9.0114,8.5767,7.9775,6.7878,6.6006,5.9067,9.0604,7.1338,5.3892,5.3765,6.7839,4.7617,6.5413,6.4332,6.3553,6.3493,6.3185,6.2906,6.2628,6.2374,6.2069,6.1617,6.1437,6.1507,6.1400,6.0921,6.1175,6.1206,6.1254,6.1328,6.1437,6.1533,6.1456,6.1685,6.2115,6.2406,6.2334,6.2989,6.3437,6.3889,6.4373,6.4892,6.5408,6.5755,6.6409,6.7187,6.7871,6.8196,6.9210,7.0025,7.0835,7.1669,7.2529,7.3374,7.4096,7.5084,7.6126,7.7109,7.7780,7.9019,8.0089,8.1092,8.1898
45122.1250000,12.2936,19.1307,16.7315,19.3252,28.6518,14.4378,20.1441,16.5805,19.9216,13.5833,16.8032,15.4455,9.9471,15.6451,18.6448,18.0044,20.8120,19.9810,12.8186,14.6751,22.1103,15.3622,11.9047,16.7527,16.6652,23.9988,16.8180,13.3871,19.5643,14.4406,18.8512,18.0834,18.1463,17.6718,18.1763,16.1785,17.5661,17.7243,13.4729,17.4049,17.6061,15.4532,14.0280,14.8430,21.5231,17.7356,14.6924,14.4507,11.0102,9.7271,11.6003,13.3021,13.8802,13.5897,7.1090,13.6238,12.8194,12.6651,15.5691,12.6721,12.1525,10.8118,11.4862,11.7087,10.2545,11.0239,12.3809,12.4011,7.7248,7.8484,9.1838,9.8043,9.1296,7.0625,5.8204,9.4367,8.7221,9.3084,8.5421,10.2726,13.2946,12.3960,8.3069,6.1450,8.3823,7.5240,10.8791,9.4495,11.3794,6.4950,11.5848,13.3058,13.5462,12.7364,6.2494,7.8282,8.6144,7.4158,7.8449,6.5723,6.8545,11.4181,8.5060,8.6637,12.4439,13.4861,9.8558,12.0856,8.2327,15.6157,7.9344,7.0053,8.7156,6.4750,8.3531,6.3940,7.5819,10.3539,10.8361,11.0672,4.6174,9.4468,8.2048,10.4908,14.8452,16.1399,14.4493,16.0501,10.9123,6.0656,8.0073,8.5681,9.7952,11.2164,15.1310,13.3908,12.7161,14.2847,9.4040,10.0415,10.0857,12.3624,9.8244,8.7122,11.6839,6.9383,8.3084,13.0204,11.3893,9.8911,10.8322,9.5937,9.7707,11.7268,7.6959,9.4682,11.7517,9.7993,8.3008,8.5176,13.9553,12.2921,10.7630,12.0218,11.3279,9.3111,11.8919,9.5798,11.3622,10.1341,6.0642,6.9894,9.4468,10.4525,9.9826,9.0016,7.5950,7.3877,6.5853,10.2496,8.0059,5.9978,5.9954,7.6227,5.3044,7.3396,7.2192,7.1484,7.1239,7.0833,7.0444,7.0053,6.9675,6.9262,6.8749,6.8409,6.8230,6.7935,6.7395,6.7327,6.7114,6.6910,6.6722,6.6556,6.6380,6.6090,6.5999,6.6041,6.5995,6.5716,6.5912,6.5979,6.6054,6.6157,6.6290,6.6429,6.6467,6.6712,6.7049,6.7338,6.7404,6.7929,6.8339,6.8759,6.9208,6.9688,7.0172,7.0589,7.1192,7.1846,7.2474,7.2914,7.3734,7.4459,7.5150,7.5714
45122.1666667,11.4424,18.5140,15.9192,18.6312,28.6745,13.5831,19.5181,16.1394,19.5969,12.9111,16.2669,14.8468,9.3639,15.0377,18.2624,17.6144,20.7373,19.8662,12.2611,14.2300,22.4043,15.0547,11.4417,16.6176,16.5276,24.8209,16.8165,13.1364,20.1771,14.3968,19.9565,19.3572,20.0414,18.9259,19.6469,17.1568,18.8044,19.1782,14.0258,18.4560,18.7545,16.0787,14.6227,15.4849,22.9092,19.5137,15.5098,15.0523,11.1874,9.7521,11.8173,13.8431,14.5476,14.1693,7.0717,15.0827,14.0735,13.8162,16.7880,13.4636,12.8973,11.4220,12.5100,12.9506,11.0814,12.0852,13.7383,13.7028,8.4119,8.5317,10.0891,11.1282,10.2587,7.5827,6.1064,10.3260,9.4932,10.4544,9.5871,11.3249,13.8192,12.9537,8.5806,6.2624,8.7161,7.7333,11.3275,9.7952,11.7768,6.5666,11.9624,13.6325,13.8101,13.0740,6.2691,7.8620,8.6411,7.3478,7.8028,6.5270,6.8041,11.4183,8.1386,8.2834,12.0204,13.0403,9.3869,11.5595,7.7521,15.3829,7.4374,6.5269,8.1782,6.0078,7.8039,5.9165,7.0460,9.7317,10.2682,10.4911,4.2340,8.8366,7.6309,9.8975,14.6219,16.0797,14.1525,15.8089,10.3769,5.6269,7.5066,8.0742,9.3327,10.8389,15.0584,13.2282,12.5224,14.2787,9.0127,9.6897,9.7654,12.2526,9.5181,8.3674,11.5206,6.6038,7.9982,13.0563,11.3635,9.7223,10.8070,9.4972,9.7521,12.2959,7.5528,9.4898,12.2076,9.9132,8.2010,8.4743,14.7366,12.8426,11.0308,12.5037,11.6398,9.4494,12.4629,9.8911,12.2544,10.8068,6.1564,7.1773,10.1331,11.5036,11.0220,9.7190,8.1248,7.9129,7.0247,11.1989,8.6471,6.3973,6.4091,8.2519,5.6579,7.9447,7.8200,7.7601,7.7297,7.6884,7.6478,7.6067,7.5661,7.5228,7.4728,7.4336,7.4047,7.3682,7.3155,7.2932,7.2615,7.2304,7.2001,7.1712,7.1415,7.1044,7.0799,7.0642,7.0428,7.0061,7.0001,6.9859,6.9723,6.9604,6.9505,6.9411,6.9251,6.9227,6.9265,6.9273,6.9139,6.9305,6.9401,6.9507,6.9637,6.9792,6.9956,7.0082,7.0335,7.0629,7.0915,7.1087,7.1515,7.1891,7.2258,7.2565
45122.2083333,10.6920,17.8195,15.1068,17.8716,28.4504,12.7836,18.7933,15.5370,19.0560,12.1913,15.5963,14.1491,8.7728,14.3599,17.7150,17.0646,20.4102,19.5068,11.6513,13.6557,22.3527,14.5717,10.9008,16.2453,16.1584,25.2347,16.5671,12.7370,20.4198,14.1458,20.6255,20.1812,21.4407,19.7655,20.6993,17.7792,19.6793,20.2634,14.3333,19.2469,19.6607,16.5471,15.0710,15.9947,24.1387,21.0620,16.1464,15.5846,11.3329,9.7819,11.9832,14.2407,15.0245,14.5530,6.9768,16.1706,14.9314,14.5711,17.6481,13.9069,13.2916,11.6912,13.1319,13.7792,11.5424,12.7769,14.7610,14.7119,8.9665,9.1542,10.9628,12.4256,11.3808,8.1472,6.4785,11.2556,10.3052,11.6204,10.6478,12.4338,14.4901,13.6450,8.9929,6.5268,9.1580,8.0604,11.8659,10.2244,12.2525,6.7450,12.3981,14.0216,14.1317,13.4363,6.3436,7.9350,8.7006,7.3412,7.8073,6.5247,6.7909,11.4325,7.8628,7.9917,11.6595,12.6519,9.0110,11.1100,7.3682,15.1063,7.0263,6.1375,7.7160,5.6367,7.3404,5.5415,6.6056,9.1817,9.7462,9.9582,3.9517,8.2948,7.1323,9.3328,14.2747,15.8426,13.7223,15.4075,9.8028,5.2149,6.9978,7.5482,8.7962,10.3358,14.7569,12.8708,12.1531,14.0520,8.5647,9.2614,9.3617,11.9801,9.1399,7.9861,11.2282,6.2687,7.6482,12.9082,11.1793,9.4533,10.6261,9.2659,9.5645,12.5373,7.3091,9.3389,12.3800,9.8368,7.9925,8.2968,15.1982,13.1052,11.0811,12.7278,11.7349,9.4150,12.7595,9.9700,12.7908,11.1440,6.0707,7.1236,10.4555,12.1552,11.6754,10.1129,8.3716,8.1668,7.2203,11.8600,9.0364,6.5923,6.6220,8.6557,5.8380,8.3456,8.2268,8.1846,8.1605,8.1287,8.0965,8.0633,8.0295,7.9932,7.9516,7.9165,7.8876,7.8533,7.8078,7.7816,7.7489,7.7162,7.6837,7.6517,7.6188,7.5806,7.5504,7.5259,7.4974,7.4588,7.4400,7.4158,7.3920,7.3692,7.3477,7.3264,7.3006,7.2838,7.2711,7.2565,7.2327,7.2284,7.2199,7.2121,7.2060,7.2016,7.1979,7.1918,7.1941,7.1995,7.2045,7.2023,7.2171,7.2291,7.2414,7.2524
45122.2500000,9.7928,16.8130,14.0278,16.7598,27.6489,11.6604,17.6279,14.5948,18.1405,11.2330,14.6263,13.1955,8.0312,13.4328,16.8576,16.2312,19.7193,18.8030,10.8816,12.9082,21.9077,13.8663,10.2286,15.6128,15.5222,25.1355,15.9660,12.1095,20.2249,13.6397,20.8291,20.5255,22.3061,20.1311,21.2450,17.9616,20.0639,20.8323,14.2890,19.5750,20.0754,16.5784,15.0926,16.0708,24.8799,22.1457,16.4499,15.8345,11.3273,9.7016,11.9949,14.4385,15.2897,14.7337,6.8318,17.0046,15.5637,15.0992,18.2431,14.0875,13.4022,11.6854,13.4273,14.2630,11.7086,13.1312,15.3897,15.3537,9.2717,9.5503,11.5840,13.4468,12.2497,8.5745,6.7286,12.0091,10.9437,12.5693,11.4714,13.2767,14.9042,14.0277,9.0871,6.4829,9.2929,8.1272,12.1525,10.4240,12.5170,6.7458,12.6383,14.2185,14.2702,13.6305,6.3133,7.9244,8.6728,7.2365,7.6939,6.4045,6.6658,11.3107,7.5824,7.6879,11.2489,12.1877,8.5751,10.6054,6.9898,14.7452,6.6492,5.7965,7.2832,5.2877,6.8850,5.1662,6.1568,8.5847,9.1409,9.3339,3.6352,7.7152,6.6130,8.7186,13.7538,15.3908,13.1160,14.7801,9.1087,4.7515,6.4394,6.9736,8.1873,9.7127,14.2107,12.2918,11.5684,13.5445,7.9685,8.6740,8.8072,11.4755,8.6023,7.4662,10.7085,5.8264,7.1820,12.4983,10.7510,8.9927,10.2289,8.8850,9.2224,12.5000,6.9719,9.0096,12.2371,9.5105,7.6030,7.9244,15.2558,12.9933,10.8119,12.5704,11.4697,9.0661,12.6589,9.7312,12.9373,11.1548,5.8412,6.9109,10.4821,12.4281,11.9297,10.1406,8.2796,8.0727,7.0825,12.0657,8.9967,6.4107,6.4516,8.6179,5.6464,8.3006,8.1842,8.1593,8.1435,8.1209,8.0978,8.0746,8.0523,8.0310,8.0102,7.9911,7.9694,7.9431,7.9135,7.8927,7.8646,7.8359,7.8074,7.7795,7.7530,7.7269,7.7038,7.6782,7.6493,7.6179,7.5956,7.5668,7.5380,7.5101,7.4837,7.4592,7.4356,7.4161,7.3944,7.3712,7.3462,7.3306,7.3093,7.2886,7.2695,7.2524,7.2376,7.2243,7.2151,7.2046,7.1942,7.1834,7.1806,7.1734,7.1670,7.1623
45122.2916667,8.4133,15.2027,12.4517,15.0500,26.0134,10.0082,15.6869,12.7162,16.2191,9.4608,12.6661,11.2761,6.4007,11.4978,14.9098,14.3597,17.9473,17.0424,9.2696,11.3042,20.4650,12.3220,8.8692,14.1890,14.1212,24.0698,14.5181,10.7105,19.0651,12.3283,20.0598,19.9164,22.1912,19.6435,20.8963,17.3244,19.5733,20.4435,13.4023,19.0086,19.4605,15.6608,14.0833,15.0985,24.4638,21.9123,15.5979,15.0432,10.4032,8.8137,11.1764,13.7185,14.6133,13.9922,5.9274,16.7757,15.2541,14.7360,17.9999,13.4760,12.6895,10.8620,12.7482,13.7823,11.0546,12.6515,15.2024,15.2361,9.0413,9.5010,11.7707,13.9410,12.5593,8.4691,6.5890,12.2373,10.9849,12.8576,11.5450,13.3327,14.6420,13.6041,8.3439,5.6129,8.3766,7.1507,11.2772,9.4239,11.5456,5.6470,11.6001,13.1388,13.1528,12.5283,5.1485,6.7931,7.5585,6.1986,6.5563,5.2829,5.5318,10.1276,6.3605,6.4623,9.9118,10.8025,7.2848,9.2748,5.8859,13.6734,5.7412,5.0269,6.4920,4.6151,6.1076,4.5011,5.3910,7.6740,8.1371,8.2827,2.9133,6.7263,5.6478,7.6510,12.6196,14.2738,11.8742,13.4807,7.8157,3.7523,5.3264,5.8415,7.0148,8.5026,12.9962,11.0718,10.3753,12.3867,6.8590,7.5434,7.7040,10.3915,7.5540,6.4864,9.6493,4.9231,6.2361,11.5241,9.7396,7.9814,9.2398,7.9619,8.3731,11.8675,6.2687,8.3213,11.5880,8.7410,6.7896,7.0380,14.6273,12.1513,9.8643,11.6729,10.5176,8.0070,11.7066,8.6715,12.1030,10.2818,4.9642,6.0761,9.7978,11.9535,11.4365,9.5434,7.5716,7.3699,6.3426,11.5594,8.2874,5.6222,5.6212,7.8025,4.8116,7.4717,7.3157,7.2337,7.2254,7.1766,7.1288,7.0807,7.0404,6.9968,6.9606,6.9546,6.9638,6.9304,6.8665,6.8755,6.8431,6.8065,6.7697,6.7366,6.7064,6.6610,6.6606,6.6725,6.6443,6.5843,6.5969,6.5677,6.5316,6.4957,6.4627,6.4331,6.3873,6.3855,6.3916,6.3648,6.3053,6.3187,6.2909,6.2563,6.2225,6.1919,6.1641,6.1252,6.1250,6.1278,6.1067,6.0544,6.0739,6.0539,6.0279,6.0055
45122.3333333,5.2816,11.7170,9.3443,11.8304,22.7779,7.4191,12.5987,9.7267,13.3376,7.0199,9.8435,8.5536,4.0881,8.5976,11.8308,11.3914,14.9495,14.0827,6.6472,8.6707,17.7840,9.8158,6.7562,11.8913,11.8175,21.9792,12.1985,8.5969,17.0380,10.2233,18.2185,18.1770,20.8123,18.0724,19.3510,15.7588,18.2432,19.1362,11.7708,17.7750,18.0116,14.1573,12.3181,13.4430,23.3430,20.7459,14.0352,13.6071,8.8913,7.4509,9.8605,12.2198,13.0497,12.3782,4.3284,15.2727,13.7029,13.2633,16.6343,11.9882,11.1008,9.2074,10.9638,12.2090,9.5200,11.1866,13.9648,14.0549,7.8900,8.8232,11.3975,13.8079,12.3042,7.7507,6.1490,12.0089,10.4692,12.5399,11.0144,12.8294,14.1364,12.9780,7.4261,4.5274,7.0356,5.8788,10.0506,8.1101,10.2516,4.4651,10.1965,11.6150,11.4881,10.7062,3.4174,4.8962,5.6602,4.6231,4.6115,3.3816,3.4936,7.9005,4.1821,4.2470,7.4818,8.2977,4.9148,6.8715,3.8409,11.5524,3.9902,3.5282,5.0332,3.3717,4.7560,3.3538,4.1100,6.2837,6.6981,6.7654,1.7887,5.3624,4.2543,6.1738,10.8675,12.5547,10.1240,11.6821,6.0418,2.3052,3.7137,4.1469,5.2268,6.6236,10.9863,9.1414,8.5506,10.5850,5.3142,5.8941,6.0589,8.7661,6.0443,5.0880,8.0842,3.6484,4.8431,10.0194,8.2525,6.5140,7.7704,6.5850,7.0642,10.6227,5.2170,7.3744,10.4978,7.5098,5.6089,5.5812,13.4257,10.6364,8.3354,10.1674,9.1483,6.5275,10.1332,7.1010,10.4790,8.7151,3.6166,4.6956,8.3695,10.6732,10.1087,8.3351,6.2243,6.1222,5.0817,10.4920,7.0732,4.4123,4.2818,6.4030,3.5994,6.2625,6.0533,5.7820,5.9199,5.8258,5.7342,5.6359,5.5491,5.4232,5.2532,5.2883,5.4605,5.3937,5.1418,5.3005,5.2325,5.1548,5.0769,5.0091,4.9489,4.7504,4.7946,4.9699,4.9159,4.6774,4.8411,4.7898,4.7221,4.6572,4.6015,4.5566,4.3720,4.4297,4.5825,4.5437,4.3227,4.4901,4.4480,4.3880,4.3299,4.2798,4.2340,4.0611,4.1580,4.1912,4.1664,3.9617,4.1419,4.1119,4.0640,4.0220
45122.3750000,0.8152,6.4580,4.6893,6.7859,17.2930,3.3090,7.1578,4.6281,8.6594,3.1676,5.3833,4.1123,0.1502,3.7316,6.2997,6.3685,9.8695,9.0801,2.3833,4.0249,13.1236,4.9957,2.5452,7.4337,7.7840,17.4140,8.1259,4.3567,12.9909,6.2543,14.3695,14.7017,17.6264,14.6000,15.9908,11.6560,14.7516,15.5994,8.3939,15.1293,14.6153,11.3622,8.7619,10.0702,20.2445,17.4392,10.3129,9.8774,5.4566,4.3203,7.1899,9.2416,10.0456,9.4487,1.6298,11.8914,10.1885,10.3278,13.3053,9.0508,7.9983,6.0359,7.0634,8.5626,6.3751,7.9305,11.2045,11.0538,4.8064,6.9612,10.0970,12.4584,11.0912,5.9204,5.1920,11.0609,8.9987,10.7800,8.6789,10.4158,12.6897,11.1491,5.2525,2.2675,3.6217,2.8093,6.9958,5.0578,7.1909,1.8872,7.3989,8.5263,7.9720,7.1707,0.1632,1.5467,2.2516,2.1559,1.3130,0.0982,-0.2934,3.7022,0.2265,0.3003,3.2466,3.9883,0.5092,2.4961,-0.0588,7.5746,0.6672,0.6834,2.3042,0.9761,2.1632,1.5242,1.8525,3.8159,4.0841,4.0150,-0.5300,2.9029,1.6293,3.7128,7.7616,9.5658,7.4566,9.0664,3.4281,0.0526,1.2691,1.5165,2.4631,3.7261,7.4569,5.8160,5.4472,7.6922,2.7226,3.1035,3.2851,5.9883,3.4413,2.7492,5.3854,1.5211,2.7438,7.5441,5.6053,3.6828,5.0261,4.2138,5.0038,8.5368,3.6380,6.3576,9.0912,5.6936,4.1741,3.4963,11.7616,8.2175,5.9464,7.4682,6.9329,4.1799,7.2355,4.5810,7.3919,5.6931,1.1390,2.0937,5.5379,8.1351,7.5158,6.2313,3.7363,3.9910,2.9370,8.6425,5.0635,2.4419,1.8101,3.7196,1.3625,4.2358,3.9221,3.0656,3.7091,3.5345,3.3671,3.1859,3.0273,2.8436,2.1058,2.2185,2.9646,2.8579,2.0414,2.7334,2.6090,2.4640,2.3166,2.1884,2.0771,1.3379,1.4843,2.1872,2.1036,1.3070,2.0181,1.9244,1.7970,1.6725,1.5651,1.4812,0.7825,0.9274,1.5547,1.5076,0.7417,1.4498,1.3736,1.2623,1.1538,1.0604,0.9750,0.3269,0.8833,0.9147,0.8769,0.1472,0.8545,0.8042,0.7184,0.6425
45122.4166667,-5.7954,-1.3169,-2.0270,-0.1852,11.8821,-1.2090,0.6327,-2.5286,2.2788,-1.8400,-0.3360,-1.6279,-4.8627,-2.3794,-0.7492,-0.7026,2.6102,1.9985,-3.4331,-2.5570,7.0299,-1.1814,-2.8340,1.4211,2.7858,11.4073,2.3912,-2.0497,6.7161,0.1251,7.3239,8.5104,12.2524,9.9115,11.2226,6.6742,9.7002,9.4266,2.7234,10.6281,9.3606,6.3643,2.4763,4.0730,16.0319,11.7678,5.0215,4.1677,0.8593,-0.0008,3.7215,5.2048,5.9325,5.5959,-1.5069,6.9368,4.7880,6.2675,8.9546,4.4127,3.3193,1.4326,0.9841,2.6046,1.4343,2.7806,7.1325,6.8953,-0.0791,3.1283,7.4759,9.5385,8.9756,3.1539,3.8948,9.9364,7.2647,10.0318,5.7181,7.4999,12.5969,10.0682,3.8034,0.7800,-0.1171,-0.5742,3.1525,1.1062,3.6959,-0.8504,3.8956,4.7287,3.4935,2.2641,-4.0518,-2.8133,-2.0619,-0.5191,-2.4752,-3.6102,-4.3024,-1.0918,-4.6506,-4.5323,-2.0765,-1.6239,-4.9427,-3.9486,-5.9564,1.4435,-4.4470,-3.7837,-1.4201,-2.7462,-2.5685,-1.7638,-2.0189,0.4292,0.5011,0.3152,-3.9591,-0.7460,-2.4590,-0.3515,2.3171,4.4684,2.9322,5.2017,-0.1073,-2.8205,-1.7160,-1.6485,-0.7669,0.4178,3.6839,0.8877,0.8755,3.8898,-0.4859,-0.8656,-0.7237,2.3254,0.1945,-0.3805,1.4600,-2.0525,-0.6618,4.7913,2.5174,-0.2180,1.3429,0.1365,1.2312,4.7171,0.6680,4.5640,6.9589,2.6537,2.4479,0.9705,9.8816,6.0223,3.7243,3.7078,4.0436,1.4102,3.7089,1.9157,3.6903,2.0689,-1.7148,-1.0607,1.5886,4.6707,4.0136,3.6618,0.4588,1.5146,0.5073,6.6798,3.0263,0.5076,-0.2814,0.1067,-1.4303,1.9082,1.5229,-0.4398,1.3229,1.1182,0.9188,0.6960,0.5007,0.2811,-1.5181,-1.3067,0.4952,0.3663,-1.5436,0.2150,0.0527,-0.1426,-0.3459,-0.5279,-0.6951,-2.4680,-2.2007,-0.5803,-0.6985,-2.5556,-0.8276,-0.9560,-1.1333,-1.3094,-1.4671,-1.6104,-3.3170,-2.2134,-1.8195,-1.8962,-3.6702,-1.9694,-2.0569,-2.1955,-2.3337,-2.4543,-2.5700,-4.0455,-2.6815,-2.6367,-2.6763,-4.3259,-2.6930,-2.7420,-2.8425,-2.9319
45122.4583333,-11.3122,-8.8245,-6.6822,-6.2013,5.4917,-6.1662,-5.5026,-10.2277,-4.1290,-6.3047,-5.6462,-5.8967,-8.4102,-7.3101,-6.5298,-6.9223,-4.2453,-4.8620,-8.7168,-9.3273,0.4557,-7.9795,-8.0335,-6.3206,-3.3251,5.0671,-3.2979,-7.4375,0.2515,-6.3687,0.8757,1.1112,5.3381,4.8423,6.5428,1.7484,4.6178,2.6098,-4.4003,5.1457,4.2610,1.7181,-3.9669,-2.1609,12.7178,6.0803,-0.1089,-1.8998,-3.9713,-4.7776,0.1032,0.8979,1.6339,1.8602,-4.2228,2.3627,-0.1954,3.4624,6.7969,1.8269,0.4695,-1.4984,-4.3409,-2.9212,-2.4080,-2.0004,2.4185,1.8591,-5.4777,-1.4616,4.1050,5.1312,5.8978,-0.0405,2.2106,8.9779,5.7363,9.9114,2.9455,5.3245,14.0822,10.5916,3.9491,0.8713,-2.8083,-2.6509,0.3153,-2.6729,2.4110,-2.0659,2.3215,3.1685,1.9550,-0.3100,-5.8825,-5.0730,-4.5045,-1.1374,-4.5038,-5.6791,-6.5783,-4.5312,-8.4326,-8.2804,-6.4188,-6.2206,-8.9792,-9.7886,-11.7925,-5.2823,-9.9491,-9.2459,-5.7413,-6.4001,-7.7564,-5.0555,-6.0752,-2.9536,-3.0115,-3.3912,-7.0419,-4.5002,-5.9929,-4.4580,-4.0069,-0.6365,-2.0900,0.8061,-4.0539,-5.9677,-4.9012,-4.9222,-3.6512,-1.8701,1.6717,-3.0865,-4.0868,-0.5382,-3.4428,-3.9734,-5.1711,-1.6078,-3.3301,-3.6252,-1.7003,-5.4176,-4.2538,1.8877,-0.7807,-3.5811,-1.4027,-3.8856,-2.9660,0.5055,-2.2306,2.9280,4.6069,-0.1343,0.2833,-2.0515,7.7026,3.7956,1.6449,-0.2960,0.6922,-1.2258,1.0751,-1.1424,-0.3647,-1.6547,-4.6522,-4.0941,-2.5480,1.2285,0.5951,1.4019,-2.6155,-0.6807,-1.6027,5.1174,1.4882,-0.8286,-1.4687,-3.2267,-3.4914,-0.3761,-0.6270,-3.6997,-0.5680,-0.6881,-0.8160,-0.9859,-1.1614,-1.4959,-4.3328,-4.5517,-2.2470,-2.2531,-5.3655,-2.1013,-2.0904,-2.1338,-2.2182,-2.3347,-2.5791,-5.2852,-4.4981,-3.2639,-3.3092,-6.3692,-3.2842,-3.3204,-3.4248,-3.5454,-3.6776,-3.8926,-6.3704,-4.7576,-4.3886,-4.3864,-7.2666,-4.3011,-4.2992,-4.3725,-4.4680,-4.5808,-4.7856,-6.9600,-5.3095,-5.2311,-5.2466,-7.9578,-5.2120,-5.2163,-5.2878,-5.3582
45122.5000000,-17.7711,-17.4488,-11.6447,-10.4410,0.2107,-9.6223,-10.1058,-16.7024,-9.3042,-9.5668,-12.4362,-11.0804,-12.3815,-11.7038,-11.2027,-11.5703,-9.4293,-9.9989,-12.1259,-14.5289,-5.4733,-14.2668,-11.5964,-12.9678,-8.1580,-0.3752,-7.7441,-12.7426,-5.1405,-11.8627,-5.5556,-6.8692,-2.4457,-2.8165,0.4230,-3.4094,0.1446,-1.2736,-9.1381,1.4403,0.4969,-1.8180,-9.8669,-8.3442,9.4288,0.1845,-5.0976,-6.9524,-9.0894,-9.9930,-3.7971,-3.6072,-2.7070,-1.7874,-7.9067,-3.8425,-5.2689,-0.5735,5.2082,0.3187,-0.8653,-2.6268,-7.8746,-6.8259,-5.9090,-5.3708,0.1075,-0.8327,-11.0054,-5.9740,0.5574,0.2692,0.9786,-3.7960,-0.9766,7.4239,3.9330,9.7851,0.0136,2.3766,15.9169,11.5472,4.4337,1.2148,-5.2222,-4.4555,1.4380,-3.9868,2.8386,-1.8211,2.1473,2.8519,1.5311,-1.8397,-6.8179,-6.2617,-5.7154,-0.5505,-5.1305,-6.2805,-7.2501,-6.0227,-10.6567,-10.3902,-9.0834,-9.1360,-11.3091,-12.4816,-15.4073,-11.0553,-14.6247,-13.3806,-9.2879,-9.4141,-12.1506,-8.8206,-12.0511,-7.7314,-7.7229,-7.9643,-10.1817,-8.2319,-9.2766,-8.2383,-8.0309,-6.3026,-7.5008,-3.9357,-8.0687,-8.8698,-8.3459,-9.5263,-9.3112,-7.8185,-3.3901,-6.6906,-6.9916,-4.2643,-6.2902,-7.0355,-7.9190,-4.8993,-6.3103,-6.5436,-4.8771,-7.8332,-7.2430,-0.9299,-6.1561,-7.6758,-6.1964,-7.2481,-6.7747,-4.6765,-5.3845,0.9005,2.0366,-0.7937,-1.4209,-4.6842,5.4946,1.4541,-0.7029,-3.3836,-1.8883,-2.6548,-1.4687,-4.2213,-4.7919,-5.7518,-7.3333,-7.3352,-7.3400,-3.5273,-3.8714,-1.6021,-6.3604,-3.1071,-3.7207,3.5752,0.0740,-1.9895,-2.4574,-3.0266,-3.1358,-1.7298,-2.1500,-6.7652,-2.2104,-2.3394,-2.4741,-2.6555,-2.8401,-3.1698,-5.1800,-5.3754,-3.8488,-3.9193,-8.4702,-3.9581,-4.0255,-4.1341,-4.2601,-4.3878,-4.6102,-6.5038,-6.0076,-5.1245,-5.1651,-9.5052,-5.1666,-5.1949,-5.2880,-5.3881,-5.4892,-5.6608,-7.3873,-6.3560,-6.0555,-6.0763,-10.1768,-6.0858,-6.1107,-6.2055,-6.3096,-6.4151,-6.5956,-8.1054,-7.0455,-6.9646,-7.0616,-10.9972,-7.3662,-7.2255,-7.1938,-7.2043
45122.5416667,-19.9633,-21.4291,-13.9344,-11.7255,-1.2623,-8.2870,-9.6469,-18.1497,-10.5606,-8.8281,-11.4957,-10.7597,-11.4247,-12.6851,-13.0589,-13.5935,-12.0716,-12.3735,-12.6654,-15.3673,-7.5160,-15.9199,-11.6911,-15.9064,-10.2335,-2.5740,-8.6303,-13.8148,-7.3083,-14.1903,-8.5336,-11.3152,-7.1713,-4.6346,-1.0659,-4.4480,-1.0124,-2.3784,-11.0050,-0.2731,-0.3996,-1.7701,-10.9876,-9.9862,8.2668,-2.3838,-6.4336,-6.7019,-9.4774,-10.2797,-4.4201,-4.8601,-4.0012,-2.5629,-7.8653,-8.6395,-9.9793,-5.1295,3.7723,-0.0240,-0.5201,-1.7597,-9.0725,-9.1256,-8.1010,-7.2214,-1.4331,-1.7712,-13.2209,-8.2186,-1.2761,-1.9361,-3.0997,-7.4201,-3.9382,4.9281,2.3841,9.2610,-0.7011,2.2785,19.4046,15.4705,8.4967,5.1833,-2.7012,-1.9439,4.4581,-2.2306,5.2929,0.8858,5.4564,7.0237,6.3762,2.6127,-2.0049,-1.7309,-1.2289,4.7769,-0.1009,-1.3531,-2.5587,-2.0263,-7.8655,-7.6065,-6.6954,-6.7970,-8.3981,-10.4611,-14.3907,-12.8517,-15.4069,-13.9295,-10.2350,-8.8216,-10.7950,-7.5111,-12.1074,-7.9615,-8.3646,-8.0955,-9.0770,-9.1823,-10.1393,-9.8948,-9.6894,-8.2293,-9.0323,-5.0981,-8.2726,-8.0269,-8.5422,-9.5281,-11.3070,-11.1766,-5.6229,-8.7090,-8.8182,-6.0686,-6.8968,-7.9409,-8.6162,-5.9144,-6.5335,-6.4079,-5.0716,-6.9716,-6.9966,-1.2090,-7.6838,-8.7171,-7.9372,-9.5473,-9.1317,-8.9903,-7.6553,-1.2274,0.1502,-0.8812,-1.4499,-4.6569,5.4401,2.0689,0.6749,-0.4134,2.0978,0.5883,0.8884,-2.4206,-5.0050,-6.3633,-6.8609,-7.7832,-8.5364,-5.6546,-5.9460,-2.9204,-7.4871,-4.4342,-4.6866,2.4332,-0.3236,-1.7481,-1.9455,-1.6915,-1.4173,-0.6035,-0.9554,-5.6206,-1.3308,-1.2679,-1.2172,-1.2207,-1.2219,-1.3666,-2.6797,-2.6659,-1.4729,-1.5962,-6.2751,-2.1695,-2.1705,-2.2251,-2.2979,-2.3638,-2.5149,-3.8553,-3.4789,-2.7775,-2.9322,-7.4413,-3.5370,-3.5361,-3.6084,-3.6802,-3.7391,-3.8531,-5.0776,-4.3502,-4.0387,-4.1499,-8.3425,-4.6794,-4.6527,-4.7033,-4.7551,-4.7954,-4.8990,-5.9308,-5.1620,-5.0008,-5.0667,-7.8323,-5.4629,-5.4419,-5.5063,-5.5604
45122.5833333,-20.4319,-23.6512,-18.1234,-17.2652,-9.7523,-14.5998,-17.0353,-23.4024,-15.7141,-12.4943,-15.0900,-14.0024,-12.9621,-14.4246,-15.0262,-15.0803,-13.9180,-13.9543,-12.6761,-15.3166,-9.9014,-16.8901,-11.6601,-17.2184,-12.0465,-6.1881,-12.0268,-14.3301,-9.3277,-14.4219,-10.7553,-12.9106,-9.4904,-5.5698,-3.5356,-6.3384,-3.4618,-4.9302,-11.9537,-1.8622,-2.4757,-3.4551,-12.0171,-9.3102,6.3407,-4.9259,-7.7632,-7.3498,-9.8357,-9.9569,-5.2922,-6.2408,-5.5543,-4.1087,-8.0519,-10.4501,-10.6688,-6.5073,2.3227,-2.0357,-3.0264,-4.2923,-11.4504,-10.9760,-8.8479,-6.6712,-2.9946,-4.2343,-14.3102,-9.5828,-3.6312,-3.4783,-4.4161,-9.2654,-4.8399,1.1665,-1.6254,3.4249,-4.8109,-1.8154,15.2357,10.6708,3.4088,0.1551,-6.8983,-4.6596,1.4491,-3.8270,2.9481,-1.2312,3.7501,5.6571,5.5351,2.1079,-2.1086,-0.8373,0.2162,6.1512,1.3780,0.2339,-0.4775,0.5965,-5.6353,-5.5159,-5.0668,-5.4565,-6.7834,-8.9014,-11.8203,-12.0367,-12.9966,-11.4681,-9.4528,-6.7159,-8.7011,-6.3835,-11.6319,-8.6526,-10.5962,-8.6971,-8.2305,-9.1075,-10.0369,-10.3457,-12.4932,-10.5874,-10.6261,-6.7973,-8.9567,-7.5437,-8.7074,-8.6358,-10.2596,-10.4435,-5.8363,-9.6497,-10.9327,-8.1187,-7.8961,-8.8310,-9.3142,-6.8077,-6.5646,-6.3237,-5.8948,-7.2170,-7.0173,-2.0167,-8.6835,-8.8313,-7.9590,-9.7507,-9.4466,-10.3428,-7.3730,-2.0915,-2.2333,-2.8599,-3.7643,-7.2577,1.6048,-1.8849,-3.1671,-3.6246,-0.8999,-2.9868,-2.5292,-5.1872,-6.9292,-6.8315,-5.8926,-6.4537,-7.6685,-5.9662,-6.6335,-3.4207,-6.8698,-5.1134,-5.4240,0.6304,-2.1342,-3.4697,-3.8492,-3.5940,-3.4873,-3.2036,-3.5415,-6.6763,-3.7163,-3.5390,-3.3500,-3.2093,-3.0616,-3.0721,-3.9441,-3.7610,-2.6594,-2.5757,-5.6268,-2.7201,-2.5521,-2.4580,-2.4048,-2.3658,-2.4424,-3.4463,-3.1450,-2.4920,-2.5520,-5.6244,-2.9611,-2.9000,-2.9330,-2.9831,-3.0367,-3.1676,-4.1678,-3.7131,-3.4139,-3.5078,-6.4424,-3.9843,-3.9528,-4.0122,-4.0827,-4.1511,-4.3005,-5.1507,-4.6699,-4.5159,-4.5855,-6.6049,-4.9620,-4.9166,-4.9606,-5.0067
45122.6250000,-17.4961,-21.4321,-16.9863,-15.8209,-9.5792,-12.5206,-16.5549,-24.9645,-17.5586,-13.1314,-16.4035,-16.4549,-15.4462,-17.9975,-19.6566,-20.0664,-19.4250,-19.0361,-16.2374,-18.7496,-13.6896,-20.5727,-13.6768,-18.2479,-14.4168,-9.5918,-17.1874,-17.8207,-13.1273,-16.3857,-15.4840,-16.8968,-13.6210,-8.9928,-3.8483,-6.1475,-0.4256,-2.1493,-10.4691,-0.2467,-1.4505,-2.7155,-12.1488,-8.1923,5.2721,-8.7735,-10.8317,-9.0171,-12.2229,-9.5132,-6.6035,-8.5897,-8.1989,-6.3601,-10.1968,-15.3649,-15.0114,-11.4755,0.5762,-3.2320,-3.8512,-4.8475,-13.5283,-13.6584,-11.1181,-9.5687,-4.5936,-4.1424,-16.2715,-11.1765,-4.7935,-5.9589,-6.0611,-9.3165,-2.0043,1.6731,-1.9360,-0.0516,-7.0971,1.0494,15.9806,10.6038,3.0014,-0.2292,-5.4404,-5.1365,-0.5894,-5.6200,-0.4242,-4.6620,-0.3725,1.5925,1.6108,-2.2654,-7.7757,-4.7722,-3.5700,3.3990,-1.8095,-3.0151,-3.5620,-1.8772,-6.4339,-6.0868,-4.5209,-4.8632,-6.2324,-8.1300,-11.8207,-13.0436,-13.0754,-11.9899,-11.1656,-8.4621,-7.5129,-5.1380,-9.3251,-7.0955,-11.4146,-10.0787,-7.6202,-7.8911,-8.5058,-9.2153,-11.3216,-12.1885,-12.7591,-8.9148,-10.6770,-9.8475,-9.8571,-11.5395,-13.1147,-13.3314,-6.8819,-10.6357,-11.4708,-9.5318,-8.7415,-10.0841,-10.5470,-10.0914,-9.1157,-7.0177,-6.2554,-7.4262,-8.4723,-1.9260,-9.8992,-9.3908,-8.2468,-9.6499,-9.6061,-11.9203,-7.9755,-1.9885,-2.5836,-2.1616,-3.1043,-7.2493,1.6596,-3.8405,-2.4737,-2.3431,1.1267,-1.6426,-2.1647,-6.7352,-8.9884,-9.3861,-8.1819,-8.8393,-9.9469,-8.0720,-8.8740,-3.4975,-5.9096,-4.7524,-4.9661,1.2452,-1.3537,-2.5573,-2.9417,-2.3976,-2.2752,-2.6925,-3.2391,-5.5711,-3.7945,-3.8837,-3.9677,-4.0966,-4.2115,-4.4584,-5.3131,-5.3349,-4.6487,-4.7159,-6.9027,-5.0226,-4.9428,-4.9027,-4.8719,-4.8264,-4.8613,-5.5704,-5.2831,-4.6681,-4.6169,-6.6301,-4.7325,-4.5707,-4.4962,-4.4374,-4.3824,-4.3997,-5.0766,-4.6862,-4.3354,-4.3331,-6.3058,-4.5915,-4.5111,-4.5228,-4.5503,-4.5803,-4.6887,-5.3176,-4.9786,-4.8204,-4.8698,-6.3219,-5.1833,-5.1475,-5.1969,-5.2439
45122.6666667,-15.0233,-18.3350,-13.9755,-12.8442,-7.3581,-9.2131,-14.0641,-23.1685,-15.8038,-10.3144,-13.5038,-13.0490,-11.7748,-15.1627,-17.7751,-18.7398,-19.4288,-19.6176,-15.9355,-19.3362,-15.6757,-21.5228,-14.3209,-18.9582,-15.8301,-11.7906,-19.7422,-19.4711,-17.7135,-18.9618,-20.1944,-21.2544,-18.1940,-13.5023,-8.7149,-10.3716,-2.6080,-3.1741,-10.9520,0.5595,0.2240,-0.3534,-8.8677,-4.3846,8.0529,-7.2021,-8.6106,-6.3587,-10.1909,-8.0051,-5.3064,-7.6715,-7.4597,-5.5226,-8.7874,-17.2535,-16.8466,-13.8921,-0.6693,-4.0939,-4.5891,-5.3850,-15.0473,-15.6166,-13.0068,-12.8055,-9.1311,-6.0511,-16.7888,-11.5389,-4.9398,-8.1122,-8.6180,-10.0706,-1.5037,1.3818,-1.8890,-1.9771,-7.2853,3.8146,17.4126,12.0516,4.5949,1.6249,-1.6077,-1.9485,2.3133,-1.9014,2.6133,-1.2663,1.8756,5.1444,4.8720,0.1369,-6.3778,-3.1662,-2.4089,4.6627,-0.9426,-2.4006,-3.2843,-2.1374,-5.2519,-6.6879,-4.0497,-4.1741,-5.2858,-6.6305,-10.2057,-11.8398,-10.9658,-9.3660,-9.4893,-7.0893,-7.1632,-3.4189,-6.7373,-5.0109,-10.6835,-9.9918,-6.5884,-6.7326,-8.4917,-7.8261,-9.5629,-9.8391,-10.2878,-6.5942,-8.0595,-7.6054,-8.6115,-10.5914,-12.8044,-13.7699,-7.2910,-11.1043,-11.6011,-10.5273,-8.5181,-9.7325,-10.7339,-11.5166,-10.5379,-7.6004,-6.7690,-7.3746,-9.1153,-2.5400,-10.9461,-10.0263,-9.7223,-9.7158,-9.4580,-11.9983,-7.3977,-2.1236,-1.9817,-1.2171,-1.5536,-5.7409,2.5043,-4.1439,-1.4580,-0.6744,3.2825,-1.1166,-0.2907,-6.0866,-7.9359,-8.2388,-6.3084,-7.3324,-9.2922,-8.5826,-10.7787,-4.3872,-6.0295,-5.1579,-5.1597,0.9383,-1.3399,-2.3296,-2.5641,-1.6884,-1.5903,-1.9037,-2.2589,-3.7702,-2.4163,-2.3575,-2.3094,-2.3231,-2.3418,-2.5058,-3.1506,-3.1307,-2.5714,-2.6465,-4.2421,-3.0019,-3.0129,-3.0812,-3.1737,-3.2629,-3.4354,-4.1433,-4.0554,-3.6595,-3.7420,-5.2876,-4.0667,-4.0271,-4.0600,-4.0932,-4.1136,-4.1848,-4.7656,-4.4981,-4.1739,-4.1556,-5.5462,-4.3101,-4.1935,-4.1589,-4.1326,-4.1025,-4.1420,-4.5821,-4.2752,-4.0511,-4.0252,-5.0565,-4.1703,-4.0778,-4.0745,-4.0800
45122.7083333,-11.2275,-15.1504,-9.3274,-8.0943,-5.0097,-2.7099,-6.9583,-16.5182,-9.7165,-4.0868,-9.1230,-7.3257,-6.1631,-9.5470,-12.3195,-13.3395,-14.6440,-15.0127,-10.8430,-14.8009,-14.0143,-16.9350,-10.1848,-14.6651,-14.1349,-9.8840,-16.6732,-16.1941,-17.2781,-17.6769,-21.2825,-23.2322,-22.0806,-17.2820,-13.0424,-13.8728,-5.5236,-5.0472,-11.8393,-0.3553,0.0263,0.1597,-5.9610,-1.9167,10.2348,-4.6063,-5.1311,-2.3185,-5.7542,-2.6985,-0.9309,-3.3406,-3.3139,-1.4450,-4.0669,-14.6087,-14.6256,-12.4064,0.7221,-1.8200,-2.2412,-2.9579,-12.5102,-13.8866,-10.0503,-12.0003,-9.3385,-7.3204,-17.1188,-12.0775,-6.3987,-7.5800,-9.3904,-9.9930,-1.5816,0.8447,-1.8254,-2.7881,-5.9813,6.1137,18.9731,14.1911,7.0613,4.2654,2.6130,2.0151,6.3438,2.8399,7.0090,3.0635,4.3756,9.7807,9.8740,5.2049,-1.6034,1.6734,2.5698,9.1050,4.1619,2.7405,1.9475,3.2293,0.1940,-0.7201,1.2507,1.4755,-0.0110,-1.6732,-5.8105,-8.5917,-7.9725,-7.0695,-7.4878,-5.3724,-5.8481,-1.8870,-4.3644,-2.3639,-7.9885,-7.6794,-4.0822,-4.1672,-6.3759,-5.5126,-8.3265,-7.7434,-7.5701,-3.6555,-4.5759,-4.2101,-5.4994,-6.5208,-9.1948,-10.6828,-5.0394,-8.6123,-8.9999,-8.5203,-6.3088,-7.8247,-9.6458,-10.1200,-9.0042,-6.2441,-5.9003,-6.0712,-7.8005,-2.2394,-10.1105,-9.1040,-9.5606,-9.5597,-9.1295,-11.8173,-5.7265,-3.2233,-2.0881,-1.6741,-0.4893,-3.5416,4.4341,-1.0450,1.3787,2.6751,6.3602,0.2713,2.5459,-3.4148,-5.3225,-5.5746,-3.8934,-4.5676,-6.4815,-6.1714,-7.9871,-2.1881,-3.4809,-3.0209,-3.0971,2.2945,0.3300,-0.5273,-0.7545,0.1422,0.1551,0.0206,-0.2501,-1.3178,-0.2780,-0.1661,-0.0580,-0.0045,0.0530,-0.0243,-0.4846,-0.3543,0.2350,0.2739,-0.8196,0.1755,0.2707,0.3046,0.3098,0.3131,0.2281,-0.3154,-0.1877,0.2287,0.1966,-0.9434,-0.0440,-0.0036,-0.0507,-0.1113,-0.1708,-0.2901,-0.8500,-0.7089,-0.4634,-0.5181,-1.6428,-0.8059,-0.7764,-0.8288,-0.8863,-0.9348,-1.0450,-1.4780,-1.2885,-1.1099,-1.1180,-1.9618,-1.2881,-1.2076,-1.2087,-1.2095
45122.7500000,-6.0374,-10.2404,-4.6129,-4.8509,-2.7322,0.5773,-2.8631,-11.1130,-5.6957,-0.1248,-4.7350,-2.4502,-1.4179,-3.8542,-6.2234,-6.9165,-8.1683,-8.3004,-4.3860,-8.2732,-9.3279,-10.5072,-5.0133,-8.8640,-9.3843,-6.0559,-11.3378,-10.6484,-13.5462,-13.0704,-18.6401,-20.8835,-21.3401,-16.9987,-14.1812,-14.6602,-8.1050,-6.9201,-11.8473,-1.6615,-0.9800,-0.3522,-4.8434,-1.2387,10.6440,-2.4176,-2.1651,0.7316,-2.2363,0.8143,2.4271,0.7952,1.1526,2.9783,0.2455,-9.0711,-8.9763,-7.3508,3.8140,1.8936,1.5366,0.9086,-7.5419,-9.0817,-5.2969,-7.6721,-5.4212,-4.6559,-13.9619,-10.7639,-6.7865,-7.6750,-9.7125,-9.2099,-1.9336,-0.0118,-1.5783,-2.5842,-4.6632,6.6838,18.4664,14.2881,7.4377,4.7337,4.3364,3.8064,8.4921,5.6480,9.8206,5.5982,7.3219,13.4867,14.0130,9.9456,3.0394,6.1928,7.6321,12.7750,8.9241,7.4599,6.7620,9.3276,5.4486,4.8092,6.4186,7.5588,5.9059,4.6914,0.8815,-1.6684,-1.5815,-1.5214,-2.2132,-0.8296,-1.7085,1.2477,-0.8361,0.6595,-4.5156,-4.6578,-1.8505,-1.8148,-3.8564,-3.1241,-5.9053,-5.0774,-4.2069,-0.5594,-1.2832,-1.2037,-2.2356,-2.8425,-4.8908,-6.4188,-2.0010,-5.0128,-5.1825,-4.8851,-2.7026,-4.0012,-5.7676,-6.7954,-5.6338,-3.4050,-3.5297,-3.6332,-5.2439,-1.2283,-7.7582,-6.8396,-7.7235,-7.6774,-7.5830,-10.7242,-4.4703,-3.4704,-3.0847,-2.5583,-1.3880,-3.1198,3.9326,-1.1068,0.9911,3.1814,6.4060,0.6363,3.8292,-1.0971,-2.2647,-2.0470,-0.7656,-1.1040,-2.7222,-2.8552,-3.9410,0.9830,-0.1142,0.1783,0.0567,4.8718,3.0069,2.0231,1.8284,2.8074,2.3768,2.7838,2.5940,1.8160,2.6339,2.7655,2.8925,2.9650,3.0397,2.9815,2.6006,2.7452,3.2931,3.3609,2.5559,3.3425,3.4706,3.5435,3.5919,3.6418,3.6081,3.1793,3.3359,3.7768,3.8144,2.9927,3.7333,3.8442,3.8713,3.8850,3.8983,3.8507,3.4155,3.5733,3.8645,3.8692,3.0278,3.6939,3.7580,3.7358,3.7005,3.6655,3.5616,3.1754,3.3061,3.4599,3.4291,2.7040,3.2043,3.2439,3.2037,3.1696
45122.7916667,0.6026,-3.2102,1.3553,0.5458,1.9664,4.5873,1.9953,-5.1508,-1.3852,3.0015,-0.8024,0.9831,1.1457,-0.2133,-1.9479,-2.3489,-3.2356,-3.3767,-0.0743,-2.9838,-4.4999,-4.8413,-0.8547,-3.7147,-4.3717,-1.7470,-5.8905,-5.1272,-8.6562,-7.6973,-14.0731,-16.5321,-18.1771,-14.2755,-12.6163,-12.7580,-8.1462,-7.0889,-10.4301,-2.1669,-1.6064,-0.6600,-4.0108,-1.0200,9.8946,-1.4631,-0.9004,1.8551,-0.6266,1.8031,3.3925,2.5413,3.3482,5.0992,2.1175,-4.9252,-4.7094,-3.3254,6.3615,4.8191,4.5974,4.1727,-2.4447,-3.9950,-0.7076,-3.0363,-1.2743,-1.1276,-9.1396,-7.4420,-5.0225,-6.0631,-8.1017,-7.2782,-1.8455,-0.9825,-2.3051,-3.0437,-4.3186,5.4846,16.3999,12.9637,6.8878,4.4759,4.7907,4.6409,9.4668,7.0933,11.1021,6.4469,9.0767,15.0274,15.7728,12.0753,5.1678,7.7978,9.5070,13.0337,10.5263,9.0595,8.5978,12.4088,8.7952,8.5016,10.4742,11.9251,9.9303,9.4667,5.8700,4.7190,3.8584,3.5228,3.1112,3.6718,3.0931,4.5672,3.4440,4.8868,0.8034,0.4540,1.8075,1.8938,0.1735,0.5342,-2.2805,-2.1376,-1.2619,1.7654,1.1458,0.8079,0.1530,-0.3854,-1.8859,-3.1432,0.2350,-1.9027,-1.8066,-1.4990,0.2900,-0.6556,-2.1143,-3.2471,-2.3116,-0.6916,-0.8688,-0.9697,-2.2465,0.2449,-4.5147,-3.7694,-4.8702,-4.9719,-5.1360,-8.5173,-3.0062,-2.6663,-2.8574,-2.2916,-1.1767,-2.3187,3.2069,-1.0209,0.6440,2.7394,5.2408,0.5297,3.3631,-0.5109,-1.4158,-0.8884,0.0158,0.3686,-0.3963,-0.3375,-0.9588,3.0946,2.2518,2.5823,2.4783,6.9936,5.1617,3.9742,3.8860,5.0848,4.1076,5.1684,5.0611,4.5241,5.1506,5.2791,5.4002,5.4722,5.5435,5.5002,5.2018,5.3287,5.7822,5.8536,5.2771,5.8730,6.0001,6.0827,6.1460,6.2109,6.2047,5.8819,6.0258,6.4124,6.4711,5.8878,6.4584,6.5798,6.6319,6.6734,6.7153,6.7057,6.3854,6.5337,6.8119,6.8539,6.2602,6.7860,6.8808,6.9041,6.9167,6.9293,6.8825,6.6108,6.7429,6.9104,6.9216,6.3918,6.7980,6.8607,6.8530,6.8441
45122.8333333,5.8918,3.5555,6.9085,6.4931,8.2565,9.1015,7.8042,1.6194,4.4828,7.2803,4.6636,5.7691,5.0402,4.5154,3.0827,2.5232,1.6732,1.3436,3.4027,1.2518,0.0073,-0.1833,2.4307,0.4469,-0.0470,2.1912,-1.0223,-0.4296,-3.5979,-2.5151,-8.5082,-10.7542,-12.9824,-9.4960,-8.6361,-8.5488,-5.3800,-4.8636,-6.9279,-0.8058,-0.4786,0.3975,-2.1972,0.1158,9.7645,-0.1190,0.4270,2.7871,0.7463,2.4288,3.8914,3.5952,4.5009,5.9816,2.8411,-1.8404,-1.4548,-0.1949,8.1373,6.6245,6.5269,6.0830,1.2356,0.0456,2.6136,0.9165,2.5053,2.6153,-4.0825,-3.3673,-1.9908,-3.1484,-4.8182,-4.0670,-0.1940,0.1707,-0.9779,-1.6777,-2.6654,5.5418,14.9994,12.1512,6.4766,4.2464,4.9387,4.6579,9.2495,7.1119,10.8982,6.0190,9.6752,15.1609,16.1300,13.1380,6.1282,8.6070,10.3152,12.4083,11.0060,9.5067,9.4241,14.1122,10.6302,10.5918,13.2791,14.8120,12.3544,12.6313,9.0143,9.8244,7.7451,7.2370,7.4659,7.1878,7.3278,7.6226,7.2790,8.9192,6.0338,5.6968,4.9317,6.0943,4.5594,4.9198,2.7953,2.6327,3.0726,5.4094,4.3534,3.2982,3.0137,2.5119,1.4224,0.4178,2.8601,1.0175,1.0270,1.3009,2.4071,1.7817,0.7724,0.0242,0.7253,1.7746,1.8219,1.4600,0.6897,2.5192,-0.9538,-0.4084,-1.4207,-1.7152,-2.1179,-5.2873,-0.8201,-0.7009,-1.0568,-0.5200,0.4061,-0.4446,3.7810,0.4760,1.6786,3.4104,5.2169,1.6181,3.8609,0.8085,-0.0294,0.3013,0.6837,1.0989,0.8261,1.0862,0.7753,3.8306,3.0960,3.4175,3.2933,7.6406,5.8172,4.4577,4.4906,5.9560,4.5214,6.1924,6.2243,5.9599,6.5179,6.7323,6.9404,7.1081,7.2698,7.3341,7.1985,7.3756,7.7978,7.9308,7.5901,8.0743,8.2314,8.3494,8.4468,8.5393,8.5691,8.3532,8.4810,8.7999,8.8721,8.4788,8.9051,9.0239,9.0903,9.1482,9.2055,9.2204,8.9984,9.1226,9.3589,9.4174,9.0148,9.4111,9.5128,9.5608,9.6004,9.6393,9.6301,9.4504,9.5683,9.7246,9.7624,9.3998,9.7184,9.7981,9.8237,9.8430
45122.8750000,11.1192,10.4362,12.3543,12.2980,14.6910,12.9975,13.0849,7.6760,10.1042,11.0526,9.7297,10.2753,8.5303,9.3959,8.6179,7.9854,7.4224,6.9093,7.4055,5.9712,5.3270,4.6361,5.8511,4.8222,4.2977,6.3739,3.3955,3.5284,1.1969,1.9138,-3.0967,-5.1049,-7.4423,-4.3653,-3.8968,-3.6372,-1.3582,-1.0929,-2.4112,2.1596,2.3467,2.9353,0.8692,2.5773,11.0332,2.4414,2.6832,4.4893,2.6038,3.5518,4.8156,4.8738,5.7023,6.8329,3.4376,0.8292,1.1620,2.1797,9.2848,7.6676,7.6528,7.1728,3.8961,3.0920,4.9005,3.8449,5.4530,5.7047,0.2120,0.4708,1.3233,0.2480,-1.1654,-0.5587,1.9145,2.3775,1.4061,0.7816,-0.0337,6.7795,14.7669,12.4155,7.0058,4.9122,6.0837,5.6936,10.1063,8.1423,11.6200,6.4880,10.8174,15.6865,16.5781,14.1123,6.8080,9.1192,10.6734,11.5452,10.9199,9.3781,9.5490,14.8580,11.9357,11.9930,15.2679,16.7899,13.7937,14.7610,10.9167,13.7106,10.0454,9.3489,10.1517,9.0440,9.9160,9.2305,9.5950,11.6928,9.8593,9.6916,6.8199,9.5750,8.1746,8.9830,8.0811,7.9657,7.9654,9.8775,8.0933,6.0307,6.3406,6.0006,5.3470,4.6526,6.6226,4.8235,4.5638,4.7151,4.7991,4.3460,3.5328,3.0831,3.2787,3.7447,4.1053,3.1825,2.9022,4.6258,2.0038,2.2721,1.6024,1.3279,0.9743,-1.5864,1.5118,1.6204,1.3758,1.6671,2.3258,1.7854,5.3137,2.6970,3.4109,4.8450,6.0199,3.2152,5.1797,2.6962,2.1853,2.2784,2.0189,2.5114,2.5297,2.7649,2.4672,4.4992,3.7154,3.9086,3.6630,7.7656,5.8449,4.3298,4.4089,6.0078,4.2396,6.2368,6.3328,6.2584,6.7329,6.9893,7.2452,7.4756,7.7021,7.8590,7.8756,8.1023,8.5003,8.7053,8.5903,9.0206,9.2397,9.4319,9.6083,9.7783,9.8998,9.8467,10.0205,10.3267,10.4646,10.2848,10.6446,10.8039,10.9246,11.0355,11.1411,11.2111,11.1120,11.2402,11.4473,11.5319,11.3024,11.6006,11.7082,11.7786,11.8418,11.9025,11.9270,11.8317,11.9346,12.0682,12.1214,11.9015,12.1368,12.2185,12.2634,12.2984
45122.9166667,14.2658,15.6256,16.3191,16.8265,20.3376,15.7669,17.2896,12.3051,14.6163,13.6656,13.5237,13.4966,10.5909,12.8557,12.8469,12.1524,12.0981,11.4618,10.2799,9.6915,10.2418,8.7070,8.6865,8.8493,8.3152,10.6778,7.3796,6.8392,5.5974,5.5008,1.7358,-0.1008,-2.4021,0.0546,0.2319,0.3776,2.0300,2.1357,1.0412,4.7612,4.8696,5.0569,3.3703,4.6518,12.2574,4.7707,4.5765,5.9853,4.1027,4.4900,5.6653,6.0033,6.7037,7.4659,3.7508,2.9507,3.1152,3.8570,9.8375,7.9334,7.8227,7.1735,5.0926,4.6054,5.6877,5.1765,6.8517,7.3493,2.9785,3.2260,3.9929,3.2428,2.0042,2.2055,3.5244,4.4954,3.5779,3.1257,2.3649,8.0112,14.5961,12.5265,7.2034,5.1216,6.6371,6.0585,10.2948,8.3927,11.5763,6.1972,11.0146,15.3346,16.1153,14.0840,6.5256,8.7277,10.1504,10.1592,10.0304,8.4742,8.7766,14.4448,12.0867,12.2148,15.9802,17.4761,13.9747,15.6001,11.4930,16.1401,10.9005,10.0573,11.3493,9.5797,11.0305,9.6185,10.4664,12.9777,11.9090,11.8414,7.1293,11.2019,9.8236,11.1893,11.7670,11.9547,11.5449,13.2904,10.6101,7.4633,8.4707,8.4286,8.3442,8.1638,10.2668,8.4653,8.0008,8.2106,7.1087,6.8228,6.1507,6.0838,5.6469,5.5678,6.2820,4.5639,4.6276,6.5559,4.3928,4.2846,3.8634,3.4122,3.1157,1.3845,3.0502,3.3403,3.4066,3.3460,3.6670,3.3481,6.7062,4.5191,4.7425,5.9810,6.6307,4.2913,6.1627,3.9723,3.8926,3.7623,2.8214,3.4988,4.0168,4.3592,4.0454,5.2201,4.3299,4.3839,3.9899,7.8620,5.8041,4.1657,4.2157,5.8024,3.8572,5.8631,5.8961,5.8521,6.1607,6.3373,6.5194,6.6916,6.8676,7.0059,7.0611,7.2557,7.5655,7.7596,7.7561,8.1033,8.3223,8.5287,8.7291,8.9287,9.1004,9.1632,9.3710,9.6644,9.8523,9.8386,10.1663,10.3672,10.5429,10.7114,10.8752,11.0148,11.0449,11.2167,11.4366,11.5769,11.5149,11.7842,11.9305,12.0504,12.1626,12.2701,12.3515,12.3534,12.4775,12.6182,12.7050,12.6156,12.8110,12.9067,12.9749,13.0272
45122.9583333,15.8555,19.1932,18.8545,19.9925,24.9484,17.4927,20.4290,15.7122,18.1812,15.4874,16.4124,15.9165,11.9345,15.4625,16.2456,15.4803,16.0176,15.2321,12.3450,12.4573,14.4740,11.8337,10.7253,12.1315,11.6337,14.8060,10.8559,9.6181,9.8230,8.7273,6.4801,4.8005,2.6763,4.4140,4.3932,4.2043,5.4384,5.4062,4.0605,7.3309,7.3827,7.1136,5.6529,6.6477,13.7238,7.1150,6.3501,7.3999,5.3561,5.3137,6.4990,7.1046,7.7332,8.2097,4.1405,4.9489,4.9196,5.4264,10.5483,8.3673,8.1559,7.3429,6.1251,5.8496,6.2555,6.0995,7.7371,8.3025,4.4263,4.7876,5.7458,5.5066,4.4336,4.1552,4.5923,6.3685,5.5090,5.3782,4.6486,9.4498,14.9006,13.0815,7.7906,5.6594,7.4857,6.7421,10.8909,8.9986,11.9342,6.3427,11.4742,15.2749,15.8836,14.1162,6.3450,8.3708,9.6231,9.0723,9.2069,7.6522,7.9758,13.7374,11.4958,11.6808,15.8224,17.3239,13.4626,15.5841,11.2727,17.4837,10.8771,9.9306,11.5848,9.3795,11.2310,9.3648,10.5271,13.3924,12.9074,12.9406,6.9219,11.8747,10.4632,12.3039,14.2623,14.7767,13.9222,15.6392,12.0201,7.9315,9.4817,9.6979,10.1291,10.4929,13.1043,11.2942,10.7395,11.2552,8.9726,8.9442,8.4544,8.9484,7.8843,7.3972,8.6253,6.0204,6.4146,8.8466,6.9064,6.3983,6.2018,5.4302,5.0932,4.1011,4.3602,4.8962,5.3491,4.8816,4.8295,4.6404,8.1980,6.2478,6.0290,7.1900,7.4301,5.3339,7.2477,5.1490,5.4862,5.0799,3.4276,4.1924,5.1961,5.7131,5.3867,5.8972,4.8999,4.8750,4.3804,8.1761,6.0151,4.2997,4.3384,5.9213,3.8901,5.8770,5.8679,5.8359,6.0278,6.1366,6.2496,6.3568,6.4670,6.5539,6.5887,6.7130,6.9127,7.0410,7.0457,7.2752,7.4267,7.5735,7.7197,7.8690,8.0042,8.0738,8.2393,8.4637,8.6258,8.6638,8.9224,9.1052,9.2762,9.4463,9.6170,9.7753,9.8668,10.0506,10.2676,10.4362,10.4776,10.7302,10.9064,11.0664,11.2218,11.3742,11.5094,11.5933,11.7536,11.9237,12.0585,12.0794,12.2791,12.4135,12.5256,12.6126
45123.0000000,16.9114,21.7569,20.6098,22.2701,28.6199,18.6810,22.8263,17.7983,20.5118,16.3846,18.1786,17.3221,12.4772,16.8431,18.4313,17.7061,18.9773,18.1571,13.7409,14.4924,18.0865,14.2414,12.2179,14.7909,14.3266,18.5717,13.6835,11.7434,13.5243,11.3359,10.7855,9.3000,7.5705,8.6004,8.5357,7.9151,8.9540,8.8651,6.9592,9.5393,9.6307,8.9272,7.6225,8.4731,15.3537,9.5350,8.1422,8.2027,6.0501,5.7203,7.0223,7.9475,8.6072,8.8968,4.4659,6.7801,6.5754,6.8923,11.3809,8.9369,8.6452,7.6990,7.1543,7.0698,6.9037,7.0358,8.6681,8.9282,5.1683,5.5809,6.7534,7.0119,6.0342,5.2513,5.0327,7.6579,6.8524,7.1236,6.4023,10.5483,15.0808,13.4915,8.1882,5.8144,7.9619,7.1253,11.3396,9.4851,12.3020,6.5325,12.0090,15.4299,15.9267,14.4067,6.4768,8.3935,9.5200,8.6020,8.8898,7.3571,7.6729,13.4324,9.7148,10.0480,14.4876,16.0991,12.1475,14.3002,10.0975,17.6275,10.1185,9.2081,11.1117,8.6942,10.7843,8.6919,10.0358,13.1380,13.0851,13.2116,6.4282,11.8635,10.4375,12.6486,15.8081,16.6666,15.3940,17.1519,12.6694,7.9016,9.8049,10.2062,11.0287,11.8504,15.0697,13.1936,12.5682,13.4641,10.0720,10.3061,10.0044,11.1316,9.4914,8.7193,10.5713,7.1053,7.8687,11.0374,9.1940,8.3173,8.4247,7.4048,7.1044,6.8897,5.7805,6.6107,7.5195,6.6042,5.7163,5.6529,9.6660,7.6818,7.1047,8.2848,8.2089,6.2212,8.3059,6.1987,7.0012,6.3409,4.0211,4.1367,5.6756,6.5076,6.2615,6.2969,5.2325,5.1936,4.6489,8.4833,6.2338,4.4537,4.4975,6.1076,4.0054,6.0069,5.9773,5.9587,6.0815,6.1517,6.2244,6.2936,6.3650,6.4218,6.4455,6.5264,6.6558,6.7408,6.7474,6.8970,6.9981,7.0968,7.1957,7.2972,7.3903,7.4422,7.5557,7.7079,7.8217,7.8578,8.0351,8.1663,8.2917,8.4184,8.5475,8.6709,8.7539,8.8977,9.0655,9.2054,9.2671,9.4654,9.6185,9.7642,9.9099,10.0564,10.1947,10.3028,10.4617,10.6293,10.7767,10.8535,11.0451,11.1964,11.3316,11.4384
45123.0416667,17.6079,23.5667,21.8746,23.9483,31.4467,19.6482,24.6775,20.2140,23.2000,18.0339,20.4297,19.2904,13.7769,18.9651,20.9346,19.9658,21.5653,20.5307,14.7959,15.8934,20.8637,15.9213,13.2052,16.7538,16.3355,21.7742,15.9143,13.3294,16.6648,13.3675,14.5053,13.2043,11.9852,12.3100,12.3138,11.2018,12.2354,12.1895,9.5237,12.3083,12.3111,11.0425,9.7264,10.4195,17.2119,11.9244,9.7840,9.6765,7.1094,6.4729,7.7818,8.8271,9.3965,9.4618,4.6609,8.2099,7.8178,7.9838,12.0402,9.3685,9.0336,7.9971,8.0026,8.1126,7.4772,7.8676,9.5476,9.7508,5.6526,6.0104,7.3444,8.0227,7.0642,5.7535,5.0732,8.4062,7.6142,8.2851,7.5374,11.2461,15.0115,13.6025,8.2569,5.8650,8.2323,7.2906,11.5548,9.6941,12.4100,6.4809,12.2320,15.3510,15.7644,14.4629,6.4129,8.2780,9.3347,8.1877,8.5876,7.1033,7.4256,13.0780,9.5094,9.6738,13.9237,15.3155,11.1697,13.4195,9.0448,17.0095,8.8842,7.9683,9.9673,7.5281,9.6920,7.5748,8.9957,12.2091,12.4849,12.7172,5.6859,11.2659,9.8915,12.3533,16.4782,17.6736,16.0482,17.8874,12.6969,7.5333,9.6287,10.1581,11.2607,12.4429,16.2564,14.2926,13.6079,14.8750,10.5239,10.9666,10.8119,12.5161,10.3686,9.3876,11.8270,7.6094,8.6906,12.6530,10.8270,9.6272,10.0727,8.8958,8.7379,9.3979,6.9934,8.1737,9.6216,8.2226,7.0722,7.0316,11.6012,9.5753,8.5704,9.7659,9.3814,7.3419,9.5892,7.3139,8.4835,7.5128,4.5288,4.8973,6.5729,7.4263,7.0453,6.6249,5.4272,5.3171,4.6924,8.5502,6.2169,4.3854,4.4263,6.0560,3.9125,5.9286,5.8970,5.9007,5.9959,6.0585,6.1229,6.1847,6.2472,6.2994,6.3292,6.3942,6.4893,6.5550,6.5696,6.6742,6.7474,6.8183,6.8889,6.9608,7.0270,7.0667,7.1455,7.2492,7.3290,7.3596,7.4802,7.5724,7.6614,7.7519,7.8446,7.9342,7.9989,8.1028,8.2228,8.3261,8.3807,8.5227,8.6373,8.7485,8.8608,8.9749,9.0850,9.1774,9.3034,9.4366,9.5588,9.6377,9.7911,9.9205,10.0397,10.1350
45123.0833333,17.6650,24.5526,22.3721,24.7866,33.3486,19.8316,25.5373,21.1532,24.4217,18.3585,21.2962,20.0121,14.0798,19.9245,22.5379,21.7151,23.9333,22.9085,16.2193,17.6280,23.6945,17.8048,14.5400,18.7624,18.3223,24.7448,17.9979,14.8482,19.4554,15.1647,17.7338,16.5895,15.9097,15.5888,15.7242,14.0939,15.2353,15.2791,11.7335,15.0328,15.0539,13.2572,11.9187,12.5631,19.5154,14.6567,11.6946,11.4449,8.4827,7.5943,8.9911,10.2033,10.7171,10.5794,5.3417,9.9800,9.3066,9.2697,12.9317,9.9727,9.5382,8.3713,8.7586,9.0007,7.9486,8.5408,10.3043,10.5373,6.1299,6.4231,7.8782,8.8958,7.8910,6.0385,5.0430,8.8950,8.0730,9.1003,8.3038,11.6859,14.8179,13.5563,8.1790,5.7765,8.3064,7.2938,11.6176,9.7560,12.4052,6.3697,12.3279,15.2022,15.5429,14.4148,6.2864,8.0991,9.0937,7.8050,8.2652,6.8250,7.1430,12.7003,9.3415,9.4996,13.7034,15.0250,10.8578,13.1600,8.8171,16.9646,8.4028,7.3721,9.2506,6.8292,8.8659,6.7694,8.0852,11.1894,11.6049,11.8472,4.8949,10.2881,8.9765,11.5485,16.3625,17.8782,16.0211,17.9716,12.3017,7.0100,9.1689,9.7750,11.0521,12.4889,16.8139,14.7695,14.0407,15.6329,10.5362,11.1262,11.0777,13.2520,10.6987,9.5747,12.4880,7.6962,8.9984,13.6661,11.8129,10.3438,11.0890,9.7901,9.7925,11.3132,7.7503,9.2810,11.3082,9.4597,8.0611,8.1322,13.5041,11.3939,10.0198,11.3367,10.7040,8.5534,11.0961,8.6096,10.2046,8.9262,5.2715,5.8776,7.8648,8.8349,8.3448,7.5350,6.1879,6.0031,5.2784,9.1817,6.7274,4.8068,4.8141,6.4362,4.2217,6.2138,6.1331,6.1037,6.1360,6.1504,6.1691,6.1896,6.2138,6.2346,6.2442,6.2797,6.3381,6.3806,6.3929,6.4654,6.5202,6.5754,6.6320,6.6904,6.7460,6.7849,6.8491,6.9298,6.9950,7.0283,7.1189,7.1911,7.2609,7.3312,7.4023,7.4710,7.5230,7.5999,7.6871,7.7636,7.8086,7.9097,7.9936,8.0756,8.1587,8.2432,8.3257,8.3972,8.4908,8.5898,8.6824,8.7481,8.8619,8.9613,9.0542,9.1289
45123.1250000,17.2644,24.8872,22.3143,25.0179,34.5656,19.5599,25.8192,21.5118,25.0277,18.2145,21.5605,20.1171,13.8184,20.0652,23.1216,22.3228,25.0538,24.0525,16.5631,18.3825,25.5985,18.8939,15.2524,20.1942,19.8400,27.2908,19.7354,16.1910,21.9195,16.8245,20.6426,19.6275,19.4403,18.5596,18.8529,16.7600,18.0744,18.2408,13.8424,17.8762,17.9436,15.6455,14.2475,14.8884,22.1588,17.6229,13.8086,13.5767,10.1151,8.9747,10.5247,11.9100,12.3866,12.0654,6.2519,12.0462,11.0924,10.8718,14.2583,10.9891,10.4494,9.1382,9.8146,10.1414,8.6855,9.4045,11.1902,11.3549,6.5747,6.8286,8.4045,9.7260,8.6600,6.3304,5.1181,9.3613,8.4875,9.8212,8.9581,12.0878,14.6878,13.5376,8.1366,5.7306,8.3573,7.2840,11.6378,9.7638,12.3487,6.2480,12.3346,15.0028,15.2775,14.2878,6.1301,7.8933,8.8370,7.4676,7.9603,6.5668,6.8783,12.3193,9.0198,9.1802,13.3354,14.6101,10.4696,12.8223,8.5789,16.9367,8.1632,7.1429,8.9288,6.5773,8.5031,6.4691,7.6863,10.6376,11.1120,11.3148,4.5548,9.5878,8.2730,10.7615,15.9233,17.5870,15.5030,17.5017,11.5411,6.3211,8.4528,9.1086,10.4906,12.1007,16.8128,14.7477,14.0221,15.8917,10.3019,10.9975,11.0288,13.5474,10.7101,9.5031,12.7482,7.5826,9.0087,14.2174,12.3238,10.6494,11.6242,10.2222,10.3517,12.6148,8.0936,9.9135,12.4736,10.2237,8.6222,8.7879,15.0094,12.7740,11.0787,12.5635,11.7267,9.4337,12.3513,9.6432,11.7475,10.2265,5.9311,6.7436,9.1632,10.3473,9.7916,8.6434,7.1376,6.9097,6.0920,10.1864,7.5701,5.5053,5.4972,7.1848,4.8264,6.8900,6.7720,6.7161,6.7004,6.6740,6.6511,6.6301,6.6124,6.5934,6.5680,6.5605,6.5691,6.5689,6.5506,6.5727,6.5853,6.6001,6.6178,6.6389,6.6602,6.6729,6.7043,6.7488,6.7857,6.8043,6.8620,6.9103,6.9591,7.0100,7.0633,7.1165,7.1602,7.2210,7.2898,7.3524,7.3953,7.4748,7.5437,7.6117,7.6804,7.7501,7.8182,7.8790,7.9538,8.0320,8.1060,8.1623,8.2493,8.3270,8.3998,8.4579
45123.1666667,16.7683,24.9296,22.0400,24.9694,35.3902,19.1381,25.8034,21.5922,25.2971,17.8870,21.5275,19.9476,13.4005,19.8781,23.2725,22.4678,25.5970,24.5602,16.3772,18.4448,26.6375,19.1728,15.2090,20.7309,20.4483,28.9150,20.5815,16.7152,23.5425,17.7623,22.8588,22.0377,22.4175,21.0425,21.5341,19.0264,20.5578,20.8888,15.7225,20.3328,20.5344,17.8355,16.4087,17.1330,24.9097,20.7392,16.1624,16.0331,12.0935,10.7296,12.5159,14.1195,14.6039,14.1359,7.6040,14.6026,13.3434,12.9447,16.1870,12.5677,11.9070,10.4237,11.3266,11.7107,9.8521,10.6670,12.4662,12.5197,7.1443,7.3153,8.9889,10.5738,9.4273,6.6639,5.2929,9.8651,8.9386,10.5450,9.6177,12.5677,14.7337,13.6760,8.2540,5.8397,8.5374,7.4137,11.7908,9.9000,12.4289,6.2827,12.4496,14.9398,15.1486,14.2568,6.0909,7.7974,8.6898,7.2781,7.7790,6.4224,6.7171,12.0167,8.7897,8.9319,13.0024,14.2161,10.1124,12.4665,8.3054,16.7854,7.8963,6.9101,8.6305,6.3618,8.2092,6.2519,7.4097,10.2421,10.7726,10.9681,4.4417,9.1891,7.9046,10.2942,15.6391,17.3554,15.0343,16.9978,10.8433,5.7769,7.7748,8.3950,9.7687,11.4352,16.3590,14.2716,13.5516,15.6293,9.7497,10.5274,10.6396,13.4112,10.4222,9.2016,12.6717,7.3313,8.8334,14.4201,12.5095,10.7080,11.8594,10.3932,10.6149,13.4567,8.2187,10.2486,13.2499,10.6794,8.9860,9.2175,16.2161,13.8599,11.9217,13.5807,12.5791,10.1331,13.4145,10.4700,13.0492,11.2956,6.3976,7.4447,10.3092,11.7510,11.1524,9.7029,8.0302,7.7814,6.8752,11.2970,8.4787,6.2220,6.2163,8.0461,5.4752,7.7095,7.5723,7.5066,7.4666,7.4195,7.3743,7.3302,7.2879,7.2446,7.1970,7.1610,7.1357,7.1050,7.0628,7.0471,7.0258,7.0065,6.9896,6.9756,6.9624,6.9443,6.9392,6.9436,6.9444,6.9342,6.9505,6.9622,6.9756,6.9918,7.0110,7.0317,7.0477,7.0766,7.1124,7.1461,7.1687,7.2168,7.2600,7.3045,7.3512,7.4002,7.4497,7.4960,7.5528,7.6133,7.6723,7.7208,7.7903,7.8546,7.9158,7.9649
45123.2083333,15.9801,24.5355,21.4443,24.5754,35.7872,18.5479,25.5427,21.4317,25.3360,17.4946,21.3703,19.7081,13.0310,19.6101,23.2641,22.4460,25.8906,24.8046,16.0757,18.2909,27.2855,19.1640,14.9561,20.8922,20.6476,30.0108,20.9431,16.7827,24.5285,18.1070,24.3412,23.7102,24.6819,22.8664,23.6016,20.7111,22.5062,23.0345,17.1178,22.2220,22.5494,19.4489,17.9743,18.8073,27.2425,23.4991,18.2496,18.0714,13.7588,12.2187,14.2939,16.2447,16.8583,16.3311,9.0043,17.4142,15.9433,15.4369,18.6856,14.7340,13.9901,12.3446,13.4755,13.9283,11.6766,12.5844,14.4088,14.3595,8.0926,8.1045,9.8475,11.6520,10.3868,7.1637,5.6539,10.5242,9.5259,11.3827,10.3838,13.2141,15.0224,14.0364,8.5713,6.1270,8.8959,7.7201,12.1356,10.2205,12.7114,6.5034,12.7568,15.1011,15.2542,14.4391,6.2506,7.9176,8.7698,7.3312,7.8327,6.4991,6.7772,11.9534,8.7250,8.8551,12.8453,14.0066,9.9504,12.3017,8.2016,16.7101,7.7410,6.7584,8.4131,6.2139,7.9866,6.0954,7.1987,9.9216,10.4882,10.6803,4.3607,8.8929,7.6533,9.9647,15.4330,17.2127,14.7286,16.6627,10.4188,5.5398,7.4038,7.9711,9.2883,10.9390,15.9356,13.7965,13.0372,15.2022,9.1564,9.9338,10.0660,12.9594,9.8878,8.6726,12.2458,6.8734,8.3982,14.2098,12.3051,10.4399,11.7344,10.2745,10.6004,13.9114,8.1751,10.3514,13.7019,10.8982,9.1173,9.4236,17.1055,14.6516,12.5192,14.3616,13.2424,10.6695,14.3074,11.1613,14.1914,12.2402,6.8169,8.0828,11.3780,13.0887,12.4544,10.7309,8.8844,8.6192,7.6215,12.4487,9.3966,6.9184,6.9209,8.9376,6.1116,8.5733,8.4259,8.3595,8.3099,8.2554,8.2020,8.1489,8.0968,8.0435,7.9868,7.9377,7.8958,7.8503,7.7967,7.7606,7.7209,7.6824,7.6455,7.6103,7.5756,7.5375,7.5079,7.4852,7.4601,7.4280,7.4136,7.3966,7.3812,7.3681,7.3575,7.3483,7.3364,7.3336,7.3364,7.3386,7.3342,7.3474,7.3587,7.3718,7.3874,7.4056,7.4253,7.4439,7.4707,7.5014,7.5325,7.5580,7.5986,7.6375,7.6756,7.7071
45123.2500000,15.2130,23.9340,20.6418,23.8499,35.6317,17.6106,24.7777,20.8715,24.9049,16.7463,20.7699,19.0601,12.3798,18.9910,22.8590,22.0675,25.7875,24.6844,15.5868,17.9324,27.5468,18.8990,14.5442,20.7593,20.5313,30.6108,20.8941,16.5390,25.0191,18.0669,25.2528,24.7672,26.2684,24.0057,24.9532,21.6939,23.7338,24.4579,17.8526,23.4209,23.8549,20.3519,18.8255,19.7606,28.8808,25.5524,19.6371,19.3273,14.6644,12.9535,15.2813,17.5828,18.3391,17.7584,9.6319,19.5993,18.0161,17.4590,20.7755,16.4968,15.7279,13.9719,15.4510,16.0911,13.5263,14.6325,16.6279,16.5418,9.4703,9.3225,11.1122,13.0849,11.6597,7.9522,6.2836,11.4263,10.3148,12.4029,11.2975,14.0099,15.4763,14.5035,8.9447,6.4552,9.3120,8.0880,12.5570,10.5986,13.0576,6.7482,13.0920,15.3057,15.3932,14.6377,6.4050,8.0607,8.8750,7.3915,7.8783,6.5512,6.8207,11.9011,8.6238,8.7351,12.6363,13.7392,9.7330,12.0777,8.0853,16.6211,7.6383,6.6768,8.2660,6.1147,7.8156,5.9693,7.0206,9.6231,10.1912,10.3681,4.2442,8.5962,7.3985,9.6252,15.1430,16.9672,14.3623,16.2517,9.9921,5.3156,7.0933,7.6367,8.9091,10.5293,15.5265,13.3615,12.5741,14.7665,8.6615,9.4123,9.5434,12.4471,9.3366,8.1218,11.6660,6.3642,7.8453,13.6952,11.7850,9.8866,11.2536,9.8205,10.2210,13.8801,7.8239,10.0610,13.6397,10.6598,8.8126,9.1779,17.3841,14.8101,12.4956,14.4877,13.2717,10.6066,14.5796,11.3046,14.8092,12.7579,6.9584,8.3730,12.1054,14.1182,13.4836,11.5232,9.5195,9.2535,8.1785,13.4284,10.1199,7.4149,7.4309,9.6483,6.5580,9.2646,9.1114,9.0517,9.0021,8.9469,8.8919,8.8370,8.7830,8.7295,8.6756,8.6255,8.5761,8.5227,8.4661,8.4199,8.3689,8.3184,8.2692,8.2215,8.1753,8.1291,8.0880,8.0479,8.0054,7.9605,7.9265,7.8887,7.8519,7.8173,7.7850,7.7550,7.7257,7.7022,7.6796,7.6564,7.6316,7.6176,7.6005,7.5851,7.5722,7.5621,7.5548,7.5490,7.5487,7.5495,7.5511,7.5520,7.5627,7.5708,7.5796,7.5874
45123.2916667,13.6256,22.3779,19.0036,22.1580,34.2743,15.7405,22.8292,18.9609,23.1152,14.8404,18.8357,17.1299,10.5683,17.0946,21.1163,20.4144,24.3702,23.2498,13.9961,16.4856,26.6057,17.5634,13.2500,19.6458,19.4529,30.0670,19.7400,15.2854,24.3504,17.0144,25.0603,24.7439,26.7569,24.0980,25.1865,21.5752,23.7840,24.6002,17.3475,23.3411,23.7019,19.8192,18.1351,19.1612,28.9467,25.8925,19.3987,19.0860,14.1563,12.3769,14.9243,17.4616,18.2877,17.6110,8.7826,20.1190,18.5199,17.9242,21.3533,16.6700,15.7945,13.8888,15.6576,16.6108,13.8812,15.3064,17.7001,17.7190,10.5081,10.4787,12.4083,14.4857,12.8492,8.6606,6.9144,12.2641,10.9265,13.1703,11.8413,14.3815,15.5895,14.4570,8.6883,6.1038,8.9032,7.6480,12.1428,10.0980,12.5266,6.1665,12.5042,14.6193,14.6535,13.9013,5.6925,7.3806,8.1855,6.7780,7.1342,5.7956,6.0380,10.9930,7.8954,7.9510,11.7231,12.7132,8.7493,11.1033,7.2536,15.8436,6.9552,6.1125,7.7160,5.6269,7.2587,5.4748,6.4441,8.9383,9.4095,9.5439,3.6169,7.8303,6.6338,8.7990,14.2464,16.0759,13.3545,15.1597,8.9069,4.4592,6.1727,6.7100,7.9573,9.5443,14.5031,12.3402,11.5727,13.7795,7.7166,8.4416,8.5941,11.5067,8.4150,7.2512,10.6954,5.5236,6.9511,12.7510,10.7872,8.8699,10.2455,8.8535,9.3135,13.1816,7.0328,9.3014,12.9174,9.7971,7.8675,8.1680,16.7097,13.9364,11.4742,13.5427,12.2720,9.4680,13.6401,10.2521,14.1065,12.0607,6.1238,7.6394,11.7509,14.0819,13.4636,11.3814,9.2084,8.9689,7.8221,13.4931,9.9111,6.9952,6.9782,9.3364,6.0642,8.9546,8.7659,8.6525,8.6284,8.5548,8.4825,8.4095,8.3456,8.2756,8.2149,8.1886,8.1816,8.1218,8.0238,8.0139,7.9540,7.8894,7.8249,7.7650,7.7084,7.6323,7.6116,7.6080,7.5556,7.4648,7.4621,7.4104,7.3516,7.2941,7.2409,7.1925,7.1243,7.1101,7.1083,7.0666,6.9863,6.9940,6.9540,6.9073,6.8626,6.8227,6.7867,6.7376,6.7359,6.7404,6.7159,6.6541,6.6788,6.6579,6.6309,6.6076
45123.3333333,11.0218,19.6198,16.3934,19.4144,31.6780,13.2113,19.8515,15.8531,20.1222,11.9740,15.6065,13.8927,7.5612,13.5730,17.5260,16.9549,21.0483,20.0034,10.8181,13.4612,23.9054,14.7538,10.7339,17.1806,16.9933,28.0671,17.2504,12.8824,22.4036,14.7378,23.3721,23.1611,25.6122,22.7346,23.8479,20.1440,22.6024,23.4015,15.6204,22.0668,22.1515,18.1080,16.0640,17.2324,27.6653,24.6541,17.7306,17.4634,12.3429,10.6250,13.3893,15.8859,16.6901,15.9328,6.6527,18.6748,17.0397,16.5319,20.0527,15.1775,14.1723,12.1301,13.8541,15.0973,12.3610,13.9882,16.7733,16.9664,10.1934,10.7905,13.0568,15.2360,13.4643,8.7867,7.1836,12.7256,11.0206,13.2858,11.6798,14.0384,15.2350,13.9528,7.9465,5.1238,7.6707,6.4824,10.9715,8.8500,11.2502,5.0185,11.1227,13.0751,12.9667,12.0872,4.0272,5.6073,6.4280,5.3000,5.2951,3.9907,4.1006,8.8744,6.1750,6.1880,9.7916,10.6571,6.7405,9.1044,5.5169,14.0993,5.4351,4.7982,6.4695,4.5205,6.0663,4.4238,5.2780,7.6758,8.0876,8.1254,2.4529,6.5148,5.2525,7.3581,12.5160,14.3621,11.6247,13.3597,7.1066,2.9266,4.5116,4.9882,6.1670,7.6810,12.4857,10.4039,9.7369,11.9786,6.1640,6.7850,6.9437,9.8865,6.8945,5.8392,9.1132,4.2153,5.5385,11.2104,9.2582,7.3436,8.7113,7.4067,7.9296,11.8397,5.8690,8.2326,11.6961,8.4072,6.4996,6.5051,15.2881,12.1875,9.6726,11.7488,10.5938,7.6572,11.7634,8.3654,12.2389,10.2747,4.4804,5.9748,10.1859,12.7753,12.1468,10.1526,7.7845,7.6665,6.4844,12.5162,8.7125,5.6966,5.5495,7.9396,4.7206,7.7537,7.5163,7.2092,7.3459,7.2355,7.1269,7.0102,6.9050,6.7468,6.5528,6.5703,6.7426,6.6598,6.3728,6.5308,6.4477,6.3532,6.2576,6.1722,6.0929,5.8587,5.8846,6.0581,5.9868,5.7124,5.8736,5.8061,5.7203,5.6368,5.5626,5.4983,5.2787,5.3173,5.4664,5.4113,5.1573,5.3218,5.2656,5.1902,5.1168,5.0519,4.9907,4.7902,4.8738,4.9068,4.8708,4.6415,4.8223,4.7853,4.7298,4.6812
45123.3750000,5.1046,13.3695,10.7929,13.6121,25.7621,8.2028,13.8374,10.2456,15.1548,7.5684,10.6280,8.8703,2.9259,8.2343,11.5239,11.4027,15.4045,14.2824,5.5359,7.8123,18.4718,8.8467,5.4385,11.9092,12.1842,22.9530,12.3624,7.7097,17.8411,10.0433,19.2206,19.4143,22.1873,18.8947,20.0784,15.4629,18.6730,19.5203,11.7392,19.0599,18.2779,14.7287,11.7869,13.2050,23.9499,20.6692,13.2028,12.9207,8.0213,6.5254,9.9129,12.1572,12.9287,12.1745,2.8057,14.5602,12.8448,12.9173,16.0538,11.5057,10.2713,8.0865,9.1650,10.8260,8.5866,10.2254,13.6179,13.5471,7.1870,9.3044,12.2833,14.3690,12.7446,7.4667,6.5689,12.1837,9.8497,11.5725,9.3128,11.3668,13.5005,11.7264,5.3537,2.3224,3.7049,2.9362,7.4935,5.4088,7.7722,1.9785,7.7863,9.3193,8.7241,7.8155,0.0315,1.5509,2.3018,2.0758,1.2042,-0.0973,-0.4762,3.9707,1.6914,1.7481,5.2006,6.0546,2.0056,4.6461,1.5565,10.3500,2.1944,2.0824,3.9550,2.2633,3.6676,2.7388,3.1281,5.2901,5.4844,5.3351,-0.0300,4.0100,2.5482,4.8635,9.3618,11.3095,8.8394,10.5366,4.2386,0.3784,1.7854,2.0888,3.1448,4.5271,8.7252,6.9033,6.4832,8.9079,3.3675,3.8047,4.0008,6.9563,4.1243,3.3377,6.2623,1.9437,3.3056,8.5490,6.4123,4.3148,5.8060,4.9076,5.7597,9.6299,4.1675,7.0759,10.0929,6.3698,4.8409,4.1675,13.3449,9.4840,6.9669,8.7115,8.0316,4.9505,8.4804,5.4562,8.7520,6.8569,1.6042,3.0196,7.0362,9.9569,9.2563,7.7122,4.9124,5.1665,3.9445,10.3500,6.3201,3.2897,2.6407,4.8956,2.0787,5.4002,5.0512,4.1486,4.8090,4.6089,4.4171,4.2120,4.0332,3.8266,3.0691,3.1930,3.9634,3.8392,2.9806,3.6903,3.5403,3.3694,3.1976,3.0485,2.9232,2.1553,2.3096,3.0323,2.9312,2.0923,2.8213,2.7034,2.5509,2.4030,2.2753,2.1778,1.4563,1.6240,2.2552,2.1826,1.3769,2.0998,2.0007,1.8659,1.7355,1.6229,1.5230,0.8449,1.4068,1.4310,1.3820,0.6229,1.3463,1.2790,1.1758,1.0854
45123.4166667,-4.0798,3.4679,2.1869,4.9013,19.3801,2.2203,5.6796,1.3124,7.4664,1.1226,3.5908,1.8172,-3.4666,1.2262,3.5480,3.4615,7.4743,6.5218,-1.2122,0.1958,11.9417,1.7482,-0.9957,5.0794,6.5350,16.2302,5.5899,-0.2014,10.6901,2.7025,11.2748,12.6325,16.4318,13.7549,14.7618,9.6583,12.8193,12.4200,4.9874,14.0565,12.2585,8.9598,4.4577,6.3298,19.1719,14.3301,7.0954,6.2567,2.5083,1.1116,5.7049,7.3552,8.0065,7.4672,-1.4199,8.6488,6.3553,7.9861,10.6862,5.7615,4.4506,2.2791,1.7415,3.7225,2.6395,4.2017,9.0307,8.8515,1.6835,5.1500,9.7409,11.5522,10.9474,4.8711,5.4161,11.5074,8.4193,11.0993,6.2858,8.3304,13.6532,10.7584,3.9298,0.7015,-0.4900,-0.8908,3.2535,0.9660,3.7449,-1.2713,3.7451,4.8594,3.4112,2.0766,-5.1102,-3.7013,-2.8894,-1.3283,-3.4561,-4.7495,-5.5872,-1.8829,-4.5724,-4.4406,-1.3266,-0.7287,-4.7829,-2.9056,-5.4605,3.8469,-3.5483,-2.8216,0.0818,-1.7944,-1.3805,-0.6700,-0.8420,2.0338,2.0203,1.7194,-3.7640,0.3003,-1.8287,0.6768,3.7184,6.0478,4.1944,6.5757,0.5126,-2.7937,-1.4839,-1.4030,-0.4241,0.8726,4.5784,1.5280,1.5479,4.9062,-0.0772,-0.4828,-0.2900,3.1226,0.6910,0.0033,2.0617,-1.9417,-0.2903,5.7227,3.2283,0.1917,1.9533,0.5891,1.8106,5.7001,1.0811,5.3469,8.0322,3.2839,3.1748,1.6151,11.4860,7.2758,4.7287,4.8109,5.0885,2.1316,4.8186,2.7167,4.8556,2.9734,-1.5626,-0.5099,2.6766,6.2192,5.4803,4.9087,1.2745,2.4448,1.2518,8.2402,4.0937,1.1355,0.2749,0.9146,-1.0549,2.8764,2.4521,0.3125,2.2366,2.0002,1.7707,1.5183,1.2984,1.0581,-0.8880,-0.6426,1.3195,1.1732,-0.9053,1.0066,0.8147,0.5896,0.3579,0.1523,-0.0277,-1.9452,-1.6443,0.1188,-0.0131,-2.0292,-0.1515,-0.3050,-0.5091,-0.7111,-0.8915,-1.0501,-2.9037,-1.7061,-1.2884,-1.3756,-3.2979,-1.4531,-1.5610,-1.7218,-1.8812,-2.0197,-2.1464,-3.7466,-2.2666,-2.2273,-2.2736,-4.0592,-2.2909,-2.3572,-2.4762,-2.5807
45123.4583333,-12.3348,-6.7713,-5.0212,-3.9676,10.6466,-5.4070,-2.9697,-9.0887,-0.9051,-5.2349,-3.3721,-3.8940,-8.5062,-5.3065,-3.6711,-4.1491,-0.5043,-1.3939,-7.7324,-7.9695,4.7555,-6.2847,-7.3246,-3.8747,-0.3058,9.5789,-0.7363,-6.4542,3.7018,-4.9252,4.1809,4.3759,9.0461,8.5301,9.9439,4.2951,7.2754,4.5653,-3.5881,7.8674,6.5194,3.6152,-3.1673,-0.9629,15.5380,8.1528,1.2866,-0.8634,-3.1948,-4.8122,1.4838,2.4868,3.1801,3.2364,-4.7638,3.6706,0.7029,4.9214,8.2595,2.6424,0.9270,-1.4569,-4.8121,-2.9855,-2.2243,-1.7134,3.5132,3.0567,-4.5789,-0.0218,6.0640,6.6537,7.7605,1.5791,3.6297,10.9512,7.1707,11.3170,3.3033,5.9247,15.3887,11.4263,4.1448,0.7426,-3.7309,-3.4636,-0.0817,-3.4968,2.2919,-2.7306,1.9927,3.0208,1.5116,-0.9792,-7.5535,-6.5894,-5.9942,-2.4420,-6.2067,-7.6063,-8.6960,-6.1647,-9.8588,-9.6654,-7.0545,-6.6990,-10.2866,-10.4071,-13.1070,-3.9423,-10.5152,-9.6166,-5.1201,-6.3564,-7.6441,-4.6627,-5.6164,-1.6324,-1.7692,-2.2878,-7.5072,-3.7763,-5.7324,-3.6984,-3.1222,0.7412,-1.1163,1.9333,-3.8364,-6.4964,-5.0178,-4.9924,-3.4387,-1.3557,2.6772,-2.8230,-4.0324,0.1723,-3.3685,-3.9865,-5.4332,-1.2569,-3.2964,-3.6845,-1.4698,-5.9053,-4.3831,2.5232,-0.4103,-3.5936,-0.9776,-3.7402,-2.6521,1.3831,-1.9860,3.7618,5.6581,0.2876,0.8107,-1.6723,9.1796,4.8968,2.4801,0.3953,1.3976,-0.8172,1.8956,-0.5883,0.6096,-0.9029,-4.6942,-3.7601,-1.7705,2.6221,1.8704,2.4718,-2.1617,0.0071,-1.1197,6.5198,2.3397,-0.4391,-1.1515,-2.9562,-3.5032,0.2925,0.0183,-3.3843,0.0818,-0.0655,-0.2138,-0.4012,-0.5938,-0.9594,-4.0920,-4.3231,-1.7623,-1.7549,-5.1896,-1.5481,-1.5395,-1.5893,-1.6847,-1.8169,-2.0870,-5.0748,-4.2404,-2.8436,-2.8859,-6.2607,-2.8295,-2.8754,-2.9919,-3.1255,-3.2720,-3.5065,-6.2331,-4.4473,-4.0441,-4.0345,-7.2048,-3.9162,-3.9233,-4.0097,-4.1208,-4.2516,-4.4801,-6.8770,-5.0556,-4.9793,-4.9936,-7.9749,-4.9361,-4.9489,-5.0308,-5.1106
45123.5000000,-20.5445,-17.3660,-11.3736,-9.5768,4.1603,-10.2408,-9.1776,-17.7254,-7.9311,-10.3786,-12.9680,-11.4849,-14.6278,-11.8597,-10.3495,-10.7711,-7.5058,-8.3175,-12.9800,-15.3960,-2.7904,-14.7214,-12.4174,-12.4187,-6.4503,3.2844,-6.3164,-13.3206,-2.4572,-11.7622,-3.1575,-4.8237,0.2855,-0.3488,3.2089,-1.3864,2.4782,0.3095,-9.5148,3.2904,1.7594,-1.1092,-10.9552,-8.9921,11.2797,1.2351,-4.8600,-7.5661,-9.8284,-11.8107,-3.5488,-3.0266,-2.0585,-1.2418,-9.7336,-3.5474,-5.2922,0.2612,6.4554,0.8163,-0.7682,-3.0267,-9.3926,-8.0090,-6.9013,-6.2023,0.5314,-0.4482,-11.4090,-5.4902,1.9125,0.9167,1.9786,-2.7929,-0.3733,9.3694,5.2931,11.2595,-0.1516,2.3687,17.2230,12.2657,4.4563,0.8240,-7.0899,-6.1832,0.5468,-5.7706,2.0461,-3.2391,0.9682,1.7637,0.1020,-3.5794,-9.5140,-8.8028,-8.2014,-2.5664,-7.7403,-9.0950,-10.2748,-8.6803,-13.4016,-13.1208,-11.1305,-11.0981,-14.1662,-14.8699,-18.8493,-11.5653,-17.4846,-15.6555,-10.3488,-11.0323,-14.1229,-10.2431,-13.7617,-7.8961,-7.7713,-7.9687,-11.7994,-8.3970,-9.8826,-8.2530,-8.0022,-5.7252,-7.3727,-3.5298,-8.7245,-10.3819,-9.4164,-10.7876,-10.2880,-8.2918,-3.1275,-6.8826,-7.3669,-4.2470,-6.9648,-7.8374,-9.0164,-5.3890,-7.2118,-7.5583,-5.5299,-9.2473,-8.3056,-1.0370,-6.9109,-8.7788,-6.7715,-7.7913,-7.2201,-4.6217,-5.9332,1.2827,2.6353,-0.8115,-1.3654,-4.8833,6.5124,2.0245,-0.4191,-3.5235,-2.0191,-2.8907,-1.3034,-4.3601,-4.5337,-5.7061,-8.0159,-7.6132,-7.2876,-2.6954,-3.1106,-0.9687,-6.5149,-2.8199,-3.6224,4.6578,0.5714,-1.9496,-2.4998,-3.1143,-3.4898,-1.5903,-2.0723,-7.2418,-2.1635,-2.3310,-2.5020,-2.7188,-2.9366,-3.3081,-5.5925,-5.8088,-4.0652,-4.1359,-9.2055,-4.1523,-4.2287,-4.3482,-4.4859,-4.6261,-4.8668,-7.0025,-6.4485,-5.4239,-5.4586,-10.2775,-5.4293,-5.4601,-5.5584,-5.6647,-5.7732,-5.9574,-7.8986,-6.7128,-6.3826,-6.4005,-10.9462,-6.3909,-6.4224,-6.5264,-6.6398,-6.7550,-6.9490,-8.6450,-7.4286,-7.3417,-7.4298,-11.8238,-7.6802,-7.5327,-7.5204,-7.5531
45123.5416667,-25.9050,-24.7524,-17.4789,-14.8995,-1.7720,-14.0195,-14.0761,-24.4348,-12.9385,-13.1195,-15.7310,-15.2499,-17.5802,-16.4653,-16.0488,-16.8557,-14.1597,-14.6783,-17.3050,-19.9419,-8.2661,-20.9283,-15.8126,-19.3736,-11.4429,-1.8784,-10.5163,-17.4831,-6.7658,-17.1208,-7.2752,-10.4321,-5.1089,-3.1373,-0.4287,-5.6121,-2.1417,-4.4106,-15.5337,-1.1551,-2.1640,-4.3668,-16.4536,-14.5252,7.0871,-4.9929,-9.6899,-10.3362,-13.8421,-15.9110,-6.8424,-7.4742,-6.7095,-5.2994,-13.6422,-11.4229,-12.1505,-5.7781,4.3419,-1.1537,-2.4972,-4.4993,-13.6674,-12.6702,-10.8881,-9.6325,-3.0853,-3.7548,-16.7206,-9.8988,-1.6183,-4.0142,-6.0017,-9.9094,-6.1894,5.0451,1.6620,9.0774,-2.8124,-0.1259,20.2270,14.5171,6.1879,2.2417,-8.9219,-7.0882,0.2584,-8.3613,0.6068,-4.4703,0.4019,1.9184,0.8444,-3.4029,-8.6633,-8.0042,-7.3461,0.1204,-6.2821,-7.7485,-9.1455,-8.4245,-13.7356,-13.4877,-12.1100,-12.4044,-15.0279,-16.5866,-22.0404,-16.8608,-21.6745,-18.9906,-13.5183,-11.9550,-14.6198,-11.0407,-17.2439,-10.5139,-11.3137,-10.4366,-13.7635,-12.1432,-13.7787,-12.8936,-12.2571,-9.9123,-11.5567,-7.1970,-11.8210,-12.3905,-12.1675,-12.7935,-14.7745,-13.8431,-6.4882,-11.0747,-11.3375,-7.7784,-9.7164,-11.0959,-12.0752,-8.6720,-9.8954,-9.9376,-8.0577,-11.0061,-10.5759,-3.1177,-11.5934,-12.5708,-10.8163,-12.7957,-11.9388,-10.9290,-9.8371,-1.3218,-0.4346,-2.1358,-3.1840,-7.4961,4.3931,0.0917,-1.9580,-3.7155,-0.9092,-2.9642,-2.7307,-6.4858,-8.6239,-9.6931,-10.5124,-10.5623,-10.7206,-7.0642,-7.6013,-4.4274,-10.3113,-6.6542,-7.1265,1.5140,-2.1979,-4.2274,-4.5304,-4.1859,-4.2264,-3.3498,-3.8810,-9.4698,-4.4139,-4.3742,-4.3301,-4.3267,-4.3200,-4.4649,-5.9805,-6.0059,-4.6768,-4.8343,-10.3468,-5.4965,-5.5022,-5.5478,-5.6033,-5.6512,-5.7900,-7.2976,-6.8839,-6.1066,-6.2790,-11.5378,-6.9363,-6.9247,-6.9710,-7.0100,-7.0358,-7.1226,-8.4774,-7.6230,-7.3061,-7.4262,-12.3334,-7.9920,-7.9489,-7.9680,-7.9825,-7.9860,-8.0584,-9.1994,-8.3017,-8.1493,-8.2253,-11.3856,-8.6687,-8.6564,-8.7218,-8.7834
45123.5833333,-28.1192,-25.9466,-20.2298,-17.5098,-5.7840,-15.9791,-17.7688,-29.8601,-17.4348,-15.5831,-18.3010,-18.2714,-19.2873,-18.9431,-19.1922,-20.0870,-18.1225,-18.6324,-19.4353,-22.6636,-12.4786,-25.5695,-17.9970,-25.5291,-16.1233,-6.7828,-17.3496,-21.8304,-10.5912,-20.6514,-13.3921,-16.0237,-10.2981,-3.2499,-0.2874,-4.9270,-1.8895,-4.9480,-17.3723,-2.4696,-3.6339,-5.5944,-19.4668,-13.7894,5.2567,-9.7885,-13.5550,-12.6654,-16.8735,-19.1213,-10.1194,-11.0818,-10.0341,-7.9404,-15.5289,-17.7245,-17.8145,-12.0043,1.5977,-3.7707,-4.9188,-6.5985,-17.6899,-17.2158,-14.7130,-9.5007,-5.0892,-6.6195,-21.0806,-13.5848,-4.6744,-4.1546,-5.3583,-13.6716,-8.5596,0.4543,-3.4631,0.4649,-9.7988,-6.5091,17.4618,11.5880,3.2707,-0.4336,-13.1815,-8.0135,-0.6740,-7.5861,0.4660,-4.4276,0.3952,2.0072,1.0233,-3.9957,-8.8403,-8.1743,-7.3760,1.4039,-5.7325,-7.1460,-8.4133,-7.8869,-12.7656,-12.3650,-11.2954,-11.7499,-13.9359,-15.9209,-21.4402,-19.3975,-23.8241,-20.5181,-17.6741,-12.6302,-14.5290,-11.2477,-19.6460,-12.6325,-16.3978,-11.6241,-13.2488,-12.6146,-14.0781,-13.9599,-17.5625,-13.3091,-14.1916,-9.2086,-12.9852,-12.1762,-14.6708,-13.6426,-16.9307,-16.7868,-7.8060,-13.0376,-16.2389,-10.6534,-11.0799,-12.3262,-12.9907,-9.3056,-9.5494,-9.8247,-9.0130,-11.6725,-11.4039,-3.9781,-14.8067,-15.1252,-12.4263,-15.3288,-14.6463,-15.8754,-12.5711,-3.5094,-3.4381,-3.8316,-5.0643,-10.0748,1.8035,-2.2596,-3.8871,-4.6057,-0.7205,-3.5470,-4.1114,-8.0551,-11.4866,-12.1497,-11.4948,-11.9986,-12.8767,-10.1650,-10.8028,-6.5119,-10.8728,-8.5128,-8.9034,-0.6994,-4.1779,-5.8391,-6.2055,-5.6067,-5.3878,-5.4999,-6.0485,-9.9737,-6.4511,-6.3999,-6.3467,-6.3397,-6.3282,-6.4563,-7.5721,-7.5299,-6.4601,-6.5053,-10.2955,-6.8666,-6.7871,-6.7614,-6.7606,-6.7631,-6.8585,-7.9719,-7.6461,-6.9820,-7.0665,-10.7101,-7.5051,-7.4594,-7.4921,-7.5370,-7.5832,-7.6948,-8.7522,-8.1872,-7.9107,-8.0075,-11.4512,-8.4723,-8.4408,-8.4847,-8.5359,-8.5837,-8.6993,-9.5893,-8.9934,-8.8516,-8.9085,-11.1582,-9.2384,-9.1879,-9.2122,-9.2385
45123.6250000,-23.2107,-23.2107,-18.7422,-15.9845,-5.5040,-13.7659,-17.0712,-30.8384,-18.3355,-14.8955,-18.0100,-18.5897,-18.8455,-19.8030,-20.9196,-22.0171,-20.7907,-21.1638,-20.1951,-23.8163,-14.9931,-27.8251,-18.4771,-25.4303,-18.5158,-10.9311,-23.4790,-25.9212,-15.6275,-23.1506,-19.7258,-21.8619,-16.6774,-9.0447,-1.8707,-5.0401,2.3528,0.0074,-13.1977,1.9904,0.4261,-1.7286,-16.2388,-9.6087,6.8871,-11.1656,-14.2714,-12.2713,-17.1821,-15.7751,-9.9259,-12.6110,-12.2936,-10.0126,-16.5792,-23.1884,-22.9607,-18.1447,-1.3722,-6.1145,-6.8717,-8.1507,-20.7939,-20.9098,-17.6641,-13.3909,-6.5511,-5.7903,-22.7288,-15.6776,-6.7448,-7.8065,-7.6044,-12.4421,-3.9491,2.0784,-2.6459,-2.2120,-11.2908,-2.3454,18.8171,12.0934,3.3574,-0.4210,-10.3797,-7.7481,-1.9823,-8.3461,-1.6720,-6.3165,-1.6627,0.5510,0.3229,-4.4825,-10.2176,-7.0397,-5.9734,3.6657,-3.7510,-5.1416,-6.3462,-5.9707,-10.0213,-9.7647,-8.1701,-9.0023,-11.1664,-13.5026,-19.3304,-19.9079,-22.3811,-20.3733,-19.7717,-15.0349,-13.9890,-10.5235,-17.6728,-12.9106,-19.4280,-15.8523,-13.3879,-13.1338,-13.7476,-13.9178,-17.0919,-15.6495,-16.5782,-11.3320,-14.2270,-13.7019,-14.2048,-15.6475,-18.6620,-18.8523,-8.5427,-13.9093,-16.6571,-12.7798,-12.4779,-14.1517,-14.5992,-13.1717,-12.1329,-9.5122,-8.1778,-10.0124,-11.3366,-2.2977,-14.2303,-13.7524,-11.2482,-13.7047,-13.9617,-17.7611,-13.1130,-4.0969,-4.8205,-4.1937,-5.3331,-10.8480,0.8510,-5.4713,-3.7725,-3.6881,1.0153,-2.2656,-3.2213,-8.8610,-11.8870,-12.6036,-11.0616,-12.0655,-13.6359,-11.3625,-12.6911,-6.1115,-9.4152,-7.9242,-8.2559,-0.5654,-3.7438,-5.0849,-5.5235,-4.8711,-4.4523,-5.3068,-5.9486,-8.8830,-6.4681,-6.5106,-6.5455,-6.6229,-6.6884,-6.8856,-7.8243,-7.8199,-7.0055,-7.0761,-9.8402,-7.4316,-7.3802,-7.3774,-7.3930,-7.4030,-7.4964,-8.3750,-8.1179,-7.5339,-7.5728,-10.1701,-7.8715,-7.7899,-7.7873,-7.7950,-7.8014,-7.8701,-8.6767,-8.2416,-7.9366,-7.9765,-10.4297,-8.3027,-8.2440,-8.2673,-8.3016,-8.3352,-8.4382,-9.1315,-8.7060,-8.5563,-8.6027,-10.2749,-8.8973,-8.8549,-8.8900,-8.9226
45123.6666667,-18.1741,-17.7977,-13.3020,-10.5337,-0.3083,-7.5806,-11.9288,-26.9648,-14.6759,-10.0711,-13.0258,-13.2402,-13.4380,-15.6709,-17.8212,-19.4003,-19.2233,-19.8590,-17.7441,-21.9496,-14.0983,-25.7925,-16.1321,-22.7062,-16.7989,-10.0616,-23.3871,-24.9978,-18.9390,-24.2473,-23.9186,-25.8318,-21.1959,-14.1098,-7.4287,-10.1185,0.0257,-0.7866,-13.3189,3.6188,3.3674,2.1686,-11.0122,-3.7271,12.0934,-6.9673,-9.4013,-6.9212,-12.4972,-11.3977,-6.0671,-9.0130,-8.8386,-6.4736,-12.2205,-23.0657,-23.0193,-18.9915,-1.0055,-5.4045,-6.1684,-7.3593,-21.3354,-22.1752,-19.0951,-16.9044,-11.6804,-7.5829,-22.8162,-15.8018,-6.6918,-10.4478,-10.6246,-13.0274,-2.7677,2.1872,-1.9569,-3.4364,-10.3712,2.3672,21.9205,15.4152,6.8466,3.2773,-3.7173,-2.2765,3.1432,-2.3291,3.5456,-0.8981,2.6742,6.4159,5.8754,0.0768,-7.4638,-3.5790,-2.8186,6.8402,-0.6926,-2.3050,-3.5952,-3.2197,-6.0869,-7.8647,-4.5242,-4.8148,-6.4310,-8.3149,-13.9114,-15.7437,-16.9424,-14.6017,-15.5342,-11.4031,-11.7459,-6.4575,-12.3845,-9.1018,-17.3335,-15.1265,-10.7469,-11.4519,-13.7403,-12.6012,-15.4606,-13.7257,-14.5336,-9.4327,-11.7994,-11.6433,-13.0750,-15.0665,-18.3941,-19.2220,-8.6571,-13.7032,-15.5206,-12.7835,-10.8653,-12.4794,-13.9102,-14.3663,-13.4398,-9.6334,-8.3091,-9.5227,-11.9806,-2.6146,-14.7492,-13.6277,-12.1529,-12.4081,-12.2041,-16.2865,-10.7360,-2.6486,-2.5591,-1.4914,-2.0387,-7.7540,2.8959,-5.0159,-1.6267,-0.7975,4.4358,-0.7552,-0.1587,-7.5128,-9.9884,-10.6470,-8.3640,-9.6115,-11.9755,-10.8052,-13.7007,-5.6355,-7.9016,-6.6634,-6.6890,0.7716,-1.9555,-3.0112,-3.3258,-2.4119,-1.9799,-2.8127,-3.3309,-5.4655,-3.6552,-3.6581,-3.6725,-3.7497,-3.8284,-4.0544,-4.8790,-4.9005,-4.2577,-4.3712,-6.5003,-4.7982,-4.8112,-4.8768,-4.9612,-5.0370,-5.1945,-5.9944,-5.8431,-5.3632,-5.4359,-7.4184,-5.7658,-5.7168,-5.7475,-5.7842,-5.8136,-5.9001,-6.5928,-6.2727,-5.9664,-5.9908,-7.8236,-6.2540,-6.1807,-6.1916,-6.2113,-6.2270,-6.3109,-6.8666,-6.5277,-6.3422,-6.3556,-7.6362,-6.5731,-6.5055,-6.5212,-6.5358
45123.7083333,-14.6652,-15.3976,-8.7116,-5.5725,2.1650,-0.0651,-3.4448,-18.7101,-6.6334,-1.7498,-6.9825,-5.1608,-5.3251,-7.5891,-9.9240,-11.6651,-12.2361,-13.2413,-10.7904,-15.5875,-10.7049,-18.9386,-9.8758,-15.6755,-13.3120,-5.4389,-17.7525,-18.8935,-15.9733,-20.2096,-22.4312,-25.5679,-23.2787,-16.6050,-10.5721,-12.7258,-1.5937,-1.3767,-13.1944,3.6336,4.1085,3.5892,-6.5897,-0.0300,15.8388,-2.5272,-3.9509,-0.7792,-5.8236,-3.2249,0.5844,-2.4284,-2.4338,-0.1331,-5.2072,-18.1937,-18.5478,-15.3289,2.8609,-0.6103,-1.3477,-2.5287,-16.4011,-18.2319,-13.5844,-14.6291,-10.7753,-8.1474,-22.6924,-15.9622,-8.0304,-9.5950,-11.6802,-12.8753,-2.3902,1.7909,-1.6646,-4.0769,-8.4597,5.8348,24.1912,18.3005,9.9392,6.4389,2.0311,2.8224,8.5267,3.9550,9.5884,4.9028,6.5702,13.1720,13.1440,7.5001,-0.9553,3.5517,4.5674,13.4985,6.6970,4.9582,3.7944,4.6232,1.2205,0.0194,2.7314,2.9742,0.8551,-1.3247,-7.2586,-9.8945,-10.9523,-9.2214,-10.3150,-6.7412,-7.4593,-1.7583,-6.4104,-3.2195,-11.6700,-10.3652,-5.4948,-6.3539,-9.5750,-8.3634,-12.8486,-10.6304,-10.8927,-5.7280,-7.4178,-7.2449,-9.1441,-10.2176,-14.3523,-16.0317,-6.6000,-11.4213,-12.7861,-10.8220,-8.5370,-10.2829,-12.5715,-12.3080,-11.1586,-7.3079,-6.4331,-7.3319,-9.6652,-1.2123,-12.9304,-11.7504,-11.3718,-11.5226,-10.8776,-14.9257,-7.4257,-3.0079,-1.4100,-0.8449,0.4937,-3.7888,6.7491,-0.1631,2.9674,4.4016,9.2710,1.5742,4.2834,-3.6248,-5.8542,-6.4551,-4.6994,-5.4016,-7.7862,-7.1921,-9.7990,-2.4407,-4.3943,-3.6861,-3.8217,3.0827,0.6219,-0.4046,-0.6817,0.4221,0.5938,0.2040,-0.1522,-1.6827,-0.1787,-0.0422,0.0851,0.1462,0.2055,0.1081,-0.4965,-0.3787,0.3102,0.3093,-1.2714,0.0888,0.1454,0.1324,0.0870,0.0397,-0.1036,-0.8157,-0.6950,-0.2461,-0.3265,-1.9061,-0.6760,-0.6571,-0.7285,-0.8092,-0.8836,-1.0177,-1.6842,-1.4761,-1.1992,-1.2557,-2.7349,-1.5662,-1.5244,-1.5711,-1.6246,-1.6700,-1.7834,-2.2954,-2.0437,-1.8584,-1.8781,-2.9420,-2.0950,-2.0265,-2.0450,-2.0581
45123.7500000,-7.1613,-9.1558,-2.5311,-1.5722,4.8522,4.0620,1.4017,-12.5712,-2.4068,2.7538,-2.3816,0.3269,0.2010,-0.8095,-2.5323,-3.7138,-4.0047,-4.6205,-2.4051,-7.3940,-4.8570,-10.9103,-3.4498,-7.9276,-7.4329,0.1137,-10.7895,-11.7428,-11.1223,-14.2790,-18.5819,-21.9415,-21.2588,-15.4133,-10.8915,-12.8460,-3.3932,-1.7551,-11.6238,4.0837,5.0434,5.0008,-3.0074,2.8465,18.4934,1.6412,0.7531,4.0368,-0.8715,2.2296,5.6041,3.5832,4.0428,6.3422,1.0658,-10.8162,-11.2455,-8.9345,7.0748,4.4543,3.9623,2.9869,-9.5839,-11.6373,-6.9035,-8.8631,-5.0896,-4.0755,-18.4349,-13.9077,-7.9800,-8.9972,-11.7960,-11.7391,-2.2180,1.3465,-0.8533,-3.3309,-6.3341,7.5988,24.5861,19.3929,11.2177,7.7287,5.3309,5.8225,11.9316,8.1050,13.6868,8.5194,10.3584,18.0454,18.5224,13.4378,4.4310,8.9521,10.7502,18.1191,12.6719,10.8703,9.8669,12.5227,8.3337,7.3454,9.5408,11.0699,8.8085,7.1541,1.5138,-1.0802,-2.7872,-2.2656,-3.6339,-1.1653,-2.2895,2.3536,-1.3406,1.3680,-6.5128,-5.8857,-1.7354,-1.8801,-4.9810,-3.6790,-8.1241,-5.8718,-5.3669,-0.6369,-2.1100,-2.3352,-4.2672,-5.0822,-8.6631,-10.7567,-2.9967,-7.1968,-8.1657,-6.7343,-4.3744,-6.0612,-8.6575,-9.4117,-8.2353,-4.8125,-4.3313,-5.1707,-7.2629,-0.2773,-10.3793,-9.2708,-9.5141,-9.3999,-8.8544,-13.2269,-5.3513,-3.0622,-2.1888,-1.6426,-0.2822,-2.7007,7.1865,0.5803,3.3891,6.1487,10.5434,2.8496,6.9820,0.0189,-1.3100,-1.4250,-0.3447,-0.7167,-2.7071,-2.6872,-4.3228,2.1298,0.4370,0.9216,0.7105,7.1041,4.7047,3.4473,3.1834,4.4451,3.9974,4.3087,4.0038,2.7935,3.9721,4.0944,4.2103,4.2626,4.3195,4.2232,3.6967,3.8452,4.5171,4.5699,3.3643,4.4940,4.6248,4.6900,4.7262,4.7632,4.7028,4.1323,4.3117,4.8226,4.8286,3.6200,4.6459,4.7317,4.7173,4.6858,4.6531,4.5508,3.9601,4.1365,4.4312,4.3874,3.1788,4.0908,4.1254,4.0634,3.9899,3.9209,3.7782,3.2820,3.4532,3.6150,3.5671,2.6255,3.2949,3.3359,3.2889,3.2533
45123.7916667,-0.1318,-2.2588,3.4702,3.7363,9.4488,8.2510,6.5075,-5.7345,2.3231,6.3963,2.0923,4.3489,3.3822,3.5661,2.5375,1.7657,1.9699,1.4879,3.2258,-0.5380,1.3354,-3.4516,2.0232,-1.1430,-1.1351,5.7021,-3.9136,-4.6269,-5.1186,-7.5050,-12.8532,-16.4819,-17.1871,-12.1486,-8.9449,-10.6303,-3.2291,-1.5651,-9.6433,4.0173,5.0246,5.3892,-0.9561,4.1992,19.3864,4.6719,4.0360,7.0893,2.6359,5.2136,8.3379,7.2304,8.1850,10.3318,4.7293,-4.4668,-4.8367,-2.9359,11.1977,8.8679,8.4612,7.6559,-2.6491,-4.8002,-0.6513,-2.8961,0.2632,0.5110,-12.2128,-9.5089,-5.4467,-6.6458,-9.5610,-9.1604,-1.7580,0.6263,-1.2774,-3.1571,-5.1794,7.1998,23.0331,18.7018,11.2509,7.9303,6.8801,7.5710,13.9411,10.6760,16.0998,10.2680,13.3607,20.8779,21.6495,16.9433,7.8951,11.7826,13.9384,19.3314,15.4587,13.5651,12.8103,17.0575,12.2112,11.7334,14.4194,16.4225,13.9049,13.1500,8.0665,7.0442,4.6851,4.6180,3.5919,4.9385,4.0486,6.7467,4.3849,6.7562,0.2297,0.3503,2.6337,2.6420,-0.0205,0.8737,-3.3520,-1.8016,-0.9768,3.2165,2.0777,1.5045,0.2150,-0.5405,-3.3467,-5.2709,0.7403,-2.5667,-3.2225,-2.1804,-0.1705,-1.5926,-3.9049,-5.0619,-4.0958,-1.5148,-1.3969,-2.0897,-3.9617,0.8047,-7.0003,-6.0789,-6.8630,-6.9300,-6.6644,-11.0563,-3.9638,-2.5977,-2.2316,-1.6860,-0.4094,-1.9989,6.4179,0.6472,2.9433,5.7819,9.3359,2.7365,6.7867,1.0808,0.3075,0.6958,1.3183,1.7449,0.8449,1.1049,0.0180,5.4771,4.0642,4.5494,4.3290,10.4761,8.0378,6.4373,6.2813,7.8623,6.6287,7.8757,7.6784,6.7836,7.7325,7.8749,8.0080,8.0790,8.1492,8.0736,7.6351,7.7753,8.3630,8.4228,7.4913,8.3754,8.5030,8.5720,8.6149,8.6589,8.6130,8.1333,8.2929,8.7617,8.7945,7.8689,8.6941,8.8103,8.8391,8.8550,8.8717,8.8244,8.3589,8.5377,8.8537,8.8664,7.9481,8.6961,8.7742,8.7615,8.7344,8.7067,8.6052,8.1997,8.3470,8.5115,8.4810,7.7072,8.2424,8.2812,8.2368,8.2014
45123.8333333,6.0772,4.6723,9.0286,9.3643,14.9536,12.2821,11.6532,1.1491,7.6754,10.2176,7.1460,8.7185,7.0311,7.9057,7.2392,6.5111,6.8801,6.3422,6.9741,4.2761,6.1935,2.0489,5.8067,3.8109,3.8340,10.2563,1.9249,1.3263,0.8039,-1.0614,-6.2259,-9.6498,-11.1407,-6.8799,-4.7118,-6.2305,-0.5444,0.5804,-5.9088,5.2868,6.0120,6.1836,1.0034,5.2781,19.5359,6.7628,6.0563,8.7814,4.8516,6.6524,9.5979,9.3500,10.5476,12.4087,6.4533,0.5076,0.3277,1.9769,14.3229,11.8549,11.5118,10.6178,2.6285,0.8497,4.1860,2.4204,5.2396,5.3086,-5.7074,-4.3129,-1.6655,-3.0230,-5.5999,-5.2524,0.2389,1.8855,0.1096,-1.5804,-3.2917,7.2998,21.1612,17.4399,10.2448,7.0492,6.9612,7.3431,13.6232,10.6845,15.9344,9.6574,14.1992,21.2556,22.3267,18.4353,9.2283,12.9239,15.1517,18.6697,16.2463,14.2867,14.0277,19.4912,14.7245,14.5038,17.8479,19.8558,16.7735,16.8261,11.8822,12.9080,9.6881,9.4308,9.1713,9.4548,9.3635,10.5081,9.3225,11.7132,6.7484,6.7125,6.6145,7.7794,5.4186,6.1246,2.6309,3.5623,3.9532,7.2981,5.7727,4.4562,3.7864,3.1569,1.1064,-0.4559,4.1660,1.3726,0.8994,1.8235,3.2139,2.1882,0.4411,-0.5292,0.2235,1.9938,2.1102,1.3443,-0.0526,3.3566,-2.7271,-2.0279,-3.0406,-3.4127,-3.6291,-7.8861,-1.8841,-1.1262,-1.0743,-0.5950,0.5341,-0.6505,6.2045,1.4632,3.1806,5.6778,8.3702,3.0625,6.6091,1.9678,1.4940,1.8289,1.8706,2.6380,2.5271,3.1098,2.4642,6.7370,5.4939,5.9786,5.7416,11.8136,9.2953,7.3820,7.3940,9.3901,7.4409,9.5969,9.5718,9.0453,9.8760,10.1165,10.3451,10.5180,10.6822,10.7189,10.4655,10.6541,11.1882,11.3093,10.6820,11.3928,11.5503,11.6567,11.7374,11.8136,11.8107,11.4639,11.6073,12.0004,12.0519,11.3823,12.0111,12.1254,12.1700,12.2034,12.2363,12.2151,11.8654,12.0107,12.2795,12.3105,11.6409,12.2136,12.3015,12.3192,12.3265,12.3335,12.2801,11.9898,12.1237,12.2848,12.2909,11.7261,12.1534,12.2143,12.2074,12.2012
45123.8750000,11.7270,11.4588,14.4122,14.9661,20.8130,16.1507,16.7550,7.6576,13.1379,13.9736,12.1702,13.1080,10.5683,12.4252,12.2295,11.4229,11.9622,11.3036,10.5499,8.7286,10.9971,6.8823,8.9833,8.1539,8.0861,14.2870,6.6395,5.8052,5.8231,4.0278,-0.2121,-3.2463,-4.8916,-1.1946,0.4535,-0.8525,3.6973,4.4848,-0.9629,8.1705,8.7242,8.5138,4.1763,7.5864,20.7177,9.3959,8.2250,10.4199,6.6855,7.6894,10.4129,10.8228,12.0984,13.6288,7.2060,4.2688,4.1260,5.5198,16.4175,13.8113,13.6073,12.6669,6.7653,5.3899,7.7991,6.5960,9.2840,9.4098,-0.0083,0.6965,2.5652,1.2522,-1.0758,-0.9000,2.9008,4.4733,2.8794,1.4009,-0.0844,8.9743,20.9733,17.8054,10.7830,7.6850,8.3968,8.4054,14.4123,11.6243,16.4424,9.7263,15.1466,21.5144,22.5275,19.2184,9.6550,13.0987,15.2168,17.1756,15.8354,13.8159,13.9378,20.3719,15.9972,15.9978,20.0565,22.1103,18.5179,19.3747,14.3190,17.3811,12.7344,12.1790,12.6444,11.8891,12.6490,12.5065,12.3435,15.1226,11.5909,11.6398,9.1143,12.0515,9.9520,10.9923,8.8086,9.5327,9.4814,12.2646,10.0368,7.6517,7.6579,7.1445,5.6939,4.4645,8.1742,5.5529,4.9453,5.6551,6.0321,5.3063,3.9466,3.3119,3.6610,4.7391,5.1845,3.9960,3.2397,6.1489,1.3786,1.8122,0.9640,0.5178,0.1045,-3.7075,0.9069,1.3515,1.3244,1.5973,2.4658,1.6002,7.3125,3.3881,4.5145,6.6389,8.5493,4.2468,7.3561,3.4606,3.2266,3.3084,2.6976,3.5259,3.8880,4.5916,4.1344,7.2401,6.0215,6.4063,6.0690,12.0291,9.3748,7.2095,7.3179,9.5957,7.1137,9.8632,9.9508,9.7071,10.4322,10.7482,11.0578,11.3265,11.5854,11.7425,11.6784,11.9330,12.4477,12.6647,12.3372,12.9612,13.1992,13.3980,13.5738,13.7399,13.8374,13.6706,13.8525,14.2227,14.3426,13.9344,14.4487,14.6031,14.7037,14.7913,14.8724,14.9047,14.6859,14.8199,15.0522,15.1100,14.6562,15.0885,15.1847,15.2295,15.2648,15.2973,15.2799,15.0833,15.1919,15.3292,15.3532,14.9582,15.2778,15.3449,15.3632,15.3772
45123.9166667,15.4907,16.7840,18.4499,19.3496,25.7548,18.7708,20.5999,12.6171,17.4369,16.5205,15.9245,16.2782,12.7977,15.8171,16.2678,15.4413,16.3096,15.5289,13.3006,12.3753,15.3718,10.9247,11.5566,11.9258,11.7278,17.8840,10.3934,9.1094,9.9077,7.7659,4.7366,2.0661,0.4778,3.4895,4.7838,3.5258,7.2671,7.9171,3.1391,10.9260,11.3815,10.7103,7.0539,9.7918,21.9982,11.9178,10.1697,11.9088,8.1952,8.5357,11.0477,11.8745,13.0465,14.1484,7.2578,6.9467,6.7182,7.8162,17.3442,14.3711,14.1172,13.0121,8.9260,8.0421,9.6178,9.0557,11.8012,12.1664,4.1936,4.6836,6.2325,5.2252,3.1017,2.8939,5.2287,7.1764,5.6441,4.4404,3.0562,10.7536,20.9333,18.0780,11.0584,7.9567,9.3300,8.9938,14.8159,12.1325,16.5934,9.4992,15.6063,21.3282,22.2229,19.3969,9.5195,12.7466,14.6945,15.4347,14.7896,12.6907,12.9880,19.9834,15.9686,16.0758,20.6665,22.6873,18.5765,20.2473,15.0742,20.1752,14.0827,13.3310,14.4500,12.8154,14.2969,13.1375,13.7127,16.8704,14.4301,14.5194,9.7565,14.3141,12.3601,13.9432,13.3956,14.2504,13.8143,16.2973,13.2115,9.6719,10.5182,10.3148,9.5850,8.8876,12.2795,9.7133,8.9250,9.5043,8.6385,8.1129,6.9970,6.7198,6.4534,6.8377,7.6439,5.7072,5.4817,8.3593,4.4723,4.5584,3.9760,3.4791,3.1234,0.1921,3.2858,3.7203,3.8464,3.7862,4.2982,3.6783,8.7769,5.4023,5.9271,7.7424,8.9742,5.3453,8.1745,4.7609,4.8438,4.6764,3.4369,4.3539,5.1340,5.8752,5.4292,7.4809,6.1826,6.3960,5.8979,11.6283,8.7950,6.4478,6.5564,8.9145,6.1295,9.0679,9.1414,9.0264,9.5879,9.8737,10.1617,10.4275,10.6925,10.8924,10.9438,11.2192,11.6784,11.9355,11.8180,12.3603,12.6381,12.8901,13.1271,13.3579,13.5411,13.5409,13.7802,14.1485,14.3427,14.1690,14.6304,14.8412,15.0122,15.1714,15.3231,15.4378,15.3751,15.5522,15.7936,15.9108,15.6698,16.0367,16.1679,16.2598,16.3415,16.4174,16.4554,16.3658,16.4834,16.6177,16.6709,16.4314,16.6823,16.7566,16.7936,16.8206
45123.9583333,17.2698,20.2410,20.8532,22.2298,29.5250,20.2400,23.3241,16.1734,20.6716,18.1416,18.6353,18.4899,14.0771,18.1182,19.2382,18.3921,19.7024,18.8289,15.1420,15.0153,19.0389,14.0114,13.4024,14.9915,14.7380,21.2528,13.6094,11.7878,13.6028,10.8304,9.1225,6.7257,5.2743,7.5432,8.5792,7.1857,10.3382,10.8863,6.3201,13.2678,13.6758,12.5438,9.4011,11.6570,23.2418,14.2389,11.8543,13.2204,9.4060,9.2272,11.6305,12.8142,13.9023,14.6357,7.3378,9.1924,8.7793,9.5770,17.9618,14.6038,14.2460,12.9398,10.2210,9.6780,10.4265,10.3365,13.1149,13.6956,6.7863,7.3624,8.9898,8.5197,6.5901,5.8686,6.9990,9.7185,8.2378,7.4254,6.0916,12.7325,21.3663,18.7731,11.7062,8.5390,10.4531,9.7948,15.4797,12.8102,16.9340,9.4990,16.0755,21.1776,21.8937,19.3949,9.2391,12.2306,13.9946,13.8747,13.6792,11.5505,11.9240,19.2046,15.3181,15.4905,20.4678,22.4386,17.8992,20.1798,14.8181,21.6057,14.1422,13.2251,14.8685,12.5979,14.6373,12.7822,13.8959,17.4364,15.8803,16.0434,9.5472,15.3191,13.4098,15.5049,16.5339,17.5918,16.7453,19.0991,15.0883,10.4654,12.0385,12.1506,12.1137,12.0386,15.6154,13.1300,12.2887,13.0236,10.9107,10.6565,9.7746,10.0046,9.0745,8.8853,10.1551,7.3096,7.5006,10.6546,7.3125,6.9779,6.6118,5.8590,5.5024,3.4778,5.0145,5.6318,6.0922,5.6504,5.7643,5.3633,10.3469,7.3619,7.3585,9.0020,9.6932,6.5018,9.2137,6.0713,6.4841,6.0283,4.1203,5.0419,6.2308,7.0520,6.5931,7.7968,6.4142,6.4923,5.8685,11.3798,8.4276,6.0038,6.0876,8.4104,5.5207,8.4286,8.4512,8.3768,8.7727,8.9812,9.1940,9.3947,9.5981,9.7599,9.8221,10.0430,10.3955,10.6128,10.5747,10.9974,11.2421,11.4735,11.6989,11.9242,12.1207,12.1936,12.4355,12.7705,12.9883,12.9537,13.3606,13.5969,13.8074,14.0110,14.2104,14.3847,14.4362,14.6531,14.9145,15.0894,15.0151,15.3597,15.5404,15.6923,15.8351,15.9717,16.0797,16.0966,16.2539,16.4203,16.5278,16.4295,16.6668,16.7788,16.8594,16.9192
45124.0000000,18.4278,22.8789,22.5658,24.3843,32.6472,21.2130,25.3789,18.7126,23.0269,19.0670,20.4765,19.9068,14.6754,19.5177,21.3057,20.4794,22.3127,21.3884,16.3509,16.8998,22.0864,16.3390,14.6901,17.4203,17.1491,24.3003,16.2831,13.9052,16.9115,13.3941,13.1457,11.0220,9.8288,11.3472,12.2169,10.5575,13.2984,13.7759,9.0909,15.4190,15.8221,14.2389,11.4794,13.3968,24.6063,16.5296,13.4708,14.3686,10.3998,9.8269,12.2115,13.7328,14.7915,15.2412,7.5801,11.3227,10.7153,11.2589,18.7359,15.0240,14.5657,13.0781,11.4239,11.1489,11.1435,11.4025,14.1507,14.7219,8.2365,8.9120,10.7824,10.9555,9.2049,7.9255,8.0995,11.8122,10.4099,10.1161,8.8331,14.7017,22.0658,19.7310,12.5781,9.2629,11.6969,10.7832,16.4783,13.8178,17.7134,9.9635,16.9807,21.5628,22.1142,19.8667,9.4524,12.2333,13.8212,13.0918,13.1760,11.0334,11.4104,18.7764,14.5259,14.7359,19.9639,21.8845,17.0439,19.6500,14.1541,22.2560,13.6386,12.5781,14.5770,11.8919,14.2829,11.9898,13.4287,17.2422,16.3661,16.5955,8.9142,15.4501,13.5690,16.1073,18.5831,19.9056,18.6670,20.9963,16.0942,10.5972,12.6976,13.0543,13.5819,14.0806,18.0747,15.6197,14.7571,15.7955,12.4852,12.5387,11.9098,12.7846,11.2365,10.6324,12.5142,8.7494,9.3703,13.0918,10.1059,9.3607,9.2525,8.1890,7.8069,6.6382,6.6359,7.5151,8.3904,7.5171,7.1023,6.8503,12.0459,9.2631,8.7895,10.3682,10.6285,7.7010,10.4378,7.4170,8.2048,7.4641,4.8775,5.6718,7.2761,8.2299,7.7599,8.2874,6.8244,6.8081,6.0926,11.4541,8.4255,5.9724,6.0370,8.3069,5.3968,8.2264,8.2093,8.1553,8.4282,8.5727,8.7216,8.8631,9.0076,9.1243,9.1727,9.3323,9.5854,9.7467,9.7321,10.0385,10.2242,10.4028,10.5795,10.7583,10.9192,10.9964,11.1931,11.4577,11.6441,11.6580,11.9806,12.1886,12.3820,12.5735,12.7651,12.9421,13.0362,13.2475,13.4928,13.6808,13.6979,14.0071,14.2053,14.3853,14.5603,14.7323,14.8850,14.9749,15.1624,15.3566,15.5101,15.5201,15.7616,15.9151,16.0422,16.1388
45124.0416667,19.1540,24.9059,23.8564,26.1092,35.3852,22.0491,27.1697,20.9473,25.2542,20.1040,22.2821,21.3718,15.4451,21.0327,23.3233,22.3990,24.6235,23.5717,17.2922,18.3326,24.6798,18.1623,15.6615,19.4061,19.1418,27.1045,18.5785,15.6497,19.9108,15.5771,16.8403,14.9934,14.1871,14.9928,15.8148,13.8292,16.3410,16.8140,11.7760,17.8708,18.2623,16.1999,13.6925,15.3568,26.3681,19.0396,15.2429,15.8664,11.5985,10.6822,13.0667,14.8516,15.8735,16.0776,8.0332,13.4667,12.6649,13.0053,19.7976,15.7673,15.2344,13.5976,12.8129,12.7858,12.1166,12.6725,15.4047,15.9153,9.2217,9.8648,11.9741,12.7676,11.1334,9.2304,8.6624,13.3893,12.0639,12.3631,11.1315,16.4847,22.8142,20.7341,13.4532,10.0084,12.9510,11.8279,17.6704,15.0141,18.7926,10.7029,18.2259,22.4185,22.8604,20.8474,10.1350,12.8007,14.2710,13.1004,13.3864,11.2389,11.6122,19.0071,14.4271,14.6025,19.9264,21.7354,16.6333,19.4797,13.7861,22.7506,13.1545,11.9340,14.1330,11.2023,13.7717,11.2325,12.8346,16.8005,16.4327,16.7080,8.2967,15.2034,13.3381,16.1893,19.8961,21.4818,19.8762,22.2425,16.5468,10.4212,12.8727,13.4136,14.3822,15.3766,19.8839,17.4171,16.5344,17.9200,13.5008,13.8233,13.4066,14.9379,12.8118,11.8909,14.4292,9.7839,10.8189,15.2965,12.5451,11.4292,11.6583,10.3594,10.0485,9.8025,8.3060,9.5271,10.9144,9.5710,8.7129,8.5585,14.2165,11.5365,10.5890,12.1713,12.0571,9.2264,12.0840,9.0239,10.1868,9.1199,5.7937,6.6502,8.6011,9.6601,9.1276,9.0784,7.5057,7.4072,6.6024,11.9105,8.8064,6.3110,6.3628,8.6125,5.6734,8.4646,8.4218,8.3835,8.5729,8.6744,8.7794,8.8797,8.9823,9.0655,9.1009,9.2141,9.3936,9.5102,9.5046,9.7226,9.8584,9.9901,10.1214,10.2551,10.3770,10.4412,10.5895,10.7868,10.9314,10.9569,11.1981,11.3620,11.5173,11.6729,11.8301,11.9786,12.0707,12.2460,12.4473,12.6110,12.6574,12.9086,13.0856,13.2520,13.4172,13.5821,13.7356,13.8469,14.0280,14.2162,14.3779,14.4411,14.6665,14.8322,14.9775,15.0900
45124.0833333,19.4615,26.2751,24.5549,27.1437,37.3539,22.2477,28.1598,22.4843,26.8220,20.6054,23.4190,22.2381,15.7726,21.8979,24.7403,23.8537,26.5713,25.4788,18.1596,19.6267,27.0203,19.7156,16.5164,21.0892,20.8044,29.5581,20.4329,16.9998,22.4689,17.3316,20.0601,18.4574,18.1067,18.2290,19.0723,16.7227,19.1376,19.6635,14.1272,20.2209,20.6285,18.0863,15.7480,17.2439,28.2586,21.6305,17.0803,17.4099,12.8488,11.6345,14.0684,16.1097,17.1085,17.0838,8.6036,15.5967,14.5670,14.6920,20.9168,16.5524,15.9417,14.1678,14.1045,14.3117,13.0650,13.9045,16.7034,17.1733,10.1213,10.6554,12.9196,14.1988,12.5679,10.0194,8.8613,14.4455,13.1358,13.9713,12.7218,17.6544,23.0728,21.1953,13.7515,10.1745,13.5821,12.3040,18.3821,15.7332,19.4882,11.0581,19.1361,23.0544,23.4455,21.6902,10.6596,13.3304,14.7535,13.2331,13.6862,11.5414,11.9417,19.4283,14.4188,14.5970,20.0145,21.7513,16.4752,19.4452,13.6846,23.3473,12.9723,11.6246,13.8844,10.7919,13.4021,10.7089,12.3486,16.3325,16.2961,16.5711,7.7758,14.7785,12.9250,15.9621,20.6301,22.4342,20.4844,22.8830,16.5179,10.0038,12.6598,13.3315,14.6202,16.0012,20.9999,18.4953,17.5954,19.3262,13.9436,14.5005,14.2652,16.3930,13.7487,12.5860,15.7271,10.3086,11.6958,16.9422,14.3097,12.8496,13.4394,11.9942,11.8472,12.5859,9.6572,11.2531,13.2176,11.3756,10.1616,10.1302,16.4823,13.7910,12.3753,14.0275,13.5716,10.7169,13.8328,10.6476,12.2881,10.9166,6.8168,7.7767,10.1429,11.3466,10.7328,10.1607,8.4352,8.2561,7.3427,12.6859,9.4505,6.8512,6.8798,9.1394,6.1032,8.9043,8.8247,8.7819,8.8993,8.9583,9.0219,9.0843,9.1501,9.2040,9.2261,9.3034,9.4283,9.5107,9.5093,9.6637,9.7623,9.8590,9.9560,10.0553,10.1470,10.1989,10.3096,10.4551,10.5647,10.5921,10.7696,10.8945,11.0141,11.1347,11.2571,11.3742,11.4529,11.5899,11.7462,11.8774,11.9282,12.1218,12.2654,12.4029,12.5408,12.6797,12.8119,12.9161,13.0698,13.2300,13.3733,13.4496,13.6394,13.7889,13.9236,14.0288
45124.1250000,19.4508,27.1667,24.8960,27.7862,38.8938,22.2208,28.7747,23.3725,27.7972,20.6847,24.0225,22.6130,15.7083,22.1713,25.4678,24.5870,27.7491,26.6269,18.4191,20.2787,28.7112,20.6763,16.9413,22.2657,22.0037,31.5967,21.8460,17.9701,24.5507,18.6458,22.7370,21.3570,21.4886,20.9749,21.8958,19.1639,21.5818,22.1931,16.0584,22.3305,22.7790,19.7695,17.5368,18.9305,30.0983,24.0602,18.7359,18.8456,13.9407,12.4720,15.0044,17.2990,18.3007,18.0865,9.1275,17.5959,16.3343,16.2695,22.0625,17.3578,16.6616,14.7429,15.2592,15.6610,13.8801,14.9589,17.8475,18.2780,10.8896,11.3721,13.8055,15.5236,13.8350,10.5930,8.9891,15.2656,13.9082,15.2240,13.9173,18.5251,23.1556,21.4279,13.8141,10.1119,13.8512,12.4119,18.6708,15.9848,19.7099,10.9667,19.5059,23.2032,23.5511,22.0118,10.6695,13.3699,14.7810,13.0156,13.6082,11.4785,11.9203,19.5301,14.2470,14.4395,19.9406,21.6307,16.2338,19.3045,13.5042,23.7665,12.7884,11.3911,13.6945,10.5254,13.1512,10.3873,12.0336,15.9974,16.1976,16.4519,7.4541,14.3859,12.5203,15.6253,21.0134,22.9565,20.6678,23.0790,16.1725,9.4610,12.1890,12.9305,14.4291,16.0973,21.5292,18.9747,18.0529,20.0863,13.9195,14.6448,14.5430,17.1745,14.1020,12.7654,16.4132,10.3801,12.0277,17.9841,15.4136,13.6597,14.5689,12.9889,13.0114,14.7056,10.4875,12.4630,15.0373,12.7242,11.1337,11.2379,18.4433,15.6910,13.8547,15.6478,14.9071,11.9618,15.4270,12.0542,14.2255,12.5671,7.6818,8.7744,11.6336,13.0570,12.3830,11.3549,9.4601,9.2214,8.1980,13.7065,10.3026,7.5508,7.5618,9.8845,6.6933,9.5646,9.4438,9.3826,9.4337,9.4456,9.4620,9.4790,9.4997,9.5137,9.5069,9.5404,9.6091,9.6504,9.6350,9.7300,9.7883,9.8473,9.9083,9.9727,10.0333,10.0676,10.1442,10.2468,10.3259,10.3488,10.4772,10.5704,10.6610,10.7532,10.8475,10.9387,11.0037,11.1099,11.2304,11.3341,11.3824,11.5303,11.6446,11.7552,11.8666,11.9793,12.0878,12.1773,12.3019,12.4318,12.5507,12.6235,12.7758,12.9009,13.0152,13.1049
45124.1666667,18.7996,27.2853,24.6388,27.8445,39.8546,21.8767,29.0126,23.8967,28.4586,20.6268,24.4010,22.8169,15.5838,22.2721,25.9306,25.0327,28.5678,27.3968,18.4315,20.5665,29.9343,21.2206,17.0561,23.0019,22.7696,33.2186,22.8474,18.5894,26.2187,19.6039,24.9897,23.8329,24.4772,23.3698,24.4139,21.3007,23.8005,24.5373,17.7722,24.3056,24.8432,21.4144,19.2612,20.6254,32.0830,26.5595,20.4638,20.4083,15.1248,13.4359,16.1019,18.6389,19.6596,19.2878,9.8057,19.6695,18.1722,17.9459,23.4425,18.4004,17.6246,15.5631,16.5631,17.1394,14.8637,16.1480,19.1249,19.4726,11.6006,12.0450,14.6695,16.8250,15.0781,11.1912,9.2528,16.1376,14.7250,16.4943,15.1315,19.5160,23.4908,21.8958,14.1241,10.3122,14.3109,12.7304,19.1487,16.4112,20.1094,11.0918,19.9946,23.4887,23.7720,22.3775,10.7366,13.4274,14.8067,12.8639,13.5398,11.4094,11.8617,19.5514,13.9656,14.1779,19.7507,21.4237,15.9639,19.1173,13.3164,24.0845,12.6314,11.2103,13.5436,10.3462,12.9762,10.1902,11.8362,15.7792,16.1711,16.4240,7.3363,14.1743,12.3140,15.4500,21.4042,23.4470,20.8362,23.2398,15.8944,9.1007,11.8064,12.5565,14.1621,16.0174,21.7887,19.1691,18.2156,20.4954,13.7190,14.5548,14.5446,17.5719,14.1661,12.7099,16.7440,10.2663,12.0798,18.6270,16.0917,14.1054,15.2793,13.5738,13.7318,16.2686,10.9515,13.2630,16.4198,13.6834,11.7952,12.0109,20.1121,17.2604,15.0625,17.0419,16.0710,13.0035,16.8707,13.2789,16.0056,14.0761,8.4220,9.6625,13.0441,14.7401,14.0255,12.5973,10.5246,10.2499,9.1224,14.9310,11.3266,8.3812,8.3911,10.8473,7.4436,10.4742,10.3295,10.2617,10.2722,10.2554,10.2416,10.2281,10.2172,10.2013,10.1706,10.1685,10.1918,10.1965,10.1618,10.2049,10.2237,10.2438,10.2663,10.2921,10.3162,10.3227,10.3602,10.4177,10.4602,10.4647,10.5443,10.6013,10.6581,10.7176,10.7800,10.8415,10.8858,10.9604,11.0467,11.1228,11.1610,11.2701,11.3572,11.4429,11.5302,11.6194,11.7063,11.7805,11.8800,11.9844,12.0817,12.1472,12.2689,12.3723,12.4679,12.5433
45124.2083333,18.1154,27.0858,24.0892,27.4820,40.2113,21.1439,28.6817,23.8325,28.5177,20.1215,24.2389,22.5481,15.1403,21.9309,25.9378,25.0885,28.9955,27.8165,18.2625,20.6212,30.7780,21.4542,16.9648,23.3909,23.1731,34.3902,23.4125,18.8415,27.4048,20.1587,26.7304,25.7754,26.9449,25.2844,26.4742,22.9893,25.6126,26.4925,19.0882,25.9056,26.5255,22.6859,20.5740,21.9431,33.8175,28.8368,22.0286,21.8062,16.1992,14.3197,17.1443,19.9481,21.0241,20.5262,10.4946,21.7273,20.0139,19.6417,24.9375,19.5597,18.7153,16.5205,17.9410,18.6829,15.9576,17.4357,20.5316,20.7982,12.3703,12.7501,15.5263,18.0510,16.2115,11.7606,9.5437,16.9622,15.4846,17.6485,16.1984,20.3976,23.7891,22.2930,14.3579,10.4435,14.6695,12.9834,19.5747,16.7921,20.4942,11.2350,20.4698,23.7975,24.0279,22.7678,10.8680,13.5666,14.9208,12.8306,13.5592,11.4243,11.8777,19.6061,13.8181,14.0106,19.5802,21.1972,15.6774,18.8579,13.0696,24.2262,12.4141,10.9979,13.3350,10.1312,12.7472,9.9596,11.5985,15.5049,16.0377,16.2960,7.2041,13.9585,12.1237,15.2816,21.6867,23.8342,20.9592,23.3540,15.6729,8.8793,11.5452,12.2929,13.9516,15.9174,21.9251,19.2247,18.2223,20.6768,13.4305,14.3279,14.3721,17.6792,14.0145,12.4761,16.7731,10.0064,11.9166,18.8954,16.3670,14.1966,15.5863,13.8079,14.0892,17.3392,11.1201,13.6844,17.3382,14.2267,12.0979,12.4134,21.3526,18.3783,15.8640,18.0329,16.8637,13.6642,17.9522,14.1512,17.4598,15.3071,8.9596,10.3806,14.2842,16.2771,15.5279,13.7297,11.4664,11.1658,9.9338,16.1243,12.2761,9.0993,9.1135,11.7464,8.0795,11.3308,11.1710,11.1046,11.0929,11.0626,11.0345,11.0068,10.9808,10.9513,10.9112,10.8908,10.8883,10.8727,10.8295,10.8402,10.8341,10.8290,10.8256,10.8245,10.8223,10.8080,10.8153,10.8371,10.8488,10.8345,10.8729,10.8964,10.9205,10.9471,10.9766,11.0063,11.0249,11.0654,11.1153,11.1592,11.1778,11.2469,11.3021,11.3575,11.4154,11.4758,11.5358,11.5882,11.6595,11.7354,11.8077,11.8588,11.9502,12.0300,12.1048,12.1641
45124.2500000,16.9658,26.2371,22.9962,26.5132,39.8138,19.9300,27.7388,23.1552,27.9402,19.1433,23.4905,21.7255,14.2721,21.1146,25.3471,24.5207,28.7134,27.5396,17.5818,20.1415,30.9548,21.1513,16.4700,23.2650,23.0733,34.9519,23.4340,18.6455,27.9920,20.2150,27.8254,27.0498,28.7251,26.5413,27.8757,24.0344,26.7900,27.8116,19.8007,26.8837,27.5725,23.3379,21.2462,22.6313,34.9563,30.4843,23.0005,22.6292,16.7438,14.7054,17.6866,20.7574,21.9109,21.3112,10.7605,23.3310,21.4449,20.9537,26.1095,20.4009,19.5039,17.1986,19.0208,19.9501,16.8380,18.5202,21.7823,22.0087,13.1337,13.4781,16.3875,19.2253,17.2581,12.2650,9.8101,17.6702,16.0942,18.5936,17.0207,21.0410,23.8892,22.4324,14.3256,10.3181,14.7110,12.9355,19.6585,16.8166,20.5131,11.0496,20.5391,23.7189,23.8990,22.7619,10.6691,13.3856,14.7225,12.5189,13.2800,11.1562,11.6234,19.3850,13.3946,13.5937,19.1534,20.7322,15.2017,18.4015,12.6871,24.1283,12.0681,10.6690,12.9835,9.7908,12.3667,9.5946,11.2067,15.0430,15.6642,15.9192,6.9030,13.5404,11.7413,14.8967,21.6459,23.8913,20.8002,23.1810,15.2600,8.5389,11.1670,11.9208,13.6144,15.6546,21.8335,19.0702,18.0281,20.6072,13.0223,13.9513,14.0311,17.5178,13.6628,12.0676,16.5107,9.5918,11.5384,18.7890,16.2493,13.9404,15.4819,13.6567,14.0335,17.8657,10.9513,13.6807,17.7221,14.2958,11.9520,12.3450,21.9926,18.8707,16.0828,18.4165,17.0794,13.7610,18.4357,14.4586,18.3246,16.0037,9.1013,10.6591,15.0737,17.3961,16.6418,14.5230,12.0834,11.7733,10.4510,17.0518,12.9394,9.5292,9.5516,12.3718,8.4401,11.9184,11.7430,11.6767,11.6486,11.6056,11.5642,11.5235,11.4850,11.4455,11.4006,11.3693,11.3478,11.3165,11.2679,11.2574,11.2335,11.2107,11.1899,11.1717,11.1541,11.1299,11.1210,11.1195,11.1104,11.0849,11.0964,11.0956,11.0954,11.0978,11.1029,11.1096,11.1102,11.1263,11.1471,11.1633,11.1638,11.2000,11.2248,11.2505,11.2789,11.3103,11.3432,11.3726,11.4158,11.4612,11.5048,11.5359,11.5959,11.6466,11.6945,11.7327
45124.2916667,15.3186,24.6024,21.1414,24.5222,38.0191,17.5733,25.2731,20.8551,25.6749,16.6769,21.0010,19.2129,11.8935,18.7764,23.1817,22.4671,26.8965,25.6924,15.5761,18.3319,29.6212,19.4467,14.7894,21.8020,21.6345,33.9452,21.9032,17.0416,27.0307,18.9145,27.5179,26.9555,29.1314,26.4886,27.9142,23.7612,26.5942,27.6727,19.1109,26.4288,26.9679,22.3659,20.1615,21.5696,34.3513,30.2918,22.2824,21.8952,15.8670,13.7812,16.8753,20.0841,21.2337,20.4886,9.5225,23.2580,21.3516,20.7444,25.8054,19.7097,18.6700,16.2353,18.3675,19.6170,16.3235,18.2842,21.8560,22.1527,13.3439,13.8421,16.8873,19.8790,17.7029,12.2650,9.7140,17.7888,15.9796,18.6725,16.8102,20.5212,22.8831,21.2411,12.8590,8.7698,13.0893,11.3069,18.0853,15.1694,18.8576,9.3688,18.8967,21.9473,22.0998,21.0501,8.9853,11.7575,13.0988,10.9392,11.5728,9.4629,9.9277,17.6162,11.7669,11.9175,17.3738,18.8512,13.3699,16.6099,11.1537,22.9039,10.8540,9.6456,11.9888,8.8533,11.3478,8.6333,10.1449,13.8651,14.4089,14.6224,5.8215,12.3197,10.5278,13.6878,20.5809,22.8860,19.5811,21.8804,13.7888,7.2647,9.8713,10.6547,12.3833,14.4585,20.7340,17.9456,16.9242,19.6022,11.8177,12.7832,12.9344,16.5771,12.6099,11.0322,15.5119,8.5508,10.5222,17.9210,15.2864,12.8595,14.5142,12.7344,13.2402,17.5299,10.1785,13.0214,17.2185,13.4820,10.9547,11.2965,21.4750,18.0700,15.0342,17.4535,15.9895,12.4731,17.4308,13.3064,17.6631,15.3252,8.1509,9.8968,14.7434,17.3772,16.5866,14.2544,11.5882,11.2884,9.8574,16.8553,12.4260,8.7785,8.7437,11.6859,7.5771,11.2179,10.9821,10.8351,10.8270,10.7434,10.6648,10.5883,10.5283,10.4624,10.4120,10.4057,10.4267,10.3706,10.2567,10.2783,10.2233,10.1642,10.1077,10.0598,10.0199,9.9528,9.9673,10.0050,9.9711,9.8793,9.9224,9.8899,9.8499,9.8137,9.7855,9.7670,9.7210,9.7550,9.8038,9.7930,9.7232,9.7876,9.7772,9.7591,9.7451,9.7390,9.7408,9.7238,9.7774,9.8364,9.8495,9.8063,9.8918,9.9052,9.9085,9.9087
45124.3333333,12.2013,21.4031,18.0920,21.3170,34.8611,14.5992,21.6813,17.1175,21.9980,13.0831,16.9199,15.0352,7.9226,14.4524,18.6857,18.0834,22.5769,21.4465,11.3729,14.3845,26.0109,15.8405,11.5226,18.6178,18.4085,31.1006,18.6339,13.9124,24.3784,15.8718,25.1227,24.7083,27.3364,24.4539,25.8044,21.7026,24.7433,25.7021,16.7165,24.4589,24.5407,19.8611,17.2271,18.7575,32.0388,28.1325,19.7841,19.5241,13.4342,11.4669,14.7520,17.7193,18.7224,17.8410,6.6377,20.7494,18.7960,18.3328,23.2149,17.0771,15.8438,13.2759,15.2474,16.8237,13.6187,15.7252,19.5884,20.1100,11.9728,13.1951,16.5214,19.5798,17.2958,11.2766,9.0030,17.1243,14.8211,17.5543,15.3741,18.7771,20.9919,19.2419,10.6127,6.3054,10.1496,8.4828,15.1499,12.1814,15.8000,6.6300,15.7386,18.5380,18.4802,17.3167,5.5497,8.0829,9.4563,7.6543,7.8179,5.8300,6.0934,13.5651,8.2512,8.3784,13.6173,14.9429,9.5318,12.8640,7.8904,19.8543,8.0754,7.2528,9.7090,6.8100,9.2156,6.7148,8.1008,11.6851,12.2406,12.3026,3.8157,10.0970,8.1928,11.3249,18.0175,20.4221,17.0557,19.2740,10.9676,4.7223,7.1913,7.9262,9.6345,11.7062,17.9310,15.2747,14.4125,17.2579,9.5868,10.4195,10.6149,14.4575,10.5022,9.0200,13.4067,6.6498,8.5475,15.9853,13.3898,10.8677,12.6108,10.9287,11.5770,16.1447,8.7184,11.8025,15.9334,11.7708,9.2116,9.1263,19.8128,15.9105,12.7508,15.1864,13.8699,10.1524,15.0333,10.8927,15.3340,13.0918,5.9477,7.7351,12.7612,15.7448,14.9075,12.6574,9.6743,9.5546,8.0404,15.4188,10.7050,6.9304,6.6566,9.6009,5.6074,9.4210,9.0826,8.5922,8.8179,8.6387,8.4666,8.2893,8.1335,7.8881,7.6178,7.6663,7.9686,7.8639,7.4359,7.7244,7.6150,7.4939,7.3746,7.2733,7.1919,6.8585,6.9373,7.2584,7.1837,6.7855,7.0887,7.0126,6.9153,6.8234,6.7480,6.6965,6.3914,6.4981,6.7922,6.7498,6.3925,6.7064,6.6548,6.5807,6.5115,6.4570,6.4158,6.1370,6.3254,6.4303,6.4262,6.1171,6.4635,6.4475,6.4069,6.3693
45124.3750000,6.0564,15.0287,12.4116,15.4855,28.9316,9.8747,15.7469,11.5375,17.1868,8.8693,12.1311,10.0911,3.2963,9.0776,12.3361,12.2538,16.5599,15.2678,5.6260,7.9577,19.7809,9.0707,5.3477,12.4724,12.9194,25.0590,13.1713,7.9793,19.2480,10.5759,20.3685,20.5335,23.5363,20.1397,21.5934,16.2864,20.3007,21.2116,12.3667,21.1134,20.1479,16.2850,12.6276,14.3703,27.6688,23.4269,14.4926,14.1326,8.4134,6.7185,10.8144,13.5426,14.5742,13.7877,2.7292,16.2109,14.0306,14.3885,18.5221,13.0258,11.5664,8.8821,9.9329,11.8511,9.2531,11.1914,15.6491,15.6953,7.8368,10.7211,14.9135,17.8660,15.9379,9.2032,7.8739,15.9778,13.0313,15.1534,12.3459,15.4621,18.7631,16.7064,7.8344,3.4378,5.6669,4.4407,10.9452,8.0242,11.4647,2.9657,11.5902,13.8233,13.1787,12.0081,0.6936,2.9480,4.1463,3.4982,2.6553,0.7208,0.2397,7.0608,2.5163,2.6928,7.6797,8.9807,3.3385,6.8538,2.4121,14.5904,3.3660,3.1629,5.8243,3.3485,5.5658,4.1386,4.9774,8.2329,8.7528,8.6869,0.6328,6.8096,4.6382,8.1021,14.1101,16.6697,13.6798,15.9410,7.4829,1.6178,3.7968,4.2762,5.8263,7.7910,13.2981,10.9278,10.3290,13.5407,6.0714,6.6680,6.8913,10.8657,7.0477,5.9649,9.9724,3.8236,5.8773,12.8597,10.1033,7.2958,9.2489,7.9938,9.0750,13.7956,6.7203,10.6752,14.5093,9.6802,7.5792,6.7236,18.1269,13.2601,10.0388,12.0754,11.3359,7.4389,11.6288,7.9389,11.6708,9.3639,2.6023,4.2942,9.0897,12.6060,11.7210,9.9801,6.4096,6.8244,5.2794,13.1496,8.2218,4.4499,3.5020,6.2822,2.7739,7.0299,6.5781,5.2988,6.2255,5.9467,5.6771,5.3926,5.1411,4.8342,3.7586,3.8810,4.9495,4.7757,3.5611,4.5496,4.3409,4.1101,3.8815,3.6851,3.5270,2.4368,2.6242,3.6539,3.5345,2.3738,3.4113,3.2696,3.0891,2.9160,2.7705,2.6686,1.6682,1.9441,2.8240,2.7506,1.6478,2.6915,2.5874,2.4427,2.3044,2.1892,2.0937,1.1473,1.9762,2.0499,2.0183,0.9818,2.0312,1.9724,1.8714,1.7832
45124.4166667,-3.6287,4.6449,3.3214,6.2935,22.2955,3.5417,7.1769,2.3332,9.3971,2.3653,5.1882,3.2362,-2.7658,2.2659,4.5873,4.5981,8.9313,7.8143,-0.7632,0.5771,13.4577,2.1553,-0.9609,5.6361,7.2810,18.0042,6.1803,-0.2028,11.7884,2.9598,12.0618,13.5172,17.6211,14.8911,16.1633,10.4139,14.2677,13.7768,5.4158,15.8601,13.7927,10.2526,5.0178,7.1782,22.4867,16.9042,8.3595,7.2895,2.9316,1.2679,6.5371,8.5793,9.4458,8.8801,-1.4394,10.1698,7.3915,9.4292,12.9295,7.1593,5.6865,3.1130,2.4886,4.7147,3.3871,5.1649,11.0328,10.8774,1.9435,5.8925,11.5823,14.1356,13.3779,6.0927,6.2896,14.7229,11.1231,14.3452,8.8520,11.9245,18.4599,15.2973,6.1292,1.7358,1.2143,0.4555,6.4164,3.3483,7.1370,-0.2187,7.4356,9.2357,7.6721,6.2035,-4.2037,-2.1387,-0.9388,0.2624,-1.8830,-3.7479,-4.7547,1.0338,-4.0299,-3.8205,0.6159,1.5694,-4.0203,-1.4625,-5.2569,7.1704,-3.1704,-2.5689,1.0048,-1.6142,-0.6466,-0.2156,-0.0435,3.8931,4.2291,4.0678,-3.7422,2.2205,-0.6064,3.0927,7.5869,10.6384,8.4125,11.4837,3.3271,-1.7807,0.2662,0.5327,1.9946,3.8590,8.7789,4.9884,4.8150,9.1459,2.2036,1.8326,2.0404,6.5280,3.1265,2.1066,5.0891,-0.7559,1.7136,9.6242,6.4868,2.5328,4.8756,3.0474,4.5967,9.5664,3.1482,8.6763,12.3136,6.2203,5.6701,3.9728,16.2797,10.9949,7.6855,7.9255,8.1757,4.4107,7.8552,5.2233,7.9632,5.6482,-0.5420,0.7850,4.6312,8.8921,7.9318,7.1193,2.5514,4.0029,2.4769,10.9680,5.8911,2.1634,0.9665,1.9639,-0.6722,4.3462,3.8416,1.2083,3.5752,3.2914,3.0165,2.7169,2.4563,2.1556,-0.2343,0.0342,2.4436,2.2571,-0.3170,2.0190,1.7678,1.4791,1.1843,0.9228,0.6988,-1.6919,-1.3623,0.8085,0.6381,-1.8595,0.4396,0.2387,-0.0177,-0.2692,-0.4922,-0.6842,-2.9945,-1.6267,-0.9970,-1.0980,-3.4650,-1.1857,-1.3120,-1.4949,-1.6722,-1.8209,-1.9496,-3.9330,-2.0747,-1.9970,-2.0308,-4.2245,-2.0153,-2.0797,-2.2040,-2.3127
45124.4583333,-12.7479,-6.5410,-4.9872,-3.1988,13.5831,-3.4529,-0.4606,-7.2302,1.5253,-3.4252,-1.1277,-2.0077,-7.1463,-3.4347,-1.5197,-1.7701,2.2501,1.2196,-5.9931,-6.5186,7.1829,-4.6614,-6.2641,-2.3759,1.1378,12.5407,1.3929,-5.0070,6.0455,-3.5669,5.4906,5.5293,10.4083,9.7511,11.9321,6.2625,10.1264,7.3890,-1.8128,10.4956,9.2007,6.1738,-1.2370,0.6519,18.8224,11.3764,3.2822,0.8177,-2.2763,-4.1152,2.4287,4.1993,5.3602,5.5094,-3.6524,5.7761,2.1745,6.5460,11.0517,5.0641,3.3828,0.6885,-2.8845,-1.4682,-1.5571,-0.9611,5.6299,5.6946,-3.7106,1.0377,7.9574,9.1092,9.6505,2.6621,4.1715,13.6809,9.9847,14.6063,6.5997,10.3187,20.2674,16.6005,7.4446,3.0439,-0.5855,-1.3089,3.2965,-0.5885,5.6381,-1.1443,6.1345,8.1452,6.7935,4.3759,-5.1204,-3.6760,-2.7409,0.2134,-3.1986,-5.0587,-6.2916,-1.8850,-8.2071,-7.9096,-4.0368,-3.2279,-8.1083,-7.8032,-11.8589,-0.4290,-9.9414,-9.2862,-4.4352,-5.9814,-6.6778,-4.2565,-4.8394,-0.0973,0.3445,0.2221,-6.6752,-1.7345,-4.2154,-1.1798,0.8934,5.3505,3.2245,6.9785,-0.6887,-4.9017,-2.9984,-2.8626,-1.0952,1.3683,6.6628,0.7830,-0.4157,4.7331,-0.8386,-1.3450,-2.7909,2.4752,-0.4096,-1.0863,1.9960,-4.1568,-2.0351,6.5645,3.2102,-1.0701,1.8590,-1.3640,-0.3055,4.7318,-0.5125,6.2976,9.6484,3.1718,3.3036,1.0616,14.2536,9.0281,5.9368,4.4860,5.2259,1.9108,5.5525,2.6576,4.6122,2.5025,-3.0928,-1.9928,0.5365,5.6319,4.8354,5.0066,-0.3701,1.9034,0.6049,9.6418,4.7809,1.3788,0.4515,-0.6874,-2.1498,2.6176,2.1906,-1.5754,1.9146,1.7959,1.6676,1.4810,1.2832,0.8674,-2.6322,-2.8460,0.0749,-0.0063,-3.7451,-0.1134,-0.0881,-0.1362,-0.2342,-0.3667,-0.6487,-4.0113,-3.2443,-1.4001,-1.5119,-5.1799,-1.7285,-1.7457,-1.8557,-1.9871,-2.1318,-2.3743,-5.4601,-3.5220,-2.9150,-2.9732,-6.4427,-3.1241,-3.1109,-3.1999,-3.3171,-3.4534,-3.6974,-6.4199,-4.3090,-4.1916,-4.2598,-7.5265,-4.4231,-4.3982,-4.4625,-4.5256
45124.5000000,-21.2187,-17.2366,-13.1177,-11.0744,4.6327,-9.5685,-7.2340,-13.8344,-4.5876,-7.5920,-7.7002,-7.1243,-10.5868,-7.8053,-6.0017,-5.9092,-2.0172,-2.7265,-8.2508,-9.9629,2.5664,-8.7797,-8.3460,-6.7329,-2.5842,8.4221,-1.9393,-8.1696,2.4334,-6.7053,1.3190,0.4298,5.0725,4.4804,7.6872,3.1044,7.6168,5.6987,-3.7612,8.3432,6.9718,4.2826,-4.0360,-2.2468,16.7605,7.9577,0.4932,-2.1920,-5.2672,-6.7782,-0.1791,1.0778,2.3588,2.9617,-5.5084,1.8219,-0.8076,3.8738,10.0747,4.5694,3.2805,1.0405,-3.7676,-2.6497,-2.5492,-2.2408,4.2348,3.5196,-7.7276,-2.8699,4.3605,4.9836,5.4315,-0.4235,1.4631,11.6230,8.2926,13.9062,5.1389,9.0844,21.6135,17.8059,8.8343,4.5068,-0.0128,-0.1354,5.8394,0.8866,7.6020,1.1840,7.6428,9.5724,8.3879,5.3718,-3.1103,-1.8837,-0.9597,2.9815,-0.9770,-2.6216,-3.7996,-0.3494,-8.8374,-8.5897,-5.4960,-4.8369,-8.8106,-9.4268,-13.5526,-4.9855,-13.1670,-12.4166,-8.1028,-8.9046,-10.6894,-7.9201,-9.8062,-4.8443,-4.4444,-4.1897,-8.7204,-4.8956,-6.7248,-4.0641,-2.3801,1.3609,-0.3331,3.7898,-2.9932,-6.0620,-4.8485,-5.4374,-4.4774,-2.3991,3.1020,-1.4617,-2.1104,2.0818,-2.5249,-3.1645,-4.4327,0.1134,-2.4108,-2.8227,-0.0894,-5.1156,-3.7254,4.3524,-0.1879,-3.3338,-1.1369,-3.3476,-2.8956,0.5498,-2.9563,3.7660,6.6731,1.7827,1.2653,-1.2013,11.8125,6.6252,3.8959,2.5752,3.5727,0.9696,4.2195,1.0355,2.3758,0.5764,-3.7405,-3.4032,-2.1004,2.6683,2.0761,3.1122,-2.1471,0.5726,-0.4166,8.5502,4.0185,0.9932,0.3065,0.0109,-1.0955,2.2967,1.9035,-2.1625,1.7313,1.6836,1.6216,1.4836,1.3395,0.9699,-1.6833,-1.8032,0.4305,0.3311,-3.7692,0.0573,0.0109,-0.1080,-0.2579,-0.4095,-0.6924,-3.2848,-2.7269,-1.2542,-1.3490,-5.2997,-1.6056,-1.6120,-1.7217,-1.8430,-1.9637,-2.1798,-4.5516,-3.1711,-2.6098,-2.6759,-6.4346,-2.9286,-2.9308,-3.0417,-3.1648,-3.2864,-3.5103,-5.5748,-4.0572,-3.8783,-3.9627,-7.5800,-4.2847,-4.1990,-4.2555,-4.3224
45124.5416667,-22.5859,-21.3267,-16.7658,-15.3142,-1.7191,-13.3565,-12.7845,-20.0085,-10.6792,-11.8056,-12.7422,-12.4080,-14.7171,-13.1166,-11.9868,-11.7585,-8.0179,-8.1944,-11.8349,-13.4622,-2.1200,-13.0682,-10.5924,-10.9570,-5.9303,4.5833,-5.0280,-10.6755,-0.7647,-9.8391,-1.6321,-3.1599,1.5069,2.2052,4.6284,-0.1161,4.0368,2.2474,-7.4547,5.0796,3.8303,1.7024,-7.4034,-5.4082,13.9402,4.2181,-2.1855,-3.7472,-7.2983,-8.4909,-1.8455,-1.4413,-0.3922,0.4346,-7.5570,-2.7832,-4.4647,0.3542,8.5067,3.0832,1.8501,-0.2025,-6.3733,-5.2323,-4.4490,-3.7677,2.4762,1.6881,-10.3753,-5.5337,1.5596,1.1735,-0.0428,-5.0157,-2.2463,7.9564,4.9644,11.1129,2.3795,6.3020,21.5980,17.2598,8.1168,3.6448,-2.2577,-1.6357,4.7190,-1.2355,5.9511,-0.0724,6.5652,8.9963,8.4115,5.2044,-2.5518,-1.0569,0.0763,4.9931,0.4443,-1.1741,-2.2822,0.6946,-8.4193,-8.3333,-5.9811,-5.6302,-9.0347,-10.4621,-14.7791,-8.1082,-14.5735,-13.2192,-9.2762,-8.6715,-10.5268,-7.9980,-11.4526,-6.5650,-7.0798,-6.4669,-9.9527,-7.8478,-9.7461,-7.8636,-6.4548,-2.7970,-4.1818,0.2225,-5.7480,-7.7371,-6.9521,-7.0422,-7.3099,-5.8039,0.5684,-4.1167,-4.5087,-0.3826,-4.2004,-5.0846,-6.2077,-2.1036,-4.1966,-4.3027,-1.8413,-6.0837,-5.1667,2.5680,-3.2760,-5.5397,-3.6541,-5.9913,-5.2944,-2.9908,-4.6564,2.3080,4.5756,0.9553,-0.0557,-3.0526,9.6696,4.4488,1.9909,1.5381,3.1106,-0.1623,2.3494,-1.2888,-0.8457,-2.2498,-5.3228,-5.2348,-4.1547,-0.0227,-0.6175,1.0826,-4.1155,-1.5554,-2.3418,6.6029,2.3048,-0.4452,-0.9946,-0.6402,-1.5590,0.9501,0.5104,-3.6016,0.1016,0.1707,0.2393,0.2323,0.2298,-0.0094,-1.9879,-1.9482,-0.1012,-0.1922,-4.2895,-0.6768,-0.6138,-0.6308,-0.6798,-0.7272,-0.9196,-2.9186,-2.4574,-1.2140,-1.3510,-5.3445,-1.9157,-1.8697,-1.9410,-2.0209,-2.0943,-2.2681,-4.1327,-3.1205,-2.5762,-2.6948,-6.4955,-3.2457,-3.1923,-3.2573,-3.3286,-3.3914,-3.5641,-5.1496,-4.0217,-3.7844,-3.8755,-6.7597,-4.3601,-4.3178,-4.4007,-4.4781
45124.5833333,-16.5896,-15.4810,-12.3954,-11.6364,-0.3265,-10.3600,-12.0867,-21.5095,-12.4277,-12.1346,-14.2487,-14.6363,-16.3036,-16.2343,-16.3045,-16.5671,-13.7053,-13.9175,-15.9500,-18.0118,-7.8510,-18.7262,-14.0771,-17.2072,-10.8548,-0.4172,-10.9247,-14.7356,-4.4724,-13.2111,-6.3071,-7.3761,-2.2809,1.7753,4.0649,-0.6159,2.8505,0.4200,-10.1844,3.3575,1.7383,-0.2297,-10.6859,-6.1451,11.6426,-0.2559,-5.9030,-5.9151,-10.0611,-11.3406,-4.4479,-4.3594,-3.1591,-1.8715,-9.5888,-7.4775,-8.2713,-3.7115,6.9088,1.3929,0.1085,-1.8650,-9.5514,-8.5855,-7.1851,-3.8968,0.6423,-0.7263,-13.4469,-7.9169,-0.4627,0.7576,-0.2795,-8.2119,-4.3709,4.2210,0.8145,4.8558,-2.8495,1.4072,19.3593,14.6258,5.5021,1.2679,-6.2689,-3.4921,2.7749,-2.5108,3.9482,-1.9272,4.3002,6.7228,6.2379,2.3478,-5.0486,-3.4314,-2.0793,4.0594,-1.1340,-2.7017,-3.6230,-0.6928,-7.0999,-7.1090,-5.2327,-5.2288,-8.4068,-10.1097,-14.8018,-10.4003,-16.2701,-14.2072,-11.6684,-8.5523,-9.9708,-7.6932,-12.9221,-7.6207,-10.1435,-6.9584,-9.5082,-8.2560,-10.2420,-9.2163,-10.9533,-6.4464,-7.4656,-2.7751,-8.0902,-9.0119,-10.1243,-9.0792,-10.2597,-9.1503,-1.5811,-6.6097,-8.7382,-3.2999,-5.9349,-6.7561,-7.6666,-3.3560,-4.7553,-5.0235,-3.2604,-7.2944,-6.4543,1.3282,-6.3011,-7.8399,-5.3993,-8.3058,-7.5755,-6.6163,-6.5164,1.0671,2.6062,0.1110,-0.9717,-4.7077,7.9942,2.8520,0.5493,0.7639,3.0305,-0.8860,0.7924,-3.3089,-4.0408,-5.1990,-7.2327,-7.0508,-6.4249,-2.9407,-3.5735,-0.9494,-5.2229,-3.4478,-4.1717,4.7221,0.5492,-2.0045,-2.5597,-1.8306,-2.6100,-0.9417,-1.4173,-4.5595,-1.8001,-1.7379,-1.6789,-1.7050,-1.7264,-1.9881,-3.5929,-3.5273,-2.0004,-2.0378,-5.1313,-2.3929,-2.2794,-2.2548,-2.2690,-2.2829,-2.4469,-4.0484,-3.6639,-2.5595,-2.6148,-5.6280,-3.0136,-2.9039,-2.9296,-2.9752,-3.0212,-3.1758,-4.6883,-3.9379,-3.3903,-3.4572,-6.3680,-3.9137,-3.8319,-3.8868,-3.9589,-4.0286,-4.2166,-5.5099,-4.6931,-4.4311,-4.4959,-6.7732,-4.9165,-4.8356,-4.8881,-4.9420
45124.6250000,-13.7301,-13.2546,-10.5281,-9.2285,1.3662,-7.3742,-9.6693,-20.4466,-10.4596,-8.8265,-11.3312,-12.1556,-13.4347,-14.7397,-16.0867,-17.2439,-15.8514,-16.6834,-17.5000,-20.5266,-11.9688,-23.0805,-16.5932,-20.0348,-15.3892,-6.4182,-18.5014,-20.6386,-10.4654,-17.1195,-12.5976,-13.1953,-8.0619,-3.1002,2.3284,-1.0171,5.6996,3.4894,-8.3182,5.8341,3.6792,1.4386,-9.9843,-4.6344,11.3933,-3.0766,-8.1469,-6.9884,-11.8004,-10.4327,-5.5014,-6.7999,-6.1111,-4.5946,-12.0052,-13.0039,-13.2877,-9.4017,4.2475,-0.8524,-1.8145,-3.4707,-12.7496,-12.1608,-10.1269,-7.1485,-0.5837,-0.2210,-15.2422,-9.6819,-1.9854,-2.1466,-2.2697,-7.7044,-1.1754,5.0551,0.7749,1.9370,-5.2396,3.3113,19.5212,13.8917,4.4833,0.2725,-5.7760,-4.7125,0.5690,-4.5658,0.9757,-4.5906,1.1976,3.9066,3.8931,-0.0764,-8.0720,-4.5371,-3.0986,4.0485,-1.7795,-3.4025,-4.3602,-1.7195,-6.0861,-6.1176,-3.6995,-3.9832,-7.0906,-8.8980,-13.9770,-11.4587,-15.9726,-14.7818,-13.8194,-10.7941,-9.7479,-7.3007,-12.0615,-8.1232,-13.0252,-10.4892,-9.9426,-8.6028,-9.9092,-9.1825,-10.9288,-8.9159,-10.1566,-5.3572,-10.0024,-11.0683,-10.7992,-11.7755,-13.0990,-12.3775,-3.5221,-8.7546,-10.6916,-6.5438,-8.4549,-9.5474,-10.1613,-7.4996,-7.7737,-5.7171,-3.5565,-7.0268,-7.5040,1.7151,-7.3964,-8.2133,-5.8009,-8.2007,-8.0213,-9.0296,-7.8721,0.1679,1.0259,-0.4675,-1.5721,-5.8677,6.9879,-0.1063,0.3343,1.1733,4.1590,-0.1465,1.0370,-4.6733,-5.2185,-6.4685,-7.7560,-7.7526,-7.6768,-4.5770,-5.9000,-1.2991,-4.9482,-3.8193,-4.5526,4.1671,0.1030,-2.2720,-2.8668,-1.9491,-2.6049,-1.7162,-2.2992,-4.8094,-2.7975,-2.8068,-2.8107,-2.8930,-2.9629,-3.2606,-4.6072,-4.5618,-3.3308,-3.3836,-5.7973,-3.7412,-3.6491,-3.6426,-3.6711,-3.6946,-3.8606,-5.1813,-4.8811,-3.9328,-3.9680,-6.2962,-4.2982,-4.1731,-4.1807,-4.2048,-4.2256,-4.3492,-5.5710,-4.9904,-4.4492,-4.4711,-6.7140,-4.8200,-4.7068,-4.7312,-4.7732,-4.8129,-4.9694,-6.0019,-5.3779,-5.0934,-5.1287,-6.9416,-5.4850,-5.3906,-5.4320,-5.4775
45124.6666667,-14.4675,-12.6526,-9.5514,-7.8018,2.9734,-5.4861,-8.4839,-20.3891,-9.4699,-6.7212,-8.7280,-9.0271,-10.3734,-12.0693,-13.9041,-15.2575,-14.4952,-15.4920,-15.2760,-19.0677,-11.2101,-22.1256,-14.9970,-19.0697,-15.1374,-7.4513,-20.8516,-22.5627,-15.8420,-20.8116,-18.6835,-19.0177,-13.8328,-8.8211,-3.4167,-6.2120,3.0873,1.8973,-9.9705,6.1582,4.8770,3.1995,-7.8927,-1.8407,13.6168,-2.4843,-6.9773,-5.1356,-10.7886,-9.8182,-4.8277,-6.4416,-5.8010,-4.0419,-11.1279,-15.6185,-15.7197,-12.2256,3.2703,-1.8132,-2.8862,-4.5567,-15.5530,-15.3455,-13.4588,-11.7383,-6.1224,-2.5905,-16.7117,-10.5646,-2.1378,-4.8877,-5.3138,-8.7949,-0.2895,4.9572,0.7528,-0.0368,-5.6604,6.4183,21.4713,15.5648,6.1976,2.1538,-2.2310,-2.2654,2.6067,-2.1928,2.6523,-2.6297,1.7125,5.9806,5.6067,0.6037,-8.7381,-4.3881,-3.2535,4.6057,-1.8106,-3.5829,-4.6754,-2.3597,-5.6526,-7.4841,-3.2911,-3.1045,-5.6674,-7.0121,-12.2057,-10.4313,-13.8886,-11.8284,-11.9315,-9.0983,-8.9717,-4.6184,-8.8669,-5.7738,-12.5528,-10.8514,-8.7572,-7.9251,-10.7830,-8.7896,-10.4376,-8.2279,-9.6475,-4.9311,-9.2017,-10.5737,-11.1514,-12.6240,-14.3749,-14.1428,-4.4873,-9.8998,-11.4332,-8.5241,-8.8688,-10.0735,-11.5392,-10.5934,-10.7879,-7.3988,-5.1550,-8.0984,-9.7063,0.3584,-9.7417,-9.7239,-7.9977,-8.5337,-8.1183,-9.5723,-7.5671,0.2806,1.8313,0.9298,0.1627,-4.8125,7.5419,-1.2542,0.9013,2.3770,6.1677,-0.0836,2.5282,-5.0991,-5.2440,-6.4740,-6.8594,-7.2009,-7.7242,-5.4710,-8.2789,-1.9501,-4.7978,-3.8425,-4.3349,4.4524,0.6483,-1.4972,-1.9908,-0.7796,-1.3770,-0.8884,-1.4601,-3.4284,-1.9226,-1.9522,-1.9851,-2.1011,-2.2140,-2.5496,-3.7232,-3.7435,-2.7934,-2.8959,-4.8405,-3.3332,-3.2990,-3.3413,-3.4136,-3.4782,-3.6764,-4.8105,-4.6189,-3.8454,-3.8968,-5.7413,-4.2342,-4.1297,-4.1467,-4.1769,-4.2021,-4.3238,-5.3409,-4.9157,-4.4262,-4.4358,-6.1929,-4.7358,-4.6159,-4.6228,-4.6447,-4.6633,-4.7927,-5.6219,-5.1416,-4.8523,-4.8587,-6.3000,-5.1416,-5.0266,-5.0389,-5.0576
45124.7083333,-12.0425,-11.3669,-5.8621,-3.4417,4.5904,1.2685,-1.1025,-14.7813,-3.5725,-0.4976,-5.2827,-3.4448,-4.7824,-6.1311,-7.9808,-9.4947,-9.2658,-10.4219,-9.6950,-14.0344,-8.6590,-16.5163,-9.0795,-12.5365,-11.9525,-2.6411,-15.6804,-17.3872,-13.7663,-18.4186,-18.9098,-20.8540,-17.8596,-13.0129,-7.6826,-9.9825,1.0937,1.2925,-10.5844,6.1153,5.7974,4.7687,-3.8635,1.6855,16.9957,0.3772,-3.3452,-0.7441,-6.3405,-3.8020,-0.2223,-2.3245,-2.0004,-0.1679,-6.6035,-14.3771,-14.9548,-12.0952,4.8354,0.9122,0.1316,-1.3605,-12.9618,-13.8605,-10.1902,-11.6207,-6.8768,-4.3893,-18.3312,-11.7572,-3.8558,-4.1211,-6.8806,-9.2898,-0.0130,5.0171,1.3933,-0.6223,-3.9500,10.2440,24.8154,19.3442,10.2435,6.3431,3.7898,3.2554,8.3655,4.1363,8.7182,3.3472,4.7660,11.7987,11.6550,6.3280,-3.8487,0.9009,2.0781,9.9399,3.7344,1.8979,0.7601,2.8350,0.0436,-1.3249,1.9617,2.5363,-0.4443,-2.2284,-8.1803,-7.6409,-11.1718,-9.5841,-9.9258,-7.2995,-7.4720,-2.1106,-5.4366,-1.8648,-9.3429,-8.3110,-5.2272,-4.3232,-8.1250,-5.7463,-8.8648,-5.9042,-6.8414,-1.8502,-5.4896,-6.9179,-8.3184,-8.9642,-12.1331,-12.9284,-3.4167,-8.5846,-9.7304,-7.4747,-7.3315,-8.8522,-11.4638,-9.9940,-10.0138,-6.3873,-4.5331,-7.0513,-8.8393,0.8062,-9.8179,-9.6514,-8.9096,-9.1952,-8.0870,-9.7513,-5.3382,-0.9295,2.1835,0.9880,2.1512,-1.6532,10.9489,3.1405,5.1970,7.2241,10.9668,2.0468,6.4462,-2.1641,-2.4244,-3.7432,-4.4376,-4.4635,-5.1371,-3.4360,-5.9906,-0.0118,-2.5496,-2.0156,-2.5344,5.9364,2.4575,0.5088,0.1534,1.6669,1.0464,1.6483,1.2394,-0.1921,1.0984,1.1898,1.2701,1.2645,1.2563,1.0387,0.1445,0.2130,1.0599,1.0067,-0.5141,0.6694,0.7017,0.6513,0.5656,0.4834,0.2778,-0.6947,-0.5664,0.0646,-0.0206,-1.5299,-0.3946,-0.3467,-0.4142,-0.4920,-0.5608,-0.7113,-1.5930,-1.2935,-0.8787,-0.9144,-2.3424,-1.2218,-1.1385,-1.1736,-1.2192,-1.2566,-1.3895,-2.0816,-1.7148,-1.4494,-1.4573,-2.6361,-1.7035,-1.6003,-1.6156,-1.6300
45124.7500000,-7.6319,-8.0163,-2.1865,-1.2350,5.9654,4.0601,2.6176,-9.7022,0.1700,3.7360,-0.7449,1.8893,0.8183,0.3421,-0.9871,-2.0533,-1.6660,-2.4847,-1.7737,-6.4460,-3.3025,-9.4075,-3.2232,-5.9297,-6.5731,2.3689,-9.1503,-10.5609,-9.0320,-12.7459,-15.4455,-17.9412,-16.7556,-12.7513,-8.8982,-11.1507,-1.6359,0.0310,-9.9015,5.9994,6.5890,6.3236,-0.3866,4.9248,20.3681,5.2413,2.1989,4.7236,-0.7161,2.1536,5.2769,3.8210,4.4179,6.2370,0.1859,-7.9812,-8.9713,-7.1146,7.7794,4.5963,4.0451,2.8392,-7.8145,-8.9901,-5.2049,-7.2289,-2.5581,-1.3966,-15.4130,-10.7822,-4.4765,-4.0870,-7.2247,-8.4135,-0.0577,4.8185,2.4823,0.6815,-1.5099,12.4161,26.3620,21.6935,12.9553,9.1398,8.2437,7.8281,13.6247,10.1211,14.9051,9.3256,10.9967,18.6683,18.9077,13.9421,3.8213,8.1199,9.7212,16.2898,11.1448,9.2826,8.1561,11.2170,6.4057,5.3259,8.0321,9.7275,6.9973,5.5396,0.0874,-0.1589,-3.9701,-3.7521,-4.6991,-2.8526,-3.7590,0.6242,-2.2676,0.6900,-6.2979,-5.8131,-2.8336,-1.8556,-5.1947,-2.8500,-5.6988,-2.4021,-2.2977,2.5898,-0.4705,-1.8216,-3.3363,-3.8762,-6.7616,-8.1256,-0.1582,-4.6777,-5.5020,-3.6803,-3.1636,-4.6419,-7.4562,-7.2076,-7.1177,-4.0035,-2.7840,-4.8957,-6.7140,1.1766,-8.0641,-7.8273,-7.8022,-8.0290,-7.1623,-9.4282,-4.3238,-1.6712,0.6323,-0.2506,0.8989,-1.2121,10.7059,3.4976,5.4533,8.6644,12.1552,3.7893,9.1529,1.6757,1.9810,1.1240,0.2257,0.0141,-0.6749,0.3814,-1.3168,3.9650,1.7865,2.1991,1.7290,9.5284,6.2776,4.3285,4.0519,5.6899,4.6687,5.8115,5.5304,4.4264,5.5298,5.6753,5.8095,5.8609,5.9116,5.7636,5.0523,5.1923,6.0079,6.0411,4.8666,5.8960,6.0117,6.0459,6.0426,6.0384,5.9100,5.1174,5.2733,5.8892,5.8582,4.6410,5.5820,5.6541,5.6066,5.5414,5.4777,5.3285,4.5426,4.7564,5.1288,5.0775,3.8624,4.7423,4.7954,4.7319,4.6563,4.5875,4.4257,3.7914,4.0474,4.2731,4.2383,3.2023,3.9530,4.0292,3.9936,3.9653
45124.7916667,-2.7379,-3.6524,1.5250,1.8538,8.3009,6.3609,5.4856,-5.3310,2.8324,5.7218,2.0032,4.3704,2.8659,3.5796,3.0780,2.5454,3.5134,3.0247,3.5923,0.1461,2.7534,-2.2568,2.3296,0.4970,-0.3637,7.6553,-2.7377,-3.9067,-3.4485,-6.4333,-10.1339,-12.9363,-12.9835,-9.5508,-6.8787,-8.9327,-1.4113,0.0649,-8.4332,5.4798,5.9953,6.0817,0.5709,5.3101,20.6132,7.5684,5.1473,7.7362,3.0118,5.4987,8.4769,7.7928,8.8568,10.5788,4.4530,-1.7997,-2.6661,-1.1595,12.0753,9.1335,8.5775,7.4910,-1.4843,-2.9681,0.2430,-2.0948,1.7260,2.0654,-10.6506,-7.6753,-3.0031,-2.8741,-6.0615,-6.7364,-0.2020,3.8226,1.8856,0.7652,-0.6824,11.8457,25.1080,21.1545,13.0942,9.3403,9.4464,9.4086,15.6825,12.6153,17.4857,11.2188,14.3888,22.0318,22.7148,18.2099,8.3889,12.2967,14.3623,19.2795,15.4929,13.5778,12.7206,17.1033,10.9927,10.3331,13.1485,15.1096,12.1966,11.3449,6.3770,6.9728,3.0391,2.8569,2.0670,3.1653,2.3091,5.0385,3.0587,5.4802,-0.4614,-0.4642,1.2370,1.7010,-1.2050,0.3464,-2.5957,-0.0180,0.4389,4.8961,2.4361,1.1050,0.2240,-0.1543,-2.2716,-3.4338,3.0810,-0.4710,-1.0199,0.4208,0.7897,-0.4523,-2.8719,-3.0624,-2.9711,-0.6004,0.1522,-1.6153,-3.2533,2.4208,-4.8809,-4.6973,-5.2335,-5.6944,-5.3272,-8.0230,-3.2621,-1.5246,0.0751,-0.5760,0.4207,-1.0269,9.3750,2.9162,4.4860,7.7718,10.6317,3.3792,8.5482,2.3658,3.1177,2.8872,1.9204,2.4705,2.6038,3.7742,2.5743,7.0484,5.1147,5.4988,5.0180,12.4209,9.1586,6.9542,6.7543,8.6343,6.9254,8.7866,8.5888,7.7436,8.6670,8.8420,9.0105,9.1068,9.2031,9.1194,8.5705,8.7447,9.4905,9.5791,8.6866,9.5622,9.7242,9.8131,9.8676,9.9199,9.8569,9.2345,9.4076,9.9897,10.0190,9.0811,9.8814,10.0035,10.0181,10.0154,10.0117,9.9264,9.3009,9.4997,9.8690,9.8626,8.8984,9.6246,9.7001,9.6668,9.6178,9.5694,9.4305,8.8943,9.0850,9.2830,9.2446,8.3661,8.9601,9.0149,8.9688,8.9307
45124.8333333,3.5755,2.5928,6.4291,6.4893,12.2968,9.3841,9.1189,-0.4130,6.1785,7.9807,5.1324,6.8687,4.9157,6.1930,5.9519,5.5517,6.7192,6.2342,6.0833,3.6970,6.3133,1.9317,5.2107,4.2966,3.7272,11.4372,2.2727,1.3421,1.7584,-0.6976,-4.4118,-7.2272,-8.0641,-5.1974,-3.4200,-5.2682,0.6515,1.7613,-5.2219,6.5127,6.6942,6.6764,2.0638,6.0412,20.4383,8.8893,6.5089,8.9026,4.6334,6.4482,9.3231,9.3708,10.7585,12.3285,6.0084,2.3568,1.7301,3.0326,14.7945,11.7923,11.3341,10.2457,3.1906,1.9550,4.5805,2.6829,6.1368,6.1738,-5.2523,-3.5798,-0.3504,-0.5347,-3.4597,-4.0828,0.7676,3.9544,2.1053,1.1295,-0.2300,10.6181,22.3665,18.9433,11.2186,7.6387,8.4918,8.3981,14.8623,12.0042,16.9822,10.2559,14.9011,22.1037,23.1469,19.3096,9.4157,13.1879,15.4554,18.7584,16.3355,14.3924,14.0388,19.6608,13.8216,13.4555,16.7387,18.7002,15.3433,15.1866,10.4290,12.4172,8.0730,7.7162,7.4206,7.6561,7.3454,8.6652,7.5853,9.8545,5.1621,4.9991,4.9916,6.0956,3.5801,4.7401,2.0516,3.8296,3.9145,7.4357,4.8778,3.1450,2.6379,2.2469,0.6607,-0.3168,4.8760,1.9299,1.7291,3.2556,3.3900,2.5648,0.7743,0.6435,0.6800,2.3980,3.1337,1.4741,0.2674,4.5010,-1.3530,-1.2681,-2.0153,-2.6136,-2.6206,-5.4518,-1.3638,-0.2978,0.7436,0.1777,0.9999,-0.0965,8.6241,3.0887,4.1765,7.1095,9.2531,3.2463,7.7533,2.6046,3.4559,3.3051,2.0736,3.0186,3.8033,5.2065,4.4496,8.0001,6.3018,6.7335,6.2964,13.5140,10.2475,7.8320,7.7933,10.0230,7.6998,10.2877,10.2252,9.6766,10.4756,10.7052,10.9246,11.0791,11.2266,11.2185,10.8394,11.0277,11.6672,11.7883,11.1474,11.8611,12.0386,12.1569,12.2471,12.3345,12.3252,11.8725,12.0448,12.5519,12.6212,11.9397,12.5942,12.7400,12.7988,12.8428,12.8847,12.8571,12.3998,12.5841,12.9221,12.9573,12.2460,12.8360,12.9365,12.9483,12.9458,12.9418,12.8604,12.4642,12.6305,12.8182,12.8119,12.1415,12.6164,12.6799,12.6588,12.6392
45124.8750000,8.7276,8.5769,11.3753,11.7063,17.5900,13.3082,13.9251,5.6155,11.0354,11.5326,9.6484,10.6777,8.1284,9.9466,9.8528,9.2116,10.2622,9.6274,8.4758,6.7902,9.5750,5.4018,7.3317,7.2334,6.7697,14.1303,5.8384,4.8253,5.6351,3.4313,0.4969,-1.9212,-2.8625,-0.3619,1.0027,-0.6356,4.1566,4.9360,-1.0162,8.7183,8.8636,8.5320,4.6452,7.8965,21.2473,10.9313,8.2936,10.2528,6.2291,7.3049,9.9647,10.5465,11.9532,13.2602,6.6853,5.4001,4.8483,5.9802,16.4628,13.4212,13.1083,12.0169,6.7602,5.8264,7.6778,6.3520,9.5729,9.6883,-0.2217,0.7106,3.1173,2.8662,0.1890,-0.6538,2.7510,5.6181,3.9138,3.1548,1.9553,11.4067,21.6873,18.7538,11.2269,7.7977,9.2103,8.8022,14.9865,12.2164,16.8253,9.7212,15.2183,21.7614,22.7743,19.4978,9.4015,12.9122,15.0894,16.9950,15.6384,13.6628,13.7232,20.2604,14.9984,14.9230,18.8662,20.9059,17.2353,17.8375,13.0552,16.6329,11.3305,10.7481,11.0722,10.4680,10.9174,11.0813,10.8439,13.3648,9.9371,9.8261,7.7990,10.1696,7.9534,9.1206,7.3648,8.7206,8.3907,11.3161,8.3668,5.9783,5.8908,5.4746,4.2637,3.4241,7.6133,4.8435,4.4398,5.6559,5.1305,4.5559,3.2096,3.2910,3.1842,4.3244,5.3119,3.5626,2.9596,6.6176,2.0140,2.0173,1.3998,0.7610,0.5237,-2.0703,1.0681,1.8117,2.6557,2.1123,2.7522,1.9312,9.3163,4.6881,5.3082,7.8313,9.3317,4.4369,8.2856,3.8771,4.6362,4.2258,2.6183,3.5482,4.6038,6.0377,5.5065,8.0738,6.5050,6.8755,6.4072,13.3756,10.1063,7.5686,7.6586,10.1448,7.4024,10.4801,10.5505,10.2938,11.0112,11.3243,11.6290,11.8830,12.1259,12.2439,12.0787,12.3228,12.9021,13.1028,12.7400,13.3532,13.5842,13.7687,13.9273,14.0774,14.1459,13.8776,14.0588,14.4914,14.6038,14.1618,14.6849,14.8483,14.9473,15.0333,15.1145,15.1384,14.8396,15.0045,15.2920,15.3588,14.8764,15.3366,15.4528,15.5047,15.5453,15.5827,15.5583,15.2977,15.4439,15.6141,15.6412,15.1773,15.5453,15.6235,15.6389,15.6491
45124.9166667,12.8599,13.8145,15.4817,16.0653,22.1937,16.1039,17.6581,10.3535,15.0988,14.2378,13.4242,13.9621,10.8187,13.6366,14.0081,13.2760,14.3667,13.5125,11.2061,10.1360,13.2175,8.8732,9.5426,10.1990,9.6869,16.6909,8.7890,7.5019,8.8232,6.4993,4.5037,2.4240,1.5841,3.6653,4.8262,3.3559,7.3929,8.0983,2.9107,11.2285,11.3705,10.6402,7.3346,9.9906,22.4464,13.2359,10.2351,11.7740,7.8576,8.2928,10.7371,11.6632,12.9439,13.8884,7.0022,7.8732,7.2990,8.1982,17.4370,14.1447,13.8180,12.6231,8.9662,8.4281,9.5827,8.8853,12.0389,12.3236,3.7419,4.3480,6.3220,6.2345,3.8158,2.7784,4.9052,7.8625,6.2396,5.6985,4.5539,12.7130,21.5085,18.8730,11.4287,8.0752,10.0017,9.3680,15.4001,12.7409,17.0735,9.6864,15.8359,21.7218,22.6143,19.7883,9.5074,12.7565,14.7325,15.4811,14.7825,12.7158,12.9463,19.9488,15.2238,15.2514,19.6350,21.6283,17.5681,18.9346,14.1124,19.4059,13.0496,12.3353,13.2440,11.8607,13.0017,12.1974,12.6327,15.4761,13.0586,13.0260,9.0412,12.8663,10.8772,12.3915,11.9268,13.2147,12.5359,15.0773,11.5634,8.3289,8.8927,8.6619,7.9639,7.4425,11.1071,8.4232,7.7950,8.7448,7.3403,6.8753,5.7430,5.9335,5.4001,5.8878,7.0318,4.8488,4.6821,8.0954,4.3479,4.1742,3.8236,3.2894,3.1380,1.2176,3.2263,3.8983,4.7552,4.0709,4.4098,3.8500,10.4240,6.4653,6.6035,8.7973,9.7336,5.6350,9.1024,5.2591,6.1746,5.5831,3.5828,4.4786,5.7401,7.0665,6.5344,8.1616,6.5785,6.7847,6.1924,12.7794,9.4307,6.7953,6.9025,9.4480,6.4571,9.6778,9.7586,9.6518,10.2364,10.5448,10.8538,11.1331,11.4097,11.6026,11.5996,11.8862,12.4109,12.6720,12.5371,13.0877,13.3703,13.6197,13.8497,14.0721,14.2351,14.1584,14.3940,14.8037,14.9858,14.7742,15.2363,15.4429,15.6007,15.7456,15.8835,15.9772,15.8400,16.0243,16.2915,16.4008,16.1205,16.4984,16.6326,16.7193,16.7955,16.8674,16.8937,16.7519,16.8936,17.0509,17.1067,16.8157,17.1070,17.1939,17.2341,17.2629
45124.9583333,15.5978,17.9380,18.6558,19.6461,26.3868,18.3649,20.9192,14.2781,18.5769,16.3466,16.4647,16.4916,12.5628,16.3751,17.2725,16.4972,17.8826,16.9621,13.5028,13.1202,16.9148,12.1727,11.7530,13.2703,12.7327,19.7085,11.8517,10.1001,12.0291,9.2149,8.1433,6.2557,5.4944,7.0464,8.0413,6.5478,10.0267,10.6974,5.8597,13.3037,13.5072,12.3975,9.5523,11.7981,23.6662,15.4324,11.9966,13.1945,9.2487,9.1793,11.5284,12.7729,13.9590,14.5913,7.3592,10.0836,9.3805,10.0363,18.2367,14.6479,14.2442,12.8868,10.4510,10.1852,10.6202,10.4046,13.5137,13.9803,6.4129,7.0059,8.9334,9.2206,7.0247,5.6136,6.6752,10.1339,8.5835,8.3681,7.2485,14.3930,21.9251,19.5360,12.1099,8.7441,11.0865,10.2031,16.1042,13.4557,17.5118,9.8353,16.4711,21.7550,22.4971,20.0008,9.5181,12.5417,14.3441,14.2715,14.0293,11.9247,12.2500,19.5239,15.1027,15.1984,19.9235,21.8444,17.4093,19.3115,14.2725,20.9826,13.4909,12.6231,14.0393,12.0507,13.7697,12.2621,13.2217,16.4419,14.8611,14.9284,9.2521,14.3068,12.4151,14.3527,15.2613,16.6482,15.6485,18.0252,13.8392,9.6781,10.9051,10.9250,10.7920,10.7375,14.3839,11.7984,11.0603,12.0053,9.6514,9.3612,8.4190,8.8810,7.8431,7.7769,9.1679,6.3366,6.4708,9.8968,6.6736,6.1990,5.9792,5.2343,5.0517,3.8252,4.6453,5.4374,6.4950,5.6109,5.6529,5.3176,11.5639,8.1013,7.8205,9.8215,10.3150,6.7620,10.0315,6.5395,7.6736,6.8827,4.3896,5.3012,6.8709,8.1928,7.6622,8.5367,6.9214,6.9948,6.2941,12.5456,9.1500,6.4815,6.5662,9.0618,5.9791,9.1368,9.1659,9.0971,9.5175,9.7477,9.9821,10.1997,10.4197,10.5852,10.6168,10.8570,11.2709,11.5052,11.4655,11.9131,12.1783,12.4251,12.6630,12.8997,13.0983,13.1310,13.3860,13.7669,13.9903,13.9378,14.3600,14.6043,14.8148,15.0161,15.2118,15.3755,15.3749,15.5983,15.8791,16.0470,15.9380,16.2891,16.4672,16.6092,16.7411,16.8668,16.9573,16.9261,17.0909,17.2643,17.3635,17.2154,17.4734,17.5854,17.6598,17.7147
45125.0000000,16.7712,20.4764,20.4099,21.8491,29.3901,19.4838,23.0781,16.9823,21.1395,17.6767,18.6902,18.3461,13.7118,18.4418,19.9192,19.1169,20.8556,19.8491,15.2097,15.4393,20.1282,14.8030,13.4440,15.8860,15.3786,22.6636,14.6402,12.4458,15.2595,11.8632,11.8551,10.0949,9.4102,10.3261,11.1336,9.4374,12.4479,13.0484,8.2406,15.0151,15.2633,13.7587,11.2502,13.1954,24.7067,17.3918,13.5035,14.3534,10.3358,9.8640,12.1993,13.7546,14.8963,15.2748,7.6922,12.1122,11.2717,11.7056,19.0585,15.1774,14.6966,13.1899,11.7343,11.6923,11.4628,11.6230,14.6642,15.1492,8.0912,8.7209,10.7593,11.5023,9.4948,7.6916,7.8655,12.0572,10.5826,10.7620,9.6341,15.9720,22.4192,20.2484,12.7881,9.3368,12.1030,11.0321,16.9426,14.3069,18.1849,10.2355,17.3319,22.1001,22.6993,20.4752,9.7875,12.6351,14.2756,13.5841,13.6367,11.5059,11.8637,19.2593,14.6675,14.8162,19.8019,21.6698,16.9575,19.2370,14.0512,21.9331,13.4192,12.3935,14.1533,11.7100,13.8049,11.7954,13.0785,16.5705,15.6208,15.7618,8.8400,14.7649,12.9300,15.2738,17.4802,19.0499,17.7428,20.0625,15.1768,10.1901,11.9805,12.2454,12.6323,13.0619,16.9658,14.4525,13.6710,14.7994,11.4809,11.4494,10.7381,11.6459,10.1052,9.6247,11.4329,7.8768,8.3544,12.0716,9.1787,8.3756,8.3203,7.2997,7.0285,6.3948,5.9892,6.9312,8.2169,7.0412,6.6565,6.4577,12.6414,9.4861,8.8146,10.6972,10.8220,7.6297,10.8497,7.5801,9.0288,8.0676,5.0594,5.9493,7.8781,9.2682,8.7441,9.0059,7.3470,7.3316,6.5525,12.5655,9.1366,6.4570,6.5256,8.9655,5.8519,8.9259,8.9164,8.8703,9.1692,9.3360,9.5070,9.6672,9.8302,9.9558,9.9879,10.1674,10.4709,10.6500,10.6377,10.9695,11.1757,11.3714,11.5633,11.7570,11.9267,11.9823,12.1970,12.5040,12.7040,12.7131,13.0592,13.2844,13.4893,13.6912,13.8925,14.0741,14.1427,14.3711,14.6425,14.8370,14.8381,15.1638,15.3698,15.5513,15.7262,15.8971,16.0430,16.1027,16.2993,16.5013,16.6502,16.6235,16.8801,17.0320,17.1520,17.2421
45125.0416667,17.2367,22.1160,21.3682,23.2037,31.5574,19.9343,24.3916,18.7351,22.8459,18.3134,20.0768,19.4273,14.1825,19.7337,21.7767,20.9813,23.1459,22.1079,16.3803,17.1532,22.8479,16.8507,14.6852,18.0099,17.5338,25.3288,16.9567,14.2817,18.1043,14.0470,15.2533,13.6725,13.2205,13.5352,14.2444,12.2667,14.9360,15.4646,10.4411,16.7707,17.0156,15.0797,12.7824,14.4727,25.7189,19.1238,14.7167,15.3309,11.1454,10.3471,12.7026,14.5296,15.6500,15.8246,7.9022,13.8468,12.8708,13.1265,19.8247,15.6738,15.1297,13.4944,12.8400,13.0038,12.1855,12.6673,15.6751,16.1464,9.1723,9.7998,11.9979,13.2003,11.3119,9.0182,8.4838,13.4684,12.0509,12.6805,11.5347,17.2732,22.8100,20.8345,13.2992,9.7549,12.9038,11.6608,17.6480,15.0030,18.7627,10.5369,18.0845,22.4427,22.9356,20.9551,10.0528,12.7963,14.3282,13.1943,13.4649,11.3336,11.7150,19.1727,14.3321,14.4893,19.6214,21.4065,16.4650,19.0231,13.6762,22.4387,13.0663,11.9187,13.9143,11.1820,13.5139,11.1933,12.6664,16.3365,15.8629,16.0465,8.2803,14.6844,12.8618,15.4945,18.8150,20.5556,18.9343,21.2517,15.7053,10.0793,12.2733,12.7372,13.5581,14.4383,18.7446,16.2692,15.4663,16.8629,12.6139,12.8418,12.3508,13.7878,11.7661,10.9763,13.3121,9.0154,9.8671,14.1188,11.4485,10.3375,10.5305,9.2924,9.0257,9.0575,7.4413,8.6096,10.2064,8.6884,7.8988,7.7660,14.0827,11.0918,10.0216,11.8246,11.6208,8.6172,11.8294,8.6152,10.3266,9.1380,5.5788,6.5327,8.7848,10.2605,9.7255,9.4825,7.7656,7.6854,6.8405,12.7136,9.2570,6.5651,6.6236,9.0274,5.8978,8.9056,8.8674,8.8343,9.0444,9.1626,9.2843,9.3991,9.5165,9.6080,9.6340,9.7646,9.9839,10.1169,10.1158,10.3578,10.5131,10.6621,10.8095,10.9593,11.0931,11.1473,11.3144,11.5481,11.7081,11.7347,11.9996,12.1816,12.3509,12.5197,12.6899,12.8480,12.9281,13.1226,13.3498,13.5253,13.5668,13.8387,14.0293,14.2051,14.3786,14.5515,14.7089,14.8074,15.0040,15.2067,15.3738,15.4185,15.6634,15.8353,15.9820,16.0942
45125.0833333,17.1367,22.9939,21.6702,23.8474,32.9892,19.8332,25.0119,19.7597,23.8691,18.4162,20.7878,19.8843,14.1591,20.3245,22.8807,22.1140,24.7201,23.6846,17.0170,18.2715,24.9738,18.3028,15.4933,19.6314,19.2117,27.6493,18.8439,15.7268,20.6014,15.8555,18.2911,16.8819,16.7468,16.4913,17.1892,14.9070,17.3867,17.9106,12.5351,18.6424,18.8978,16.5358,14.3769,15.8705,26.9475,20.9267,15.9441,16.3087,11.9024,10.8276,13.2086,15.2562,16.3499,16.3388,8.0917,15.3722,14.2455,14.3388,20.5165,16.1113,15.5159,13.7749,13.7863,14.1480,12.8217,13.5919,16.6185,17.0716,9.9671,10.5529,12.9004,14.5173,12.6814,9.8589,8.7659,14.4749,13.0797,14.1520,12.9649,18.2370,22.9950,21.1896,13.5626,9.9271,13.4194,12.0422,18.1611,15.5075,19.2065,10.7244,18.7048,22.7364,23.1497,21.3904,10.2729,12.9632,14.4197,12.9557,13.3846,11.2611,11.6623,19.1684,13.9277,14.1071,19.3496,21.0803,15.9958,18.7467,13.3243,22.7737,12.7146,11.4716,13.5897,10.6782,13.1250,10.6180,12.1774,15.9306,15.8058,16.0166,7.7624,14.3782,12.5710,15.3987,19.6261,21.5074,19.5732,21.8907,15.7608,9.7030,12.1322,12.7241,13.8586,15.0990,19.8207,17.3468,16.5254,18.2084,13.1268,13.5845,13.2844,15.2412,12.7794,11.7559,14.6228,9.6421,10.8363,15.7186,13.1848,11.7918,12.2845,10.9076,10.7473,11.5409,8.7452,10.2046,12.2079,10.3213,9.1662,9.1218,15.7994,12.8830,11.4279,13.2159,12.7215,9.7879,13.0853,9.8263,11.8176,10.3728,6.2338,7.2110,9.7629,11.3227,10.7453,10.0620,8.2601,8.1192,7.2037,13.0075,9.5044,6.7778,6.8243,9.2108,6.0486,9.0197,8.9566,8.9293,9.0744,9.1562,9.2415,9.3229,9.4069,9.4733,9.4939,9.5887,9.7470,9.8452,9.8493,10.0250,10.1406,10.2524,10.3637,10.4772,10.5799,10.6270,10.7540,10.9290,11.0530,11.0836,11.2827,11.4246,11.5586,11.6931,11.8295,11.9582,12.0328,12.1886,12.3689,12.5139,12.5654,12.7801,12.9390,13.0889,13.2383,13.3887,13.5293,13.6298,13.8006,13.9773,14.1306,14.1990,14.4095,14.5699,14.7116,14.8212
45125.1250000,16.6272,23.2502,21.4551,23.9106,33.7705,19.3103,25.0595,20.1401,24.2854,18.0863,20.9427,19.8394,13.7719,20.3989,23.3746,22.6122,25.5986,24.5479,17.0742,18.7178,26.3568,19.0391,15.7210,20.5658,20.2123,29.3429,20.0672,16.5793,22.4963,17.1204,20.7925,19.5787,19.8408,19.0642,19.8167,17.2183,19.6197,20.1849,14.3626,20.4280,20.7155,17.9449,15.8763,17.2366,28.2747,22.7541,17.1833,17.3215,12.6626,11.3517,13.7691,15.9983,17.0577,16.8714,8.3065,16.7490,15.4462,15.3784,21.1259,16.4663,15.8125,13.9697,14.5186,15.0521,13.2791,14.2988,17.3810,17.8246,10.5609,11.1188,13.6093,15.5933,13.7574,10.4009,8.8763,15.1949,13.7842,15.2598,14.0043,18.8990,22.9772,21.3056,13.5821,9.8652,13.6239,12.1304,18.3735,15.6993,19.3576,10.6548,19.0075,22.7747,23.1275,21.5681,10.2615,12.9311,14.3414,12.6384,13.1878,11.0843,11.5081,19.0493,13.4220,13.6145,18.9099,20.5877,15.4177,18.2984,12.8585,22.8499,12.2863,11.0074,13.1915,10.1924,12.6871,10.0879,11.6783,15.4490,15.5767,15.7975,7.3004,13.9390,12.1450,15.0802,20.0206,22.0160,19.7964,22.1134,15.5103,9.2156,11.7569,12.4270,13.7740,15.2819,20.3676,17.8665,17.0146,18.9476,13.1663,13.7939,13.6365,16.0416,13.2009,12.0038,15.3330,9.7881,11.2519,16.7450,14.2884,12.6474,13.4335,11.9591,11.9494,13.5336,9.6380,11.4124,13.8790,11.6222,10.1195,10.1853,17.4019,14.4868,12.6800,14.5205,13.7796,10.8434,14.3312,10.9785,13.3232,11.6488,6.9287,7.9579,10.8283,12.4910,11.8541,10.7780,8.8657,8.6653,7.6696,13.4712,9.8923,7.0993,7.1288,9.5163,6.2916,9.2513,9.1571,9.1211,9.2081,9.2522,9.3003,9.3471,9.3971,9.4361,9.4440,9.5053,9.6128,9.6795,9.6808,9.8041,9.8865,9.9672,10.0486,10.1326,10.2098,10.2484,10.3441,10.4745,10.5698,10.5999,10.7492,10.8591,10.9642,11.0703,11.1782,11.2813,11.3467,11.4698,11.6109,11.7279,11.7795,11.9465,12.0752,12.1983,12.3217,12.4465,12.5652,12.6562,12.7973,12.9436,13.0741,13.1457,13.3178,13.4553,13.5790,13.6752
45125.1666667,16.0327,23.2157,21.0346,23.7002,34.1813,18.6541,24.8089,20.1392,24.2987,17.5149,20.7224,19.4532,13.1686,20.0462,23.3642,22.6151,25.9402,24.8824,16.7652,18.6961,27.1540,19.2523,15.5429,20.9447,20.6432,30.4419,20.6878,16.8738,23.7339,17.7700,22.6113,21.6034,22.3221,21.0824,21.9556,19.0611,21.4850,22.1495,15.8478,21.9675,22.3290,19.1924,17.1943,18.4878,29.6190,24.5594,18.4155,18.3569,13.4408,11.9355,14.4172,16.8173,17.8559,17.5191,8.6339,18.1124,16.6196,16.3987,21.7982,16.8852,16.1636,14.2154,15.1862,15.8545,13.6764,14.8923,18.0230,18.4296,10.9758,11.5296,14.1695,16.4981,14.6427,10.7864,8.9382,15.7661,14.3225,16.1659,14.8343,19.4291,22.9228,21.3603,13.5519,9.7676,13.7174,12.1234,18.4605,15.7562,19.3738,10.4981,19.1322,22.6690,22.9601,21.5598,10.1027,12.7436,14.1120,12.2433,12.8742,10.7959,11.2313,18.7695,12.9452,13.1324,18.4209,20.0369,14.8237,17.7471,12.3234,22.6976,11.7782,10.4927,12.7018,9.6838,12.1817,9.5606,11.1499,14.8984,15.2177,15.4493,6.8904,13.4428,11.6757,14.6598,20.1516,22.2338,19.7555,22.0637,15.0914,8.7068,11.2676,11.9745,13.4527,15.1501,20.5324,17.9977,17.1156,19.2569,12.9275,13.6715,13.6147,16.3746,13.2302,11.9095,15.5939,9.6330,11.2746,17.2822,14.8686,13.0235,14.0576,12.4987,12.6294,14.9475,10.0906,12.1578,15.0898,12.4889,10.6907,10.8614,18.6961,15.7432,13.6302,15.5696,14.6268,11.6473,15.3904,11.9161,14.6615,12.7875,7.5039,8.6164,11.8512,13.6702,12.9922,11.5772,9.5480,9.3050,8.2325,14.1177,10.4389,7.5507,7.5678,9.9902,6.6690,9.6596,9.5352,9.4852,9.5226,9.5306,9.5424,9.5542,9.5693,9.5775,9.5648,9.5909,9.6508,9.6833,9.6709,9.7458,9.7932,9.8408,9.8902,9.9427,9.9916,10.0144,10.0786,10.1686,10.2352,10.2568,10.3636,10.4438,10.5217,10.6014,10.6833,10.7627,10.8163,10.9114,11.0201,11.1127,11.1599,11.2890,11.3921,11.4919,11.5926,11.6949,11.7934,11.8729,11.9883,12.1081,12.2173,12.2854,12.4248,12.5402,12.6454,12.7274
45125.2083333,15.1675,22.7642,20.3217,23.1734,34.2142,17.8718,24.3392,19.9388,24.1272,16.9212,20.3862,18.9958,12.6051,19.5705,23.1295,22.3696,25.9503,24.8704,16.2630,18.3852,27.5260,19.1335,15.1488,20.9662,20.7127,31.1285,20.9326,16.8521,24.5177,18.0210,23.8936,23.0703,24.2409,22.5693,23.5892,20.4065,22.9121,23.7077,16.9147,23.2003,23.6500,20.1741,18.2269,19.5002,30.8411,26.2329,19.5514,19.3376,14.1822,12.5201,15.0930,17.6786,18.7307,18.2814,9.0665,19.5292,17.8641,17.5175,22.6625,17.5121,16.7295,14.6818,15.9930,16.7714,14.2251,15.5930,18.7528,19.0918,11.3201,11.8514,14.6302,17.2799,15.3970,11.0905,9.0025,16.2658,14.7900,16.9760,15.5747,19.9446,22.9447,21.4790,13.5998,9.7692,13.8623,12.1862,18.6011,15.8666,19.4491,10.4413,19.2880,22.6230,22.8528,21.5762,10.0049,12.6043,13.9283,11.9472,12.6260,10.5716,11.0040,18.5000,12.5637,12.7439,17.9945,19.5529,14.3353,17.2714,11.8795,22.4800,11.3125,10.0192,12.2141,9.2196,11.6818,9.0827,10.6431,14.3347,14.7953,15.0354,6.5348,12.9340,11.2063,14.1997,20.1155,22.2763,19.5842,21.8859,14.6466,8.2777,10.8024,11.5172,13.0645,14.8854,20.4922,17.9205,17.0061,19.3083,12.5696,13.3833,13.3925,16.4164,13.0433,11.6411,15.5750,9.3426,11.0844,17.4849,15.0984,13.0955,14.3237,12.6903,12.9296,15.8737,10.2268,12.5330,15.8865,12.9868,10.9725,11.2308,19.6800,16.6691,14.2993,16.3623,15.2587,12.2195,16.2418,12.6346,15.7880,13.7351,7.9264,9.1472,12.7569,14.7696,14.0688,12.3623,10.2159,9.9491,8.8081,14.8639,11.0658,8.0584,8.0744,10.5755,7.1238,10.2025,10.0598,10.0038,10.0093,9.9943,9.9818,9.9694,9.9594,9.9445,9.9149,9.9128,9.9353,9.9390,9.9112,9.9455,9.9614,9.9781,9.9967,10.0183,10.0381,10.0402,10.0723,10.1239,10.1600,10.1652,10.2316,10.2806,10.3290,10.3798,10.4333,10.4860,10.5214,10.5871,10.6638,10.7302,10.7655,10.8596,10.9366,11.0123,11.0896,11.1689,11.2464,11.3113,11.4023,11.4973,11.5858,11.6458,11.7568,11.8516,11.9390,12.0075
45125.2500000,14.1059,21.8919,19.2238,22.1541,33.5728,16.6325,23.2781,19.1905,23.4073,15.9228,19.5714,18.1287,11.7858,18.7929,22.5482,21.8098,25.5946,24.5015,15.5716,17.8339,27.4693,18.6896,14.5361,20.6203,20.3917,31.2768,20.6997,16.4597,24.7820,17.8720,24.6368,23.9773,25.5772,23.4883,24.6395,21.1805,23.7660,24.6879,17.4432,23.8760,24.4023,20.6061,18.7017,19.9753,31.5814,27.4491,20.2828,19.9304,14.5961,12.8025,15.4641,18.2346,19.3176,18.7711,9.2480,20.6870,18.8920,18.4379,23.3672,17.9831,17.1547,15.0344,16.6801,17.5978,14.7494,16.2730,19.4872,19.7595,11.6829,12.1597,15.0140,17.9097,15.9719,11.2843,8.9996,16.5875,15.0621,17.5303,16.0350,20.1763,22.7024,21.2852,13.3397,9.4826,13.6928,11.9789,18.4652,15.7167,19.2774,10.1868,19.1918,22.3504,22.5302,21.3830,9.7707,12.3462,13.6269,11.5493,12.2480,10.2257,10.6597,18.0862,12.0403,12.2178,17.3978,18.8980,13.7174,16.6530,11.3835,22.1308,10.8514,9.5803,11.7223,8.7691,11.1593,8.5992,10.1066,13.6881,14.2299,14.4658,6.1371,12.3307,10.6558,13.6156,19.8224,22.0430,19.1742,21.4458,14.0377,7.7863,10.2597,10.9822,12.5641,14.4556,20.2015,17.6053,16.6675,19.0828,12.0657,12.9267,12.9920,16.1865,12.6527,11.1994,15.2733,8.9119,10.7022,17.3435,14.9656,12.8477,14.2268,12.5644,12.8930,16.3494,10.0815,12.5348,16.2106,13.0486,10.8461,11.1797,20.1533,17.0737,14.4789,16.6500,15.4058,12.3086,16.6146,12.9078,16.4931,14.3200,8.0903,9.4130,13.3885,15.6112,14.8976,12.9286,10.6647,10.3839,9.1802,15.4386,11.4906,8.3468,8.3672,10.9678,7.3651,10.5607,10.4043,10.3492,10.3361,10.3069,10.2797,10.2531,10.2292,10.2040,10.1709,10.1557,10.1535,10.1375,10.1024,10.1093,10.1014,10.0942,10.0892,10.0872,10.0858,10.0750,10.0845,10.1041,10.1129,10.1033,10.1355,10.1540,10.1729,10.1946,10.2197,10.2464,10.2643,10.3033,10.3475,10.3851,10.4045,10.4644,10.5111,10.5580,10.6075,10.6602,10.7139,10.7615,10.8276,10.8949,10.9588,11.0064,11.0888,11.1584,11.2232,11.2739
45125.2916667,12.4924,20.2368,17.3871,20.1698,31.6433,14.3353,20.8155,16.9189,21.1175,13.5168,17.1068,15.6460,9.4895,16.4813,20.3811,19.7549,23.7320,22.6270,13.6218,16.0670,26.0710,17.0123,12.9069,19.1387,18.9329,30.0683,19.1050,14.8167,23.6306,16.4618,24.0520,23.5760,25.5909,23.1438,24.3729,20.6758,23.2883,24.2467,16.5891,23.1401,23.5298,19.4348,17.4416,18.7209,30.6075,26.8664,19.3606,19.0092,13.6305,11.8154,14.5439,17.3962,18.4486,17.7718,8.0177,20.3058,18.5283,17.9680,22.7347,17.0638,16.1035,13.8900,15.7744,16.9517,13.9949,15.7408,19.1563,19.4764,11.5772,12.1593,15.0647,18.0213,15.9241,10.9250,8.5880,16.2423,14.5294,17.1259,15.3725,19.1550,21.2511,19.6622,11.5562,7.6839,11.7605,10.0761,16.5426,13.7614,17.2922,8.2957,17.2530,20.2699,20.4392,19.4035,7.9664,10.5768,11.8563,9.8441,10.4238,8.4479,8.8834,16.1664,10.2721,10.4135,15.4552,16.8580,11.7831,14.7429,9.7755,20.7037,9.5623,8.4891,10.6333,7.7674,10.0503,7.5714,8.9595,12.3913,12.8531,13.0457,5.0185,10.9867,9.3356,12.2656,18.5561,20.7938,17.7450,19.9152,12.4094,6.4033,8.8256,9.5711,11.1778,13.0943,18.9015,16.3116,15.4023,17.8961,10.7350,11.6381,11.7837,15.1220,11.5028,10.0743,14.1807,7.8018,9.6263,16.3951,13.9445,11.7302,13.2292,11.6340,12.1010,15.9769,9.3228,11.8849,15.6779,12.2506,9.8813,10.1688,19.5316,16.2328,13.4330,15.6460,14.2949,11.0494,15.5617,11.7684,15.7459,13.5973,7.1876,8.6570,12.9771,15.4254,14.6816,12.5508,10.1160,9.8412,8.5511,15.0205,10.8589,7.5558,7.5158,10.1619,6.4695,9.7296,9.5080,9.3681,9.3616,9.2835,9.2113,9.1419,9.0899,9.0352,8.9920,8.9945,9.0232,8.9774,8.8778,8.9088,8.8667,8.8214,8.7793,8.7464,8.7218,8.6715,8.7011,8.7515,8.7326,8.6588,8.7147,8.6980,8.6743,8.6547,8.6435,8.6423,8.6149,8.6663,8.7291,8.7351,8.6849,8.7641,8.7714,8.7715,8.7761,8.7890,8.8101,8.8139,8.8870,8.9617,8.9935,8.9709,9.0733,9.1054,9.1265,9.1405
45125.3333333,9.6106,17.2118,14.4967,17.0773,28.4360,11.4205,17.2326,13.2208,17.4109,9.9505,13.0191,11.4694,5.5463,11.9709,15.7253,15.2530,19.2978,18.3063,9.4126,12.1382,22.4033,13.4117,9.6693,15.9459,15.7042,27.0851,15.8226,11.7053,20.8857,13.3998,21.5029,21.1342,23.4981,20.8795,22.0134,18.4226,21.1670,21.9779,14.0217,20.9018,20.8214,16.6992,14.2908,15.6747,27.8984,24.3145,16.6523,16.4489,11.1018,9.4223,12.2994,14.8559,15.7321,14.9239,5.0657,17.4935,15.7241,15.3142,19.8372,14.2149,13.0710,10.7611,12.4347,13.9051,11.1135,12.9704,16.5875,17.1395,10.0077,11.2445,14.3229,17.2251,15.0499,9.6011,7.5796,15.0927,12.9094,15.4679,13.4084,16.8064,18.7845,17.0875,8.8460,4.8329,8.3611,6.8365,13.1152,10.3231,13.7624,5.2103,13.6553,16.4098,16.3821,15.2623,4.2726,6.6358,7.9449,6.2988,6.4104,4.5830,4.8259,11.8308,6.7118,6.8107,11.5736,12.7927,7.8223,10.8517,6.4060,17.4498,6.6930,6.0261,8.2643,5.6564,7.8290,5.5742,6.8272,10.0898,10.5443,10.5805,2.9399,8.6416,6.8908,9.7699,15.7990,18.1004,15.0193,17.0771,9.4166,3.7385,6.0065,6.7020,8.2776,10.1726,15.8842,13.4505,12.7074,15.3488,8.3486,9.1179,9.3162,12.8425,9.2528,7.9266,11.9295,5.7775,7.5354,14.3200,11.9180,9.6190,11.2149,9.7454,10.3749,14.5081,7.8104,10.6072,14.3025,10.4700,8.0890,7.9582,17.7232,13.9670,11.0791,13.2771,12.0856,8.6686,13.0640,9.3036,13.3297,11.3213,4.9938,6.5173,10.9512,13.6750,12.8806,10.8680,8.1461,8.0488,6.6846,13.3887,9.0213,5.6404,5.3548,7.9512,4.4295,7.8030,7.4747,6.9843,7.2061,7.0251,6.8522,6.6749,6.5208,6.2771,6.0159,6.0709,6.3773,6.2780,5.8580,6.1505,6.0463,5.9305,5.8171,5.7228,5.6500,5.3280,5.4190,5.7479,5.6831,5.2969,5.6102,5.5450,5.4586,5.3784,5.3156,5.2781,4.9896,5.1123,5.4202,5.3924,5.0512,5.3790,5.3418,5.2818,5.2272,5.1879,5.1629,4.9020,5.1043,5.2277,5.2408,4.9500,5.3123,5.3121,5.2859,5.2594
45125.3750000,3.8005,11.1299,9.0513,11.4105,22.4412,6.7071,11.2458,7.5879,12.4569,5.5925,8.0171,6.2866,0.6915,5.8755,8.6646,8.7729,12.6360,11.5387,3.1651,5.2757,15.6668,6.2206,3.1377,9.4513,9.8765,20.5585,9.9585,5.4465,15.3795,7.8318,16.4019,16.5743,19.2120,16.1292,17.2877,12.5499,16.2196,16.9528,9.2585,17.0453,15.8611,12.5803,9.1396,10.7036,22.7556,18.8409,10.7762,10.5444,5.6903,4.3011,7.9537,10.2114,11.0742,10.3424,0.7580,12.3153,10.3733,10.7630,14.4431,9.5422,8.1690,5.7792,6.4913,8.2899,6.2022,7.8721,12.0165,12.1087,5.6183,8.5023,12.3093,14.9274,13.1004,7.0965,6.0446,13.2682,10.4278,12.2053,9.5118,12.4688,15.4757,13.4359,5.0691,1.0665,2.8620,1.8453,7.8464,5.1553,8.3744,0.6535,8.4318,10.5723,9.9724,8.8659,-1.4532,0.6110,1.7374,1.2582,0.3596,-1.3605,-1.8459,4.4219,0.5270,0.6742,5.1334,6.3103,1.1535,4.4047,0.5836,11.7749,1.7016,1.7019,4.1208,1.9523,3.9091,2.7417,3.4127,6.2685,6.6589,6.5540,-0.5395,5.0089,3.0065,6.1975,11.4503,13.8704,11.1875,13.2255,5.4754,0.2524,2.2103,2.6563,4.0624,5.8216,10.7494,8.6488,8.1903,11.1653,4.4281,4.9703,5.2123,8.8533,5.4235,4.5224,8.1108,2.6241,4.5407,10.7647,8.2047,5.6395,7.4688,6.4978,7.6035,11.8709,5.5544,9.1975,12.5243,8.0182,6.1308,5.2211,15.5697,10.8564,7.9190,9.6678,9.0507,5.4730,9.1273,5.8856,9.1827,7.2069,1.3498,2.8861,7.0545,10.2579,9.4047,7.9190,4.6164,5.0552,3.6585,10.7013,6.1678,2.8236,1.8422,4.2203,1.2346,4.9904,4.5295,3.2201,4.1383,3.8380,3.5483,3.2458,2.9804,2.6636,1.5831,1.7121,2.7876,2.6083,1.3844,2.3790,2.1623,1.9245,1.6908,1.4926,1.3385,0.2509,0.4537,1.4999,1.3842,0.2220,1.2747,1.1331,0.9527,0.7809,0.6392,0.5453,-0.4514,-0.1564,0.7447,0.6804,-0.4196,0.6439,0.5447,0.4050,0.2730,0.1660,0.0821,-0.8566,-0.0076,0.0799,0.0619,-0.9678,0.1069,0.0575,-0.0356,-0.1183
45125.4166667,-5.9219,0.7008,-0.1322,2.0406,15.4575,0.0306,2.1584,-2.0723,4.1772,-1.3825,0.5432,-1.1115,-5.8761,-1.7072,-0.0414,0.1075,3.8680,2.9192,-4.2768,-3.1782,8.1390,-1.8160,-4.2218,1.5308,3.1921,12.1925,1.8153,-3.7541,6.8385,-0.7012,7.1209,8.6137,12.2636,9.8993,10.7845,5.6375,9.0462,8.3144,1.2843,10.7330,8.3060,5.4217,0.3644,2.2912,16.0776,10.8821,3.4233,2.5392,-0.7666,-2.1197,2.6750,4.1624,4.8134,4.2905,-4.3252,4.9828,2.4665,4.5291,7.3890,2.3369,0.9525,-1.2733,-2.3457,-0.2721,-0.9294,0.5375,6.0660,6.0608,-0.9070,3.1288,8.3466,10.3511,9.6988,3.3419,3.8682,11.0850,7.5376,10.1780,4.6734,7.3525,13.5306,10.3003,1.8088,-2.0203,-3.2647,-3.7583,1.4328,-1.3896,2.0126,-4.2109,2.2220,3.8482,2.2753,0.9339,-8.0764,-6.2747,-5.1750,-3.7334,-5.9750,-7.5384,-8.5879,-3.5494,-7.1761,-7.0084,-3.2049,-2.4187,-7.4789,-5.1108,-8.1143,3.3093,-5.6568,-4.7333,-1.4300,-3.7045,-3.0545,-2.2820,-2.3003,1.1857,1.3526,1.1318,-5.5386,-0.3235,-2.9961,0.4222,3.9964,6.8387,5.0027,7.7966,0.4519,-3.8662,-2.1000,-1.8793,-0.5969,1.0029,5.1771,1.6902,1.6888,5.7891,-0.2912,-0.7308,-0.4683,3.6239,0.6769,-0.1244,2.3223,-2.7103,-0.3417,6.6924,3.7413,0.0024,2.2129,0.7548,2.4130,6.9272,1.3486,6.5623,9.6021,3.8169,3.5797,1.8032,12.8435,7.7122,4.6999,4.5366,4.9164,1.5039,4.2861,2.2124,4.4467,2.5546,-2.5708,-1.2675,1.8819,5.8148,4.8945,4.3778,0.0772,1.5878,0.2252,7.7094,3.0880,-0.1514,-1.4453,-0.9658,-2.9782,1.4561,0.9221,-1.8017,0.5760,0.2458,-0.0730,-0.4143,-0.7121,-1.0452,-3.5009,-3.2418,-0.8036,-1.0168,-3.6621,-1.2959,-1.5749,-1.8903,-2.2096,-2.4912,-2.7279,-5.1699,-4.8316,-2.6170,-2.7951,-5.3453,-2.9992,-3.2108,-3.4783,-3.7395,-3.9695,-4.1635,-6.5183,-5.1275,-4.4693,-4.5667,-6.9751,-4.6389,-4.7652,-4.9491,-5.1260,-5.2720,-5.3938,-7.4077,-5.4983,-5.4102,-5.4344,-7.6638,-5.3952,-5.4560,-5.5788,-5.6879
45125.4583333,-16.0750,-11.2835,-8.9604,-8.6049,5.0449,-9.1728,-7.9299,-13.6666,-5.2773,-8.7290,-7.4382,-7.7034,-11.7626,-8.9012,-8.0445,-8.4277,-5.1802,-6.0969,-11.7347,-12.4229,-0.2150,-10.9466,-11.5143,-8.6557,-4.7422,4.1687,-5.6577,-11.3015,-1.6053,-9.7153,-1.6482,-1.3702,3.3297,3.2970,4.5668,-1.0490,1.9665,-1.4162,-8.9025,2.8687,0.9274,-1.4661,-8.8421,-6.6656,10.4503,2.6035,-4.2015,-6.4610,-7.9917,-9.5393,-3.0107,-2.2868,-1.6211,-1.4892,-8.7057,-1.6448,-4.7870,-0.0577,3.2604,-2.3604,-4.1871,-6.5704,-10.7338,-8.9318,-7.6346,-7.2855,-1.4342,-1.6251,-8.2787,-3.1923,3.3133,3.8190,5.0177,-1.1698,1.0366,8.9464,4.7232,8.7448,-0.0951,2.9565,13.3102,8.9802,0.4500,-3.1982,-8.3387,-8.1167,-4.1653,-8.1800,-1.8701,-7.4670,-2.1454,-0.7599,-2.4445,-5.0034,-12.6077,-11.5432,-10.7741,-7.0837,-11.0431,-12.4955,-13.7516,-10.2662,-18.2741,-17.5169,-14.0295,-13.0058,-16.7749,-16.1422,-18.5147,-7.2968,-14.6918,-13.3363,-8.4224,-9.7367,-11.0838,-7.6739,-8.7016,-4.1593,-4.1805,-4.6709,-10.4288,-6.1971,-8.5466,-5.8877,-5.1166,-0.6483,-2.4573,1.0277,-5.7615,-8.9599,-7.0944,-6.9509,-5.0233,-2.5189,1.9682,-4.1423,-5.5627,-0.5440,-4.9440,-5.6887,-7.4140,-2.3864,-4.7986,-5.2366,-2.7307,-8.1339,-6.0375,1.8806,-1.4715,-5.3138,-2.0965,-5.1518,-3.7169,1.1106,-3.1020,3.7718,5.9321,-0.5526,-0.0039,-2.7681,9.2004,4.0306,1.2029,-1.4362,-0.1914,-2.8110,-0.1671,-2.5120,-1.2686,-2.7324,-6.9891,-5.7152,-3.9020,1.1165,0.2313,0.9636,-4.4282,-1.7777,-3.0277,4.9923,0.4513,-2.4824,-3.5532,-6.1036,-6.2326,-2.0744,-2.4884,-6.6757,-2.6559,-2.9394,-3.2051,-3.5065,-3.8125,-4.3381,-8.1968,-8.5207,-5.4294,-5.4625,-9.6505,-5.2941,-5.3414,-5.4558,-5.6227,-5.8321,-6.2012,-9.8889,-9.0638,-7.2036,-7.2725,-11.3734,-7.2367,-7.3250,-7.4940,-7.6817,-7.8836,-8.1875,-11.5485,-9.4788,-8.8813,-8.8787,-12.7362,-8.7581,-8.7976,-8.9296,-9.0893,-9.2702,-9.5619,-12.5237,-10.2685,-10.1671,-10.1735,-13.7918,-10.0739,-10.0888,-10.1828,-10.2737
45125.5000000,-20.3922,-18.2483,-12.0032,-11.1774,1.1913,-11.6757,-12.2754,-21.4374,-11.8378,-13.5825,-17.3874,-15.5032,-18.0754,-15.7907,-15.0157,-15.3489,-12.5218,-13.3582,-17.1866,-20.3671,-8.3024,-19.8127,-16.7590,-17.7170,-11.2767,-2.7345,-11.6068,-18.5426,-8.3567,-17.1981,-9.9165,-11.6575,-6.7736,-6.8550,-3.1252,-7.3889,-3.5331,-6.4019,-15.5350,-2.5580,-4.7047,-6.9755,-17.4976,-15.5790,5.0270,-5.5480,-11.3074,-14.2779,-15.4459,-17.3368,-8.8226,-8.7470,-7.8697,-6.9305,-14.2366,-10.0563,-11.8300,-5.6290,0.5280,-4.8579,-6.4992,-8.6405,-16.1267,-14.8314,-13.0166,-12.6322,-5.5001,-6.3401,-16.2528,-9.7780,-2.0365,-3.3312,-2.0001,-6.3249,-3.5903,6.3830,1.9970,7.8438,-4.3767,-1.5415,14.3718,9.1161,0.5585,-2.9458,-12.0471,-11.0290,-4.0694,-10.9469,-2.7527,-7.9818,-3.9725,-2.9902,-4.8883,-8.7372,-14.9012,-14.4586,-13.8738,-7.8448,-13.3703,-14.6306,-16.0976,-14.6827,-17.4051,-17.7745,-16.5777,-17.1160,-20.8811,-22.0475,-26.3554,-18.3254,-24.4786,-21.8617,-16.1597,-16.4767,-19.9895,-15.1618,-18.8460,-12.3444,-11.9401,-11.9245,-15.4239,-12.0455,-13.6759,-11.6587,-11.5900,-8.6604,-10.1990,-5.9287,-11.8378,-13.6543,-12.5736,-14.0312,-13.2726,-10.8985,-5.3883,-9.3113,-9.8381,-6.1692,-9.3643,-10.3891,-11.8601,-7.5993,-9.6671,-9.9963,-7.7801,-12.0641,-10.7953,-2.6967,-9.1454,-11.5071,-9.0060,-10.0634,-9.4180,-6.3535,-8.1796,0.2923,1.8900,-2.4195,-2.8367,-6.6799,5.7488,0.5434,-2.2167,-6.1528,-4.4142,-5.2333,-3.7928,-6.7238,-7.0970,-8.3180,-10.8760,-10.2815,-10.5441,-5.1909,-5.6492,-3.1976,-9.5819,-5.1210,-5.9719,2.5860,-1.7132,-4.2433,-5.0929,-6.5709,-6.3817,-4.4362,-5.0244,-11.1857,-5.2503,-5.5233,-5.7989,-6.1267,-6.4551,-6.9781,-9.9327,-10.2459,-8.0420,-8.1759,-14.2681,-8.2968,-8.4588,-8.6723,-8.9078,-9.1466,-9.5039,-12.2976,-11.7414,-10.3503,-10.4309,-16.2255,-10.4618,-10.5460,-10.7083,-10.8790,-11.0527,-11.3165,-13.8494,-12.4060,-11.9371,-11.9805,-17.4476,-12.0014,-12.0692,-12.2203,-12.3808,-12.5425,-12.7965,-15.0054,-13.4083,-13.3003,-13.3643,-18.6719,-13.4887,-13.4058,-13.4817,-13.5720
45125.5416667,-24.7972,-23.8120,-15.1694,-12.5859,0.3852,-10.0706,-11.2163,-23.5711,-12.5262,-11.9877,-15.5618,-14.7158,-16.9682,-17.1672,-17.6072,-18.5892,-16.6596,-17.4635,-19.3988,-23.0391,-11.9674,-24.1139,-18.5866,-23.4351,-15.2257,-6.3117,-13.8666,-21.3974,-11.5662,-21.4294,-13.4793,-17.0346,-12.1393,-9.1271,-5.5993,-10.0079,-6.4301,-9.2340,-19.7823,-5.6565,-6.7258,-7.9589,-20.6662,-19.3347,2.3242,-10.1348,-14.4508,-15.4250,-17.7980,-19.9149,-11.1777,-12.0703,-11.2528,-9.5939,-16.2888,-17.4630,-18.6725,-11.6313,-1.4207,-5.6950,-6.6821,-8.3059,-18.8574,-18.7044,-16.5419,-15.7297,-8.2334,-8.5822,-20.9653,-14.2267,-5.7567,-8.4372,-9.3873,-12.6583,-8.8209,2.3803,-0.7803,6.4950,-6.1957,-2.8224,18.1019,12.9809,4.7946,1.2867,-10.9231,-9.5828,-2.1409,-10.8346,-1.4891,-5.7855,-1.5535,0.2575,-0.9397,-5.4085,-10.4144,-10.5493,-10.1502,-2.4067,-8.9091,-10.2041,-12.0449,-11.9490,-14.9608,-14.7756,-13.6631,-13.9712,-16.6843,-18.9842,-24.7442,-20.7833,-26.3961,-23.8908,-18.7366,-16.9554,-20.2316,-15.4784,-22.1404,-15.6912,-16.1179,-15.4183,-17.3224,-16.5497,-17.8722,-16.5854,-16.0563,-12.9743,-14.0738,-9.2049,-14.0635,-14.3953,-14.5578,-15.6409,-17.7674,-16.9483,-9.3478,-13.3433,-13.6011,-9.6422,-11.4968,-12.8928,-14.0066,-10.0135,-11.1779,-11.1182,-9.2914,-12.3669,-11.9852,-4.2308,-12.9164,-14.6338,-12.9639,-14.5706,-13.7344,-12.9284,-12.1269,-2.7447,-1.0777,-3.1905,-3.8250,-8.1141,4.4893,-0.0570,-2.0174,-4.3013,-1.2790,-3.0073,-2.8782,-6.6127,-9.3523,-10.8418,-11.8676,-12.0433,-12.9862,-8.7408,-9.2635,-5.8348,-12.4319,-7.9485,-8.3474,0.3344,-3.1406,-4.8986,-5.3558,-5.8096,-4.9934,-4.0902,-4.6829,-11.3430,-5.3694,-5.3929,-5.4207,-5.5076,-5.5908,-5.8700,-7.9784,-8.0641,-6.3236,-6.6025,-13.2765,-7.4997,-7.5883,-7.7316,-7.8880,-8.0318,-8.2829,-10.3860,-9.9366,-8.8448,-9.1220,-15.5033,-9.9764,-10.0233,-10.1503,-10.2693,-10.3709,-10.5445,-12.4455,-11.3513,-10.9162,-11.1166,-17.0888,-11.8397,-11.8342,-11.9138,-11.9875,-12.0457,-12.1865,-13.7962,-12.5691,-12.4038,-12.5416,-16.7362,-13.1257,-13.1397,-13.2520,-13.3429
45125.5833333,-27.5371,-27.4189,-20.7941,-19.1135,-8.3409,-17.0228,-18.9618,-29.5428,-17.4565,-15.1142,-18.4879,-17.3450,-17.6940,-18.3355,-19.0426,-19.6717,-18.1892,-18.9175,-19.1346,-23.1746,-14.7207,-26.1961,-18.9114,-26.7038,-18.2384,-10.7322,-18.8679,-23.2805,-14.3666,-22.9113,-17.1386,-20.1398,-15.5146,-9.4566,-6.7428,-10.7664,-8.0237,-11.1563,-20.9337,-6.6576,-8.4500,-9.3863,-22.6224,-18.6407,0.0137,-14.0723,-17.0925,-16.7927,-19.1605,-20.8800,-12.9909,-14.5281,-13.8326,-11.9619,-17.0251,-21.6362,-21.6970,-15.3857,-4.0572,-8.6918,-9.9360,-11.2879,-22.4470,-21.8616,-18.3252,-15.1145,-10.4747,-11.8819,-23.9018,-17.2453,-9.4587,-10.6517,-11.2051,-16.7005,-11.5769,-3.5618,-6.9564,-2.0916,-12.8655,-9.4573,13.1585,7.6022,-0.3218,-3.3465,-15.9154,-11.7416,-4.7265,-11.7159,-3.3257,-6.8596,-2.9597,-1.0153,-1.7482,-6.1884,-9.6577,-9.3242,-8.5281,-0.0182,-6.8860,-7.8658,-9.3028,-9.6340,-10.8669,-11.0430,-10.8258,-11.6935,-14.0354,-16.6556,-21.5529,-20.4339,-24.2525,-21.3378,-18.6202,-14.2037,-17.6316,-13.7289,-22.0956,-16.5524,-19.3470,-15.9821,-15.6770,-16.9534,-18.4169,-18.4449,-21.8672,-17.8160,-17.9729,-12.9063,-16.3451,-14.6433,-16.6278,-16.0121,-18.6275,-18.3697,-10.9960,-15.8944,-18.0971,-13.1562,-13.3750,-14.6342,-15.4983,-11.5435,-11.5981,-11.4981,-10.8603,-12.9968,-12.5485,-5.5748,-15.3454,-15.9599,-13.9048,-16.1585,-15.6321,-16.7640,-13.6111,-4.9894,-4.9722,-6.2085,-6.8519,-11.6379,0.1609,-4.2728,-5.9568,-7.4267,-3.7999,-6.1544,-6.2049,-9.4287,-12.0594,-12.2450,-11.3190,-12.1445,-13.8223,-10.8557,-11.6449,-7.5397,-12.6713,-9.6412,-9.9887,-2.2708,-5.6090,-7.0871,-7.6667,-8.0050,-7.1161,-7.0854,-7.5943,-12.4586,-7.9617,-7.8155,-7.6641,-7.5826,-7.5029,-7.6442,-9.2136,-9.1175,-7.5357,-7.5768,-12.4001,-8.0289,-7.9370,-7.9334,-7.9763,-8.0337,-8.2362,-9.9337,-9.5888,-8.6184,-8.7949,-13.5465,-9.4817,-9.4761,-9.5843,-9.7102,-9.8385,-10.0642,-11.6853,-10.9529,-10.5523,-10.7311,-15.2465,-11.4248,-11.4181,-11.5211,-11.6351,-11.7452,-11.9572,-13.3214,-12.4755,-12.2991,-12.4169,-15.6451,-12.9419,-12.8966,-12.9596,-13.0207
45125.6250000,-26.8696,-28.1344,-22.5421,-20.3969,-10.6398,-17.4587,-20.9203,-33.7834,-21.3074,-17.5181,-21.2789,-21.1033,-21.0587,-22.6589,-23.9451,-24.5106,-23.1146,-23.1465,-21.5101,-25.3146,-17.4467,-29.1636,-19.6099,-26.7294,-20.4250,-14.3918,-25.1292,-27.5318,-18.7734,-24.9803,-22.7160,-25.0585,-20.5977,-13.5800,-7.1735,-9.7267,-3.0944,-6.5713,-18.1992,-3.8176,-6.3103,-7.6237,-21.7991,-16.5652,-0.6538,-17.7864,-19.8798,-18.0587,-21.1766,-19.2750,-13.9668,-17.1277,-16.9981,-14.7603,-19.3378,-27.9456,-27.3948,-21.9332,-6.7604,-10.6392,-11.4495,-12.4448,-25.7469,-26.0133,-21.8702,-19.2400,-12.3446,-11.4438,-26.1217,-19.4737,-11.4964,-14.4469,-13.7726,-16.6187,-7.8320,-3.4328,-7.9776,-7.1240,-16.7319,-7.5702,12.5205,5.9839,-2.1207,-5.1128,-15.5502,-13.6230,-8.5877,-15.0794,-8.3444,-11.4904,-8.2068,-5.8396,-5.9310,-10.3312,-14.9595,-11.7326,-10.6365,-0.8457,-8.1753,-9.0724,-10.2834,-10.4370,-11.3516,-11.0700,-9.4083,-10.1434,-12.1722,-14.6624,-19.9005,-20.7448,-22.7175,-20.7659,-20.1391,-15.6340,-15.3224,-11.1265,-18.4201,-14.6991,-20.7618,-18.2338,-14.1489,-15.5701,-16.4227,-17.2349,-21.1750,-20.7334,-21.5204,-16.5308,-19.1261,-17.7500,-18.1013,-19.9819,-22.6206,-22.6009,-13.2355,-18.0958,-19.9258,-16.4355,-15.6925,-17.4105,-18.0648,-16.5337,-15.2027,-12.1472,-11.1852,-12.6028,-14.0970,-5.3172,-16.7205,-16.3964,-14.2368,-15.7968,-15.8620,-19.3963,-14.7566,-5.6310,-6.4230,-6.3071,-7.0771,-12.6012,-1.1106,-8.2223,-6.2249,-6.8904,-2.3411,-5.2942,-6.2924,-11.7519,-14.3663,-14.8393,-13.0912,-14.2481,-16.1438,-13.2812,-14.6427,-7.7414,-11.5782,-9.4916,-9.7551,-2.3366,-5.3993,-6.5861,-7.2087,-7.3459,-6.2990,-7.3361,-8.0716,-11.8958,-8.8324,-8.9382,-9.0322,-9.1808,-9.3119,-9.6249,-11.0057,-11.0329,-9.8735,-9.9710,-13.5867,-10.4076,-10.3191,-10.2909,-10.2849,-10.2722,-10.3777,-11.6374,-11.2875,-10.3930,-10.4308,-13.8658,-10.8016,-10.6933,-10.6988,-10.7260,-10.7601,-10.8898,-12.1187,-11.5387,-11.1304,-11.2334,-14.5742,-11.7623,-11.7342,-11.8185,-11.9191,-12.0202,-12.2202,-13.3098,-12.7128,-12.5568,-12.6741,-15.1530,-13.1768,-13.1598,-13.2459,-13.3214
45125.6666667,-26.1700,-26.8334,-20.7225,-17.9055,-8.1141,-12.8834,-17.3352,-31.8332,-19.4343,-14.1143,-17.5948,-17.3035,-16.9840,-19.8613,-22.0811,-23.1831,-22.9382,-23.3028,-20.5673,-24.9831,-17.8133,-28.8816,-18.6314,-25.0357,-19.2316,-13.5298,-25.2963,-27.1211,-22.1694,-26.3898,-26.7948,-28.9085,-24.9090,-18.1327,-11.8791,-13.8489,-3.8112,-5.1722,-16.3841,-0.1549,-1.0686,-1.3374,-14.4851,-8.3280,5.9775,-13.1990,-14.9771,-12.7452,-16.8903,-15.5185,-10.5032,-13.9362,-13.8746,-11.4010,-15.2524,-28.8346,-28.7210,-24.0722,-6.9141,-9.8735,-10.3336,-11.0161,-25.9358,-27.1727,-23.2271,-22.3160,-17.1087,-12.6036,-26.1337,-19.4981,-11.2791,-16.7565,-16.4087,-16.9422,-6.1832,-2.7665,-6.5931,-8.0090,-15.4555,-2.5636,16.6503,10.5652,3.0830,0.4594,-7.5563,-6.4595,-2.1970,-7.7183,-2.0939,-4.7255,-3.1616,0.1847,-0.3527,-6.0991,-12.2779,-8.9140,-8.2483,1.8426,-5.6621,-6.7382,-8.1670,-8.7114,-10.5641,-12.2203,-8.5778,-8.4470,-9.5573,-11.2536,-16.0517,-17.7015,-18.4700,-15.8630,-16.7612,-12.7077,-13.4849,-7.4346,-13.1099,-10.1902,-18.0698,-16.7285,-10.9709,-12.6805,-15.0830,-14.2680,-17.7605,-16.8277,-17.4967,-12.8000,-14.8443,-14.0359,-16.1171,-18.9018,-22.4934,-23.6134,-13.8931,-18.2752,-19.3197,-16.8895,-14.2224,-16.0001,-17.8503,-18.4958,-17.0781,-12.7077,-11.7157,-12.1076,-15.0162,-6.0607,-17.7522,-16.8237,-15.8151,-15.4208,-14.9704,-19.0337,-13.2519,-4.6587,-4.8133,-3.7018,-3.9277,-9.5226,0.8839,-7.4459,-3.4329,-3.1571,2.0216,-2.4645,-2.5873,-9.7262,-12.3576,-12.9729,-10.4518,-12.2423,-15.1423,-13.5387,-16.4824,-7.8878,-10.3730,-8.5806,-8.4276,-1.2669,-3.5980,-4.2825,-4.6418,-4.3406,-3.0889,-4.1275,-4.6306,-7.4048,-5.0111,-5.0215,-5.0537,-5.1715,-5.2936,-5.6093,-6.7809,-6.8296,-5.9406,-6.1243,-8.9895,-6.7304,-6.7876,-6.9140,-7.0635,-7.1990,-7.4359,-8.5939,-8.4096,-7.7281,-7.8473,-10.5382,-8.2930,-8.2435,-8.2965,-8.3539,-8.3982,-8.5132,-9.5078,-9.0276,-8.5920,-8.6289,-11.1378,-8.9699,-8.8860,-8.9180,-8.9647,-9.0084,-9.1441,-9.9871,-9.4864,-9.2720,-9.3319,-11.2488,-9.7022,-9.6601,-9.7291,-9.7850
45125.7083333,-19.0968,-22.1225,-15.4325,-13.1625,-5.6887,-6.7215,-10.6650,-23.7080,-12.7851,-6.9342,-11.4656,-9.9091,-8.7257,-12.0529,-14.4527,-15.3784,-15.7585,-16.2563,-12.8273,-17.8343,-13.9507,-21.8675,-12.5472,-18.8047,-15.3089,-9.7508,-19.4829,-20.5364,-19.0476,-22.2589,-25.7821,-28.9986,-27.2702,-20.8387,-15.4493,-16.6538,-6.4010,-6.1282,-15.1633,0.7123,1.1588,2.1359,-7.9284,-1.9214,12.3883,-4.7534,-5.4365,-3.2583,-6.7468,-4.7217,-1.3273,-4.8770,-5.1792,-3.0560,-5.5787,-21.6805,-22.4223,-19.0719,-3.3318,-5.3702,-5.5992,-5.9556,-19.9816,-22.0729,-17.3941,-18.7945,-15.5484,-12.4637,-24.1409,-18.4628,-11.6867,-15.6771,-16.1192,-15.4503,-5.4719,-2.8064,-5.3804,-6.9550,-12.2405,0.7401,19.1871,14.3481,7.7660,5.5167,-0.0172,1.3213,5.9162,1.7434,7.1964,4.8821,5.7757,10.2250,10.1469,4.7392,-1.0049,1.8713,2.4726,11.1126,4.6837,3.5445,2.1192,1.2718,-1.0083,-2.7686,-0.5653,-0.7174,-2.0585,-4.4223,-8.9425,-12.1582,-12.1830,-10.4182,-11.7110,-8.1131,-9.4227,-3.8854,-8.1894,-5.7769,-12.9433,-12.1197,-5.9620,-8.0472,-10.4422,-9.8445,-14.1603,-12.5665,-12.0243,-7.2290,-7.9795,-6.5499,-9.0030,-11.2078,-15.4496,-17.7557,-10.5695,-14.4895,-15.2931,-13.7610,-10.4243,-12.2748,-14.5650,-15.4133,-13.7846,-9.9303,-9.8829,-9.3062,-12.2033,-5.6351,-15.6811,-14.5865,-14.6699,-14.2560,-13.5978,-17.9261,-10.4932,-5.0819,-4.6127,-3.4953,-2.2652,-6.0645,3.1958,-3.4202,0.3416,1.2374,5.9012,0.9078,1.9375,-4.3876,-6.8953,-7.2212,-4.7065,-5.9192,-9.4646,-8.9655,-11.6764,-4.1482,-6.0464,-4.8314,-4.6588,1.1975,-0.5659,-0.9782,-1.2290,-0.8629,0.2078,-0.2326,-0.3880,-2.2935,-0.1840,0.0943,0.3514,0.5149,0.6647,0.6017,-0.1892,-0.0011,0.9812,1.0081,-1.0947,0.7660,0.8468,0.8331,0.7717,0.7012,0.5018,-0.5073,-0.3706,0.2372,0.1061,-2.0678,-0.3984,-0.4034,-0.5244,-0.6585,-0.7855,-0.9911,-1.9573,-1.6748,-1.3249,-1.4260,-3.4866,-1.8739,-1.8391,-1.9169,-2.0026,-2.0778,-2.2418,-2.9933,-2.6172,-2.3900,-2.4325,-3.9953,-2.7516,-2.6761,-2.7137,-2.7424
45125.7500000,-15.0010,-18.8411,-12.0344,-11.1408,-4.9423,-4.0852,-7.8625,-18.6810,-9.4304,-3.3150,-7.7963,-5.6944,-4.2754,-7.1953,-9.5670,-10.1540,-10.4659,-10.3507,-6.6602,-11.0117,-8.7025,-14.2386,-6.2841,-11.9322,-9.9113,-5.5510,-13.7571,-14.2055,-14.7300,-16.5864,-21.7198,-24.9734,-24.8240,-19.1214,-15.3653,-16.4533,-8.1358,-7.9185,-15.2392,-1.4667,-1.1735,-0.0423,-8.2446,-2.8671,11.6528,-2.6541,-1.9873,0.6602,-1.6973,0.8362,3.8346,1.2831,1.3857,3.4173,0.7957,-13.1961,-13.4805,-10.7767,2.6306,0.6671,0.0016,-0.6767,-13.4118,-15.6794,-10.9954,-13.1329,-10.8871,-9.3943,-20.2588,-16.4899,-11.7081,-15.6495,-16.3065,-14.4175,-5.3329,-3.8980,-5.4347,-7.0924,-11.2896,0.5046,17.1387,12.5654,6.1173,3.7610,-0.1451,0.9520,5.6946,2.3134,7.6923,5.1258,6.9604,12.5938,13.3168,9.0258,3.4829,6.9747,8.5137,15.6240,10.4641,9.2972,8.2789,9.2985,4.6520,3.7161,5.7534,6.4446,4.9940,2.7319,-1.3167,-4.7194,-4.5997,-3.5915,-4.9515,-2.1676,-3.6991,0.6685,-3.0002,-1.4778,-8.1432,-7.7696,-2.6583,-4.3227,-6.5847,-6.2903,-10.8133,-9.3587,-8.2625,-4.0332,-4.4222,-3.0911,-4.8555,-6.1838,-9.3456,-11.5017,-6.1406,-9.7113,-10.4434,-9.6900,-6.3423,-8.1994,-10.3988,-11.6797,-9.8035,-6.5641,-7.2887,-6.4872,-8.9713,-4.2091,-12.7869,-11.5680,-12.1935,-11.7883,-11.7055,-16.4901,-8.4899,-5.3717,-5.4162,-4.2155,-2.8667,-5.4710,2.4681,-3.6370,-0.3936,1.2876,5.4133,0.2825,2.5878,-2.7208,-4.3121,-3.8416,-1.5147,-1.8023,-4.6412,-4.4957,-6.3839,0.1094,-1.5768,-0.8116,-0.8330,4.2062,2.3828,1.6565,1.2971,1.6892,2.0400,2.0163,1.7870,0.2141,1.8090,2.0170,2.2298,2.3750,2.5306,2.4985,1.8737,2.1358,3.1121,3.2750,1.7562,3.3653,3.6208,3.7931,3.9237,4.0466,4.0382,3.3237,3.5965,4.3142,4.3609,2.7622,4.1864,4.3174,4.3214,4.2977,4.2651,4.1372,3.3323,3.5750,3.9400,3.8699,2.2107,3.4561,3.4832,3.3916,3.2840,3.1791,2.9784,2.2734,2.5131,2.6904,2.6065,1.2597,2.2097,2.2455,2.1740,2.1159
45125.7916667,-8.5651,-13.1550,-6.6541,-7.0925,-2.3840,-0.3953,-3.8379,-13.5658,-6.3091,-0.4907,-4.9280,-2.7147,-2.1030,-3.8100,-5.4043,-5.7229,-5.9125,-6.1661,-2.6687,-6.3727,-5.0445,-9.0130,-2.6652,-6.6303,-5.3522,-0.7583,-8.1414,-8.1916,-9.5441,-10.7144,-16.7357,-20.1479,-20.9428,-15.6027,-12.8006,-13.5576,-6.9707,-6.2615,-12.5543,-0.3919,-0.3974,1.0867,-5.7413,-1.3189,11.8580,-1.8896,-1.2647,1.4777,-1.0306,1.6364,4.5496,2.9864,4.0407,6.3058,2.8661,-8.1939,-8.0794,-5.5086,7.0862,5.8612,5.4916,5.2244,-5.5233,-8.0435,-3.6143,-6.4702,-4.7201,-4.5802,-15.0981,-12.7542,-9.4382,-13.0969,-14.5244,-12.3555,-4.8434,-4.6849,-5.9782,-7.2888,-10.0569,0.5362,16.5426,12.5512,7.2374,4.9800,1.8800,3.2645,7.8123,4.7367,9.5012,6.0563,7.9016,13.7821,14.6264,10.0439,4.2454,7.2057,9.4492,15.2805,11.3756,10.1456,9.1992,12.1446,7.8674,7.4727,9.5763,11.1133,9.5125,8.0417,4.2540,2.0854,1.4136,1.8765,0.8230,2.6957,1.5044,4.3803,2.1905,3.9072,-1.8826,-1.7885,1.7137,0.4870,-1.5586,-1.3047,-6.0958,-5.4855,-4.1408,-0.5510,-0.6334,-0.1824,-1.6598,-2.9573,-5.6086,-7.5459,-3.0556,-5.4765,-5.7113,-5.1583,-2.1403,-3.7810,-5.9951,-7.6657,-6.0644,-3.2655,-4.0102,-3.4723,-5.6306,-2.5734,-9.1268,-8.0099,-9.0643,-8.7791,-8.8006,-13.9030,-6.1890,-4.4610,-5.0257,-3.8312,-2.4429,-4.1729,2.5646,-3.1586,-0.2734,1.8113,5.3895,0.2746,2.7530,-1.8599,-3.3709,-2.5155,-0.8024,-0.4253,-2.1700,-1.9367,-3.1657,2.8310,1.5488,2.3033,2.3028,7.3722,5.5478,4.5087,4.2605,5.0635,4.7050,5.3474,5.1299,3.8633,5.0562,5.1689,5.2748,5.3101,5.3494,5.2131,4.5870,4.7252,5.4742,5.5392,4.2832,5.4890,5.6694,5.7876,5.8821,5.9846,5.9808,5.3946,5.6583,6.3365,6.4450,5.2575,6.4577,6.6751,6.7849,6.8770,6.9666,6.9718,6.4043,6.7106,7.1636,7.2242,6.0103,7.0848,7.2163,7.2320,7.2253,7.2128,7.1028,6.5630,6.7952,7.0052,6.9678,5.8866,6.6580,6.7040,6.6454,6.5958
45125.8333333,0.2601,-4.1665,0.9899,0.2467,4.0373,5.4342,2.5781,-6.0179,-0.5207,4.1739,0.3632,1.9948,1.9439,0.6082,-0.9507,-1.2637,-1.4347,-1.8397,0.9593,-2.1399,-1.3422,-4.3947,0.4627,-2.8216,-1.8300,2.5269,-3.5967,-3.4332,-4.9506,-5.4855,-11.3986,-14.5340,-15.9721,-11.1358,-9.1540,-9.6575,-4.4464,-3.8086,-8.5099,1.7472,1.6762,3.2447,-2.2057,1.6206,13.7388,1.3492,1.7891,4.0361,1.4021,3.4445,5.9310,4.7902,5.8869,7.8456,4.0267,-4.4689,-4.2125,-1.9077,9.3707,8.1240,7.9491,7.7004,-0.7702,-2.7162,1.3289,-0.8624,1.1331,1.1978,-8.4358,-7.4232,-5.5034,-9.0473,-10.3448,-8.4535,-2.5109,-3.2321,-4.5010,-5.9092,-8.1873,0.9058,15.1509,11.7849,6.9187,4.8241,2.7573,3.9850,8.5997,5.9760,10.7223,7.0148,9.9039,15.4884,16.6035,12.4909,6.4759,9.0827,11.2327,15.4578,12.7114,11.2897,10.6041,14.3890,10.9658,10.7196,13.1770,14.7663,12.6552,11.7845,8.1286,7.5034,6.2724,6.4233,5.9245,6.8466,6.2690,7.8220,6.5565,8.2704,3.6835,3.6321,4.9875,4.9453,3.1592,3.5370,-0.5561,-0.1888,0.9979,3.8668,3.5707,3.2454,2.2406,1.0969,-1.0818,-2.8641,0.2930,-1.8548,-1.9045,-1.2999,1.2672,0.0150,-1.6952,-3.1417,-1.7532,0.3774,-0.2229,0.0753,-1.6674,0.2575,-4.9067,-3.9772,-5.2722,-5.3126,-5.5865,-10.4852,-3.5357,-2.5724,-3.3320,-2.1975,-0.8102,-2.0981,3.2965,-1.4358,0.9426,2.8580,5.7429,1.4820,3.6044,-0.1799,-1.6169,-0.8845,0.2763,0.8009,-0.3399,-0.0316,-0.8628,4.1301,3.1188,3.8370,3.8592,8.8892,7.1067,5.8444,5.8094,7.1033,6.1118,7.6230,7.6298,6.8488,7.9184,8.1743,8.4147,8.5840,8.7409,8.7345,8.3256,8.5084,9.1633,9.2628,8.3389,9.2646,9.4168,9.5072,9.5681,9.6264,9.5878,9.0810,9.2425,9.7456,9.7950,8.8546,9.7286,9.8780,9.9454,10.0045,10.0681,10.0676,9.6185,9.8619,10.2523,10.3331,9.4427,10.2992,10.4613,10.5352,10.5959,10.6558,10.6371,10.2811,10.5288,10.7795,10.8276,10.0608,10.7211,10.8328,10.8531,10.8655
45125.8750000,8.8295,5.4621,9.3064,8.7046,12.3012,12.1592,10.3137,2.5825,6.9451,10.0937,7.2628,8.2942,7.4353,6.8509,5.4231,4.7942,4.3859,3.7204,5.3873,2.8210,3.4013,0.7346,4.1113,1.6146,2.2902,6.1777,0.8885,0.9236,-0.5237,-0.8678,-6.2671,-9.0378,-10.6661,-6.2248,-4.6535,-4.8868,-0.6455,-0.1774,-3.8617,4.5469,4.5469,5.7851,1.3305,4.5217,15.7961,5.0476,5.2941,7.1335,4.6727,6.0147,8.2359,7.6860,8.7235,10.3051,6.0045,-0.0430,0.0712,1.9462,11.7741,10.3457,10.2252,9.8315,3.2306,1.5994,4.7899,3.1455,5.1438,5.4599,-2.3625,-1.9169,-0.7236,-4.0326,-5.2257,-3.6425,0.7893,-0.0362,-1.1584,-2.5659,-4.4228,3.3694,15.8486,13.0283,8.2915,6.2241,5.1426,5.9407,10.3096,7.9314,12.2225,8.0556,11.7435,16.8732,17.9945,14.5315,8.1440,10.6675,12.6920,15.4377,13.7673,12.2766,12.0448,16.7192,13.4226,13.4103,16.4777,18.1345,15.6011,15.4028,11.5508,12.4031,9.9318,9.6704,9.7217,9.6940,9.8598,10.2847,9.8645,11.9005,8.5372,8.5553,7.7101,9.2388,7.5990,8.1913,5.2115,5.4650,6.2978,8.7626,7.9021,6.5961,6.2829,5.4409,3.8484,2.4105,4.8408,2.8354,2.5861,2.9301,4.5106,3.5141,2.1088,0.9477,1.9407,3.3755,3.1299,2.9862,1.8923,3.4852,-0.5321,0.1955,-0.9304,-1.1084,-1.6182,-6.1387,-0.4308,0.0857,-0.6509,0.2768,1.4646,0.5234,4.9319,1.1251,2.9353,4.5936,6.7920,3.3505,5.2667,2.1442,0.9838,1.4668,1.9712,2.4954,1.7960,2.0952,1.4550,5.2896,4.3472,4.8949,4.7979,9.6699,7.7821,6.2611,6.3326,7.9620,6.3805,8.4984,8.6294,8.2111,9.1386,9.4911,9.8366,10.1311,10.4146,10.5696,10.4188,10.7015,11.3405,11.5731,11.0509,11.8654,12.1262,12.3365,12.5173,12.6859,12.7674,12.4856,12.6829,13.1342,13.2446,12.6183,13.2991,13.4583,13.5496,13.6262,13.6970,13.7082,13.3752,13.5429,13.8281,13.8840,13.2245,13.8329,13.9509,14.0064,14.0539,14.1018,14.0898,13.8274,14.0097,14.2091,14.2630,13.7189,14.2199,14.3368,14.3894,14.4302
45125.9166667,14.8126,13.2056,15.7921,15.5659,19.5038,17.1135,16.5879,9.4533,13.2464,14.6458,12.9841,13.5218,11.6581,12.4370,11.5556,10.8054,10.5015,9.6146,9.8804,7.9864,8.7934,6.0000,7.9233,6.3382,6.6424,10.1649,5.1392,4.7990,3.6964,3.1393,-1.4963,-4.0108,-5.7649,-1.9361,-0.7406,-0.9087,2.5594,2.9551,-0.0457,6.9969,7.0402,7.8191,4.1360,6.7724,17.3022,7.9321,7.7975,9.3236,6.9160,7.6476,9.7566,9.7823,10.8022,12.0400,7.0956,3.8028,3.8702,5.3920,13.9258,12.1169,11.9165,11.2826,6.3487,5.0800,7.4054,6.2665,8.1614,8.5417,2.0968,2.4161,3.3413,0.5252,-0.5343,0.7187,3.7547,3.3781,2.3122,0.9890,-0.6319,5.9500,16.6513,14.1271,9.2903,7.0983,6.9125,7.3093,11.5943,9.3764,13.3184,8.6237,13.0474,17.7063,18.7354,15.7989,8.8980,11.3876,13.2445,14.7336,13.7896,12.1596,12.1937,17.5415,14.5574,14.6309,18.2054,19.8541,16.8184,17.4247,13.4328,16.1256,12.3415,11.8289,12.4346,11.5147,12.3549,11.7850,12.0021,14.3596,11.9077,11.9258,8.9103,12.0103,10.4391,11.4792,9.8961,10.2576,10.6910,12.8651,11.1998,8.7507,9.2348,8.7679,7.8420,6.9078,9.1417,7.2222,6.8272,7.1107,7.5124,6.7892,5.6452,4.8462,5.2269,5.9484,6.0844,5.1232,4.5664,6.2222,2.9322,3.3253,2.4683,2.2292,1.7837,-1.8927,2.3511,2.7462,2.2149,2.7724,3.5445,2.8612,6.7615,3.5605,4.7382,6.1673,7.7203,4.7914,6.6538,3.9409,3.2289,3.4985,3.2763,3.9323,3.7941,4.1283,3.5522,6.3129,5.3005,5.6397,5.3515,10.0609,7.9509,6.1561,6.2342,8.0438,5.9950,8.4024,8.5092,8.2612,8.9752,9.2901,9.6075,9.8961,10.1840,10.3870,10.3783,10.6823,11.2452,11.5252,11.2729,11.9721,12.2831,12.5611,12.8204,13.0727,13.2639,13.1968,13.4685,13.9200,14.1287,13.8114,14.4177,14.6520,14.8343,15.0017,15.1600,15.2705,15.1302,15.3383,15.6238,15.7404,15.3419,15.8348,15.9746,16.0637,16.1408,16.2121,16.2353,16.0752,16.2253,16.3840,16.4363,16.0607,16.4231,16.5125,16.5547,16.5864
45125.9583333,18.4712,18.9088,20.3649,20.6905,25.4541,20.5189,21.4394,14.6621,18.1815,17.7847,17.2506,17.3001,14.2625,16.4823,16.3343,15.5641,15.7023,14.7515,13.5013,12.4199,14.0522,10.7835,11.3922,10.9698,11.0330,14.6841,9.5289,8.6265,8.1789,7.0156,3.2833,0.8980,-0.9604,2.1411,2.9904,2.6653,5.4911,5.7631,2.9871,9.1031,9.1490,9.4294,6.3074,8.4968,18.4405,10.1524,9.4838,10.7671,8.2230,8.4455,10.5352,11.0628,12.0807,13.0235,7.4075,6.6416,6.6273,7.8682,15.4346,13.2567,13.0042,12.1595,8.6343,7.7217,9.2275,8.5670,10.4680,10.9054,5.1754,5.5088,6.4823,4.3114,3.3445,4.0757,5.9110,6.4323,5.4156,4.3478,2.8910,8.5421,17.7180,15.4357,10.4115,8.0288,8.6100,8.6053,12.8718,10.6822,14.3040,9.0450,14.0666,18.2598,19.1284,16.5547,9.0833,11.5167,13.2134,13.7620,13.3218,11.5800,11.7711,17.6172,14.8785,15.0130,19.0396,20.6696,17.1403,18.4172,14.1238,18.5134,13.3406,12.6325,13.7770,12.1465,13.6071,12.2898,13.0560,15.8376,14.1698,14.2404,9.3464,13.7885,12.1790,13.6775,13.4878,13.9931,13.9659,15.9823,13.3999,9.8180,11.0035,10.8730,10.5797,10.2125,12.6585,10.7807,10.2964,10.7296,9.8908,9.4754,8.5826,8.3219,8.0502,8.1980,8.8767,6.9499,6.8817,8.9462,6.1069,6.0905,5.4744,4.9672,4.5257,1.7502,4.4261,4.9414,4.7927,4.9213,5.2605,4.7913,8.6551,5.8562,6.4503,7.7609,8.7726,6.1408,8.0513,5.5161,5.2310,5.2056,4.1593,4.9124,5.3618,5.8223,5.2952,7.1687,6.0580,6.2455,5.7985,10.4514,8.1430,6.1456,6.2138,8.1293,5.7768,8.3128,8.3653,8.1948,8.7086,8.9422,9.1802,9.4005,9.6232,9.7887,9.8068,10.0505,10.4829,10.7197,10.5825,11.1251,11.3983,11.6533,11.9000,12.1466,12.3545,12.3829,12.6558,13.0612,13.2986,13.1655,13.6907,13.9559,14.1869,14.4094,14.6270,14.8118,14.8187,15.0726,15.3820,15.5713,15.3932,15.8456,16.0467,16.2097,16.3613,16.5058,16.6124,16.5846,16.7726,16.9628,17.0732,16.8747,17.1943,17.3159,17.3971,17.4570
45126.0000000,20.0520,22.5151,23.0140,23.9777,29.8707,22.3790,24.7783,18.3864,21.9105,19.8349,20.3838,20.0290,15.8734,19.4531,20.0774,19.2777,19.9529,18.9388,16.1077,15.8101,18.6210,14.6247,14.0580,14.9381,14.8865,19.1413,13.5908,12.0974,12.7243,10.8042,8.2749,6.0186,4.1614,6.4700,7.0185,6.3677,8.6745,8.8004,5.9068,11.3317,11.3606,11.1240,8.4011,10.2285,19.7129,12.2608,10.9547,11.9482,9.1576,8.9594,11.0550,11.9878,12.9937,13.6745,7.4663,8.8738,8.7275,9.7170,16.5263,13.9834,13.6804,12.6477,10.2970,9.7259,10.4913,10.2805,12.2825,12.7685,7.2951,7.6734,8.8522,7.3870,6.4647,6.5367,7.3622,8.9879,8.0058,7.3243,5.9878,10.9574,18.8494,16.7924,11.5287,8.9148,10.2150,9.8754,14.2725,12.0877,15.5039,9.6978,15.3055,19.1026,19.8115,17.5159,9.4790,11.8510,13.3927,13.2292,13.1207,11.2804,11.5374,17.7002,14.8602,15.0262,19.4204,21.0306,17.0769,18.8504,14.2573,20.1111,13.6182,12.7138,14.2758,12.0983,14.0188,12.1526,13.3041,16.4597,15.4244,15.5610,9.2048,14.6905,13.0462,15.0202,16.2034,16.9405,16.4672,18.4253,14.9124,10.3407,12.0721,12.2001,12.4329,12.5920,15.4500,13.5406,12.9740,13.6656,11.5999,11.4897,10.8316,11.2032,10.2888,9.9876,11.3139,8.4005,8.8072,11.5373,8.9847,8.5627,8.2459,7.4596,7.0404,5.1710,6.2608,7.0112,7.3287,6.9752,6.8448,6.5263,10.6734,8.1008,8.1474,9.4259,9.9806,7.4933,9.5526,7.0470,7.2100,6.8664,4.9842,5.7765,6.7701,7.3812,6.8635,7.9870,6.7531,6.8232,6.2416,10.9199,8.4341,6.2801,6.3405,8.3378,5.7801,8.3938,8.4075,8.2913,8.6619,8.8353,9.0128,9.1786,9.3468,9.4749,9.4984,9.6828,10.0030,10.1858,10.1034,10.5048,10.7174,10.9188,11.1162,11.3155,11.4891,11.5369,11.7605,12.0817,12.2869,12.2312,12.6458,12.8800,13.0934,13.3041,13.5146,13.7049,13.7716,14.0166,14.3047,14.5107,14.4579,14.8550,15.0771,15.2742,15.4651,15.6524,15.8139,15.8804,16.1005,16.3230,16.4889,16.4344,16.7465,16.9168,17.0528,17.1553
45126.0416667,20.3257,24.5214,24.1714,25.7035,32.7613,22.8737,26.5824,20.5811,24.2549,20.6944,22.2148,21.5502,16.4647,21.2899,22.7052,21.9263,23.2216,22.1797,17.8381,18.2549,22.3825,17.4984,15.8916,18.0428,17.9194,23.0345,16.8670,14.7679,16.7237,13.9687,12.9174,10.8624,9.2344,10.8027,11.1875,10.1527,12.1119,12.1361,8.8805,13.8565,13.8375,13.0491,10.5816,12.1040,21.2499,14.4548,12.4454,13.1558,10.0462,9.4847,11.5785,12.8153,13.7774,14.2038,7.4916,10.7182,10.3923,11.1350,17.3181,14.4131,14.0496,12.8464,11.4534,11.1836,11.2865,11.4701,13.6155,14.1566,8.7165,9.1514,10.5887,9.8073,8.8722,8.2361,8.2252,10.9721,9.9903,9.7432,8.4626,12.9172,19.6981,17.8292,12.2842,9.4385,11.3891,10.7705,15.3978,13.2004,16.5085,10.1765,16.3864,19.8826,20.4762,18.4463,9.8801,12.2530,13.6940,12.9875,13.1243,11.2209,11.5265,17.9276,14.7832,14.9541,19.6159,21.1839,16.8655,19.0145,14.1456,21.1918,13.5303,12.4595,14.3084,11.7364,13.9589,11.7123,13.1057,16.5307,15.9762,16.1577,8.7590,14.9289,13.2423,15.6057,18.0233,19.0229,18.1403,20.1127,15.7405,10.4012,12.5533,12.9043,13.5822,14.2156,17.5785,15.5950,14.9475,15.9345,12.7114,12.8669,12.4020,13.4006,11.8710,11.2103,13.1915,9.3475,10.1827,13.6936,11.3035,10.4964,10.5255,9.5249,9.2103,8.3045,7.8518,8.9109,9.7642,8.8990,8.3008,8.1132,12.7765,10.2920,9.8114,11.1162,11.2670,8.8027,11.0932,8.5095,9.1519,8.4895,5.7858,6.6583,8.1518,8.9189,8.3696,8.8393,7.4551,7.4237,6.7155,11.4699,8.8023,6.5030,6.5498,8.6119,5.8880,8.5559,8.5325,8.4467,8.7080,8.8314,8.9593,9.0802,9.2041,9.3006,9.3236,9.4616,9.6975,9.8372,9.7891,10.0853,10.2489,10.4057,10.5605,10.7175,10.8571,10.9080,11.0843,11.3312,11.4969,11.4781,11.7939,11.9836,12.1597,12.3353,12.5122,12.6761,12.7536,12.9590,13.1972,13.3791,13.3790,13.6999,13.8993,14.0833,14.2652,14.4467,14.6120,14.7120,14.9229,15.1379,15.3150,15.3373,15.6210,15.8052,15.9628,16.0835
45126.0833333,20.3030,25.9064,24.7920,26.7908,34.9534,22.9018,27.6428,21.8806,25.6674,20.8089,23.0934,22.1290,16.2769,22.0556,24.1825,23.4414,25.3838,24.3636,18.6853,19.7467,25.2519,19.4551,16.9848,20.3183,20.1731,26.3190,19.4089,16.7066,20.0617,16.4007,16.9194,15.0975,13.8622,14.7491,15.1161,13.6822,15.4921,15.5189,11.7359,16.5115,16.4971,15.1723,12.8821,14.1881,23.1641,16.8838,14.1151,14.5160,11.0388,10.1707,12.2826,13.7675,14.6778,14.8698,7.7045,12.4652,11.9144,12.4179,18.0798,14.8154,14.3706,12.9975,12.3576,12.3285,11.8292,12.3293,14.6044,15.1668,9.6026,10.1065,11.8363,11.7200,10.7404,9.3660,8.6937,12.4925,11.4843,11.7031,10.4462,14.5362,20.3739,18.6659,12.8262,9.7550,12.2538,11.3854,16.2670,14.0278,17.2749,10.4467,17.2204,20.4837,20.9852,19.1842,10.1140,12.5122,13.8924,12.7864,13.1123,11.1722,11.5212,18.1329,14.6116,14.7967,19.6806,21.2239,16.6225,19.0284,13.9407,21.9652,13.3110,12.1088,14.1480,11.3156,13.7225,11.2339,12.7619,16.3621,16.1695,16.3733,8.2754,14.8157,13.0842,15.7254,19.1936,20.4281,19.1499,21.1639,16.0248,10.1309,12.5568,13.0719,14.1014,15.1459,19.0543,16.9893,16.2813,17.5868,13.3354,13.7160,13.4099,14.9965,12.9121,11.9680,14.5549,9.8842,11.0652,15.3750,13.0649,11.9053,12.2674,11.0679,10.8882,10.9586,9.0671,10.4822,11.9290,10.5632,9.5303,9.4696,14.8363,12.3633,11.3978,12.7936,12.6008,10.0799,12.6670,9.9234,11.0552,10.0689,6.5568,7.5070,9.5015,10.4630,9.8765,9.7859,8.2417,8.1289,7.3032,12.1993,9.3470,6.9014,6.9334,9.0639,6.1848,8.9076,8.8451,8.7684,8.9395,9.0143,9.0936,9.1694,9.2487,9.3097,9.3195,9.4125,9.5772,9.6751,9.6408,9.8525,9.9721,10.0882,10.2043,10.3233,10.4309,10.4763,10.6118,10.7990,10.9298,10.9301,11.1690,11.3198,11.4620,11.6047,11.7492,11.8851,11.9601,12.1269,12.3181,12.4704,12.4938,12.7461,12.9136,13.0712,13.2282,13.3860,13.5333,13.6350,13.8166,14.0028,14.1632,14.2147,14.4529,14.6217,14.7706,14.8857
45126.1250000,19.3998,26.1370,24.4435,26.8583,36.0710,22.1861,27.8259,22.3726,26.3560,20.4546,23.3719,22.1882,15.7980,22.2229,24.9204,24.1660,26.6393,25.5931,18.7575,20.3295,27.0980,20.4185,17.2635,21.6215,21.4871,28.7104,21.0228,17.8126,22.5711,18.0572,20.1590,18.5754,17.8251,18.0673,18.4996,16.6566,18.4534,18.5622,14.1531,18.9682,18.9872,17.1364,14.9631,16.1334,25.1470,19.3753,15.8539,15.9783,12.1291,10.9860,13.1367,14.8378,15.6945,15.6629,8.0568,14.1798,13.3855,13.6505,18.8658,15.2470,14.7137,13.1842,13.1452,13.3099,12.2745,13.0246,15.4043,15.9399,10.1401,10.6787,12.6600,13.1298,12.0757,10.0412,8.8474,13.5586,12.5053,13.1620,11.8810,15.6800,20.6855,19.1038,12.9806,9.7259,12.6792,11.6161,16.7611,14.4789,17.7071,10.4512,17.7250,20.8011,21.2264,19.6341,10.1281,12.5648,13.9030,12.4862,12.9486,10.9884,11.3721,18.1519,14.1229,14.3319,19.3873,20.9247,16.1315,18.7671,13.5720,22.4204,12.9843,11.7128,13.8608,10.8654,13.3656,10.7311,12.3232,16.0125,16.0833,16.2979,7.8037,14.5004,12.7429,15.5663,19.8792,21.3077,19.6560,21.6996,15.9093,9.6714,12.2476,12.8732,14.1529,15.5122,19.9091,17.7528,16.9933,18.6013,13.4845,14.0566,13.8889,15.9918,13.4370,12.2853,15.3937,10.0552,11.5084,16.5415,14.2518,12.7814,13.4547,12.1043,12.0701,13.0597,9.8630,11.6102,13.6372,11.7851,10.3546,10.4171,16.5723,14.0367,12.6295,14.1546,13.6635,11.0434,13.9940,11.0717,12.7537,11.4926,7.2296,8.2608,10.7533,11.9350,11.3058,10.7192,9.0046,8.8272,7.8920,12.9844,9.9297,7.3243,7.3440,9.5570,6.5108,9.3142,9.2183,9.1446,9.2477,9.2838,9.3241,9.3630,9.4053,9.4356,9.4302,9.4846,9.5907,9.6505,9.6171,9.7591,9.8369,9.9134,9.9909,10.0716,10.1454,10.1760,10.2717,10.4054,10.5004,10.5040,10.6780,10.7909,10.8990,11.0088,11.1210,11.2283,11.2935,11.4247,11.5744,11.6975,11.7302,11.9259,12.0627,12.1934,12.3246,12.4572,12.5831,12.6775,12.8293,12.9850,13.1234,13.1851,13.3797,13.5256,13.6565,13.7579
45126.1666667,18.5318,26.0734,23.8748,26.5845,36.6829,21.2790,27.5273,22.2634,26.3526,19.6216,22.9891,21.6188,14.8843,21.7701,24.9486,24.2124,27.1762,26.1235,18.3605,20.3062,28.1815,20.7030,17.0142,22.1727,22.0405,30.2850,21.8263,18.1601,24.1812,18.8669,22.4721,21.1479,20.9599,20.6200,21.1950,18.9504,20.8371,21.0819,15.9878,20.9906,21.0914,18.7521,16.6651,17.7757,27.0033,21.7044,17.4409,17.3348,13.1229,11.7549,13.9979,15.9297,16.7706,16.5570,8.5041,15.8884,14.8469,14.8975,19.7578,15.7926,15.1628,13.4785,13.9107,14.2251,12.7036,13.6459,16.1042,16.5701,10.4528,11.0063,13.2123,14.2077,13.0575,10.3848,8.8052,14.2753,13.1625,14.2393,12.9227,16.5149,20.8110,19.3332,12.9589,9.5582,12.8438,11.6086,16.9634,14.6233,17.8314,10.2262,17.8923,20.8130,21.1693,19.7465,9.8851,12.3403,13.6478,12.0184,12.5812,10.6227,11.0312,17.9222,13.4460,13.6661,18.8160,20.3383,15.4194,18.1927,12.9454,22.4473,12.4329,11.1532,13.3764,10.3173,12.8667,10.1786,11.8013,15.5338,15.8111,16.0362,7.3545,14.0519,12.2854,15.2142,20.2045,21.7928,19.8008,21.8700,15.5499,9.1357,11.7566,12.4401,13.8823,15.4748,20.2900,18.0390,17.2271,19.0918,13.2776,13.9830,13.9162,16.4439,13.5128,12.2163,15.7440,9.9081,11.5528,17.2091,14.9226,13.2013,14.1399,12.6600,12.7597,14.5827,10.2709,12.3192,14.8966,12.6116,10.8427,11.0051,17.9573,15.3273,13.5356,15.2123,14.4737,11.7344,15.0481,11.9218,14.1274,12.6087,7.6616,8.8114,11.7909,13.2271,12.5717,11.5637,9.6873,9.4666,8.4359,13.7818,10.5244,7.7567,7.7702,10.0836,6.8671,9.7713,9.6461,9.5692,9.6182,9.6202,9.6259,9.6311,9.6396,9.6402,9.6163,9.6357,9.6932,9.7190,9.6794,9.7655,9.8074,9.8494,9.8932,9.9403,9.9834,9.9967,10.0571,10.1456,10.2076,10.2055,10.3252,10.4028,10.4779,10.5551,10.6350,10.7124,10.7607,10.8568,10.9672,11.0599,11.0893,11.2354,11.3409,11.4431,11.5468,11.6525,11.7544,11.8348,11.9569,12.0829,12.1975,12.2584,12.4145,12.5366,12.6477,12.7343
45126.2083333,16.7937,24.9252,22.4355,25.4221,36.3253,19.7998,26.5658,21.6478,25.8978,18.5939,22.3076,20.8286,13.9463,21.0680,24.5862,23.8332,27.1637,26.0836,17.6183,19.8263,28.6112,20.4649,16.4107,22.1694,22.0491,31.2091,22.0493,18.0290,25.1242,19.1029,24.0253,22.9223,23.2862,22.4021,23.1491,20.5248,22.5627,22.9825,17.2109,22.4710,22.6758,19.8863,17.8635,18.9663,28.5429,23.7297,18.7648,18.4533,13.9158,12.3586,14.7213,16.8949,17.7565,17.3992,8.9031,17.5023,16.2452,16.1157,20.7145,16.4281,15.7206,13.9053,14.7347,15.1839,13.2338,14.3356,16.8606,17.2100,10.6962,11.2216,13.5965,15.0369,13.7778,10.5513,8.6850,14.7539,13.5752,15.0233,13.6528,17.0795,20.7556,19.3626,12.7819,9.2815,12.8109,11.4511,16.9802,14.5947,17.7918,9.9332,17.8884,20.6713,20.9618,19.6818,9.5667,12.0148,13.2848,11.5031,12.1255,10.1817,10.5986,17.5327,12.4764,12.7203,17.9094,19.4317,14.4815,17.3386,12.1422,22.1211,11.7243,10.4664,12.7082,9.6516,12.1930,9.5127,11.1309,14.8529,15.2878,15.5320,6.8615,13.4663,11.7287,14.7185,20.2393,21.9747,19.6977,21.7854,15.0633,8.6148,11.2164,11.9267,13.4615,15.2080,20.3439,18.0039,17.1431,19.2125,12.8690,13.6627,13.6667,16.5123,13.2927,11.8994,15.7241,9.5599,11.3180,17.4465,15.1508,13.2343,14.3914,12.8272,13.0475,15.5863,10.3599,12.6436,15.7002,13.0410,10.9994,11.2502,18.9409,16.2016,14.0854,15.9167,14.9734,12.1208,15.7897,12.4772,15.1906,13.4525,7.9218,9.1272,12.5597,14.2663,13.5999,12.2318,10.2078,9.9630,8.8547,14.4839,11.0247,8.0987,8.1140,10.5418,7.1551,10.1835,10.0419,9.9687,9.9847,9.9676,9.9530,9.9382,9.9256,9.9076,9.8721,9.8674,9.8897,9.8897,9.8436,9.8867,9.8989,9.9115,9.9259,9.9432,9.9584,9.9530,9.9817,10.0311,10.0626,10.0495,10.1235,10.1687,10.2131,10.2600,10.3097,10.3587,10.3880,10.4520,10.5271,10.5906,10.6101,10.7132,10.7885,10.8624,10.9382,11.0164,11.0928,11.1549,11.2473,11.3434,11.4324,11.4842,11.6041,11.7008,11.7897,11.8592
45126.2500000,14.8767,23.2467,20.5133,23.6235,35.0650,17.7729,24.7922,20.2161,24.5504,16.8902,20.8224,19.3070,12.4982,19.7166,23.5427,22.8612,26.5379,25.4840,16.5725,18.9739,28.4471,19.7874,15.5116,21.6609,21.5402,31.4338,21.6769,17.4236,25.3790,18.7960,24.8487,23.9527,24.8446,23.4452,24.3548,21.3682,23.5532,24.1408,17.7464,23.2716,23.5697,20.3627,18.3929,19.5101,29.4847,25.1552,19.5472,19.0891,14.2851,12.5783,15.0603,17.4692,18.3734,17.9004,9.0113,18.7673,17.3348,17.0575,21.4489,16.8540,16.0820,14.1624,15.3643,15.9682,13.6589,14.9203,17.5312,17.7800,10.9159,11.3972,13.8822,15.6852,14.3023,10.5830,8.5023,15.0017,13.7409,15.5017,14.0591,17.3201,20.4229,19.0707,12.3237,8.7737,12.4606,11.0182,16.6586,14.2363,17.4100,9.3943,17.5219,20.1762,20.4067,19.2603,9.0201,11.4449,12.6718,10.7849,11.4352,9.5300,9.9529,16.8516,11.3425,11.5812,16.6973,18.1790,13.2533,16.1396,11.0712,21.3308,10.7640,9.5741,11.7916,8.8020,11.2905,8.6750,10.2608,13.9102,14.4555,14.7161,6.2317,12.6376,10.9577,13.9538,19.8678,21.7377,19.2350,21.3294,14.3368,7.9871,10.5381,11.2674,12.8547,14.7006,20.0661,17.6606,16.7628,18.9820,12.2685,13.1168,13.1773,16.2378,12.8165,11.3644,15.3656,9.0382,10.8481,17.2851,14.9777,12.9231,14.2438,12.6307,12.9454,16.0736,10.1420,12.5787,16.0125,13.0436,10.7813,11.1028,19.4106,16.5438,14.1618,16.1266,15.0153,12.0719,16.0598,12.6014,15.7895,13.8841,7.9090,9.1821,12.9935,14.9516,14.2750,12.5967,10.4418,10.1817,9.0107,14.9055,11.2494,8.1825,8.2040,10.7398,7.2049,10.3476,10.1936,10.1268,10.1215,10.0911,10.0626,10.0345,10.0091,9.9819,9.9450,9.9283,9.9265,9.9088,9.8616,9.8759,9.8666,9.8580,9.8514,9.8478,9.8447,9.8300,9.8384,9.8576,9.8644,9.8428,9.8814,9.8980,9.9146,9.9341,9.9568,9.9809,9.9942,10.0316,10.0742,10.1092,10.1166,10.1820,10.2265,10.2710,10.3182,10.3687,10.4201,10.4641,10.5293,10.5955,10.6579,10.6975,10.7842,10.8530,10.9168,10.9667
45126.2916667,12.6394,20.9163,18.0005,20.9674,32.5532,14.8442,21.7040,17.4052,21.7365,13.9326,17.7829,16.2507,9.6889,16.8971,20.8905,20.3217,24.2597,23.1961,14.1554,16.7760,26.7703,17.7574,13.5309,19.9181,19.8191,30.2072,19.9001,15.5660,24.1659,17.2138,24.2925,23.6150,24.9941,23.1509,24.1808,20.8950,23.1757,23.8455,16.8877,22.6298,22.8127,19.2371,17.1901,18.3424,28.7457,24.8197,18.7281,18.2561,13.3297,11.5893,14.1497,16.6722,17.5472,16.9246,7.7390,18.5119,17.0702,16.6426,20.9036,15.9593,15.0391,13.0047,14.4845,15.3755,12.9177,14.3996,17.2311,17.4813,10.6854,11.2659,13.8287,15.7882,14.1834,10.0844,7.9560,14.5816,13.1139,15.0324,13.3512,16.3068,18.9050,17.3764,10.3777,6.8116,10.3933,8.9719,14.6379,12.1778,15.3318,7.3776,15.4513,18.0031,18.2143,17.1751,7.0630,9.5053,10.7196,8.9035,9.4213,7.5658,7.9834,14.7359,8.9872,9.1806,14.1235,15.5260,10.7461,13.6564,8.9375,19.3935,8.9649,7.9996,10.2088,7.3506,9.7069,7.2156,8.6635,12.1670,12.6422,12.8814,4.7954,10.9380,9.3056,12.3133,18.3954,20.3690,17.6564,19.6889,12.5404,6.4536,8.9503,9.7094,11.3305,13.2195,18.7284,16.3111,15.4454,17.7790,10.8486,11.7536,11.9003,15.1401,11.6044,10.1778,14.2362,7.8676,9.7110,16.3255,13.9219,11.7517,13.2086,11.6538,12.1103,15.7128,9.3344,11.8835,15.4675,12.1934,9.7713,10.0472,18.8269,15.7037,13.0890,15.1152,13.8804,10.7573,14.9764,11.3987,15.0068,13.0854,6.9238,8.3386,12.4747,14.6655,13.9393,12.0646,9.7243,9.4678,8.2065,14.3406,10.4330,7.2118,7.1690,9.7467,6.1476,9.3377,9.1144,8.9613,8.9670,8.8846,8.8097,8.7389,8.6889,8.6381,8.6020,8.6111,8.6458,8.5950,8.4808,8.5221,8.4741,8.4239,8.3781,8.3430,8.3188,8.2678,8.3065,8.3638,8.3413,8.2540,8.3207,8.2986,8.2699,8.2466,8.2333,8.2326,8.2049,8.2656,8.3344,8.3367,8.2735,8.3630,8.3646,8.3595,8.3601,8.3705,8.3917,8.3955,8.4776,8.5569,8.5849,8.5510,8.6617,8.6881,8.7038,8.7138
45126.3333333,8.1848,16.3089,13.6964,16.5769,28.2431,10.9668,17.3040,13.2751,17.7477,10.2362,13.6703,12.1447,5.8834,12.4481,16.2074,15.7510,19.8209,18.9165,9.9387,12.6666,22.9989,13.9572,10.0676,16.5312,16.4916,27.2945,16.6225,12.3593,21.5542,14.2259,21.9137,21.4300,23.3612,21.2762,22.2713,18.8653,21.3974,21.9614,14.5460,20.8341,20.5949,16.9271,14.5073,15.7022,26.4702,22.6391,16.2119,15.8601,10.8957,9.2890,12.1152,14.5490,15.3655,14.6647,5.2943,16.3021,14.7487,14.5091,18.5436,13.6088,12.5626,10.4296,11.6652,12.7503,10.3611,11.9298,15.0300,15.4785,9.2592,10.3603,13.1772,15.2051,13.5327,8.8930,7.0358,13.7059,11.7948,13.7176,11.7506,14.4397,16.8892,15.3388,8.2247,4.5341,7.5246,6.1135,11.5091,8.9566,11.9546,4.3663,11.9164,14.2763,14.3629,13.2851,3.6232,5.8433,7.0648,5.5969,5.7519,4.0800,4.2673,10.6725,5.0341,5.2898,9.9766,11.2118,6.5821,9.4538,5.2572,15.8245,5.7916,5.1885,7.4438,4.9079,7.1139,4.9375,6.2998,9.6116,10.1458,10.3122,2.6761,8.4338,6.7015,9.6370,15.5185,17.5970,14.9196,16.9656,9.6439,3.9133,6.2297,6.9493,8.5595,10.4770,15.9156,13.5522,12.7936,15.3402,8.5576,9.3268,9.4922,12.9371,9.4119,8.1110,12.0851,5.9043,7.7119,14.3943,12.0468,9.7945,11.3176,9.8261,10.4332,14.3361,7.8709,10.6681,14.3201,10.6856,8.2698,8.1783,17.3647,13.8297,11.1142,13.1501,12.0208,8.7289,12.8818,9.2520,12.9325,11.0643,4.9345,6.3514,10.5639,13.0795,12.3558,10.5593,7.9585,7.8592,6.5613,12.9452,8.8851,5.6286,5.3431,7.8002,4.3602,7.6051,7.3086,6.8409,7.0357,6.8907,6.7463,6.5912,6.4503,6.1816,5.9226,5.9187,6.1843,6.1017,5.7004,5.9649,5.8956,5.8091,5.7194,5.6405,5.5633,5.2295,5.2660,5.5567,5.5099,5.1426,5.4322,5.3983,5.3381,5.2786,5.2290,5.1859,4.8861,4.9544,5.2338,5.2207,4.8931,5.1988,5.1920,5.1577,5.1234,5.0977,5.0708,4.8109,4.9569,5.1101,5.1229,4.8354,5.1602,5.1824,5.1754,5.1640
45126.3750000,3.4187,10.9186,8.7186,11.3345,22.7325,6.5103,11.9931,8.2789,12.9461,6.1028,9.0802,7.6976,2.1095,7.3424,10.6921,10.5815,14.6438,13.7768,5.3522,7.5978,17.8177,8.7126,5.3311,11.5185,11.7780,22.4688,11.9937,7.7199,17.3279,10.0728,18.1959,18.0719,20.4721,18.2207,19.3282,15.4193,18.4078,18.9930,11.4439,18.2853,17.6372,14.2401,11.4144,12.6718,23.4194,19.3346,12.5039,12.1416,7.2889,5.8987,8.9781,11.3506,12.2842,11.7031,2.7233,13.3420,11.7451,11.7794,15.5945,10.8608,9.7437,7.6135,8.3818,9.5609,7.3895,8.8182,12.1198,12.3209,6.4764,8.3630,11.6980,13.8429,12.3046,7.4388,6.0800,12.7042,10.5661,12.2953,10.0242,12.5225,15.3081,13.5817,6.5160,2.9398,5.0138,3.7786,8.7819,6.1640,8.8819,1.9055,8.6509,10.6182,10.4283,9.2150,0.2459,2.1154,3.1574,2.3795,1.9902,0.4714,0.3142,5.9464,0.6192,0.8407,5.0748,6.2430,1.8444,4.5237,0.8361,10.9922,1.7441,1.5175,3.7372,1.6666,3.5827,2.0915,3.1279,6.1709,6.6831,6.9045,0.2245,5.4570,3.7616,6.7180,12.1457,14.2859,11.7953,13.8902,6.7250,1.6052,3.5854,4.1692,5.6231,7.4189,12.4867,10.1901,9.5113,12.1550,5.6832,6.3254,6.4658,9.9402,6.5772,5.5744,9.2804,3.5720,5.3390,11.7394,9.3450,7.0651,8.6369,7.3411,8.1642,12.1837,5.9906,9.1267,12.6870,8.8837,6.6779,6.3251,15.8023,11.8724,9.1526,11.0701,10.1309,6.7335,10.6176,7.1139,10.4564,8.5689,2.7911,4.0340,8.0061,10.7502,10.0536,8.5115,5.7543,5.8710,4.6412,11.1312,7.0780,3.9590,3.4570,5.7141,2.6564,5.8658,5.5380,4.7778,5.2224,5.0545,4.8852,4.6930,4.5162,4.2239,3.6283,3.6226,4.1334,3.9957,3.2655,3.7389,3.6131,3.4616,3.3061,3.1681,3.0252,2.3788,2.4174,2.9290,2.8387,2.1580,2.6786,2.6126,2.5067,2.4031,2.3145,2.2287,1.6487,1.7538,2.2160,2.1743,1.5437,2.0887,2.0608,1.9906,1.9214,1.8645,1.7981,1.2889,1.6414,1.7770,1.7662,1.1812,1.7385,1.7421,1.7013,1.6623
45126.4166667,-2.8697,3.7847,2.3554,4.5233,16.3890,0.4345,3.8730,-0.1770,5.0094,-0.9024,1.1099,-0.2729,-4.9497,-0.7909,1.8114,1.7883,5.7936,5.1234,-2.1472,-0.1146,10.3831,1.1035,-1.2482,4.7193,5.5769,14.9625,4.2066,-0.3793,9.5588,2.5917,10.6129,11.4571,14.4149,12.2363,12.8635,8.6197,11.5969,12.0282,5.1772,13.0629,11.3325,7.8831,4.1233,5.9967,18.0448,12.7510,6.1562,5.8507,2.0044,0.8414,4.5316,5.9968,6.5076,5.8083,-2.5798,6.6867,5.2243,6.0282,9.3109,4.2726,3.0537,1.0602,1.0785,3.0780,2.1077,3.7440,7.6140,7.3228,1.5296,4.4157,8.3971,10.2818,9.2528,4.0684,3.8949,10.0567,7.1360,9.2392,5.1092,7.2117,11.8919,8.9544,1.6198,-1.8196,-1.5835,-1.8705,3.1820,0.7814,3.8320,-2.3667,3.0384,4.3756,3.5216,1.9160,-5.9821,-4.2331,-3.2387,-2.6135,-4.2150,-5.5964,-6.0338,-1.4048,-6.6869,-6.5575,-3.0848,-2.2411,-6.2176,-3.8772,-6.3130,3.7501,-4.1473,-3.4539,-0.8037,-2.9071,-2.0556,-2.2010,-1.9663,1.0435,0.9340,0.8346,-4.9692,-0.1601,-2.1092,0.9450,5.3241,7.9707,5.8568,8.2332,1.3386,-2.9342,-1.1161,-0.6394,0.7158,2.3045,7.0262,4.2452,4.2923,7.4829,1.3870,1.4295,1.8050,5.5597,2.2786,1.3394,4.3028,-0.8921,1.1345,7.7279,4.7838,1.8353,3.8589,2.7419,4.2879,8.4485,2.8148,6.8847,9.8212,4.9894,3.8533,2.5682,12.4956,7.9976,5.2563,5.9299,5.7591,2.4036,5.7779,3.0499,5.7969,4.2049,-0.7787,0.4683,3.9352,7.0798,6.1536,5.2735,1.7865,2.5939,1.2396,7.9138,3.5791,0.4333,-0.2849,0.7457,-1.5113,2.1961,1.7306,-0.0163,1.4553,1.1392,0.8410,0.5258,0.2623,-0.0317,-1.4505,-1.1348,0.4066,0.2191,-1.4640,0.0086,-0.2587,-0.5576,-0.8550,-1.1075,-1.3018,-2.7658,-2.4297,-1.0423,-1.2107,-2.8441,-1.3876,-1.6104,-1.8860,-2.1497,-2.3746,-2.5485,-4.0007,-3.0677,-2.7479,-2.8275,-4.3419,-2.8559,-2.9865,-3.1739,-3.3521,-3.4956,-3.6065,-4.8195,-3.6897,-3.5972,-3.6171,-5.0075,-3.5583,-3.6316,-3.7645,-3.8808
45126.4583333,-13.1845,-7.7890,-5.9053,-5.3683,7.2455,-7.5836,-5.1477,-10.9791,-3.5227,-7.4639,-6.2730,-6.5266,-10.8557,-8.1969,-6.9100,-7.7815,-4.5792,-5.4332,-11.3209,-11.1233,0.6650,-9.5656,-10.1386,-6.6613,-3.2850,6.1625,-4.1662,-9.1925,0.3609,-7.3523,1.3438,1.3541,5.6381,5.5802,6.4091,1.2349,3.6835,1.2167,-6.2597,4.6043,3.2508,0.2951,-5.9662,-3.6917,12.1335,4.2469,-1.9311,-3.4635,-5.5807,-7.0330,-1.1919,-0.4215,0.0697,-0.0632,-7.5097,-0.2109,-2.5285,0.9547,4.5259,-1.2915,-3.1226,-5.4585,-8.6061,-6.6791,-5.6695,-4.7572,0.1151,-0.0586,-5.5446,-1.2430,4.2585,4.6796,5.3945,-0.1913,1.3924,8.2017,4.2123,7.5314,-0.2473,2.1718,11.0262,6.7823,-0.8235,-4.1886,-8.2780,-8.0293,-4.0756,-7.8378,-1.8703,-7.5745,-3.0199,-1.8522,-2.8874,-5.6256,-12.4270,-11.2641,-10.4822,-7.4139,-10.8277,-12.1537,-12.9365,-9.7794,-13.5867,-13.5288,-10.9336,-10.5870,-14.1935,-13.9815,-16.6293,-6.6302,-13.3227,-12.0131,-7.4924,-8.7429,-9.8060,-7.1050,-7.9520,-3.7373,-4.0689,-4.6069,-10.0052,-6.1463,-8.1759,-5.9296,-4.5110,-0.3144,-2.4065,0.7022,-5.7714,-9.0158,-7.0751,-6.7869,-4.8150,-2.3294,2.6426,-2.7957,-4.0731,0.3438,-4.1221,-4.3600,-5.8051,-0.7655,-3.4847,-4.0368,-1.0002,-6.7803,-4.7771,2.9790,-0.4627,-3.7565,-0.6861,-3.5029,-2.0005,2.8594,-1.6151,4.5820,6.6984,0.8990,0.6550,-1.8396,9.2343,4.4911,1.7531,-0.2563,0.5133,-2.2276,0.7457,-2.2731,-0.7293,-2.0671,-6.4593,-4.9766,-2.6085,1.9654,1.1341,1.5676,-3.2461,-1.1026,-2.3902,5.0851,0.7026,-2.2484,-2.9828,-5.0856,-5.4609,-1.7629,-2.2115,-5.7430,-2.4604,-2.8046,-3.1193,-3.4618,-3.7979,-4.3410,-7.4450,-7.7318,-5.3229,-5.3491,-8.8462,-5.1266,-5.1768,-5.2897,-5.4498,-5.6447,-5.9830,-8.9218,-8.1261,-6.8055,-6.8442,-10.2553,-6.7207,-6.7997,-6.9598,-7.1373,-7.3254,-7.6039,-10.2739,-8.5514,-8.1847,-8.1632,-11.3681,-7.9832,-8.0274,-8.1652,-8.3293,-8.5107,-8.7927,-11.1456,-9.4601,-9.3475,-9.3390,-12.3392,-9.1846,-9.2032,-9.3020,-9.3971
45126.5000000,-22.0435,-18.9506,-12.6263,-11.2731,0.6766,-12.5902,-11.7054,-20.2928,-10.9524,-13.0150,-16.7327,-14.4710,-17.1562,-14.7431,-13.5440,-14.3286,-11.6604,-12.6664,-16.9187,-19.6888,-8.0006,-19.2944,-16.4002,-16.9012,-10.9445,-1.9273,-11.3342,-17.8571,-7.5379,-16.1284,-8.0657,-9.9323,-5.2196,-5.2786,-1.7554,-5.6326,-2.1746,-4.2646,-13.6353,-1.3513,-3.0338,-5.8679,-15.5613,-13.5180,6.1880,-4.3813,-9.6836,-12.1822,-13.7972,-15.6657,-7.4912,-7.2576,-6.4667,-5.7451,-13.4819,-8.7735,-9.8941,-4.7603,1.5929,-4.0548,-5.7519,-7.9266,-14.6469,-13.2587,-11.8083,-10.9588,-4.6174,-5.4020,-13.9606,-7.8110,-0.6854,-2.0132,-1.0905,-4.9702,-2.7794,6.3385,2.0567,7.1732,-4.2720,-2.0726,12.4772,7.2266,-0.4996,-3.7745,-12.2152,-11.2225,-4.3172,-11.0617,-3.2355,-8.5749,-5.3641,-4.6915,-6.1329,-10.2198,-15.7107,-15.2601,-14.7163,-9.1558,-14.3178,-15.4890,-16.5932,-15.0153,-18.8689,-18.6159,-16.7547,-16.6715,-19.5056,-20.0210,-23.7978,-16.0332,-21.9582,-19.6411,-14.2761,-14.8013,-18.2278,-14.0415,-17.7078,-11.4726,-11.3987,-11.4984,-14.9250,-11.7080,-13.1538,-11.4501,-10.9787,-8.3685,-10.2851,-6.4411,-12.1709,-14.0907,-13.0187,-14.4632,-13.6952,-11.3715,-5.5529,-8.9313,-9.3638,-6.1793,-9.4653,-10.1051,-11.3641,-6.9826,-9.3156,-9.6958,-6.9133,-11.6000,-10.2252,-2.0361,-8.5818,-10.5591,-8.0337,-8.8494,-8.0942,-4.8241,-7.1085,1.0485,2.6764,-1.2116,-2.2894,-5.9235,5.9576,1.0191,-1.7051,-5.1996,-3.9186,-4.7685,-3.0060,-6.5156,-6.6669,-7.8832,-10.7224,-10.1626,-10.0024,-4.9206,-5.3441,-3.1385,-9.1727,-5.0187,-5.9109,2.2983,-1.8944,-4.4553,-5.0957,-6.2455,-6.3225,-4.6010,-5.1849,-10.8990,-5.4133,-5.7177,-6.0239,-6.3824,-6.7382,-7.2847,-9.7314,-10.0323,-8.3153,-8.4633,-14.1349,-8.5880,-8.7800,-9.0234,-9.2866,-9.5478,-9.9154,-12.2204,-11.7033,-10.7050,-10.7795,-16.1432,-10.7659,-10.8513,-11.0140,-11.1826,-11.3494,-11.5962,-13.6495,-12.4352,-12.1163,-12.1326,-17.1660,-12.0759,-12.1307,-12.2706,-12.4196,-12.5681,-12.8031,-14.5795,-13.3632,-13.2328,-13.2621,-18.1441,-13.2831,-13.2255,-13.3141,-13.4084
45126.5416667,-28.6778,-27.5319,-19.7838,-17.4875,-5.8396,-16.9393,-17.1160,-27.8191,-16.3464,-16.0656,-19.7121,-18.6364,-20.6198,-20.0837,-19.9062,-20.8948,-18.6291,-19.1983,-21.2230,-24.2688,-13.5671,-25.8265,-19.8980,-24.3585,-16.2273,-7.6054,-15.7665,-22.5143,-12.5446,-22.4607,-13.1675,-16.6354,-11.8318,-9.4890,-7.0879,-11.6510,-8.5727,-10.7112,-21.2369,-7.2450,-8.2985,-10.2150,-22.4695,-20.5758,0.5784,-11.9361,-15.6715,-16.2484,-19.0773,-21.1982,-12.0564,-13.1078,-12.4976,-11.0651,-18.3571,-17.8687,-17.9703,-11.6218,-1.5216,-6.8302,-8.2556,-10.0808,-19.9303,-19.0047,-16.7022,-15.5932,-9.3553,-9.9276,-20.7327,-13.5813,-5.5026,-8.8552,-10.6083,-12.9858,-9.2680,1.4269,-1.9605,4.7027,-7.3541,-5.0793,15.2566,9.2410,1.3463,-2.0475,-14.4654,-12.4444,-5.2550,-14.3356,-5.3055,-9.7299,-6.3839,-5.1029,-6.0630,-10.7471,-14.8167,-14.7471,-14.3296,-6.5776,-13.2616,-14.4227,-15.9383,-15.9864,-20.0259,-19.8733,-18.9744,-19.3454,-21.5735,-23.2769,-28.4083,-23.1363,-27.5574,-24.1689,-18.5956,-16.5825,-19.7691,-15.6547,-22.4027,-15.3908,-16.2591,-15.2839,-17.7244,-16.7039,-18.1835,-17.2851,-16.5674,-13.8514,-15.6490,-11.2930,-16.1580,-16.4544,-16.3783,-17.1679,-19.3340,-18.3585,-10.4371,-14.7594,-14.9421,-11.3220,-13.4872,-14.7565,-15.7960,-11.8089,-13.3043,-13.2818,-10.9352,-14.3895,-13.7531,-5.6123,-14.8878,-15.9415,-13.9107,-15.3987,-14.1826,-12.6713,-12.1986,-2.5295,-1.4011,-3.4323,-4.9383,-9.4643,2.9497,-1.7923,-4.0604,-6.2490,-3.5267,-5.5101,-5.2704,-9.3625,-11.5901,-12.6173,-13.5956,-13.8302,-14.3114,-10.2797,-10.8918,-7.5698,-14.1986,-9.8685,-10.3292,-1.7351,-5.4026,-7.2886,-7.6626,-7.9075,-7.3915,-6.8818,-7.5338,-14.0402,-8.2687,-8.3035,-8.3323,-8.4120,-8.4921,-8.7692,-10.5063,-10.6123,-9.2495,-9.5340,-16.0420,-10.4375,-10.5248,-10.6555,-10.7962,-10.9280,-11.1674,-12.9063,-12.5116,-11.7368,-12.0158,-18.2284,-12.8705,-12.9140,-13.0239,-13.1242,-13.2097,-13.3683,-14.9233,-14.0240,-13.7379,-13.9341,-19.7291,-14.6387,-14.6187,-14.6687,-14.7104,-14.7384,-14.8486,-16.1350,-15.1892,-15.0249,-15.1458,-19.0682,-15.6934,-15.6922,-15.7807,-15.8607
45126.5833333,-29.5899,-26.9224,-20.4204,-17.7530,-7.0548,-16.0636,-18.2672,-31.8688,-19.6848,-17.3629,-21.0469,-20.5194,-21.3421,-22.0014,-22.4760,-23.4964,-21.9608,-22.5273,-22.6862,-26.4140,-17.0026,-29.6536,-21.3067,-29.8278,-19.9806,-11.4631,-21.5424,-26.2121,-15.6387,-25.3966,-19.1461,-22.3625,-17.1378,-9.4293,-6.0370,-10.1367,-7.6748,-10.7261,-22.8056,-8.3776,-9.5057,-10.9770,-25.3710,-19.8104,-1.2991,-16.7445,-19.4644,-18.4289,-21.8309,-24.1227,-14.9753,-16.4186,-15.5347,-13.3474,-19.5698,-24.9220,-24.4693,-18.5235,-4.5892,-9.0842,-10.0116,-11.3129,-23.4788,-23.4751,-20.5491,-15.6787,-11.3861,-12.6731,-25.5294,-17.9287,-9.1569,-9.6329,-10.5524,-17.4427,-12.1792,-3.6293,-7.2813,-3.9994,-14.3624,-11.3344,13.2144,7.4916,0.1463,-2.7778,-17.0080,-11.4546,-4.5239,-11.7231,-3.7346,-7.5054,-4.6470,-3.2986,-4.1979,-9.6606,-12.6079,-13.0504,-12.7375,-3.4808,-10.9341,-11.9440,-13.4888,-14.3373,-17.3103,-17.0862,-16.7863,-17.4271,-19.1074,-21.6696,-26.9912,-25.9102,-29.7830,-25.9452,-23.3377,-17.6825,-20.2190,-15.9728,-24.8889,-17.6853,-21.5525,-16.8459,-16.9906,-17.4121,-18.5026,-18.4745,-22.2108,-17.5088,-18.4134,-13.4078,-17.0683,-15.6784,-18.7199,-17.9129,-21.7402,-21.7687,-12.2430,-16.8435,-19.9417,-14.2873,-14.5448,-15.8634,-16.6561,-12.7825,-13.2235,-13.3304,-12.2663,-14.8182,-14.7155,-7.0774,-18.4521,-18.8551,-15.9221,-18.3893,-17.5755,-18.8820,-15.7985,-5.7334,-5.1867,-5.6026,-6.8705,-11.9521,0.4763,-3.6871,-5.2068,-6.2417,-2.3092,-4.9039,-5.5524,-9.7764,-13.6705,-14.5132,-13.8327,-14.7374,-16.2347,-13.2700,-13.9374,-9.3643,-14.2706,-11.2812,-11.5980,-3.6116,-6.7789,-8.0887,-8.5051,-8.5175,-7.4769,-8.0323,-8.6535,-13.4498,-9.2070,-9.2166,-9.2301,-9.3047,-9.3723,-9.6155,-10.9627,-10.9567,-9.7799,-9.9282,-14.6742,-10.5024,-10.5015,-10.5703,-10.6694,-10.7683,-10.9730,-12.3544,-12.0262,-11.3242,-11.5202,-16.1166,-12.1854,-12.2178,-12.3500,-12.4938,-12.6331,-12.8433,-14.1545,-13.5313,-13.2663,-13.4525,-17.7999,-14.1021,-14.1246,-14.2435,-14.3681,-14.4831,-14.6743,-15.7676,-15.1096,-14.9617,-15.0763,-18.0593,-15.5346,-15.5088,-15.5772,-15.6350
45126.6250000,-21.9279,-22.2260,-17.4661,-15.4184,-6.3382,-13.7590,-17.3038,-31.4336,-19.2056,-15.4850,-19.5945,-19.5707,-19.5296,-21.6942,-23.2132,-24.4449,-23.6931,-24.1778,-22.5697,-26.7089,-19.1261,-31.0446,-21.0611,-29.3537,-22.0958,-15.5625,-26.7438,-28.9657,-19.6239,-26.3864,-23.9122,-26.7158,-22.3249,-14.0389,-7.8447,-9.8655,-3.7457,-6.3635,-18.3634,-4.0496,-5.8999,-7.3503,-21.7661,-15.7050,-0.0939,-17.9380,-19.7671,-17.8805,-21.5889,-20.5228,-14.4767,-17.7497,-17.6718,-15.3941,-19.9941,-29.4007,-28.4054,-23.3491,-7.5006,-11.5880,-12.3769,-13.3009,-26.5881,-26.7396,-22.6378,-18.5142,-12.4304,-11.9163,-26.8893,-20.1182,-11.8816,-13.5967,-12.9492,-16.4687,-8.1004,-3.2766,-7.6667,-7.4166,-16.5555,-8.9764,12.7722,6.2053,-1.2870,-4.1377,-15.8614,-12.3937,-7.0179,-13.3767,-6.5512,-9.5358,-6.7691,-4.6613,-4.5491,-9.3513,-12.7131,-10.2198,-9.4573,0.5392,-7.1600,-8.0611,-9.5280,-10.8350,-12.6610,-12.8219,-12.2050,-13.3999,-14.9755,-18.1347,-23.2897,-25.3151,-26.7209,-24.3941,-24.0375,-18.4891,-18.7279,-14.2965,-22.4499,-18.0913,-24.4458,-20.7103,-16.5904,-18.0239,-18.4103,-18.8382,-22.9945,-20.8885,-21.3882,-16.1375,-18.4308,-16.5956,-17.7261,-18.8314,-22.2370,-22.6851,-13.0826,-18.1532,-21.0012,-17.1266,-16.2393,-17.8504,-18.3405,-16.1356,-14.8665,-12.2139,-11.2344,-12.6657,-14.0570,-5.6616,-17.6749,-17.1507,-14.8758,-16.8873,-17.1185,-21.0202,-16.1628,-6.8391,-7.5867,-7.1098,-7.9940,-13.5014,-1.8572,-8.2240,-6.4482,-6.7005,-2.0316,-4.9459,-5.7187,-11.1354,-14.0318,-14.4490,-12.4680,-13.4244,-15.7968,-13.5161,-15.0454,-8.2679,-12.1063,-10.1511,-10.4209,-3.2899,-6.1534,-7.1287,-7.6813,-7.7648,-6.5533,-7.8216,-8.4722,-12.1524,-9.0330,-9.0449,-9.0499,-9.1173,-9.1765,-9.4274,-10.5781,-10.5570,-9.5380,-9.6382,-13.2303,-10.1177,-10.0788,-10.1130,-10.1797,-10.2464,-10.4321,-11.6059,-11.3446,-10.6678,-10.7898,-14.2633,-11.3069,-11.2704,-11.3430,-11.4315,-11.5201,-11.6947,-12.8059,-12.3365,-12.0174,-12.1472,-15.4687,-12.7089,-12.6987,-12.7995,-12.9147,-13.0280,-13.2359,-14.1919,-13.7304,-13.5781,-13.6990,-16.0862,-14.1958,-14.1825,-14.2721,-14.3496
45126.6666667,-22.1128,-20.9022,-15.2382,-12.0519,-2.0563,-7.9399,-11.8534,-27.2964,-14.7136,-9.7580,-13.3004,-13.2990,-13.4430,-16.9125,-19.3081,-20.9792,-21.1891,-21.9337,-19.3018,-24.0550,-17.1878,-28.6196,-18.1715,-25.8131,-19.4452,-13.8091,-26.1443,-27.9326,-22.7106,-27.3571,-27.5942,-29.9662,-25.9042,-17.9482,-11.9152,-13.5099,-4.1339,-5.1922,-16.9585,-1.0618,-1.6213,-2.0864,-15.4994,-8.5830,5.8409,-13.5345,-14.8064,-12.4511,-16.8746,-16.0897,-10.4047,-13.8646,-13.8396,-11.3623,-15.2786,-29.4576,-28.8743,-24.5009,-6.7705,-9.9871,-10.5166,-11.2394,-26.3131,-27.5299,-23.7610,-21.6772,-17.1097,-12.9214,-26.6964,-20.0113,-11.6537,-16.2395,-15.8504,-16.9436,-6.4235,-2.7835,-6.5622,-8.4978,-15.5286,-3.9975,16.5522,10.3440,3.2708,0.6483,-8.3661,-6.1552,-1.5822,-7.1029,-1.3867,-4.1046,-2.7460,0.6316,0.4054,-5.4911,-10.7890,-7.5493,-6.8999,3.4193,-4.2183,-5.1906,-6.5579,-7.5109,-10.3839,-12.1271,-9.0529,-9.1563,-9.7480,-12.2702,-17.0146,-20.3476,-20.5898,-17.8794,-19.2632,-14.3481,-15.7941,-9.4570,-16.0566,-13.0177,-21.2963,-19.1064,-12.9566,-15.3777,-17.6037,-16.8873,-21.0152,-18.8784,-19.3518,-14.3532,-16.0257,-14.7642,-17.1125,-19.0367,-22.6911,-23.6918,-13.3358,-17.6066,-19.2762,-16.5431,-13.7776,-15.6204,-17.5227,-17.8032,-16.5243,-12.4528,-11.4561,-11.9260,-14.6845,-5.8307,-17.9862,-16.7829,-15.5488,-15.3992,-15.1691,-19.6928,-13.6997,-4.9961,-5.2835,-3.9436,-4.3170,-10.1238,0.2287,-7.7381,-3.9104,-3.3790,1.8967,-2.7385,-2.5694,-9.7893,-12.5485,-13.0344,-10.2913,-11.6622,-14.4425,-12.9365,-15.8273,-7.1808,-9.6486,-7.9269,-7.8102,-0.8661,-3.1378,-3.7658,-4.1581,-3.8897,-2.6331,-3.9507,-4.5284,-7.3409,-5.0287,-5.0913,-5.1675,-5.3203,-5.4677,-5.7986,-6.8504,-6.8844,-6.0880,-6.2472,-9.0607,-6.7795,-6.7937,-6.8746,-6.9779,-7.0682,-7.2613,-8.2648,-8.0513,-7.4360,-7.5367,-10.1989,-7.9666,-7.9227,-7.9897,-8.0687,-8.1416,-8.2903,-9.2175,-8.8352,-8.4877,-8.5740,-11.1152,-9.0128,-8.9780,-9.0579,-9.1505,-9.2375,-9.4130,-10.1977,-9.8220,-9.6367,-9.7232,-11.6060,-10.1333,-10.1085,-10.1921,-10.2584
45126.7083333,-19.7253,-20.6524,-13.7740,-11.0947,-3.6683,-5.2459,-8.5855,-22.8577,-10.5717,-5.1395,-10.0842,-7.9850,-7.4394,-10.3908,-12.6865,-14.0382,-14.6274,-15.4746,-12.3258,-17.3252,-13.1828,-21.3441,-11.6850,-18.8788,-15.5202,-9.5962,-20.6319,-21.6310,-19.6928,-23.2683,-26.5397,-30.1305,-28.4071,-20.9120,-15.6097,-16.5887,-6.5615,-6.5327,-16.8044,-1.0990,-1.0471,-0.6719,-11.3034,-5.0408,9.2566,-8.6356,-8.6531,-5.8778,-9.4833,-7.3973,-3.6588,-7.4630,-7.8042,-5.5740,-8.3546,-24.6425,-24.4329,-21.0367,-4.0322,-6.4374,-7.0287,-7.6430,-22.2565,-24.2022,-19.0905,-19.8693,-16.9029,-14.0223,-25.9780,-19.7297,-12.7013,-16.0900,-17.1963,-16.7808,-6.2681,-3.9541,-6.9595,-9.6998,-14.5693,-2.3352,16.8324,11.2242,4.6469,2.3030,-4.2433,-2.3062,2.4204,-1.9406,3.5623,1.1502,1.1228,6.6346,6.8385,1.2949,-4.0706,-0.4753,0.2250,9.5174,2.5045,1.3702,0.0280,-0.9716,-3.2924,-4.9715,-3.2281,-3.2599,-4.3369,-7.1442,-11.5367,-15.5284,-14.6025,-12.0809,-13.6036,-9.1921,-10.9502,-4.6759,-10.1369,-7.6702,-15.9800,-14.5726,-7.7485,-10.5277,-13.2861,-12.7802,-18.5465,-16.2979,-16.0452,-11.2151,-11.8491,-10.0676,-12.6808,-14.0426,-18.5255,-20.6348,-12.3842,-16.5474,-17.7823,-15.8569,-12.3389,-14.0065,-16.1264,-16.0175,-14.2777,-10.2370,-10.0417,-9.8703,-12.4800,-5.2604,-16.6219,-15.2774,-15.0359,-14.6080,-13.9886,-18.6162,-10.6547,-5.5850,-4.9400,-3.8084,-2.4831,-6.7505,2.7925,-4.2430,-0.6471,0.3437,5.1628,-1.3208,0.5978,-6.5343,-9.0131,-9.1559,-6.4101,-7.4152,-10.6260,-10.0434,-12.7437,-4.9705,-7.0259,-5.8760,-5.7740,0.3566,-1.6085,-2.1558,-2.4723,-2.0234,-1.0684,-1.7862,-2.0655,-4.0484,-2.0106,-1.7979,-1.6025,-1.4994,-1.4072,-1.5304,-2.2998,-2.1539,-1.2834,-1.3043,-3.4586,-1.6351,-1.5904,-1.6380,-1.7294,-1.8245,-2.0451,-3.0000,-2.8704,-2.3175,-2.4461,-4.6204,-2.9328,-2.9184,-3.0196,-3.1315,-3.2344,-3.4163,-4.2954,-4.0229,-3.6697,-3.7512,-5.8044,-4.1729,-4.1263,-4.1995,-4.2853,-4.3645,-4.5386,-5.2453,-4.9445,-4.7280,-4.7914,-6.3574,-5.1612,-5.1093,-5.1745,-5.2300
45126.7500000,-14.6541,-17.0499,-9.7072,-9.0915,-3.1002,-2.3264,-5.4841,-18.7742,-8.6116,-2.5631,-7.9731,-5.1006,-4.4828,-6.7178,-8.6876,-9.5068,-9.7065,-9.8174,-6.5049,-11.5008,-9.2609,-14.9117,-6.4542,-12.0263,-10.5629,-4.5805,-14.3121,-15.1210,-15.4362,-17.9809,-23.2805,-26.9843,-26.8185,-20.1524,-16.2904,-17.2559,-8.7739,-7.5407,-16.1754,-1.3896,-0.9908,-0.1828,-8.7130,-3.1611,10.6467,-6.0367,-5.3428,-2.0698,-5.5015,-2.4433,0.7837,-2.0803,-1.9509,0.3661,-2.4675,-18.2087,-18.0767,-15.5028,-0.4855,-1.9481,-2.3825,-2.8872,-16.6558,-19.0611,-13.7253,-15.7559,-12.9698,-11.6404,-22.9074,-18.2777,-12.9365,-15.6323,-17.5726,-16.0497,-5.9543,-4.6340,-6.4997,-9.5448,-12.9594,-0.8714,16.8927,11.8098,5.5440,3.2721,-1.6072,-0.2402,4.2512,0.5366,5.5893,2.9605,2.4176,9.1169,9.7798,4.7309,-0.9397,2.7733,4.3707,12.5496,6.8018,5.7398,4.5705,5.2932,3.4781,2.1530,3.1861,4.3723,3.1939,0.6578,-3.8210,-8.5244,-8.0605,-6.7207,-8.4442,-4.9252,-6.8316,-1.2492,-5.5913,-3.4768,-11.3504,-10.5272,-4.1748,-6.2030,-8.9607,-8.4033,-14.4159,-12.3726,-11.4097,-7.0816,-7.3606,-5.9453,-8.6868,-9.7552,-13.7154,-16.1864,-9.4611,-13.0703,-13.9915,-12.8607,-9.1238,-11.0345,-13.6892,-14.7353,-12.7952,-8.9107,-9.0921,-8.6334,-10.9936,-4.9812,-14.8392,-13.4016,-13.7899,-13.1212,-12.5740,-17.6596,-8.7485,-6.0968,-6.1028,-4.8664,-3.2744,-5.8380,2.8089,-3.8984,-0.5265,1.7288,6.2393,-0.5397,2.6034,-3.7988,-5.8032,-5.5027,-3.2009,-3.7398,-6.6081,-6.6578,-8.2952,-1.2350,-2.8768,-2.0665,-2.0487,3.4369,1.6222,0.9386,0.5949,1.1287,1.5896,1.2547,0.9363,-0.7043,0.8215,0.9419,1.0590,1.1022,1.1550,1.0193,0.3516,0.5302,1.3710,1.4403,-0.1742,1.3628,1.5393,1.6351,1.6935,1.7502,1.6813,0.9619,1.1901,1.8239,1.8209,0.1674,1.5606,1.6510,1.6141,1.5531,1.4880,1.3329,0.5512,0.7576,1.0958,1.0119,-0.6670,0.5839,0.6070,0.5106,0.4011,0.2978,0.1013,-0.5550,-0.3442,-0.1517,-0.2279,-1.5555,-0.6076,-0.5672,-0.6388,-0.6960
45126.7916667,-7.4428,-10.7292,-4.0455,-4.3846,0.4107,1.7675,-0.9947,-12.7578,-4.7235,0.7970,-4.1714,-1.5213,-1.4320,-2.7811,-4.2673,-4.8360,-4.9267,-5.1744,-2.0297,-6.1998,-4.9801,-9.1000,-2.4182,-6.6872,-5.8037,-0.1750,-8.5506,-8.7924,-10.0186,-11.5369,-17.8176,-21.6759,-22.7729,-16.7858,-14.0801,-14.7961,-8.1374,-6.7403,-13.7510,-0.7831,-0.3184,1.0783,-5.7543,-0.8612,12.2020,-2.8042,-1.8269,1.2445,-1.9200,0.9406,3.7144,1.5775,2.2322,4.5079,1.5087,-12.0313,-11.7606,-9.5048,3.9076,2.9864,2.7113,2.5068,-9.2049,-11.8344,-6.8263,-9.4962,-7.4697,-7.2383,-17.6130,-14.7291,-11.0886,-13.7272,-15.8116,-13.6357,-5.3379,-5.2172,-6.6558,-9.1457,-11.2954,-0.4521,16.4095,12.2150,7.0095,4.9627,1.3944,3.0843,7.6443,4.6073,9.3444,6.2831,6.3796,12.9548,13.7393,8.7301,3.2772,6.1308,7.9745,14.4566,9.9807,8.7763,7.6318,9.5932,7.1900,6.5011,7.8848,9.7248,8.5621,6.9378,3.2088,-0.4231,-0.3490,0.1610,-1.4596,0.9931,-0.8240,2.9326,-0.1634,1.4953,-5.2681,-4.9519,-0.1062,-2.0085,-4.2446,-3.9197,-9.8151,-8.3576,-6.8249,-2.9727,-2.6080,-1.4663,-3.6844,-4.7977,-8.1980,-10.6709,-5.7448,-8.4551,-9.0254,-8.3918,-4.7196,-6.4581,-8.9471,-10.6400,-8.8315,-5.6904,-6.4555,-5.7539,-8.1208,-4.5334,-12.0885,-10.7011,-11.6710,-11.1117,-10.7407,-15.9583,-7.3573,-5.8765,-6.3662,-5.0127,-3.3180,-5.0078,2.1530,-3.6962,-0.6480,1.8062,5.6862,-0.2595,2.8349,-2.3316,-4.0149,-3.1950,-1.1625,-1.1159,-3.1960,-3.2626,-4.3822,1.9025,0.6834,1.4393,1.5034,6.6299,4.9200,4.0335,3.8195,4.6552,4.4799,4.9345,4.7539,3.5376,4.7861,4.9467,5.0951,5.1657,5.2335,5.1166,4.5425,4.6910,5.4026,5.4499,4.1607,5.3370,5.4726,5.5369,5.5705,5.6069,5.5328,4.9099,5.1023,5.6791,5.7108,4.4405,5.5733,5.7179,5.7553,5.7769,5.7993,5.7405,5.1449,5.3797,5.7692,5.7780,4.5080,5.5441,5.6328,5.6062,5.5596,5.5102,5.3657,4.8242,5.0007,5.1895,5.1295,4.0365,4.7829,4.8143,4.7420,4.6836
45126.8333333,0.6455,-2.6089,2.7249,2.1854,6.2828,6.8770,4.7916,-5.4653,0.8439,5.2226,1.0975,3.1142,2.6899,1.7809,0.3788,-0.1430,-0.2300,-0.6116,1.8077,-1.6113,-0.8958,-4.1223,0.9899,-2.4904,-1.8099,3.2877,-3.7214,-3.7249,-5.2627,-6.0649,-12.3114,-15.8586,-17.5846,-12.1340,-10.2588,-10.7060,-5.4993,-4.4643,-9.7982,0.9784,1.2079,2.5978,-2.9734,1.1789,13.3506,0.1567,1.1949,3.9231,1.1585,3.4290,5.9067,4.4847,5.3517,7.3510,4.0510,-6.7723,-6.3956,-4.4424,7.2782,6.3379,6.1652,5.9285,-3.6277,-5.9350,-1.4636,-3.7867,-1.9734,-2.0045,-11.1685,-9.7603,-7.6933,-10.5620,-12.3721,-10.1243,-3.5033,-4.2888,-5.5503,-7.9695,-9.6935,-0.4054,14.6216,11.1007,6.3438,4.4320,1.9788,3.4422,8.0127,5.4485,10.1361,6.7988,8.2756,14.5108,15.7179,11.4679,6.0266,8.7129,10.6634,15.4435,12.3283,11.0382,10.3229,13.2683,10.9262,10.4283,12.2031,13.9324,12.2054,11.1310,7.5426,5.5347,5.2001,5.5217,4.5423,6.0108,4.9098,7.1891,5.2320,6.7602,1.3499,1.4015,4.0803,3.1127,1.1079,1.1583,-4.2983,-3.4574,-2.1149,0.9613,1.2564,1.7730,0.2181,-0.7088,-3.3692,-5.5335,-2.0998,-4.2817,-4.5546,-4.0412,-0.7240,-2.1645,-4.1816,-5.9049,-4.2352,-1.8308,-2.7454,-1.9689,-4.0159,-2.0419,-7.9499,-6.7296,-8.0879,-7.9050,-8.0470,-13.3381,-5.4496,-4.7949,-5.6643,-4.2998,-2.5738,-3.8487,1.6876,-3.0684,-0.4770,1.7125,4.8717,0.0845,2.7291,-1.3207,-2.7399,-1.8218,-0.1840,0.2345,-1.1330,-1.0090,-1.6864,3.5644,2.6188,3.3297,3.4031,8.3304,6.6451,5.5107,5.4541,6.6747,5.8292,7.1172,7.1053,6.3060,7.3812,7.6400,7.8873,8.0658,8.2352,8.2399,7.8680,8.0752,8.7382,8.8625,7.9492,8.9098,9.0881,9.2013,9.2816,9.3558,9.3264,8.8429,9.0079,9.4967,9.5388,8.5703,9.4363,9.5644,9.6026,9.6267,9.6503,9.6033,9.1199,9.3007,9.6353,9.6608,8.6977,9.5070,9.6139,9.6302,9.6333,9.6362,9.5591,9.1624,9.3376,9.5438,9.5437,8.7266,9.3425,9.4157,9.3992,9.3836
45126.8750000,8.4640,6.1033,10.0980,9.7338,13.7435,12.7753,11.6431,2.4815,7.5535,10.4112,7.3820,8.7363,7.5736,7.3922,6.2097,5.5028,5.3089,4.7514,6.0805,3.3636,3.9776,1.1497,4.7013,2.1062,2.5345,7.0666,0.9917,0.8885,-0.6241,-1.1887,-6.9613,-10.1273,-12.1030,-7.1594,-5.7307,-5.9129,-1.7154,-0.9312,-5.0627,3.7459,3.9761,5.0686,0.5028,3.9204,15.1172,3.5374,4.3176,6.6046,4.0680,5.6123,7.8422,7.1118,8.0480,9.7519,5.9340,-1.9327,-1.5409,0.1375,10.3387,9.2798,9.1977,8.8688,1.3349,-0.6513,2.9687,1.0681,2.6300,2.6089,-5.0186,-4.4389,-3.3041,-6.1717,-7.7704,-5.7521,-0.6979,-1.7958,-2.8779,-5.1669,-6.5029,1.4322,14.6081,11.6635,7.1070,5.2662,3.8215,4.8537,9.1325,6.8432,11.0732,7.3029,9.7363,15.4207,16.6433,13.0858,7.3252,9.8989,11.7854,15.0063,13.0764,11.7366,11.5187,15.4984,13.6628,13.4448,15.9270,17.6756,15.4690,15.1126,11.3367,10.9122,9.3233,9.1936,8.8389,9.2623,8.9921,9.9777,9.0354,10.8390,6.8064,6.8934,7.2689,7.9609,6.2214,6.4527,2.0949,2.5724,3.4925,5.9675,5.7214,5.2444,4.3503,3.5425,1.4663,-0.3860,2.0715,0.1306,-0.2072,0.0599,2.5600,1.4637,-0.1015,-1.5747,-0.1765,1.5456,0.8660,1.3876,-0.0669,1.2280,-3.3265,-2.2944,-3.6305,-3.6520,-4.1737,-9.2836,-2.4913,-2.3665,-3.4103,-2.1622,-0.6131,-1.6122,2.5641,-1.2067,0.8691,2.6807,5.1394,1.3864,3.5677,0.3286,-0.9252,-0.2092,0.8804,1.4192,0.5317,0.7418,0.3274,4.4664,3.6596,4.2581,4.2616,9.0136,7.2653,5.8958,5.9726,7.5353,6.1135,8.0499,8.1784,7.7507,8.6850,9.0343,9.3745,9.6607,9.9348,10.0764,9.9284,10.2043,10.8232,11.0450,10.5011,11.3165,11.5710,11.7753,11.9514,12.1173,12.1964,11.9270,12.1295,12.5775,12.6931,12.0606,12.7578,12.9253,13.0226,13.1042,13.1791,13.1918,12.8697,13.0299,13.3106,13.3596,12.6776,13.2825,13.3855,13.4205,13.4439,13.4645,13.4208,13.1351,13.2692,13.4353,13.4492,12.8592,13.3187,13.3936,13.4038,13.4112
45126.9166667,13.4819,12.6866,15.4938,15.5580,20.0045,16.9400,17.0958,9.0076,13.4250,14.6121,12.8112,13.6166,11.5233,12.6199,11.9434,11.1251,11.0340,10.2630,10.2266,8.2708,9.2173,6.3015,8.3713,6.8082,6.9725,11.1661,5.4776,5.0449,3.9256,3.1951,-1.7748,-4.6286,-6.7224,-2.4558,-1.4102,-1.5406,1.8475,2.4659,-0.8752,6.4644,6.6874,7.3599,3.5838,6.3882,16.7669,6.5724,6.9180,8.8023,6.3264,7.2260,9.3079,9.1433,10.0577,11.4024,6.8876,1.9886,2.3549,3.7716,12.6461,11.2639,11.1587,10.6519,4.9740,3.4403,6.2454,4.8997,6.4063,6.4527,0.0169,0.2176,0.8842,-1.7270,-3.1305,-1.4398,2.1881,1.2981,0.2872,-1.8396,-2.9582,3.7313,15.0773,12.4775,7.9237,6.0206,5.4420,6.0649,10.1720,8.0693,11.9252,7.6976,10.9396,16.0604,17.1884,14.1724,7.9627,10.4333,12.1713,14.0800,12.9348,11.4548,11.4965,16.2318,14.4239,14.4238,17.6085,19.4200,16.7422,17.2954,13.4503,15.0870,12.1495,11.7450,12.0349,11.4746,11.9796,11.8321,11.6688,13.8037,10.8148,10.8725,8.8575,11.2598,9.6365,10.3190,7.4421,7.9254,8.4893,10.6117,9.6174,7.9621,7.9123,7.3841,5.9839,4.5988,6.6064,4.7333,4.2325,4.3092,5.6676,4.7952,3.5094,2.3369,3.1981,4.2212,3.8942,3.7363,2.8685,4.0649,0.4630,1.2153,0.1375,0.0834,-0.4407,-4.8478,0.5818,0.5356,-0.4479,0.5109,1.7173,0.9255,4.2650,1.1661,2.6518,4.1204,5.9235,2.8554,4.7261,2.0071,1.0065,1.4861,1.9528,2.5710,2.1255,2.3416,1.9890,5.0779,4.2492,4.6609,4.5039,9.0436,7.1327,5.5329,5.6375,7.3789,5.5277,7.7840,7.9233,7.6985,8.4494,8.7919,9.1341,9.4437,9.7497,9.9656,9.9782,10.2953,10.8606,11.1462,10.8869,11.5954,11.9067,12.1822,12.4369,12.6830,12.8654,12.7966,13.0607,13.4980,13.6965,13.3584,13.9628,14.1886,14.3614,14.5195,14.6693,14.7709,14.6296,14.8271,15.1076,15.2197,14.8064,15.3041,15.4422,15.5282,15.6017,15.6693,15.6869,15.5277,15.6630,15.8183,15.8622,15.4721,15.8249,15.9025,15.9307,15.9508
45126.9583333,16.0132,16.9709,18.7354,19.3433,24.5932,19.2578,20.7790,13.5612,17.6809,17.2119,16.6135,16.9579,13.8477,16.3847,16.4577,15.6786,16.0356,15.1999,13.6922,12.5688,14.3464,10.9666,11.6788,11.3134,11.2864,15.5873,9.8615,8.9064,8.5265,7.2574,3.3129,0.6820,-1.4385,2.0768,2.8109,2.5357,5.2902,5.7434,2.7093,9.0383,9.2312,9.4290,6.2263,8.5423,18.3124,9.2492,9.0182,10.5622,7.9601,8.3128,10.3478,10.6786,11.5789,12.6004,7.3584,5.1366,5.3830,6.5398,14.3546,12.5882,12.4243,11.7064,7.5573,6.4197,8.3966,7.5660,9.1548,9.3545,3.7670,3.9084,4.5173,2.3689,1.1057,2.2685,4.6477,4.4473,3.4760,1.6282,0.6342,6.3300,16.0804,13.7497,9.0935,7.0395,7.2055,7.4265,11.4431,9.3983,12.9150,8.1909,12.0905,16.6620,17.6282,14.9953,8.2739,10.6402,12.2279,13.1421,12.5387,10.9427,11.1305,16.3903,14.5483,14.6299,18.3226,20.0950,16.8959,18.1537,14.0321,17.5875,13.2443,12.6808,13.6158,12.2750,13.5182,12.5182,13.0457,15.6646,13.5902,13.7049,9.5825,13.5331,11.9035,13.0930,11.7311,12.2900,12.4216,14.3517,12.4464,9.5523,10.3106,10.0987,9.3956,8.6037,10.6847,8.8694,8.2896,8.4329,8.5404,7.9318,6.8767,6.1535,6.3533,6.7484,6.8895,5.7809,5.3932,6.8551,3.8427,4.1955,3.3549,3.0867,2.5926,-0.9201,2.9866,3.0650,2.3962,2.9848,3.7898,3.2240,6.3215,3.6895,4.6204,5.8892,7.1404,4.4989,6.2443,3.8032,3.1011,3.2807,3.0054,3.6476,3.6461,3.9001,3.5468,5.7434,4.8362,5.0818,4.7692,9.1424,7.0792,5.3169,5.4083,7.2153,5.1052,7.4667,7.5623,7.4261,7.9874,8.2625,8.5409,8.7998,9.0599,9.2592,9.3169,9.5952,10.0556,10.3218,10.2035,10.7781,11.0757,11.3522,11.6179,11.8814,12.1027,12.1475,12.4319,12.8430,13.0868,12.9495,13.4839,13.7512,13.9814,14.2014,14.4152,14.5938,14.5978,14.8412,15.1429,15.3233,15.1269,15.5760,15.7682,15.9208,16.0619,16.1958,16.2910,16.2567,16.4286,16.6122,16.7135,16.5020,16.8151,16.9297,17.0033,17.0574
45127.0000000,17.6397,20.1684,20.9132,21.9787,28.0919,20.4822,23.1860,16.4745,20.4341,18.4159,18.8673,18.8026,14.7451,18.5558,19.4260,18.7316,19.6958,18.8826,15.9219,15.6629,18.6215,14.5627,14.1035,15.0560,14.9503,19.7816,13.7316,12.2127,12.9308,10.9454,8.2832,5.8470,3.8077,6.5197,7.0033,6.4324,8.7040,9.0089,5.9279,11.5329,11.6863,11.3769,8.5812,10.5088,19.8471,11.7215,10.8253,12.0188,9.1904,9.0822,11.1180,11.8672,12.7506,13.4791,7.5677,7.6942,7.7673,8.6705,15.6270,13.4555,13.2172,12.2922,9.4016,8.6150,9.8093,9.4327,11.1457,11.4527,6.3445,6.5694,7.3571,5.7929,4.6283,5.1762,6.4766,7.2640,6.3133,4.8439,3.9031,8.8212,17.1865,15.0764,10.2326,7.9589,8.8198,8.6946,12.7645,10.7349,14.0146,8.7927,13.3149,17.4061,18.2051,15.8744,8.6415,10.9247,12.3700,12.5206,12.2805,10.5879,10.8427,16.4475,14.3501,14.4764,18.5577,20.2758,16.6263,18.4053,13.9884,19.1082,13.3923,12.6264,14.0367,12.0824,13.8562,12.2223,13.2301,16.2702,14.9312,15.1260,9.3716,14.5674,12.9457,14.7011,14.8732,15.6535,15.3766,17.2374,14.3726,10.3545,11.7840,11.8453,11.7496,11.5338,13.9612,12.1341,11.4978,11.8747,10.7099,10.4180,9.6154,9.4999,9.0350,8.9374,9.6986,7.5664,7.6591,9.6799,7.0262,6.9419,6.3636,5.7933,5.2967,2.6692,4.9726,5.2905,5.0386,5.1684,5.4587,5.0681,8.3166,5.9602,6.3647,7.5431,8.3273,5.9313,7.7306,5.4231,5.1388,5.0456,4.0009,4.6485,5.1263,5.4711,5.0888,6.5247,5.5056,5.6140,5.1616,9.4316,7.2228,5.3356,5.4027,7.2281,4.9565,7.3342,7.3784,7.2842,7.6886,7.8924,8.1011,8.2982,8.4983,8.6573,8.7171,8.9359,9.2871,9.5028,9.4465,9.8855,10.1306,10.3634,10.5912,10.8201,11.0214,11.0996,11.3506,11.6954,11.9244,11.8845,12.3253,12.5799,12.8111,13.0379,13.2629,13.4655,13.5457,13.7982,14.0946,14.3069,14.2520,14.6572,14.8817,15.0788,15.2683,15.4528,15.6096,15.6736,15.8834,16.1010,16.2592,16.1929,16.4978,16.6594,16.7859,16.8807
45127.0416667,18.1951,22.1405,22.0376,23.5438,30.5782,20.8838,24.6363,18.4238,22.3264,18.9490,20.2543,19.8103,14.9338,19.7497,21.2622,20.5543,22.0520,21.2183,16.8954,17.3792,21.6141,16.7733,15.3339,17.5589,17.4444,23.0787,16.5316,14.4731,16.5316,13.7796,12.6420,10.4570,8.6937,10.6429,10.9911,10.0526,12.0014,12.2025,8.8179,13.9733,14.0691,13.2212,10.6942,12.3046,21.3517,13.9941,12.3767,13.2619,10.1410,9.6440,11.6970,12.7855,13.6404,14.0990,7.6097,9.7397,9.6019,10.2585,16.5092,13.9343,13.6112,12.4938,10.6252,10.1415,10.6258,10.6384,12.4947,12.8890,7.9754,8.3178,9.3828,8.4331,7.3128,7.1950,7.5906,9.4742,8.5218,7.4941,6.5504,10.8717,18.0334,16.1010,11.0128,8.5089,9.9932,9.5674,13.7810,11.7336,14.8569,9.1520,14.2707,17.9680,18.6255,16.5617,8.8538,11.1016,12.4444,12.0186,12.0403,10.2891,10.5879,16.4389,13.8519,14.0107,18.3776,20.0415,16.0407,18.2172,13.5731,19.9548,13.0614,12.1286,13.8584,11.4732,13.5809,11.5162,12.8101,16.1306,15.3354,15.5658,8.6611,14.6286,12.9854,15.1895,16.7402,17.7885,17.1431,19.0318,15.2767,10.3825,12.3439,12.6623,13.1012,13.4297,16.3581,14.4812,13.7954,14.4759,12.0844,12.0878,11.5089,12.0436,10.9350,10.4485,11.8929,8.7665,9.3289,12.1034,9.6689,9.1687,8.9228,8.1090,7.6859,5.9959,6.7094,7.3398,7.5797,7.1962,6.9864,6.7112,10.3510,8.1091,7.9875,9.1302,9.4945,7.1893,9.1256,6.8102,6.9669,6.5919,4.7725,5.4819,6.4436,6.9264,6.5076,7.2978,6.1518,6.1558,5.5839,9.8248,7.4732,5.4765,5.5202,7.3544,4.9654,7.3338,7.3282,7.2500,7.5279,7.6653,7.8079,7.9440,8.0841,8.1966,8.2400,8.3982,8.6526,8.8127,8.7810,9.1033,9.2901,9.4702,9.6487,9.8299,9.9935,10.0711,10.2734,10.5444,10.7353,10.7366,11.0813,11.2960,11.4962,11.6953,11.8952,12.0810,12.1818,12.4068,12.6654,12.8663,12.8791,13.2207,13.4363,13.6347,13.8295,14.0228,14.1982,14.3091,14.5252,14.7484,14.9309,14.9547,15.2428,15.4291,15.5869,15.7069
45127.0833333,17.4946,22.6471,21.8900,23.8161,31.7781,20.2895,24.9521,19.1336,23.1016,18.6240,20.6606,19.9527,14.5032,20.0989,22.2108,21.5194,23.5213,22.6485,17.1363,18.1758,23.5866,17.9392,15.6891,18.9761,18.8512,25.3531,18.2138,15.6475,19.0607,15.5364,15.9919,14.1053,12.7929,14.0680,14.4221,13.1169,14.9244,15.1167,11.2793,16.2275,16.3032,14.9321,12.5931,13.9684,22.8668,16.1445,13.7740,14.3746,10.9281,10.1086,12.1897,13.5557,14.3760,14.5909,7.6178,11.4303,11.0556,11.4771,17.1421,14.1814,13.7665,12.4739,11.4185,11.1841,11.0375,11.3662,13.3532,13.7971,8.8907,9.3444,10.7144,10.3673,9.2475,8.4431,8.1119,11.0534,10.0772,9.5214,8.5421,12.4145,18.5402,16.7559,11.4096,8.6913,10.7037,10.0230,14.4166,12.3329,15.3523,9.2141,14.8651,18.2393,18.7755,16.9414,8.8179,11.0477,12.3151,11.4655,11.6764,9.8990,10.2280,16.2441,13.1362,13.3106,17.8589,19.4639,15.2089,17.6754,12.8836,20.2530,12.4264,11.3904,13.3188,10.6738,12.9702,10.6521,12.1017,15.5834,15.1945,15.4407,7.8459,14.1793,12.5142,15.0160,17.6967,18.9595,17.9386,19.8649,15.3216,9.8250,12.1232,12.6338,13.4937,14.2927,17.7760,15.8506,15.1456,16.1750,12.6999,12.9736,12.5960,13.7615,12.0733,11.2872,13.3854,9.3717,10.3333,13.9153,11.6025,10.7231,10.8271,9.8224,9.5411,8.8386,8.0508,9.0455,9.8501,8.9533,8.2335,8.0829,12.3209,10.0909,9.4819,10.6549,10.6561,8.3454,10.4902,8.0739,8.6743,8.0021,5.4227,6.1600,7.5846,8.2328,7.7712,8.0113,6.7314,6.6554,5.9799,10.2571,7.7656,5.6663,5.6913,7.5406,5.0546,7.4166,7.3682,7.2940,7.4742,7.5558,7.6424,7.7257,7.8131,7.8823,7.9035,8.0075,8.1813,8.2897,8.2629,8.4890,8.6206,8.7489,8.8776,9.0098,9.1310,9.1924,9.3439,9.5458,9.6925,9.7057,9.9645,10.1328,10.2925,10.4529,10.6155,10.7698,10.8651,11.0502,11.2606,11.4319,11.4708,11.7448,11.9311,12.1067,12.2814,12.4565,12.6204,12.7401,12.9358,13.1382,13.3132,13.3768,13.6292,13.8100,13.9690,14.0908
45127.1250000,16.5291,22.5465,21.2197,23.4445,32.1881,19.2199,24.5193,19.0972,23.0658,17.7075,20.2697,19.3349,13.5104,19.7255,22.3240,21.6554,24.1248,23.2460,16.7855,18.2735,24.7518,18.3736,15.5088,19.6515,19.5243,26.8688,19.1185,16.0992,20.7195,16.4440,18.3736,16.7664,15.9655,16.6307,17.0826,15.4280,17.2365,17.5108,13.1531,18.0815,18.1969,16.3512,14.1613,15.3929,24.3109,18.1714,15.0647,15.3723,11.6103,10.5319,12.6614,14.2715,15.0679,15.0730,7.6919,12.9345,12.3160,12.5215,17.7034,14.3848,13.8780,12.4300,12.0157,11.9821,11.2820,11.8566,13.9434,14.3710,9.3215,9.8530,11.5106,11.7275,10.5824,9.1191,8.2301,12.1075,11.0961,11.0143,9.9857,13.5259,18.7671,17.1124,11.5278,8.6286,11.0651,10.1779,14.7523,12.6289,15.5784,9.0838,15.1787,18.2860,18.7182,17.0795,8.6216,10.8293,12.0350,10.8826,11.2252,9.4469,9.7915,15.8904,12.3864,12.5575,17.1880,18.7242,14.3026,16.8929,12.0384,20.1379,11.6206,10.5321,12.5637,9.7954,12.1697,9.7353,11.2487,14.7925,14.7081,14.9638,7.0524,13.4628,11.8001,14.4811,18.0588,19.4935,18.1194,20.0729,14.8810,9.0463,11.4979,12.1195,13.2626,14.4152,18.3950,16.4060,15.6814,17.0385,12.6673,13.1610,12.9547,14.6833,12.5163,11.5202,14.1933,9.4716,10.7488,15.0937,12.8502,11.6489,12.0866,10.9297,10.8089,11.0661,8.9216,10.2821,11.6753,10.2901,9.1390,9.1064,14.0626,11.7803,10.7342,11.9927,11.6890,9.3200,11.7360,9.1745,10.2402,9.2901,5.9989,6.7832,8.6375,9.4602,8.9451,8.7097,7.2899,7.1483,6.3782,10.7428,8.1110,5.9092,5.9193,7.7950,5.2172,7.5876,7.5038,7.4278,7.5337,7.5707,7.6122,7.6524,7.6966,7.7288,7.7279,7.7867,7.8963,7.9605,7.9295,8.0794,8.1634,8.2461,8.3304,8.4182,8.4995,8.5394,8.6444,8.7865,8.8907,8.9011,9.0873,9.2105,9.3289,9.4492,9.5723,9.6909,9.7687,9.9116,10.0738,10.2095,10.2524,10.4635,10.6138,10.7578,10.9025,11.0488,11.1885,11.2980,11.4626,11.6333,11.7859,11.8604,12.0700,12.2296,12.3727,12.4831
45127.1666667,15.8204,22.4826,20.7111,23.1840,32.6288,18.4913,24.2308,19.1125,23.0476,17.0168,19.9340,18.7882,12.7155,19.1338,22.0894,21.4166,24.2619,23.3672,16.1689,17.9607,25.3730,18.3751,15.0637,19.8708,19.7643,27.9412,19.6283,16.2265,21.9009,16.9258,20.1707,18.8207,18.5299,18.6219,19.2124,17.2053,19.0970,19.4997,14.5807,19.6355,19.8484,17.5885,15.5286,16.7025,25.7967,20.1852,16.3663,16.4450,12.3545,11.0731,13.2808,15.1206,15.9194,15.7627,8.0043,14.5180,13.6680,13.7015,18.5259,14.8850,14.2961,12.7071,12.8017,12.9316,11.7360,12.4977,14.6444,14.9892,9.5522,10.0997,12.0224,12.7808,11.6076,9.5005,8.2117,12.8973,11.8587,12.2687,11.2193,14.5664,19.0926,17.5756,11.7867,8.7471,11.5221,10.4605,15.2069,13.0413,15.9426,9.1492,15.6153,18.5054,18.8466,17.3567,8.6100,10.7754,11.9243,10.5711,11.0024,9.2320,9.5750,15.7071,11.7038,11.8903,16.5685,18.0659,13.5693,16.2123,11.3319,19.9144,10.8866,9.7537,11.8235,9.0344,11.4141,8.9648,10.4821,14.0246,14.1776,14.4429,6.4507,12.7502,11.1074,13.8758,18.1644,19.7454,18.0620,20.0485,14.3533,8.3778,10.8511,11.5177,12.8321,14.2393,18.6375,16.5769,15.8219,17.4500,12.3676,13.0019,12.9099,15.0945,12.5470,11.4038,14.5346,9.2881,10.7793,15.7930,13.6032,12.1500,12.8795,11.5856,11.6100,12.7485,9.4403,11.1490,13.1294,11.3143,9.8313,9.9068,15.6517,13.3018,11.8837,13.2825,12.7389,10.2838,13.0092,10.2647,11.7826,10.5545,6.5808,7.4454,9.7150,10.7373,10.1775,9.5412,7.9850,7.7961,6.9415,11.4662,8.6969,6.3847,6.3883,8.3219,5.6388,8.0565,7.9469,7.8687,7.9204,7.9234,7.9300,7.9360,7.9452,7.9461,7.9237,7.9447,8.0034,8.0306,7.9904,8.0803,8.1246,8.1691,8.2155,8.2655,8.3116,8.3286,8.3932,8.4858,8.5524,8.5527,8.6796,8.7630,8.8440,8.9274,9.0138,9.0978,9.1533,9.2564,9.3749,9.4756,9.5107,9.6670,9.7815,9.8926,10.0052,10.1201,10.2312,10.3215,10.4523,10.5889,10.7136,10.7833,10.9505,11.0831,11.2039,11.2980
45127.2083333,14.6483,21.7722,19.7137,22.4026,32.4721,17.4574,23.5874,18.8730,22.8777,16.3840,19.6043,18.3535,12.2052,18.6936,21.9012,21.1945,24.2930,23.3361,15.5702,17.5381,25.6637,18.1367,14.5107,19.7842,19.6884,28.5844,19.7644,16.0851,22.6689,17.1121,21.5255,20.4048,20.6165,20.1741,20.9117,18.5632,20.5680,21.1115,15.6315,20.8956,21.2007,18.5508,16.5847,17.7406,27.1284,22.0650,17.5897,17.4856,13.1122,11.6576,13.9596,16.0289,16.8545,16.5644,8.4283,16.1453,15.0897,14.9725,19.5277,15.5875,14.9369,13.2341,13.7690,14.0585,12.4341,13.3675,15.5886,15.8243,9.8648,10.3382,12.4324,13.6288,12.3952,9.7329,8.1393,13.4731,12.4021,13.2517,12.1623,15.3631,19.2672,17.8720,11.9008,8.7581,11.8308,10.6541,15.6020,13.4183,16.3222,9.2812,16.1032,18.8300,19.1110,17.7743,8.7848,10.9390,12.0480,10.5322,11.0252,9.2635,9.6037,15.7393,11.2825,11.4522,16.0984,17.5309,12.9955,15.6485,10.7994,19.6985,10.3304,9.1794,11.2217,8.4579,10.7816,8.3608,9.8387,13.3132,13.6295,13.8972,5.9983,12.0985,10.4969,13.2898,18.1091,19.8165,17.8772,19.8839,13.8199,7.8508,10.2879,10.9746,12.3858,13.9586,18.6679,16.5400,15.7553,17.5983,11.9775,12.7057,12.6928,15.2135,12.3696,11.1240,14.5757,8.9762,10.5936,16.1112,13.9446,12.2890,13.2629,11.8831,12.0423,13.9477,9.6626,11.6477,14.1494,11.9489,10.2000,10.3835,16.9043,14.4813,12.7390,14.2983,13.5525,11.0004,14.0834,11.1694,13.1933,11.7427,7.1476,8.1457,10.8293,12.0649,11.4581,10.4572,8.7525,8.5251,7.5858,12.3290,9.3934,6.9394,6.9405,8.9655,6.1327,8.6541,8.5281,8.4530,8.4710,8.4551,8.4420,8.4289,8.4181,8.4016,8.3681,8.3657,8.3903,8.3926,8.3467,8.3937,8.4084,8.4235,8.4404,8.4601,8.4773,8.4742,8.5055,8.5576,8.5918,8.5794,8.6579,8.7064,8.7542,8.8045,8.8579,8.9104,8.9434,9.0112,9.0910,9.1591,9.1813,9.2908,9.3717,9.4511,9.5327,9.6167,9.6990,9.7673,9.8654,9.9688,10.0646,10.1220,10.2498,10.3539,10.4498,10.5249
45127.2500000,14.0100,21.3077,18.9199,21.6516,32.0891,16.3813,22.6404,18.2336,22.1897,15.3424,18.7275,17.3908,11.2838,17.7677,21.2085,20.5534,23.9211,22.9729,14.8509,16.9681,25.6318,17.6894,13.8631,19.4285,19.3172,28.7533,19.4835,15.6063,22.8937,16.8623,22.2693,21.3561,22.0545,21.1197,22.0023,19.3366,21.4560,22.1350,16.1364,21.5984,21.9837,18.9696,17.0759,18.2293,27.9473,23.4170,18.3395,18.0865,13.4930,11.9008,14.3040,16.6027,17.4785,17.0807,8.5955,17.4627,16.2349,15.9870,20.3238,16.0894,15.3845,13.5861,14.5235,14.9832,12.9919,14.1010,16.4363,16.6051,10.2418,10.6423,12.8424,14.3762,13.0360,9.8509,8.0182,13.8187,12.6770,13.8868,12.7194,15.7662,19.0870,17.7568,11.6159,8.4001,11.6874,10.4224,15.5253,13.3170,16.2223,8.9860,16.0951,18.6928,18.9351,17.7598,8.5973,10.7721,11.8647,10.2230,10.7683,9.0353,9.3975,15.5572,10.5868,10.7773,15.3861,16.7821,12.2787,14.9362,10.2154,19.3347,9.7852,8.6551,10.6384,7.9296,10.1667,7.8007,9.2163,12.5702,12.9856,13.2400,5.5434,11.3792,9.8280,12.5863,17.7748,19.5738,17.4163,19.4161,13.1008,7.2515,9.6220,10.3189,11.7826,13.4604,18.3879,16.2114,15.4053,17.4088,11.4075,12.1975,12.2485,15.0022,11.9467,10.6385,14.2901,8.5003,10.1812,16.0365,13.8758,12.0674,13.2251,11.7910,12.0591,14.6059,9.5441,11.7198,14.6431,12.1096,10.1589,10.4269,17.6273,15.1006,13.0761,14.7814,13.8610,11.2135,14.6461,11.5849,14.1215,12.5061,7.3926,8.5092,11.6368,13.1348,12.5140,11.1961,9.3501,9.1016,8.0858,13.0874,9.9590,7.3435,7.3450,9.4810,6.4728,9.1215,8.9745,8.8970,8.8851,8.8480,8.8137,8.7804,8.7503,8.7183,8.6770,8.6573,8.6542,8.6356,8.5858,8.6015,8.5934,8.5864,8.5816,8.5800,8.5784,8.5649,8.5752,8.5975,8.6073,8.5865,8.6294,8.6498,8.6702,8.6933,8.7195,8.7467,8.7624,8.8024,8.8490,8.8877,8.8966,8.9668,9.0157,9.0646,9.1162,9.1709,9.2261,9.2736,9.3424,9.4137,9.4808,9.5235,9.6156,9.6899,9.7590,9.8131
45127.2916667,12.9336,20.2763,17.6367,20.2388,30.7868,14.5793,20.7013,16.5146,20.4257,13.3790,16.7145,15.3104,9.3442,15.6810,19.2217,18.6180,22.1459,21.1557,12.9062,15.2051,24.2808,16.0563,12.2639,18.0211,17.9198,27.6838,17.9886,14.0557,21.8898,15.5522,21.8556,21.1568,22.3114,20.9213,21.8769,18.9227,21.0902,21.8172,15.3629,21.0190,21.2759,17.9135,15.9684,17.1251,27.1713,23.0750,17.5400,17.2926,12.6074,10.9832,13.4596,15.8726,16.7289,16.1902,7.4392,17.3432,16.1063,15.7510,19.9164,15.3284,14.4821,12.5699,13.8314,14.5912,12.4299,13.7719,16.3234,16.5283,10.1954,10.6783,12.9559,14.6618,13.1431,9.5229,7.5993,13.5769,12.2264,13.6430,12.2428,14.9963,17.7762,16.2839,9.8929,6.6318,9.8767,8.5983,13.7599,11.5103,14.4059,7.1521,14.3256,16.8118,17.0402,15.9974,6.8747,9.1095,10.2063,8.5854,9.0322,7.3384,7.7050,13.7892,8.8863,9.0249,13.4837,14.7647,10.3328,13.0264,8.5980,17.9470,8.4755,7.5372,9.5138,6.9054,9.0247,6.7540,8.0483,11.2391,11.6033,11.8135,4.4475,10.0129,8.4933,11.2124,16.5586,18.4000,16.0189,17.9289,11.4441,5.8499,8.1564,8.8772,10.3743,12.1030,17.1509,14.9537,14.1698,16.2874,10.0602,10.9010,11.0421,13.9856,10.8041,9.5035,13.2272,7.3788,9.1057,15.1675,12.9395,11.0127,12.3211,10.9300,11.3418,14.4182,8.8347,11.1485,14.2753,11.4169,9.3018,9.5334,17.2724,14.5021,12.2231,14.0111,12.9537,10.1300,13.8466,10.6557,13.6707,12.0310,6.6303,7.9351,11.4636,13.2247,12.5628,11.0215,8.9784,8.7283,7.6152,12.8917,9.5067,6.7009,6.6464,8.8550,5.7208,8.4646,8.2552,8.1030,8.0915,8.0074,7.9285,7.8520,7.7917,7.7292,7.6751,7.6682,7.6870,7.6355,7.5251,7.5526,7.5062,7.4565,7.4101,7.3731,7.3444,7.2913,7.3149,7.3591,7.3389,7.2594,7.3165,7.3005,7.2775,7.2589,7.2488,7.2483,7.2228,7.2726,7.3337,7.3426,7.2910,7.3743,7.3853,7.3888,7.3966,7.4125,7.4359,7.4426,7.5150,7.5893,7.6248,7.6040,7.7091,7.7453,7.7700,7.7869
45127.3333333,10.2180,17.5689,15.0421,17.5273,28.1196,12.0128,17.6532,13.4325,17.3640,10.3611,13.2600,11.7735,5.9952,11.8591,15.2805,14.7591,18.3229,17.3613,9.1456,11.6599,21.0612,12.7693,9.2607,15.0629,14.9006,24.9989,14.9779,11.1593,19.3859,12.7138,19.6467,19.1024,20.6725,19.0510,19.9924,17.0590,19.3365,19.9487,13.1194,19.1718,19.0230,15.5546,13.2624,14.5197,24.9437,21.0224,15.1833,15.0805,10.3483,8.8327,11.4350,13.6166,14.3353,13.6693,4.7819,15.0401,13.8003,13.5478,17.5420,12.9090,11.8894,9.8686,11.0297,12.1079,10.0117,11.5018,14.2922,14.7369,8.8933,9.9430,12.4211,14.2069,12.5758,8.4159,6.7463,12.7179,10.9308,12.4290,10.7632,13.2276,15.8038,14.2041,7.6003,4.1969,7.0124,5.8356,10.8905,8.5942,11.4129,4.4553,11.2510,13.5137,13.5416,12.4212,3.5607,5.5864,6.7104,5.3981,5.4221,3.8374,4.0527,9.9789,4.9225,5.0992,9.3763,10.5873,6.3552,9.2208,5.3556,14.8939,5.7644,5.2092,7.2672,4.9147,6.9147,4.8585,6.0190,9.0481,9.3923,9.4583,2.5039,7.7727,6.1791,8.8429,14.0231,15.9541,13.4883,15.3025,8.6260,3.3584,5.4968,6.1682,7.6369,9.3613,14.4033,12.3272,11.6941,13.9898,7.8106,8.5335,8.7251,11.8863,8.6909,7.4789,11.1532,5.4731,7.1402,13.3048,11.1086,9.0830,10.5102,9.2040,9.7756,13.2068,7.4501,10.0125,13.1457,9.8698,7.7301,7.6042,15.8920,12.6989,10.2890,12.1231,11.1696,8.1403,11.8481,8.6070,11.7734,10.1821,4.7189,6.1292,9.8565,11.9267,11.2128,9.7145,7.3834,7.2831,6.0807,11.6693,8.0419,5.1209,4.8601,7.0719,4.0406,6.9242,6.6131,6.1529,6.3323,6.1492,5.9739,5.7948,5.6388,5.4068,5.1650,5.2071,5.4631,5.3583,4.9662,5.2146,5.1058,4.9862,4.8695,4.7720,4.6956,4.4063,4.4865,4.7667,4.6991,4.3424,4.6167,4.5499,4.4629,4.3824,4.3193,4.2809,4.0271,4.1397,4.4075,4.3790,4.0683,4.3614,4.3256,4.2683,4.2169,4.1811,4.1594,3.9363,4.1156,4.2310,4.2468,3.9912,4.3198,4.3230,4.3010,4.2784
45127.3750000,5.1795,12.5279,10.6262,13.0588,23.5622,8.5327,13.1001,9.0210,13.6138,7.0366,9.3530,7.6373,1.9963,6.6725,9.2818,9.3381,12.8235,11.7567,3.8834,5.8191,15.4491,6.7048,3.7761,9.7002,10.1225,19.7645,10.1909,5.8964,14.9049,7.9762,15.4743,15.4746,17.3624,15.2317,16.2287,12.1958,15.4882,16.0927,9.3480,16.3681,15.2539,12.5466,9.3034,10.8127,21.2656,16.9475,10.5099,10.3647,5.9278,4.6949,8.0866,10.0090,10.7158,10.1099,1.2784,10.9990,9.5754,10.0960,13.4292,9.4067,8.1541,6.0053,6.3352,7.8062,6.2793,7.6390,10.9498,10.8510,5.1508,7.7297,10.9979,12.7186,11.4083,6.4652,5.7233,11.6302,9.2278,10.1805,8.0769,10.3270,13.9174,12.0729,5.2177,1.6927,3.0283,2.2948,7.2889,5.0709,7.7634,1.3565,7.7391,9.4566,8.9578,7.7676,-0.7859,0.9615,1.9220,1.7153,0.7736,-0.7779,-1.2752,4.0684,-0.6294,-0.4465,3.5279,4.6952,0.2641,3.2900,-0.0695,9.6930,1.1281,1.2219,3.5293,1.6309,3.4856,2.4853,3.1036,5.7842,6.1238,6.0709,-0.4808,4.6940,2.8250,5.8034,10.3718,12.4756,10.3271,12.1638,5.2952,0.3681,2.2076,2.6184,3.9313,5.5688,10.0166,8.2637,7.9145,10.5513,4.5158,5.0059,5.2179,8.5556,5.4639,4.6490,8.0052,2.8392,4.6486,10.3996,8.0872,5.7976,7.4720,6.5316,7.5222,11.1694,5.6479,9.1145,12.0120,8.0416,6.3197,5.4391,14.5787,10.4925,8.0055,9.5351,9.1443,5.8902,9.0109,6.1372,8.6593,6.9966,1.7296,3.0990,6.7145,9.3416,8.5724,7.5451,4.6063,5.0313,3.7646,9.8876,6.0343,3.0648,2.1502,4.2780,1.6588,5.0530,4.6212,3.3751,4.2447,3.9513,3.6679,3.3714,3.1122,2.8106,1.7934,1.9221,2.9352,2.7580,1.5943,2.5284,2.3112,2.0734,1.8404,1.6437,1.4920,0.4704,0.6712,1.6554,1.5383,0.4324,1.4228,1.2782,1.0953,0.9218,0.7792,0.6849,-0.2624,0.0336,0.8839,0.8189,-0.2290,0.7783,0.6779,0.5375,0.4052,0.2987,0.2160,-0.6654,0.1362,0.2182,0.2027,-0.7707,0.2506,0.2027,0.1120,0.0334
45127.4166667,-3.7919,3.1671,2.4907,4.8958,18.0897,2.9278,5.2645,0.7475,6.9416,1.4400,3.4373,1.7745,-3.2826,0.7585,2.2640,2.2986,5.7238,4.7288,-2.2830,-1.2790,9.5524,0.0645,-2.3439,3.3113,4.9651,13.1366,3.5851,-1.9004,8.1069,0.9734,8.0060,9.3629,12.2033,10.5348,11.1982,6.5785,9.6898,8.9656,2.7559,11.6053,9.2306,6.8713,2.0150,4.0065,16.4987,10.9742,4.8870,3.9970,0.9235,-0.3725,4.2782,5.4869,5.9795,5.5331,-2.7649,5.3224,3.2805,5.4682,8.0332,3.7302,2.4480,0.3943,-0.8862,1.0296,0.8696,2.1295,6.9002,6.5369,-0.3445,3.2863,7.9953,9.2382,9.0650,3.5247,4.2786,10.4146,7.2453,9.1910,4.2825,6.3832,13.1613,10.1582,2.9414,-0.5843,-1.9720,-2.1403,2.5046,0.1783,3.2278,-2.0351,3.5482,4.8681,3.4032,2.0733,-5.7283,-4.0514,-3.0532,-1.4752,-3.7462,-5.2797,-6.3655,-1.9152,-6.4414,-6.3495,-3.0381,-2.3542,-6.9196,-4.8251,-7.5727,2.5345,-5.2780,-4.3809,-1.1880,-3.3420,-2.7511,-1.8523,-1.9055,1.4599,1.5882,1.4166,-4.9928,0.1115,-2.4928,0.8539,3.9430,6.5501,5.2361,7.8694,1.2117,-3.0349,-1.3047,-1.1314,0.0752,1.5796,5.3690,2.2404,2.3963,6.2728,0.6675,0.1980,0.4808,4.3680,1.6022,0.8094,3.0951,-1.7898,0.5900,7.3381,4.5414,0.9536,3.0811,1.6339,3.2307,7.2643,2.2065,7.3771,10.0945,4.6601,4.5555,2.7669,12.9468,8.3311,5.6607,5.3732,5.9818,2.7948,5.2529,3.4699,5.1565,3.4970,-1.4071,-0.0546,2.7082,6.1492,5.2344,5.0596,0.9575,2.4699,1.1452,7.9981,3.8722,0.8118,-0.4736,-0.0647,-1.9266,2.4530,1.9568,-0.7175,1.6840,1.3715,1.0717,0.7500,0.4740,0.1766,-2.2282,-1.9241,0.5278,0.3269,-2.2895,0.0831,-0.1983,-0.5160,-0.8365,-1.1163,-1.3421,-3.7486,-3.3780,-1.1598,-1.3336,-3.8657,-1.5177,-1.7373,-2.0124,-2.2800,-2.5139,-2.7048,-5.0391,-3.6354,-2.9911,-3.0836,-5.4762,-3.1329,-3.2647,-3.4537,-3.6346,-3.7816,-3.8982,-5.8912,-3.9759,-3.8943,-3.9144,-6.1286,-3.8575,-3.9251,-4.0536,-4.1658
45127.4583333,-11.7089,-6.4132,-4.3398,-3.9590,9.8490,-4.7848,-3.2103,-9.4238,-0.9959,-4.7856,-3.3652,-3.6718,-8.3798,-4.8701,-4.0600,-4.6345,-1.6270,-2.6762,-8.5504,-9.3031,2.8387,-7.8391,-8.6602,-5.6492,-1.6590,6.7900,-2.5317,-8.4221,1.2202,-6.8222,0.7670,0.9995,5.1670,5.7464,6.8378,1.6652,4.3905,0.7211,-6.2576,5.3071,3.3954,1.3214,-6.0415,-3.8210,12.4437,4.3066,-1.4204,-3.7154,-5.2000,-6.8652,-0.2331,0.3836,0.9507,1.1314,-6.3596,0.2997,-2.4825,2.3806,5.5117,0.3880,-1.4071,-3.7591,-8.0686,-6.3796,-4.8781,-4.4943,0.9672,0.6154,-6.4542,-1.8728,4.1782,3.9404,5.5121,-0.1404,2.1144,9.3104,5.3662,8.8095,0.3758,2.9768,13.8978,9.7525,2.1675,-1.3771,-6.5399,-6.1837,-2.3747,-6.1053,0.0687,-5.0623,0.0110,1.2541,-0.2459,-2.7055,-9.7296,-8.5060,-7.6882,-3.9722,-7.8753,-9.4083,-10.6379,-7.4550,-10.6353,-10.5992,-7.9900,-7.7638,-11.9728,-12.2229,-15.4702,-5.7974,-12.8966,-11.8485,-7.0069,-8.3912,-9.8243,-6.3799,-7.5306,-2.9137,-2.9634,-3.4465,-9.3820,-5.0233,-7.4206,-4.7927,-4.4011,-0.0822,-1.4674,1.9309,-4.3914,-7.7274,-5.7127,-5.5930,-3.6274,-1.0833,3.1934,-2.6526,-4.0609,0.7542,-3.4148,-4.1914,-5.9636,-0.8590,-3.2096,-3.7067,-1.1983,-6.8070,-4.6060,3.3445,0.0270,-3.7529,-0.4906,-3.5963,-2.2502,2.3306,-1.7073,5.3203,7.3150,1.0119,1.6458,-1.1622,10.3540,5.5428,2.8787,0.1052,1.5952,-0.9891,1.4200,-0.7135,0.2446,-1.0704,-5.5025,-4.0024,-2.2720,2.5070,1.6263,2.5695,-2.8163,-0.1564,-1.4431,6.3244,2.0585,-0.9188,-1.9813,-4.5842,-4.6123,-0.3342,-0.7979,-5.0402,-1.0129,-1.3014,-1.5576,-1.8428,-2.1300,-2.6312,-6.4675,-6.7687,-3.6597,-3.6734,-7.8869,-3.4557,-3.4857,-3.5782,-3.7189,-3.8997,-4.2394,-7.8962,-7.1148,-5.1632,-5.2086,-9.3560,-5.1210,-5.1931,-5.3445,-5.5137,-5.6975,-5.9844,-9.3285,-7.2401,-6.6393,-6.6288,-10.5465,-6.4876,-6.5260,-6.6555,-6.8114,-6.9882,-7.2754,-10.2322,-7.9684,-7.8685,-7.8705,-11.5450,-7.7524,-7.7651,-7.8548,-7.9405
45127.5000000,-14.8636,-11.8655,-6.0230,-5.0996,7.7122,-6.3216,-6.3329,-15.8478,-6.0875,-8.6151,-12.3645,-10.3611,-13.8986,-10.7437,-9.8837,-10.4591,-7.7161,-8.7407,-13.2425,-16.4229,-3.9882,-15.8284,-13.2436,-13.8207,-7.3668,0.9932,-7.8072,-15.1818,-4.6862,-13.7824,-6.6574,-8.4592,-3.9675,-3.6223,0.1655,-3.7740,-0.0717,-3.1665,-12.1825,0.8276,-1.3257,-3.4786,-14.1073,-12.1298,7.9694,-2.7882,-7.7956,-10.9940,-12.1482,-14.2510,-5.4816,-5.3463,-4.5321,-3.6220,-11.7704,-7.2224,-8.8001,-2.5319,3.5052,-1.6103,-3.2482,-5.4430,-12.9724,-11.7008,-9.8647,-9.3261,-2.3804,-3.2867,-13.5266,-7.4207,-0.0126,-2.0664,-0.5422,-4.5783,-1.9660,7.5701,3.3224,8.5756,-3.4211,-1.0285,15.2750,10.1295,2.2052,-1.3689,-10.3614,-9.3257,-2.3207,-9.0009,-0.8893,-6.0504,-1.8904,-0.9721,-2.6758,-6.3746,-12.4821,-11.6798,-10.9534,-5.0633,-10.4652,-11.8921,-13.2248,-11.2007,-14.6506,-14.3655,-12.1927,-12.1373,-15.6531,-16.3759,-20.7895,-13.0314,-19.6530,-17.6691,-12.1044,-12.9062,-16.6971,-12.0825,-15.9938,-9.4829,-9.2956,-9.4833,-13.7475,-10.0637,-11.9149,-9.9074,-10.2287,-7.3793,-8.6434,-4.4732,-10.1836,-12.4502,-11.1085,-12.5793,-11.6886,-9.2474,-3.9247,-7.4929,-7.9580,-4.4035,-7.5973,-8.6025,-10.1368,-5.7158,-7.8799,-8.3083,-5.9192,-10.6464,-9.1736,-0.8202,-7.3623,-9.8140,-7.2113,-8.2975,-7.7002,-4.6477,-6.6623,2.0941,3.7034,-0.6327,-0.9200,-4.7585,7.6216,2.6127,-0.1337,-4.2635,-2.4760,-3.2011,-1.7311,-4.6275,-5.0649,-6.2649,-9.3568,-8.4828,-8.6284,-3.2491,-3.7023,-1.1759,-7.7075,-3.2189,-4.1885,4.4372,0.1789,-2.6040,-3.4804,-4.9260,-4.9553,-2.6553,-3.2600,-9.4849,-3.4942,-3.7692,-4.0450,-4.3717,-4.6966,-5.2126,-8.1827,-8.4824,-6.2439,-6.3682,-12.5309,-6.4705,-6.6241,-6.8304,-7.0587,-7.2893,-7.6379,-10.4424,-9.9127,-8.4403,-8.5040,-14.3761,-8.4978,-8.5623,-8.7060,-8.8583,-9.0130,-9.2577,-11.7911,-10.3044,-9.8101,-9.8323,-15.3718,-9.8122,-9.8601,-9.9937,-10.1377,-10.2836,-10.5232,-12.7361,-11.1025,-10.9781,-10.9984,-16.2449,-10.9880,-10.9950,-11.0978,-11.1919
45127.5416667,-16.8964,-14.6500,-7.1770,-4.6677,8.8415,-3.8272,-4.1992,-16.5775,-5.2578,-6.0940,-9.6055,-9.0223,-12.7093,-12.1824,-12.3190,-13.4839,-11.3534,-12.3154,-15.3112,-18.7747,-6.9819,-19.8425,-14.9071,-18.9639,-10.7333,-1.7554,-9.6325,-17.5609,-7.1021,-17.5879,-9.2738,-12.6965,-8.1472,-5.3803,-2.1797,-6.6205,-3.0998,-5.9885,-16.5467,-1.9277,-3.1081,-4.4266,-17.3006,-15.6399,5.7660,-6.9358,-10.8499,-12.1303,-14.7953,-17.1486,-7.9093,-8.6848,-7.8924,-6.2835,-14.2595,-13.8826,-14.8820,-7.6949,2.2240,-2.2818,-3.4548,-5.2948,-15.6082,-15.1745,-13.0631,-12.2230,-5.0043,-5.4169,-18.1559,-11.4633,-3.0923,-6.6174,-7.3239,-10.5044,-6.7781,4.3292,1.1192,7.9030,-4.4635,-1.5470,19.7695,14.4436,6.4611,2.6939,-9.3338,-7.8632,-0.4181,-9.1157,0.0845,-4.5171,0.0420,1.7271,0.6271,-3.7539,-9.0994,-8.7431,-8.1453,-0.5354,-7.0088,-8.5312,-10.2121,-9.3604,-14.6529,-14.2616,-12.4644,-12.4518,-15.2855,-16.9052,-22.6996,-17.2094,-22.9446,-20.1504,-14.4595,-13.0211,-16.0543,-11.6498,-18.0877,-11.0655,-11.6394,-10.9591,-14.4025,-12.8107,-14.6590,-13.4299,-13.2865,-10.4725,-11.7317,-7.0972,-12.1573,-13.2042,-13.0268,-14.0779,-16.0414,-15.0524,-7.4968,-11.5004,-11.7396,-7.7574,-9.9349,-11.2963,-12.4720,-8.2229,-9.6389,-9.7025,-7.5283,-11.2713,-10.5881,-2.2681,-11.1485,-12.9179,-11.2022,-12.8714,-12.0142,-10.9155,-10.5338,-0.6977,0.9437,-1.4256,-1.9536,-6.3387,6.6459,2.0577,-0.1188,-2.5680,0.4273,-1.4458,-1.1109,-4.9559,-7.4460,-8.8828,-10.6661,-10.6399,-11.2026,-6.8059,-7.3641,-3.9436,-10.8059,-6.3185,-6.8828,2.2561,-1.4299,-3.6179,-4.1001,-4.3622,-3.9741,-2.5945,-3.2099,-9.8999,-3.8931,-3.9141,-3.9409,-4.0302,-4.1187,-4.4085,-6.5664,-6.6622,-4.8932,-5.1762,-11.9031,-6.0771,-6.1610,-6.2991,-6.4499,-6.5879,-6.8365,-8.9727,-8.5440,-7.3848,-7.6504,-14.0832,-8.4807,-8.5095,-8.6198,-8.7226,-8.8089,-8.9703,-10.8934,-9.7621,-9.3034,-9.4870,-15.5058,-10.1767,-10.1484,-10.2063,-10.2590,-10.2968,-10.4207,-12.0430,-10.7724,-10.5855,-10.7063,-15.0676,-11.2633,-11.2525,-11.3428,-11.4190
45127.5833333,-16.5608,-13.5982,-7.3992,-4.7754,8.1803,-3.3872,-3.9423,-16.4812,-4.3451,-3.9346,-6.9127,-6.3076,-8.9924,-9.0250,-9.5009,-10.7220,-9.2297,-10.4999,-12.5038,-16.5614,-6.6330,-19.2829,-13.0851,-19.7396,-11.2417,-2.6511,-11.6828,-17.5327,-7.4175,-17.2252,-11.1694,-14.3446,-9.8444,-3.6917,-0.0949,-3.8443,-0.7415,-3.7768,-14.6115,-0.0087,-1.4386,-2.4430,-15.9949,-11.9450,7.1402,-7.2565,-10.4869,-10.7673,-13.8712,-15.9556,-7.5255,-8.6458,-7.7624,-5.8216,-12.6438,-16.1416,-16.5475,-10.1870,1.7076,-2.5435,-3.4590,-4.8662,-15.9259,-15.7101,-13.0050,-9.9112,-4.7032,-5.9253,-19.8588,-13.4920,-5.2566,-6.6437,-6.8345,-12.6570,-7.9142,0.9876,-2.2515,2.3945,-8.1698,-4.7391,18.7397,13.6627,5.9770,2.4796,-9.4286,-5.3920,2.0922,-4.8939,3.5544,-0.6763,3.9462,5.8829,5.1928,0.6158,-3.9480,-3.4979,-2.8698,5.2350,-1.5002,-2.9342,-4.4473,-3.9892,-7.8747,-7.9686,-7.0326,-7.5621,-10.2172,-12.7932,-18.5175,-16.4966,-21.4860,-18.8208,-15.6089,-11.8531,-14.5748,-10.6933,-18.1272,-11.5081,-13.9680,-10.6437,-12.0614,-11.6094,-13.1593,-12.5392,-15.4521,-11.3817,-11.8330,-6.8782,-10.8997,-10.5778,-12.4464,-12.2776,-15.1940,-15.1204,-7.3675,-11.7855,-13.9347,-8.9278,-9.7214,-10.9939,-11.9668,-7.8199,-8.4173,-8.4489,-7.1847,-10.1089,-9.6491,-2.0409,-11.8011,-12.8027,-10.7354,-13.1196,-12.7410,-13.8869,-11.4853,-2.3569,-1.5137,-2.8297,-3.2580,-7.6896,5.1230,0.8318,-0.6802,-1.8769,1.7159,-0.8053,-0.3681,-4.0411,-6.9107,-7.8264,-8.3580,-8.9529,-10.3363,-7.1453,-7.9230,-3.9049,-9.2894,-6.1590,-6.6564,1.8305,-1.6163,-3.5147,-4.0221,-3.9273,-3.4993,-2.6507,-3.1134,-8.0254,-3.4145,-3.2651,-3.1263,-3.0719,-3.0210,-3.1962,-4.8397,-4.7436,-3.1201,-3.1927,-8.1427,-3.6883,-3.6175,-3.6398,-3.7073,-3.7828,-3.9998,-5.7541,-5.4029,-4.3574,-4.5417,-9.4070,-5.2314,-5.2281,-5.3482,-5.4847,-5.6185,-5.8458,-7.5104,-6.7229,-6.2817,-6.4542,-11.0693,-7.1266,-7.1102,-7.2140,-7.3280,-7.4340,-7.6408,-9.0336,-8.1282,-7.9196,-8.0259,-11.4232,-8.5245,-8.4634,-8.5207,-8.5727
45127.6250000,-11.4655,-10.1413,-6.0252,-3.6909,8.1035,-3.4346,-4.9965,-18.6997,-5.9098,-4.8561,-7.7542,-7.8585,-10.3338,-9.5077,-10.2375,-11.4208,-9.9001,-10.8109,-11.7987,-15.5832,-6.4633,-19.5247,-11.7897,-17.7950,-11.6977,-4.4472,-15.8039,-19.4863,-9.5443,-17.0097,-13.6854,-16.2879,-12.1552,-5.5969,0.1779,-2.4612,3.7173,0.3596,-11.6349,3.4227,1.1459,-0.3376,-14.2604,-9.1982,7.7571,-8.8745,-11.4336,-10.3804,-14.2008,-13.2150,-7.1008,-9.6439,-9.4076,-7.4089,-14.0207,-19.7403,-19.2740,-13.7218,0.7567,-3.6329,-4.6689,-6.1043,-18.4934,-18.3936,-14.7874,-11.7763,-4.8469,-4.3517,-20.5261,-14.4955,-6.5714,-9.2390,-8.4402,-12.0442,-4.3890,1.1617,-3.1893,-1.7116,-11.1909,-3.0595,17.6275,11.4157,3.0666,-0.6578,-10.2479,-8.2867,-2.1377,-8.6397,-1.3555,-5.5995,-0.6774,1.9700,2.1858,-1.9337,-7.9390,-4.1117,-2.7336,6.2099,-0.7239,-2.1274,-3.2765,-2.2739,-4.4401,-4.6121,-2.5516,-3.4174,-6.2892,-8.9731,-15.1103,-14.9496,-18.3874,-16.9276,-15.6590,-11.9296,-11.7407,-7.9898,-14.9221,-10.5485,-15.9034,-13.2612,-11.5943,-11.3260,-12.5082,-12.2859,-15.4703,-14.1182,-14.6364,-9.4280,-12.6941,-12.5430,-12.3494,-13.6574,-15.9657,-15.8233,-6.9892,-12.1161,-14.3456,-10.8853,-11.1611,-12.7787,-13.5737,-10.9981,-10.2827,-7.8477,-6.4552,-9.0656,-10.0095,-0.8776,-11.9370,-12.0660,-10.1093,-11.8529,-12.0106,-14.9632,-11.4256,-2.2594,-2.4926,-3.0301,-3.7033,-8.9293,3.6063,-3.3799,-1.9569,-2.3805,1.8094,-1.4499,-1.2962,-6.9462,-8.5507,-9.1416,-8.8982,-8.8548,-10.1162,-7.1317,-8.7555,-2.5408,-7.0577,-5.0582,-5.7080,2.5612,-1.0343,-3.0100,-3.6928,-3.3833,-3.2343,-3.1693,-3.8726,-7.7816,-4.5259,-4.5422,-4.5401,-4.5985,-4.6381,-4.8866,-6.2788,-6.2103,-4.8718,-4.8970,-8.6048,-5.2384,-5.0904,-5.0221,-4.9900,-4.9600,-5.0737,-6.4345,-6.0850,-5.0962,-5.1427,-8.7508,-5.5596,-5.4455,-5.4603,-5.4988,-5.5436,-5.6959,-7.0302,-6.4229,-5.9638,-6.0692,-9.5741,-6.6278,-6.5820,-6.6631,-6.7617,-6.8601,-7.0708,-8.2336,-7.5916,-7.3934,-7.5034,-10.1822,-8.0207,-7.9768,-8.0516,-8.1198
45127.6666667,-11.2317,-7.7687,-3.8855,-0.8580,11.8721,0.2963,-1.9741,-17.6578,-4.0961,-2.3511,-4.3782,-4.8503,-8.0031,-7.7341,-9.0504,-10.7117,-9.6880,-10.6795,-11.1259,-14.8980,-5.1965,-18.7784,-10.4295,-15.3863,-9.6434,-2.6754,-16.3544,-19.4679,-12.3595,-18.1263,-16.6606,-18.8007,-14.5819,-8.3704,-2.6503,-5.0500,4.3454,2.1486,-10.4940,6.3167,4.8451,3.6264,-10.0323,-4.0198,11.8200,-6.7714,-9.1298,-7.3535,-12.3162,-11.9941,-5.6571,-8.1614,-7.8103,-5.5632,-12.3269,-21.3826,-21.0212,-16.1570,0.7706,-3.4010,-4.3100,-5.6547,-19.7653,-20.2626,-17.2680,-15.5833,-9.9519,-5.5628,-20.8089,-14.2947,-5.7265,-11.4953,-10.9858,-12.5188,-2.6466,1.6936,-2.5815,-3.7740,-11.3353,0.8146,19.8021,13.3940,4.9998,1.3853,-5.7734,-5.0750,0.3144,-5.5936,0.5712,-3.6774,-0.2691,3.9913,3.6707,-1.6868,-9.9453,-5.1122,-3.9845,5.4351,-1.8692,-3.4843,-4.5981,-3.2366,-4.3535,-6.5250,-1.7000,-1.6230,-3.8770,-5.5567,-11.5594,-11.4795,-14.3203,-11.8390,-12.0995,-8.8965,-9.5179,-3.9309,-9.6308,-6.1091,-13.7195,-12.0935,-8.9260,-8.8429,-12.0016,-10.2959,-13.3406,-11.8272,-12.8713,-8.0097,-11.2378,-11.9996,-12.9779,-14.9761,-17.5429,-17.8119,-7.5841,-12.5231,-13.9096,-11.4376,-9.9754,-11.5719,-13.5038,-13.2718,-12.6354,-8.6562,-7.0177,-9.2033,-11.5203,-1.2919,-13.3447,-12.7534,-11.5539,-11.3335,-11.1645,-14.4866,-10.4194,-1.2621,-0.7852,-0.5960,-1.1445,-6.9451,4.9755,-4.1363,-0.6163,-0.1375,4.7928,-0.8309,0.8760,-7.0989,-8.2557,-9.0852,-8.2541,-8.7182,-10.2077,-7.9364,-11.1807,-2.9623,-6.2443,-4.5247,-4.8508,3.7774,0.3944,-1.4432,-1.9274,-1.0253,-1.0462,-1.1080,-1.7577,-4.7222,-2.3381,-2.4107,-2.4938,-2.6578,-2.8220,-3.1918,-4.4637,-4.5465,-3.6147,-3.7873,-6.7397,-4.3704,-4.3760,-4.4451,-4.5343,-4.6092,-4.7996,-5.9699,-5.7471,-4.9572,-5.0146,-7.7593,-5.3744,-5.2583,-5.2529,-5.2592,-5.2613,-5.3533,-6.3874,-5.8806,-5.4076,-5.4295,-8.0387,-5.7803,-5.6752,-5.6916,-5.7262,-5.7622,-5.9041,-6.7993,-6.2841,-6.0557,-6.1143,-8.1694,-6.5127,-6.4525,-6.5083,-6.5599
45127.7083333,-10.3225,-7.6377,-1.3084,2.3925,12.5027,6.0134,4.7613,-12.1449,1.8878,3.8059,-0.9364,0.9735,-2.2009,-1.9204,-3.2979,-5.2867,-4.8532,-6.2811,-6.7482,-11.0020,-3.2584,-13.6818,-5.6060,-9.5194,-7.5585,2.0113,-11.8777,-14.7899,-10.1116,-15.5896,-16.0100,-19.2677,-16.8422,-10.8687,-5.1620,-7.2116,4.1740,3.3901,-9.5144,7.8941,7.1844,6.3280,-4.6057,0.7413,16.2375,-2.7884,-4.5937,-2.0695,-7.1504,-4.9917,-0.6645,-3.7977,-3.8658,-1.6613,-7.9079,-19.5763,-19.6240,-15.5693,2.6834,-0.5444,-1.4260,-2.7852,-17.1261,-18.5887,-13.7673,-15.5308,-11.0430,-7.6728,-22.0137,-14.8942,-6.8166,-10.0705,-12.2801,-12.8028,-2.0925,1.6139,-2.1710,-4.8717,-9.6897,4.6125,22.3708,16.2670,8.0071,4.5155,-0.3882,-0.3566,4.9573,-0.1499,5.4858,1.1507,1.5020,8.9540,8.8332,3.2160,-5.9964,-0.6380,0.4774,9.7090,2.5849,0.7969,-0.4136,0.8115,-0.1547,-1.7520,2.0887,2.8287,-0.0842,-1.9352,-8.5107,-8.7199,-11.4484,-9.0278,-9.2397,-6.2668,-6.7899,-0.4181,-4.9817,-0.9925,-9.4182,-8.3893,-4.6440,-4.1861,-8.4540,-6.2563,-10.7709,-8.5482,-9.2586,-4.2121,-6.9822,-7.9435,-9.5827,-10.6665,-14.7674,-16.1464,-6.3487,-11.5211,-12.7317,-11.0107,-9.3152,-11.0294,-13.7682,-12.5889,-11.7040,-7.4221,-6.0333,-7.9588,-10.1273,-0.1768,-12.6886,-11.9516,-11.6067,-11.2400,-10.4467,-13.8846,-7.3923,-2.3399,-0.0284,-0.2205,1.3516,-3.1225,9.0077,0.6270,3.8920,5.0634,9.7833,0.7987,4.7418,-4.3647,-5.5074,-6.4160,-5.9354,-6.0744,-7.6973,-6.1851,-9.2337,-1.6911,-4.5998,-3.5511,-3.9396,4.4885,1.3083,-0.4322,-0.7724,0.5648,0.3329,0.5510,0.1277,-1.9665,0.0199,0.1535,0.2725,0.3058,0.3278,0.1429,-0.7812,-0.7242,0.1472,0.0778,-2.1517,-0.3361,-0.3226,-0.3897,-0.4943,-0.6013,-0.8304,-1.8737,-1.7728,-1.1755,-1.3079,-3.5180,-1.7999,-1.7841,-1.8719,-1.9670,-2.0521,-2.2140,-3.1441,-2.8146,-2.4310,-2.4845,-4.5372,-2.8416,-2.7581,-2.7821,-2.8155,-2.8423,-2.9613,-3.6832,-3.2671,-3.0181,-3.0329,-4.6288,-3.3116,-3.2148,-3.2294,-3.2450
45127.7500000,-6.5325,-4.8098,2.3925,3.8380,13.3909,9.1225,8.9053,-7.3966,5.1988,8.1168,3.1535,6.3866,3.4506,4.3962,3.6266,1.9676,2.6597,1.6557,0.7845,-4.2350,1.3231,-7.0423,-0.3022,-2.3613,-2.7281,7.9296,-5.4773,-8.4230,-5.5266,-10.5149,-12.6785,-16.0565,-14.8904,-9.8101,-5.2674,-7.4723,2.8249,4.5232,-7.1969,10.1707,10.3933,9.9433,1.2549,6.2797,21.7338,3.2200,1.6264,4.3782,-1.4531,1.8734,5.5896,3.1654,3.3773,5.5911,-0.9723,-12.8049,-13.2984,-10.3963,6.0975,3.8566,3.2341,2.0654,-11.5613,-13.3619,-8.1396,-10.9190,-5.9985,-4.5438,-19.4551,-13.9372,-7.1860,-8.8710,-12.2795,-11.7489,-1.1582,2.3520,0.1117,-2.8784,-5.9433,8.9114,25.5503,19.9605,11.7653,8.1949,5.2331,4.8967,10.4882,6.1287,11.5606,6.8227,6.2994,15.3199,15.5455,10.0731,0.2490,5.3886,7.4208,15.7310,9.5050,7.6637,6.1862,9.0172,5.6555,4.4390,7.2234,9.8510,7.0015,5.6074,-1.0428,-1.8609,-5.5176,-4.5431,-5.2464,-3.0412,-3.9137,1.9285,-1.7089,2.2206,-6.1479,-5.5450,-2.0542,-0.4513,-4.6500,-1.9325,-6.0254,-3.3176,-2.9789,1.9659,-0.7398,-2.3405,-4.2424,-4.9741,-8.6373,-10.5684,-1.6635,-6.5613,-7.6410,-6.5114,-4.8595,-6.8416,-10.3160,-10.5865,-9.6510,-5.5359,-4.4254,-6.4648,-8.5440,0.6970,-10.8441,-10.0783,-10.3037,-9.7331,-8.8971,-12.7913,-5.1959,-2.6374,-1.0302,-1.0284,0.5032,-1.7605,10.3173,1.8703,4.9475,8.1666,12.7891,3.1497,8.8961,0.2731,-0.2964,-0.8768,-1.0738,-1.4489,-3.0081,-2.4831,-4.3026,2.5931,0.0769,0.7493,0.2876,8.3129,5.2297,3.3931,3.0880,4.6633,3.9654,4.5859,4.1947,2.5587,4.0914,4.2062,4.3150,4.3527,4.3945,4.2576,3.5308,3.6627,4.4898,4.5228,2.8709,4.3723,4.4996,4.5526,4.5709,4.5869,4.4856,3.6973,3.8729,4.4857,4.4484,2.7657,4.1380,4.1973,4.1440,4.0718,3.9984,3.8432,3.0322,3.2614,3.5878,3.5055,1.8360,3.1002,3.1259,3.0457,2.9559,2.8739,2.7073,2.0463,2.3255,2.5202,2.4705,1.1436,2.1592,2.2251,2.1901,2.1648
45127.7916667,-0.6804,0.4200,7.0680,7.7433,16.8393,12.6277,13.3563,-1.5900,9.0985,11.3692,7.2467,10.2762,6.5811,8.3557,8.9716,8.1118,9.7340,8.7698,7.6203,3.7316,8.6385,1.2740,5.8737,5.1864,4.2443,14.9350,2.0353,-0.6860,1.4153,-3.2079,-6.3122,-10.0774,-10.1125,-5.8159,-2.3419,-4.5095,3.9948,6.4084,-4.2105,12.0692,12.7438,13.0558,6.1317,11.0231,26.8267,10.2009,8.6665,11.1637,5.2091,8.2141,11.6692,10.0146,10.8336,12.9333,5.8508,-3.9262,-4.7128,-2.4180,12.5468,10.6044,9.9815,9.0503,-2.5168,-4.7937,-0.1622,-3.5710,0.6199,0.8037,-13.7872,-10.1149,-4.8709,-6.0321,-9.7079,-8.8291,-0.4641,2.4294,0.6595,-1.2275,-2.7912,11.0133,27.4445,22.8915,15.7694,12.1864,10.7265,11.1753,17.5138,13.8336,19.2805,13.5179,14.3449,23.3407,23.7866,18.0808,8.3596,12.3693,14.8207,21.3740,16.4679,14.4202,12.8125,16.9877,11.1991,10.5095,13.2889,16.4748,13.5275,12.8253,6.7526,6.8125,2.5162,2.4770,1.6847,2.9827,2.0066,5.7315,3.3721,6.8928,-0.3125,-0.1438,1.8956,3.1339,-0.3322,2.1421,-1.4804,0.9258,2.1166,6.9694,4.9405,2.9948,1.8119,1.0668,-1.8745,-3.6400,3.9281,0.1548,-0.5157,0.4020,1.6314,-0.1553,-3.4752,-4.4764,-3.9462,-0.8013,-0.1966,-2.2579,-4.4180,2.2074,-6.8516,-6.2378,-7.1233,-7.0312,-6.4710,-10.5545,-3.5736,-1.8868,-0.7920,-0.6441,0.6939,-0.6272,10.4332,2.7030,5.3978,9.1327,13.1371,4.4399,10.2173,2.8881,2.7840,2.8628,2.2992,2.6281,2.0096,2.5178,1.1442,7.2847,5.1540,5.7726,5.3308,13.1675,10.0812,7.9555,7.7672,9.7342,8.2526,9.8147,9.5617,8.3458,9.6144,9.7801,9.9341,10.0145,10.0922,9.9952,9.4013,9.5492,10.2893,10.3442,9.0553,10.2502,10.3864,10.4537,10.4901,10.5270,10.4565,9.8047,9.9839,10.5683,10.5875,9.2963,10.4259,10.5478,10.5673,10.5710,10.5746,10.5006,9.8639,10.1009,10.4678,10.4588,9.1683,10.2027,10.2749,10.2403,10.1890,10.1371,9.9972,9.4346,9.6495,9.8305,9.7779,8.6682,9.4603,9.5016,9.4469,9.4062
45127.8333333,4.8891,5.7483,10.7632,11.2941,19.9129,14.3534,16.0688,3.2454,12.4497,13.4529,10.6845,13.0853,9.1388,11.5331,12.4751,11.8696,13.9114,13.0209,11.0271,8.4858,13.4248,6.6113,9.6589,9.9617,9.2588,19.7609,7.8938,5.5101,7.7235,3.5355,0.6017,-3.1817,-4.0650,-0.6668,1.7498,-0.4433,6.4121,8.4364,-0.6862,13.5428,13.9839,14.0526,8.2876,12.7131,28.6166,14.5889,13.0505,15.3202,9.8701,11.9449,15.3969,14.7794,15.9376,17.6839,9.9163,3.6226,2.8092,4.5399,17.6150,15.1915,14.5159,13.3800,4.1045,2.0952,5.8875,3.0753,6.9507,6.7870,-6.5534,-4.6464,-1.2286,-2.7208,-6.0850,-5.2098,1.0183,3.2248,1.4870,-0.2861,-1.7828,10.1094,24.6215,20.6915,13.6523,10.0476,9.9891,10.4360,17.4164,14.2240,20.0740,13.6057,16.9419,25.5477,26.6852,22.0285,12.1601,16.2389,18.9288,23.3998,20.1450,18.0062,17.0724,22.5944,15.7055,15.2463,18.4273,21.3334,17.7664,17.6461,11.9305,13.5224,8.8981,8.6165,8.2032,8.5148,8.0097,9.9514,8.5299,11.5664,5.7144,5.5636,5.6518,7.3587,4.3223,6.2665,3.1527,5.0334,5.9813,10.0532,7.8248,5.4089,5.0457,4.6224,2.6247,1.2981,7.4658,4.3313,4.1098,5.3678,6.0529,4.8899,2.4140,1.6153,1.8965,4.1209,4.7285,2.6526,0.9533,5.7614,-1.6958,-1.4092,-2.6562,-3.0638,-3.0913,-7.2479,-1.4108,-0.4393,0.1366,0.1548,1.2108,0.2490,9.6946,3.0572,5.0630,8.4650,11.5379,4.3388,9.6080,3.6116,4.1042,4.4117,3.4322,4.3385,4.7021,5.5792,4.6587,9.5424,7.6424,8.2431,7.8026,15.5204,12.2748,9.7600,9.7355,12.1694,9.7791,12.4072,12.3332,11.5493,12.6502,12.9223,13.1819,13.3755,13.5599,13.5892,13.2173,13.4323,14.1161,14.2479,13.3417,14.3176,14.4969,14.6138,14.6991,14.7787,14.7612,14.2737,14.4429,14.9455,14.9911,14.0263,14.9043,15.0292,15.0685,15.0939,15.1185,15.0765,14.5838,14.7808,15.1063,15.1261,14.1588,14.9692,15.0624,15.0690,15.0628,15.0564,14.9751,14.5577,14.7496,14.9343,14.9242,14.0849,14.7158,14.7770,14.7545,14.7349
45127.8750000,9.5625,10.9143,14.5495,15.2950,23.8529,16.6992,19.1350,7.9565,15.6702,15.1667,13.5396,15.0785,10.7169,13.8935,15.1214,14.5069,16.7441,15.9469,12.9324,11.4461,16.7320,10.1185,11.6600,12.9471,12.3817,22.6335,11.4907,9.0746,11.8210,7.8195,5.9156,2.6109,1.6566,4.4352,6.3234,4.1385,9.7801,11.3122,3.0747,15.2108,15.5556,15.0074,10.0270,13.7516,29.1283,16.8932,14.8460,16.8344,11.7209,12.8776,16.4110,16.8996,18.3540,19.8502,11.2479,8.8048,8.0501,9.4581,21.0661,18.2458,17.6262,16.2978,9.1583,7.4304,10.0633,7.8827,11.3495,11.1781,-0.2033,0.8605,3.2845,1.6924,-1.5244,-1.2170,3.1839,5.1617,3.4286,1.8093,0.3876,10.6243,23.2331,19.7647,12.6273,9.0043,9.7849,9.7314,16.4236,13.3032,18.6984,11.5111,16.2669,24.1521,25.3694,21.5294,11.2473,15.3087,18.0307,20.7792,18.9554,16.8234,16.6457,23.5811,17.1758,17.0956,21.0984,23.9618,20.0052,20.6831,15.0244,18.3894,12.7389,12.1937,12.4184,11.7964,12.1087,12.6401,12.1627,15.2837,10.8651,10.6938,8.6012,11.4446,8.7270,10.4285,8.2496,9.5830,9.8736,13.2606,10.3820,7.2308,7.4127,7.0873,5.7258,4.7628,9.9963,7.1592,6.8699,8.0992,7.8266,7.1837,5.4424,5.1894,5.2211,6.7255,7.8266,5.5242,4.6929,8.9454,2.9578,3.0341,1.9679,1.3465,0.9434,-2.9224,1.5088,2.1134,2.4785,2.3003,2.9996,2.1610,10.1271,4.4723,5.7494,8.6219,10.8047,4.8790,9.4052,4.2667,4.8627,4.9067,3.3959,4.5238,5.5500,6.7373,6.1667,9.8063,8.0420,8.5646,8.0629,15.6775,12.2706,9.4633,9.5643,12.3579,9.2932,12.6376,12.6792,12.2329,13.1582,13.4898,13.8128,14.0854,14.3474,14.4857,14.3182,14.5834,15.2052,15.4232,14.8754,15.6974,15.9496,16.1546,16.3330,16.5016,16.5876,16.3128,16.5161,16.9728,17.0898,16.4567,17.1619,17.3260,17.4230,17.5044,17.5786,17.5934,17.2627,17.4336,17.7085,17.7549,17.0701,17.6792,17.7759,17.8080,17.8285,17.8460,17.8021,17.5034,17.6510,17.8033,17.8109,17.2033,17.6724,17.7366,17.7395,17.7402
45127.9166667,13.3952,15.6030,17.9301,18.9339,27.6382,18.7153,21.9142,12.1288,18.8327,16.9195,16.3844,17.2366,12.4395,16.1715,17.7417,17.0397,19.3480,18.4328,14.3156,13.6467,19.3836,12.7157,12.9627,15.1692,14.6777,24.7937,14.0427,11.4714,14.9158,10.7862,10.0760,7.2477,6.4905,8.6778,10.3272,8.1840,13.0401,14.3992,6.8544,17.4482,17.7636,16.5977,12.2654,15.3694,30.0324,19.0273,16.1813,17.7604,12.6183,12.9724,16.4312,17.6274,19.1445,20.3013,10.9396,12.0142,11.3419,12.5422,22.9893,19.7135,19.1463,17.6667,12.6080,11.4410,13.1103,11.7318,15.0544,14.9072,4.7666,5.4329,7.4294,6.1645,3.2200,2.9945,5.8379,8.0745,6.3254,4.9422,3.5606,12.3489,23.1522,19.9887,12.7397,9.1066,10.5479,10.1096,16.5400,13.4902,18.4425,10.7768,16.3755,23.3838,24.4003,21.0150,10.3601,14.0838,16.5220,17.8696,16.8561,14.5912,14.6984,22.3128,16.6728,16.7664,21.3868,24.1826,19.8571,21.4574,15.9346,21.3677,14.6518,13.9889,14.8936,13.4341,14.5494,13.9384,14.2516,17.6363,14.4238,14.3228,10.1044,14.3858,11.9480,13.8588,13.0283,14.1994,13.9169,16.8015,13.1543,9.1594,9.9134,9.7062,8.8819,8.2679,12.8766,10.0848,9.5568,10.6428,9.2611,8.8632,7.5306,7.6737,7.2168,7.9907,9.5105,6.6786,6.5475,10.7515,5.8842,5.7483,5.1397,4.6229,4.3619,1.4367,4.3537,4.9650,5.4542,4.9911,5.2731,4.6218,11.7154,6.8053,7.3933,9.8429,11.2685,6.2552,10.2209,5.6583,6.3206,5.9838,3.9112,4.9467,6.2705,7.4746,6.9570,9.4540,7.6932,8.0485,7.4238,14.7973,11.2351,8.2593,8.4068,11.3596,7.9311,11.5909,11.6740,11.4527,12.2151,12.5587,12.8996,13.2072,13.5092,13.7238,13.7200,14.0249,14.5852,14.8574,14.5809,15.2810,15.5747,15.8338,16.0726,16.3033,16.4735,16.3838,16.6333,17.0631,17.2493,16.8971,17.4977,17.7115,17.8754,18.0258,18.1685,18.2658,18.1126,18.3137,18.5864,18.6928,18.2723,18.7708,18.9012,18.9816,19.0499,19.1122,19.1267,18.9552,19.0982,19.2419,19.2793,18.8738,19.2331,19.3019,19.3237,19.3380
45127.9583333,15.7696,19.0986,20.3584,21.7443,30.9027,20.2149,24.2610,15.4854,21.5310,18.3238,18.7630,19.0418,13.7418,18.0662,19.9996,19.2223,21.6958,20.6803,15.5085,15.4970,21.8093,14.8743,14.0143,17.0307,16.5618,26.7000,16.0729,13.2064,17.4047,12.9083,13.4115,10.9855,10.5095,12.1022,13.6204,11.4138,15.7259,17.0176,9.8304,19.4362,19.8084,18.1090,14.3156,16.9855,31.1690,21.2508,17.5879,18.7891,13.4835,13.1946,16.5533,18.2283,19.6869,20.4667,10.5087,14.2867,13.4853,14.4155,23.8757,20.1097,19.5322,17.8749,14.5134,13.8557,14.6359,14.0285,17.4846,17.5869,8.4148,8.9878,10.9480,10.2178,7.5078,6.6532,8.1758,11.1590,9.4384,8.4337,7.0736,14.7273,23.9901,21.0991,13.7125,10.0109,12.0312,11.2574,17.5216,14.4898,19.0602,10.9973,17.2278,23.4309,24.2200,21.1666,10.2298,13.6105,15.7551,16.0797,15.5830,13.2374,13.4523,21.3144,16.1269,16.2479,21.2035,23.7953,19.0563,21.2446,15.5847,22.6406,14.7967,14.0244,15.5290,13.4341,15.2431,13.8167,14.7871,18.5519,16.3824,16.4337,10.4126,16.0224,13.7680,16.0663,16.7228,17.9934,17.2662,19.9146,15.4803,10.6140,11.9851,11.9872,11.7280,11.5643,15.9750,13.1951,12.4661,13.5157,11.0095,10.7700,9.6681,10.1693,9.1208,9.2374,11.0927,7.5792,7.8729,12.1857,8.0552,7.5989,7.3136,6.6809,6.5523,4.7051,6.0898,6.9465,7.8221,7.0459,6.9265,6.5494,13.3917,9.0817,9.0980,11.3245,12.1643,7.8090,11.5110,7.3521,8.2394,7.5661,4.8934,5.8639,7.4322,8.5941,8.0113,9.5318,7.7118,7.8729,7.1051,14.1375,10.4657,7.4300,7.5506,10.4628,6.9102,10.5539,10.5995,10.4681,11.0443,11.3277,11.6143,11.8822,12.1511,12.3621,12.4209,12.7044,13.1755,13.4457,13.3267,13.9087,14.2048,14.4793,14.7419,15.0008,15.2181,15.2503,15.5254,15.9308,16.1630,16.0099,16.5366,16.7879,17.0031,17.2078,17.4060,17.5704,17.5539,17.7887,18.0738,18.2389,18.0253,18.4656,18.6425,18.7818,18.9104,19.0325,19.1180,19.0677,19.2391,19.4090,19.5004,19.2720,19.5862,19.6904,19.7557,19.8028
45128.0000000,17.0448,21.4909,21.8202,23.5832,33.3168,20.9240,25.7663,17.8905,23.4968,19.1247,20.4176,20.2385,14.4693,19.4417,21.7876,20.9837,23.7045,22.6171,16.4684,17.0162,23.9920,16.6656,14.8896,18.6456,18.1937,28.4955,17.8178,14.6170,19.6001,14.6155,16.2815,14.1567,13.9513,14.9093,16.3261,13.9525,17.8624,19.1211,12.0356,20.9728,21.4214,19.2314,15.8656,18.2288,32.1600,23.2840,18.8677,19.7483,14.2899,13.5114,16.8161,18.8957,20.3097,20.7634,10.3679,16.3309,15.3204,15.9564,24.5462,20.2781,19.6218,17.7559,15.7024,15.4180,15.3478,15.3345,18.8938,19.2089,10.7434,11.4255,13.6039,13.5414,11.0333,9.5067,9.9108,13.9253,12.2368,11.7121,10.3390,17.1134,25.0566,22.4072,14.8252,10.9881,13.5847,12.5344,18.8031,15.7802,20.0945,11.6476,18.5006,24.0347,24.6371,21.8800,10.6776,13.8100,15.7151,15.2788,15.1342,12.7507,13.0141,20.9601,15.7120,15.8470,21.0279,23.4249,18.3624,20.9106,15.0975,23.3119,14.3851,13.4015,15.2771,12.7012,14.9333,12.9275,14.2859,18.3022,16.9252,17.0919,9.7476,16.3073,14.1992,16.9241,19.0484,20.5884,19.5183,22.1070,16.9146,11.2672,13.2168,13.4738,13.7758,14.1208,18.6699,15.9219,15.0900,16.2837,12.7045,12.6780,11.7995,12.7434,11.1130,10.7086,12.9368,8.7067,9.3248,13.8827,10.2249,9.4013,9.3408,8.4155,8.2681,7.3133,7.2127,8.3258,9.6089,8.4605,7.9646,7.7766,14.6779,10.7929,10.3064,12.4253,12.8005,8.9094,12.5693,8.6991,9.9952,9.0921,5.8226,6.8389,8.7833,10.0077,9.3796,10.1021,8.2137,8.2246,7.3402,14.0711,10.3207,7.2703,7.3493,10.1561,6.5849,10.0940,10.0785,9.9730,10.3757,10.5732,10.7764,10.9696,11.1669,11.3262,11.3798,11.5972,11.9530,12.1692,12.1107,12.5563,12.8025,13.0370,13.2668,13.4977,13.7024,13.7779,14.0300,14.3790,14.6078,14.5638,15.0078,15.2587,15.4863,15.7086,15.9282,16.1252,16.1941,16.4432,16.7296,16.9313,16.8623,17.2602,17.4707,17.6543,17.8299,18.0002,18.1434,18.1884,18.3904,18.5905,18.7334,18.6460,18.9439,19.0900,19.2029,19.2869
45128.0416667,17.5368,23.0398,22.6056,24.7527,35.1535,21.2105,26.7673,19.5767,24.9098,19.5333,21.5562,21.0024,14.8069,20.3876,23.1326,22.3112,25.3198,24.1892,17.1588,18.1866,25.9121,18.1383,15.6136,20.0572,19.6380,30.2574,19.4126,15.8604,21.6530,16.1160,18.9176,17.0528,17.1373,17.4552,18.8010,16.1751,19.7805,21.0054,13.8156,22.3085,22.8280,20.1765,17.1373,19.2742,33.0805,25.1084,19.9587,20.5906,14.9533,13.8052,17.1026,19.5451,20.9574,21.1630,10.4240,18.2683,17.0611,17.4565,25.3569,20.6393,19.9037,17.8480,16.8272,16.8356,15.9860,16.4192,20.0025,20.3833,12.1035,12.8959,15.4025,16.0728,13.7380,11.5030,10.9989,16.1804,14.5356,14.5942,13.2109,19.3602,26.2073,23.7885,15.9622,11.9409,15.1025,13.8034,20.2077,17.1693,21.3272,12.4601,19.9686,24.9717,25.4339,22.9415,11.4131,14.4008,16.1401,15.1422,15.2630,12.8625,13.1633,21.1723,15.5174,15.6631,21.0108,23.2432,17.9372,20.7269,14.7717,23.8566,14.0025,12.8201,14.9199,12.0280,14.4961,12.1178,13.6710,17.8051,17.0032,17.2105,8.9601,15.9834,13.9306,16.9302,20.3021,22.0924,20.6955,23.3073,17.4249,11.1691,13.5683,14.0637,14.8708,15.7279,20.6363,17.9384,17.0788,18.5508,13.9759,14.2008,13.5571,15.0385,12.8777,12.0909,14.7894,9.8482,10.7955,15.7937,12.4651,11.2939,11.4685,10.2272,10.0326,9.8635,8.3731,9.7461,11.4410,9.8945,8.9966,8.9075,16.0371,12.4291,11.4743,13.5415,13.5279,9.9243,13.6155,9.8719,11.5620,10.4089,6.5074,7.6039,9.9922,11.3828,10.7572,10.8476,8.9001,8.8263,7.8647,14.4396,10.6332,7.5703,7.6299,10.3739,6.7963,10.2093,10.1514,10.0618,10.3357,10.4637,10.5964,10.7226,10.8525,10.9559,10.9843,11.1312,11.3796,11.5303,11.4859,11.8040,11.9826,12.1554,12.3273,12.5025,12.6613,12.7297,12.9270,13.1971,13.3844,13.3787,13.7248,13.9364,14.1344,14.3313,14.5291,14.7132,14.8078,15.0337,15.2895,15.4872,15.4932,15.8349,16.0456,16.2391,16.4287,16.6159,16.7851,16.8848,17.0978,17.3107,17.4836,17.4917,17.7751,17.9499,18.0971,18.2087
45128.0833333,17.4571,23.8389,22.7617,25.2335,36.2814,20.9725,27.1424,20.6103,25.7850,19.5630,22.1977,21.3567,14.8345,20.8934,24.0259,23.2164,26.5351,25.3851,17.5830,19.0216,27.4905,19.2383,16.1091,21.1721,20.7933,31.8184,20.7289,16.8638,23.4983,17.4194,21.3461,19.7153,20.1289,19.8287,21.1411,18.2260,21.6146,22.8204,15.3991,23.5818,24.1547,21.0630,18.2631,20.2224,33.9845,26.8104,20.9482,21.3371,15.5152,14.0711,17.3734,20.1229,21.5446,21.5435,10.5128,20.0078,18.6231,18.8162,26.1766,21.0641,20.2752,18.0765,17.9198,18.2043,16.6870,17.5063,21.1349,21.4985,13.0109,13.8023,16.5906,17.9233,15.6889,12.7518,11.5137,17.8167,16.2034,16.8673,15.4506,21.1370,27.0487,24.8402,16.7407,12.5225,16.2379,14.7445,21.4065,18.3556,22.4626,13.1588,21.3704,25.9691,26.3404,24.1093,12.1983,15.1478,16.7862,15.3430,15.6712,13.2537,13.5948,21.6991,15.4462,15.6004,21.0751,23.1726,17.6895,20.6367,14.6105,24.4105,13.8027,12.4763,14.6960,11.5982,14.1816,11.5668,13.2061,17.3664,16.9819,17.1997,8.4086,15.5958,13.5682,16.7137,21.0574,23.0048,21.2455,23.8521,17.3497,10.6798,13.3449,13.9994,15.1821,16.4601,21.7713,19.1089,18.2542,20.0594,14.6059,15.0934,14.6867,16.7334,14.1052,13.0471,16.2632,10.6616,11.9483,17.5126,14.4102,12.9269,13.3976,11.9424,11.7905,12.4234,9.6234,11.2740,13.4079,11.4413,10.1499,10.1378,17.6421,14.1769,12.7701,14.8245,14.4643,11.0067,14.7985,11.0640,13.1436,11.7182,7.1680,8.3138,11.1149,12.6799,12.0393,11.5878,9.5570,9.4230,8.3908,14.9263,11.0469,7.9394,7.9929,10.7288,7.1069,10.5015,10.4236,10.3575,10.5515,10.6418,10.7357,10.8249,10.9166,10.9889,11.0071,11.1097,11.2850,11.3907,11.3565,11.5814,11.7072,11.8293,11.9512,12.0759,12.1894,12.2388,12.3811,12.5769,12.7150,12.7161,12.9699,13.1298,13.2817,13.4347,13.5900,13.7374,13.8224,14.0032,14.2078,14.3730,14.4031,14.6750,14.8560,15.0269,15.1971,15.3677,15.5274,15.6391,15.8337,16.0305,16.2005,16.2541,16.5058,16.6810,16.8349,16.9530
45128.1250000,17.1727,24.2457,22.6244,25.3490,36.9742,20.5013,27.1229,21.1344,26.1786,19.2573,22.3628,21.2805,14.5169,20.8462,24.3246,23.5497,27.1868,26.0523,17.6145,19.4078,28.5993,19.8876,16.2870,21.8925,21.5614,33.0419,21.6606,17.5087,24.9601,18.3568,23.3794,21.9809,22.7773,21.9076,23.2382,20.0229,23.2816,24.4942,16.7557,24.7452,25.3685,21.8642,19.2385,21.0612,34.8388,28.3463,21.7907,21.9509,15.9363,14.2587,17.5762,20.5821,22.0157,21.8397,10.5562,21.4765,19.9138,19.9306,26.8663,21.3942,20.5588,18.2401,18.7982,19.3370,17.2454,18.4101,22.1372,22.4907,13.6942,14.4500,17.4755,19.3838,17.1675,13.4909,11.6770,18.9473,17.3204,18.5628,17.0849,22.4244,27.5298,25.4954,17.1127,12.7057,16.8923,15.2229,22.1641,19.0805,23.1829,13.4504,22.3436,26.6393,26.9570,24.9746,12.6536,15.6369,17.2341,15.4495,15.9554,13.5286,13.9236,22.1724,15.4196,15.5785,21.1502,23.1313,17.5092,20.5426,14.4669,24.8639,13.6463,12.2362,14.5322,11.3129,13.9581,11.2047,12.8822,17.0299,16.9574,17.1736,8.0677,15.2591,13.2462,16.4593,21.5634,23.6099,21.4883,24.0654,17.0351,10.1253,12.8988,13.6294,15.0513,16.6323,22.2923,19.6151,18.7395,20.8353,14.6320,15.3238,15.1083,17.6691,14.6430,13.3941,17.1002,10.9391,12.5295,18.7000,15.7591,14.0101,14.8019,13.2158,13.1923,14.6731,10.6640,12.6263,15.2507,12.8715,11.2151,11.2929,19.3243,15.9110,14.0843,16.1776,15.5171,12.1054,16.0672,12.2567,14.7320,13.0286,7.8280,9.0236,12.2165,13.9567,13.2782,12.3507,10.2092,10.0182,8.9055,15.4819,11.5037,8.3168,8.3613,11.1195,7.4164,10.8314,10.7311,10.6754,10.8066,10.8651,10.9271,10.9868,11.0491,11.0983,11.1093,11.1814,11.3067,11.3830,11.3596,11.5220,11.6145,11.7048,11.7954,11.8883,11.9734,12.0124,12.1181,12.2626,12.3661,12.3717,12.5580,12.6780,12.7926,12.9084,13.0263,13.1389,13.2072,13.3446,13.5000,13.6283,13.6606,13.8667,14.0093,14.1460,14.2834,14.4224,14.5547,14.6541,14.8140,14.9773,15.1229,15.1867,15.3933,15.5467,15.6844,15.7911
45128.1666667,16.5292,24.1244,22.0796,25.0043,37.1334,19.7263,26.6952,21.1770,26.1480,18.6924,22.1633,20.9039,14.0099,20.4059,24.1498,23.3956,27.2925,26.1675,17.2324,19.3031,29.1268,20.0072,16.0642,22.1147,21.8394,33.7773,22.1047,17.7290,25.9458,18.8770,24.9291,23.7496,24.9556,23.5644,24.9522,21.4470,24.6489,25.9013,17.8107,25.7152,26.3875,22.5028,20.0047,21.7252,35.5719,29.6885,22.4771,22.4408,16.2410,14.3744,17.7033,20.9146,22.3536,22.0225,10.5303,22.6662,20.9274,20.7829,27.3740,21.5748,20.6972,18.2790,19.4243,20.1888,17.6034,19.0664,22.9160,23.2726,14.1961,14.9324,18.1657,20.5762,18.3316,13.9621,11.7015,19.7616,18.0830,19.8387,18.2656,23.3235,27.7144,25.8133,17.1626,12.6014,17.1579,15.3384,22.5333,19.4035,23.5160,13.4060,22.8871,26.9337,27.2043,25.4394,12.7326,15.7655,17.3418,15.2910,15.9348,13.5027,13.9480,22.3491,15.2027,15.3789,21.0364,22.9359,17.2282,20.3465,14.2733,25.1764,13.4752,12.0207,14.3557,11.0644,13.7323,10.8987,12.5859,16.6953,16.8564,17.0714,7.8127,14.9433,12.9553,16.1989,21.9003,24.0217,21.5695,24.1035,16.6499,9.6432,12.4317,13.1906,14.7522,16.5337,22.4555,19.7293,18.8072,21.1213,14.3124,15.1335,15.0443,18.0039,14.6444,13.2524,17.3395,10.7544,12.5607,19.2576,16.4240,14.4538,15.5440,13.8880,14.0329,16.3455,11.2606,13.5268,16.6532,13.8858,11.9047,12.0922,20.7484,17.3277,15.1288,17.3081,16.3945,12.9748,17.1834,13.2685,16.1909,14.2476,8.4300,9.6656,13.2576,15.1919,14.4718,13.1242,10.8565,10.6163,9.4204,16.1000,11.9966,8.7030,8.7370,11.5396,7.7255,11.1902,11.0648,11.0090,11.0878,11.1158,11.1475,11.1785,11.2125,11.2379,11.2368,11.2803,11.3628,11.4114,11.3895,11.5011,11.5640,11.6262,11.6894,11.7552,11.8162,11.8450,11.9220,12.0278,12.1050,12.1128,12.2504,12.3414,12.4292,12.5184,12.6096,12.6976,12.7541,12.8604,12.9801,13.0809,13.1133,13.2702,13.3823,13.4907,13.5999,13.7108,13.8174,13.9008,14.0279,14.1582,14.2765,14.3368,14.4998,14.6254,14.7396,14.8283
45128.2083333,15.8337,23.7704,21.3782,24.4302,36.9500,18.8263,25.9907,20.8437,25.7199,17.8717,21.5865,20.1872,13.2608,19.7174,23.6329,22.8815,26.9680,25.8412,16.5518,18.8061,29.1319,19.6784,15.5021,21.8662,21.6377,33.9792,22.0451,17.4999,26.3735,18.9124,25.8943,24.9309,26.5649,24.7116,26.1890,22.4146,25.6135,26.9295,18.4808,26.3851,27.1136,22.8909,20.4923,22.1427,36.0996,30.7605,22.9426,22.7497,16.3881,14.3786,17.7222,21.1044,22.5510,22.0898,10.4401,23.5917,21.6800,21.3901,27.7003,21.6069,20.6866,18.1826,19.7979,20.7531,17.7439,19.4541,23.4273,23.7970,14.4948,15.2435,18.6732,21.5373,19.2456,14.2549,11.6600,20.3621,18.6165,20.8293,19.1481,23.9814,27.7456,25.9461,17.0595,12.3842,17.2029,15.2513,22.6401,19.4514,23.5630,13.1485,23.0854,26.9127,27.1300,25.5394,12.5111,15.5709,17.1268,14.8825,15.6240,13.1956,13.6746,22.1806,14.8678,15.0441,20.7391,22.5570,16.7924,19.9631,13.9154,25.2298,13.1710,11.7147,14.0744,10.7595,13.4329,10.5695,12.2548,16.3154,16.6548,16.8696,7.5631,14.5902,12.6318,15.8785,22.0507,24.2375,21.5011,23.9952,16.2212,9.2193,11.9730,12.7371,14.3768,16.2906,22.4047,19.6222,18.6459,21.1160,13.8486,14.7370,14.7212,17.9634,14.3426,12.8464,17.1856,10.3230,12.2432,19.3295,16.5657,14.4172,15.7344,14.0144,14.3014,17.3471,11.3673,13.8913,17.4822,14.3757,12.1408,12.4294,21.7172,18.2540,15.7428,18.0350,16.9178,13.4680,17.9547,13.9285,17.3149,15.1751,8.8055,10.1489,14.1370,16.2878,15.5364,13.8260,11.4317,11.1561,9.8837,16.7226,12.4809,9.0671,9.0945,11.9626,8.0219,11.5602,11.4116,11.3512,11.3874,11.3880,11.3918,11.3958,11.4026,11.4040,11.3871,11.4028,11.4473,11.4686,11.4402,11.5081,11.5423,11.5770,11.6134,11.6525,11.6891,11.7034,11.7532,11.8244,11.8762,11.8791,11.9756,12.0398,12.1025,12.1671,12.2340,12.2993,12.3429,12.4226,12.5128,12.5902,12.6194,12.7381,12.8256,12.9111,12.9979,13.0863,13.1723,13.2421,13.3436,13.4479,13.5442,13.5995,13.7283,13.8308,13.9247,13.9979
45128.2500000,14.8919,23.0339,20.3917,23.5279,36.3410,17.7263,24.9995,20.2618,25.0502,16.9473,20.8146,19.3156,12.4536,18.8743,22.8906,22.1371,26.3411,25.2033,15.7056,18.0690,28.7395,19.0506,14.7424,21.2825,21.0843,33.7169,21.5829,16.9434,26.3204,18.5561,26.3191,25.5560,27.6053,25.3355,26.9153,22.9036,26.1254,27.5212,18.7570,26.6895,27.4761,22.9592,20.6520,22.2577,36.3395,31.5089,23.1523,22.8324,16.3528,14.2402,17.5879,21.1077,22.5630,21.9936,10.2557,24.2665,22.2062,21.7917,27.8557,21.4977,20.5365,17.9665,19.9769,21.1064,17.7430,19.6544,23.7252,24.0986,14.6040,15.3736,18.9718,22.2464,19.9122,14.3998,11.5567,20.7672,18.9566,21.5783,19.7914,24.4316,27.6328,25.9029,16.8206,12.0773,17.0880,15.0449,22.5813,19.3421,23.4455,12.8104,23.0760,26.7005,26.8575,25.4099,12.1563,15.2105,16.7282,14.3385,15.1319,12.7177,13.2128,21.7562,14.3201,14.5060,20.2089,21.9620,16.1919,19.3994,13.4330,25.0470,12.7466,11.3048,13.6610,10.3551,13.0077,10.1497,11.8185,15.8083,16.2829,16.5041,7.2560,14.1489,12.2379,15.4692,22.0095,24.2574,21.2811,23.7300,15.7303,8.8148,11.5128,12.2735,13.9522,15.9492,22.1930,19.3665,18.3452,20.9244,13.3364,14.2590,14.2935,17.7189,13.9110,12.3441,16.8179,9.8218,11.7806,19.1035,16.3879,14.1090,15.5828,13.8036,14.1774,17.8058,11.1306,13.8253,17.7868,14.3974,11.9877,12.3534,22.1884,18.6803,15.9131,18.3132,17.0318,13.5517,18.3073,14.1869,18.0196,15.7245,8.9060,10.3470,14.7184,17.1088,16.3498,14.3340,11.8274,11.5353,10.2023,17.2318,12.8439,9.3097,9.3400,12.2908,8.2220,11.8512,11.6863,11.6263,11.6336,11.6142,11.5973,11.5810,11.5676,11.5521,11.5259,11.5217,11.5350,11.5319,11.4964,11.5284,11.5356,11.5438,11.5543,11.5679,11.5818,11.5827,11.6082,11.6467,11.6720,11.6659,11.7254,11.7614,11.7974,11.8361,11.8778,11.9203,11.9503,12.0058,12.0669,12.1198,12.1415,12.2261,12.2878,12.3491,12.4125,12.4785,12.5445,12.6012,12.6802,12.7600,12.8350,12.8837,12.9837,13.0638,13.1378,13.1955
45128.2916667,13.3654,21.4773,18.6108,21.5965,34.3834,15.4690,22.5535,18.1288,22.8565,14.6645,18.5017,16.9834,10.3595,16.7307,20.8306,20.1739,24.4774,23.3113,13.8208,16.3207,27.1836,17.3422,13.0998,19.6935,19.5073,32.1902,19.8457,15.2356,24.9722,17.0720,25.5508,24.9966,27.4396,24.8029,26.4232,22.2144,25.4066,26.8060,17.7839,25.7245,26.3686,21.5839,19.2492,20.8253,35.0492,30.6809,21.9703,21.6608,15.2149,13.1012,16.4231,19.9608,21.3475,20.6296,8.8951,23.6025,21.5453,21.0062,26.8447,20.1816,19.0929,16.4484,18.7501,20.1608,16.6566,18.7958,23.0443,23.4885,14.1821,15.0709,18.7627,22.2412,19.7816,13.9044,10.9674,20.3911,18.4036,21.2717,19.2266,23.5368,26.2128,24.3338,14.9888,10.2124,15.1819,13.1493,20.7671,17.4881,21.5993,10.9472,21.3335,24.7993,24.9422,23.6363,10.4087,13.5143,15.0234,12.6356,13.3286,10.9544,11.4437,19.9075,12.6535,12.7968,18.4100,20.0448,14.3259,17.6064,11.9090,23.8291,11.5341,10.2659,12.6449,9.3865,11.9610,9.1460,10.7207,14.5866,15.0346,15.2234,6.1853,12.9283,11.0487,14.2819,21.0055,23.2997,20.0995,22.4419,14.2931,7.5889,10.2584,11.0489,12.7644,14.8010,21.1002,18.2576,17.2411,19.8938,12.1150,13.0761,13.1901,16.7630,12.8408,11.2736,15.7667,8.7506,10.7374,18.1695,15.4080,13.0207,14.6217,12.8897,13.3867,17.4735,10.3441,13.1420,17.2425,13.5667,10.9911,11.3189,21.5544,17.8695,14.8723,17.3121,15.8988,12.3001,17.2720,13.0855,17.3531,15.0627,8.0440,9.6384,14.3499,16.9707,16.1711,13.9416,11.2655,10.9720,9.5569,16.7687,12.1674,8.4857,8.4586,11.4414,7.2986,10.9743,10.7483,10.6153,10.6238,10.5586,10.4991,10.4425,10.4024,10.3616,10.3273,10.3391,10.3755,10.3409,10.2476,10.2926,10.2624,10.2293,10.1995,10.1791,10.1669,10.1305,10.1706,10.2295,10.2233,10.1578,10.2293,10.2267,10.2173,10.2127,10.2166,10.2306,10.2198,10.2850,10.3589,10.3801,10.3413,10.4378,10.4609,10.4770,10.4976,10.5265,10.5632,10.5836,10.6703,10.7558,10.8020,10.7918,10.9078,10.9534,10.9871,11.0108
45128.3333333,10.7449,18.7419,15.9541,18.7406,31.3572,12.7316,19.1560,14.6636,19.2995,11.2368,14.5703,12.9554,6.5638,12.5469,16.4769,15.9431,20.2594,19.1946,9.8854,12.6346,23.7368,13.9423,10.0401,16.5992,16.3694,29.1380,16.6771,12.2222,22.1515,14.0240,22.9197,22.4984,25.2814,22.4818,24.0559,19.9419,23.1655,24.3951,15.1957,23.3342,23.5370,18.7382,16.0699,17.7178,32.1390,27.9916,19.1182,18.9513,12.6154,10.6575,14.0407,17.2591,18.4646,17.6160,5.9924,20.7078,18.6602,18.2282,23.7930,17.1528,15.8879,13.1652,15.2937,16.9963,13.6138,15.8766,20.3049,21.0178,12.4037,13.8810,17.7497,21.2884,18.7556,12.3863,9.7248,19.1134,16.6843,19.6486,17.3013,21.2699,23.7390,21.7638,12.2025,7.2945,11.7906,9.8857,17.3902,14.0735,18.1192,7.8010,17.8400,21.0607,21.0188,19.6744,6.7511,9.6601,11.2062,9.1197,9.3891,7.1404,7.4814,15.7591,9.1614,9.2819,14.6905,16.1511,10.5226,13.8986,8.6779,20.8391,8.7960,7.9055,10.4008,7.3636,9.8560,7.2184,8.6898,12.4180,12.8572,12.9002,4.1577,10.6878,8.7116,11.9171,18.4958,20.8832,17.6002,19.8371,11.4832,5.0584,7.6069,8.3688,10.0823,12.1286,18.3813,15.6720,14.8028,17.6216,9.9152,10.7455,10.9110,14.6852,10.7517,9.2673,13.6736,6.8505,8.7737,16.2363,13.5274,11.0390,12.7333,11.0872,11.7286,16.1062,8.8671,11.8818,15.9212,11.8392,9.2311,9.1690,19.8046,15.7226,12.6221,15.0548,13.7599,10.0046,14.8818,10.7084,15.0792,12.8819,5.9045,7.5956,12.4408,15.3457,14.4953,12.3309,9.3823,9.2455,7.7505,15.1717,10.3728,6.6222,6.3668,9.2927,5.3180,9.0745,8.7397,8.2756,8.4813,8.3093,8.1455,7.9784,7.8349,7.6052,7.3754,7.4352,7.7231,7.6355,7.2463,7.5269,7.4346,7.3308,7.2296,7.1474,7.0867,6.7996,6.8963,7.2087,7.1574,6.8013,7.1064,7.0544,6.9815,6.9145,6.8650,6.8404,6.5867,6.7153,7.0114,6.9965,6.6851,7.0054,6.9820,6.9364,6.8963,6.8716,6.8612,6.6360,6.8309,6.9670,6.9945,6.7377,7.0913,7.1052,7.0926,7.0767
45128.3750000,4.4582,12.2703,10.1552,12.7978,25.0197,7.7915,13.0791,8.9985,14.3015,6.8314,9.5553,7.7868,1.7437,6.5879,9.6251,9.6879,13.8126,12.6496,3.8584,6.0474,17.0590,7.0207,3.8039,10.3824,10.7573,22.7275,10.9263,6.1959,16.7670,8.6402,17.9267,18.0014,20.9934,17.7318,19.2356,14.1127,18.2346,19.3678,10.4954,19.3581,18.4875,14.5004,10.8785,12.6928,26.8722,22.4595,13.2077,13.0578,7.2698,5.6346,9.6949,12.5616,13.7100,12.9021,1.6864,15.4532,13.2627,13.5551,18.2803,12.3269,10.8340,8.0521,9.2864,11.3434,8.6374,10.7348,15.6229,15.8529,7.9415,10.9804,15.5125,18.8359,16.6130,9.6641,7.9358,17.0463,13.9763,16.2506,13.3676,16.9196,20.2470,17.9628,8.1986,3.2772,6.1604,4.7634,12.0899,8.8822,12.7665,3.1632,12.6454,15.2434,14.6884,13.3395,0.9712,3.5988,4.9813,3.9943,3.3023,1.1621,0.8213,8.4351,2.8950,3.0743,8.2419,9.6733,3.8598,7.5050,2.9130,15.3832,3.9113,3.6917,6.3948,3.7621,6.0777,4.4542,5.3582,8.6713,9.0802,8.9923,0.7252,7.1667,4.9359,8.4605,14.3689,16.9023,13.9277,16.1220,7.6039,1.5718,3.8476,4.3855,5.9589,7.8991,13.4600,11.1004,10.5224,13.6530,6.1540,6.7882,7.0091,10.9140,7.1263,6.0632,10.0928,3.8685,5.9422,12.8248,10.0005,7.2593,9.2001,8.0222,9.1197,13.6543,6.7116,10.5389,14.2089,9.4304,7.2281,6.4061,17.6302,12.6387,9.4621,11.4724,10.7090,6.7867,10.9659,7.2848,10.9946,8.8486,2.3008,4.0115,8.6479,12.0460,11.1300,9.4355,5.9094,6.2909,4.7524,12.4941,7.5145,3.7901,2.8609,5.5859,2.1287,6.2562,5.7825,4.5129,5.3914,5.0915,4.8031,4.5033,4.2430,3.9353,2.9161,3.0514,4.0854,3.9130,2.7420,3.6966,3.4837,3.2507,3.0234,2.8338,2.6916,1.6672,1.8811,2.8921,2.7858,1.6783,2.6952,2.5603,2.3872,2.2235,2.0914,2.0093,1.0610,1.3724,2.2500,2.1967,1.1479,2.1819,2.0913,1.9605,1.8379,1.7411,1.6692,0.7839,1.6058,1.7037,1.6981,0.7218,1.7682,1.7278,1.6432,1.5673
45128.4166667,-5.6640,1.4343,0.5512,2.9756,17.4143,0.5289,3.2419,-1.1509,5.4925,-0.6616,1.5815,-0.0799,-5.2566,-1.0281,0.8205,0.9618,4.9802,3.9839,-3.6324,-2.3896,9.5001,-1.0069,-3.5780,2.5003,4.0802,14.1918,2.7398,-3.0027,8.2518,0.2051,8.8239,10.2326,14.0875,11.4201,12.5586,6.9909,10.8010,10.5092,2.4236,12.8396,10.6307,7.1355,1.9504,4.1099,19.8214,14.2997,5.6587,4.8540,0.6647,-0.9259,4.2232,6.2787,7.1924,6.5790,-3.5627,7.9157,5.1566,7.0826,10.9010,4.8530,3.3450,0.7413,0.2243,2.6001,1.3822,3.2532,9.4725,9.5946,1.2908,5.4880,11.3942,14.1452,13.0564,5.6958,5.5410,14.5913,10.7803,13.9130,8.2317,11.4900,17.8751,14.4246,4.4991,-0.2266,-0.3482,-1.2176,5.3606,2.0088,5.9969,-2.0667,6.1800,8.3045,6.7605,5.2953,-5.8691,-3.4825,-2.1183,-1.2214,-3.2438,-5.2397,-6.1972,0.2937,-5.1271,-4.9282,-0.3682,0.6828,-5.1040,-2.2261,-5.9847,6.9315,-3.5401,-2.8144,0.7684,-2.0159,-0.9189,-0.6196,-0.3525,3.6066,3.8135,3.6166,-4.3330,1.8562,-1.0990,2.7440,7.0916,10.0205,7.9026,10.8410,2.6291,-2.5825,-0.4914,-0.1923,1.2587,3.0475,7.8354,4.1602,4.0579,8.3681,1.4486,1.1437,1.4384,5.8165,2.4352,1.4517,4.3349,-1.4283,1.1834,8.9144,5.6647,1.6990,4.0109,2.3783,4.0779,8.9326,2.6336,8.0723,11.4849,5.3893,4.7912,3.0644,14.9875,9.4782,6.1840,6.3344,6.5523,2.7713,6.0774,3.5482,6.2320,4.1432,-1.7427,-0.2896,3.3781,7.5595,6.5830,5.8251,1.2853,2.7485,1.2344,9.4298,4.3439,0.7069,-0.6145,0.2866,-2.2152,2.6230,2.0737,-0.6072,1.7279,1.3921,1.0693,0.7249,0.4262,0.0968,-2.3049,-2.0397,0.3598,0.1429,-2.4635,-0.1361,-0.4209,-0.7412,-1.0634,-1.3443,-1.5744,-3.9655,-3.6125,-1.4202,-1.5915,-4.0985,-1.7777,-1.9867,-2.2521,-2.5101,-2.7349,-2.9197,-5.2291,-3.8705,-3.1891,-3.2742,-5.6394,-3.3172,-3.4359,-3.6130,-3.7818,-3.9171,-4.0250,-5.9939,-4.0977,-3.9971,-4.0090,-6.1987,-3.9449,-4.0004,-4.1194,-4.2255
45128.4583333,-15.0708,-9.8252,-7.8641,-7.4728,7.2417,-8.4343,-6.7221,-12.9108,-4.2008,-8.2544,-6.8167,-7.0090,-11.4859,-8.7100,-7.6321,-7.9787,-4.4285,-5.3400,-11.3823,-11.8842,0.9611,-10.3118,-11.0777,-7.8044,-3.8935,6.0880,-4.7604,-10.7459,-0.2055,-8.8206,-0.1060,0.2764,5.3402,5.0194,6.4953,0.6139,3.9424,0.7288,-7.6930,5.0436,3.2372,0.2104,-7.3123,-4.9353,13.9585,5.7538,-2.2559,-4.3289,-6.7283,-8.5239,-1.6259,-0.3781,0.5250,0.5602,-8.1378,1.0919,-2.2157,2.3191,6.5811,-0.0342,-2.0007,-4.7697,-8.3857,-6.2822,-5.7267,-4.7682,1.8536,1.9318,-6.1116,-0.9708,6.1857,7.5241,8.2684,1.0706,2.5570,12.3163,7.8087,12.3680,3.3192,6.9955,17.5055,12.9540,2.9545,-1.5541,-5.6200,-5.8421,-0.2722,-4.9597,1.8848,-5.5997,1.5333,3.3970,1.7287,-0.9426,-10.7743,-9.1136,-8.0579,-4.8921,-8.6210,-10.4911,-11.6537,-6.8284,-12.3621,-12.0873,-8.2811,-7.5461,-12.6191,-11.8507,-15.7313,-3.3517,-12.6328,-11.5579,-6.3695,-8.2269,-9.1357,-6.1819,-7.0371,-1.8173,-1.7477,-2.1868,-9.3043,-4.0334,-6.6954,-3.5950,-1.9437,2.6170,0.4587,4.1136,-3.6171,-7.6999,-5.4518,-5.2608,-3.1128,-0.3390,4.8252,-1.3829,-3.0157,2.0658,-3.2411,-3.9246,-5.6568,-0.1480,-3.0277,-3.6811,-0.7133,-6.9703,-4.6340,4.0982,0.3798,-3.6152,-0.2245,-3.3853,-1.9445,3.3043,-1.7257,5.4600,8.0238,1.2581,1.2678,-1.4855,11.4368,5.8642,2.7146,0.3679,1.5841,-1.4844,1.4899,-1.2296,0.4908,-1.2051,-6.2714,-4.8728,-2.5419,2.7830,1.8305,2.2897,-3.3629,-0.7725,-2.1654,6.6103,1.5979,-1.7337,-2.7923,-5.0057,-5.2410,-0.8290,-1.3725,-5.5670,-1.6495,-1.9560,-2.2263,-2.5269,-2.8304,-3.3543,-7.1132,-7.4313,-4.4262,-4.4651,-8.6251,-4.3007,-4.3602,-4.4803,-4.6455,-4.8469,-5.2043,-8.7933,-8.0989,-6.1654,-6.2234,-10.3257,-6.1572,-6.2398,-6.4006,-6.5770,-6.7662,-7.0573,-10.3307,-8.3403,-7.7215,-7.7135,-11.5816,-7.5751,-7.6148,-7.7446,-7.8991,-8.0724,-8.3555,-11.2421,-9.0418,-8.9305,-8.9266,-12.5494,-8.7958,-8.8027,-8.8877,-8.9699
45128.5000000,-23.9247,-21.1660,-14.6607,-13.5326,0.0513,-13.8816,-13.6698,-22.5084,-12.2011,-14.3253,-18.1217,-15.6032,-18.3190,-14.7425,-14.0765,-14.7164,-11.9331,-13.0078,-17.3337,-20.5468,-7.8126,-19.8428,-16.9190,-17.5506,-11.0771,-1.6351,-11.4941,-18.6988,-7.7090,-17.0132,-9.1691,-10.8185,-5.5298,-5.9482,-1.7658,-6.2467,-2.0796,-4.7975,-14.8583,-0.7876,-2.8950,-5.8133,-16.5363,-14.4307,7.8853,-2.9703,-9.9022,-12.8302,-14.5125,-16.6396,-7.7442,-7.2288,-6.2100,-5.4466,-14.1556,-7.9620,-9.9773,-3.9935,2.9541,-3.4278,-5.2125,-7.6971,-14.7210,-13.0607,-11.8883,-10.8591,-3.0051,-3.5406,-14.4214,-7.7994,0.5606,-0.0688,0.8013,-4.4303,-2.3609,9.3376,4.5962,10.9084,-1.7012,1.6571,17.6433,12.1053,2.0681,-2.2009,-10.3987,-9.7651,-1.2263,-8.7644,-0.0191,-7.0755,-1.3093,0.1207,-1.7711,-5.6825,-13.9923,-12.9478,-12.0861,-6.5893,-11.9273,-13.5768,-14.9144,-11.8298,-16.8573,-16.6415,-13.8999,-13.6838,-18.0095,-17.9195,-22.8888,-12.9582,-21.2460,-19.0724,-13.1905,-14.2465,-17.6828,-13.2863,-16.9355,-9.8665,-9.5178,-9.6081,-14.5949,-10.2344,-12.2126,-9.7597,-8.9431,-5.7485,-7.6390,-3.1859,-10.0917,-12.8991,-11.3648,-12.7877,-11.7026,-9.0721,-3.0486,-6.9236,-7.5771,-3.8212,-7.9050,-8.8410,-10.3623,-5.6407,-8.2280,-8.7666,-6.0468,-11.2256,-9.6825,-0.7447,-7.6652,-10.2669,-7.5577,-8.6572,-7.9801,-4.3440,-7.1024,1.7935,3.8197,-0.8920,-1.7773,-5.5963,7.8761,2.1961,-0.9139,-4.8370,-3.2757,-4.2016,-2.3451,-5.6610,-5.5484,-7.0435,-10.4450,-9.4528,-9.3663,-3.6095,-4.1832,-2.0384,-8.7874,-4.3351,-5.3820,3.8809,-0.9528,-3.9093,-4.8225,-6.1945,-6.2623,-3.9717,-4.5952,-10.8072,-4.8313,-5.1210,-5.4091,-5.7467,-6.0815,-6.6100,-9.5229,-9.8306,-7.6565,-7.7829,-13.9322,-7.8821,-8.0521,-8.2760,-8.5228,-8.7726,-9.1412,-11.9088,-11.4518,-10.0018,-10.0780,-15.9610,-10.0864,-10.1721,-10.3368,-10.5096,-10.6843,-10.9484,-13.4492,-12.0458,-11.5523,-11.5822,-17.1279,-11.5646,-11.6251,-11.7703,-11.9249,-12.0805,-12.3288,-14.5050,-12.9252,-12.8022,-12.8153,-17.9502,-12.7790,-12.8056,-12.9137,-13.0116
45128.5416667,-28.8209,-28.1531,-20.4713,-18.5486,-5.7274,-17.4374,-18.4610,-29.2972,-17.3119,-17.1305,-21.0889,-20.0102,-22.0690,-19.9112,-20.1385,-20.9955,-18.6452,-19.3387,-21.4929,-25.0272,-13.5963,-26.5889,-20.6862,-25.3536,-16.7531,-7.7062,-16.1842,-23.4661,-12.8782,-23.3257,-14.0842,-17.3009,-11.9515,-10.1454,-7.4106,-12.4819,-8.8179,-11.4823,-22.5462,-6.7886,-8.1952,-10.1961,-23.4401,-21.3689,2.0095,-10.8145,-16.0142,-16.8526,-19.7400,-21.9915,-12.3663,-13.2126,-12.4094,-10.9288,-18.9633,-17.2970,-18.2723,-11.1362,-0.5494,-6.5534,-8.0984,-10.2255,-20.3830,-19.2768,-17.2454,-16.0898,-8.4838,-8.6218,-21.2094,-13.6613,-4.5654,-7.5739,-9.1794,-12.7916,-9.1720,3.7239,-0.1097,7.6351,-5.4119,-2.0689,19.5702,13.2790,3.2042,-1.0478,-13.2327,-11.5256,-2.9523,-12.7931,-2.9563,-9.0145,-3.3247,-1.3010,-2.6285,-7.1619,-13.8932,-13.2554,-12.5039,-4.8411,-11.5932,-13.1602,-14.7850,-13.3049,-18.6173,-18.3494,-16.4413,-16.5488,-20.0450,-21.0547,-27.2430,-19.9770,-26.7015,-23.4989,-17.5357,-15.9480,-19.1243,-14.9359,-21.7200,-14.0028,-14.7119,-13.6982,-17.5222,-15.5596,-17.4908,-15.9827,-14.8866,-11.6205,-13.5141,-8.6034,-14.6522,-15.8221,-15.3437,-16.0523,-17.9073,-16.5924,-8.1424,-12.8606,-13.2088,-8.9397,-11.9230,-13.3224,-14.5110,-10.1277,-11.9045,-12.0318,-9.5937,-13.5805,-12.7833,-3.8955,-13.5714,-15.1711,-13.1884,-14.8547,-13.7504,-12.0054,-11.9794,-1.7176,-0.2374,-2.9695,-4.2263,-8.9643,4.8250,-0.6226,-3.2878,-5.8390,-2.9277,-5.0404,-4.7353,-8.7753,-10.7563,-12.0364,-13.5228,-13.4562,-13.7721,-9.0431,-9.7118,-6.4477,-13.6342,-9.0710,-9.6524,-0.0556,-4.3127,-6.5701,-7.1174,-7.4743,-7.0033,-6.0480,-6.7526,-13.6447,-7.5553,-7.6109,-7.6616,-7.7634,-7.8664,-8.1689,-10.2829,-10.4305,-8.7692,-9.0714,-15.9562,-10.0194,-10.1105,-10.2430,-10.3835,-10.5142,-10.7572,-12.8322,-12.4753,-11.3693,-11.6440,-18.2266,-12.5062,-12.5386,-12.6383,-12.7294,-12.8078,-12.9656,-14.8332,-13.7828,-13.3604,-13.5594,-19.7214,-14.2896,-14.2693,-14.3205,-14.3647,-14.3969,-14.5163,-16.0936,-14.8854,-14.7289,-14.8637,-19.2748,-15.4583,-15.4603,-15.5517,-15.6335
45128.5833333,-34.3693,-31.8412,-25.1125,-22.4487,-10.4982,-19.8003,-22.0731,-34.6503,-21.1777,-18.6983,-22.4692,-21.8331,-22.5140,-21.6810,-22.4782,-23.4901,-21.9266,-22.6669,-23.0084,-27.1538,-17.1614,-30.5502,-21.9613,-31.0560,-20.5938,-11.8158,-22.1825,-27.0948,-15.7426,-26.4231,-19.9271,-22.6896,-16.8923,-9.3363,-5.8195,-10.4222,-8.1243,-12.0180,-24.5394,-8.4468,-9.9877,-11.6162,-27.0440,-21.0185,-0.4794,-16.2368,-20.1756,-19.3073,-22.8383,-25.3457,-15.6523,-16.9161,-15.8430,-13.5882,-20.5163,-24.5400,-24.4686,-17.7039,-3.3270,-8.8094,-10.0011,-11.6347,-24.0596,-23.6298,-20.7499,-15.5107,-10.7803,-12.0708,-26.5556,-18.4156,-8.7573,-8.6780,-9.5373,-17.9800,-12.7435,-2.3517,-6.4394,-2.1253,-13.2133,-9.3059,16.6065,10.4302,0.9699,-2.7023,-17.0647,-11.4021,-3.1201,-11.0288,-2.2804,-7.6296,-2.6142,-0.6210,-1.8259,-7.0404,-12.3042,-12.0775,-11.6483,-2.4010,-10.1382,-11.5535,-13.1345,-12.5289,-16.9033,-16.5798,-15.3406,-15.7505,-18.5898,-20.3832,-26.6554,-23.3207,-29.3486,-25.3920,-22.3002,-16.6376,-19.2197,-15.2025,-24.5463,-16.4110,-20.1919,-14.9094,-16.6709,-16.2811,-17.9337,-17.4979,-21.1651,-15.7676,-16.8459,-11.3045,-16.1824,-15.4820,-18.3454,-17.1020,-20.6402,-20.3311,-10.0476,-15.4135,-18.9428,-12.4149,-13.5540,-14.9300,-15.8209,-11.2553,-11.9325,-12.3610,-11.1280,-14.3748,-13.8248,-5.2026,-17.2727,-17.9836,-14.8943,-17.7505,-17.0222,-18.0788,-15.3345,-4.5152,-3.8686,-4.9503,-6.3025,-11.6883,2.3103,-2.7645,-4.4878,-5.9113,-1.8196,-4.6836,-5.2653,-9.4284,-13.2174,-14.2931,-14.0849,-14.9013,-16.1801,-12.6220,-13.3771,-8.8201,-14.2392,-11.0828,-11.5073,-2.4077,-6.2360,-7.9549,-8.4710,-8.4456,-7.5771,-7.7756,-8.4133,-13.4447,-8.9420,-8.9199,-8.9024,-8.9473,-8.9958,-9.2300,-10.8294,-10.8645,-9.4861,-9.6336,-14.6413,-10.2368,-10.2317,-10.2928,-10.3856,-10.4851,-10.7014,-12.3334,-12.0694,-11.1676,-11.3694,-16.2394,-12.0679,-12.0941,-12.2121,-12.3419,-12.4715,-12.6805,-14.2108,-13.4975,-13.1508,-13.3314,-17.9304,-13.9895,-13.9949,-14.0896,-14.1914,-14.2886,-14.4695,-15.7550,-14.9124,-14.7698,-14.8821,-18.1952,-15.3620,-15.3245,-15.3754,-15.4219
45128.6250000,-31.3910,-31.5438,-26.0661,-23.4012,-12.8939,-19.9695,-23.7668,-37.6920,-23.7365,-19.4274,-23.3096,-23.1105,-22.7045,-22.7759,-24.1126,-25.0871,-23.9977,-24.4372,-22.9616,-27.3570,-18.7406,-32.1103,-21.5098,-30.1124,-22.3604,-15.4252,-27.9497,-30.5395,-20.3218,-27.5075,-25.0808,-27.4720,-22.3048,-14.0281,-7.1610,-9.5406,-2.1781,-5.3456,-18.6932,-2.9103,-5.0364,-6.8661,-22.7276,-15.9207,1.3262,-17.6703,-20.7024,-18.8363,-22.9570,-21.7447,-15.1425,-18.3371,-18.1123,-15.6615,-21.3770,-30.2266,-29.6723,-23.9181,-6.3012,-11.0015,-11.7655,-12.8842,-27.0812,-27.2245,-23.2862,-18.7347,-11.6331,-10.3746,-28.0392,-20.7381,-11.3783,-13.0319,-12.2499,-16.8528,-7.8889,-1.4123,-6.4263,-6.0069,-15.8881,-6.2410,16.7490,9.7118,0.1703,-3.4407,-15.0703,-11.8409,-5.2991,-12.3433,-4.8788,-9.4781,-4.6894,-1.9547,-2.2093,-7.1366,-13.5645,-10.0625,-9.0107,1.3526,-6.6544,-7.9144,-9.3823,-9.2305,-13.7144,-13.6087,-11.6708,-12.4474,-14.9750,-17.4321,-23.7568,-23.6723,-27.1652,-24.8608,-24.4292,-18.9333,-18.3747,-13.7941,-22.0759,-16.7337,-23.6967,-19.5889,-16.4417,-16.6601,-17.3679,-17.2023,-20.7824,-18.5513,-19.6543,-13.8705,-17.5337,-16.8288,-17.5682,-18.8691,-22.2739,-22.3918,-10.9535,-16.6022,-19.8010,-15.1758,-15.2796,-17.0338,-17.6495,-15.3411,-14.3309,-11.4520,-9.8852,-12.0814,-13.4959,-3.3709,-16.7149,-16.5252,-13.9389,-16.0199,-16.2443,-20.0303,-15.7735,-5.1968,-5.5634,-5.4428,-6.7478,-12.7083,0.6941,-7.0049,-4.9250,-5.3010,-0.2270,-3.4542,-4.4158,-10.6589,-13.2765,-14.1469,-12.7518,-14.1494,-16.1857,-13.2479,-15.1018,-7.7784,-11.9661,-9.8777,-10.2410,-1.8209,-5.2972,-6.6466,-7.2164,-7.0673,-6.0306,-7.1196,-7.8482,-11.7025,-8.4780,-8.5351,-8.5845,-8.6847,-8.7739,-9.0292,-10.3270,-10.3495,-9.2462,-9.3584,-13.0935,-9.8382,-9.8057,-9.8347,-9.8906,-9.9467,-10.1110,-11.3884,-11.1533,-10.3651,-10.4859,-14.0999,-10.9934,-10.9676,-11.0377,-11.1227,-11.2093,-11.3754,-12.5919,-12.0588,-11.7223,-11.8594,-15.3187,-12.4195,-12.4223,-12.5212,-12.6319,-12.7406,-12.9338,-13.9878,-13.3970,-13.2733,-13.3945,-15.9611,-13.8769,-13.8685,-13.9486,-14.0163
45128.6666667,-23.2023,-23.4235,-17.7481,-14.6150,-4.4255,-9.2770,-14.4556,-31.0978,-18.3464,-12.8315,-16.7894,-16.9298,-16.4904,-19.3769,-21.2860,-22.3059,-21.7916,-22.0756,-19.3080,-24.0555,-16.3261,-28.7768,-17.7813,-25.3735,-18.5594,-12.2051,-25.4226,-27.8753,-22.4108,-27.8206,-28.4599,-30.8023,-26.4135,-18.5058,-11.7920,-13.5752,-2.7236,-3.4001,-16.0182,1.4005,1.3100,0.9226,-13.3130,-5.6077,10.2926,-10.2267,-12.8790,-10.8603,-15.8226,-15.0342,-9.0548,-12.5066,-12.4080,-9.8034,-14.4792,-29.0587,-29.4334,-24.7151,-5.4025,-8.8018,-9.1155,-9.9032,-25.7157,-27.2384,-23.6042,-21.2528,-15.8448,-10.9474,-26.8330,-19.8866,-10.6843,-14.8190,-14.4656,-16.6714,-5.9440,-0.3329,-4.2764,-5.7277,-13.3335,-0.0092,22.1889,16.0490,7.3192,4.0528,-4.6973,-2.5489,3.2492,-2.7680,3.6192,-0.5996,2.7058,6.3013,5.7718,-0.3740,-8.4514,-4.8977,-4.0409,6.3471,-1.2820,-2.6031,-4.0888,-3.9876,-8.2049,-9.9879,-6.2603,-6.2354,-7.8440,-10.1530,-16.1212,-18.0455,-20.4335,-18.0143,-19.4381,-14.6228,-15.6108,-9.3204,-15.7315,-11.7473,-20.2872,-18.0219,-12.7343,-14.2778,-16.6397,-15.3546,-18.4314,-15.6339,-16.1668,-10.4197,-13.2212,-12.9933,-15.3323,-17.5797,-21.5120,-22.5565,-10.7758,-15.3044,-17.1825,-13.6348,-11.8022,-13.6942,-15.7955,-15.9176,-14.9651,-10.9575,-9.4226,-10.5290,-13.3823,-3.2999,-16.2905,-15.5872,-14.2863,-14.3460,-13.8980,-18.1748,-12.7057,-2.9728,-2.7723,-1.6038,-2.3149,-8.0727,3.9462,-4.7043,-0.7034,-0.0925,5.3624,0.8219,0.5576,-7.1941,-9.9331,-10.9551,-8.9725,-10.6819,-13.3977,-11.5077,-14.6705,-5.8251,-8.5567,-6.7414,-6.6840,1.2856,-1.3379,-2.1835,-2.5128,-1.9637,-0.8241,-1.7478,-2.2736,-5.1414,-2.6560,-2.6775,-2.7214,-2.8440,-2.9672,-3.2650,-4.3978,-4.4348,-3.5530,-3.7176,-6.6574,-4.2696,-4.3083,-4.4133,-4.5413,-4.6577,-4.8689,-5.9841,-5.8096,-5.1283,-5.2502,-8.0505,-5.7101,-5.6880,-5.7688,-5.8597,-5.9430,-6.0948,-7.1102,-6.6785,-6.3121,-6.4047,-9.0640,-6.8467,-6.8240,-6.9102,-7.0093,-7.1033,-7.2793,-8.1493,-7.6840,-7.5224,-7.6180,-9.6535,-8.0374,-8.0251,-8.1127,-8.1759
45128.7083333,-21.2083,-23.1304,-16.4775,-14.2366,-6.1352,-7.2300,-11.4600,-24.5863,-12.1907,-6.1069,-10.7022,-9.0359,-7.8422,-11.0724,-13.8210,-15.2666,-15.9491,-16.7331,-13.3964,-18.0402,-12.8746,-21.7147,-11.9278,-19.4436,-14.9366,-9.2194,-20.3874,-21.2092,-18.7426,-22.4180,-26.1335,-29.5927,-27.7978,-20.7046,-15.3491,-16.5898,-6.4023,-6.5670,-16.8888,-0.5256,-0.3070,0.0749,-11.2876,-4.2537,12.1368,-5.0564,-5.7686,-3.4151,-6.8762,-5.1119,-1.1780,-4.8920,-5.2529,-3.1532,-6.4371,-21.8934,-22.3024,-18.7386,-1.7439,-4.8856,-5.7835,-6.7069,-21.3294,-23.1338,-18.5725,-18.5448,-15.3168,-12.0363,-25.1509,-19.0890,-11.6335,-15.3790,-15.7934,-16.0855,-5.9948,-2.4126,-5.6160,-7.4565,-13.1376,-0.2702,19.8399,14.1478,5.9401,3.0095,-3.0910,-0.9383,5.2738,0.6770,7.1828,3.4900,6.6334,12.1602,12.3007,7.0709,-0.2297,3.7351,4.5934,13.3587,6.4498,4.9268,3.5505,3.6936,-1.2548,-2.8212,-0.3068,-0.0231,-1.8869,-4.4106,-9.2514,-11.8159,-12.3813,-10.1190,-11.7407,-7.5385,-9.1527,-3.5988,-9.4082,-6.7950,-15.0046,-13.4155,-7.4843,-9.9758,-12.4925,-11.8937,-16.5198,-14.0193,-13.8311,-8.4536,-9.9759,-8.5957,-10.5214,-11.9932,-16.0901,-17.9546,-9.2198,-13.9082,-15.5475,-13.0513,-10.4805,-11.9868,-13.6679,-13.4664,-11.8779,-8.1967,-7.7879,-8.2264,-10.5905,-2.7732,-14.3774,-13.3613,-12.8563,-12.6903,-12.3572,-16.7440,-9.8061,-3.7692,-3.0948,-2.0186,-1.3398,-5.4506,5.3366,-2.5896,1.0346,2.1255,6.9155,0.9723,2.8405,-4.1807,-6.0778,-6.3552,-4.0749,-5.3053,-8.4377,-7.6600,-10.7138,-3.1469,-5.5754,-4.4298,-4.4610,2.3159,-0.1847,-1.0925,-1.4282,-0.8147,-0.2170,-0.4690,-0.7046,-2.7119,-0.5065,-0.2049,0.0862,0.2920,0.4861,0.4693,-0.2820,-0.0625,0.9522,1.0110,-1.1632,0.8133,0.9141,0.9187,0.8725,0.8135,0.6235,-0.3817,-0.2571,0.3671,0.2448,-2.0216,-0.2440,-0.2352,-0.3390,-0.4566,-0.5691,-0.7622,-1.7225,-1.4341,-1.0823,-1.1811,-3.3406,-1.6371,-1.6063,-1.6887,-1.7830,-1.8717,-2.0532,-2.8328,-2.4778,-2.2836,-2.3573,-4.0433,-2.7478,-2.7043,-2.7717,-2.8305
45128.7500000,-16.0352,-19.0656,-11.3381,-11.2875,-4.6300,-2.7135,-6.7330,-19.7635,-9.5852,-2.6866,-8.2034,-5.4627,-4.4332,-6.6500,-8.8858,-9.7600,-10.0265,-10.1356,-6.8608,-12.1453,-9.1265,-15.3147,-6.7251,-12.3443,-10.3354,-3.9201,-14.1208,-15.0623,-14.8034,-17.5966,-22.8675,-26.0519,-25.2709,-18.6921,-14.5058,-15.7628,-7.0550,-5.9282,-15.3040,-0.0581,0.1909,0.6488,-8.6822,-2.7205,12.7596,-4.1241,-4.2800,-1.0815,-4.6956,-1.4773,2.2606,-0.1494,0.3236,2.8132,-1.0655,-15.3188,-15.4792,-12.5037,3.1443,1.1879,0.5718,-0.2869,-14.3778,-16.8413,-12.0637,-13.7714,-10.7093,-9.4538,-22.2869,-17.5130,-11.5047,-14.1364,-15.9199,-15.4008,-5.1956,-2.7214,-4.7507,-7.1125,-11.0728,2.0919,20.6882,15.3415,7.3661,4.3786,-0.2185,0.8809,6.4569,2.1844,7.9129,3.7076,5.5640,12.8418,13.4953,8.6844,0.4608,4.9320,7.1245,15.1877,9.5988,8.2432,7.1459,9.7163,4.9433,3.8493,5.6229,7.5358,5.5254,3.2277,-2.1537,-5.0936,-6.3026,-4.8946,-6.3402,-2.9183,-4.3059,1.0700,-3.2578,-0.5363,-8.5414,-7.5823,-2.4063,-3.8977,-7.0036,-6.4083,-11.6391,-9.6997,-9.1319,-4.3979,-5.8838,-5.3589,-7.6821,-8.7657,-12.3085,-14.3502,-6.3739,-10.4049,-11.5736,-9.8242,-7.1896,-9.0813,-11.6482,-12.4835,-10.7481,-6.9345,-6.5174,-7.0284,-9.0573,-1.6446,-12.0980,-11.0034,-11.1196,-10.7319,-10.3508,-15.1419,-6.9985,-3.7022,-3.4719,-2.3803,-1.4385,-3.8211,6.4033,-1.4948,1.8064,4.4915,9.0572,1.9558,5.4775,-1.4896,-3.0604,-3.1001,-1.7666,-2.1938,-4.5503,-4.2579,-5.9311,1.0985,-0.9275,-0.1445,-0.3267,6.1548,3.7346,2.5813,2.2037,3.0375,3.0375,3.0700,2.6753,0.9242,2.4605,2.5360,2.6137,2.6277,2.6568,2.5120,1.7865,1.9491,2.8316,2.9195,1.2728,2.9053,3.1247,3.2748,3.3946,3.5158,3.5168,2.8210,3.0994,3.8346,3.8964,2.2442,3.7579,3.9026,3.9228,3.9151,3.8978,3.7871,3.0014,3.2598,3.6287,3.5659,1.8472,3.1709,3.2035,3.1205,3.0222,2.9269,2.7387,2.0449,2.2992,2.4764,2.3959,0.9919,2.0061,2.0397,1.9685,1.9133
45128.7916667,-8.0339,-12.0561,-4.9106,-5.9833,-0.8099,1.8130,-1.5648,-13.0991,-4.8872,1.5103,-3.5719,-0.7999,-0.5253,-1.9500,-3.3121,-3.8182,-3.8477,-4.2404,-1.1402,-5.5527,-3.7358,-8.3955,-1.7097,-5.8564,-4.7316,1.5263,-7.6149,-8.0535,-8.7269,-10.6501,-16.9364,-20.4709,-20.9566,-15.0049,-11.8371,-12.7222,-5.6361,-3.7865,-11.5944,2.2742,2.7332,3.9564,-3.4956,1.7711,16.2477,0.5127,0.3170,3.1244,-0.7919,2.1807,5.2921,3.3678,4.3332,6.7554,2.4599,-9.4326,-9.3894,-6.7013,7.7047,6.4405,6.1687,5.8431,-5.8394,-8.3423,-3.6594,-6.0093,-3.3964,-3.4465,-16.2637,-13.4125,-9.1498,-11.4896,-13.6707,-12.3615,-4.0669,-2.8117,-4.4142,-6.1496,-8.5911,3.3936,21.2676,16.8592,10.2307,7.5011,4.3342,6.0096,11.8449,8.3134,13.7722,9.0038,11.1656,18.3712,18.9809,13.7018,5.5878,8.9060,11.2527,17.5838,13.0716,11.4065,10.0740,13.8297,8.8668,8.3114,10.2939,12.9290,10.9552,9.7515,5.1800,3.4248,1.5733,1.9632,0.5690,2.7580,1.3938,4.8338,1.9408,4.3889,-2.4836,-1.9083,1.7908,0.9240,-1.4755,-0.6065,-5.5535,-4.0717,-2.8853,1.2878,0.4149,0.4284,-1.5322,-2.8573,-6.1423,-8.4199,-2.2983,-5.4665,-6.2570,-4.9992,-2.4889,-4.1371,-6.5984,-8.0251,-6.5860,-3.4863,-3.5341,-4.0281,-6.0988,-1.1152,-9.2081,-8.1823,-8.8122,-8.4338,-7.9802,-12.7307,-5.0598,-2.9958,-3.1011,-2.0487,-0.9599,-2.3838,6.6836,-0.4489,2.4721,5.5360,9.4646,2.8601,6.6407,0.7451,-0.4018,0.0540,0.8392,1.0740,-0.4610,-0.2995,-1.5647,4.7031,3.0535,3.7946,3.6496,10.0309,7.6446,6.1961,5.9956,7.3143,6.5469,7.5658,7.3634,6.1109,7.4162,7.5810,7.7305,7.8015,7.8664,7.7497,7.1329,7.2624,7.9849,8.0129,6.6573,7.8618,7.9749,8.0203,8.0379,8.0609,7.9802,7.3211,7.5043,8.1114,8.1492,6.8431,8.0425,8.2062,8.2709,8.3250,8.3837,8.3671,7.7859,8.0846,8.5249,8.5787,7.3098,8.4393,8.5702,8.5882,8.5851,8.5772,8.4749,7.9423,8.1873,8.3985,8.3651,7.2426,8.0670,8.1149,8.0598,8.0144
45128.8333333,1.3060,-2.7538,2.7613,1.4053,5.4837,7.0602,4.3122,-5.8159,0.5179,5.5182,1.3072,3.4083,3.0971,2.1850,0.9365,0.5629,0.6717,0.2650,2.6619,-0.7678,0.5038,-3.2093,1.8856,-1.4310,-0.5790,5.0985,-2.6519,-2.7926,-3.8013,-5.0005,-11.2154,-14.5686,-15.8324,-10.5832,-8.3852,-9.0952,-3.5497,-2.0626,-8.1030,3.6201,3.9570,5.1667,-0.8185,3.7823,17.6176,4.1617,4.1603,6.6378,3.1700,5.4108,8.1576,6.8693,7.8625,9.8368,5.2180,-4.1363,-4.2003,-2.0593,10.4003,8.8777,8.5915,8.1468,-1.2049,-3.2662,0.9295,-0.8837,1.8846,1.9914,-8.9700,-7.6320,-5.1341,-7.7813,-9.8227,-8.5164,-2.0856,-1.8374,-3.3830,-5.1780,-7.2755,2.9343,18.6715,14.8781,8.6392,6.0516,4.1827,5.6310,11.5810,8.6023,14.1121,9.0615,12.7558,19.6807,20.8336,16.4855,8.4710,11.7189,14.1402,18.6058,15.5577,13.8306,13.0099,17.6659,12.9284,12.4945,14.7907,17.1218,14.5026,13.8169,9.4016,9.2034,6.9975,7.2005,6.4193,7.5445,6.8409,8.7411,6.9758,9.1615,3.6371,3.8427,5.2819,5.3566,3.1773,3.8353,-0.4548,0.6779,1.8127,5.3065,4.4061,3.8433,2.7355,1.7925,-0.6672,-2.6163,1.8890,-0.8575,-1.4266,-0.4109,1.6333,0.2556,-1.7762,-3.2462,-2.0625,0.1954,-0.0143,-0.4030,-2.1554,1.1217,-5.3448,-4.5258,-5.5665,-5.5734,-5.5682,-10.2001,-3.4230,-2.2253,-2.5853,-1.6630,-0.5332,-1.5384,5.9662,0.0564,2.3970,5.1575,8.2561,2.8269,6.3043,1.5471,0.9062,1.5009,1.8401,2.6151,1.9837,2.3960,1.5369,6.5896,5.1707,5.8304,5.6467,11.8472,9.3728,7.5808,7.5376,9.2949,7.7194,9.6574,9.6137,8.8000,9.9083,10.1692,10.4183,10.6026,10.7794,10.8039,10.4346,10.6482,11.3247,11.4526,10.5254,11.5166,11.6913,11.8027,11.8817,11.9543,11.9297,11.4392,11.5968,12.0868,12.1183,11.1208,12.0033,12.1127,12.1372,12.1493,12.1625,12.1124,11.6190,11.8114,12.1377,12.1606,11.1829,12.0229,12.1302,12.1546,12.1701,12.1889,12.1367,11.7544,11.9786,12.1975,12.2223,11.4102,12.0859,12.1799,12.1874,12.1902
45128.8750000,9.4234,6.5326,10.7465,9.7792,13.8016,13.6678,12.0077,2.8524,7.8435,11.1343,7.9479,9.2486,8.0163,7.7147,6.5502,5.8622,5.7870,5.1747,6.4220,3.7093,4.9142,1.6395,5.1790,2.8234,3.4484,8.6837,1.9080,1.6411,0.6883,-0.2873,-5.9183,-8.9027,-10.4383,-5.6987,-3.9835,-4.4872,0.0077,1.1305,-3.8187,5.8694,6.1859,7.0289,2.0670,5.8825,18.8152,7.0670,6.8512,9.0074,5.8788,7.3893,10.0236,9.6107,10.7746,12.4945,7.3439,1.0011,0.9224,2.7048,13.5998,11.8741,11.6090,10.9613,3.4995,1.5931,4.7760,3.2422,5.6517,5.8540,-2.9426,-2.1195,-0.3813,-2.8873,-4.7481,-3.7583,1.0405,1.0534,-0.3705,-2.0905,-3.8392,4.9490,18.7369,15.5068,9.4518,6.8954,5.9629,6.8178,12.3146,9.5074,14.4504,8.9378,13.4566,19.7970,20.9677,17.2968,8.9966,12.1306,14.4820,17.3990,15.6037,13.8714,13.6467,19.3713,15.3641,15.2560,18.3540,20.6850,17.6514,17.6532,13.0581,14.3974,10.9433,10.6650,10.5370,10.6098,10.7177,11.3397,10.5860,13.0123,8.9039,9.0945,8.2041,9.8409,7.8651,8.6248,5.4131,6.1806,6.8285,9.7602,8.2853,6.7082,6.2892,5.5640,3.7902,2.2821,5.9538,3.5586,3.0213,3.8515,5.0410,4.0250,2.4198,1.2681,2.1081,3.6232,3.6325,2.9472,1.7321,4.3026,-0.8099,-0.2075,-1.2871,-1.6005,-2.0271,-6.4466,-0.8376,-0.1607,-0.5873,0.1642,1.1787,0.3710,6.5476,1.7364,3.4886,5.8528,8.1996,3.7893,6.8320,2.8340,2.3872,2.7326,2.4606,3.3927,3.4247,4.0858,3.5584,7.4511,6.1689,6.7349,6.4810,12.6090,10.0386,7.9721,8.0575,10.1904,7.9748,10.5975,10.6748,10.2092,11.1420,11.4685,11.7860,12.0528,12.3086,12.4399,12.2680,12.5262,13.1400,13.3530,12.7863,13.6175,13.8674,14.0708,14.2481,14.4160,14.5013,14.2279,14.4284,14.8860,15.0040,14.3572,15.0769,15.2430,15.3419,15.4248,15.4998,15.5144,15.1840,15.3502,15.6238,15.6677,14.9654,15.5839,15.6780,15.7074,15.7256,15.7409,15.6951,15.3964,15.5424,15.6968,15.7078,15.0978,15.5804,15.6542,15.6680,15.6793
45128.9166667,15.3335,14.1270,16.9923,16.4998,20.8833,18.3717,18.0938,9.8195,14.1990,15.6858,13.8013,14.5794,12.3973,13.2398,12.6077,11.7874,11.7483,10.8468,10.6595,8.6319,10.0240,6.6488,8.6617,7.2697,7.5628,12.4084,6.0523,5.4864,4.9441,3.8624,-0.8691,-3.5480,-5.2049,-1.1317,0.1933,-0.2402,3.4522,4.3957,0.2627,8.4411,8.7339,9.1129,4.9699,8.1101,20.1585,9.7984,9.1259,10.9175,7.8395,8.6545,11.1397,11.3362,12.5070,13.8830,8.0473,4.8559,4.8518,6.3800,15.9784,13.9286,13.6840,12.8857,7.3507,5.9182,8.2632,7.2239,9.4184,9.5319,1.8091,2.2857,3.6176,1.4981,-0.1156,0.6925,4.0133,4.3887,3.0786,1.5338,0.0062,7.4960,19.3674,16.4915,10.4471,7.8319,7.8267,8.2550,13.5726,10.9518,15.4948,9.5477,14.7567,20.4497,21.4778,18.2970,9.6083,12.5576,14.6584,16.2219,15.1749,13.2864,13.3144,19.6547,16.0800,16.1278,19.8936,22.1919,18.7041,19.6417,15.0279,18.4012,13.6685,13.1244,13.6417,12.7249,13.5759,13.0752,13.0935,15.8021,12.7679,12.9165,9.7229,13.0167,11.1641,12.3366,10.5606,11.3172,11.5317,14.0712,11.8268,9.1197,9.4980,9.0548,7.9341,6.8829,10.0840,7.7747,7.1191,7.8101,7.8751,7.1747,5.9293,5.2069,5.5128,6.3421,6.7511,5.4110,4.8124,7.2705,3.1188,3.4320,2.5912,2.1984,1.7084,-2.0453,2.1560,2.6067,2.2539,2.6619,3.3299,2.6846,8.0045,3.9477,5.0621,7.0643,8.7168,5.0029,7.7726,4.3029,4.1591,4.2481,3.3561,4.2703,4.7638,5.4826,5.0277,7.8131,6.5025,6.8959,6.4929,12.4786,9.7200,7.4078,7.5390,9.8988,7.2243,10.2369,10.3536,10.1224,10.8954,11.2416,11.5858,11.8972,12.2031,12.4213,12.4226,12.7304,13.2926,13.5682,13.2843,13.9964,14.2932,14.5552,14.7969,15.0300,15.2022,15.1154,15.3647,15.7965,15.9849,15.6243,16.2369,16.4542,16.6220,16.7766,16.9238,17.0255,16.8778,17.0815,17.3598,17.4715,17.0460,17.5591,17.6957,17.7823,17.8567,17.9248,17.9447,17.7788,17.9252,18.0736,18.1152,17.7081,18.0757,18.1485,18.1743,18.1924
45128.9583333,18.5260,19.3205,21.0516,21.2185,26.4520,21.3581,22.5815,14.8708,18.9500,18.6129,17.9572,18.2236,14.9157,17.1201,17.2122,16.4055,16.8148,15.8668,14.2047,13.0379,15.2096,11.4005,12.0447,11.8024,11.8440,16.6966,10.3146,9.1936,9.2653,7.6303,3.8995,1.4135,-0.2863,3.0591,4.0714,3.5206,6.5822,7.3478,3.5675,10.7167,10.9875,10.8827,7.3568,9.9682,21.3378,12.1103,10.8639,12.3593,9.1657,9.4115,11.8271,12.5174,13.6544,14.6876,8.1749,7.6460,7.5462,8.7941,17.3344,14.8942,14.6186,13.6330,9.6961,8.7138,10.2593,9.7688,12.0730,12.3550,5.4323,5.7766,7.0111,5.3800,3.8823,4.1747,6.2146,7.3717,6.1315,4.9005,3.5148,9.9902,20.2052,17.6142,11.4776,8.7158,9.4998,9.5050,14.7280,12.1711,16.3657,9.9478,15.7606,20.8845,21.7631,18.9749,9.8687,12.6945,14.6055,15.1684,14.6628,12.6757,12.8636,19.6267,16.0951,16.2217,20.4949,22.6914,18.7101,20.3599,15.4879,20.6959,14.6101,13.9032,15.0652,13.3766,14.9402,13.6078,14.3098,17.4578,15.3617,15.5503,10.3247,15.0943,13.2428,14.8852,14.5898,15.4305,15.1813,17.5069,14.3723,10.5094,11.6414,11.5087,11.0551,10.5722,13.7847,11.5231,10.7791,11.5012,10.3294,9.8908,8.8841,8.6634,8.3116,8.5250,9.4337,7.1991,7.1266,9.8706,6.3579,6.3017,5.7396,5.1797,4.7488,1.9224,4.5909,5.1402,5.1198,5.1270,5.3651,4.8995,9.9143,6.3755,6.8907,8.6569,9.7224,6.4443,9.0666,5.8702,6.0097,5.7756,4.1862,5.0938,6.0100,6.7880,6.3315,8.1817,6.7920,7.0143,6.4568,12.2738,9.3522,6.8846,6.9999,9.4215,6.4964,9.6083,9.6840,9.5467,10.1306,10.4150,10.7025,10.9713,11.2409,11.4524,11.5131,11.7975,12.2694,12.5419,12.4183,13.0104,13.3109,13.5904,13.8586,14.1233,14.3463,14.3854,14.6652,15.0772,15.3160,15.1617,15.7019,15.9602,16.1825,16.3942,16.5992,16.7701,16.7606,17.0001,17.2919,17.4633,17.2485,17.7017,17.8854,18.0317,18.1675,18.2967,18.3893,18.3465,18.5242,18.7016,18.8005,18.5756,18.9005,19.0126,19.0855,19.1390
45129.0000000,18.9043,21.5760,22.3864,23.2335,29.5209,21.9724,24.6928,17.6019,21.6927,19.7329,20.2477,20.1527,15.8752,19.4577,20.3466,19.5916,20.5648,19.6034,16.4540,16.1486,19.4254,14.9596,14.4307,15.4821,15.4181,20.7258,14.0685,12.4149,13.5019,11.1854,8.6723,6.3086,4.5937,7.1090,7.8125,6.9735,9.5146,10.0990,6.3461,12.6874,12.9189,12.3162,9.2431,11.4303,22.2919,14.0556,12.1997,13.3539,10.0029,9.7857,12.1668,13.2644,14.3675,15.0923,8.0298,9.7451,9.4910,10.4502,18.0875,15.2382,14.8944,13.7151,11.0578,10.4402,11.2246,11.1897,13.6274,14.0632,7.8300,8.2592,9.6327,8.5793,7.1457,6.8267,7.7654,9.8904,8.6598,7.7887,6.4437,12.0837,20.8334,18.4628,12.1664,9.2059,10.6922,10.3495,15.6005,13.0773,17.0233,10.1710,16.5319,21.1603,21.8917,19.4337,9.9450,12.6799,14.4240,14.2216,14.0859,12.0358,12.3175,19.3597,15.1516,15.3776,20.0771,22.2302,17.9062,20.1260,15.1052,21.8718,14.5438,13.6692,15.2970,13.0101,15.0716,13.1251,14.2919,17.8024,16.4488,16.6991,9.9479,15.8806,14.0540,16.2199,17.3956,18.4561,17.7828,20.0094,15.9678,11.0908,12.8484,12.9915,13.1217,13.1867,16.6624,14.3984,13.5991,14.5089,12.1230,11.9857,11.2227,11.5967,10.5870,10.3058,11.7877,8.6078,8.9986,12.2389,9.1154,8.6458,8.3656,7.5745,7.2022,5.3258,6.4099,7.1815,7.5981,7.1379,6.8575,6.5662,11.6647,8.4374,8.4075,10.0503,10.6249,7.6205,10.2739,7.2400,7.7881,7.2822,5.0050,5.7786,7.1340,8.0123,7.5342,8.6008,7.1175,7.2019,6.5188,12.1733,9.1177,6.5618,6.6482,9.0506,6.0108,9.0896,9.1133,9.0184,9.4407,9.6525,9.8693,10.0753,10.2846,10.4549,10.5198,10.7464,11.1095,11.3333,11.2766,11.7332,11.9852,12.2252,12.4604,12.6963,12.9058,12.9870,13.2430,13.5967,13.8305,13.7865,14.2407,14.4974,14.7312,14.9600,15.1864,15.3905,15.4674,15.7230,16.0172,16.2266,16.1605,16.5709,16.7896,16.9815,17.1655,17.3441,17.4957,17.5495,17.7592,17.9675,18.1185,18.0368,18.3449,18.4990,18.6195,18.7094
45129.0416667,18.3150,22.4392,22.4047,23.7661,30.9948,21.2944,25.1307,18.6693,22.7390,19.3933,20.8181,20.3971,15.3521,20.2507,21.8717,21.1907,22.7833,21.8692,17.3811,17.8541,22.3737,17.1600,15.6480,17.9416,17.8364,23.8630,16.7540,14.5668,16.8979,13.8532,12.8145,10.6688,9.1625,10.9110,11.4224,10.2208,12.3772,12.7930,8.8089,14.5653,14.7176,13.5923,10.8243,12.6481,23.0892,15.6340,13.1312,13.9993,10.4367,9.8536,12.2086,13.6234,14.6880,15.1467,7.6862,11.2251,10.7919,11.4900,18.3788,15.1524,14.7310,13.3786,11.7314,11.4075,11.5090,11.8328,14.3702,14.9144,9.1067,9.6993,11.3450,10.9267,9.5374,8.5826,8.6288,11.7965,10.5605,10.1108,8.7636,13.7556,21.2379,19.0439,12.5574,9.4106,11.4672,10.8106,16.1144,13.5781,17.3161,10.0784,16.8883,21.0890,21.6820,19.4962,9.6937,12.3517,13.9637,13.2117,13.3388,11.2735,11.6126,18.7823,14.0682,14.2911,19.1821,21.2097,16.6019,19.1737,14.0176,21.9705,13.6630,12.7045,14.6686,12.0134,14.4024,12.0826,13.5450,17.3046,16.5244,16.8146,9.0435,15.6568,13.8332,16.4027,18.8864,20.2032,19.1551,21.3807,16.5210,10.8839,13.1178,13.5105,14.1485,14.7308,18.6243,16.3335,15.4937,16.6611,13.1425,13.2809,12.7344,13.7290,12.1105,11.4523,13.5454,9.4844,10.3002,14.1889,11.3204,10.4636,10.4883,9.4684,9.1733,8.2380,7.7978,8.8550,9.7627,8.8099,8.0770,7.8951,13.2925,10.2288,9.6836,11.2631,11.4174,8.5514,11.2993,8.3031,9.2616,8.4912,5.5504,6.3497,8.0990,9.0894,8.5723,8.9893,7.4102,7.3877,6.6058,12.1336,8.9783,6.3781,6.4369,8.7893,5.7159,8.7039,8.6773,8.5969,8.8871,9.0290,9.1761,9.3174,9.4628,9.5824,9.6285,9.7918,10.0547,10.2206,10.1882,10.5240,10.7165,10.9027,11.0877,11.2755,11.4467,11.5284,11.7367,12.0169,12.2140,12.2147,12.5729,12.7928,12.9986,13.2032,13.4084,13.6000,13.7031,13.9356,14.1981,14.4025,14.4124,14.7640,14.9813,15.1816,15.3780,15.5724,15.7492,15.8575,16.0780,16.2986,16.4794,16.4945,16.7875,16.9700,17.1245,17.2412
45129.0833333,17.6605,22.8883,22.1219,23.8771,31.9368,20.4287,25.0770,18.9657,22.9972,18.5359,20.6306,19.9168,14.3251,20.0570,22.2759,21.6439,23.7888,22.9159,17.3071,18.4020,24.1205,18.1866,15.9092,19.2887,19.1972,26.0787,18.4590,15.7919,19.4121,15.6300,16.1202,14.2397,13.1145,14.1939,14.6693,13.1214,15.0890,15.4461,11.0955,16.5231,16.6358,15.0169,12.4712,14.0114,24.1266,17.2684,14.0793,14.6762,10.8513,9.9730,12.2903,13.9316,14.9396,15.1624,7.4297,12.4135,11.7849,12.2517,18.5201,14.9677,14.4739,12.9807,12.1263,12.0413,11.5547,12.1537,14.7499,15.3354,9.6356,10.3450,12.2845,12.4996,11.1453,9.5748,8.9322,13.1036,11.8739,11.8990,10.5517,15.0762,21.4951,19.4730,12.8120,9.5150,12.0501,11.1440,16.5399,13.9886,17.5716,10.0207,17.1964,21.0287,21.4909,19.5195,9.4722,12.0373,13.5250,12.3835,12.6813,10.6236,10.9820,18.1708,12.9136,13.1451,18.1316,20.0562,15.2961,18.1040,12.8825,21.6081,12.5420,11.4884,13.6204,10.7708,13.3044,10.7965,12.3974,16.2727,15.9306,16.2571,7.9696,14.8585,13.0665,15.9151,19.4825,21.0340,19.6391,21.8908,16.3369,10.2115,12.7290,13.3003,14.3278,15.3506,19.7134,17.4015,16.5530,18.0223,13.5301,13.9152,13.5605,15.1459,12.9967,12.0573,14.7249,9.9022,11.0684,15.6467,12.9473,11.7514,12.0909,10.8831,10.7032,10.7007,8.8617,10.2383,11.6799,10.2550,9.0850,9.0120,14.8847,11.9100,10.9051,12.4877,12.2930,9.4795,12.3762,9.3317,10.6765,9.6243,6.0408,6.8739,8.9921,10.1165,9.5607,9.4430,7.7724,7.6710,6.8111,12.2615,9.0296,6.4032,6.4410,8.7450,5.6691,8.5650,8.4985,8.4229,8.6128,8.6982,8.7884,8.8755,8.9668,9.0408,9.0633,9.1707,9.3507,9.4630,9.4347,9.6707,9.8062,9.9386,10.0717,10.2083,10.3346,10.3984,10.5540,10.7628,10.9140,10.9266,11.1959,11.3686,11.5330,11.6984,11.8659,12.0255,12.1235,12.3156,12.5310,12.7068,12.7453,13.0292,13.2194,13.3993,13.5781,13.7572,13.9254,14.0463,14.2488,14.4532,14.6309,14.6916,14.9518,15.1340,15.2942,15.4167
45129.1250000,16.9561,23.0621,21.7367,23.8433,32.6907,19.7152,24.9977,19.2779,23.2597,17.9168,20.4854,19.5029,13.5288,19.6933,22.3164,21.6454,24.1869,23.2871,16.7549,18.2705,25.0323,18.4414,15.5765,19.8182,19.7546,27.5042,19.3740,16.2986,21.1289,16.6613,18.6348,17.0513,16.4162,16.9138,17.4684,15.5941,17.5315,17.9330,13.1328,18.4540,18.6038,16.5491,14.1888,15.5526,25.5217,19.1894,15.3201,15.6245,11.5201,10.4048,12.7022,14.5224,15.4714,15.4863,7.5310,13.6956,12.8520,13.1096,18.8612,15.0185,14.4516,12.8354,12.5973,12.7021,11.7063,12.5126,15.1342,15.6832,9.8154,10.5549,12.7495,13.5507,12.2138,10.0453,8.8954,13.9483,12.7331,13.2596,11.9281,16.1347,21.6787,19.8344,13.0255,9.6075,12.5488,11.4523,16.9799,14.4256,17.9126,10.1067,17.6171,21.1591,21.5239,19.7413,9.4969,11.9825,13.3700,11.9591,12.3736,10.3372,10.6952,17.8249,12.2927,12.4787,17.4300,19.2109,14.3497,17.1883,11.9369,21.1318,11.5374,10.4146,12.6030,9.6955,12.2478,9.6862,11.3121,15.1831,15.1568,15.4915,7.0364,13.8732,12.1154,15.1045,19.5206,21.2753,19.5836,21.8765,15.7848,9.4222,12.0632,12.7443,14.0402,15.4033,20.1997,17.8622,17.0102,18.7681,13.4814,14.0616,13.8648,15.9739,13.3916,12.2564,15.4280,9.9998,11.4380,16.6761,14.0964,12.6189,13.2570,11.8900,11.8357,12.7219,9.6388,11.3409,13.3339,11.4724,9.9577,9.9853,16.4561,13.5140,12.1050,13.7530,13.2753,10.4578,13.5644,10.4180,12.1544,10.8262,6.6211,7.5234,9.9840,11.2478,10.6429,10.0731,8.3036,8.1394,7.2085,12.6493,9.3451,6.6827,6.7070,8.9909,5.8997,8.7439,8.6493,8.5770,8.6953,8.7397,8.7882,8.8351,8.8856,8.9240,8.9259,8.9893,9.1059,9.1749,9.1438,9.3027,9.3910,9.4782,9.5668,9.6588,9.7444,9.7859,9.8942,10.0422,10.1502,10.1598,10.3542,10.4813,10.6037,10.7280,10.8551,10.9777,11.0572,11.2053,11.3718,11.5113,11.5537,11.7729,11.9270,12.0750,12.2238,12.3740,12.5178,12.6288,12.7996,12.9734,13.1295,13.2029,13.4202,13.5829,13.7291,13.8419
45129.1666667,16.4372,23.1567,21.3452,23.6913,33.1888,18.9977,24.7437,19.3394,23.3187,17.3050,20.2469,19.0894,12.9280,19.3226,22.2743,21.5712,24.4148,23.4480,16.1824,17.9495,25.5144,18.3290,15.0150,19.8627,19.7919,28.2798,19.6482,16.2377,22.1075,17.0286,20.3465,19.0413,18.9355,18.9126,19.6075,17.4359,19.4429,19.9628,14.6901,20.0707,20.2957,17.8461,15.6351,16.9044,26.9183,21.1474,16.6545,16.7407,12.3755,11.0553,13.3633,15.3471,16.2487,16.0769,7.8860,15.1114,14.0525,14.1099,19.4207,15.3045,14.6651,12.9410,13.1943,13.4541,12.0166,12.9852,15.6215,16.0909,9.9254,10.6115,12.9675,14.2389,12.8765,10.1777,8.6512,14.3931,13.1756,14.1527,12.8110,16.7651,21.5474,19.8574,12.9235,9.4273,12.7019,11.4736,17.1535,14.6121,18.0542,10.0504,17.8745,21.1978,21.5057,19.9209,9.5304,11.9848,13.3091,11.6968,12.2021,10.2005,10.5687,17.6468,11.8377,12.0142,16.9212,18.5958,13.7135,16.5596,11.3499,20.7982,10.8401,9.6526,11.7983,8.8966,11.3708,8.8218,10.3955,14.1630,14.3460,14.6681,6.3028,12.9002,11.1908,14.2096,19.2293,21.1259,19.1680,21.4727,14.9869,8.5912,11.2417,11.9845,13.4483,15.0490,20.1853,17.8276,16.9790,18.9868,13.0926,13.8236,13.7548,16.2844,13.3636,12.0983,15.6640,9.8037,11.4375,17.2248,14.7227,13.0171,13.9305,12.4694,12.5576,14.2600,10.0967,12.0838,14.5947,12.3296,10.5173,10.6509,17.7694,14.8269,13.0604,14.8081,14.0903,11.2323,14.6121,11.3518,13.5356,11.9813,7.1980,8.1868,11.0128,12.4445,11.7939,10.8267,8.9449,8.7299,7.7265,13.2221,9.8191,7.0853,7.0975,9.3927,6.2400,9.0842,8.9645,8.8914,8.9556,8.9680,8.9845,9.0007,9.0203,9.0321,9.0185,9.0494,9.1190,9.1554,9.1207,9.2224,9.2744,9.3263,9.3798,9.4366,9.4894,9.5113,9.5815,9.6809,9.7526,9.7547,9.8895,9.9773,10.0626,10.1502,10.2407,10.3290,10.3873,10.4955,10.6178,10.7221,10.7578,10.9207,11.0384,11.1528,11.2689,11.3871,11.5018,11.5941,11.7302,11.8695,11.9973,12.0672,12.2406,12.3759,12.4993,12.5949
45129.2083333,15.3996,22.6297,20.5219,23.1189,33.2465,18.1299,24.2618,19.2216,23.2200,16.7095,19.9255,18.6316,12.3750,18.8855,22.0792,21.3489,24.4522,23.4434,15.6383,17.5786,25.8080,18.1321,14.4993,19.7657,19.6746,28.7844,19.6855,15.9749,22.6510,16.9990,21.4368,20.3610,20.7493,20.2376,21.0889,18.6248,20.7485,21.4128,15.6540,21.2138,21.5434,18.7409,16.6541,17.8905,28.0887,22.8646,17.7937,17.7110,13.1211,11.6463,14.0255,16.2104,17.1204,16.8163,8.3569,16.6085,15.3528,15.2443,20.2165,15.8432,15.1328,13.3031,13.9472,14.3312,12.4947,13.5902,16.2343,16.6044,10.0722,10.6800,13.1538,14.8187,13.3980,10.1742,8.3861,14.6381,13.3938,14.7741,13.4151,17.1816,21.3154,19.7567,12.7256,9.1803,12.6826,11.3371,17.1224,14.5797,17.9766,9.8231,17.8888,21.0362,21.3029,19.8905,9.3875,11.8209,13.1071,11.3666,11.9475,9.9909,10.3759,17.4039,11.6061,11.7589,16.5899,18.1570,13.2759,16.0731,10.9232,20.5284,10.3546,9.1478,11.2352,8.3923,10.7690,8.2794,9.7772,13.4026,13.7246,14.0132,5.8389,12.0931,10.4215,13.3811,18.8070,20.7823,18.5836,20.8763,14.1209,7.8262,10.3950,11.1481,12.6922,14.4440,19.8277,17.4505,16.5999,18.8009,12.4715,13.2963,13.3185,16.1670,13.0031,11.6618,15.5106,9.3816,11.1323,17.3483,14.9106,13.0348,14.1702,12.6350,12.8506,15.2723,10.2267,12.4599,15.4460,12.8393,10.8101,11.0324,18.7932,15.8237,13.7577,15.6298,14.7208,11.8042,15.4676,12.0736,14.6913,12.9317,7.6115,8.7120,11.9227,13.5645,12.8925,11.5909,9.5987,9.3532,8.2840,13.9179,10.4020,7.5707,7.5785,9.9262,6.6742,9.5702,9.4293,9.3524,9.3739,9.3588,9.3469,9.3353,9.3265,9.3127,9.2812,9.2823,9.3124,9.3196,9.2767,9.3323,9.3537,9.3759,9.4002,9.4277,9.4530,9.4569,9.4963,9.5575,9.5998,9.5927,9.6815,9.7375,9.7926,9.8499,9.9101,9.9692,10.0073,10.0819,10.1676,10.2411,10.2660,10.3829,10.4683,10.5522,10.6381,10.7263,10.8127,10.8838,10.9870,11.0936,11.1929,11.2513,11.3847,11.4917,11.5903,11.6674
45129.2500000,14.6331,22.1311,19.7395,22.4697,33.0603,17.2235,23.5722,18.8627,22.8563,15.9845,19.3955,18.0215,11.7822,18.2960,21.7126,21.0053,24.3481,23.3252,15.1419,17.2055,25.9597,17.8927,14.0518,19.6078,19.5036,29.1398,19.6440,15.7246,23.0473,16.9129,22.2684,21.3635,22.1712,21.1738,22.1520,19.3915,21.6247,22.4211,16.1946,21.9365,22.3727,19.2525,17.2714,18.5092,28.9667,24.2792,18.6709,18.4360,13.6472,12.0449,14.5129,16.9098,17.8642,17.4659,8.7212,18.0159,16.6142,16.3852,21.1155,16.5122,15.7607,13.8528,14.8585,15.3790,13.1949,14.4138,17.0796,17.3284,10.3617,10.8650,13.4131,15.4048,13.9134,10.2232,8.2461,14.8644,13.5809,15.3068,13.9193,17.5253,21.0893,19.6358,12.5355,8.9684,12.6376,11.2129,17.0788,14.5380,17.8960,9.6437,17.8796,20.8676,21.0919,19.8250,9.2500,11.6528,12.8951,11.0584,11.6818,9.7661,10.1602,17.1263,11.3977,11.5497,16.3223,17.8169,12.9782,15.7188,10.6736,20.3738,10.0725,8.8577,10.8704,8.0950,10.3680,7.9479,9.3699,12.8440,13.2647,13.5296,5.6047,11.5302,9.9083,12.7752,18.4609,20.4696,18.0535,20.2997,13.3753,7.2643,9.7048,10.4314,11.9854,13.8068,19.3302,16.9331,16.0730,18.4034,11.7903,12.6630,12.7451,15.8024,12.4750,11.0925,15.1061,8.8572,10.6567,17.1532,14.7689,12.7761,14.0852,12.5086,12.8266,15.8431,10.1056,12.5159,15.8972,13.0076,10.8179,11.1233,19.4707,16.4715,14.1563,16.1593,15.0974,12.1241,16.0805,12.5690,15.6215,13.6922,7.9021,9.1134,12.6924,14.5567,13.8724,12.2797,10.1765,9.9153,8.7870,14.6201,10.9714,8.0211,8.0354,10.4749,7.0908,10.0932,9.9433,9.8727,9.8722,9.8442,9.8182,9.7924,9.7687,9.7418,9.7025,9.6859,9.6883,9.6739,9.6246,9.6459,9.6417,9.6386,9.6376,9.6396,9.6410,9.6283,9.6412,9.6690,9.6835,9.6645,9.7147,9.7413,9.7682,9.7979,9.8308,9.8642,9.8842,9.9308,9.9848,10.0308,10.0436,10.1229,10.1794,10.2358,10.2946,10.3562,10.4177,10.4694,10.5445,10.6218,10.6945,10.7395,10.8386,10.9185,10.9927,11.0509
45129.2916667,13.2324,20.7758,18.1231,20.7423,31.4536,15.0724,21.3542,17.0129,21.0297,13.9497,17.3809,15.9875,9.9193,16.3745,19.9523,19.3338,22.8681,21.8280,13.4934,15.7621,24.8995,16.5467,12.7124,18.4642,18.3491,28.2522,18.3542,14.3943,22.2648,15.8541,22.0916,21.3794,22.6021,21.1308,22.1326,19.0823,21.3213,22.1378,15.5079,21.3791,21.6762,18.2137,16.2043,17.4319,28.1547,23.9729,17.9882,17.7493,12.9201,11.2768,13.8089,16.3122,17.2368,16.6926,7.7082,18.0170,16.6317,16.2949,20.7891,15.8659,14.9865,12.9901,14.3396,15.1641,12.8389,14.2779,17.1036,17.3484,10.3990,10.9021,13.4302,15.5303,13.8800,9.8471,7.7891,14.4747,13.0080,14.8980,13.3026,16.5640,19.5459,17.9488,10.6890,7.1218,10.7454,9.3413,15.2363,12.7035,16.0414,7.8533,16.0935,18.9536,19.1788,18.0771,7.6502,10.1094,11.3382,9.5076,10.0299,8.1680,8.5638,15.4030,9.9225,10.0576,14.7286,16.1166,11.3652,14.1632,9.4498,19.3628,9.1592,8.1096,10.0912,7.3844,9.5259,7.1741,8.4700,11.7445,12.1089,12.3116,4.7216,10.3799,8.7952,11.5882,17.3506,19.3640,16.7366,18.8448,11.8198,6.0129,8.3721,9.1114,10.6672,12.4972,18.0291,15.6159,14.7672,17.1583,10.3985,11.3062,11.4737,14.6727,11.2515,9.8806,13.9126,7.6771,9.5138,16.1315,13.7107,11.6266,13.0859,11.5968,12.0691,15.5847,9.3802,11.8923,15.4355,12.2476,9.9145,10.1936,18.9828,15.7883,13.2348,15.2987,14.1042,10.9949,15.2244,11.6417,15.1807,13.2695,7.2480,8.6300,12.5760,14.6718,13.9436,12.1250,9.8388,9.5688,8.3488,14.3788,10.5042,7.3816,7.3380,9.8259,6.3289,9.4075,9.2000,9.0638,9.0637,8.9959,8.9327,8.8715,8.8245,8.7751,8.7304,8.7328,8.7604,8.7224,8.6256,8.6607,8.6261,8.5872,8.5507,8.5224,8.5011,8.4553,8.4806,8.5266,8.5133,8.4414,8.5003,8.4908,8.4740,8.4611,8.4562,8.4599,8.4388,8.4889,8.5505,8.5652,8.5209,8.6058,8.6237,8.6341,8.6485,8.6708,8.6997,8.7119,8.7863,8.8632,8.9060,8.8940,9.0020,9.0460,9.0780,9.1004
45129.3333333,10.9223,18.4027,15.7569,18.2002,28.8629,12.4727,18.2108,13.8339,17.7432,10.6254,13.5844,12.0739,6.1938,12.2289,15.7718,15.2766,18.9130,17.9473,9.6787,12.2554,21.8007,13.3307,9.7667,15.5980,15.4119,25.6463,15.4650,11.5730,19.7777,13.0546,19.9540,19.3816,20.9807,19.2822,20.3086,17.2584,19.5103,20.1898,13.2140,19.3442,19.2475,15.6448,13.3216,14.6266,25.6277,21.6567,15.4256,15.3210,10.4952,8.9524,11.5670,13.8373,14.6248,13.9509,4.8905,15.5558,14.2198,13.9283,18.2301,13.2550,12.1970,10.1033,11.3932,12.5420,10.2959,11.8943,14.9373,15.4581,9.1655,10.2011,12.8235,14.9168,13.1072,8.6192,6.7979,13.3105,11.4161,13.3187,11.4483,14.3333,17.0117,15.2566,7.8543,4.2186,7.3848,6.1056,11.8169,9.2631,12.4860,4.6878,12.4574,15.0829,15.1124,13.9674,3.9264,6.1988,7.4530,5.9182,6.0335,4.3016,4.5980,11.2187,6.5992,6.6728,11.0928,12.3247,7.7095,10.6004,6.3764,16.4478,6.6072,5.9625,8.0445,5.5677,7.6152,5.4365,6.6113,9.7285,10.0257,10.0631,2.8764,8.2487,6.6045,9.3132,14.8557,16.9108,14.1661,16.1112,8.9640,3.5190,5.7025,6.3953,7.9086,9.7028,15.1730,12.9011,12.1995,14.6981,8.0291,8.8130,9.0282,12.3834,8.9737,7.6900,11.6234,5.6244,7.3739,14.0003,11.6129,9.4509,11.0129,9.6454,10.2878,14.1315,7.8091,10.5079,13.9932,10.4295,8.1047,8.0499,17.2583,13.6829,11.0159,13.0910,11.9803,8.6974,12.8888,9.2974,12.9912,11.1699,5.1645,6.6839,10.8359,13.2135,12.4411,10.6599,8.1263,7.9890,6.6815,12.9278,8.8346,5.6176,5.3880,7.8595,4.4852,7.6423,7.3179,6.8863,7.0404,6.8551,6.6799,6.5041,6.3539,6.1460,5.9333,5.9880,6.2228,6.1239,5.7691,5.9983,5.8932,5.7793,5.6703,5.5821,5.5191,5.2743,5.3669,5.6315,5.5721,5.2525,5.5098,5.4473,5.3662,5.2923,5.2366,5.2083,4.9946,5.1172,5.3649,5.3396,5.0616,5.3333,5.2976,5.2423,5.1939,5.1621,5.1472,4.9583,5.1320,5.2371,5.2574,5.0353,5.3433,5.3463,5.3256,5.3038
45129.3750000,5.7369,13.1181,11.0186,13.3111,23.6775,8.4142,13.0115,8.9424,13.5040,6.7832,9.0990,7.3272,1.6122,6.6454,9.2286,9.2476,12.7014,11.5729,3.6306,5.6604,15.3169,6.4676,3.5350,9.5310,9.9565,19.6259,9.8908,5.6501,14.7069,7.8042,15.2826,15.2160,17.0895,14.8641,15.8424,11.7299,15.0023,15.5954,8.7617,15.8499,14.6504,11.7933,8.4584,9.9358,20.8208,16.5398,9.8245,9.7517,5.3503,4.0945,7.4815,9.4518,10.1740,9.5046,0.5773,10.5367,9.0019,9.4506,12.9421,8.6345,7.3468,5.1612,5.5837,7.1234,5.5363,7.0100,10.6236,10.7175,5.1377,7.7770,11.0877,12.9138,11.3725,6.2482,5.3453,11.5525,8.9755,10.0849,7.7146,10.1698,13.6556,11.6108,4.0440,0.3728,1.8867,1.0839,6.5568,4.1165,7.1454,0.0852,7.2230,9.2377,8.7507,7.5848,-1.8436,0.1232,1.2084,0.7949,-0.0672,-1.6972,-2.1211,3.7739,0.6689,0.7778,4.9351,6.1023,1.2467,4.3905,0.7474,11.1043,1.8244,1.8472,4.1493,2.0738,3.9557,2.8043,3.4232,6.1085,6.3948,6.2916,-0.4572,4.8440,2.9162,5.9328,10.7324,12.9086,10.4963,12.3811,5.0950,0.0611,1.9381,2.3768,3.7177,5.3776,10.1002,8.1807,7.7772,10.5805,4.1782,4.7372,4.9860,8.4588,5.2152,4.3779,7.8907,2.5227,4.4050,10.4067,7.9293,5.5272,7.3130,6.4101,7.5084,11.5101,5.5023,9.0318,12.1583,7.8800,6.0645,5.2321,15.0730,10.5923,7.8352,9.4975,8.9265,5.4507,8.9641,5.8494,8.9016,7.1333,1.5024,3.1122,7.0980,10.0046,9.1691,7.8546,4.7049,5.0998,3.7362,10.3751,6.0753,2.8469,1.9194,4.2152,1.3117,4.9025,4.4403,3.1830,4.0292,3.7194,3.4209,3.1117,2.8423,2.5442,1.5218,1.6456,2.6475,2.4670,1.3121,2.2339,2.0124,1.7715,1.5368,1.3400,1.1917,0.1837,0.3887,1.3698,1.2573,0.1683,1.1547,1.0131,0.8340,0.6644,0.5264,0.4390,-0.4918,-0.1881,0.6624,0.6041,-0.4263,0.5797,0.4839,0.3488,0.2217,0.1200,0.0437,-0.8252,-0.0140,0.0624,0.0510,-0.9091,0.1095,0.0627,-0.0271,-0.1069
45129.4166667,-3.3758,3.6315,2.7468,4.9637,17.8505,2.5154,4.7103,0.2596,6.2654,0.6479,2.5605,0.8366,-4.2382,-0.0506,1.3896,1.4441,4.8343,3.7907,-3.2188,-2.1837,8.5141,-0.9992,-3.4096,2.1918,3.7685,11.8122,2.2223,-3.1451,6.8163,-0.1809,6.8772,8.1648,10.9353,9.1998,9.8470,5.1919,8.2473,7.5005,1.2686,10.1481,7.6301,5.2255,0.3321,2.2089,14.7436,9.3017,3.0285,2.2855,-0.7153,-1.9760,2.5703,3.7930,4.3059,3.8300,-4.2840,3.7148,1.5816,3.6600,6.2941,1.8438,0.5162,-1.5509,-2.8348,-0.9451,-1.1029,0.1367,5.0906,5.0658,-1.0803,2.7622,7.5458,8.8882,8.4766,2.8584,3.4903,9.7322,6.4099,8.3506,3.2434,5.4600,12.0023,8.8217,1.1106,-2.4104,-3.8385,-4.1418,0.5961,-2.0098,1.0509,-4.4909,1.3657,2.9060,1.4048,0.0994,-8.1668,-6.4590,-5.4081,-3.9447,-6.1460,-7.6575,-8.7344,-3.9588,-6.6675,-6.5424,-2.9414,-2.1468,-7.0339,-4.6417,-7.5586,3.2202,-5.1751,-4.2885,-1.1174,-3.3807,-2.6799,-1.9403,-1.9381,1.4087,1.4974,1.2878,-5.2317,-0.1167,-2.7919,0.5712,3.8247,6.3638,4.8248,7.4467,0.4745,-3.7681,-2.0897,-1.9134,-0.7188,0.7730,4.6910,1.4838,1.5431,5.4808,-0.3280,-0.7274,-0.4278,3.4604,0.6294,-0.1271,2.2134,-2.6546,-0.2575,6.5707,3.6752,0.0693,2.1909,0.8143,2.4878,6.7825,1.4486,6.5871,9.4781,3.9250,3.7636,2.0295,12.6304,7.6562,4.7930,4.6708,5.0946,1.7361,4.4127,2.3978,4.4288,2.6757,-2.3785,-0.9887,2.0692,5.7773,4.8827,4.4975,0.3251,1.7991,0.4493,7.6293,3.2030,0.0271,-1.3020,-0.7439,-2.7427,1.6194,1.0906,-1.5624,0.7438,0.4053,0.0785,-0.2712,-0.5760,-0.8993,-3.2872,-3.0330,-0.6738,-0.9000,-3.4841,-1.1973,-1.4920,-1.8217,-2.1526,-2.4416,-2.6788,-5.0467,-4.7023,-2.5452,-2.7238,-5.2070,-2.9242,-3.1410,-3.4136,-3.6785,-3.9096,-4.1000,-6.3864,-5.0574,-4.3853,-4.4750,-6.8154,-4.5263,-4.6504,-4.8325,-5.0057,-5.1448,-5.2557,-7.2016,-5.3242,-5.2383,-5.2543,-7.4211,-5.1988,-5.2594,-5.3828,-5.4916
45129.4583333,-12.3159,-6.8420,-5.0405,-4.7728,8.8031,-5.8234,-4.2915,-10.4940,-2.1715,-5.9381,-4.6583,-4.8668,-9.4377,-6.4707,-5.7090,-6.2102,-3.2473,-4.3074,-10.0417,-10.7384,1.1134,-9.4158,-10.1716,-7.2137,-3.3394,4.8149,-4.4501,-10.2450,-0.7230,-8.5114,-1.2291,-0.9254,3.1766,3.7052,4.7120,-0.2894,2.3425,-1.3606,-8.1252,3.2275,1.1209,-0.9212,-8.1847,-6.0550,9.8762,1.7955,-4.0020,-6.0523,-7.4162,-8.9559,-2.5730,-2.0674,-1.5428,-1.4037,-8.3977,-2.2389,-4.9482,-0.3182,2.8227,-2.2926,-4.0985,-6.3890,-10.6978,-9.0533,-7.5927,-7.1468,-1.6751,-1.7133,-7.8838,-3.1556,2.9030,2.9026,4.2664,-1.1984,0.9799,8.0988,4.0788,7.4186,-1.0387,1.5800,12.2110,7.9308,0.0958,-3.2985,-8.5442,-8.2450,-4.3614,-8.3274,-2.4193,-7.4805,-2.6642,-1.3759,-3.0022,-5.5042,-12.5328,-11.4892,-10.7339,-7.0643,-10.9669,-12.3907,-13.6731,-10.5060,-13.2965,-13.0939,-10.1626,-9.6739,-13.9265,-13.5934,-16.7153,-6.3354,-13.6819,-12.4644,-7.6798,-9.0919,-10.3662,-7.0473,-8.1794,-3.5088,-3.5773,-4.0416,-9.8735,-5.5611,-7.9895,-5.3563,-4.7888,-0.6434,-2.2237,1.1038,-5.4030,-8.4944,-6.6743,-6.6038,-4.7051,-2.2324,2.0415,-3.6470,-5.1350,-0.5022,-4.7141,-5.5207,-7.2427,-2.2082,-4.5527,-5.0014,-2.6098,-7.9909,-5.8922,1.9052,-1.4892,-5.1054,-1.9146,-4.7659,-3.3757,1.2797,-2.7949,4.0572,6.0952,-0.1024,0.3141,-2.4354,9.2041,4.1457,1.4085,-1.1610,0.2816,-2.4272,-0.0684,-2.2403,-1.0688,-2.4151,-6.7057,-5.2806,-3.4972,1.3646,0.4746,1.2483,-4.0773,-1.5033,-2.7419,5.0993,0.6897,-2.2434,-3.3038,-5.7507,-5.5207,-1.5935,-2.1446,-6.2931,-2.4428,-2.7470,-3.0124,-3.3087,-3.6082,-4.1191,-7.8200,-8.1329,-5.1845,-5.2291,-9.3361,-5.0830,-5.1513,-5.2788,-5.4491,-5.6529,-6.0107,-9.5419,-8.9079,-6.9716,-7.0359,-11.1057,-6.9863,-7.0758,-7.2428,-7.4245,-7.6180,-7.9130,-11.1373,-9.2031,-8.5925,-8.5952,-12.4375,-8.4806,-8.5298,-8.6684,-8.8300,-9.0092,-9.2969,-12.1397,-9.9827,-9.8840,-9.8877,-13.4841,-9.7729,-9.7855,-9.8751,-9.9603
45129.5000000,-21.7019,-18.0824,-11.6250,-9.4796,4.6354,-7.9218,-7.1465,-16.4925,-6.7915,-8.7770,-11.8634,-9.7170,-13.1472,-10.7441,-9.8488,-10.2490,-7.5323,-8.5662,-12.9500,-16.2715,-3.9670,-15.2682,-13.1291,-13.8634,-7.8161,0.9867,-7.3125,-14.6490,-4.8925,-13.9365,-7.4142,-9.1133,-4.8338,-4.0842,0.1459,-3.3620,0.4038,-2.6620,-11.6425,0.7035,-1.1510,-2.9541,-13.2798,-11.9834,6.9085,-3.3102,-8.3248,-11.3810,-12.3189,-14.2264,-6.3036,-6.0088,-5.0614,-4.0613,-11.3226,-8.3550,-10.3499,-4.3192,2.0906,-2.3007,-3.6686,-5.6842,-13.3896,-12.8756,-11.4957,-11.2648,-4.3236,-4.6123,-14.2583,-8.4632,-0.9908,-2.7380,-1.4884,-5.2513,-2.5889,6.8023,3.2689,8.5210,-2.3972,0.5363,16.0335,11.5722,3.9595,0.5563,-8.2167,-7.9615,-1.8706,-8.1690,-0.7597,-5.2610,-1.2370,0.0851,-1.4862,-5.1819,-11.1857,-10.9503,-10.4432,-4.7513,-9.8592,-11.1937,-12.7791,-11.1781,-14.8345,-14.5735,-12.2940,-12.0141,-15.5254,-16.2965,-20.9394,-13.3218,-20.2812,-18.3167,-12.8588,-13.1648,-16.4786,-11.7306,-15.2900,-9.1144,-8.6078,-8.5061,-12.6030,-9.3245,-11.1245,-9.0089,-9.0977,-5.8175,-7.2216,-3.1296,-8.9233,-11.2364,-10.2026,-11.6991,-11.2405,-9.2503,-4.1174,-7.0154,-7.3244,-3.8498,-6.9049,-8.0442,-9.6668,-5.3179,-7.3329,-7.7001,-5.5700,-9.9764,-8.8094,-0.9170,-6.9714,-9.6601,-7.6052,-8.7346,-8.1610,-5.2955,-7.2489,1.0430,3.2559,-0.7199,-0.9070,-4.3126,7.9290,3.1304,0.7312,-2.7167,-0.8840,-1.8050,-0.3503,-3.3626,-4.1016,-5.7607,-8.8588,-8.4017,-8.7059,-3.3084,-3.6839,-1.4338,-7.4397,-3.4681,-4.2162,4.2178,0.3138,-2.1181,-2.9217,-4.4701,-4.0174,-1.7557,-2.3747,-8.1164,-2.9227,-3.1169,-3.3277,-3.6065,-3.8862,-4.3642,-7.2180,-7.4554,-5.2592,-5.4778,-11.2159,-5.9432,-6.0403,-6.2091,-6.4100,-6.6155,-6.9439,-9.6619,-9.1837,-7.6758,-7.8386,-13.3466,-8.1929,-8.2082,-8.3239,-8.4547,-8.5899,-8.8172,-11.2759,-9.8486,-9.3154,-9.4247,-14.6236,-9.7305,-9.7258,-9.8269,-9.9442,-10.0647,-10.2831,-12.4188,-10.8146,-10.6723,-10.7582,-15.5792,-11.0179,-10.9851,-11.0532,-11.1143
45129.5416667,-25.4513,-24.2553,-17.1258,-14.8443,-1.4588,-11.0905,-10.4389,-18.8249,-8.7467,-8.8008,-11.5247,-9.4468,-11.6555,-11.0572,-10.5744,-10.7332,-8.1497,-8.7343,-11.4391,-14.8044,-4.3633,-14.8732,-11.6125,-14.3152,-8.3830,0.1238,-7.0771,-13.5123,-4.9853,-13.4990,-7.6877,-10.1654,-6.6429,-4.9463,-1.3912,-4.4861,-0.5213,-2.6318,-11.0309,0.7362,-0.2633,-0.9730,-11.1742,-9.8782,8.2689,-2.5549,-6.7759,-9.4593,-10.9940,-12.4209,-5.7239,-6.1985,-5.3326,-3.9966,-9.7741,-10.2007,-11.8611,-6.0375,1.9081,-1.5785,-2.2852,-3.5647,-11.8246,-11.6975,-10.0310,-10.2556,-4.0300,-4.7169,-15.7450,-10.8290,-3.7434,-6.1263,-5.7295,-8.4488,-5.1043,3.9742,1.5886,7.5139,-2.3432,1.0904,18.4950,14.6103,7.5850,4.2883,-4.1952,-3.2542,2.8890,-3.4084,4.1205,0.4312,4.5738,6.4503,5.5978,1.9358,-2.9685,-2.8121,-2.3374,3.6547,-1.5572,-2.7752,-4.4214,-3.8945,-9.3667,-9.4039,-8.0052,-7.9539,-10.6754,-13.0488,-17.5576,-13.4931,-18.9384,-17.4724,-13.4015,-12.4230,-15.6266,-11.2788,-15.7039,-10.5850,-10.6640,-10.1186,-11.8858,-10.7563,-12.1349,-10.5202,-10.5884,-7.0128,-7.6235,-3.2869,-7.8936,-8.8151,-8.7163,-10.0185,-11.1704,-10.5304,-5.5653,-8.6129,-8.7652,-5.3424,-7.1444,-8.1161,-9.2461,-5.2938,-6.4642,-6.2372,-4.5275,-7.5834,-7.1569,-0.4428,-6.8637,-8.9101,-8.0069,-9.6287,-9.4181,-8.5367,-8.5628,-1.2030,0.6865,-1.9166,-2.1198,-5.1180,6.5703,2.3377,0.7072,-1.2295,1.1337,-0.2463,1.1811,-1.7649,-2.9559,-4.2943,-6.0909,-6.5721,-7.7442,-3.7457,-4.3554,-1.8234,-7.2255,-3.8855,-4.3455,3.4901,0.2237,-1.6270,-2.1225,-2.8583,-2.1746,-0.3446,-0.6571,-5.5957,-0.8856,-0.7300,-0.5969,-0.5584,-0.5367,-0.7592,-2.8484,-2.8387,-0.9487,-1.1224,-6.2881,-1.8153,-1.8500,-1.9707,-2.1277,-2.2855,-2.5805,-4.7731,-4.4123,-3.1710,-3.4135,-8.4650,-4.1787,-4.2062,-4.3443,-4.4880,-4.6218,-4.8466,-6.8442,-5.7951,-5.2810,-5.4526,-10.2025,-6.1029,-6.0785,-6.1680,-6.2633,-6.3491,-6.5376,-8.2195,-7.0063,-6.7980,-6.9198,-10.9288,-7.4680,-7.4268,-7.5032,-7.5677
45129.5833333,-29.8332,-30.0407,-23.1108,-21.3871,-9.8996,-16.7229,-17.0057,-24.4804,-14.5316,-12.9396,-15.5528,-13.2299,-13.8537,-14.0006,-13.5479,-13.0681,-10.3572,-10.3468,-11.5085,-14.4532,-5.6637,-14.9857,-10.6985,-14.6259,-8.7909,-1.0450,-8.3772,-13.1158,-5.4170,-12.9669,-8.7392,-10.9457,-7.6748,-4.3091,-1.1582,-3.8603,-0.6438,-2.9261,-10.8946,-0.0063,-1.2620,-1.6604,-11.6308,-9.0880,7.5870,-3.2241,-6.4161,-8.2633,-9.6852,-10.5990,-4.8257,-5.6002,-4.8405,-3.4995,-8.2297,-11.0293,-12.1296,-7.1042,1.4131,-1.9378,-2.6562,-3.7499,-12.1706,-12.0934,-9.8727,-8.9682,-3.9629,-5.1334,-15.6726,-11.4631,-5.3597,-7.1641,-6.9240,-10.5649,-6.6452,0.3085,-2.0531,2.4994,-6.0768,-2.6888,15.2754,11.4459,4.6526,1.4600,-6.4879,-4.2030,1.7419,-3.4252,3.5295,0.1742,4.5726,6.9171,6.7754,3.5265,-0.7291,0.1611,0.9946,6.9576,2.0411,0.9963,-0.1615,0.7545,-5.9245,-5.8560,-4.7057,-4.6651,-6.8163,-9.5754,-13.2673,-11.4974,-15.4402,-13.9518,-11.6730,-9.4223,-12.5630,-8.8886,-13.9190,-9.9047,-11.4168,-9.9708,-10.1745,-10.6863,-12.0236,-11.2897,-13.3805,-9.4737,-9.4079,-5.0267,-8.5330,-8.2493,-9.0935,-9.3326,-10.7185,-10.4731,-5.6752,-8.6775,-9.6340,-6.0658,-6.9400,-8.0012,-9.0990,-5.6826,-6.3561,-6.0493,-4.9736,-7.1650,-6.8002,-0.9203,-7.3720,-8.6368,-7.5123,-9.0726,-8.9343,-9.5182,-8.0091,-1.7229,-0.7135,-2.5871,-3.1886,-6.2865,4.2852,0.1133,-1.0458,-2.1865,0.3069,-1.5622,-0.1418,-2.8990,-4.0452,-4.6581,-5.3024,-5.5271,-6.7160,-3.4951,-4.0857,-1.2696,-5.5783,-3.2047,-3.6453,3.3401,0.2426,-1.4727,-2.0383,-2.5012,-2.0123,-0.7355,-1.0839,-4.9046,-1.3396,-1.1906,-1.0438,-0.9805,-0.9086,-1.0700,-2.6835,-2.5121,-0.7885,-0.7628,-4.5763,-1.0193,-0.8503,-0.7821,-0.7628,-0.7521,-0.8982,-2.5950,-2.1975,-1.0124,-1.1142,-4.9483,-1.6424,-1.5921,-1.6865,-1.8060,-1.9284,-2.1583,-3.8433,-3.0839,-2.5891,-2.7495,-6.4723,-3.3939,-3.3855,-3.5135,-3.6545,-3.7878,-4.0324,-5.4649,-4.5965,-4.3829,-4.5082,-7.6882,-5.0530,-5.0067,-5.0914,-5.1660
45129.6250000,-29.4575,-32.7796,-27.2222,-26.6619,-17.9735,-22.5796,-24.9439,-32.2423,-22.4813,-19.4560,-22.8464,-21.0633,-20.6640,-21.2530,-21.4404,-20.7837,-18.1084,-17.4571,-17.0006,-19.4126,-11.5078,-20.3343,-14.1857,-17.7737,-13.2078,-6.3224,-14.5718,-16.9392,-9.1286,-14.2856,-11.4553,-12.9972,-9.8024,-5.8234,-1.7969,-3.9946,0.5739,-2.5391,-11.2293,-0.2149,-2.6550,-3.4976,-13.8019,-10.5796,4.2960,-8.0380,-10.4052,-10.8487,-12.5907,-11.3261,-6.7679,-8.4807,-8.0740,-6.6208,-11.2111,-14.8102,-14.6103,-9.9813,0.0764,-3.6987,-4.8001,-6.0764,-15.4224,-15.0928,-11.9455,-10.7887,-5.0876,-5.5072,-16.7118,-12.3233,-6.6089,-9.2667,-8.5019,-11.0958,-5.0901,-1.3557,-4.8116,-2.6341,-10.4662,-4.2695,11.5876,6.5510,-0.6674,-3.9367,-10.9234,-9.9477,-5.2713,-10.2460,-4.3250,-7.4543,-3.3428,-0.6389,-0.1525,-3.1162,-8.0434,-4.7040,-3.2820,3.4808,-1.7476,-2.7572,-3.5399,-2.0151,-7.6737,-7.6969,-5.7064,-5.8989,-7.9831,-10.4676,-13.9214,-12.6752,-14.6661,-13.2585,-11.8466,-9.1785,-9.9634,-6.4457,-11.3689,-8.7889,-12.3750,-11.0415,-9.2849,-9.9515,-11.3008,-11.1980,-14.4184,-13.1260,-13.4089,-9.2169,-12.1613,-11.7408,-11.3455,-12.2526,-13.1977,-12.7957,-7.3470,-11.0579,-12.0999,-9.4279,-9.6688,-10.7739,-11.5361,-8.7985,-8.3538,-6.4487,-5.5688,-7.7663,-8.2866,-1.4404,-9.0216,-9.5063,-8.4294,-9.5048,-9.4870,-10.9873,-8.4640,-1.9399,-2.0371,-3.3044,-4.2111,-8.1248,1.9654,-4.3534,-3.5022,-4.2155,-1.3703,-4.0141,-3.1249,-7.3664,-7.7910,-8.0130,-7.9518,-7.9663,-8.8000,-5.6114,-6.6375,-2.0186,-5.7346,-4.1096,-4.6324,2.2972,-0.9482,-2.7733,-3.4729,-3.6555,-3.4628,-2.8509,-3.4009,-6.5587,-3.9655,-3.9594,-3.9414,-4.0022,-4.0464,-4.3319,-5.7906,-5.7023,-4.2878,-4.2972,-7.3191,-4.5968,-4.4299,-4.3536,-4.3154,-4.2739,-4.3898,-5.7955,-5.4237,-4.2976,-4.2851,-7.2149,-4.5690,-4.3831,-4.3447,-4.3316,-4.3232,-4.4352,-5.7801,-5.1227,-4.5298,-4.5666,-7.4451,-5.0052,-4.9027,-4.9533,-5.0292,-5.1088,-5.3209,-6.5189,-5.8595,-5.6073,-5.7073,-8.2776,-6.2373,-6.1805,-6.2663,-6.3491
45129.6666667,-25.2355,-27.8393,-22.9246,-22.6228,-14.9489,-17.8379,-23.0114,-33.2147,-23.5886,-19.1503,-22.7856,-21.9644,-21.8122,-24.0111,-25.7439,-25.9969,-24.5076,-24.0772,-22.3282,-25.1535,-17.1395,-26.4724,-18.7647,-22.1120,-17.2665,-10.7563,-20.9649,-22.4450,-16.1860,-19.3407,-17.1215,-17.5717,-13.3718,-8.7693,-4.2269,-5.9170,1.6050,-1.0083,-11.0363,1.8324,-0.4328,-1.3198,-12.2568,-8.0926,5.2767,-9.8538,-12.1070,-11.3673,-14.5034,-13.9193,-8.6299,-10.4552,-9.8904,-8.0038,-13.0964,-19.4164,-18.7991,-14.3082,-1.0183,-4.4815,-5.3691,-6.5358,-17.9709,-18.0125,-15.3959,-14.8330,-9.9501,-6.7626,-18.3387,-13.0562,-6.2940,-11.7733,-10.9776,-11.8685,-3.3538,-0.8895,-4.6642,-5.2813,-11.5698,-1.5496,13.1525,7.6087,0.4136,-2.6181,-8.4364,-8.6358,-5.0738,-9.9033,-5.2274,-8.1627,-6.1858,-2.0319,-2.1840,-6.5466,-13.3426,-9.0587,-7.9141,-0.0180,-6.0536,-7.2418,-8.1314,-6.7024,-9.5835,-11.8164,-7.7126,-7.4728,-9.1451,-10.9907,-15.0007,-14.1392,-15.6333,-12.8416,-12.5002,-9.8047,-10.7051,-5.2156,-9.2457,-6.6541,-12.3169,-11.2076,-8.0732,-8.0830,-11.0838,-9.3992,-12.6865,-11.4088,-12.4562,-8.6341,-11.7159,-12.2774,-13.1474,-14.8430,-16.2251,-16.1229,-8.8125,-12.8014,-13.4771,-11.8431,-10.4074,-11.7130,-13.5445,-12.8607,-12.2084,-8.5355,-7.1756,-9.1031,-10.8848,-2.3452,-11.4755,-11.1675,-10.4974,-10.0970,-9.9845,-12.0405,-9.1401,-1.6628,-1.2518,-1.6331,-2.3192,-7.2843,2.5444,-6.0022,-2.9183,-2.8209,1.0098,-4.0326,-2.0262,-8.7664,-9.2554,-9.8849,-9.2280,-9.8884,-11.1555,-8.6668,-11.2850,-4.3612,-7.0725,-5.6254,-5.8811,1.5897,-1.4402,-3.0831,-3.6144,-3.2173,-3.0274,-2.8714,-3.4264,-5.9031,-3.9790,-4.0338,-4.0958,-4.2481,-4.3986,-4.7849,-6.1118,-6.1608,-5.1270,-5.2588,-7.7262,-5.7665,-5.7270,-5.7631,-5.8260,-5.8766,-6.0661,-7.2957,-7.0641,-6.1661,-6.1919,-8.5005,-6.4991,-6.3428,-6.3137,-6.2977,-6.2764,-6.3589,-7.4404,-6.9092,-6.3336,-6.3069,-8.4985,-6.5708,-6.4037,-6.3741,-6.3640,-6.3547,-6.4681,-7.3727,-6.8044,-6.4875,-6.4961,-8.4628,-6.8309,-6.7120,-6.7317,-6.7599
45129.7083333,-19.7546,-23.4326,-15.8548,-15.0508,-10.9654,-7.9039,-12.7724,-25.1262,-15.1959,-9.8206,-16.7507,-13.8756,-13.3988,-16.9293,-19.9058,-21.3056,-21.7411,-22.4442,-20.0569,-24.6650,-19.6717,-25.7298,-17.4208,-20.9903,-19.5850,-11.1325,-21.2608,-22.5713,-19.0463,-21.8286,-21.5451,-22.7104,-19.3970,-14.1068,-8.7777,-9.5937,0.6694,0.1643,-10.1125,4.2154,2.9808,2.6583,-6.0662,-2.3089,10.2275,-6.3531,-8.3107,-6.7761,-10.5368,-8.2434,-4.9277,-7.8048,-7.8104,-5.9006,-10.4309,-20.3241,-20.1791,-16.3753,-1.1465,-3.3520,-3.9118,-4.8475,-16.8854,-17.7862,-13.3002,-15.7577,-11.6093,-8.9074,-20.1625,-14.0457,-7.3315,-10.4262,-12.3755,-12.3570,-2.6747,-0.4375,-3.6671,-5.8643,-9.6438,2.7636,17.0129,11.7808,4.9368,2.1918,-2.0370,-2.5958,0.8287,-3.3553,0.7672,-1.9969,-3.5836,3.2386,3.0510,-1.9746,-9.5143,-5.1027,-4.2021,4.0030,-2.2840,-3.6359,-4.8361,-4.1304,-5.8447,-7.6099,-4.7657,-4.0077,-6.0236,-8.1224,-12.9083,-13.4415,-15.0399,-12.6464,-12.6154,-9.9008,-10.8605,-4.3831,-7.7920,-4.5308,-11.3048,-10.5700,-6.4288,-5.9047,-9.7197,-7.1836,-11.3858,-8.8857,-9.2636,-4.9271,-7.4299,-8.2157,-9.8863,-10.8523,-14.1396,-15.2807,-7.7875,-12.0202,-12.6498,-11.6703,-9.9817,-11.5852,-14.4020,-13.1539,-12.3809,-8.3370,-7.1457,-8.7797,-10.6285,-2.0143,-12.0683,-11.5856,-11.5136,-10.8175,-9.8815,-12.2160,-6.8401,-2.7865,-0.6877,-1.2355,0.2351,-3.5901,6.6741,-1.1319,1.8650,2.6597,6.5331,-1.6088,2.0714,-5.9016,-6.8133,-7.6602,-7.1941,-7.6318,-9.4236,-7.9260,-10.5266,-3.9563,-6.3455,-5.4563,-5.7179,1.5266,-1.1359,-2.4835,-2.8455,-2.0621,-1.7814,-1.6586,-1.9944,-3.7527,-2.0738,-1.9320,-1.8066,-1.7779,-1.7596,-1.9722,-2.9573,-2.8829,-1.9404,-1.9995,-3.9163,-2.3875,-2.3550,-2.4113,-2.5067,-2.6009,-2.8301,-3.9202,-3.7971,-3.1013,-3.2032,-5.1085,-3.6331,-3.5778,-3.6413,-3.7133,-3.7739,-3.9214,-4.8865,-4.5248,-4.0556,-4.0746,-5.8478,-4.3726,-4.2506,-4.2522,-4.2643,-4.2680,-4.3754,-5.1165,-4.6592,-4.3449,-4.3265,-5.8751,-4.5562,-4.4139,-4.4002,-4.3950
45129.7500000,-12.5718,-17.1104,-8.9856,-10.0092,-7.0450,-1.8516,-6.0704,-17.8099,-9.2324,-2.7935,-9.8327,-5.9568,-4.9267,-8.1241,-10.9170,-12.0951,-12.9388,-13.6371,-10.9145,-16.9687,-15.5329,-19.6449,-12.2978,-15.9575,-16.5792,-8.8817,-17.9089,-19.0102,-18.2287,-20.2650,-22.6273,-24.2266,-22.2896,-17.3921,-12.9986,-13.5824,-4.0623,-2.0852,-10.6473,4.3158,4.4676,5.0758,-1.5782,2.4441,15.3327,-0.1589,-1.5142,0.2016,-4.0169,-0.9195,1.7586,-0.7599,-0.7237,1.0796,-3.2403,-14.5264,-15.0919,-12.5402,0.9607,-0.5237,-0.9211,-1.6430,-13.2199,-14.4948,-9.6453,-12.6994,-8.2272,-6.8330,-18.2461,-13.4724,-7.8714,-9.7080,-12.3971,-11.3488,-1.9560,0.2162,-1.6544,-4.0067,-6.3927,6.3069,20.0354,15.4178,8.8802,6.1968,3.5164,3.0660,6.9399,3.5470,7.6693,4.8382,2.7716,10.5192,10.6653,5.8433,-1.6896,2.1962,3.6465,11.0523,5.4614,4.1028,2.6285,4.0689,0.9989,-0.5573,1.0322,2.9438,1.1353,-0.8925,-5.5332,-7.4943,-9.4396,-8.5325,-9.3442,-7.1085,-8.7125,-2.9013,-5.9648,-3.1368,-9.9727,-9.6668,-5.2889,-4.6121,-8.1036,-5.4501,-9.2940,-6.1727,-5.2365,-0.6875,-2.6550,-3.5037,-5.2673,-5.8631,-8.8054,-10.4155,-3.7298,-7.5534,-8.0366,-7.4326,-5.5745,-7.3935,-10.7463,-10.9811,-10.2045,-6.5128,-5.8647,-7.3265,-9.3341,-1.8429,-11.0384,-10.5149,-11.0071,-10.2752,-9.3249,-12.1997,-5.7825,-3.5713,-2.1515,-2.3664,-0.7567,-2.7779,7.2941,-0.1626,2.7413,5.1692,9.0194,0.8475,5.7157,-1.4699,-1.9875,-2.4065,-2.1579,-2.7110,-4.7380,-4.2734,-5.9964,0.0552,-1.9531,-1.3631,-1.6407,4.8766,2.4560,1.1877,0.8424,1.6889,1.7208,2.0263,1.7345,0.3245,1.6812,1.8256,1.9632,2.0184,2.0775,1.9310,1.1536,1.3179,2.2359,2.2896,0.8398,2.1681,2.3177,2.3808,2.4033,2.4231,2.3087,1.4515,1.6364,2.3313,2.3052,0.7973,2.0097,2.0917,2.0457,1.9798,1.9144,1.7571,0.8901,1.1424,1.5441,1.4862,-0.0151,1.1172,1.1779,1.1167,1.0443,0.9807,0.8198,0.1281,0.4443,0.6985,0.6740,-0.6495,0.3891,0.4918,0.4755,0.4623
45129.7916667,1.5715,-3.2382,3.4331,1.6887,3.7159,8.1285,4.3076,-6.9654,-0.6727,4.7301,-1.5624,1.5707,1.6991,-0.8351,-2.9118,-3.5177,-3.8803,-4.4755,-1.6548,-6.8967,-6.7946,-9.5859,-3.7881,-7.3129,-8.4001,-2.0835,-9.8196,-10.7428,-12.1669,-13.7597,-18.4257,-20.7825,-20.5673,-16.3099,-13.0584,-13.5461,-5.7925,-3.4714,-10.4680,3.4959,4.4022,5.7128,0.7318,4.9572,18.4303,5.4216,4.6977,6.5691,2.7136,5.4566,8.0832,6.5038,7.0952,8.9242,4.5300,-5.3280,-6.1519,-4.1672,7.7624,6.4836,6.0056,5.2904,-4.8420,-6.7370,-2.6200,-6.1369,-2.7824,-2.3878,-13.4918,-10.3942,-6.1251,-7.4558,-9.9493,-8.7102,-1.2148,0.5313,-0.8540,-2.2771,-3.4373,8.4761,21.9930,18.4614,12.6693,10.1104,8.9624,9.0580,13.6695,10.9602,15.1895,11.6469,11.1595,18.6100,19.0349,14.3462,7.0377,10.0421,11.7003,17.4949,13.3144,11.8891,10.5643,12.8876,9.1795,7.9531,9.4409,11.4282,9.4930,7.7045,3.2864,1.1975,-0.9408,-1.0238,-2.1374,-0.5027,-2.2594,1.7919,-0.5742,1.5932,-4.3020,-4.4615,-1.0243,-1.4035,-4.3153,-2.4884,-6.1559,-3.5524,-2.0125,2.4613,1.2008,0.4652,-0.7921,-1.3397,-3.6685,-5.0605,0.6073,-2.1547,-2.1783,-1.4743,0.3045,-1.2238,-4.2271,-5.0917,-4.4688,-1.6733,-1.5213,-2.6761,-4.8300,0.2477,-6.9831,-6.4894,-7.6405,-7.5959,-7.1876,-10.5448,-4.4522,-3.0084,-2.0791,-1.9938,-0.2384,-1.5468,7.3233,1.0632,3.6382,6.3697,9.7223,2.8941,7.4918,1.5570,1.2793,1.3269,1.4196,1.5722,0.3466,0.8151,-0.4276,4.8840,3.3474,3.9299,3.7403,9.8101,7.5860,6.2152,6.0255,7.1813,6.6030,7.6269,7.4734,6.4394,7.5527,7.7270,7.8878,7.9697,8.0471,7.9379,7.3149,7.4649,8.2345,8.2992,7.1783,8.2284,8.3803,8.4610,8.5096,8.5584,8.4920,7.8214,8.0058,8.6313,8.6658,7.5321,8.5305,8.6685,8.6978,8.7094,8.7196,8.6454,7.9853,8.2240,8.6173,8.6167,7.4644,8.3730,8.4565,8.4279,8.3819,8.3353,8.1948,7.6171,7.8411,8.0426,7.9997,6.9126,7.6923,7.7506,7.7077,7.6768
45129.8333333,10.3708,6.6964,11.7582,10.2602,12.1867,14.3535,11.9912,2.4841,7.8056,11.5368,6.8050,9.1691,8.5608,6.7599,4.7721,3.8640,3.1954,2.4290,4.4602,0.4588,0.0308,-2.0624,2.4211,-0.4983,-1.4466,3.5093,-2.8733,-3.2214,-5.2986,-6.0738,-11.5346,-14.2828,-15.4822,-12.1477,-10.2553,-10.8266,-5.0261,-3.5005,-8.9554,2.5349,3.2214,4.2023,0.1305,3.8152,17.0513,6.8154,6.6297,8.6871,5.8380,7.8158,10.4671,9.9986,10.9860,12.6397,7.7849,1.3903,0.9546,2.6347,12.9298,11.4330,11.0205,10.2501,2.1960,0.5031,3.8294,0.8483,3.4163,3.2285,-7.1098,-5.8554,-3.3842,-5.1891,-7.4370,-5.8612,-0.2552,0.9419,-0.2706,-1.6395,-2.6770,7.5117,19.2858,16.2412,10.4232,7.8442,8.0052,8.1406,13.2866,11.1297,15.6077,11.3781,13.2923,20.4953,21.4876,18.0550,10.7029,14.0189,15.9015,19.7029,17.0078,15.4902,14.8722,18.4783,14.5539,13.6953,15.6971,17.5109,15.1628,14.1142,10.1008,9.2069,6.7509,6.3629,5.3676,6.0900,4.7189,7.0914,5.3451,6.8914,1.9883,1.5199,3.4931,3.2813,0.8101,1.7591,-1.8318,-0.1130,0.9538,4.5323,3.1950,2.3351,1.6292,1.3031,-0.3632,-1.4985,2.9606,0.8101,0.9915,1.8145,3.2181,2.3957,0.3835,-0.2775,0.3667,2.4213,2.5680,1.6531,0.0828,3.6097,-2.2372,-1.9042,-3.1858,-3.3877,-3.5985,-7.2473,-2.0764,-1.4584,-1.1387,-1.1222,0.4077,-0.5986,6.5943,1.4036,3.3071,5.6553,8.1788,2.7474,6.9145,2.2622,2.6332,2.9721,2.8079,3.5554,3.2086,3.9025,3.0584,7.1505,5.7859,6.2896,6.0553,11.8242,9.4276,7.6859,7.6447,9.2223,7.7585,9.6584,9.6521,9.0313,9.9891,10.2660,10.5339,10.7410,10.9404,10.9924,10.6553,10.8819,11.5601,11.7075,10.9721,11.8181,12.0020,12.1247,12.2157,12.2999,12.2903,11.8260,11.9892,12.4799,12.5300,11.7177,12.4669,12.5904,12.6329,12.6627,12.6921,12.6583,12.1899,12.3855,12.7042,12.7310,11.9103,12.6023,12.6957,12.7063,12.7044,12.7018,12.6274,12.2276,12.4163,12.5927,12.5840,11.8013,12.3867,12.4439,12.4213,12.4007
45129.8750000,15.8775,14.3168,18.1561,17.5072,20.4165,19.9936,19.2901,10.3838,14.9590,16.7895,13.5639,15.1058,13.2035,12.9625,11.6249,10.7204,10.3574,9.5177,10.1636,7.0349,6.9332,4.7294,7.5813,5.5342,4.6077,9.1060,3.3506,2.7531,0.7878,0.0685,-5.0764,-7.6563,-9.3178,-6.4053,-5.1787,-5.7596,-1.3094,-0.4583,-5.0754,4.3291,4.7364,5.2877,1.7421,4.6703,16.7405,7.4426,6.8568,8.8642,6.1535,7.4845,10.2177,10.6818,12.0863,13.7206,8.1578,5.0602,4.8905,6.5033,15.9711,14.3837,14.2152,13.4345,7.2787,5.9117,8.3664,6.0934,8.5015,8.3048,-1.0666,-0.6497,0.9859,-0.8896,-3.1124,-2.3025,1.8146,2.8405,1.6585,0.4553,-0.4275,8.5221,18.9467,16.3697,10.5667,7.9236,8.6888,8.4106,13.3613,11.1529,15.2665,10.2083,13.4486,20.0657,21.1281,18.2611,10.2795,13.6141,15.6516,18.0899,16.6256,15.0558,15.0602,20.1986,16.6354,16.2953,19.3200,21.3333,18.5754,18.4879,14.2830,15.3592,11.8226,11.2561,10.9850,10.8388,10.4198,11.4440,10.6209,12.4366,8.6744,8.1812,7.8005,8.7452,6.4150,7.0615,4.0473,5.0192,5.4297,8.2804,6.4637,4.8680,4.4373,3.9800,2.6312,1.6565,5.2943,3.3355,3.3894,4.1548,4.8166,4.2879,2.7986,2.5029,2.9602,4.4402,5.0520,3.8935,3.0843,6.2871,1.7130,1.9646,0.9629,0.6551,0.2864,-3.0408,1.0590,1.4850,1.7154,1.6843,2.8434,1.9968,8.0876,3.7145,4.9959,7.0157,8.8514,4.3362,7.8210,3.7178,3.9628,3.9419,3.0750,3.9715,4.3690,5.3833,4.9198,8.0727,6.8243,7.2954,6.9983,12.8525,10.3395,8.2909,8.3636,10.3562,8.2056,10.7635,10.8251,10.4465,11.2241,11.5113,11.7919,12.0257,12.2504,12.3561,12.1634,12.3945,12.9824,13.1869,12.7363,13.4541,13.7043,13.9135,14.0999,14.2784,14.3767,14.1218,14.3287,14.7918,14.9268,14.4113,15.0405,15.2200,15.3349,15.4337,15.5238,15.5535,15.2432,15.4182,15.6972,15.7570,15.1789,15.7128,15.8202,15.8660,15.9002,15.9305,15.8997,15.6181,15.7711,15.9283,15.9471,15.3846,15.8327,15.9069,15.9225,15.9346
45129.9166667,17.9034,18.3127,20.8643,20.8825,24.7888,21.5043,22.5703,14.8781,19.3939,19.4090,17.8719,18.9572,15.9946,17.6682,17.2587,16.4171,16.4897,15.5571,14.6103,12.6087,13.3017,10.5868,11.9634,11.1317,10.2109,14.5052,8.8214,7.8978,6.6056,5.5990,1.2063,-1.3108,-3.2307,-0.8841,-0.1292,-0.7045,2.8023,3.3583,-0.5059,7.2466,7.4487,7.5319,4.4420,6.7273,17.6360,9.1680,8.0425,9.6539,6.8384,7.4873,9.9396,10.7124,12.0077,13.2732,7.1511,6.6863,6.6292,8.0573,16.6177,14.7270,14.6822,13.8830,9.6331,8.8924,10.6988,9.3601,12.0017,12.0969,3.9753,4.0684,5.2470,3.5221,1.3992,1.7743,4.4903,5.6501,4.3903,3.2325,2.2934,9.9141,18.8182,16.4501,10.5556,7.8459,9.2250,8.7574,13.7217,11.5889,15.4914,9.8559,14.0794,20.0043,20.9410,18.4728,9.9750,13.1527,15.0350,16.2036,15.4010,13.6164,13.8313,19.7869,16.5139,16.3977,20.1432,22.2091,18.9742,19.9775,15.7923,19.2486,14.5238,13.9170,14.3728,13.2990,13.8054,13.5999,13.6187,15.8934,13.1274,12.7845,10.1201,12.9270,10.8479,11.8413,9.9618,10.6712,10.5270,12.7903,10.2986,7.7934,7.9116,7.5047,6.4999,5.6656,8.6059,6.5331,6.2389,6.7586,6.4662,6.0599,4.8666,4.7548,4.7694,5.6039,6.4902,4.8444,4.5976,7.6580,3.9233,3.9842,3.4168,3.3024,3.1738,0.6941,3.4965,3.9298,4.2660,3.9883,4.7105,4.1566,9.6964,5.8764,6.5489,8.3254,9.5375,5.6923,8.8974,5.3008,5.8250,5.5783,4.0820,4.9072,5.6611,6.6174,6.1364,8.2728,6.9280,7.2332,6.7742,12.5688,9.8240,7.4984,7.6177,9.8803,7.2341,10.2169,10.3277,10.1645,10.8368,11.1629,11.4872,11.7793,12.0645,12.2624,12.2421,12.5211,13.0521,13.3037,13.0792,13.6879,13.9580,14.1951,14.4131,14.6233,14.7744,14.6706,14.8970,15.3080,15.4849,15.1950,15.7269,15.9383,16.1048,16.2605,16.4107,16.5175,16.3794,16.5878,16.8697,16.9928,16.6550,17.1113,17.2596,17.3605,17.4497,17.5324,17.5675,17.4184,17.5769,17.7353,17.7913,17.4264,17.7825,17.8682,17.9079,17.9358
45129.9583333,18.2662,20.4855,21.9197,22.5695,27.5525,21.6174,24.0361,17.0519,21.3634,19.6537,19.4023,19.9248,15.8729,19.3344,19.9006,19.2643,20.1372,19.3726,16.9056,16.0836,18.1293,14.6812,14.7451,15.3202,14.4845,19.1533,13.1830,11.7158,11.4911,9.8436,6.6196,4.2554,2.3184,4.0630,4.4819,3.7094,6.4944,6.7922,3.2000,9.8277,9.9096,9.5356,6.8035,8.6244,18.6777,10.8927,9.2146,10.5092,7.5377,7.6861,9.9377,10.9209,12.0452,12.9279,6.4529,7.7185,7.4605,8.5617,16.1842,13.8590,13.7212,12.7329,9.8295,9.4690,10.5726,9.9588,12.8929,13.5386,7.0369,7.4105,8.6939,7.4573,5.4519,5.2023,6.7401,8.5168,7.1833,6.2221,5.2098,11.7728,19.3574,17.1182,11.0709,8.2245,9.9897,9.2159,14.0417,11.8144,15.3985,9.2507,14.1082,19.3758,20.1413,17.9403,9.0580,12.0467,13.7959,14.0973,13.7703,11.8930,12.2315,18.6822,15.3367,15.3751,19.6316,21.6633,17.9534,19.7108,15.2533,20.6489,14.6527,14.0160,15.1966,13.4253,14.7912,13.6992,14.4562,17.3248,15.4580,15.3039,10.5198,15.0151,13.0523,14.5855,14.1679,14.9822,14.4600,16.5035,13.2664,9.7336,10.5426,10.3472,9.8447,9.3841,12.1637,9.9920,9.4124,9.8066,8.4695,8.0976,7.0219,7.0895,6.5461,6.7686,7.8633,5.5775,5.6326,8.7004,5.5039,5.2731,4.9155,4.6328,4.5929,2.9849,4.5269,5.1617,5.8035,5.2776,5.6174,5.3088,10.7083,7.3771,7.5410,9.1906,9.9196,6.5397,9.5884,6.2960,7.1094,6.6472,4.5507,5.4568,6.6678,7.6836,7.1955,8.5079,7.0594,7.1994,6.5752,12.2324,9.2994,6.8065,6.8916,9.2083,6.3079,9.3435,9.3829,9.2609,9.7441,9.9854,10.2323,10.4633,10.6968,10.8751,10.9040,11.1552,11.5956,11.8431,11.7545,12.2698,12.5479,12.8067,13.0551,13.3002,13.5040,13.5247,13.7818,14.1712,14.3916,14.2742,14.7443,14.9830,15.1871,15.3812,15.5689,15.7233,15.6994,15.9222,16.1970,16.3571,16.1847,16.5813,16.7572,16.8989,17.0317,17.1594,17.2523,17.2119,17.3911,17.5699,17.6740,17.4741,17.7892,17.9086,17.9901,18.0498
45130.0000000,18.2631,21.9438,22.3741,23.5334,29.5436,21.2656,24.7831,18.3610,22.5541,19.3974,20.1680,20.2005,15.2890,20.0289,21.3218,20.6864,22.1380,21.3851,17.4681,17.5942,21.0975,16.8412,15.8442,17.8435,17.2036,22.6906,16.3038,14.3582,15.5639,13.1944,11.4313,9.2699,7.5129,8.6603,8.8965,7.8524,10.1579,10.3024,6.6667,12.5387,12.5355,11.6897,9.2129,10.6865,20.1330,12.9512,10.6961,11.6892,8.5127,8.2533,10.3544,11.5077,12.4885,13.0494,6.3595,9.0043,8.5354,9.3268,16.1045,13.3822,13.1077,11.9173,9.9703,9.7976,10.1993,9.9972,12.8999,13.7779,8.2872,9.0516,10.7074,10.1932,8.4220,7.7226,8.2867,11.0411,9.7349,9.1347,8.0806,13.8517,20.3370,18.2506,12.0436,9.0529,11.2365,10.2439,15.0717,12.7772,16.1308,9.5653,14.9161,19.5583,20.1052,18.0549,8.8680,11.5955,13.1411,12.7906,12.7263,10.7745,11.1126,17.7198,13.9526,14.0533,18.6008,20.5586,16.5012,18.7927,14.1218,20.9298,13.7845,13.0112,14.6654,12.3845,14.3057,12.5942,13.8192,17.1373,15.9921,16.0233,9.7111,15.4596,13.6145,15.7273,16.8091,17.9129,17.0969,19.1146,15.1201,10.6344,12.1174,12.2034,12.2546,12.2852,15.2981,13.1075,12.4024,12.9273,10.5732,10.3615,9.4488,9.8403,8.7417,8.4682,9.8378,6.8539,7.1340,10.3374,7.4631,6.8950,6.6489,6.0144,5.8613,4.8639,5.2104,6.0067,6.9182,6.1049,6.0868,5.9227,11.3500,8.3437,8.0877,9.6814,10.0368,7.0061,10.0227,6.9602,8.1220,7.4827,4.8542,5.8507,7.4739,8.5882,8.1005,8.7533,7.2296,7.2666,6.5444,12.0884,9.0412,6.4834,6.5528,8.8696,5.8774,8.8753,8.8709,8.7802,9.1241,9.2952,9.4708,9.6354,9.8025,9.9306,9.9519,10.1339,10.4535,10.6371,10.5815,10.9619,11.1760,11.3800,11.5805,11.7830,11.9605,12.0108,12.2352,12.5597,12.7679,12.7379,13.1335,13.3676,13.5807,13.7898,13.9971,14.1826,14.2416,14.4784,14.7537,14.9470,14.9013,15.2630,15.4662,15.6439,15.8140,15.9791,16.1178,16.1591,16.3562,16.5518,16.6926,16.6135,16.9020,17.0487,17.1637,17.2495
45130.0416667,17.8001,22.7034,22.3289,23.9450,30.9563,20.6699,25.0923,19.0612,23.1932,18.8546,20.4290,20.0560,14.5283,20.1153,22.0192,21.3692,23.3182,22.5178,17.3328,18.1180,22.9122,17.8016,15.9023,19.0448,18.5317,24.9012,17.9743,15.5573,18.2583,15.1716,15.0751,13.2455,11.9383,12.5864,12.8212,11.4907,13.5427,13.6487,9.7449,15.1363,15.1148,13.8084,11.5215,12.7608,21.8531,15.2200,12.3675,13.0259,9.6186,9.0267,11.0522,12.3748,13.2479,13.5378,6.6427,10.4907,9.8111,10.3298,16.3938,13.3294,12.9327,11.5790,10.3717,10.3352,10.1349,10.2155,12.9819,13.8306,8.5847,9.5084,11.4855,11.6582,10.0869,8.9688,8.7664,12.5988,11.3866,11.2762,10.2169,15.4232,21.0108,19.1003,12.7244,9.5730,12.1999,11.0532,16.0260,13.7008,16.9430,10.0047,15.8866,20.0520,20.4557,18.5771,9.1435,11.6995,13.0976,12.2742,12.3956,10.4153,10.7365,17.3682,12.8511,12.9665,17.6289,19.4670,15.1577,17.7103,12.8771,20.6340,12.5839,11.6822,13.6056,11.0242,13.2475,11.1641,12.6299,16.1964,15.5782,15.7169,8.4464,14.8379,13.0564,15.5846,17.9770,19.3977,18.3319,20.4267,15.7414,10.5176,12.5460,12.9127,13.4874,14.0341,17.5053,15.3335,14.5997,15.4226,12.1004,12.1394,11.4512,12.3283,10.7295,10.1052,11.9121,8.2233,8.8000,12.3710,9.7117,8.8221,8.7302,7.7531,7.4760,6.9954,6.2147,7.1603,8.3183,7.1853,6.7512,6.6336,12.1480,9.3114,8.6606,10.2006,10.2329,7.4230,10.4100,7.4590,8.9005,8.0680,4.9760,5.9555,7.9665,9.2314,8.7719,8.9072,7.3339,7.3105,6.5303,11.9893,8.8716,6.2958,6.3570,8.6518,5.6404,8.5697,8.5369,8.4705,8.7163,8.8389,8.9652,9.0843,9.2057,9.2996,9.3173,9.4506,9.6837,9.8200,9.7849,10.0633,10.2234,10.3770,10.5289,10.6829,10.8198,10.8660,11.0381,11.2835,11.4472,11.4411,11.7421,11.9297,12.1045,12.2789,12.4546,12.6173,12.6919,12.8969,13.1327,13.3130,13.3245,13.6310,13.8271,14.0076,14.1853,14.3616,14.5209,14.6119,14.8160,15.0203,15.1864,15.1948,15.4668,15.6365,15.7797,15.8878
45130.0833333,17.2353,23.0891,22.0539,24.0414,31.9629,19.9938,25.1096,19.6756,23.7295,18.4241,20.5897,19.8621,13.8953,19.9916,22.3610,21.6620,24.0155,23.1447,16.9163,18.1710,24.0928,18.1871,15.5807,19.6067,19.1743,26.3785,18.8590,15.9794,19.9844,16.1367,17.5813,16.0618,15.2972,15.5046,15.8767,14.2862,16.2954,16.5041,12.2158,17.4253,17.4580,15.7186,13.5821,14.6908,23.6762,17.5773,14.1201,14.4281,10.7642,9.8938,11.9144,13.4216,14.2298,14.2981,7.1501,12.1479,11.2710,11.5580,17.0427,13.6744,13.1745,11.6861,11.0727,11.1522,10.4362,10.7380,13.3696,14.0832,8.6344,9.5060,11.6723,12.3948,10.9256,9.3065,8.5268,13.2725,12.1314,12.5335,11.4755,16.2692,21.1154,19.3851,12.8556,9.5759,12.6069,11.3539,16.5425,14.2134,17.4285,10.1652,16.5966,20.4232,20.7583,19.0802,9.4238,11.9058,13.2265,12.0631,12.3436,10.3717,10.7023,17.3514,12.2839,12.3815,17.0489,18.7448,14.2606,16.8402,11.9038,20.2384,11.5129,10.4910,12.5229,9.7985,12.1305,9.8589,11.4019,15.0453,14.8014,14.9943,7.2638,13.8206,12.0854,14.8440,18.2601,19.9131,18.5767,20.7395,15.4544,9.7518,12.1131,12.6849,13.6711,14.6693,18.6620,16.5225,15.8118,17.0080,12.8207,13.1345,12.6877,14.1191,12.0794,11.2121,13.5491,9.1854,10.1072,14.2359,11.7335,10.5645,10.7260,9.5295,9.2549,9.3744,7.5094,8.6594,10.1218,8.6472,7.8840,7.7827,13.4987,10.7198,9.6789,11.1771,10.9150,8.2086,11.1720,8.2151,9.8470,8.7629,5.2196,6.1499,8.4077,9.7660,9.2922,8.9960,7.3722,7.2996,6.4774,11.8660,8.7078,6.1399,6.1984,8.4659,5.4725,8.3333,8.2881,8.2465,8.4290,8.5234,8.6205,8.7123,8.8057,8.8791,8.8973,8.9984,9.1715,9.2753,9.2558,9.4615,9.5829,9.7000,9.8162,9.9344,10.0406,10.0820,10.2141,10.3997,10.5274,10.5335,10.7606,10.9074,11.0457,11.1845,11.3249,11.4568,11.5260,11.6896,11.8765,12.0248,12.0528,12.2937,12.4571,12.6109,12.7642,12.9181,13.0615,13.1576,13.3366,13.5179,13.6737,13.7181,13.9533,14.1166,14.2599,14.3696
45130.1250000,16.3764,22.9728,21.4457,23.7576,32.5186,19.1890,24.8757,19.7347,23.8553,17.8461,20.5319,19.5942,13.3987,19.8216,22.5970,21.8671,24.5576,23.6018,16.5332,18.0965,24.9611,18.3451,15.2012,19.8809,19.5002,27.4693,19.3674,16.0822,21.1966,16.6154,19.4027,18.1241,17.8588,17.6018,18.1251,16.2403,18.2955,18.6607,13.9102,19.1711,19.3151,17.1818,15.1763,16.2469,25.3573,19.8193,15.7737,15.8565,11.9081,10.7964,12.8674,14.5740,15.3521,15.2380,7.7647,13.9110,12.8499,12.9439,17.9792,14.3298,13.7465,12.1431,12.0288,12.2221,11.0557,11.5509,14.0853,14.6372,8.7868,9.5051,11.7626,12.9069,11.4567,9.2813,8.0852,13.4922,12.3679,13.2298,12.1573,16.6359,20.8495,19.2781,12.6247,9.2653,12.6015,11.2642,16.6503,14.3197,17.5341,10.0081,16.9280,20.5037,20.8097,19.3327,9.4787,11.9393,13.2271,11.8223,12.2403,10.2974,10.6574,17.3475,12.0869,12.1762,16.8282,18.4049,13.8121,16.4301,11.4202,20.0775,10.8407,9.7028,11.7345,8.9627,11.2808,8.9350,10.4533,14.0518,14.0619,14.2669,6.4095,12.8269,11.1309,13.9688,18.1339,19.9310,18.3171,20.5106,14.7431,8.8092,11.2997,11.9792,13.2303,14.5593,19.0061,16.8724,16.1783,17.7234,12.8086,13.3565,13.1226,15.0820,12.6717,11.6406,14.5023,9.5559,10.8042,15.5633,13.1779,11.7738,12.2454,10.9331,10.7787,11.6110,8.7043,10.1298,11.9925,10.1788,9.0076,8.9876,15.1091,12.3600,10.9652,12.4865,11.9753,9.2982,12.3278,9.3036,11.1452,9.7994,5.7896,6.6671,9.1110,10.5190,9.9836,9.3059,7.6097,7.4755,6.5989,11.9184,8.7200,6.1537,6.1982,8.4265,5.4525,8.2381,8.1738,8.1402,8.2691,8.3364,8.4070,8.4750,8.5452,8.6019,8.6196,8.6975,8.8283,8.9101,8.9036,9.0592,9.1552,9.2484,9.3413,9.4358,9.5218,9.5611,9.6657,9.8092,9.9114,9.9261,10.0998,10.2164,10.3272,10.4387,10.5517,10.6588,10.7210,10.8513,10.9992,11.1199,11.1544,11.3424,11.4756,11.6025,11.7297,11.8580,11.9793,12.0671,12.2152,12.3660,12.4993,12.5531,12.7448,12.8856,13.0116,13.1088
45130.1666667,15.7439,22.8439,20.8967,23.4327,32.8903,18.4534,24.5108,19.7187,23.8044,17.2235,20.2496,19.1116,12.7753,19.3633,22.4723,21.7582,24.7975,23.8312,16.1472,17.9689,25.6518,18.4352,14.9056,20.0744,19.7329,28.3889,19.7417,16.1164,22.1538,16.9063,20.8466,19.7584,19.9456,19.2160,19.8751,17.6617,19.7828,20.2884,15.0171,20.4545,20.7074,18.1939,16.2837,17.3587,26.7365,21.7519,17.1358,17.0388,12.8353,11.5298,13.7149,15.6684,16.4761,16.2291,8.3710,15.6991,14.4729,14.4084,19.1110,15.1894,14.5388,12.8307,13.1524,13.4657,11.8955,12.5762,15.0696,15.4709,9.1584,9.7041,12.0049,13.4820,11.9988,9.2703,7.7777,13.6336,12.4831,13.7299,12.6242,16.8382,20.5005,19.0601,12.3175,8.9203,12.4576,11.0499,16.5787,14.2401,17.4481,9.7278,17.0265,20.3921,20.6740,19.3700,9.3542,11.7983,13.0638,11.4881,12.0110,10.1023,10.4899,17.2146,12.0845,12.1734,16.8162,18.3041,13.6504,16.2633,11.2527,20.1720,10.5731,9.3632,11.3545,8.5850,10.8411,8.4786,9.9300,13.4216,13.5976,13.7849,5.9656,12.1057,10.4380,13.2515,17.9361,19.8016,17.9167,20.1009,13.9709,7.9948,10.4717,11.1833,12.5739,14.1140,18.8993,16.7418,16.0376,17.8536,12.3642,13.0670,12.9834,15.3682,12.6549,11.5085,14.8007,9.4073,10.9032,16.2437,13.9441,12.3482,13.1276,11.7603,11.7826,13.3705,9.4994,11.2303,13.5504,11.4031,9.9378,10.0121,16.6823,13.9219,12.2019,13.8043,13.0840,10.3836,13.5849,10.4613,12.5973,11.0281,6.5335,7.4231,10.0958,11.5758,10.9714,9.9555,8.1683,7.9736,7.0322,12.3263,9.0692,6.4740,6.4981,8.7002,5.7124,8.4459,8.3525,8.3097,8.3852,8.4182,8.4551,8.4917,8.5313,8.5625,8.5668,8.6159,8.7047,8.7598,8.7525,8.8631,8.9323,9.0009,9.0703,9.1420,9.2084,9.2419,9.3231,9.4336,9.5151,9.5343,9.6683,9.7623,9.8526,9.9439,10.0367,10.1256,10.1823,10.2882,10.4074,10.5074,10.5455,10.6941,10.8040,10.9097,11.0160,11.1233,11.2258,11.3044,11.4267,11.5514,11.6641,11.7198,11.8748,11.9938,12.1016,12.1851
45130.2083333,15.0690,22.5272,20.2709,22.9843,33.0432,17.7369,24.0710,19.6381,23.7285,16.7310,20.0140,18.7311,12.3427,18.9471,22.2785,21.5369,24.8143,23.8054,15.6491,17.6467,26.0073,18.2954,14.5091,20.0541,19.7669,29.0603,19.9360,16.0640,22.8983,17.0875,22.0334,21.1055,21.7110,20.5219,21.3035,18.7550,20.9488,21.5749,15.7723,21.4116,21.7615,18.8875,17.0402,18.1315,27.8263,23.3370,18.1506,17.9045,13.4447,11.9735,14.2912,16.4951,17.3627,17.0170,8.7508,17.2708,15.9135,15.7310,20.2133,16.0337,15.3407,13.5451,14.2709,14.7223,12.7899,13.6638,16.1838,16.4583,9.7197,10.1246,12.4580,14.2098,12.6627,9.4229,7.7092,13.8775,12.6737,14.2316,13.0711,17.0492,20.2189,18.8778,12.0709,8.6559,12.3127,10.8461,16.4630,14.1096,17.2979,9.4454,17.0119,20.1863,20.4372,19.2738,9.1434,11.5595,12.7984,11.1009,11.6935,9.8190,10.2227,16.9563,12.0036,12.1125,16.7691,18.2065,13.5317,16.1343,11.1688,20.3371,10.4822,9.2513,11.2041,8.4585,10.6573,8.3049,9.6992,13.0823,13.3796,13.5502,5.8329,11.6994,10.0597,12.8045,17.8437,19.7249,17.5826,19.7218,13.3282,7.4231,9.8090,10.5046,11.9450,13.5990,18.6030,16.4031,15.6673,17.6703,11.7591,12.5442,12.5508,15.2350,12.2872,11.0590,14.6452,8.9575,10.5962,16.3827,14.1397,12.3894,13.4216,12.0184,12.2094,14.5018,9.7917,11.8017,14.5761,12.1230,10.4215,10.6095,17.9045,15.1133,13.1115,14.8402,13.9495,11.2002,14.6587,11.4275,13.9428,12.1976,7.2106,8.1738,11.1528,12.7647,12.1143,10.8010,8.9123,8.6749,7.6676,13.0240,9.6788,7.0113,7.0210,9.2397,6.1823,8.9244,8.8028,8.7464,8.7760,8.7759,8.7796,8.7839,8.7914,8.7936,8.7773,8.7942,8.8411,8.8650,8.8449,8.9109,8.9485,8.9869,9.0273,9.0704,9.1110,9.1289,9.1824,9.2583,9.3148,9.3273,9.4237,9.4925,9.5599,9.6291,9.7003,9.7697,9.8166,9.8997,9.9935,10.0743,10.1111,10.2281,10.3181,10.4058,10.4944,10.5844,10.6713,10.7413,10.8431,10.9472,11.0431,11.0982,11.2249,11.3261,11.4185,11.4904
45130.2500000,14.7870,22.4356,19.8782,22.6687,33.1680,17.1487,23.6124,19.4340,23.4872,16.1680,19.6186,18.2224,11.8551,18.4060,21.9164,21.1758,24.6536,23.6150,15.1291,17.2421,26.1173,18.0014,14.0401,19.8257,19.5672,29.3764,19.8362,15.7953,23.2897,17.0306,22.8685,22.1061,23.1326,21.5204,22.4252,19.5609,21.8279,22.5614,16.2627,22.0837,22.5085,19.2933,17.4893,18.5959,28.6042,24.5539,18.8163,18.4542,13.7585,12.1492,14.5840,17.0102,17.9368,17.5045,8.8629,18.4985,17.0225,16.7409,21.0657,16.6268,15.9004,14.0295,15.1444,15.7598,13.5082,14.5902,17.2014,17.4025,10.3440,10.6703,13.0488,15.0494,13.4280,9.7303,7.8347,14.2406,12.9670,14.7777,13.5453,17.2985,20.0075,18.7249,11.8651,8.4452,12.1734,10.6627,16.3226,13.9492,17.1018,9.1658,16.9007,19.8900,20.0983,19.0502,8.8635,11.2377,12.4369,10.6465,11.2748,9.4367,9.8466,16.5454,11.7264,11.8552,16.5141,17.9113,13.2395,15.8466,10.9645,20.3635,10.3433,9.1340,11.0595,8.3465,10.5041,8.1733,9.5307,12.8169,13.2096,13.3756,5.7820,11.4333,9.8344,12.5112,17.8138,19.7006,17.3329,19.4069,12.8322,7.0599,9.3358,9.9970,11.4355,13.1365,18.2577,16.0078,15.2262,17.3391,11.1386,11.9529,12.0099,14.8754,11.7602,10.4752,14.2201,8.3895,10.0823,16.1482,13.9428,12.0783,13.2908,11.8540,12.1644,15.0411,9.6574,11.8706,15.0300,12.3110,10.4325,10.7179,18.6008,15.7606,13.5236,15.3870,14.3566,11.5533,15.3015,11.9737,14.9130,13.0396,7.6012,8.6773,12.0180,13.8201,13.1547,11.5802,9.5880,9.3297,8.2621,13.7667,10.3012,7.5244,7.5322,9.8178,6.6407,9.4568,9.3143,9.2515,9.2486,9.2238,9.2019,9.1811,9.1634,9.1436,9.1125,9.1044,9.1152,9.1103,9.0767,9.1038,9.1103,9.1183,9.1289,9.1429,9.1569,9.1574,9.1831,9.2232,9.2504,9.2495,9.3079,9.3466,9.3856,9.4273,9.4721,9.5174,9.5495,9.6076,9.6721,9.7286,9.7567,9.8416,9.9071,9.9722,10.0393,10.1087,10.1777,10.2367,10.3183,10.4009,10.4786,10.5298,10.6313,10.7137,10.7899,10.8492
45130.2916667,13.7500,21.5106,18.7392,21.4750,32.2065,15.6331,22.0395,18.1004,22.1683,14.6638,18.1440,16.6892,10.4429,16.8462,20.4840,19.7939,23.4208,22.3394,13.7070,15.9718,25.2419,16.8264,12.8676,18.8071,18.5708,28.6790,18.7255,14.6285,22.6580,16.1011,22.7704,22.2047,23.6714,21.6710,22.6428,19.4874,21.7751,22.5442,15.8146,21.8244,22.1396,18.5783,16.7155,17.8284,28.1261,24.4168,18.2419,17.9022,13.0823,11.4241,13.9439,16.4784,17.3889,16.8295,7.8992,18.5327,17.0636,16.7041,20.8860,16.1087,15.2597,13.2853,14.7332,15.6308,13.2173,14.5600,17.3563,17.5972,10.5803,10.9743,13.3937,15.5360,13.7965,9.7287,7.7459,14.2249,12.7709,14.7153,13.2831,16.7008,18.9583,17.5263,10.5295,7.0990,10.7263,9.2277,14.8790,12.4783,15.5971,7.7048,15.4470,18.2726,18.4618,17.5186,7.4521,9.8348,11.0073,9.2317,9.7590,7.9621,8.3548,14.9259,10.4573,10.5710,15.1690,16.4799,11.8350,14.5307,9.8742,19.5503,9.5336,8.4688,10.4142,7.7457,9.8421,7.5473,8.8292,11.9977,12.3716,12.5075,5.0929,10.5986,9.0325,11.6802,17.1303,19.0250,16.4473,18.4040,11.6963,6.1328,8.3494,9.0180,10.4648,12.1849,17.3459,15.0545,14.2503,16.4164,10.0428,10.8652,10.9817,13.9714,10.7486,9.4498,13.2153,7.3574,9.0725,15.2779,13.0377,11.0857,12.4302,11.0279,11.4631,14.8080,8.9727,11.3195,14.6622,11.6769,9.6499,9.9131,18.2559,15.2555,12.8029,14.7469,13.6018,10.6713,14.6800,11.2684,14.6419,12.7719,7.0659,8.3404,12.0488,14.0682,13.3726,11.6023,9.4483,9.1825,8.0314,13.7276,10.0654,7.1286,7.0895,9.4282,6.1383,9.0271,8.8299,8.7057,8.6943,8.6275,8.5648,8.5038,8.4554,8.4067,8.3592,8.3559,8.3751,8.3394,8.2562,8.2833,8.2538,8.2211,8.1911,8.1689,8.1532,8.1173,8.1432,8.1871,8.1816,8.1283,8.1848,8.1854,8.1799,8.1783,8.1840,8.1974,8.1900,8.2444,8.3076,8.3326,8.3088,8.3933,8.4225,8.4452,8.4714,8.5044,8.5429,8.5673,8.6452,8.7234,8.7746,8.7785,8.8855,8.9379,8.9787,9.0083
45130.3333333,11.4861,19.2807,16.5724,19.2386,30.1281,13.4694,19.5464,15.6189,19.6995,12.1904,15.3621,13.8407,7.7448,13.6489,17.2927,16.7102,20.4523,19.4177,10.8230,13.2936,22.9545,14.3589,10.6119,16.6033,16.3440,26.8086,16.5542,12.4596,20.8481,13.9646,21.2489,20.8115,22.6653,20.4779,21.5436,18.3107,20.6525,21.3619,14.2423,20.5509,20.5836,16.8646,14.7310,15.9371,26.5680,22.9671,16.4602,16.2146,11.2975,9.7052,12.3111,14.6913,15.5100,14.8434,5.7671,16.8195,15.3729,15.0399,19.1452,14.2483,13.2557,11.1855,12.6194,13.7936,11.3845,12.9055,15.9178,16.3712,9.7528,10.6096,13.1983,15.4244,13.5780,9.0840,7.2668,13.7192,11.9308,13.9263,12.2473,15.3511,17.4279,15.8494,8.7195,5.2111,8.4598,7.0624,12.5813,10.1241,13.1528,5.5353,12.9355,15.5243,15.5470,14.5271,4.7385,6.9552,8.1209,6.5939,6.7656,5.0588,5.3511,11.7221,7.7225,7.8155,12.2691,13.4912,8.9528,11.7424,7.4481,17.3370,7.5185,6.7528,8.8044,6.3009,8.3435,6.1700,7.3719,10.4649,10.7944,10.8357,3.6624,9.0185,7.4001,10.0228,15.3900,17.3445,14.6549,16.5086,9.6584,4.3336,6.4330,7.0669,8.4879,10.1927,15.3530,13.1377,12.4279,14.7012,8.3410,9.0599,9.2012,12.3358,9.0841,7.8410,11.5426,5.8160,7.4573,13.7164,11.4742,9.4413,10.8686,9.5120,10.0657,13.6986,7.7093,10.2442,13.5869,10.2899,8.2280,8.2367,17.0229,13.7198,11.1619,13.1585,12.0678,8.9658,13.0110,9.5465,13.0890,11.2627,5.4742,6.8669,10.8029,13.0830,12.3624,10.6137,8.2468,8.0891,6.8636,12.8068,8.9517,5.9081,5.7311,8.0886,4.8552,7.8469,7.5623,7.2110,7.3211,7.1672,7.0205,6.8711,6.7424,6.5672,6.3845,6.4176,6.5925,6.5039,6.2105,6.3803,6.2903,6.1915,6.0963,6.0184,5.9583,5.7560,5.8239,6.0269,5.9758,5.7163,5.9172,5.8692,5.8039,5.7447,5.7010,5.6777,5.5091,5.6094,5.8068,5.7921,5.5735,5.7952,5.7770,5.7406,5.7099,5.6932,5.6884,5.5501,5.6938,5.7930,5.8205,5.6510,5.9074,5.9250,5.9199,5.9113
45130.3750000,6.3507,14.0126,11.7914,14.2880,24.8802,9.1112,14.2415,10.5714,15.2598,8.0941,10.7066,9.0248,3.1477,8.4077,11.3812,11.3075,14.9575,13.8066,5.4936,7.6433,17.4663,8.4533,5.3109,11.4828,11.6981,21.7423,11.6817,7.3343,16.4820,9.4056,17.3208,17.2705,19.3517,16.6879,17.6811,13.5691,16.7786,17.4874,10.4179,17.5399,16.6041,13.4211,10.3731,11.8106,22.5426,18.6850,11.7196,11.5658,6.9779,5.6253,8.8714,10.9185,11.6166,10.8815,1.8014,12.3957,10.8588,11.0893,14.5816,10.1350,8.8860,6.7006,7.4639,9.0853,7.2485,8.7644,12.2827,12.3713,6.3983,8.6984,11.8295,13.8185,12.1325,7.0731,6.0218,12.2232,9.7851,11.0888,8.9296,11.5652,14.3573,12.3808,4.9994,1.4026,3.2823,2.4020,7.8770,5.5430,8.4986,1.4548,8.3971,10.4149,9.9595,8.8882,-0.4205,1.5914,2.6333,2.0611,1.3212,-0.3120,-0.5951,5.2200,2.2844,2.3781,6.5969,7.7568,3.0173,6.1248,2.3997,12.6799,3.3288,3.2099,5.4893,3.2949,5.2121,3.8505,4.5306,7.2515,7.4736,7.3588,0.5214,5.9264,4.0694,7.0031,11.8096,13.9372,11.4687,13.2304,6.1642,1.1222,3.0402,3.5063,4.8249,6.4328,11.0567,9.1861,8.7719,11.3060,5.0634,5.6212,5.8282,9.1170,5.9437,5.0470,8.4408,3.1894,4.9458,10.6874,8.2931,6.0233,7.7040,6.7835,7.7596,11.5395,5.7509,8.9925,11.9446,7.9320,6.2060,5.4909,14.9115,10.7479,8.0945,9.7621,9.1288,5.7952,9.3305,6.2589,9.3638,7.6531,2.1693,3.7574,7.6394,10.3668,9.5374,8.1684,5.2101,5.4969,4.1697,10.4995,6.3684,3.2375,2.4532,4.7190,1.8455,5.2660,4.8312,3.7435,4.4578,4.1693,3.8944,3.6114,3.3693,3.1144,2.2559,2.3975,3.2635,3.1014,2.1124,2.9014,2.6949,2.4705,2.2526,2.0721,1.9402,1.0937,1.2993,2.1410,2.0337,1.0943,1.9389,1.7996,1.6250,1.4609,1.3286,1.2479,0.4644,0.7503,1.4770,1.4196,0.5324,1.3976,1.3023,1.1707,1.0483,0.9521,0.8832,0.1529,0.8518,0.9197,0.9141,0.0970,0.9850,0.9425,0.8589,0.7843
45130.4166667,-2.7034,4.4292,3.3024,5.5535,18.3835,2.4847,5.0969,1.1192,7.1379,1.0215,3.1505,1.4607,-3.7993,0.9658,2.7870,2.7922,6.4427,5.4373,-1.9567,-0.6032,10.3124,0.5900,-2.0049,3.9188,5.2976,13.7760,3.7773,-1.6173,8.5477,1.3784,9.0163,10.2227,13.1128,10.8653,11.4596,6.7282,9.7006,9.1133,2.5998,11.5105,9.1805,6.3897,1.7347,3.5510,15.9617,11.0447,4.5033,3.7828,0.6045,-0.7583,3.6826,5.0413,5.5355,4.9399,-3.4780,5.2920,3.1312,4.8850,7.4757,2.8065,1.4629,-0.6456,-1.5427,0.4576,0.0585,1.4109,6.3600,6.4533,0.3493,3.9872,8.5347,9.9347,9.2281,3.6140,3.9988,10.1797,6.8728,8.8123,3.8147,6.0384,11.7295,8.5202,0.8971,-2.5934,-3.6489,-4.0366,0.7467,-1.7823,1.2101,-4.3783,1.3971,2.9600,1.5341,0.3877,-7.8080,-5.9507,-4.8874,-3.6536,-5.7070,-7.2186,-8.1298,-3.2897,-5.6275,-5.5204,-1.8275,-1.0439,-5.8934,-3.3827,-6.3230,4.6345,-3.8763,-3.0362,0.1240,-2.3003,-1.4688,-1.0205,-0.9130,2.4544,2.4444,2.1878,-4.5395,0.7768,-1.8770,1.4461,4.7533,7.2104,5.5697,8.0081,1.1309,-3.2278,-1.4505,-1.2152,-0.0029,1.4572,5.3168,2.2290,2.3188,6.0489,0.3105,0.0169,0.3422,4.0893,1.2697,0.4643,2.7675,-2.0535,0.3003,6.8769,3.9776,0.4600,2.4947,1.1992,2.8325,6.9636,1.7316,6.5713,9.2415,3.8866,3.7046,2.0283,12.1586,7.3714,4.5297,4.4021,4.6911,1.3993,4.0966,2.0918,4.2550,2.6257,-2.2920,-0.7250,2.3807,5.9540,5.0653,4.5813,0.5569,1.9045,0.5534,7.4333,3.0888,-0.0585,-1.3193,-0.7417,-2.7862,1.4101,0.8675,-1.6491,0.4872,0.1328,-0.2071,-0.5667,-0.8781,-1.1922,-3.4292,-3.1759,-0.9677,-1.1899,-3.6163,-1.4709,-1.7595,-2.0812,-2.4027,-2.6805,-2.9027,-5.1039,-4.7495,-2.7196,-2.8853,-5.2086,-3.0577,-3.2660,-3.5300,-3.7866,-4.0094,-4.1892,-6.3218,-5.0369,-4.4379,-4.5219,-6.7139,-4.5594,-4.6831,-4.8646,-5.0370,-5.1750,-5.2826,-7.0960,-5.3340,-5.2578,-5.2738,-7.3053,-5.2147,-5.2785,-5.4049,-5.5175
45130.4583333,-11.3613,-5.9180,-4.6071,-4.4719,8.8095,-6.3547,-4.6962,-10.3773,-2.3115,-6.5879,-5.3280,-5.5888,-10.2629,-6.9463,-5.8761,-6.3960,-3.2041,-4.2159,-10.2498,-10.5668,1.4141,-9.2787,-10.1977,-6.8487,-3.1757,5.3539,-4.3086,-10.0957,-0.2344,-8.0594,-0.2236,0.1038,4.3608,4.3611,5.2903,0.2708,2.7880,-0.8024,-7.8210,3.4573,1.3899,-1.0783,-8.1396,-6.1423,9.5092,1.9808,-4.0472,-5.9584,-7.4474,-9.0393,-2.7944,-2.1333,-1.6065,-1.5951,-8.8096,-1.9851,-4.6857,-0.4932,2.5653,-2.7551,-4.5925,-6.9240,-10.8765,-9.1878,-8.0489,-7.4233,-1.8975,-1.5979,-7.0235,-2.2787,3.5970,3.6308,4.6017,-0.8227,1.0686,8.0293,3.9367,7.0743,-1.3551,1.0395,10.6679,6.2504,-1.4972,-4.8113,-9.8500,-9.7021,-5.9276,-9.8941,-4.3023,-9.2880,-4.8345,-3.6304,-5.2512,-7.6105,-14.3562,-13.2252,-12.4638,-8.9975,-12.7542,-14.1001,-15.2266,-12.0743,-13.6664,-13.4961,-10.5373,-10.0910,-14.3164,-13.7791,-16.8273,-6.1991,-13.5408,-12.2168,-7.4571,-8.9990,-10.0873,-7.0709,-8.0904,-3.3875,-3.5344,-4.0122,-9.9231,-5.4293,-7.8336,-5.2140,-4.5911,-0.6268,-2.3391,0.7481,-5.6971,-8.8604,-6.9681,-6.8378,-4.9378,-2.5259,1.6411,-3.8469,-5.3040,-0.9397,-5.0936,-5.7969,-7.4069,-2.4596,-4.7830,-5.2428,-2.8794,-8.1667,-6.0637,1.4719,-1.9747,-5.4697,-2.3535,-4.9721,-3.5488,0.9849,-3.0183,3.5242,5.3228,-0.6768,-0.2838,-3.0001,8.0540,3.1056,0.3462,-2.2777,-0.9957,-3.7162,-1.4994,-3.5927,-2.3659,-3.5700,-7.5944,-5.9923,-4.1595,0.5727,-0.2904,0.3882,-4.7753,-2.3207,-3.5337,3.9379,-0.3844,-3.2477,-4.2776,-6.6388,-6.4102,-2.8148,-3.4282,-7.4635,-3.8556,-4.1988,-4.5019,-4.8382,-5.1764,-5.7122,-9.2754,-9.6086,-6.8512,-6.9329,-10.8925,-6.8562,-6.9568,-7.1122,-7.3041,-7.5223,-7.8847,-11.2521,-10.6826,-8.8297,-8.8997,-12.8247,-8.8578,-8.9497,-9.1176,-9.2978,-9.4873,-9.7734,-12.8361,-10.9776,-10.4184,-10.4215,-14.1218,-10.3066,-10.3560,-10.4942,-10.6541,-10.8298,-11.1106,-13.8098,-11.7703,-11.6764,-11.6814,-15.1462,-11.5685,-11.5832,-11.6758,-11.7649
45130.5000000,-20.5770,-16.9579,-10.9664,-9.8069,2.9388,-10.8154,-10.4343,-19.1174,-9.3527,-11.8574,-15.8124,-13.2156,-16.3930,-13.6840,-12.9272,-13.6245,-10.9405,-12.0005,-16.4182,-19.4618,-7.1809,-18.6919,-16.0553,-16.5037,-10.3361,-2.0924,-11.0201,-18.1712,-7.8702,-16.6245,-9.5997,-11.1984,-6.5511,-6.6257,-2.8269,-6.5832,-3.0937,-6.1441,-14.9656,-2.2044,-4.4938,-6.8349,-16.9985,-15.1666,3.9830,-6.5305,-11.7502,-14.6588,-15.5154,-17.3567,-9.0177,-9.0467,-8.3810,-7.6107,-14.9223,-10.9654,-12.4500,-6.7270,-0.9281,-6.0687,-7.7619,-9.8728,-17.2152,-15.9251,-14.1966,-13.4883,-7.0337,-7.5088,-15.7867,-9.3198,-1.9088,-3.5295,-2.2693,-6.0461,-3.4951,5.6358,1.3069,6.3093,-5.4999,-3.2123,12.0141,6.6688,-1.1052,-4.2619,-13.4703,-12.5498,-6.0254,-12.8349,-5.5460,-10.1108,-7.2397,-6.5617,-8.5250,-12.3356,-17.5566,-17.2934,-16.8292,-10.8863,-16.3342,-17.4709,-18.8984,-17.6451,-19.0763,-18.8707,-16.8252,-16.7627,-20.1995,-20.3834,-24.5564,-16.2767,-22.6914,-20.3141,-14.7473,-15.4277,-19.0828,-14.3908,-18.0477,-11.4057,-11.2127,-11.3557,-15.3275,-11.7573,-13.5317,-11.5015,-11.7219,-8.9535,-10.3778,-6.4246,-12.0879,-14.1404,-12.9444,-14.4643,-13.5543,-11.2717,-6.3351,-9.4969,-9.9975,-6.9234,-9.8367,-10.8940,-12.4250,-8.2584,-10.2764,-10.5937,-8.4652,-12.7006,-11.4125,-3.5699,-10.0534,-12.1708,-9.7639,-10.5547,-9.9513,-6.9181,-8.5755,-0.1968,1.1495,-2.7982,-3.2468,-7.0415,4.6892,-0.2838,-2.8906,-7.1462,-5.3908,-5.8349,-4.8405,-7.6590,-8.3729,-9.5781,-12.0027,-11.2638,-11.7126,-6.3300,-6.7137,-4.2203,-10.3833,-6.0414,-6.9053,1.1175,-2.9574,-5.3812,-6.2887,-8.0771,-7.5191,-5.8832,-6.5083,-12.5315,-6.8120,-7.1485,-7.4844,-7.8718,-8.2555,-8.8223,-11.6402,-11.9838,-9.9908,-10.1608,-16.1374,-10.3423,-10.5611,-10.8339,-11.1285,-11.4235,-11.8346,-14.4994,-14.1646,-12.7890,-12.8951,-18.6338,-12.9558,-13.0717,-13.2669,-13.4684,-13.6690,-13.9559,-16.3448,-15.0470,-14.5995,-14.6399,-20.0331,-14.6366,-14.7082,-14.8656,-15.0317,-15.1972,-15.4545,-17.5187,-16.0523,-15.9394,-15.9556,-20.9456,-15.9238,-15.9574,-16.0740,-16.1777
45130.5416667,-27.3208,-25.9440,-18.3690,-16.2084,-3.7538,-15.5600,-15.9393,-26.4703,-14.5237,-14.7956,-18.6536,-17.4566,-19.9540,-18.7187,-18.7748,-19.7100,-17.4858,-18.2543,-20.6318,-24.0290,-12.9511,-25.8693,-19.9818,-24.2715,-15.8531,-7.7745,-15.3901,-22.7120,-12.5572,-22.5590,-13.9019,-17.0389,-12.4050,-10.6095,-8.5486,-12.5726,-9.4130,-12.3551,-22.3875,-7.6948,-9.3051,-10.7869,-23.6058,-21.6151,-1.0818,-13.5418,-17.1634,-18.0218,-20.2497,-22.2305,-13.2591,-14.6954,-14.2517,-12.7756,-19.5521,-19.9915,-20.4006,-13.3791,-3.8668,-8.6730,-10.1075,-11.8619,-22.3036,-21.5125,-18.9203,-18.2194,-11.7948,-12.0088,-22.6243,-15.3457,-7.1598,-11.3992,-12.2090,-14.0909,-10.0390,0.6013,-2.7967,3.6757,-8.6427,-6.3520,14.6036,8.5180,0.6434,-2.5440,-15.6167,-13.5327,-6.6919,-15.7410,-7.1287,-10.7154,-7.7619,-6.5123,-7.9384,-12.3798,-16.0204,-16.1734,-15.8776,-7.8099,-14.7748,-15.8762,-17.6719,-18.2099,-20.2263,-20.1058,-19.0510,-19.4447,-22.1700,-23.4543,-28.9053,-23.3248,-28.2551,-24.8717,-19.2425,-17.3087,-20.7688,-16.3084,-23.1852,-15.8973,-16.7383,-15.7056,-18.4095,-17.0929,-18.7587,-17.5858,-17.4949,-14.6055,-16.0148,-11.5888,-16.4211,-16.8148,-16.6304,-17.4720,-19.5213,-18.5253,-11.0719,-15.2030,-15.4327,-11.7940,-13.6127,-15.1185,-16.3268,-12.5269,-13.7620,-13.6881,-11.8884,-14.9385,-14.4080,-6.6588,-15.9511,-17.1044,-15.5356,-16.6039,-15.5093,-14.4117,-13.3270,-3.5606,-2.8245,-4.8805,-5.7482,-10.4782,1.6056,-3.1725,-5.3723,-8.2932,-5.2002,-6.8226,-7.2655,-10.6902,-13.2982,-14.1622,-14.6196,-14.5997,-15.7167,-11.5826,-12.2311,-8.6791,-15.4024,-10.9142,-11.3141,-2.9534,-6.4669,-8.1779,-8.7150,-9.5030,-8.3993,-8.0329,-8.6975,-15.4359,-9.4646,-9.5094,-9.5512,-9.6477,-9.7481,-10.0445,-12.0669,-12.2161,-10.6601,-10.9793,-17.7507,-11.9642,-12.0827,-12.2455,-12.4181,-12.5821,-12.8597,-14.8733,-14.6120,-13.5687,-13.8803,-20.3969,-14.8103,-14.8791,-15.0158,-15.1431,-15.2563,-15.4476,-17.2581,-16.2982,-15.9285,-16.1565,-22.2507,-16.9360,-16.9408,-17.0170,-17.0846,-17.1384,-17.2780,-18.7928,-17.6743,-17.5385,-17.6910,-22.1704,-18.3178,-18.3304,-18.4319,-18.5212
45130.5833333,-29.8802,-26.6530,-19.7527,-16.8638,-5.1338,-15.0272,-17.2388,-30.5567,-17.6941,-15.9571,-19.6907,-19.1345,-20.5572,-20.2669,-20.8577,-21.8971,-20.3371,-21.1092,-21.7547,-25.7700,-15.8160,-28.8339,-20.7920,-29.4350,-19.2045,-11.1454,-20.8548,-26.2792,-14.9837,-25.4531,-19.5905,-22.3325,-17.0145,-9.4853,-6.4466,-9.8345,-7.8580,-11.9181,-23.6960,-8.4336,-10.0094,-11.1315,-26.2708,-20.4840,-2.3974,-17.7935,-20.3572,-19.4605,-22.4501,-24.5793,-15.5273,-17.2871,-16.5363,-14.2824,-20.1377,-26.1290,-26.0421,-19.5330,-6.1173,-10.2513,-11.2355,-12.4934,-25.2663,-25.3445,-22.1020,-17.5844,-13.4551,-14.5092,-27.4495,-19.7443,-10.9108,-12.1473,-12.4041,-19.2361,-13.6031,-5.0548,-8.6119,-5.3833,-15.7844,-12.7664,12.7276,6.9914,-0.2725,-2.9654,-18.0004,-12.0950,-5.4268,-12.5880,-4.9670,-8.0261,-5.5071,-4.1423,-5.3582,-10.4897,-13.0208,-13.4438,-13.3962,-3.7864,-11.6119,-12.6024,-14.3749,-15.6620,-17.7807,-17.4732,-16.8980,-17.4569,-19.5097,-21.6177,-27.3130,-25.8478,-30.2831,-26.3806,-23.6898,-17.8775,-20.7384,-16.2737,-25.5183,-17.8581,-21.7517,-16.8085,-17.4766,-17.7862,-19.0982,-18.9255,-23.3270,-18.2788,-18.8799,-13.7597,-17.4389,-16.0885,-19.2383,-18.2710,-22.0986,-22.2782,-12.8445,-17.2800,-20.4764,-14.5842,-14.6126,-16.1395,-17.0649,-13.1964,-13.4514,-13.6149,-12.8922,-15.1387,-14.9984,-7.5730,-19.0785,-19.4728,-16.7654,-19.2085,-18.6139,-20.4856,-16.7435,-6.4047,-6.2074,-6.5372,-7.2203,-12.5186,-0.2184,-4.6005,-5.6991,-7.3594,-3.0533,-5.3523,-6.6148,-10.3888,-14.8760,-15.8108,-14.7413,-15.5384,-17.5314,-14.4674,-15.1334,-10.2728,-15.2376,-12.1064,-12.3631,-4.5300,-7.5438,-8.6917,-9.2162,-9.6562,-8.1124,-8.8758,-9.5147,-14.5105,-10.1014,-10.1180,-10.1382,-10.2199,-10.2966,-10.5472,-12.0978,-12.1210,-10.7962,-10.9566,-15.9072,-11.5647,-11.5705,-11.6461,-11.7533,-11.8635,-12.0873,-13.6652,-13.4332,-12.5415,-12.7605,-17.6036,-13.4856,-13.5367,-13.6873,-13.8503,-14.0108,-14.2474,-15.7495,-15.0872,-14.7710,-14.9833,-19.5740,-15.6948,-15.7354,-15.8713,-16.0130,-16.1462,-16.3597,-17.6235,-16.8446,-16.7243,-16.8662,-20.2687,-17.3959,-17.3854,-17.4665,-17.5330
45130.6250000,-24.4207,-23.9703,-18.6876,-16.0875,-5.5433,-13.6683,-16.7330,-30.8272,-17.4102,-14.1059,-17.8798,-17.6793,-18.1823,-19.0894,-20.4366,-21.6474,-20.7308,-21.4121,-20.4862,-24.8499,-16.4575,-29.1288,-19.3994,-27.6756,-20.0755,-13.5529,-24.7770,-27.7449,-18.1166,-25.1389,-23.0390,-25.6056,-21.0911,-12.8911,-7.2409,-8.6470,-2.2376,-5.3843,-17.3927,-2.3217,-4.4376,-5.6287,-20.7673,-14.4077,0.8399,-17.2851,-19.1086,-17.4565,-20.9864,-19.9258,-13.6026,-17.0325,-17.0606,-14.7210,-19.3626,-29.3441,-28.6596,-23.0526,-7.2800,-10.9633,-11.7238,-12.5970,-26.6240,-26.9962,-22.6872,-18.6904,-12.9467,-12.0554,-27.9932,-21.3389,-13.0193,-15.4131,-14.0627,-17.5796,-8.7521,-4.0286,-8.3823,-8.3533,-17.4974,-9.5773,13.1782,6.6921,-0.7059,-3.4355,-15.7067,-11.9524,-6.6529,-12.8887,-6.2378,-8.6567,-5.9429,-3.7136,-3.8472,-8.4836,-11.9715,-9.3045,-8.5728,1.8429,-6.0826,-6.9560,-8.5604,-10.0972,-12.8236,-12.9725,-11.7133,-12.6639,-14.4726,-17.2557,-22.8320,-24.4018,-26.3781,-24.1560,-23.8664,-18.2324,-18.5764,-13.6672,-22.0028,-17.2289,-23.8073,-19.8866,-16.1678,-17.3318,-17.9842,-18.0561,-22.6843,-20.4711,-20.8713,-15.4979,-17.9189,-16.3337,-17.5424,-18.5730,-22.1038,-22.6734,-12.8927,-17.8588,-20.8548,-16.7475,-15.7322,-17.4867,-18.1374,-15.8624,-14.4030,-11.6429,-10.7938,-12.1258,-13.5922,-5.0917,-17.4102,-16.9325,-15.0269,-16.7725,-17.1561,-21.4809,-16.2112,-6.5181,-7.4785,-6.8469,-7.5130,-13.2137,-1.5508,-8.2566,-5.9904,-6.6430,-1.5514,-4.2316,-5.5598,-10.9501,-14.0659,-14.5193,-12.3001,-13.6092,-16.3561,-13.9714,-15.7046,-8.3718,-12.2278,-10.1236,-10.3240,-3.1721,-5.8740,-6.7226,-7.3089,-7.6279,-6.0398,-7.4184,-8.0636,-11.8869,-8.6185,-8.6307,-8.6397,-8.7126,-8.7792,-9.0330,-10.3267,-10.3244,-9.1990,-9.3084,-13.0637,-9.8081,-9.7739,-9.8120,-9.8824,-9.9535,-10.1456,-11.4508,-11.2470,-10.4278,-10.5585,-14.2169,-11.0985,-11.0683,-11.1465,-11.2411,-11.3369,-11.5209,-12.7589,-12.2486,-11.8892,-12.0331,-15.5404,-12.6294,-12.6319,-12.7447,-12.8724,-12.9990,-13.2214,-14.2985,-13.7456,-13.6151,-13.7563,-16.4525,-14.3026,-14.3024,-14.4026,-14.4860
45130.6666667,-20.9711,-19.5384,-14.6223,-11.8039,-1.1550,-7.9841,-12.3183,-28.1388,-14.6758,-10.3108,-13.4345,-13.5953,-14.2753,-16.0430,-18.0226,-19.4313,-19.0752,-19.7239,-17.7365,-22.1882,-14.2317,-26.9045,-16.6019,-24.0819,-17.2084,-11.7653,-24.4939,-26.6263,-20.6625,-25.5186,-25.7638,-27.8960,-23.7455,-15.9125,-10.3752,-11.5037,-2.0655,-3.9627,-15.9277,0.7949,-0.2265,-0.6795,-14.9545,-7.6369,6.7616,-12.6305,-13.8240,-11.6196,-15.9854,-15.5578,-9.3290,-12.9351,-13.0631,-10.6139,-14.9485,-28.9123,-28.4884,-23.6262,-5.9876,-9.2055,-9.8758,-10.6573,-26.3574,-27.4563,-23.6022,-21.1934,-16.7685,-12.2339,-27.1570,-20.6026,-12.2921,-17.9809,-16.6996,-17.7039,-6.7182,-3.5846,-7.5342,-9.8922,-16.8928,-5.1285,15.9140,9.5092,2.3577,-0.1892,-9.6204,-7.2329,-2.6486,-8.0803,-2.4060,-4.6950,-3.3118,0.6818,0.3030,-5.2524,-10.7225,-6.8716,-6.1840,4.4689,-3.4852,-4.5007,-5.9277,-7.0426,-8.7480,-11.1040,-7.5943,-7.9123,-9.1070,-11.4880,-16.8636,-19.6425,-20.5438,-17.5524,-18.9430,-13.9372,-15.3987,-8.7319,-15.6974,-12.3624,-20.8984,-18.3561,-12.6007,-14.6082,-17.1694,-16.0965,-20.8205,-18.3603,-18.7532,-13.6211,-15.5071,-14.4849,-16.6918,-18.5067,-22.0029,-23.0025,-12.5466,-17.2042,-19.1918,-16.4911,-13.4295,-15.3094,-17.2518,-17.5350,-15.9695,-11.6873,-10.8206,-11.5272,-14.3027,-5.0317,-17.7068,-16.4141,-15.2904,-14.9067,-14.9172,-19.7185,-13.6798,-4.3277,-4.9215,-3.5455,-3.9553,-10.1462,0.3709,-8.3388,-3.8998,-3.6991,2.0046,-2.9156,-2.5834,-9.9478,-12.5097,-12.9185,-9.9613,-11.3748,-14.4946,-12.9872,-16.3161,-7.0672,-9.6819,-7.9469,-7.8914,-0.8663,-3.2155,-3.9019,-4.3667,-4.2567,-2.8730,-4.2711,-4.8553,-7.7594,-5.3140,-5.3376,-5.3709,-5.4780,-5.5838,-5.8742,-6.9934,-7.0200,-6.1247,-6.2569,-9.1658,-6.7584,-6.7522,-6.8126,-6.8987,-6.9781,-7.1682,-8.2635,-8.1017,-7.3935,-7.4966,-10.2958,-7.9464,-7.9020,-7.9640,-8.0392,-8.1113,-8.2644,-9.2819,-8.8791,-8.5099,-8.6024,-11.2793,-9.0655,-9.0321,-9.1090,-9.1995,-9.2875,-9.4679,-10.3372,-9.9007,-9.7340,-9.8324,-11.9366,-10.2825,-10.2634,-10.3484,-10.4183
45130.7083333,-17.8854,-17.8388,-10.5353,-7.2577,0.7938,-1.2944,-4.3541,-20.3672,-7.1664,-2.3099,-7.5445,-5.5947,-6.0105,-8.0161,-10.2140,-11.8444,-12.2232,-13.2449,-11.0085,-16.2853,-10.8137,-20.0146,-10.1346,-16.4711,-13.0283,-5.8339,-17.8059,-19.7901,-17.2798,-21.6474,-24.7383,-27.9761,-25.8585,-18.4184,-13.1510,-13.8257,-2.8357,-2.9101,-14.1028,2.7686,2.8473,3.1890,-8.0586,-1.4081,12.7963,-6.1713,-6.5865,-3.9119,-8.0564,-6.0359,-1.6817,-5.4841,-5.7918,-3.3825,-7.1055,-23.6365,-23.9006,-20.0996,-2.2111,-4.2202,-4.6163,-5.2317,-20.8107,-23.0406,-17.8534,-19.0255,-16.0165,-12.6593,-26.0150,-19.5567,-12.1908,-15.9648,-17.0596,-16.8784,-5.5943,-3.1868,-6.2861,-9.6597,-14.1517,-0.8415,19.2207,13.6209,6.9544,4.5233,-2.3017,-0.4978,4.1160,-0.3363,4.9263,2.5153,1.7337,8.0336,8.0231,2.3745,-3.9969,0.1006,0.9390,10.8387,3.6580,2.4828,1.1424,0.4057,-1.7530,-3.5390,-0.8884,-0.5982,-1.9745,-4.4985,-9.8435,-13.4490,-14.0348,-11.6753,-13.2688,-8.8943,-10.6084,-3.6941,-9.1626,-6.0034,-14.8623,-13.3915,-6.9695,-9.0465,-12.4376,-11.2984,-17.3478,-14.4977,-14.2766,-9.1218,-10.2018,-9.2842,-12.1524,-13.4234,-18.1327,-20.2801,-10.9124,-15.0466,-16.3654,-14.4349,-10.9534,-12.8577,-15.5785,-15.5462,-13.9166,-9.5334,-8.9673,-9.1963,-11.9315,-3.6791,-15.8331,-14.5596,-14.5007,-13.8626,-13.1285,-17.9726,-9.7445,-4.2847,-3.4585,-2.4293,-0.9452,-5.4120,4.7534,-2.7678,1.3324,2.2195,7.4932,0.3578,2.3677,-5.4284,-8.0246,-8.4460,-6.0172,-6.9717,-10.1583,-9.4125,-12.3657,-3.9109,-6.0113,-4.8039,-4.7345,1.8202,-0.1274,-0.7257,-1.0338,-0.5113,0.5306,-0.2234,-0.5518,-2.6372,-0.5698,-0.4100,-0.2711,-0.2212,-0.1803,-0.3371,-1.1926,-1.0907,-0.2170,-0.2665,-2.5090,-0.6227,-0.5896,-0.6392,-0.7255,-0.8107,-1.0108,-1.9872,-1.8655,-1.2415,-1.3565,-3.5955,-1.8089,-1.7891,-1.8807,-1.9834,-2.0782,-2.2480,-3.1572,-2.8523,-2.4890,-2.5732,-4.7047,-2.9929,-2.9567,-3.0355,-3.1261,-3.2100,-3.3830,-4.1312,-3.7806,-3.5856,-3.6587,-5.3634,-4.0404,-4.0016,-4.0726,-4.1271
45130.7500000,-12.2758,-13.8547,-6.7709,-5.3503,1.4605,0.7730,-1.8065,-15.6616,-4.2809,0.8753,-3.9765,-1.1976,-1.1482,-1.9856,-3.6334,-4.6128,-4.6191,-5.0581,-2.8337,-7.9719,-4.7085,-11.8959,-3.8060,-9.1495,-7.4704,-0.9071,-11.4046,-12.7788,-12.1971,-15.3288,-20.2624,-23.8533,-23.5695,-17.2039,-13.5283,-14.2959,-4.9987,-4.0774,-13.2098,2.4972,3.1180,3.9958,-4.9714,1.1835,15.6536,-0.9044,-0.5056,2.2305,-1.4909,1.0005,4.6180,1.7200,1.7518,4.0178,0.3070,-15.0225,-15.3991,-12.6256,2.7685,1.0931,0.6359,0.0484,-14.0183,-16.4106,-11.1122,-13.0974,-10.4901,-8.7726,-21.5466,-17.1510,-11.7619,-15.1147,-16.5671,-14.9721,-4.7287,-3.2113,-5.1140,-8.4164,-11.7215,0.7988,19.2356,14.2727,7.8905,5.4718,0.7429,2.3438,7.2721,3.7335,8.9786,6.3325,6.1746,13.2162,13.7527,8.8956,2.4716,6.4285,7.9046,16.0580,10.1652,8.8762,7.6795,8.4536,5.4287,4.0033,5.9674,7.0302,5.5163,3.2718,-1.5063,-5.2788,-5.7950,-4.5336,-6.3402,-3.0216,-4.9921,0.5218,-3.8791,-1.5309,-9.6371,-8.7650,-3.0183,-4.5370,-7.5029,-6.5611,-12.5654,-9.9005,-8.8719,-4.2275,-4.8393,-3.9347,-6.5157,-7.5484,-11.6074,-14.1575,-7.0627,-10.8240,-11.9075,-10.6980,-7.0791,-8.9092,-11.6425,-12.5278,-10.7874,-6.9995,-7.0973,-7.0118,-9.4691,-3.0303,-13.3610,-12.0795,-12.5878,-11.8381,-11.3072,-16.3986,-7.7436,-4.5160,-4.2231,-3.1796,-1.6173,-4.4022,4.7742,-2.0864,1.5530,3.5267,8.2389,1.3723,4.6458,-1.9068,-3.5973,-3.3596,-1.3239,-1.9423,-4.8618,-4.7750,-6.8808,0.4782,-1.3025,-0.4505,-0.4737,5.3606,3.4419,2.5903,2.2849,2.9831,3.2793,3.2775,3.0360,1.4277,3.1072,3.3178,3.5206,3.6456,3.7719,3.7075,3.0538,3.2683,4.1725,4.2629,2.5982,4.2010,4.3714,4.4568,4.5002,4.5376,4.4490,3.6696,3.8531,4.5062,4.4797,2.7356,4.1806,4.2542,4.2069,4.1390,4.0698,3.9148,3.0996,3.3279,3.6796,3.5999,1.8595,3.1854,3.2140,3.1264,3.0256,2.9302,2.7428,2.0590,2.3137,2.5009,2.4250,0.9925,2.0428,2.0809,2.0098,1.9527
45130.7916667,-5.5352,-7.9113,-1.5587,-1.1596,4.5494,4.1545,1.9877,-10.2544,-1.1899,3.2652,-1.1566,1.2920,0.6354,0.9240,0.0293,-0.4923,0.0160,-0.3237,1.6769,-2.1961,0.4269,-5.2402,1.0421,-2.7581,-1.7221,4.5120,-4.9552,-6.0312,-6.5624,-9.0152,-14.8687,-18.6549,-19.5189,-13.8529,-11.2868,-11.9804,-4.6361,-3.6071,-11.3743,2.4242,2.9045,4.0662,-3.2883,2.0727,16.0690,1.3763,2.0438,4.8681,1.5237,3.9162,7.3270,5.5187,6.2709,8.5183,4.2646,-8.1998,-8.4385,-6.0791,7.6719,6.3136,5.9051,5.4561,-6.4935,-9.1575,-4.3789,-6.9669,-5.0058,-4.3317,-15.7214,-12.9733,-9.3162,-12.6179,-14.4597,-12.4978,-4.2551,-3.8461,-5.4250,-8.2056,-10.4315,0.6711,17.9698,13.7309,8.1970,5.8759,2.4536,4.1870,9.1484,6.1064,11.0289,7.6438,8.4265,15.4191,16.2063,11.4631,5.1842,8.6257,10.6280,17.0387,12.6764,11.3406,10.3905,12.8462,9.5820,8.7688,10.9530,12.5577,10.8451,9.3354,5.0102,2.3238,1.3403,1.9005,0.3830,2.6312,0.9769,4.6377,1.6603,3.6783,-3.2149,-2.8431,1.2282,-0.1025,-2.6477,-2.0637,-7.9426,-6.0689,-4.6921,-0.6399,-0.7985,-0.2993,-2.2571,-3.2282,-6.5219,-8.8659,-3.3973,-6.2007,-6.8778,-6.1292,-2.8254,-4.5402,-7.1302,-8.6004,-7.0599,-4.0069,-4.4781,-4.2419,-6.4879,-2.3444,-10.3451,-9.1227,-10.1262,-9.5937,-9.2877,-14.4866,-6.3210,-4.3880,-4.5764,-3.5279,-1.9457,-3.8323,3.8996,-2.1684,0.9621,3.1855,7.1502,1.0568,4.3379,-1.0493,-2.3198,-1.5491,0.0666,0.3692,-1.4362,-1.2312,-2.7110,3.7208,2.3016,3.0598,3.0071,8.5702,6.6049,5.4076,5.1799,6.2074,5.6893,6.4750,6.2674,4.9979,6.2874,6.4468,6.5994,6.6823,6.7685,6.6829,6.1143,6.2944,7.0670,7.1584,5.8727,7.1471,7.3334,7.4507,7.5375,7.6252,7.6028,7.0023,7.2216,7.8621,7.9221,6.6249,7.8275,7.9821,8.0271,8.0521,8.0735,8.0120,7.3872,7.6265,8.0080,8.0016,6.6679,7.7395,7.8112,7.7712,7.7128,7.6527,7.5015,6.9305,7.1295,7.3055,7.2397,6.0690,6.8869,6.9147,6.8421,6.7835
45130.8333333,2.0317,-0.2401,4.7973,5.0030,10.1801,8.9119,7.4513,-3.1888,4.0497,7.3166,3.7688,5.5409,4.3360,4.9176,4.0882,3.5358,4.0457,3.6099,4.7672,1.7869,4.1862,-0.5663,4.1014,1.4127,2.3232,8.3882,0.2530,-0.4945,-1.0642,-2.8660,-8.5593,-12.1432,-13.7759,-8.8663,-7.1802,-7.8148,-2.0254,-1.3648,-7.5760,3.9925,4.3004,5.3052,-0.7491,3.7763,16.8538,3.8206,4.3018,6.8144,3.7023,5.4983,8.6129,7.6579,8.7047,10.7410,6.0333,-3.0859,-3.0421,-0.9064,11.2765,9.8594,9.5859,9.0839,-0.5279,-2.8174,1.2915,-0.9159,0.7899,1.0738,-9.1270,-7.7614,-5.5380,-8.8599,-10.4805,-8.6234,-2.1459,-2.5014,-3.9633,-6.5946,-8.4119,1.1190,16.4649,12.8564,7.6298,5.4064,3.1459,4.5193,9.3898,6.7469,11.4972,7.7063,9.8144,16.3430,17.4299,13.3814,6.9724,10.1231,12.1527,16.7729,13.7874,12.3315,11.8097,15.3907,12.4013,11.9160,14.6137,16.3029,14.1502,13.3883,9.2953,8.3131,6.8141,7.0630,6.2064,7.4100,6.5021,8.6134,6.7613,8.6611,3.1924,3.3130,5.1503,4.8697,2.6423,3.0133,-2.1811,-0.9483,0.1312,3.3862,3.0130,2.8454,1.4981,0.6338,-1.9603,-4.0092,-0.0018,-2.3400,-2.7599,-2.0957,0.7540,-0.5591,-2.5724,-3.9741,-2.5849,-0.3086,-0.8647,-0.6438,-2.5314,0.1211,-6.1930,-5.1546,-6.4759,-6.3488,-6.5135,-11.6278,-4.2755,-3.1998,-3.6812,-2.6532,-1.0981,-2.5154,3.6551,-1.2999,1.2608,3.2757,6.4458,1.5002,4.3396,-0.0154,-1.1015,-0.3778,0.7015,1.3553,0.3446,0.7896,-0.1535,5.1374,3.9995,4.7272,4.6932,10.1673,8.1861,6.7203,6.6850,8.1732,6.9414,8.6161,8.5947,7.7749,8.8772,9.1311,9.3708,9.5427,9.7043,9.7091,9.3201,9.5135,10.1719,10.2868,9.3433,10.3267,10.4988,10.6112,10.6950,10.7759,10.7613,10.2858,10.4568,10.9761,11.0393,10.0684,10.9921,11.1444,11.2124,11.2676,11.3225,11.3099,10.8512,11.0702,11.4268,11.4746,10.5072,11.3643,11.4819,11.5099,11.5221,11.5311,11.4610,11.0566,11.2485,11.4393,11.4309,10.5624,11.2142,11.2729,11.2460,11.2224
45130.8750000,9.0768,7.6952,11.5146,11.9180,17.1993,14.4408,14.0672,4.6480,10.6818,12.5017,10.0712,11.2344,9.3035,10.5136,9.9251,9.1559,9.5698,8.9069,8.8592,6.5184,8.9058,4.4772,7.4951,5.8149,6.4603,12.3016,4.9684,4.1194,3.8808,2.2809,-2.5836,-5.6935,-7.4102,-2.9951,-1.6700,-2.1672,2.5782,3.0130,-2.1902,7.3614,7.6463,8.2721,3.2224,6.9493,19.0795,7.4600,7.4652,9.4921,6.4145,7.5185,10.3414,10.0776,11.1922,12.9119,7.5746,1.5729,1.6413,3.5031,14.3301,12.7829,12.6750,12.1155,4.6861,2.8229,6.0646,4.3919,6.0413,6.2621,-2.7305,-2.2000,-0.7967,-3.9137,-5.3777,-3.8396,1.0199,0.5967,-0.6594,-3.0366,-4.4593,3.7840,17.2957,14.2940,9.2099,6.9959,5.8148,6.7175,11.3621,8.9381,13.2584,8.9203,12.0081,17.9251,18.9839,15.5073,8.6724,11.5906,13.5168,16.5632,14.7009,13.1392,13.0160,17.6007,14.8552,14.6275,17.9404,19.6938,17.0609,17.0164,12.7489,13.4992,10.7885,10.6353,10.4790,10.6488,10.6356,11.4405,10.6541,12.8858,8.8410,9.0011,8.4465,9.8566,7.8712,8.4222,4.4421,5.3188,5.9834,8.6957,7.7462,6.5524,5.8873,5.1355,3.1408,1.4199,4.4811,2.3245,1.8096,2.2230,4.1364,3.1077,1.4945,0.3472,1.4122,2.9971,2.7390,2.6267,1.3644,3.4467,-1.4745,-0.6300,-1.8597,-1.9695,-2.4843,-7.3242,-1.1576,-0.6085,-1.1795,-0.2919,1.0371,-0.0293,4.9640,0.9728,2.9503,4.7102,7.1555,3.1777,5.6483,2.0422,1.1270,1.5778,1.9846,2.6574,2.1470,2.6588,1.9956,6.1089,5.0757,5.6764,5.5552,10.9535,8.8713,7.1437,7.2424,9.1164,7.2720,9.6341,9.7624,9.3279,10.2964,10.6576,11.0089,11.3073,11.5920,11.7480,11.5984,11.8755,12.5044,12.7310,12.1703,13.0105,13.2659,13.4722,13.6500,13.8162,13.8967,13.6179,13.8082,14.2620,14.3746,13.7164,14.4359,14.6008,14.6998,14.7847,14.8638,14.8835,14.5612,14.7352,15.0233,15.0835,14.3929,15.0358,15.1537,15.2078,15.2515,15.2926,15.2712,14.9974,15.1637,15.3414,15.3723,14.7649,15.2732,15.3602,15.3836,15.4011
45130.9166667,14.2191,14.1748,16.7338,17.3845,23.0048,18.1740,18.9890,10.6161,15.9260,16.1360,14.9133,15.5888,12.8188,15.1527,15.1843,14.4140,15.0574,14.2497,12.8433,11.3052,14.0551,9.4990,10.9884,10.3808,10.7005,16.3359,9.2291,8.0337,8.3350,6.5037,2.6720,-0.0887,-1.7638,2.0048,3.0793,2.6039,6.6038,7.0172,2.5180,10.6543,10.9320,11.0619,6.8084,9.8846,21.2916,10.9891,10.4118,11.9985,8.8537,9.3193,11.9246,12.1884,13.2364,14.5344,8.4424,5.4609,5.4590,6.9804,16.4829,14.5119,14.3594,13.5947,8.1146,6.7641,9.1645,8.1361,9.9354,10.2814,2.5398,2.7298,3.7138,0.9624,-0.4072,0.7140,4.0648,4.0245,2.8214,0.6822,-0.5720,6.4272,18.0621,15.3856,10.1979,7.8488,7.6564,8.1445,12.7640,10.5070,14.5444,9.6169,13.6721,19.0389,20.0353,17.0941,9.7296,12.5642,14.3680,16.0644,14.9747,13.2481,13.3577,18.7197,16.0525,15.9765,19.8337,21.5903,18.4098,19.1863,14.7758,17.4965,13.4030,12.9418,13.4251,12.5951,13.3567,13.0051,13.0150,15.5924,12.6234,12.7813,9.8624,13.0608,11.2373,12.2957,9.9011,10.7963,11.0936,13.4630,11.7138,9.3140,9.5373,9.0868,7.8045,6.5754,9.2128,7.1017,6.4350,6.6927,7.3868,6.5907,5.2604,4.4163,4.8917,5.7498,5.8466,4.9839,4.2985,6.2911,2.3041,2.8306,1.8818,1.7264,1.2498,-2.7942,1.9251,2.2841,1.8107,2.3629,3.2854,2.4832,6.7828,3.4118,4.7283,6.2367,7.9902,4.6412,6.9262,3.8216,3.2774,3.5109,3.2256,3.9588,3.9554,4.4737,3.8828,6.8704,5.7712,6.1642,5.8561,11.1015,8.7897,6.7870,6.9026,8.9783,6.6554,9.3627,9.4947,9.2625,10.0426,10.3972,10.7524,11.0768,11.3976,11.6314,11.6503,11.9777,12.5610,12.8596,12.5952,13.3340,13.6562,13.9434,14.2095,14.4662,14.6596,14.5928,14.8581,15.3096,15.5140,15.1616,15.7902,16.0189,16.1960,16.3580,16.5107,16.6156,16.4697,16.6727,16.9529,17.0650,16.6336,17.1506,17.2886,17.3768,17.4535,17.5245,17.5474,17.3860,17.5364,17.6934,17.7438,17.3353,17.7228,17.8091,17.8479,17.8765
45130.9583333,17.3032,18.8914,20.3670,21.4334,27.7732,20.7087,22.7574,15.0811,19.9165,18.5048,18.3613,18.5224,14.7431,18.1661,18.8791,18.1344,19.2426,18.4208,15.6176,14.9706,18.6079,13.6463,13.8156,14.4654,14.6015,20.4926,13.2683,11.5617,12.6753,10.2437,7.5525,5.0097,3.3800,6.3801,7.2228,6.5452,9.9531,10.3227,6.0498,13.2865,13.5789,13.1943,9.5487,12.1447,23.1115,13.9371,12.6818,13.9369,10.5926,10.5335,13.0770,13.8454,14.8693,15.8082,8.9482,8.6777,8.5058,9.6957,18.1187,15.6640,15.4030,14.3731,10.4369,9.4710,10.9799,10.4709,12.4298,12.9435,6.2192,6.4759,7.5075,5.3651,4.0652,4.5459,6.5867,7.3873,6.1854,4.3972,3.2180,9.2339,19.2276,16.7863,11.3825,8.8070,9.4184,9.4527,14.0527,11.7927,15.5295,9.9631,14.7912,19.6197,20.4782,17.9069,9.9362,12.6967,14.3953,15.0832,14.5571,12.7121,12.9827,18.9838,16.1536,16.2159,20.5859,22.3606,18.6692,20.1505,15.4661,20.0499,14.5149,13.8290,14.9306,13.3028,14.7662,13.5395,14.2034,17.2183,15.1462,15.3250,10.3043,14.9969,13.1722,14.7381,13.9364,14.9310,14.8145,17.0261,14.3492,10.7144,11.7775,11.6670,11.1204,10.5185,13.2687,11.2053,10.4741,10.8347,10.2197,9.7002,8.6173,8.2502,8.0433,8.2706,8.8624,7.0144,6.8166,9.0948,5.6985,5.8012,5.0868,4.6622,4.2020,1.0898,4.2332,4.6974,4.5577,4.7129,5.1920,4.6311,8.7729,5.8287,6.5366,7.9081,9.0814,6.1164,8.3392,5.4795,5.2883,5.2207,4.1413,4.9162,5.4437,6.0469,5.5005,7.5554,6.3614,6.5879,6.1158,11.2590,8.7489,6.5554,6.6529,8.8126,6.2004,9.0221,9.0983,8.9452,9.5196,9.7938,10.0721,10.3324,10.5944,10.7984,10.8525,11.1325,11.6022,11.8742,11.7476,12.3447,12.6503,12.9364,13.2126,13.4867,13.7197,13.7695,14.0604,14.4886,14.7430,14.6000,15.1605,15.4374,15.6780,15.9081,16.1314,16.3194,16.3259,16.5804,16.8889,17.0753,16.8691,17.3385,17.5349,17.6924,17.8380,17.9759,18.0752,18.0380,18.2197,18.4027,18.5054,18.2747,18.6093,18.7250,18.8007,18.8564
45131.0000000,18.6687,21.8600,22.3951,23.9209,31.1711,21.9072,25.1762,18.0994,22.7383,19.8517,20.7160,20.4715,15.7842,20.2051,21.5919,20.8391,22.4190,21.5352,17.3229,17.4463,22.1678,16.5930,15.6221,17.5517,17.6055,24.1184,16.5683,14.3636,16.6383,13.5196,12.2171,9.8930,8.4104,10.5955,11.2414,10.2098,13.1436,13.4424,9.0515,15.6672,15.9461,15.0169,11.8083,14.0250,24.7271,16.5127,14.5177,15.4749,11.8535,11.3540,13.9036,15.1245,16.1515,16.7892,9.2261,11.3934,11.0388,11.9387,19.5088,16.5841,16.2225,14.9529,12.2897,11.6597,12.3320,12.2530,14.3345,14.8908,8.6014,8.9985,10.2960,8.8917,7.6646,7.4861,8.4100,10.3536,9.1678,7.8484,6.7000,11.9737,20.5592,18.3261,12.6451,9.8058,11.1720,10.8260,15.5473,13.2538,16.7850,10.6036,16.1295,20.4642,21.1499,18.8383,10.2620,12.9260,14.4895,14.3937,14.2307,12.2716,12.5999,19.0089,15.7177,15.8497,20.5998,22.3689,18.2451,20.2908,15.3563,21.5588,14.6874,13.8127,15.3990,13.1626,15.1548,13.2896,14.4258,17.8357,16.4945,16.7255,10.0915,15.9472,14.1144,16.1927,16.9191,18.0820,17.5270,19.6645,16.0174,11.2848,13.0110,13.1782,13.2584,13.2564,16.3838,14.3196,13.5604,14.1969,12.2845,12.0990,11.2885,11.5541,10.6754,10.4130,11.6474,8.7621,9.0548,11.9104,8.8892,8.5485,8.1101,7.3620,6.8946,4.6888,6.1981,6.8808,7.1626,6.8445,6.8218,6.4365,10.7723,8.0803,8.2184,9.5422,10.2247,7.4778,9.7817,7.0261,7.2609,6.8962,5.0132,5.8330,6.8564,7.5612,7.0100,8.2699,6.9547,7.0462,6.4351,11.5288,8.8467,6.5184,6.5968,8.7963,6.0109,8.8667,8.8967,8.7931,9.2119,9.4181,9.6288,9.8281,10.0300,10.1914,10.2462,10.4639,10.8196,11.0356,10.9674,11.4191,11.6651,11.8996,12.1296,12.3608,12.5654,12.6414,12.8929,13.2468,13.4801,13.4319,13.8908,14.1512,14.3895,14.6238,14.8566,15.0673,15.1507,15.4142,15.7194,15.9397,15.8804,16.3060,16.5383,16.7440,16.9418,17.1344,17.2991,17.3654,17.5875,17.8098,17.9735,17.8964,18.2215,18.3874,18.5183,18.6162
45131.0416667,19.2100,23.8102,23.5071,25.4502,33.6426,22.3273,26.6350,20.0133,24.5461,20.3511,22.0643,21.4678,16.0075,21.3382,23.3631,22.6204,24.7118,23.7912,18.2862,19.0606,24.9304,18.6361,16.6887,19.7756,19.7670,27.0631,19.0132,16.2824,19.8352,15.9601,16.2082,14.1691,13.0403,14.4905,15.0766,13.6557,16.2895,16.5612,11.8211,18.0400,18.3034,16.8198,13.9159,15.8288,26.3798,18.9238,16.1260,16.7918,12.8275,11.9609,14.5468,16.1535,17.1880,17.5667,9.3811,13.6799,13.1240,13.7716,20.6771,17.3073,16.8563,15.3775,13.7707,13.4513,13.3737,13.6796,15.9114,16.4598,10.1581,10.6439,12.2643,11.6048,10.3992,9.4859,9.4869,12.6706,11.4989,10.7401,9.6016,14.3499,21.7462,19.7060,13.7046,10.5862,12.6527,11.9821,16.9386,14.5958,18.0181,11.2392,17.4666,21.4129,21.9623,19.8803,10.7218,13.3385,14.8044,14.1175,14.2159,12.1747,12.5300,19.2268,15.2503,15.4093,20.4093,22.1367,17.6509,20.0688,14.8879,22.3636,14.3202,13.2845,15.2159,12.5600,14.9095,12.6185,14.0621,17.7695,17.0036,17.2800,9.5000,16.1177,14.2687,16.7791,18.8993,20.2846,19.3247,21.4727,16.9186,11.3205,13.5404,13.9339,14.5309,15.0680,18.6981,16.5759,15.7753,16.7371,13.5839,13.6975,13.1231,14.0624,12.5444,11.9005,13.8421,9.9580,10.7290,14.3658,11.5919,10.8385,10.7463,9.7318,9.3356,8.0947,7.9965,8.9912,9.7844,8.9559,8.4169,8.1603,12.9448,10.3616,9.9512,11.2877,11.5416,8.8699,11.3333,8.5402,9.2047,8.5191,5.8251,6.6781,8.1977,9.0512,8.4845,9.0747,7.6279,7.6145,6.8827,11.9911,9.1497,6.7067,6.7650,8.9905,6.0805,8.9410,8.9257,8.8447,9.1393,9.2837,9.4331,9.5758,9.7219,9.8404,9.8837,10.0452,10.3078,10.4724,10.4344,10.7702,10.9611,11.1453,11.3277,11.5125,11.6793,11.7549,11.9575,12.2353,12.4285,12.4210,12.7780,12.9953,13.1985,13.4007,13.6037,13.7927,13.8920,14.1223,14.3853,14.5899,14.5962,14.9518,15.1724,15.3763,15.5770,15.7763,15.9578,16.0706,16.2969,16.5257,16.7143,16.7316,17.0375,17.2303,17.3944,17.5193
45131.0833333,19.1666,24.9560,23.9464,26.2614,35.3797,22.2375,27.4284,21.1843,25.6904,20.3865,22.7963,21.9054,15.8376,21.8041,24.3879,23.6511,26.2275,25.2774,18.6464,19.9601,26.9498,19.9247,17.1886,21.2879,21.2478,29.4051,20.7711,17.5449,22.3643,17.7012,19.4829,17.7165,17.0382,17.8063,18.4401,16.6321,19.1403,19.4780,14.2663,20.3267,20.6142,18.6012,15.9217,17.6177,28.1609,21.3507,17.7251,18.0988,13.7555,12.5736,15.2025,17.1253,18.1542,18.2954,9.5571,15.7002,14.9211,15.3358,21.7116,17.9178,17.3829,15.7202,14.9867,14.9477,14.2042,14.8506,17.2552,17.7755,11.2277,11.7539,13.6882,13.7233,12.4824,10.7946,10.0474,14.4011,13.2140,13.0357,11.8750,16.2480,22.6272,20.7572,14.4166,11.0326,13.7281,12.7885,18.0526,15.6556,19.0473,11.7024,18.6266,22.2810,22.7342,20.8706,11.1549,13.7794,15.1900,14.0496,14.3493,12.2526,12.6349,19.5762,14.8680,15.0392,20.2049,21.8834,17.1196,19.7799,14.4093,22.8544,13.8280,12.6483,14.7830,11.8531,14.3984,11.8401,13.4465,17.3273,16.9923,17.2935,8.7915,15.8123,13.9527,16.7801,20.0892,21.6951,20.3577,22.5511,17.1957,10.9835,13.5370,14.1080,15.1159,16.1161,20.2911,18.0960,17.2628,18.5701,14.3021,14.6713,14.2895,15.8628,13.7551,12.8054,15.4132,10.6263,11.8014,16.2700,13.6399,12.5081,12.7859,11.5701,11.3209,11.1002,9.4705,10.8369,12.2191,10.8726,9.8407,9.7195,15.1706,12.5967,11.6727,13.0866,12.9680,10.2741,12.9891,10.0703,11.1990,10.1875,6.6800,7.5708,9.5581,10.5721,9.9640,9.9706,8.3741,8.2745,7.4306,12.6219,9.6171,7.0549,7.0969,9.3613,6.3314,9.2148,9.1624,9.0937,9.2951,9.3904,9.4905,9.5868,9.6864,9.7671,9.7944,9.9073,10.0941,10.2119,10.1853,10.4275,10.5675,10.7041,10.8407,10.9803,11.1081,11.1715,11.3271,11.5384,11.6905,11.6999,11.9716,12.1452,12.3101,12.4756,12.6429,12.8014,12.8966,13.0867,13.3019,13.4766,13.5101,13.7950,13.9850,14.1645,14.3430,14.5219,14.6894,14.8088,15.0109,15.2166,15.3952,15.4522,15.7172,15.9024,16.0656,16.1911
45131.1250000,18.6957,25.3985,23.7773,26.3667,36.2922,21.5726,27.4508,21.6176,26.1157,19.8982,22.8478,21.7216,15.2389,21.6041,24.6541,23.9284,26.9374,25.9629,18.4089,20.1560,28.1372,20.4240,17.0811,22.0084,21.9491,30.9370,21.6989,18.0591,24.0675,18.6793,21.9244,20.4101,20.2243,20.3443,21.0683,18.8667,21.3448,21.7926,16.0421,22.1135,22.4451,19.9310,17.4174,18.9705,29.6616,23.4910,19.0815,19.1937,14.5101,13.0634,15.7501,17.9508,18.9741,18.8960,9.6726,17.4130,16.3939,16.5756,22.5006,18.2946,17.6711,15.8438,15.8231,16.0267,14.6993,15.6410,18.2333,18.7332,11.9340,12.4895,14.6928,15.3278,13.9948,11.5692,10.2217,15.5764,14.3310,14.6798,13.4386,17.4999,22.9677,21.2193,14.5432,10.9352,14.1437,12.9834,18.5514,16.0927,19.4900,11.6497,19.1995,22.6286,23.0138,21.3661,11.1669,13.8398,15.2296,13.7377,14.1976,12.0758,12.4957,19.6500,14.3736,14.5492,19.8090,21.4336,16.4725,19.2852,13.8294,23.0361,13.2577,11.9962,14.2289,11.1388,13.7607,11.0507,12.7184,16.6545,16.6203,16.9176,8.0479,15.1811,13.3192,16.3359,20.5846,22.3681,20.6762,22.9039,16.8800,10.3062,13.0477,13.7477,15.0589,16.4239,21.0985,18.8277,17.9719,19.6114,14.4054,14.9942,14.7806,16.9145,14.3031,13.1270,16.3116,10.7885,12.2829,17.5160,14.9516,13.4812,14.1073,12.7438,12.6710,13.4483,10.4119,12.1427,14.1255,12.2680,10.8119,10.8258,17.0593,14.4067,13.0090,14.5404,14.0941,11.3206,14.3675,11.2913,12.9567,11.6699,7.3999,8.3832,10.8481,12.0490,11.3872,10.8724,9.1086,8.9325,7.9764,13.2981,10.1069,7.4059,7.4277,9.7381,6.5723,9.4932,9.4002,9.3286,9.4519,9.5013,9.5558,9.6094,9.6670,9.7126,9.7216,9.7929,9.9182,9.9956,9.9709,10.1394,10.2361,10.3315,10.4281,10.5278,10.6203,10.6678,10.7820,10.9370,11.0508,11.0636,11.2647,11.3968,11.5238,11.6524,11.7834,11.9092,11.9910,12.1416,12.3110,12.4528,12.4948,12.7174,12.8733,13.0230,13.1731,13.3246,13.4691,13.5804,13.7516,13.9265,14.0831,14.1539,14.3739,14.5374,14.6842,14.7974
45131.1666667,17.8937,25.3135,23.2237,26.0501,36.7066,20.7102,27.0938,21.5963,26.0771,19.1495,22.4876,21.1605,14.4106,20.9977,24.3843,23.6427,26.9947,25.9874,17.7178,19.7697,28.6030,20.3022,16.5194,22.0779,22.0123,31.7751,21.9723,17.9821,25.0139,18.9653,23.5288,22.2602,22.5886,22.1175,22.9725,20.3878,22.9049,23.4840,17.1638,23.3753,23.7718,20.8004,18.4134,19.8791,30.8070,25.2012,20.0429,19.9637,14.9656,13.3177,16.0877,18.5512,19.5972,19.3491,9.7172,18.8480,17.5998,17.5832,23.1569,18.5711,17.8592,15.8802,16.4228,16.8209,14.9727,16.1468,18.8958,19.3665,12.3034,12.9101,15.3812,16.5772,15.1384,11.9990,10.2031,16.3944,15.0704,15.9157,14.5856,18.4216,23.1065,21.4536,14.4794,10.7003,14.2746,12.9123,18.7073,16.1653,19.5500,11.3061,19.3305,22.5615,22.8738,21.3906,10.7970,13.4847,14.8551,13.1223,13.6989,11.5772,12.0242,19.3301,13.6477,13.8404,19.1550,20.7458,15.6754,18.5915,13.1138,22.8919,12.5687,11.2772,13.5589,10.4159,13.0535,10.2961,11.9728,15.9010,16.0921,16.3780,7.3893,14.4287,12.5749,15.6732,20.6416,22.5462,20.5199,22.7645,16.2098,9.4824,12.2682,13.0313,14.5355,16.1684,21.2682,18.9233,18.0453,19.9721,14.0248,14.7722,14.6882,17.2878,14.2798,12.9506,16.5997,10.5362,12.2550,18.1487,15.6257,13.8830,14.8062,13.3128,13.3999,15.0889,10.8434,12.9101,15.4748,13.1616,11.3567,11.4866,18.5371,15.7764,13.9691,15.6493,14.9341,12.0566,15.4490,12.1854,14.3694,12.8240,7.8540,8.9333,11.8884,13.3306,12.6436,11.6927,9.7747,9.5499,8.4995,14.0168,10.6426,7.8011,7.8107,10.1878,6.8835,9.8623,9.7324,9.6500,9.7075,9.7130,9.7229,9.7332,9.7474,9.7543,9.7362,9.7641,9.8322,9.8678,9.8316,9.9353,9.9894,10.0442,10.1014,10.1623,10.2196,10.2460,10.3214,10.4274,10.5053,10.5121,10.6547,10.7494,10.8415,10.9359,11.0331,11.1276,11.1915,11.3056,11.4343,11.5442,11.5835,11.7529,11.8758,11.9951,12.1157,12.2382,12.3567,12.4523,12.5916,12.7346,12.8654,12.9357,13.1134,13.2514,13.3769,13.4741
45131.2083333,16.8770,24.8241,22.3999,25.4339,36.7489,19.7743,26.5426,21.3538,25.8450,18.4083,22.0385,20.5739,13.7014,20.2788,23.9258,23.1779,26.8028,25.7598,16.9662,19.1964,28.7068,19.9271,15.8398,21.8342,21.7646,32.2137,21.9214,17.6605,25.5353,18.9166,24.6104,23.5638,24.3896,23.3804,24.3888,21.4474,24.0515,24.7806,17.9074,24.3105,24.8004,21.4331,19.1552,20.5830,31.8082,26.7056,20.8375,20.5922,15.3018,13.5000,16.3556,19.0565,20.1435,19.7682,9.7949,20.1508,18.7047,18.5368,23.8651,18.9509,18.1750,16.0750,17.0839,17.6559,15.3551,16.7181,19.5914,19.9824,12.5179,13.1411,15.8571,17.5827,16.0553,12.2843,10.1648,17.0635,15.6764,17.0009,15.6017,19.2995,23.3341,21.7795,14.5594,10.6551,14.5116,12.9922,18.9836,16.3699,19.7477,11.1908,19.5758,22.6273,22.8598,21.4912,10.5847,13.2388,14.5677,12.6687,13.3097,11.1918,11.6336,18.9892,13.0692,13.2510,18.5482,20.0897,14.9619,17.9014,12.4367,22.5968,11.8980,10.5982,12.8848,9.7617,12.3702,9.6358,11.2905,15.1715,15.5405,15.8267,6.8976,13.7435,11.9228,15.0417,20.5601,22.5599,20.2431,22.4942,15.5451,8.8179,11.5507,12.3225,13.9219,15.7260,21.1478,18.7286,17.8214,19.9729,13.4725,14.3156,14.3172,17.2679,13.9635,12.5354,16.5180,10.1018,11.9501,18.3601,15.8722,13.9258,15.0915,13.4938,13.7104,16.1826,10.9488,13.2943,16.3865,13.6888,11.6077,11.8400,19.6810,16.8284,14.6825,16.5333,15.6068,12.6269,16.3674,12.9160,15.5913,13.8037,8.2069,9.3962,12.7893,14.4771,13.7697,12.4474,10.3857,10.1322,9.0043,14.7747,11.2244,8.2429,8.2549,10.7315,7.2820,10.3638,10.2176,10.1381,10.1585,10.1414,10.1270,10.1125,10.1004,10.0827,10.0464,10.0432,10.0691,10.0718,10.0231,10.0749,10.0920,10.1100,10.1304,10.1543,10.1762,10.1766,10.2132,10.2732,10.3143,10.3052,10.3949,10.4517,10.5081,10.5673,10.6299,10.6917,10.7327,10.8109,10.9010,10.9790,11.0073,11.1300,11.2209,11.3102,11.4016,11.4954,11.5871,11.6633,11.7718,11.8841,11.9885,12.0502,12.1898,12.3018,12.4048,12.4851
45131.2500000,15.6858,23.9242,21.2292,24.3762,36.1763,18.4772,25.4915,20.6725,25.1782,17.3951,21.2381,19.7040,12.8641,19.4113,23.2453,22.5037,26.3305,25.2612,16.1341,18.4922,28.4902,19.3569,15.0927,21.3606,21.2803,32.2501,21.5540,17.1330,25.6661,18.6078,25.2504,24.3998,25.6922,24.1782,25.3261,22.0574,24.7434,25.6164,18.2587,24.8370,25.4056,21.6763,19.4932,20.9019,32.4447,27.8512,21.3522,20.9749,15.4629,13.5388,16.4575,19.3606,20.4854,19.9962,9.7560,21.2099,19.5997,19.3016,24.4184,19.1966,18.3685,16.1788,17.6192,18.3825,15.7109,17.2608,20.2680,20.5853,12.7226,13.3103,16.1858,18.3500,16.7251,12.4262,10.0542,17.5029,16.0518,17.7985,16.3201,19.8876,23.3224,21.8322,14.3987,10.4145,14.5099,12.8953,19.0751,16.4190,19.8121,11.0199,19.7045,22.6091,22.7822,21.5403,10.4225,13.0557,14.3425,12.3046,12.9804,10.8795,11.3162,18.6645,12.5730,12.7406,17.9695,19.4478,14.3061,17.2372,11.8521,22.2311,11.3017,10.0048,12.2388,9.1643,11.6945,9.0109,10.6111,14.3829,14.8698,15.1525,6.4243,13.0194,11.2604,14.3561,20.2799,22.3659,19.8136,22.0496,14.8362,8.2360,10.8884,11.6591,13.3004,15.2021,20.8321,18.3506,17.4131,19.7194,12.8315,13.7293,13.7940,16.9744,13.4597,11.9678,16.1453,9.5532,11.4602,18.2034,15.7377,13.6454,15.0014,13.3507,13.6736,16.7949,10.7828,13.3108,16.8240,13.7980,11.5087,11.8280,20.3515,17.3928,14.9623,16.9686,15.8647,12.7986,16.8843,13.2875,16.4655,14.4986,8.3972,9.6946,13.4960,15.4308,14.7058,13.0510,10.8506,10.5747,9.3753,15.4042,11.6614,8.5328,8.5502,11.1366,7.5302,10.7327,10.5741,10.5029,10.5001,10.4699,10.4420,10.4147,10.3902,10.3639,10.3273,10.3116,10.3120,10.2964,10.2476,10.2670,10.2604,10.2546,10.2510,10.2504,10.2503,10.2380,10.2494,10.2734,10.2848,10.2643,10.3111,10.3336,10.3566,10.3828,10.4125,10.4439,10.4642,10.5097,10.5613,10.6056,10.6192,10.6974,10.7527,10.8084,10.8671,10.9292,10.9924,11.0478,11.1256,11.2047,11.2801,11.3295,11.4319,11.5142,11.5908,11.6507
45131.2916667,13.9553,22.2622,19.3553,22.4242,34.4082,16.2307,23.1723,18.6820,23.1603,15.2056,19.0621,17.4974,10.8394,17.3227,21.2917,20.6361,24.6376,23.5627,14.3380,16.8464,27.1892,17.8283,13.5837,20.0007,19.9157,31.1761,20.1099,15.6513,24.6895,17.3679,24.8658,24.2389,26.0020,24.0368,25.2597,21.6875,24.3901,25.3153,17.5397,24.2558,24.7339,20.6577,18.4680,19.8568,31.6895,27.5155,20.5329,20.1475,14.5570,12.6114,15.5826,18.5927,19.7046,19.0848,8.6843,21.0762,19.4351,19.0373,23.9691,18.3960,17.4407,15.1464,16.9259,17.9676,15.0982,16.8752,20.0958,20.4353,12.5618,13.2143,16.1855,18.6185,16.8346,12.0859,9.5949,17.3186,15.6907,17.7192,16.0384,19.3682,22.2430,20.6224,12.9341,8.8877,12.9947,11.3413,17.6179,14.9111,18.3129,9.4448,18.2529,21.0488,21.2053,20.0929,8.9694,11.6402,12.9205,10.8739,11.4741,9.4164,9.8461,17.1201,11.0988,11.2495,16.3685,17.7651,12.6731,15.6341,10.5051,21.1099,10.1866,9.0248,11.2324,8.2439,10.6530,8.0523,9.5361,13.1374,13.6072,13.8338,5.4159,11.7179,10.0024,13.0488,19.1806,21.3160,18.5462,20.7060,13.3219,6.9748,9.5537,10.3498,12.0272,13.9894,19.7415,17.2275,16.2948,18.7045,11.5885,12.5206,12.6601,16.0095,12.3683,10.8700,15.1058,8.4753,10.4101,17.3402,14.8376,12.6398,14.1402,12.5186,12.9722,16.6288,10.0924,12.7446,16.4811,13.1536,10.6955,10.9901,20.0345,16.8730,14.1908,16.2887,15.0396,11.8315,16.1966,12.4774,16.1220,14.1086,7.7297,9.1640,13.3498,15.5451,14.7957,12.8969,10.5265,10.2402,8.9583,15.2261,11.2486,7.9586,7.9331,10.5774,6.8605,10.1287,9.9166,9.7904,9.7744,9.7040,9.6374,9.5728,9.5202,9.4697,9.4197,9.4103,9.4191,9.3784,9.2920,9.3133,9.2789,9.2417,9.2070,9.1797,9.1586,9.1208,9.1382,9.1692,9.1553,9.0952,9.1413,9.1325,9.1181,9.1072,9.1031,9.1065,9.0927,9.1343,9.1814,9.1943,9.1608,9.2321,9.2497,9.2617,9.2775,9.3002,9.3287,9.3467,9.4128,9.4776,9.5192,9.5185,9.6141,9.6590,9.6941,9.7197
45131.3333333,10.5370,18.7989,16.0470,19.0449,31.1326,13.0826,19.7049,15.4226,19.9305,12.0727,15.6112,14.0401,7.6471,13.7540,17.6771,17.1164,21.1982,20.1753,11.0658,13.7471,24.3864,14.9416,10.9559,17.3944,17.2822,28.8582,17.5570,13.1440,22.4967,14.9135,23.0181,22.5445,24.7185,22.5146,23.8515,20.1777,22.9288,23.8140,15.6846,22.6628,22.8570,18.6234,16.2077,17.6539,29.7883,25.7947,18.4580,18.1559,12.5209,10.6685,13.6869,16.5419,17.5673,16.8429,6.4284,19.1770,17.5450,17.1645,21.9843,16.2948,15.2055,12.8327,14.6066,15.9255,13.0486,14.9701,18.4180,18.9377,11.4142,12.4915,15.6464,18.2446,16.3178,11.0989,8.7684,16.5612,14.6010,16.7944,14.8595,17.9556,20.5549,18.8034,10.8985,6.7701,10.5667,8.9825,15.2028,12.4253,15.7734,7.1029,15.6502,18.2681,18.2753,17.1110,6.1842,8.7238,10.0038,8.1850,8.4532,6.4902,6.8275,13.9297,8.3360,8.4477,13.3552,14.6432,9.6762,12.6741,7.9340,18.6743,7.9861,7.1219,9.3837,6.6079,8.9001,6.4739,7.8409,11.3029,11.7182,11.8410,3.8316,9.8204,8.0673,11.0377,17.0807,19.2705,16.3694,18.4384,10.9066,4.8851,7.3016,8.0594,9.7072,11.6629,17.4458,15.0087,14.1910,16.7471,9.6318,10.4872,10.6720,14.1979,10.5298,9.1065,13.3041,6.8172,8.6907,15.7070,13.2033,10.9194,12.5184,10.9551,11.5435,15.5501,8.8081,11.6390,15.4146,11.7580,9.2469,9.3025,18.8364,15.3335,12.5251,14.6880,13.4685,10.0843,14.5115,10.7163,14.5673,12.5649,6.1125,7.6272,12.0121,14.4766,13.6949,11.7767,9.1910,9.0044,7.6546,14.1803,9.9937,6.6120,6.4510,9.0981,5.4568,8.8022,8.5090,8.1675,8.2687,8.1186,7.9748,7.8279,7.7004,7.5266,7.3490,7.3738,7.5334,7.4442,7.1575,7.3147,7.2246,7.1253,7.0290,6.9490,6.8852,6.6869,6.7440,6.9299,6.8759,6.6211,6.8086,6.7586,6.6915,6.6298,6.5827,6.5543,6.3880,6.4758,6.6566,6.6371,6.4210,6.6273,6.6049,6.5644,6.5290,6.5065,6.4947,6.3569,6.4837,6.5733,6.5925,6.4240,6.6605,6.6718,6.6614,6.6487
45131.3750000,5.2154,13.1021,10.8108,13.5312,25.1375,8.2012,13.7589,9.8284,14.7717,7.3659,10.2761,8.6057,2.5902,8.0727,11.3638,11.3191,15.3314,14.2527,5.5442,7.8923,18.5610,8.8635,5.5133,12.0191,12.3214,23.4597,12.4006,7.8334,17.8175,10.1439,18.8223,18.7375,21.1828,18.5337,19.7932,15.3606,18.8955,19.7717,11.6968,19.3912,18.6923,14.9537,11.7363,13.3651,25.5584,21.3612,13.5879,13.3721,8.0889,6.5115,10.0669,12.6033,13.5270,12.7491,2.4925,14.7184,13.0016,13.1192,17.3659,12.0847,10.7679,8.3124,9.4579,11.1894,8.8386,10.7303,14.6613,14.8450,7.9603,10.3468,14.0150,16.4622,14.6408,8.8720,7.2805,14.8589,12.3007,13.9562,11.5813,14.2964,17.4464,15.3326,7.1522,2.9539,5.4942,4.3542,10.5341,7.8400,11.1251,2.9716,11.0762,13.1957,12.7732,11.5743,1.0980,3.4341,4.6149,3.7010,3.1302,1.2593,1.0782,7.6453,3.0027,3.1238,7.7621,8.9963,3.9157,7.1302,2.9887,13.9948,3.8327,3.5770,6.0026,3.5784,5.6844,4.0583,4.9085,7.9625,8.2742,8.2536,0.7641,6.6121,4.6629,7.8482,13.3273,15.6551,12.9380,14.9232,7.2302,1.6110,3.7801,4.3631,5.8846,7.7311,13.0138,10.8767,10.3302,13.1268,6.1658,6.8705,7.1145,10.8014,7.2286,6.1620,10.0681,4.0693,6.0310,12.5848,9.9654,7.4896,9.3206,8.1676,9.1623,13.3665,6.7999,10.2739,13.7249,9.4209,7.2323,6.6303,16.7881,12.4699,9.5552,11.4381,10.6124,6.9982,10.9837,7.5131,10.9908,9.0822,2.9442,4.5551,8.8810,11.7827,10.9151,9.3321,6.2178,6.4317,5.0036,11.8801,7.4391,4.0050,3.2950,5.8201,2.5481,6.2248,5.7931,4.7824,5.4221,5.1509,4.8914,4.6226,4.3912,4.1400,3.3468,3.4635,4.2417,4.0842,3.1668,3.8762,3.6835,3.4721,3.2661,3.0941,2.9624,2.1796,2.3564,3.1150,3.0098,2.1404,2.9030,2.7739,2.6092,2.4537,2.3270,2.2443,1.5208,1.7714,2.4271,2.3693,1.5490,2.3321,2.2450,2.1214,2.0057,1.9137,1.8435,1.1739,1.7960,1.8640,1.8544,1.0997,1.9037,1.8649,1.7852,1.7138
45131.4166667,-2.8750,4.2634,2.9749,5.2814,18.5798,1.7581,4.6910,0.5954,6.5681,0.2493,2.4834,0.7886,-4.5107,0.1081,2.2321,2.2882,6.2610,5.3603,-2.2894,-0.6633,10.8340,0.6399,-2.0338,4.1738,5.5231,15.0721,4.1576,-1.2585,9.5640,1.9462,10.3813,11.4655,14.6269,12.3126,13.1649,8.1855,11.5090,11.2923,3.8430,13.1646,11.1018,7.7491,3.0767,5.0688,18.7198,13.5531,6.1821,5.5018,1.5924,0.0746,4.6612,6.4660,7.1609,6.4934,-2.9708,7.3967,5.1542,6.6618,10.0492,4.5974,3.1934,0.8446,0.4573,2.6113,1.6591,3.3919,8.6096,8.7642,1.8990,5.5679,10.5102,12.4455,11.4709,5.1945,5.0064,12.4547,9.0460,11.2897,6.2606,8.6011,14.3709,11.0673,2.6358,-1.4160,-1.6196,-2.2344,3.3551,0.4988,3.8045,-2.9569,3.9543,5.6436,4.3254,3.0391,-6.3500,-4.1685,-2.9729,-2.1663,-4.0104,-5.7439,-6.5120,-0.9066,-4.5830,-4.5098,-0.4839,0.3497,-4.7944,-2.1713,-5.4811,6.0386,-3.1917,-2.4981,0.6863,-1.8935,-0.8443,-0.7416,-0.4856,3.0571,3.0877,2.9076,-4.2498,1.3733,-1.2904,2.2301,6.2664,8.8833,6.9188,9.4860,2.0093,-2.8308,-0.8722,-0.5258,0.8538,2.5154,7.0474,3.8530,3.8254,7.6856,1.2505,1.1735,1.5389,5.5928,2.3611,1.4143,4.2683,-1.2030,1.2756,8.5186,5.4032,1.8086,3.9807,2.5814,4.2498,8.7999,2.7915,7.7207,10.8658,5.3161,4.6198,3.0891,13.9224,8.9596,5.8741,6.1234,6.1598,2.5695,5.7854,3.2934,5.9155,4.1072,-1.4223,0.1733,3.7494,7.4137,6.4658,5.7057,1.6102,2.7983,1.3448,8.6968,4.0428,0.6160,-0.5490,0.4029,-2.0354,2.3146,1.7746,-0.5611,1.3965,1.0515,0.7206,0.3693,0.0649,-0.2472,-2.3060,-2.0683,-0.0379,-0.2564,-2.5076,-0.5403,-0.8218,-1.1364,-1.4508,-1.7220,-1.9413,-3.9706,-3.6358,-1.7698,-1.9346,-4.0890,-2.1131,-2.3167,-2.5763,-2.8283,-3.0466,-3.2240,-5.1916,-4.0158,-3.4636,-3.5462,-5.5748,-3.5895,-3.7103,-3.8894,-4.0595,-4.1958,-4.3044,-5.9728,-4.3644,-4.2881,-4.3069,-6.1871,-4.2603,-4.3239,-4.4501,-4.5626
45131.4583333,-12.3488,-6.7346,-5.4392,-5.0838,8.7472,-7.0161,-4.9825,-10.7273,-2.6554,-7.0128,-5.7146,-5.9396,-10.5970,-7.3817,-6.2295,-6.8528,-3.5608,-4.5920,-10.8381,-10.9683,1.4355,-9.5729,-10.5445,-6.8996,-3.2790,6.2243,-4.2398,-10.0622,0.4224,-7.7409,0.7845,1.1664,5.7233,5.5931,6.7309,1.5074,4.3499,1.1798,-6.7079,4.9840,3.1488,0.1711,-6.8141,-4.6068,12.1516,4.3958,-2.4804,-4.2283,-6.4708,-8.1607,-1.8203,-0.7650,-0.0699,-0.1443,-8.3273,-0.0290,-2.7536,1.1069,4.9274,-1.1266,-3.0214,-5.5841,-8.9867,-7.1027,-6.5597,-5.4547,0.3684,0.7665,-5.5046,-0.7644,5.4952,6.1739,6.8376,0.6602,2.0298,10.1762,5.9617,9.4319,1.0695,3.6441,13.3040,8.8168,0.2461,-3.6088,-7.7710,-7.8900,-3.1981,-7.5051,-1.7001,-7.8704,-2.2973,-0.9475,-2.4756,-4.9675,-12.9710,-11.5190,-10.6063,-7.5381,-11.0723,-12.6358,-13.6378,-9.6590,-12.5864,-12.4143,-9.0787,-8.5385,-13.0494,-12.2542,-15.6975,-4.5352,-12.5982,-11.4115,-6.6665,-8.3680,-9.2149,-6.5430,-7.4521,-2.5887,-2.7175,-3.1489,-9.4874,-4.7504,-7.2183,-4.4425,-3.0622,0.9918,-1.0281,2.1864,-4.8268,-8.4334,-6.4036,-6.2045,-4.1924,-1.6261,3.1697,-2.2842,-3.8056,0.6135,-4.2133,-4.7523,-6.2477,-0.9777,-3.7011,-4.3102,-1.4656,-7.3331,-5.1354,3.0248,-0.6391,-4.1612,-0.9663,-3.6302,-2.1561,2.8032,-1.9503,4.6826,6.9839,0.8593,0.6818,-1.8987,9.8871,4.7595,1.7680,-0.4073,0.6554,-2.3792,0.2918,-2.2742,-0.6197,-2.0494,-6.7004,-5.1010,-2.7497,2.0889,1.1841,1.5911,-3.6215,-1.3242,-2.6339,5.3162,0.6918,-2.4421,-3.4015,-5.1722,-5.4474,-1.7421,-2.3655,-6.2021,-2.8119,-3.1510,-3.4524,-3.7896,-4.1271,-4.6583,-7.9983,-8.3214,-5.7603,-5.8459,-9.6014,-5.7846,-5.8919,-6.0518,-6.2443,-6.4582,-6.8111,-9.9639,-9.4796,-7.7103,-7.7759,-11.5083,-7.7308,-7.8194,-7.9840,-8.1598,-8.3435,-8.6218,-11.4897,-9.7702,-9.2465,-9.2525,-12.7794,-9.1486,-9.2011,-9.3415,-9.5016,-9.6751,-9.9510,-12.4763,-10.5969,-10.5004,-10.5056,-13.8050,-10.3977,-10.4131,-10.5062,-10.5948
45131.5000000,-21.3248,-17.8296,-12.0294,-10.9123,2.0478,-12.1606,-11.6249,-20.1586,-10.4784,-12.9896,-16.9577,-14.1151,-17.1149,-14.3247,-13.4770,-14.1701,-11.3744,-12.4375,-16.9628,-19.9001,-7.4032,-19.1450,-16.5828,-16.8938,-10.8715,-1.9570,-11.5941,-18.6778,-7.9099,-16.8597,-9.2549,-10.8152,-5.8207,-6.0022,-1.9565,-5.8917,-2.1311,-4.7988,-14.3471,-1.2333,-3.3378,-6.1513,-16.2208,-14.2060,5.9887,-4.5525,-10.5373,-13.3835,-14.7319,-16.6610,-8.2576,-7.9391,-7.1503,-6.5084,-14.6558,-9.3273,-10.8807,-5.5149,0.8770,-4.9819,-6.7384,-9.0495,-15.8414,-14.3234,-13.1123,-11.9652,-5.2069,-5.5531,-14.3747,-7.9076,-0.1956,-1.2499,-0.3145,-4.7398,-2.6811,7.4803,2.9944,8.2399,-3.5763,-1.1871,13.9095,8.4600,-0.1406,-3.7884,-12.1451,-11.4313,-4.0172,-11.0978,-3.5670,-9.2497,-5.2349,-4.3765,-6.2290,-10.0828,-16.5131,-15.8888,-15.2741,-9.7732,-15.0218,-16.3720,-17.6829,-15.6040,-18.2540,-18.0675,-15.6883,-15.5531,-19.2805,-19.2022,-23.6060,-14.6420,-21.7118,-19.4147,-13.8721,-14.7403,-18.2087,-13.8114,-17.3280,-10.5863,-10.4205,-10.5561,-14.9186,-11.1015,-12.9459,-10.7771,-10.4296,-7.5043,-9.2305,-5.2058,-11.4095,-13.8369,-12.5005,-13.9223,-12.8872,-10.5183,-5.1607,-8.2651,-8.8200,-5.6843,-9.1876,-10.0767,-11.5220,-7.0679,-9.4438,-9.8710,-7.3146,-12.0663,-10.6513,-2.2795,-8.9461,-11.1474,-8.6267,-9.4427,-8.7393,-5.2240,-7.6632,0.7627,2.5558,-1.6169,-2.5454,-6.1899,6.2571,1.0782,-1.7641,-5.6520,-4.1223,-4.8139,-3.3258,-6.5574,-6.7590,-8.1420,-11.1686,-10.4131,-10.3639,-4.8558,-5.3082,-3.1306,-9.3508,-5.1943,-6.1707,2.2919,-2.1204,-4.8245,-5.6946,-7.1876,-6.9503,-5.1040,-5.7285,-11.5440,-6.0177,-6.3447,-6.6701,-7.0465,-7.4177,-7.9694,-10.6138,-10.9382,-9.0774,-9.2416,-15.0174,-9.4166,-9.6346,-9.9082,-10.2040,-10.4993,-10.9084,-13.4224,-13.1525,-11.8417,-11.9484,-17.5079,-12.0100,-12.1258,-12.3218,-12.5234,-12.7226,-13.0053,-15.2519,-14.0514,-13.6247,-13.6614,-18.8829,-13.6511,-13.7188,-13.8735,-14.0368,-14.1989,-14.4512,-16.3873,-15.0345,-14.9175,-14.9317,-19.7634,-14.8973,-14.9299,-15.0472,-15.1523
45131.5416667,-26.1205,-25.2433,-17.7929,-15.8229,-3.4045,-15.6264,-16.2496,-26.7982,-15.3584,-15.7432,-19.9415,-18.7914,-21.2001,-19.8951,-20.0045,-20.9801,-18.6991,-19.4335,-21.7729,-25.0807,-13.8610,-26.6647,-20.8789,-25.1658,-16.8765,-8.3219,-16.5221,-23.8073,-13.3875,-23.4978,-14.4731,-17.4973,-12.6332,-10.9881,-8.8735,-12.7346,-9.3333,-12.0037,-22.6919,-7.4401,-8.9645,-10.9004,-23.5232,-21.4880,-0.0818,-12.6370,-16.9782,-17.6306,-20.2999,-22.2481,-13.3363,-14.4718,-13.8688,-12.4642,-19.8799,-19.1059,-19.5709,-12.8638,-2.8360,-8.3246,-9.8520,-11.8140,-21.7975,-20.8237,-18.7281,-17.6402,-10.9424,-10.9007,-21.7495,-14.3303,-5.8021,-9.6523,-10.5121,-13.0764,-9.4196,2.1097,-1.5179,5.0981,-7.2244,-4.8367,15.9389,9.6975,1.0155,-2.5561,-14.9805,-13.1072,-5.6200,-14.9478,-6.2303,-10.8535,-6.9717,-5.5850,-6.9490,-11.4522,-16.1940,-16.0280,-15.5660,-7.8411,-14.6119,-15.8660,-17.5361,-17.2661,-20.3291,-20.1805,-18.7904,-19.0880,-22.0676,-22.9775,-28.6363,-22.3614,-27.8891,-24.5137,-18.8786,-17.0522,-20.3160,-16.0797,-22.7986,-15.3859,-16.2856,-15.1973,-18.2672,-16.7082,-18.4496,-17.1600,-16.6371,-13.5836,-15.3123,-10.8439,-16.1936,-16.9301,-16.6514,-17.4130,-19.3158,-18.1301,-10.3638,-14.5316,-14.8731,-11.1262,-13.4629,-14.8375,-15.9900,-11.9393,-13.4916,-13.5063,-11.3351,-14.8210,-14.1689,-5.9310,-15.3564,-16.5904,-14.9882,-15.9766,-14.7521,-13.1432,-12.7811,-2.9532,-1.8186,-4.1299,-5.2205,-9.8814,2.8403,-2.3140,-4.6618,-7.3031,-4.4462,-6.3265,-6.3457,-10.1549,-12.2845,-13.3129,-14.3158,-14.2189,-14.8470,-10.5361,-11.2257,-7.9561,-14.7002,-10.3991,-10.9058,-2.1368,-5.9740,-7.9358,-8.4601,-9.0157,-8.1995,-7.6614,-8.3445,-14.8840,-9.1387,-9.2059,-9.2702,-9.3884,-9.5075,-9.8176,-11.7341,-11.8837,-10.4316,-10.7475,-17.3061,-11.7186,-11.8372,-12.0008,-12.1739,-12.3364,-12.6091,-14.5083,-14.2867,-13.2812,-13.5806,-19.8936,-14.4866,-14.5530,-14.6902,-14.8191,-14.9334,-15.1238,-16.8324,-15.9435,-15.5872,-15.8082,-21.7161,-16.5732,-16.5788,-16.6579,-16.7288,-16.7848,-16.9244,-18.3479,-17.3112,-17.1695,-17.3153,-21.7214,-17.9268,-17.9334,-18.0303,-18.1166
45131.5833333,-30.5796,-27.9913,-20.9965,-18.2765,-6.7225,-17.0297,-19.2281,-32.0317,-19.0708,-17.2827,-21.2506,-20.6675,-21.7996,-21.6096,-22.4142,-23.6526,-22.2904,-23.1942,-23.7319,-27.8026,-18.0570,-31.2825,-22.8360,-31.7410,-21.4143,-13.1475,-23.1332,-28.2208,-16.5850,-27.2159,-21.0297,-23.6496,-18.0949,-10.5593,-7.9377,-11.0667,-9.3099,-13.4021,-25.6174,-9.9245,-11.5404,-13.0745,-28.4121,-22.1781,-3.2230,-18.5907,-21.6761,-20.6151,-23.8939,-25.9794,-16.9577,-18.5134,-17.6701,-15.5030,-21.7796,-26.4619,-26.3523,-20.0479,-6.2872,-11.2808,-12.4639,-13.9115,-26.2769,-25.9491,-22.9047,-17.8875,-13.4419,-14.7980,-27.6550,-19.5806,-10.4281,-11.2202,-11.5843,-19.1911,-13.8614,-4.5848,-8.3769,-5.0454,-15.4530,-12.4968,12.8161,6.7187,-1.3509,-4.3469,-19.1778,-13.2192,-6.0035,-13.4576,-5.7625,-9.6739,-6.4986,-5.1384,-6.3856,-11.5434,-14.7819,-14.9321,-14.8445,-5.4485,-13.3133,-14.4169,-16.0907,-16.8187,-18.8866,-18.6780,-18.0271,-18.6694,-21.0015,-22.8294,-28.6000,-26.3400,-31.1882,-27.0409,-24.2715,-18.2832,-21.0926,-16.9463,-26.3638,-18.4551,-22.4295,-17.0552,-18.0700,-18.1892,-19.6235,-19.3885,-23.6799,-18.3482,-19.2072,-14.0533,-18.1842,-16.9112,-20.0517,-18.8079,-22.5107,-22.7498,-12.8530,-17.5678,-21.0077,-14.8637,-15.3087,-16.7399,-17.6453,-13.4506,-13.9060,-14.2533,-13.3503,-15.9724,-15.5933,-7.7284,-19.5870,-19.9402,-16.8441,-19.5181,-18.7839,-20.1174,-16.9480,-6.4107,-6.0609,-6.6669,-7.7106,-13.0027,-0.0019,-4.9419,-6.0831,-7.6185,-3.5077,-6.0706,-6.9871,-11.1028,-14.9939,-16.0017,-15.3039,-15.9290,-17.5154,-14.2947,-14.8423,-10.3660,-15.4749,-12.5174,-12.8629,-4.6401,-8.0340,-9.4122,-9.9441,-10.2253,-8.9444,-9.6635,-10.3264,-15.1585,-10.9341,-10.9585,-10.9848,-11.0714,-11.1575,-11.4192,-12.8974,-12.9502,-11.7335,-11.8999,-16.6880,-12.5257,-12.5394,-12.6190,-12.7301,-12.8469,-13.0792,-14.5817,-14.4109,-13.5792,-13.7968,-18.4796,-14.5211,-14.5693,-14.7111,-14.8656,-15.0198,-15.2525,-16.6720,-16.0771,-15.7850,-15.9887,-20.4210,-16.6866,-16.7191,-16.8421,-16.9722,-17.0970,-17.3043,-18.4941,-17.7880,-17.6738,-17.8116,-21.1434,-18.3394,-18.3239,-18.3961,-18.4595
45131.6250000,-27.2000,-26.7576,-21.2753,-18.3625,-7.6400,-15.9658,-19.2477,-33.7966,-20.0534,-16.5044,-20.4176,-20.3582,-20.6160,-21.4705,-22.8836,-24.1935,-23.3957,-24.1113,-22.8987,-27.4090,-18.9999,-32.2820,-21.8464,-30.4680,-22.8650,-16.3180,-28.4428,-31.2157,-21.4908,-28.2694,-26.0919,-28.4054,-23.4401,-15.0991,-9.3900,-10.5867,-3.5093,-6.5706,-19.5748,-3.9668,-6.0849,-7.7720,-23.5224,-16.5985,-0.9021,-19.7875,-22.0896,-19.9843,-23.9184,-22.5073,-16.1572,-19.4988,-19.4375,-17.0373,-22.0996,-31.7841,-31.1172,-25.6354,-8.5438,-12.7119,-13.4687,-14.4301,-28.7347,-29.0823,-25.0018,-20.4900,-14.5986,-12.8893,-29.3287,-22.1048,-13.1179,-15.3895,-14.0392,-18.0575,-8.9365,-3.5227,-8.2578,-8.6644,-17.8569,-8.9630,13.6561,6.7815,-1.3678,-4.3244,-16.4693,-12.9698,-7.4227,-14.0013,-7.4511,-10.6118,-7.5548,-5.3854,-5.6880,-10.6491,-15.1481,-12.1360,-11.3839,-0.7249,-8.8399,-9.7612,-11.3460,-12.5631,-15.1476,-15.2908,-13.6948,-14.6248,-16.5973,-19.1374,-25.1258,-26.3325,-28.7206,-26.3784,-26.2923,-20.4308,-20.2470,-15.1720,-23.5474,-18.4883,-25.6583,-21.5072,-17.5633,-18.4569,-19.0820,-18.9816,-23.1990,-21.0981,-21.9815,-16.5167,-19.3904,-18.0876,-19.2155,-20.3941,-23.9714,-24.5351,-13.5378,-18.6592,-21.8571,-17.6118,-16.9452,-18.7675,-19.4624,-17.3423,-15.9575,-12.9145,-11.7169,-13.2508,-14.9095,-5.5538,-18.6641,-18.1640,-16.1833,-17.7501,-18.0028,-22.0202,-17.2042,-6.9047,-7.6228,-6.9962,-7.9970,-13.9419,-1.5561,-9.1003,-6.4274,-6.9112,-1.7471,-4.6627,-6.0722,-12.2678,-15.0513,-15.7233,-13.7204,-15.0984,-17.4351,-14.7869,-16.7780,-9.1008,-12.9063,-10.8964,-11.1263,-3.4957,-6.4602,-7.4115,-7.9670,-8.1069,-6.6025,-8.1720,-8.9033,-12.6221,-9.5934,-9.6968,-9.7962,-9.9492,-10.0913,-10.3942,-11.6363,-11.6998,-10.7388,-10.8941,-14.5095,-11.4462,-11.4538,-11.5217,-11.6147,-11.7054,-11.9013,-13.1062,-12.9520,-12.2256,-12.3694,-15.8674,-12.9119,-12.9074,-12.9987,-13.1039,-13.2095,-13.3926,-14.5312,-14.0793,-13.7794,-13.9314,-17.2775,-14.5161,-14.5370,-14.6553,-14.7857,-14.9141,-15.1264,-16.1146,-15.6206,-15.5190,-15.6615,-18.2509,-16.1864,-16.1985,-16.2986,-16.3804
45131.6666667,-25.0492,-23.8648,-18.8350,-15.8207,-5.1086,-11.5414,-16.0894,-31.8826,-17.9886,-13.0939,-16.2199,-16.4420,-16.5730,-18.4317,-20.4790,-21.9271,-21.7516,-22.4084,-19.9321,-24.5154,-16.7504,-29.8505,-18.7471,-26.6635,-19.6989,-14.5335,-27.7764,-29.4993,-23.8771,-28.4509,-29.1914,-31.3022,-27.0834,-19.1416,-13.5258,-14.3623,-4.2737,-5.9297,-18.3812,-1.0678,-1.8847,-2.5291,-17.1871,-9.2516,5.4362,-14.6750,-16.2246,-13.7568,-18.4436,-17.8199,-11.6315,-15.4042,-15.5989,-13.1229,-17.3395,-31.7097,-31.3825,-26.6606,-8.0102,-11.6221,-12.2972,-13.0742,-29.0432,-30.0265,-26.2260,-23.3188,-18.9035,-13.6928,-29.0322,-21.9949,-13.1280,-18.7208,-17.2230,-18.5415,-7.2545,-3.5656,-7.7242,-10.3826,-17.2778,-4.5760,16.3677,9.6817,1.9728,-0.6535,-9.9193,-7.6179,-2.7143,-8.2996,-2.6091,-5.3144,-3.8010,0.2485,-0.3079,-6.1733,-12.2244,-8.2740,-7.7325,3.1420,-5.1287,-6.2004,-7.7644,-9.0348,-11.0350,-13.5567,-9.8401,-10.1885,-11.4048,-13.6179,-19.1047,-21.8053,-22.7594,-19.6637,-21.3923,-16.0765,-17.3541,-10.4633,-17.6533,-14.2834,-23.3618,-20.6191,-14.2754,-16.4052,-18.8907,-17.6844,-22.0800,-19.4055,-19.9606,-14.6313,-16.7088,-15.6288,-17.8862,-19.8892,-23.5181,-24.7041,-13.4858,-18.4219,-20.5917,-17.7831,-14.6894,-16.5606,-18.4765,-18.9660,-17.2881,-12.7668,-11.8370,-12.6137,-15.6657,-5.8529,-19.1842,-17.7984,-16.6625,-16.1306,-16.0781,-20.6851,-14.8917,-4.9909,-5.5096,-4.0521,-4.7380,-11.0867,0.0146,-9.4419,-4.4508,-4.0659,1.7744,-3.3485,-2.9566,-10.9064,-13.2042,-13.7792,-10.8071,-12.4759,-15.5791,-14.0233,-17.7050,-8.1004,-10.6684,-9.0335,-8.9807,-1.6854,-4.1866,-4.8513,-5.2677,-5.0459,-3.6153,-5.1704,-5.7392,-8.4804,-6.1307,-6.1398,-6.1628,-6.2589,-6.3601,-6.6360,-7.6766,-7.7275,-6.9430,-7.1050,-9.9130,-7.6661,-7.7143,-7.8259,-7.9627,-8.0943,-8.3262,-9.3841,-9.2998,-8.7021,-8.8500,-11.5585,-9.3632,-9.3653,-9.4609,-9.5656,-9.6647,-9.8347,-10.7915,-10.4475,-10.1389,-10.2489,-12.8119,-10.7228,-10.7130,-10.8026,-10.9039,-11.0024,-11.1842,-11.9946,-11.6122,-11.4783,-11.5862,-13.6131,-12.0352,-12.0328,-12.1236,-12.1971
45131.7083333,-19.8068,-20.6002,-13.2951,-10.4105,-3.3030,-4.4652,-8.4767,-24.8303,-11.4315,-5.9740,-11.8071,-9.6909,-9.5109,-11.6686,-14.0966,-15.7450,-16.3077,-17.2234,-14.2219,-19.5639,-14.2624,-23.3787,-12.6082,-19.5231,-16.1930,-9.2680,-21.7295,-23.1715,-21.1896,-24.9727,-28.6849,-31.8864,-29.7857,-22.2420,-17.0524,-17.4391,-5.8972,-5.9857,-17.6819,-0.3272,-0.3118,-0.2217,-11.8130,-4.7979,9.6559,-9.8058,-10.1253,-6.8882,-10.9974,-8.5729,-4.4893,-8.6390,-9.0884,-6.6635,-9.9638,-27.4090,-27.6489,-23.9639,-5.1546,-7.4174,-7.9491,-8.6095,-24.7189,-26.9356,-21.5496,-22.6302,-19.6986,-15.5308,-28.8070,-21.7885,-13.9739,-17.8647,-19.0846,-18.7864,-6.9492,-4.3802,-7.7622,-11.7032,-16.0085,-1.7089,18.0225,11.9620,4.7696,2.3767,-4.3810,-2.7004,2.1260,-2.4397,2.8555,0.2319,-0.8053,6.0623,5.9814,0.1899,-6.4940,-2.0123,-1.2376,9.0402,1.4674,0.3315,-1.0808,-2.1407,-3.5268,-5.5818,-3.1562,-2.9637,-4.4924,-7.0442,-12.5972,-16.4800,-16.8320,-14.1192,-16.0518,-11.2614,-12.9602,-5.5584,-11.4413,-8.3426,-17.9464,-16.3369,-8.9089,-11.3926,-14.8590,-13.6753,-19.8350,-16.8637,-16.8483,-11.5472,-12.6768,-11.4751,-14.3650,-15.5893,-20.4671,-22.6988,-12.5466,-16.9861,-18.4741,-16.6246,-13.0190,-14.9615,-17.6963,-17.8411,-15.9833,-11.2214,-10.6565,-10.7838,-13.6675,-4.9076,-17.8987,-16.4483,-16.3351,-15.4007,-14.6405,-19.4799,-11.1287,-5.6417,-4.7265,-3.6185,-2.0647,-6.7147,3.8612,-4.5012,0.0799,1.0607,6.4857,-1.3057,1.0248,-7.4002,-9.6941,-10.0982,-7.3721,-8.2270,-11.4927,-10.8323,-14.1804,-5.4132,-7.5206,-6.4552,-6.4084,0.2319,-1.8859,-2.4339,-2.7601,-2.2694,-1.1146,-2.2298,-2.6100,-4.6098,-2.6624,-2.5254,-2.4042,-2.3613,-2.3242,-2.4652,-3.2434,-3.1480,-2.3485,-2.3940,-4.5175,-2.7247,-2.6968,-2.7460,-2.8308,-2.9171,-3.1105,-4.0160,-3.9282,-3.3780,-3.5115,-5.6603,-3.9943,-4.0134,-4.1363,-4.2712,-4.4002,-4.5981,-5.4712,-5.2353,-4.9516,-5.0749,-7.1331,-5.5496,-5.5585,-5.6700,-5.7902,-5.9022,-6.0928,-6.8062,-6.5152,-6.3674,-6.4627,-8.1079,-6.8658,-6.8542,-6.9405,-7.0078
45131.7500000,-14.7978,-16.8415,-8.9306,-7.9372,-1.8029,-0.6941,-4.0318,-18.6556,-7.1472,-0.9489,-6.8411,-3.7524,-3.2438,-4.7716,-7.0083,-8.3426,-8.8842,-9.3465,-6.3352,-12.0642,-9.2833,-15.9868,-6.8869,-12.5442,-11.2308,-4.4516,-15.3324,-16.2676,-16.4261,-19.0065,-24.7935,-28.2728,-27.9708,-21.3634,-17.6912,-18.1630,-8.3186,-7.0076,-16.6307,-0.3938,0.2518,1.0207,-8.1482,-1.7562,12.5896,-5.1832,-4.6850,-1.3654,-5.2657,-1.9773,1.4072,-1.8300,-1.8250,0.6519,-2.4956,-19.3665,-19.6748,-16.9290,-0.5089,-2.0802,-2.5829,-3.1397,-18.1084,-20.6486,-14.8993,-17.1524,-14.5108,-12.3891,-25.2634,-20.1823,-14.2537,-17.3779,-19.2422,-17.5435,-6.2739,-4.7622,-6.7398,-10.6749,-13.5423,0.3622,18.6583,13.2252,6.4401,4.0884,-0.7868,0.5374,5.4146,1.7047,6.8295,4.1073,2.9317,10.8704,11.3209,6.1654,-0.6497,3.5505,5.1516,14.0345,7.6726,6.4875,5.0924,5.7363,3.2501,1.7941,3.4866,5.0098,3.5794,1.2712,-3.7724,-8.1196,-8.5092,-7.0834,-9.2650,-5.4515,-7.5376,-1.2245,-6.0286,-3.6390,-12.6862,-11.7621,-4.8143,-6.7850,-9.9819,-8.9560,-15.2602,-12.5003,-11.5288,-6.7195,-7.3471,-6.2144,-9.1583,-10.2180,-14.5488,-17.2785,-9.2287,-13.2556,-14.4149,-13.2632,-9.3371,-11.3061,-14.2730,-15.4845,-13.4099,-9.0689,-9.1598,-8.9923,-11.6952,-4.5303,-15.7809,-14.3025,-14.8780,-13.8305,-13.1832,-18.3885,-9.0699,-6.0595,-5.7584,-4.5083,-2.7943,-5.5630,4.1322,-3.6633,0.5165,2.9088,7.9532,0.1104,3.8492,-3.5180,-5.2302,-5.0598,-2.7923,-3.4246,-6.4909,-6.5724,-8.7751,-0.8844,-2.6030,-1.8476,-1.8556,4.0887,2.1289,1.4252,1.0992,1.7273,2.2789,1.7847,1.4589,-0.1339,1.4061,1.5416,1.6696,1.7260,1.7859,1.6713,1.0153,1.1694,1.9667,2.0114,0.3899,1.8868,2.0194,2.0763,2.0976,2.1163,2.0206,1.2871,1.4452,2.0468,2.0135,0.3459,1.7173,1.7779,1.7252,1.6524,1.5774,1.4217,0.6533,0.8505,1.1604,1.0667,-0.6076,0.6347,0.6364,0.5278,0.4054,0.2867,0.0817,-0.5833,-0.3808,-0.2396,-0.3445,-1.7460,-0.7694,-0.7664,-0.8625,-0.9370
45131.7916667,-6.6980,-9.7241,-2.5684,-2.7540,2.1817,3.7471,0.9076,-12.1563,-2.9531,2.6634,-2.6871,0.2713,0.0633,-0.3235,-1.4604,-2.1718,-2.1823,-2.7817,0.0280,-4.6643,-2.9685,-8.0936,-1.0536,-5.3384,-4.8145,1.5137,-8.2561,-8.8627,-10.2755,-12.0753,-18.9809,-22.7341,-23.6825,-17.6861,-15.1232,-15.4348,-7.6499,-5.9831,-14.0491,0.2779,0.8917,2.3150,-5.0464,0.6093,14.4595,-1.4720,-0.5986,2.5973,-1.0307,2.1451,5.1934,2.8355,3.5398,5.9970,2.4686,-11.9828,-12.1703,-9.7942,4.9502,3.9504,3.5821,3.3545,-9.4032,-12.2840,-6.8829,-9.9341,-7.9969,-7.2679,-19.2803,-16.1419,-12.0990,-15.0740,-17.3135,-14.9574,-5.7964,-5.5820,-7.0997,-10.2975,-11.8379,0.6361,18.2149,13.6885,8.1707,5.9951,2.4254,4.2501,9.3278,6.2692,11.1854,7.7898,7.4774,15.3614,16.0097,10.6510,4.2502,7.6064,9.7043,16.8178,11.9183,10.6176,9.2603,11.4143,8.1990,7.3428,9.0904,11.2187,9.6785,8.0733,3.6684,0.3830,-0.3540,0.2759,-1.6801,1.0498,-0.8738,3.4454,0.1597,2.1682,-5.5838,-5.1807,0.1975,-1.7775,-4.4295,-3.7625,-10.0830,-8.1351,-6.5922,-2.3650,-2.2527,-1.4167,-3.8012,-4.9260,-8.6031,-11.2502,-5.0941,-8.0249,-8.7198,-8.0770,-4.3431,-6.2379,-9.1199,-11.0592,-9.1860,-5.6208,-6.2141,-5.7945,-8.3842,-3.9473,-12.5684,-11.0942,-12.2248,-11.4284,-11.0093,-16.4871,-7.5341,-5.8658,-6.1534,-4.8212,-3.0264,-4.7964,3.4277,-3.4867,0.2375,2.9795,7.3425,0.3693,4.1135,-1.8810,-3.2278,-2.3964,-0.4835,-0.3422,-2.4019,-2.4764,-4.0654,2.9760,1.6561,2.3730,2.3811,8.0432,6.1230,5.1082,4.8914,5.8821,5.6293,6.0524,5.8283,4.6115,5.8515,5.9988,6.1352,6.2007,6.2660,6.1643,5.6054,5.7528,6.4550,6.5071,5.2340,6.4194,6.5548,6.6226,6.6604,6.6995,6.6346,6.0260,6.1924,6.7642,6.7833,5.5014,6.6249,6.7413,6.7550,6.7523,6.7490,6.6699,6.0621,6.2723,6.6215,6.6018,5.3098,6.3292,6.3864,6.3369,6.2700,6.2019,6.0473,5.4980,5.6729,5.8293,5.7534,4.6094,5.3884,5.3991,5.3140,5.2471
45131.8333333,2.0837,-0.8039,4.8692,4.5500,8.9442,9.3977,7.4205,-3.9855,3.3383,7.6011,3.3027,5.5087,4.6417,4.5913,3.5331,2.9100,3.0616,2.4848,4.4723,0.8876,2.3404,-1.7918,3.5256,0.2723,0.7069,6.6078,-1.6710,-2.0098,-3.7082,-4.9063,-11.8975,-15.5661,-17.4610,-12.2402,-10.6421,-10.8684,-4.7981,-3.5728,-9.7804,2.1143,2.5705,3.9509,-1.9932,2.8623,15.9385,2.0632,2.9752,5.7700,2.5671,5.0200,7.7952,6.3043,7.2718,9.4688,5.5459,-5.6662,-5.6365,-3.5485,9.3126,8.2157,7.9237,7.6051,-2.7411,-5.2480,-0.4824,-3.1026,-1.3909,-1.0611,-11.8085,-10.3791,-8.1141,-11.3094,-13.2393,-10.9087,-3.6401,-4.4403,-5.8240,-8.8541,-10.0278,0.6748,16.2900,12.4804,7.3512,5.2865,2.9790,4.5398,9.6804,7.1330,12.0648,8.2982,9.7160,17.1575,18.3040,13.8552,7.4547,10.6090,12.7874,17.9519,14.6093,13.2031,12.3882,15.7173,12.2265,11.6996,13.9467,16.0314,13.9973,13.0044,8.8542,7.1746,6.0454,6.3511,5.0750,6.7041,5.4994,8.1298,6.0105,7.7936,1.6049,1.7071,4.7217,3.7594,1.4802,1.8311,-3.8555,-2.5623,-1.2387,2.1399,2.1451,2.3794,0.6894,-0.2911,-3.2067,-5.5464,-1.1247,-3.5328,-3.9103,-3.3314,0.0193,-1.4593,-3.7104,-5.6119,-3.8856,-1.2130,-1.9944,-1.4787,-3.7280,-1.1064,-7.8925,-6.6187,-8.1582,-7.8603,-7.9955,-13.4875,-5.3161,-4.5318,-5.2105,-3.8764,-2.0985,-3.4216,3.0414,-2.5661,0.5389,2.9884,6.5128,0.9395,4.1534,-0.5901,-1.7019,-0.8212,0.6006,1.1673,-0.0426,0.1649,-0.8490,4.9741,3.9476,4.6619,4.6936,10.2242,8.2993,6.9739,6.9602,8.4448,7.3813,8.8461,8.8323,8.0748,9.1633,9.4307,9.6817,9.8655,10.0378,10.0597,9.7099,9.9102,10.5445,10.6590,9.7554,10.7014,10.8617,10.9618,11.0318,11.0971,11.0702,10.6069,10.7518,11.2262,11.2617,10.3031,11.1638,11.2779,11.3094,11.3281,11.3463,11.3010,10.8357,11.0114,11.3182,11.3306,10.3707,11.1643,11.2456,11.2421,11.2254,11.2077,11.1174,10.7149,10.8761,11.0393,11.0129,10.1588,10.7756,10.8159,10.7759,10.7439
45131.8750000,9.1543,7.2969,11.6935,11.7019,16.2982,15.0130,14.3169,4.2767,10.4217,13.0585,10.0676,11.6064,9.9212,10.6576,9.8991,9.0989,9.2251,8.4707,9.1279,6.3549,7.8875,4.0560,7.6144,5.4883,5.7800,11.3945,4.0482,3.5981,2.2915,1.3004,-4.8871,-8.1733,-10.3262,-5.6657,-4.5577,-4.6936,0.1501,0.9671,-4.1136,5.5431,5.9047,6.8876,1.9314,5.9166,18.0664,5.8638,6.4281,8.7537,5.7755,7.4129,10.0001,9.3453,10.4394,12.3283,7.6827,-0.1368,-0.0333,1.7858,13.1097,11.8911,11.7597,11.3514,3.2136,1.0641,4.8708,2.7623,4.3053,4.5311,-4.6561,-4.1599,-2.9086,-6.1085,-7.8623,-5.8162,-0.2833,-1.3690,-2.5723,-5.4154,-6.2994,2.8884,16.6212,13.4450,8.4858,6.4327,5.1658,6.2241,11.0747,8.7401,13.2384,8.9122,11.5083,18.2836,19.4791,15.7564,8.9450,11.9821,14.1189,17.5752,15.5302,14.0354,13.7903,18.3546,14.9253,14.7308,17.7346,19.8689,17.3783,17.1784,12.9232,13.0647,10.7290,10.6137,10.0913,10.5843,10.3010,11.4787,10.4694,12.5495,7.9034,8.0149,8.4234,9.2522,7.2329,7.6826,3.1555,4.0211,4.9114,7.6901,7.1233,6.2991,5.3649,4.5258,2.2733,0.2936,3.6038,1.4376,0.9891,1.3209,3.7246,2.5816,0.8049,-0.7822,0.6246,2.5326,2.0424,2.2602,0.7108,2.6153,-2.6588,-1.6031,-3.0618,-3.0322,-3.5888,-8.9048,-1.9603,-1.7212,-2.5792,-1.3977,0.1352,-0.8993,4.1612,-0.3387,2.1018,4.1698,6.8964,2.4714,5.1999,1.3469,0.4112,1.0600,1.8075,2.4741,1.8472,2.2058,1.5327,6.0956,5.1659,5.7768,5.7157,11.1787,9.1335,7.4826,7.6010,9.5033,7.7183,9.9963,10.1361,9.7520,10.7178,11.0972,11.4659,11.7827,12.0853,12.2634,12.1516,12.4443,13.0695,13.3105,12.7926,13.6217,13.8859,14.1011,14.2871,14.4602,14.5494,14.2960,14.4847,14.9252,15.0370,14.4051,15.0974,15.2532,15.3435,15.4181,15.4851,15.4934,15.1754,15.3257,15.5849,15.6242,14.9400,15.5372,15.6273,15.6549,15.6713,15.6843,15.6369,15.3503,15.4792,15.6215,15.6230,15.0074,15.4726,15.5294,15.5275,15.5263
45131.9166667,14.0705,13.6640,16.7296,17.0870,22.1115,18.5391,19.1397,10.2228,15.6421,16.5178,14.8932,15.8950,13.2894,15.4217,15.3585,14.5994,15.0449,14.1958,13.3498,11.5188,13.5665,9.5391,11.4324,10.5046,10.5503,15.9653,8.8975,8.0371,7.4262,6.1719,1.1745,-1.7370,-3.8635,0.1421,0.9567,0.8099,4.7877,5.4379,1.1223,9.1330,9.4284,9.8852,5.7028,8.9526,20.2745,9.4221,9.3979,11.2307,8.2377,9.1313,11.5723,11.5439,12.6148,14.0968,8.5677,4.1244,4.2313,5.7610,15.6806,14.0510,13.9054,13.2930,7.2231,5.6188,8.5295,7.1064,8.7298,9.0023,1.1954,1.3141,2.0713,-0.8542,-2.4590,-0.8334,3.1006,2.2825,1.1159,-1.5181,-2.3010,5.4596,17.2824,14.4471,9.4197,7.2313,6.8888,7.4968,12.2112,10.0200,14.1774,9.2782,12.8743,18.9701,20.0827,16.9245,9.5740,12.5067,14.4922,16.5002,15.3015,13.6192,13.6728,19.1216,15.8432,15.8291,19.4813,21.6051,18.5804,19.2907,14.9654,17.3079,13.6063,13.2325,13.4745,12.8915,13.4801,13.3922,13.2617,15.7293,12.2860,12.3923,10.1637,12.9439,11.0843,12.0149,9.0844,9.9042,10.3798,12.7636,11.3587,9.2495,9.2548,8.7165,7.2107,5.7446,8.5080,6.3981,5.7871,5.9553,7.0953,6.2129,4.7689,3.5560,4.3530,5.4686,5.3653,4.8092,3.9204,5.7109,1.4795,2.2046,1.0547,1.0262,0.4978,-4.0203,1.4215,1.5017,0.7137,1.5515,2.6281,1.8157,6.0292,2.2533,3.9688,5.6861,7.6679,3.9998,6.4127,3.1342,2.4895,2.8872,2.9135,3.6290,3.5248,3.9350,3.3714,6.7471,5.7466,6.1683,5.9187,11.2546,8.9732,7.0107,7.1528,9.2914,6.9689,9.6806,9.8331,9.6492,10.4396,10.8186,11.1968,11.5442,11.8870,12.1452,12.1987,12.5450,13.1334,13.4495,13.2222,13.9605,14.2961,14.5970,14.8767,15.1461,15.3538,15.3131,15.5862,16.0378,16.2515,15.9277,16.5478,16.7812,16.9636,17.1302,17.2865,17.3955,17.2647,17.4635,17.7357,17.8455,17.4306,17.9273,18.0573,18.1378,18.2055,18.2663,18.2794,18.1165,18.2469,18.3843,18.4178,18.0057,18.3641,18.4290,18.4487,18.4626
45131.9583333,16.9981,18.2508,20.1450,20.9613,26.7381,20.7660,22.6623,14.5329,19.4659,18.6050,18.1669,18.6094,14.9493,18.4600,19.1127,18.3862,19.3500,18.5129,16.1363,15.3119,18.3903,13.8781,14.3438,14.8017,14.7350,20.4445,13.2761,11.8491,12.2300,10.3127,6.6322,3.9624,1.9170,5.1669,5.7654,5.4170,8.7614,9.3011,5.2597,12.2464,12.5103,12.4158,8.8175,11.5143,22.2901,12.5770,11.8344,13.2624,10.0619,10.3246,12.7153,13.2152,14.2415,15.3333,8.9290,7.4342,7.4018,8.6237,17.3942,15.2815,15.0588,14.1887,9.7935,8.6354,10.6210,9.8042,11.6195,12.0689,5.3854,5.5399,6.2956,3.9122,2.4260,3.4311,5.9575,5.9517,4.7873,2.4856,1.7164,8.3299,18.4737,15.8907,10.6817,8.2759,8.7072,8.8544,13.4722,11.2755,15.0899,9.5942,13.9658,19.3934,20.3367,17.5658,9.6405,12.4510,14.2768,15.1922,14.5804,12.7557,12.9819,19.0573,15.7869,15.8828,20.0556,22.1255,18.5659,20.0155,15.4251,19.7508,14.5923,14.0235,14.9815,13.5376,14.9167,13.8740,14.4861,17.4632,15.0498,15.2186,10.6863,15.1764,13.3430,14.8270,13.5628,14.4741,14.5099,16.7031,14.3188,10.8847,11.7888,11.5960,10.8553,10.0318,12.8074,10.7360,10.0357,10.2867,10.0545,9.4575,8.2816,7.5894,7.6607,8.0811,8.4944,6.9095,6.5683,8.6382,5.0696,5.3500,4.4771,4.1914,3.7012,0.1642,3.9453,4.1725,3.7243,4.1423,4.7385,4.1617,8.1280,4.8627,5.9125,7.4183,8.7741,5.5880,7.8574,4.8925,4.5610,4.6363,3.8530,4.5731,4.9624,5.4446,4.9177,7.2904,6.1784,6.4290,6.0044,11.2188,8.7318,6.5618,6.6836,8.9089,6.2758,9.1376,9.2399,9.1343,9.7301,10.0358,10.3452,10.6367,10.9292,11.1653,11.2587,11.5664,12.0535,12.3510,12.2634,12.8722,13.1988,13.5054,13.8013,14.0942,14.3466,14.4238,14.7286,15.1648,15.4333,15.3178,15.8796,16.1666,16.4178,16.6578,16.8903,17.0880,17.1122,17.3707,17.6808,17.8728,17.6857,18.1485,18.3469,18.5068,18.6542,18.7931,18.8939,18.8642,19.0404,19.2179,19.3172,19.0923,19.4145,19.5226,19.5918,19.6421
45132.0000000,18.2928,21.1623,22.0687,23.3833,30.0951,21.8327,24.9692,17.4746,22.1563,19.7382,20.3527,20.3278,15.7244,20.3741,21.7287,21.0084,22.5017,21.6315,17.7402,17.7628,22.0576,16.8549,16.0889,17.9225,17.8259,24.2113,16.7094,14.7182,16.4277,13.7456,11.6401,9.2255,7.3819,9.8237,10.2571,9.5434,12.4076,12.8445,8.6973,14.9456,15.2068,14.5571,11.3981,13.6890,24.1659,15.4454,13.9269,14.9026,11.4311,11.1846,13.6050,14.5857,15.5980,16.3590,9.1735,10.2565,10.0253,10.9524,18.7868,16.1756,15.8480,14.7157,11.6722,10.8804,11.9782,11.6564,13.6336,14.1406,8.0843,8.4224,9.4610,7.8004,6.4299,6.7433,8.0642,9.2393,8.0898,6.2657,5.4802,11.2206,19.9340,17.5763,12.1093,9.4078,10.5754,10.3269,15.0021,12.7671,16.3379,10.2623,15.3386,20.1698,20.9211,18.4279,9.9375,12.6126,14.2650,14.3495,14.1188,12.1739,12.4654,18.9291,15.1037,15.2830,19.8638,21.8946,17.9165,19.8794,15.0634,21.0499,14.5364,13.7689,15.2698,13.1753,15.1280,13.3954,14.5212,17.9342,16.3487,16.5939,10.2926,16.0885,14.2710,16.3311,16.7170,17.8493,17.4631,19.6006,16.2043,11.5877,13.2295,13.3418,13.2789,13.0974,16.2103,14.1318,13.3822,13.8974,12.2930,12.0288,11.1305,11.1092,10.4569,10.3285,11.4016,8.7219,8.9024,11.5595,8.4140,8.2227,7.6443,7.0095,6.5176,3.9436,6.0053,6.5027,6.5085,6.4331,6.4549,6.0598,10.1844,7.2341,7.6798,9.0929,9.9319,7.0413,9.3392,6.5305,6.6020,6.3672,4.7677,5.4023,6.2900,6.8903,6.3724,7.9094,6.6758,6.7899,6.2221,11.3498,8.6969,6.3958,6.4910,8.7350,5.9389,8.8217,8.8709,8.8018,9.2372,9.4677,9.7030,9.9277,10.1552,10.3441,10.4323,10.6762,11.0517,11.2942,11.2625,11.7323,12.0035,12.2634,12.5185,12.7745,13.0044,13.1113,13.3843,13.7555,14.0102,13.9925,14.4633,14.7415,14.9974,15.2485,15.4973,15.7238,15.8282,16.1026,16.4168,16.6485,16.6097,17.0375,17.2780,17.4918,17.6972,17.8965,18.0682,18.1455,18.3693,18.5936,18.7605,18.6931,19.0150,19.1814,19.3130,19.4112
45132.0416667,18.8341,23.0799,23.1128,24.8541,32.4893,22.1488,26.3197,19.3894,23.9519,20.2027,21.6969,21.2935,15.9283,21.6009,23.5756,22.8292,24.8097,23.8781,18.6039,19.2998,24.8159,18.8310,17.0287,20.0774,19.9572,27.1619,19.1545,16.5916,19.7200,16.2119,15.8141,13.7067,12.2670,13.9715,14.3777,13.2611,15.8329,16.2276,11.7250,17.5966,17.8258,16.5855,13.7174,15.6786,26.0023,18.1027,15.7554,16.4263,12.5899,11.9085,14.3712,15.7486,16.7440,17.2134,9.3438,12.6787,12.2351,12.9012,19.9948,16.9104,16.4857,15.1222,13.1887,12.7179,13.0091,13.1025,15.2247,15.7369,9.7717,10.2439,11.6414,10.7365,9.4379,9.0171,9.3316,11.8280,10.6986,9.4522,8.6291,13.7382,21.2347,19.0823,13.3000,10.3149,12.1855,11.6030,16.4746,14.1880,17.6228,10.9740,16.7656,21.1173,21.7150,19.4719,10.4380,13.0403,14.5631,14.0154,14.0561,12.0277,12.3498,19.0529,14.7395,14.8963,19.6748,21.5747,17.2107,19.5357,14.4504,21.6527,13.9655,13.0193,14.8858,12.3509,14.6681,12.4845,13.9275,17.6416,16.6938,16.9935,9.4780,16.0830,14.2635,16.7839,18.6461,20.0407,19.2648,21.4365,17.1011,11.5646,13.7706,14.1519,14.6689,15.0831,18.7017,16.5821,15.7977,16.6594,13.7486,13.8047,13.1602,13.8584,12.5166,11.9607,13.7625,10.0250,10.7087,14.1590,11.2857,10.6482,10.4297,9.4998,9.0714,7.4980,7.8630,8.7043,9.2438,8.6247,8.1168,7.8430,12.3828,9.6011,9.4561,10.8400,11.2230,8.4629,10.8859,8.0840,8.5854,8.0294,5.6087,6.2997,7.6356,8.3559,7.8062,8.6302,7.2598,7.2620,6.5711,11.6630,8.8631,6.4624,6.5333,8.7770,5.8820,8.7470,8.7505,8.6990,9.0107,9.1774,9.3491,9.5146,9.6833,9.8256,9.8966,10.0804,10.3606,10.5472,10.5382,10.8902,11.1021,11.3077,11.5116,11.7179,11.9070,12.0094,12.2325,12.5283,12.7429,12.7637,13.1363,13.3737,13.5974,13.8198,14.0427,14.2517,14.3751,14.6225,14.9010,15.1230,15.1531,15.5195,15.7547,15.9732,16.1878,16.4002,16.5947,16.7232,16.9584,17.1958,17.3936,17.4244,17.7346,17.9336,18.1036,18.2327
45132.0833333,18.7921,24.2192,23.5243,25.6542,34.2039,22.0223,27.0531,20.5428,25.0407,20.1619,22.3649,21.6428,15.6888,22.0842,24.6288,23.9005,26.3890,25.4372,18.9955,20.2395,26.9150,20.1545,17.5185,21.5855,21.4476,29.5125,20.9179,17.8067,22.2819,17.9164,19.1604,17.3434,16.3965,17.4139,17.8976,16.3715,18.8284,19.2761,14.2782,20.0558,20.3153,18.5210,15.8733,17.6079,27.9386,20.7294,17.5179,17.9004,13.6727,12.6319,15.1623,16.8876,17.8723,18.0846,9.6023,14.8913,14.2054,14.6289,21.1295,17.5909,17.0696,15.4978,14.4736,14.2870,13.8600,14.3126,16.5916,17.0797,10.8840,11.4158,13.1625,12.9732,11.6803,10.4593,9.9613,13.7294,12.5963,11.9722,11.0961,15.7597,22.2281,20.2633,14.1394,10.8775,13.3907,12.5262,17.6821,15.3369,18.7201,11.5147,18.0270,22.0135,22.5021,20.4926,10.9234,13.5151,14.9602,13.9349,14.1862,12.1033,12.4561,19.3780,14.4553,14.6243,19.5716,21.3824,16.7444,19.3086,14.0299,22.1304,13.4484,12.3170,14.3769,11.5551,14.0494,11.5852,13.1735,17.0378,16.5540,16.8709,8.6120,15.5942,13.7693,16.6043,19.6978,21.3268,20.1743,22.4054,17.2434,11.0656,13.6344,14.2154,15.1872,16.1141,20.3009,18.1310,17.3312,18.5770,14.5000,14.8430,14.4205,15.8175,13.8512,12.9647,15.4763,10.7828,11.9032,16.2256,13.5190,12.4757,12.6424,11.4766,11.1843,10.6645,9.4167,10.6608,11.8167,10.6497,9.6439,9.4970,14.6888,11.9704,11.2733,12.7030,12.6914,9.9448,12.5846,9.6766,10.6247,9.7265,6.4733,7.2331,9.0281,9.9047,9.3120,9.5256,8.0064,7.9168,7.1114,12.2359,9.2878,6.7844,6.8312,9.0818,6.0956,8.9470,8.9057,8.8549,9.0661,9.1754,9.2899,9.4016,9.5171,9.6150,9.6628,9.7932,9.9948,10.1310,10.1280,10.3853,10.5443,10.7001,10.8562,11.0152,11.1630,11.2495,11.4238,11.6520,11.8234,11.8567,12.1435,12.3354,12.5188,12.7027,12.8883,13.0652,13.1817,13.3885,13.6196,13.8117,13.8673,14.1655,14.3718,14.5677,14.7625,14.9573,15.1407,15.2782,15.4937,15.7128,15.9052,15.9790,16.2544,16.4512,16.6254,16.7591
45132.1250000,18.3113,24.6800,23.3792,25.8285,35.2175,21.4558,27.1855,21.0908,25.5750,19.7741,22.5430,21.5689,15.1992,22.1221,25.1248,24.3842,27.3001,26.3109,18.8915,20.5750,28.3033,20.8200,17.5428,22.4603,22.3292,31.2517,22.0600,18.4927,24.2060,19.0471,21.8119,20.2503,19.8127,20.1736,20.7735,18.8285,21.2710,21.8185,16.2460,22.1120,22.4332,20.1190,17.6371,19.2318,29.7431,23.1972,19.1500,19.2747,14.6653,13.3227,15.9428,17.9829,18.9684,18.9544,9.9093,16.9406,16.0070,16.2053,22.2288,18.2545,17.6398,15.8810,15.6044,15.6656,14.5990,15.3580,17.7973,18.2300,11.6706,12.2173,14.2689,14.7180,13.3728,11.3568,10.2132,15.0931,13.9189,13.8914,12.9294,17.2559,22.8307,21.0207,14.5536,11.0435,14.1078,13.0108,18.4801,16.0726,19.4576,11.7417,18.9350,22.6430,23.0558,21.2695,11.1993,13.8261,15.2327,13.8383,14.2566,12.1405,12.5292,19.6518,14.1785,14.3513,19.4120,21.1437,16.3066,19.0213,13.6424,22.4807,13.0312,11.7901,13.9500,10.9607,13.5259,10.9021,12.5396,16.4446,16.2882,16.5897,7.9320,14.9857,13.1456,16.1461,20.1952,21.9914,20.4715,22.7423,16.8928,10.3405,13.0960,13.8055,15.0981,16.4202,21.1266,18.8941,18.0808,19.6905,14.6331,15.2147,14.9805,17.0007,14.5028,13.3743,16.5153,11.0340,12.5076,17.6630,15.0493,13.6507,14.1937,12.8517,12.7328,13.2563,10.5217,12.1722,13.9746,12.2715,10.8151,10.8036,16.8052,14.0647,12.8626,14.4010,14.0496,11.2453,14.2016,11.1364,12.6011,11.3926,7.3288,8.1832,10.4502,11.5107,10.8626,10.5365,8.8512,8.6846,7.7673,13.0006,9.8848,7.2548,7.2813,9.5655,6.4622,9.3382,9.2567,9.1997,9.3320,9.3928,9.4588,9.5240,9.5932,9.6508,9.6735,9.7565,9.8921,9.9821,9.9732,10.1522,10.2623,10.3716,10.4823,10.5966,10.7040,10.7686,10.8974,11.0665,11.1963,11.2282,11.4431,11.5916,11.7354,11.8808,12.0287,12.1715,12.2719,12.4382,12.6233,12.7817,12.8431,13.0794,13.2514,13.4171,13.5831,13.7502,13.9102,14.0382,14.2232,14.4121,14.5831,14.6699,14.9021,15.0788,15.2381,15.3611
45132.1666667,17.5071,24.5685,22.7654,25.4464,35.5453,20.4803,26.7212,21.0394,25.5094,18.9820,22.1714,21.0009,14.3860,21.6251,25.0094,24.2780,27.5741,26.5605,18.3729,20.3879,29.0050,20.8762,17.1173,22.6873,22.5568,32.2552,22.4847,18.5470,25.3540,19.4984,23.6585,22.3387,22.4281,22.1779,22.9160,20.5630,23.0464,23.7118,17.5465,23.6075,23.9952,21.1981,18.8341,20.3409,31.1336,25.2187,20.3892,20.3485,15.3940,13.8045,16.5348,18.8659,19.8707,19.6648,10.1134,18.6986,17.5239,17.5147,23.1580,18.7694,18.0652,16.1408,16.4802,16.7582,15.1291,16.1525,18.7578,19.1412,12.2159,12.7684,15.0770,16.0771,14.6340,11.8728,10.2268,16.0211,14.7704,15.2757,14.1916,18.2419,23.0203,21.3213,14.5329,10.8303,14.3165,13.0222,18.7623,16.2815,19.6761,11.5298,19.2915,22.7716,23.1211,21.5360,11.0436,13.7147,15.1032,13.4309,13.9789,11.8539,12.2802,19.5707,13.7007,13.8813,19.0116,20.6772,15.7108,18.5419,13.1368,22.5637,12.5443,11.2607,13.4658,10.3974,12.9749,10.2795,11.9226,15.8067,15.8901,16.1734,7.3747,14.3360,12.4995,15.5686,20.3341,22.2313,20.3549,22.6235,16.2224,9.5129,12.3111,13.0829,14.5731,16.1699,21.2879,18.9830,18.1488,20.0630,14.2310,14.9905,14.9043,17.4314,14.5100,13.2159,16.8584,10.7993,12.5290,18.3915,15.8283,14.1376,15.0178,13.5582,13.6251,15.1235,11.0873,13.1031,15.5267,13.3249,11.5051,11.6185,18.4763,15.6464,13.9951,15.6738,15.0298,12.1281,15.4515,12.2073,14.2328,12.7616,7.9502,8.9093,11.6830,12.9810,12.2950,11.4978,9.6436,9.4205,8.3991,13.8121,10.5074,7.7274,7.7376,10.0821,6.8327,9.7686,9.6482,9.5780,9.6444,9.6610,9.6825,9.7048,9.7314,9.7510,9.7470,9.7874,9.8666,9.9146,9.8931,10.0073,10.0736,10.1406,10.2100,10.2831,10.3527,10.3929,10.4801,10.5973,10.6877,10.7091,10.8626,10.9699,11.0749,11.1824,11.2929,11.4010,11.4800,11.6072,11.7490,11.8730,11.9287,12.1105,12.2476,12.3813,12.5164,12.6534,12.7865,12.8978,13.0508,13.2076,13.3526,13.4384,13.6289,13.7802,13.9183,14.0251
45132.2083333,16.2421,23.8246,21.6818,24.5745,35.3107,19.2672,25.8823,20.6203,25.0789,18.0267,21.5132,20.1908,13.4633,20.8326,24.4869,23.7487,27.3436,26.3076,17.5546,19.7964,29.1561,20.5048,16.4167,22.4625,22.3422,32.7378,22.4545,18.2168,25.9226,19.4509,24.8146,23.7164,24.3212,23.5140,24.4116,21.6741,24.2415,25.0372,18.2920,24.5588,25.0355,21.8146,19.5481,21.0129,32.1407,26.7889,21.2304,21.0354,15.7870,14.0187,16.8747,19.4901,20.5511,20.2094,10.2301,20.1892,18.8002,18.6266,24.0006,19.2405,18.4596,16.3910,17.2306,17.6941,15.5684,16.8093,19.5640,19.8878,12.5721,13.1389,15.6926,17.2050,15.6562,12.1942,10.1787,16.7244,15.3872,16.3862,15.1857,19.0370,23.1368,21.5305,14.4671,10.6175,14.4008,12.9336,18.8742,16.3110,19.6980,11.2141,19.3958,22.6703,22.9478,21.5102,10.6833,13.3540,14.7150,12.8556,13.4896,11.3714,11.8154,19.2034,13.0062,13.2034,18.3689,19.9906,14.9699,17.8564,12.4846,22.3613,11.9484,10.6655,12.8908,9.8197,12.3799,9.6856,11.3116,15.1458,15.4166,15.6887,6.9087,13.6852,11.8728,14.9544,20.2701,22.2427,20.0533,22.3089,15.4940,8.7851,11.5247,12.3025,13.8898,15.6604,21.0815,18.6956,17.8236,19.9626,13.5516,14.4113,14.4188,17.3222,14.0846,12.6837,16.6814,10.2515,12.1297,18.5398,16.0178,14.1079,15.2576,13.7041,13.9301,16.2806,11.1835,13.5076,16.4993,13.8782,11.7828,12.0066,19.6964,16.7757,14.7536,16.5954,15.7181,12.7120,16.3983,12.9624,15.5139,13.7962,8.3128,9.4179,12.6701,14.2294,13.5208,12.3239,10.3125,10.0557,8.9467,14.6086,11.1166,8.1832,8.1897,10.6277,7.2223,10.2565,10.1097,10.0317,10.0515,10.0358,10.0236,10.0122,10.0042,9.9915,9.9623,9.9655,9.9975,10.0081,9.9694,10.0292,10.0556,10.0837,10.1146,10.1493,10.1826,10.1958,10.2439,10.3149,10.3678,10.3724,10.4729,10.5415,10.6099,10.6811,10.7557,10.8297,10.8839,10.9737,11.0753,11.1652,11.2072,11.3407,11.4434,11.5448,11.6483,11.7542,11.8583,11.9478,12.0682,12.1925,12.3093,12.3846,12.5358,12.6598,12.7743,12.8633
45132.2500000,15.0905,22.9467,20.5219,23.5311,34.7417,17.9923,24.8144,19.9016,24.3355,16.9361,20.6237,19.2131,12.5186,19.9146,23.7692,23.0384,26.8626,25.8056,16.6714,19.0439,28.9600,19.9059,15.6126,21.9634,21.8520,32.8287,22.1250,17.6867,26.1140,19.1469,25.5217,24.6184,25.7019,24.3832,25.4376,22.3480,25.0142,25.9433,18.6687,25.1470,25.7100,22.1142,19.9282,21.3735,32.8476,28.0112,21.7805,21.4460,15.9401,14.0332,16.9880,19.8509,20.9761,20.5309,10.2105,21.3869,19.8285,19.5343,24.7242,19.6488,18.8247,16.6537,17.9322,18.5804,16.0371,17.4743,20.3761,20.6326,12.8699,13.4235,16.1840,18.1585,16.5100,12.4430,10.1529,17.3153,15.9017,17.3539,16.0458,19.7511,23.2660,21.7406,14.4490,10.4998,14.5122,12.9187,19.0286,16.3983,19.7821,11.0462,19.5433,22.6323,22.8368,21.5159,10.4452,13.0835,14.4002,12.4056,13.0825,10.9786,11.4178,18.8073,12.5370,12.7044,17.8137,19.3524,14.2983,17.1698,11.8403,21.9829,11.3132,10.0449,12.2521,9.2257,11.7371,9.0898,10.6828,14.4393,14.8572,15.1328,6.5005,13.0535,11.2920,14.3551,20.0880,22.1325,19.6908,21.9298,14.8320,8.2356,10.8762,11.6376,13.2596,15.1289,20.7507,18.2935,17.3807,19.6739,12.8595,13.7623,13.8205,16.9681,13.5050,12.0359,16.2387,9.6190,11.5497,18.3181,15.8287,13.7623,15.1100,13.4883,13.8312,16.8742,10.9562,13.4996,16.9625,14.0013,11.6939,12.0153,20.4460,17.4450,15.1220,17.1309,16.0720,12.9797,17.0212,13.4244,16.4843,14.5634,8.5206,9.7509,13.4452,15.2752,14.5567,13.0174,10.8615,10.5866,9.4038,15.3487,11.6674,8.5803,8.5928,11.1469,7.5778,10.7421,10.5827,10.5079,10.5027,10.4712,10.4422,10.4137,10.3876,10.3584,10.3175,10.2992,10.3004,10.2862,10.2374,10.2589,10.2562,10.2549,10.2561,10.2605,10.2646,10.2551,10.2708,10.3025,10.3220,10.3082,10.3636,10.3965,10.4303,10.4673,10.5078,10.5492,10.5778,10.6327,10.6962,10.7524,10.7760,10.8660,10.9344,11.0032,11.0748,11.1494,11.2240,11.2895,11.3779,11.4695,11.5569,11.6162,11.7304,11.8255,11.9142,11.9835
45132.2916667,13.6203,21.4821,18.7644,21.6232,32.9246,15.6601,22.3666,17.8418,22.2394,14.6570,18.3486,16.9060,10.4246,17.7642,21.7611,21.1148,25.1119,24.0353,14.7750,17.3306,27.6091,18.2849,14.0046,20.5187,20.3998,31.6470,20.5475,16.0893,25.0851,17.8431,25.1478,24.4640,26.0232,24.2148,25.3360,21.9286,24.6083,25.5843,17.8906,24.5186,24.9548,20.9835,18.7780,20.2048,32.0064,27.6618,20.9415,20.5938,15.0098,13.0586,16.0643,19.0363,20.1324,19.5289,8.9887,21.2500,19.6763,19.2718,24.2470,18.7760,17.8190,15.5461,17.2359,18.2218,15.4772,17.1768,20.3097,20.5933,12.8040,13.4185,16.2729,18.5068,16.6977,12.1757,9.7346,17.2017,15.5950,17.3465,15.7869,19.1865,22.1103,20.4345,12.8499,8.8347,12.8913,11.2899,17.5354,14.8645,18.2727,9.4570,18.1071,21.0525,21.2331,20.0577,8.9842,11.6718,12.9659,10.9360,11.5122,9.4411,9.8706,17.1812,10.9998,11.1454,16.1585,17.5917,12.5783,15.5177,10.4714,20.8682,10.1700,9.0295,11.2055,8.2366,10.6196,8.0337,9.5070,13.0893,13.4932,13.7224,5.4025,11.7153,10.0068,13.0474,19.0083,21.1117,18.4424,20.5868,13.3047,6.9727,9.5628,10.3569,12.0132,13.9316,19.6380,17.1367,16.2214,18.6100,11.5528,12.4952,12.6370,15.9530,12.3462,10.8611,15.1067,8.4537,10.4159,17.3564,14.8168,12.6324,14.1392,12.5638,13.0459,16.6478,10.1685,12.8299,16.5090,13.2116,10.7331,11.0377,20.0248,16.8047,14.2035,16.3042,15.0909,11.8495,16.2160,12.5179,16.1214,14.1822,7.8453,9.2606,13.3604,15.4540,14.6913,12.8807,10.5235,10.2388,8.9586,15.1593,11.2135,7.9366,7.8992,10.5230,6.8245,10.0806,9.8678,9.7369,9.7309,9.6628,9.5988,9.5366,9.4880,9.4393,9.3937,9.3919,9.4105,9.3699,9.2766,9.3045,9.2688,9.2297,9.1935,9.1658,9.1454,9.1052,9.1290,9.1698,9.1573,9.0923,9.1476,9.1405,9.1272,9.1184,9.1180,9.1265,9.1149,9.1676,9.2287,9.2485,9.2153,9.3009,9.3253,9.3435,9.3663,9.3973,9.4354,9.4605,9.5415,9.6231,9.6754,9.6783,9.7914,9.8459,9.8887,9.9197
45132.3333333,10.5823,18.4372,15.8326,18.5990,29.9530,12.7711,19.0440,14.5860,18.9000,11.3581,14.6405,13.1168,6.8697,13.6171,17.5850,17.0617,21.1739,20.1811,11.0460,13.8322,24.4741,15.0533,11.0473,17.5978,17.4471,29.0342,17.6849,13.2494,22.5635,15.0171,22.9906,22.4815,24.4891,22.4480,23.7248,20.1779,22.8716,23.7598,15.6910,22.6168,22.7284,18.5798,16.1125,17.5976,29.7077,25.5380,18.4520,18.2309,12.6065,10.7566,13.8228,16.6302,17.6312,16.9123,6.3419,18.9937,17.4357,17.0606,21.9031,16.3011,15.1757,12.7912,14.4679,15.7631,13.0158,14.8989,18.3046,18.8634,11.5561,12.6698,15.7240,18.1217,16.1589,11.0905,8.8105,16.3588,14.3637,16.2991,14.4512,17.5716,20.2050,18.3823,10.5430,6.4304,10.1306,8.5864,14.7365,11.9773,15.3087,6.7091,15.0757,17.8228,17.8357,16.6000,5.7430,8.3001,9.5954,7.8094,8.0327,6.0717,6.4088,13.5435,7.9906,8.0797,12.8640,14.1506,9.2481,12.2546,7.5989,18.1598,7.7100,6.9074,9.1672,6.4263,8.7051,6.2946,7.6511,11.0865,11.4289,11.5186,3.5842,9.5576,7.7965,10.7551,16.6319,18.8025,15.9980,18.0414,10.5883,4.5908,7.0163,7.7818,9.4276,11.3604,17.1082,14.7087,13.9209,16.4577,9.3985,10.2391,10.4276,13.9311,10.2983,8.8853,13.0805,6.5993,8.4821,15.5031,12.9782,10.7003,12.3008,10.7777,11.3977,15.3681,8.6916,11.5409,15.2505,11.5923,9.0754,9.0928,18.5716,14.9997,12.2622,14.4133,13.2411,9.8206,14.2096,10.4344,14.2317,12.3102,5.9128,7.4536,11.7985,14.2037,13.4183,11.5971,9.0094,8.8369,7.4772,13.9425,9.7718,6.3972,6.2049,8.8257,5.2186,8.5427,8.2259,7.8405,7.9538,7.7808,7.6163,7.4503,7.3074,7.1107,6.9210,6.9566,7.1439,7.0491,6.7347,6.9199,6.8230,6.7172,6.6157,6.5329,6.4708,6.2573,6.3317,6.5510,6.4959,6.2161,6.4340,6.3801,6.3082,6.2424,6.1930,6.1666,5.9848,6.0894,6.2997,6.2802,6.0419,6.2776,6.2527,6.2092,6.1721,6.1499,6.1415,5.9894,6.1363,6.2419,6.2680,6.0856,6.3570,6.3715,6.3631,6.3515
45132.3750000,5.2985,12.8725,10.7441,13.2643,24.1294,8.1376,13.2921,9.1629,13.9915,6.8822,9.5149,7.8253,1.9097,7.4811,10.6951,10.7443,14.7486,13.6711,4.9333,7.3204,18.0010,8.3110,4.9818,11.6418,11.9938,23.0772,12.0618,7.4521,17.5084,9.8499,18.4277,18.3427,20.6235,18.0940,19.2609,14.8758,18.4847,19.3283,11.3484,19.0843,18.2003,14.6386,11.2770,12.9463,25.0727,20.6697,13.0917,12.9499,7.7210,6.1567,9.8489,12.3345,13.2310,12.4562,2.0463,14.1111,12.4189,12.6377,16.7967,11.6952,10.3358,7.8635,8.8386,10.5686,8.3978,10.2291,14.1645,14.3250,7.7402,10.3180,13.9764,16.2070,14.4136,8.7447,7.2485,14.6080,11.9677,13.2881,10.9918,13.6849,16.9248,14.7748,6.6403,2.4397,4.7692,3.7051,9.8081,7.1561,10.4151,2.3642,10.2882,12.4360,11.9442,10.7143,0.3365,2.6259,3.8039,2.9945,2.3165,0.4481,0.1789,6.6926,2.4328,2.5302,7.0408,8.2537,3.1595,6.4152,2.3600,13.2111,3.2685,3.0953,5.5255,3.1524,5.2379,3.7195,4.5151,7.4876,7.7846,7.7335,0.3263,6.1657,4.1763,7.3817,12.6295,14.9303,12.3441,14.2993,6.6668,1.0910,3.2391,3.8003,5.3041,7.1223,12.2827,10.2290,9.7392,12.5582,5.6883,6.3646,6.6197,10.3045,6.7822,5.7746,9.6260,3.6954,5.6780,12.1368,9.5287,7.0432,8.8816,7.8022,8.8481,13.0054,6.5314,10.0915,13.4542,9.0844,6.9610,6.2651,16.3934,11.9661,9.1054,10.9177,10.1913,6.5556,10.4107,7.0338,10.3717,8.5338,2.4773,4.1426,8.3825,11.2644,10.3872,8.9298,5.7590,6.0456,4.6131,11.4556,7.0309,3.6162,2.8105,5.2941,2.1005,5.8121,5.3588,4.2351,4.9630,4.6682,4.3855,4.0933,3.8406,3.5637,2.6720,2.7944,3.6702,3.4975,2.4734,3.2698,3.0562,2.8244,2.5994,2.4118,2.2710,1.3911,1.5827,2.4396,2.3290,1.3639,2.2239,2.0857,1.9116,1.7476,1.6149,1.5318,0.7221,1.0015,1.7470,1.6903,0.7812,1.6645,1.5736,1.4454,1.3253,1.2302,1.1601,0.4067,1.1152,1.1912,1.1845,0.3453,1.2487,1.2080,1.1255,1.0515
45132.4166667,-3.6859,3.3277,2.3595,4.5829,17.4985,1.5143,4.0199,-0.2323,5.8242,-0.1584,1.9140,0.2333,-4.9632,-0.4712,1.4546,1.5758,5.4988,4.5740,-3.0822,-1.5404,10.0457,-0.1968,-2.8781,3.4428,4.9119,14.2559,3.4620,-2.1022,8.8923,1.2769,9.6411,10.8183,13.8626,11.6749,12.4456,7.4604,10.8504,10.5132,3.2113,12.7022,10.3887,7.2845,2.4005,4.4521,18.0955,12.7262,5.5585,4.8555,1.0656,-0.4839,4.3103,6.0385,6.7053,6.0707,-3.4823,6.6431,4.3430,6.1054,9.3191,4.0670,2.6346,0.2779,-0.3665,1.7955,1.0815,2.7164,8.0119,8.1211,1.3604,5.2405,10.3069,12.0499,11.2277,5.0083,4.9704,12.3076,8.8199,10.8341,5.7384,8.1036,14.1998,10.8677,2.4834,-1.5740,-2.1130,-2.6599,2.8211,-0.0208,3.2123,-3.3506,3.3874,5.1039,3.6655,2.3606,-6.9272,-4.8186,-3.6375,-2.6476,-4.6367,-6.3785,-7.3036,-1.7745,-5.4025,-5.3058,-1.3545,-0.5157,-5.6924,-3.0117,-6.2406,5.1806,-3.8711,-3.1071,0.1136,-2.4552,-1.4789,-1.1588,-0.9773,2.5470,2.5955,2.3919,-4.7330,0.8701,-1.8987,1.6934,5.4523,8.0387,6.2910,8.8937,1.4990,-3.2728,-1.3567,-1.0614,0.2860,1.9178,6.2573,3.0658,3.0940,7.0518,0.7336,0.5762,0.9374,4.9687,1.8338,0.9391,3.6542,-1.6933,0.8495,8.0671,4.9694,1.2885,3.4671,2.0707,3.7899,8.3072,2.4266,7.5397,10.6343,4.9743,4.4304,2.7935,13.6378,8.6018,5.5694,5.6638,5.8669,2.2983,5.3217,2.9983,5.3978,3.6101,-1.8482,-0.2724,3.1473,6.8450,5.8977,5.3035,1.1103,2.4357,0.9901,8.3404,3.7255,0.3358,-0.9512,-0.1163,-2.4301,2.0102,1.4621,-1.0442,1.0877,0.7341,0.3943,0.0338,-0.2797,-0.6043,-2.8274,-2.5881,-0.3871,-0.6151,-3.0441,-0.9109,-1.2079,-1.5376,-1.8665,-2.1511,-2.3793,-4.5799,-4.2330,-2.2125,-2.3863,-4.7106,-2.5744,-2.7912,-3.0633,-3.3271,-3.5560,-3.7409,-5.8736,-4.6287,-4.0025,-4.0861,-6.2724,-4.1193,-4.2469,-4.4315,-4.6045,-4.7413,-4.8469,-6.6549,-4.8994,-4.8170,-4.8315,-6.8565,-4.7700,-4.8336,-4.9595,-5.0712
45132.4583333,-13.2435,-7.8107,-6.2834,-6.1308,7.4592,-7.5806,-5.8878,-11.7804,-3.5032,-7.5346,-6.3608,-6.4600,-11.0221,-7.8411,-6.8446,-7.4189,-4.1786,-5.2364,-11.4720,-11.7715,0.7784,-10.3464,-11.3171,-7.6790,-3.8363,5.4773,-4.8487,-10.8988,-0.2282,-8.4697,-0.0950,0.3957,4.9618,5.0747,6.1713,1.0518,3.9196,0.4465,-7.3924,4.4735,2.4534,-0.2880,-7.5550,-5.2778,11.6450,3.6844,-2.9774,-4.8904,-6.9340,-8.7059,-2.0827,-1.0952,-0.4138,-0.4324,-8.6787,-0.5923,-3.3906,0.7996,4.4891,-1.4078,-3.3372,-5.9191,-9.6472,-7.7781,-7.0275,-5.9914,-0.0233,0.3772,-6.0218,-1.1920,5.1757,5.6043,6.5203,0.4522,1.9557,10.1160,5.8476,9.1999,0.6644,3.2667,13.4131,8.9061,0.3641,-3.5183,-8.0421,-8.0857,-3.3794,-7.7252,-1.8303,-7.8608,-2.3614,-0.9684,-2.5914,-5.1008,-13.0522,-11.6453,-10.7455,-7.4922,-11.1826,-12.7695,-13.8972,-9.9827,-13.4230,-13.2086,-9.9277,-9.3736,-13.8916,-13.1329,-16.5359,-5.4093,-13.3151,-12.0436,-7.1954,-8.8699,-9.8662,-6.9088,-7.9551,-2.9998,-3.1010,-3.5527,-9.8683,-5.1523,-7.7001,-4.9031,-3.8709,0.2201,-1.6107,1.6625,-5.2549,-8.7822,-6.7318,-6.5665,-4.5329,-1.9321,2.7106,-2.7929,-4.3557,0.1160,-4.5576,-5.2171,-6.7915,-1.4675,-4.1004,-4.6874,-1.9804,-7.7768,-5.5495,2.6197,-1.0557,-4.6260,-1.3632,-4.0401,-2.5737,2.3495,-2.2672,4.5686,6.8043,0.5814,0.5219,-2.1627,9.6699,4.4920,1.5562,-0.8787,0.3809,-2.5581,-0.0790,-2.4215,-0.9330,-2.3203,-6.8999,-5.3738,-3.2214,1.6827,0.7713,1.3361,-4.0324,-1.5567,-2.8534,5.1149,0.5262,-2.5735,-3.6074,-5.5808,-5.6636,-1.8968,-2.5225,-6.5498,-2.9608,-3.2840,-3.5735,-3.9007,-4.2302,-4.7605,-8.2538,-8.5819,-5.8688,-5.9467,-9.8834,-5.8661,-5.9729,-6.1304,-6.3190,-6.5290,-6.8798,-10.1863,-9.7252,-7.7978,-7.8586,-11.7935,-7.7990,-7.8875,-8.0499,-8.2232,-8.4055,-8.6855,-11.7006,-9.9100,-9.3341,-9.3417,-13.0676,-9.2358,-9.2936,-9.4370,-9.5992,-9.7751,-10.0546,-12.7145,-10.7156,-10.6195,-10.6236,-14.1031,-10.5050,-10.5202,-10.6103,-10.6955
45132.5000000,-21.6728,-18.2411,-12.1155,-11.1089,1.7043,-11.9360,-11.7238,-20.6208,-10.7444,-13.0184,-17.3331,-14.1539,-17.1931,-14.7115,-13.9791,-14.6090,-11.7880,-12.8234,-17.3394,-20.5157,-7.6858,-19.5826,-16.9325,-17.3595,-11.0308,-2.2261,-11.7510,-19.1549,-8.1846,-17.3545,-9.9350,-11.4798,-6.3998,-6.3983,-2.2175,-6.0581,-2.2183,-5.1072,-14.7097,-1.3598,-3.5765,-6.1822,-16.6023,-14.5103,6.0137,-4.8327,-10.6603,-13.8595,-14.9379,-16.9788,-8.1776,-7.9111,-7.1276,-6.4080,-14.7607,-9.4969,-11.1068,-5.3489,1.0372,-4.7061,-6.4958,-8.8435,-16.0012,-14.4748,-13.1060,-12.0169,-5.1417,-5.5763,-14.7626,-8.2066,-0.3315,-1.6538,-0.4654,-4.8403,-2.6849,7.6527,3.1173,8.3896,-3.6571,-1.1663,14.6041,9.1561,0.5356,-3.1974,-11.9455,-11.1735,-3.5628,-10.7715,-3.0605,-8.7412,-4.6234,-3.6569,-5.5542,-9.4310,-15.9775,-15.3494,-14.7122,-8.9988,-14.3845,-15.7898,-17.1910,-15.0566,-18.9796,-18.7077,-16.3055,-16.1062,-19.8170,-19.8097,-24.2802,-15.3097,-22.3420,-19.9451,-14.2278,-15.0685,-18.8084,-14.0166,-17.6853,-10.7044,-10.4737,-10.6323,-15.1070,-11.2613,-13.1760,-10.9863,-10.9586,-7.9610,-9.5236,-5.3965,-11.5435,-13.9996,-12.6204,-14.1162,-13.0587,-10.6368,-5.3920,-8.3617,-8.9156,-5.7858,-9.1682,-10.1797,-11.7296,-7.2305,-9.5398,-9.9641,-7.4890,-12.2210,-10.7960,-2.3377,-9.0977,-11.3212,-8.7717,-9.6215,-9.0142,-5.5294,-7.8197,0.8828,2.6615,-1.5469,-2.3805,-6.1397,6.4522,1.2532,-1.5049,-5.6775,-3.9427,-4.3732,-3.0824,-6.2243,-6.6790,-8.1007,-11.1410,-10.5207,-10.6931,-4.9992,-5.4181,-3.0551,-9.4181,-5.0808,-6.0558,2.4969,-1.8896,-4.5862,-5.5029,-7.1752,-6.7644,-4.8616,-5.4797,-11.5021,-5.7315,-6.0485,-6.3630,-6.7266,-7.0857,-7.6282,-10.3774,-10.6997,-8.7206,-8.8688,-14.8549,-9.0061,-9.2148,-9.4777,-9.7626,-10.0479,-10.4479,-13.0666,-12.8065,-11.3752,-11.4688,-17.2500,-11.4990,-11.6078,-11.7949,-11.9879,-12.1796,-12.4561,-14.8019,-13.5394,-13.0695,-13.0973,-18.5314,-13.0632,-13.1271,-13.2758,-13.4333,-13.5905,-13.8387,-15.8674,-14.4209,-14.3023,-14.3114,-19.3419,-14.2614,-14.2937,-14.4079,-14.5092
45132.5416667,-28.9871,-28.2378,-19.6974,-17.4030,-4.6990,-16.2444,-16.7248,-27.6583,-15.5852,-15.6583,-19.9764,-18.4521,-20.8534,-19.9062,-19.9912,-20.8834,-18.5529,-19.2755,-21.6779,-25.2042,-13.6299,-26.7181,-20.8116,-25.2201,-16.5513,-7.9555,-16.0591,-23.7806,-12.9480,-23.3098,-14.2868,-17.3627,-12.5059,-10.7222,-8.5316,-12.0098,-8.5775,-11.5267,-22.4509,-7.1554,-8.6926,-10.4256,-23.4182,-21.5197,0.6092,-12.1024,-16.3104,-17.4109,-19.9754,-22.0741,-12.9244,-14.0293,-13.3242,-11.7922,-19.5768,-18.6604,-19.1643,-12.0335,-1.8758,-7.2861,-8.8235,-10.8308,-21.1654,-20.1877,-18.0272,-16.9868,-10.0419,-10.1868,-21.7182,-14.2937,-5.6034,-9.9115,-10.4010,-12.8325,-9.1479,2.7024,-0.9535,5.7592,-6.8333,-4.3367,17.1687,10.9459,2.1737,-1.5919,-14.3419,-12.4165,-4.5509,-14.0400,-4.9727,-9.7126,-5.4858,-3.9318,-5.2912,-9.7837,-14.8509,-14.5821,-14.0638,-6.2040,-13.0843,-14.4484,-16.1718,-15.6982,-20.2038,-20.0245,-18.6184,-18.8865,-21.9095,-23.0001,-28.8269,-22.4938,-28.1349,-24.6664,-18.8318,-16.9918,-20.4589,-15.9512,-22.8941,-15.1915,-16.0022,-14.8820,-18.1615,-16.4455,-18.2429,-16.8794,-16.5265,-13.3813,-14.9992,-10.4251,-15.7947,-16.7087,-16.2793,-17.1271,-19.0710,-17.8273,-10.0840,-14.1963,-14.5265,-10.7161,-13.0059,-14.4452,-15.6616,-11.5260,-13.0606,-13.1001,-10.9473,-14.5121,-13.8364,-5.4477,-15.0491,-16.3323,-14.8236,-15.6714,-14.5018,-12.9795,-12.5615,-2.4520,-1.3030,-3.6596,-4.9146,-9.6445,3.3107,-2.0159,-4.1463,-6.9963,-3.9580,-5.6470,-5.7109,-9.4228,-11.6240,-12.6766,-13.8019,-13.9729,-14.7474,-10.2838,-10.9567,-7.5466,-14.4678,-9.9829,-10.4866,-1.5272,-5.3707,-7.3736,-7.9073,-8.5194,-7.6378,-6.9631,-7.6279,-14.3604,-8.3694,-8.4059,-8.4406,-8.5294,-8.6212,-8.9067,-10.8857,-11.0207,-9.4711,-9.7716,-16.5359,-10.7142,-10.8136,-10.9567,-11.1088,-11.2512,-11.5041,-13.4681,-13.2410,-12.1391,-12.4255,-18.9491,-13.3072,-13.3566,-13.4746,-13.5844,-13.6805,-13.8533,-15.6226,-14.6745,-14.2791,-14.4898,-20.5974,-15.2354,-15.2272,-15.2904,-15.3456,-15.3868,-15.5117,-16.9926,-15.8756,-15.7262,-15.8666,-20.5312,-16.4702,-16.4662,-16.5503,-16.6255
45132.5833333,-32.3383,-30.4177,-22.4231,-19.6690,-8.1633,-17.9604,-20.3517,-33.8902,-20.5092,-18.4887,-22.5789,-21.6472,-22.7067,-22.7334,-23.2799,-24.1930,-22.4987,-23.1816,-23.7273,-27.8194,-17.6011,-31.3138,-22.5888,-31.5651,-20.7409,-12.3257,-22.2231,-27.8649,-15.7269,-26.8082,-20.4496,-23.0795,-17.4497,-9.7796,-7.4673,-10.0494,-8.2062,-12.4440,-24.9852,-9.0909,-10.7827,-12.2337,-28.0573,-21.9520,-2.0442,-17.6225,-20.7254,-20.0201,-23.2834,-25.4396,-16.1038,-17.6381,-16.7836,-14.5636,-21.4066,-25.7318,-25.6685,-18.9914,-5.0292,-10.0334,-11.2281,-12.7388,-25.3749,-24.9837,-21.9745,-16.8434,-11.8844,-13.5541,-27.2152,-19.1513,-9.8692,-11.1264,-11.3359,-18.9914,-13.7077,-3.9508,-7.7527,-4.3171,-14.9808,-12.0016,14.1177,8.0261,-0.2244,-3.4602,-18.6273,-12.4974,-4.8502,-12.5059,-4.4707,-8.6841,-5.0076,-3.4476,-4.6593,-9.7769,-13.5104,-13.4845,-13.2636,-3.7831,-11.6852,-12.9111,-14.5584,-14.7981,-19.6966,-19.2687,-18.3705,-18.7940,-21.0537,-22.7786,-28.6068,-26.0874,-31.1404,-26.8706,-23.9471,-17.9239,-20.9359,-16.6324,-26.2827,-17.9688,-21.9183,-16.4547,-17.8991,-17.7648,-19.2619,-18.9139,-23.3477,-17.7739,-18.5660,-13.3011,-17.5398,-16.5363,-19.4828,-18.2074,-22.0316,-22.2062,-12.2188,-16.9031,-20.3825,-14.0679,-14.6097,-16.1038,-17.0732,-12.7491,-13.3060,-13.7457,-12.7467,-15.5268,-15.0480,-6.9646,-19.0566,-19.4539,-16.2200,-18.9397,-18.3224,-19.6954,-16.5691,-5.7168,-5.3103,-6.0136,-7.2788,-12.6512,0.6492,-4.6417,-5.4640,-7.1607,-2.9205,-5.3931,-6.2956,-10.3768,-14.2826,-15.3019,-14.8071,-15.7133,-17.2960,-13.8175,-14.2420,-9.6425,-15.0436,-11.9995,-12.3864,-3.9035,-7.3741,-8.8652,-9.4028,-9.6604,-8.4263,-8.9579,-9.6110,-14.5954,-10.1736,-10.1703,-10.1683,-10.2249,-10.2806,-10.5115,-12.0225,-12.0486,-10.7431,-10.8828,-15.8183,-11.4568,-11.4420,-11.4929,-11.5755,-11.6648,-11.8692,-13.4074,-13.2182,-12.3035,-12.5008,-17.3385,-13.1868,-13.2136,-13.3330,-13.4652,-13.5976,-13.8082,-15.2635,-14.6130,-14.2831,-14.4701,-19.0493,-15.1353,-15.1495,-15.2528,-15.3635,-15.4691,-15.6565,-16.8800,-16.1036,-15.9749,-16.0997,-19.6171,-16.6043,-16.5739,-16.6308,-16.6819
45132.6250000,-28.6444,-28.7441,-22.3790,-19.3750,-8.5986,-16.4042,-19.7637,-34.8468,-20.6895,-16.9346,-21.0412,-20.8279,-21.1838,-22.8038,-24.1809,-25.3528,-24.3187,-24.8143,-23.5927,-28.0335,-18.9679,-32.6982,-21.9105,-30.5060,-22.4047,-15.4152,-27.5484,-30.7587,-20.3162,-27.5159,-24.9916,-27.3118,-22.2072,-13.6707,-8.2758,-9.0932,-1.9392,-5.1788,-18.6745,-2.8464,-4.9696,-6.6067,-22.8476,-16.0149,0.6570,-18.4102,-20.7752,-19.0536,-23.0697,-21.7620,-14.9903,-18.2049,-18.0540,-15.5756,-21.4128,-30.4914,-29.8678,-24.0614,-6.6192,-10.9150,-11.7283,-12.8269,-27.4026,-27.6792,-23.6598,-18.8933,-12.8171,-11.1780,-28.5510,-21.2939,-12.0765,-14.6020,-13.0604,-17.4014,-8.3441,-2.4925,-7.3382,-7.6547,-17.0914,-8.0484,15.3336,8.4484,0.0164,-3.2697,-15.6350,-12.0506,-6.0048,-12.7825,-5.8425,-9.4393,-5.7073,-3.2912,-3.5329,-8.4589,-13.7159,-10.4122,-9.5239,1.1866,-6.9828,-8.1013,-9.6780,-10.3582,-14.8722,-15.1167,-13.4097,-14.3352,-16.4285,-19.1447,-25.3638,-26.2110,-28.8364,-26.3127,-26.0163,-20.0802,-19.8962,-14.5907,-23.1129,-17.6191,-24.7871,-20.4775,-17.0457,-17.5790,-18.3636,-18.0625,-22.3450,-20.0741,-20.9552,-15.3343,-18.4309,-17.5632,-18.5193,-19.6034,-23.1933,-23.6208,-12.3518,-17.5391,-20.8774,-16.4540,-16.0085,-17.8572,-18.6161,-16.2148,-14.9165,-11.9293,-10.5878,-12.4787,-14.0680,-4.3021,-17.7441,-17.3586,-15.4441,-16.9829,-17.2862,-21.2840,-16.6446,-5.9301,-6.5061,-6.0028,-7.2290,-13.2790,-0.4692,-8.4141,-5.4743,-6.0588,-0.7787,-3.6859,-5.0243,-11.3295,-14.0537,-14.8266,-13.1896,-14.6838,-16.9979,-14.1768,-16.2846,-8.4065,-12.3997,-10.2764,-10.5465,-2.5302,-5.6131,-6.7238,-7.2691,-7.2962,-5.9169,-7.2450,-7.9627,-11.7963,-8.6061,-8.6842,-8.7598,-8.8892,-9.0086,-9.2893,-10.5585,-10.6026,-9.5727,-9.7047,-13.4343,-10.2098,-10.1886,-10.2264,-10.2884,-10.3481,-10.5125,-11.7342,-11.5542,-10.7532,-10.8682,-14.4752,-11.3560,-11.3208,-11.3805,-11.4545,-11.5295,-11.6826,-12.8359,-12.3294,-11.9886,-12.1153,-15.5648,-12.6524,-12.6469,-12.7379,-12.8414,-12.9436,-13.1298,-14.1329,-13.5755,-13.4519,-13.5735,-16.2926,-14.0607,-14.0505,-14.1283,-14.1918
45132.6666667,-26.1100,-25.2994,-19.5959,-16.4392,-5.6269,-11.4944,-16.0344,-32.4497,-18.0645,-12.9728,-16.1770,-16.3007,-16.4881,-19.0305,-21.0698,-22.4624,-22.1995,-22.8001,-20.4046,-25.0464,-16.7682,-30.4828,-19.0369,-26.9031,-19.4847,-13.8094,-27.1999,-29.3024,-22.8099,-27.7970,-27.9266,-29.9263,-25.4262,-17.2598,-11.7637,-12.3501,-1.9713,-3.7151,-16.8302,0.7526,-0.0751,-0.7630,-15.9594,-8.0215,7.6135,-12.7371,-14.4841,-12.3983,-17.2927,-16.8784,-10.1420,-13.7316,-13.8079,-11.2491,-16.4378,-29.9578,-29.7173,-24.6629,-5.4750,-9.2455,-9.9282,-10.8444,-27.0477,-27.9279,-24.2986,-21.0848,-16.4267,-11.2745,-27.8446,-20.7811,-11.6459,-17.4274,-15.7268,-17.3931,-6.1755,-1.8845,-6.1528,-8.7457,-15.8800,-2.9556,18.7178,12.0174,3.9214,0.8923,-8.4529,-6.1177,-0.6523,-6.4691,-0.3764,-3.6836,-1.3991,2.9329,2.4344,-3.4172,-10.5010,-6.1589,-5.4461,5.4302,-2.8666,-4.1697,-5.7001,-6.2633,-9.7937,-12.4280,-8.4264,-8.7493,-10.1544,-12.6161,-18.4869,-20.9992,-22.5251,-19.4197,-21.0548,-15.7511,-17.0161,-9.9643,-17.2647,-13.4456,-22.5553,-19.6157,-13.7755,-15.3556,-17.9994,-16.4521,-20.7321,-17.7611,-18.3136,-12.7848,-15.2073,-14.7154,-16.8048,-18.7568,-22.3668,-23.4177,-11.7557,-16.7801,-19.0685,-16.0656,-13.2587,-15.1487,-17.1844,-17.4034,-15.8835,-11.4137,-10.2431,-11.5155,-14.4974,-4.0726,-17.8010,-16.5683,-15.4389,-14.9336,-14.9342,-19.5014,-14.0706,-3.6337,-3.9969,-2.6895,-3.6992,-10.1324,1.5649,-8.3428,-3.0834,-2.7094,3.2255,-2.0310,-1.4172,-9.5950,-11.7096,-12.4361,-9.9482,-11.7761,-14.7586,-13.0072,-16.8472,-7.0553,-9.8346,-8.1299,-8.1558,-0.3964,-3.0802,-3.9626,-4.3720,-3.9781,-2.7520,-4.0211,-4.5822,-7.4128,-4.9259,-4.9067,-4.9006,-4.9663,-5.0363,-5.2803,-6.3267,-6.3466,-5.4939,-5.6258,-8.5148,-6.1286,-6.1455,-6.2260,-6.3320,-6.4330,-6.6340,-7.6984,-7.5862,-6.9255,-7.0462,-9.8366,-7.5061,-7.4790,-7.5447,-7.6190,-7.6875,-7.8262,-8.7852,-8.3886,-8.0389,-8.1199,-10.7550,-8.5370,-8.4969,-8.5557,-8.6263,-8.6942,-8.8450,-9.6552,-9.2125,-9.0504,-9.1314,-11.2458,-9.5298,-9.5004,-9.5650,-9.6176
45132.7083333,-22.5535,-23.3372,-15.0420,-11.7672,-4.2783,-4.7601,-8.5735,-25.2468,-11.0868,-5.3736,-11.1564,-8.8412,-8.8303,-11.6269,-14.0406,-15.6287,-16.0397,-16.8711,-13.9746,-19.3805,-13.3320,-23.0033,-12.0454,-19.0126,-15.3013,-7.7920,-20.6136,-22.5227,-19.7322,-24.0773,-27.1596,-30.1477,-27.5939,-19.8024,-14.5568,-14.7474,-2.7626,-2.8783,-15.3963,2.4303,2.4479,2.4162,-9.7190,-2.6600,12.8349,-6.9428,-7.6206,-4.7349,-9.2263,-7.0034,-2.4468,-6.4106,-6.7281,-4.2198,-8.6801,-24.8937,-25.1786,-21.1343,-1.6777,-4.2031,-4.8148,-5.7109,-21.9588,-23.9728,-18.8610,-19.6014,-16.3870,-12.2417,-27.1393,-20.0719,-11.7866,-15.8070,-16.8957,-17.1334,-5.3399,-2.0025,-5.5139,-9.2472,-13.6887,1.0075,21.4281,15.3261,7.5856,4.6807,-1.9870,-0.3765,5.1231,0.2676,6.0037,2.5653,2.4989,9.7721,9.7222,3.8933,-4.1283,0.8372,1.7725,12.0360,4.3909,2.9409,1.5500,1.3554,-1.6354,-3.7586,-0.9241,-0.5515,-2.3591,-5.0699,-11.1261,-14.6255,-15.6870,-12.9831,-14.7681,-10.0384,-11.6650,-4.1830,-10.2739,-6.7521,-16.4533,-14.6893,-8.0221,-9.9596,-13.6924,-12.1554,-18.0327,-14.7232,-14.7430,-9.1390,-10.7271,-10.2193,-12.8096,-13.9650,-18.7846,-20.7742,-9.9982,-14.6602,-16.3145,-14.2634,-11.1434,-13.0693,-15.8674,-15.6270,-13.9866,-9.2889,-8.3655,-9.2177,-11.9484,-2.3057,-15.7660,-14.4750,-14.2840,-13.5109,-12.8742,-17.5898,-9.7232,-3.6926,-2.4435,-1.4811,-0.2801,-5.0210,6.3881,-2.5702,2.1938,3.2766,8.7883,0.6419,3.3791,-5.4639,-7.5482,-8.2189,-6.1543,-7.0689,-10.1370,-9.2778,-12.7967,-3.8984,-6.2607,-5.1443,-5.1988,2.0881,-0.2885,-1.1309,-1.4458,-0.6911,0.1532,-0.6013,-0.9716,-3.0378,-0.9718,-0.8033,-0.6513,-0.5787,-0.5139,-0.6314,-1.4209,-1.3056,-0.4503,-0.4689,-2.6589,-0.7512,-0.6907,-0.7063,-0.7571,-0.8099,-0.9718,-1.8792,-1.7634,-1.1525,-1.2524,-3.4588,-1.6744,-1.6559,-1.7406,-1.8378,-1.9301,-2.0938,-2.9634,-2.6802,-2.3539,-2.4441,-4.5536,-2.8597,-2.8325,-2.9075,-2.9917,-3.0686,-3.2260,-3.9331,-3.5885,-3.4077,-3.4715,-5.1764,-3.8193,-3.7736,-3.8268,-3.8676
45132.7500000,-14.6943,-17.2806,-8.7791,-8.0171,-1.9549,-0.2561,-3.6757,-19.0489,-7.0333,-0.5938,-6.6006,-3.1952,-2.8172,-4.8957,-6.8895,-7.9973,-8.2232,-8.5248,-5.6423,-11.5133,-8.1140,-15.3455,-6.0228,-11.4158,-9.9029,-2.1879,-13.6555,-15.0845,-14.3725,-17.6198,-22.7947,-26.1607,-25.3847,-18.6294,-14.8021,-15.1875,-4.7647,-3.0904,-13.7237,3.4508,4.2095,4.7667,-4.8947,1.5932,17.0455,-1.2106,-1.2853,1.7851,-2.8197,0.3171,4.1923,1.1896,1.3215,3.8375,-0.7894,-16.3677,-16.8589,-13.8798,3.3776,1.5565,1.0790,0.3226,-14.7762,-17.1340,-11.6737,-13.6111,-10.3449,-8.2628,-22.9942,-17.8412,-11.3912,-14.4030,-16.4340,-15.3483,-4.1330,-1.5878,-3.7226,-7.5193,-10.4910,4.0347,23.0026,17.5191,9.9985,7.0432,2.5188,3.6992,9.4297,5.3842,10.9993,7.1687,6.9814,15.4528,15.9384,10.6923,2.1056,6.8968,8.7546,17.5832,11.1828,9.6411,8.2488,9.9880,6.1212,4.5048,6.5337,8.3209,6.4861,4.2179,-1.4998,-5.2952,-6.7504,-5.4278,-7.5053,-3.8832,-5.8359,0.5570,-4.3061,-1.3349,-10.5982,-9.5674,-3.4185,-4.6044,-8.1841,-6.6948,-12.6838,-9.6147,-8.7406,-3.6157,-4.8965,-4.7064,-7.4002,-8.3624,-12.6335,-15.1300,-6.1359,-10.3393,-11.5990,-10.1441,-6.9005,-8.8357,-11.9958,-12.8849,-11.1875,-6.8471,-6.3566,-7.1582,-9.6649,-1.3305,-13.1870,-11.9712,-12.4085,-11.4679,-10.7625,-15.7488,-7.0409,-3.5896,-2.9045,-1.9663,-0.6168,-3.3424,7.4887,-1.0314,3.2062,5.8690,10.9733,2.5607,6.9291,-1.0230,-2.3443,-2.4606,-1.1003,-1.6110,-4.3675,-4.3122,-6.6758,1.2792,-0.7492,0.0185,-0.1456,6.6054,4.2713,3.1655,2.8459,3.8313,3.9434,3.8880,3.5518,1.9028,3.5312,3.6860,3.8341,3.9117,3.9939,3.9027,3.2483,3.4258,4.2682,4.3361,2.6677,4.2571,4.4145,4.4963,4.5428,4.5869,4.5174,3.7887,3.9724,4.6183,4.6095,2.8993,4.3627,4.4502,4.4254,4.3814,4.3361,4.2112,3.4553,3.6971,4.0437,3.9809,2.2765,3.6114,3.6457,3.5707,3.4821,3.3977,3.2277,2.5809,2.8353,3.0095,2.9374,1.5043,2.5767,2.6120,2.5472,2.4976
45132.7916667,-5.9574,-9.4179,-1.8079,-2.1666,2.6712,4.5763,1.6971,-11.8830,-2.2694,3.4218,-2.0741,1.0054,0.5877,-0.5672,-1.7153,-2.3510,-2.1412,-2.5479,0.1682,-4.5301,-2.2443,-7.8872,-0.6390,-4.7059,-3.9784,3.1937,-7.1643,-8.1738,-8.6529,-11.0277,-17.2080,-20.8676,-21.3619,-15.3149,-12.6084,-12.9450,-4.5766,-2.5800,-11.6718,3.7328,4.5515,5.7132,-2.0835,3.7806,19.0216,2.9206,3.1750,6.1234,1.8200,4.7391,8.2850,6.2207,7.0122,9.4249,4.3361,-8.6821,-9.1769,-6.7347,8.7076,7.2357,6.8184,6.3021,-6.5167,-9.2011,-4.1879,-6.8340,-4.1545,-3.2608,-16.6949,-13.3982,-8.8191,-11.6763,-14.1307,-12.4942,-3.5459,-2.1272,-3.8806,-6.9421,-8.7514,4.2689,22.3436,17.7281,11.2524,8.3863,5.3455,6.9646,13.0300,9.6114,15.0970,10.4502,11.4190,19.7699,20.4513,15.0832,6.7722,10.7888,13.1143,20.0202,15.1297,13.4371,12.1437,15.4725,10.8497,9.8861,12.1207,14.4781,12.4754,11.0218,6.0305,3.5824,1.7286,2.2494,0.4034,2.8310,1.0472,5.2770,1.9211,4.4091,-3.5594,-3.1165,1.3319,0.2097,-2.7995,-1.6612,-7.5247,-5.1968,-3.7982,0.7544,0.1077,0.0234,-2.0459,-3.0536,-6.6493,-9.1020,-2.0842,-5.2968,-6.1167,-5.1066,-2.1584,-3.9119,-6.8644,-8.3737,-6.9429,-3.4611,-3.4376,-4.0604,-6.4204,-0.7914,-10.0808,-8.9390,-9.8865,-9.2113,-8.6629,-13.7204,-5.6005,-3.4350,-3.2218,-2.3217,-0.9017,-2.6367,6.8594,-0.7421,2.8760,5.8646,10.1808,2.6609,7.0929,0.5025,-0.2805,0.2655,1.1920,1.6497,0.0689,0.2212,-1.5365,5.4171,3.7263,4.4274,4.2415,10.7664,8.3605,6.8551,6.6265,7.9964,7.1903,8.1160,7.8625,6.5816,7.8796,8.0306,8.1724,8.2443,8.3169,8.2217,7.6499,7.8054,8.5370,8.5995,7.2771,8.5304,8.6798,8.7619,8.8143,8.8683,8.8177,8.2040,8.3854,8.9901,9.0253,7.7018,8.8964,9.0317,9.0645,9.0809,9.0968,9.0364,8.4296,8.6688,9.0436,9.0434,7.7181,8.8075,8.8871,8.8602,8.8165,8.7718,8.6405,8.0996,8.3123,8.4943,8.4430,7.2707,8.1253,8.1631,8.1037,8.0564
45132.8333333,3.5693,0.2436,6.1419,5.5249,9.6790,10.2389,8.0987,-3.8721,3.7487,8.0149,3.5102,5.7892,4.7392,4.0887,2.9603,2.3673,2.6209,2.1179,4.0056,0.3178,2.1608,-2.4909,3.0221,-0.1063,0.4804,7.1131,-1.7858,-2.4511,-3.2920,-4.9769,-11.2403,-14.8239,-16.2290,-10.9357,-9.1561,-9.4332,-2.7632,-1.2297,-8.5142,4.6400,5.2265,6.2647,-0.1635,4.8928,19.4781,5.5117,5.7783,8.5198,4.6859,6.9105,10.2480,9.1612,10.2950,12.4429,6.9128,-2.7403,-3.0414,-0.9628,12.5894,10.9277,10.5478,9.9006,-0.5461,-2.9352,1.3695,-0.9208,1.5040,2.0674,-9.6861,-7.8797,-4.9701,-8.0053,-10.2375,-8.6383,-1.6578,-1.1178,-2.8012,-5.7013,-7.2767,3.9152,19.9478,15.9614,9.7497,6.9511,5.1401,6.4240,12.5252,9.5148,14.9788,9.8648,12.5627,20.4304,21.5876,17.0972,8.7769,12.5967,15.0472,20.0100,16.6774,14.8905,14.1579,18.7005,14.5396,13.8674,16.5767,18.8005,16.1928,15.4035,10.5938,9.9115,7.6179,7.8880,6.7871,8.0961,7.0855,9.5658,7.4568,9.7309,3.3282,3.4482,5.5210,5.3875,2.7350,3.5028,-1.7780,-0.1801,0.9201,4.6044,3.7874,3.1428,1.7747,0.9337,-1.8505,-3.9793,1.3129,-1.3987,-1.9146,-0.9739,1.5159,0.1622,-2.1584,-3.6028,-2.3523,0.2429,0.1191,-0.3990,-2.3677,1.4665,-5.9823,-5.0607,-6.3704,-6.1638,-6.1275,-11.1069,-3.8824,-2.5970,-2.7290,-1.9082,-0.4861,-1.7809,6.0766,-0.2565,2.6416,5.3563,8.7763,2.5827,6.5318,1.1548,0.6951,1.3177,1.7286,2.7398,2.1562,2.6884,1.5281,7.2165,5.7739,6.4656,6.2838,12.7627,10.2675,8.3954,8.3459,10.2089,8.5435,10.5054,10.4271,9.5685,10.6753,10.9122,11.1353,11.2918,11.4388,11.4313,11.0305,11.2113,11.8566,11.9581,10.9811,11.9708,12.1276,12.2239,12.2907,12.3534,12.3206,11.8263,11.9710,12.4701,12.5082,11.4923,12.4086,12.5321,12.5712,12.5972,12.6227,12.5819,12.0971,12.2888,12.6172,12.6389,11.6317,12.4833,12.5795,12.5888,12.5845,12.5791,12.4979,12.0858,12.2712,12.4539,12.4408,11.5440,12.2217,12.2804,12.2556,12.2343
45132.8750000,10.5474,8.4773,13.0562,12.8416,17.2542,15.9581,15.1163,4.5480,10.9067,13.4991,10.2796,11.8097,9.9244,10.0734,9.1215,8.2518,8.3362,7.5809,8.2305,5.3103,7.0499,2.8370,6.6104,4.4447,4.8128,10.9210,3.0292,2.3334,1.5849,0.1981,-5.4621,-8.6842,-10.4001,-5.6908,-4.4043,-4.5966,0.8060,1.9357,-4.0973,6.8482,7.3579,8.0053,2.6393,6.8361,20.4519,8.1576,8.0529,10.4366,6.8582,8.3069,11.4279,11.1976,12.4933,14.3595,8.2531,2.0313,1.8569,3.6777,15.6733,13.8410,13.6009,12.8702,4.7019,2.6875,6.0512,4.2293,6.3842,6.8299,-3.2418,-2.2978,-0.3348,-3.2296,-5.2669,-3.9765,1.2449,1.5628,0.0402,-2.5934,-3.8912,5.7677,19.8360,16.4291,10.3357,7.5820,6.8019,7.5736,13.3291,10.5062,15.4785,9.8258,13.5853,20.7097,21.8484,18.0162,9.4028,12.9655,15.3123,18.5721,16.5158,14.6763,14.4855,20.1545,16.5043,16.2258,19.7350,22.0231,18.9696,19.0494,14.1696,15.3093,11.8002,11.6200,11.2751,11.4630,11.3718,12.3838,11.4084,13.9329,9.1090,9.2379,8.8230,10.3673,8.0409,8.8713,4.7743,5.8985,6.4995,9.5279,8.1302,6.5592,5.8621,5.1174,2.9690,1.1697,5.2914,2.8077,2.2206,2.8976,4.4886,3.4685,1.6592,0.5084,1.4743,3.3006,3.4078,2.7179,1.4031,4.4267,-1.4492,-0.7123,-1.9626,-2.0366,-2.4227,-7.1672,-1.1310,-0.4279,-0.7192,-0.0450,1.1824,0.1807,6.6468,1.4547,3.6576,5.9997,8.6063,3.5886,7.0148,2.5331,2.2145,2.5832,2.3880,3.4395,3.4725,4.2097,3.4237,7.8313,6.5109,7.1135,6.8619,13.2976,10.6702,8.4978,8.6005,10.8874,8.5407,11.2931,11.3775,10.9134,11.8902,12.2373,12.5727,12.8539,13.1206,13.2588,13.0901,13.3486,13.9581,14.1620,13.5602,14.3964,14.6278,14.8099,14.9636,15.1061,15.1644,14.8638,15.0305,15.4662,15.5560,14.8580,15.5738,15.7154,15.7910,15.8523,15.9078,15.9046,15.5594,15.7114,15.9748,16.0089,15.2771,15.9098,15.9996,16.0255,16.0408,16.0537,16.0053,15.7051,15.8471,15.9973,16.0017,15.3477,15.8543,15.9175,15.9197,15.9208
45132.9166667,15.2093,14.7168,17.9266,18.1260,23.0373,19.3933,19.9053,10.5498,16.1652,16.9996,15.1748,16.1687,13.4180,15.0408,14.7431,13.8787,14.1713,13.2412,12.4639,10.3837,12.4081,8.1327,10.2672,9.1327,9.2109,14.9059,7.4408,6.4515,6.0904,4.5762,-0.1865,-3.0954,-4.9098,-0.8668,0.0780,-0.1173,4.3271,5.2381,0.1328,9.3724,9.7967,9.9578,5.4278,8.8712,21.5370,10.5966,9.9465,11.9357,8.4227,9.1810,12.0772,12.4388,13.7134,15.1904,8.4645,5.4045,5.2829,6.8378,17.4366,15.2426,15.0217,14.1424,8.0726,6.6076,9.1410,7.9786,10.1739,10.6784,2.0097,2.5236,3.9698,1.4225,-0.4371,0.4945,4.1380,4.7188,3.2661,0.9116,-0.2619,7.9824,20.1164,17.0597,10.9260,8.1189,8.2346,8.5781,14.1380,11.4743,16.0667,9.9439,14.5728,20.9679,21.9916,18.6859,9.7357,13.0534,15.1891,17.0274,15.7932,13.8161,13.8810,20.2288,16.8665,16.7792,20.8988,23.1604,19.6058,20.6298,15.7379,19.0386,14.2636,13.8431,14.2472,13.4131,14.1728,13.9422,13.8540,16.7053,13.1139,13.2330,10.3471,13.6703,11.5537,12.7947,10.2666,11.3232,11.5144,14.1256,11.9640,9.2869,9.4391,8.9547,7.5113,6.1756,9.6459,7.2248,6.4746,6.9365,7.3666,6.5662,5.0845,4.2340,4.6576,5.7116,6.1059,4.8380,4.1181,6.8630,2.1142,2.5801,1.6135,1.4965,1.1077,-2.8898,1.7625,2.2261,1.9687,2.3478,3.2023,2.4245,7.9603,3.5593,5.0445,7.0323,8.8987,4.7044,7.7549,3.9020,3.8203,3.9448,3.1665,4.1985,4.6761,5.4474,4.7760,7.9851,6.6302,7.0458,6.6329,12.8896,10.0564,7.6357,7.7740,10.2657,7.4585,10.5927,10.7077,10.4686,11.2754,11.6361,11.9948,12.3200,12.6396,12.8702,12.8819,13.2034,13.7809,14.0677,13.7727,14.5137,14.8193,15.0882,15.3346,15.5705,15.7425,15.6514,15.8928,16.3250,16.5042,16.1098,16.7292,16.9316,17.0818,17.2168,17.3426,17.4210,17.2472,17.4262,17.6814,17.7670,17.2948,17.8008,17.9128,17.9748,18.0253,18.0704,18.0677,17.8797,18.0071,18.1385,18.1627,17.7093,18.0897,18.1502,18.1646,18.1741
45132.9583333,17.7206,18.9642,20.9886,21.7003,27.4150,21.3565,23.2063,14.7578,19.8786,18.9929,18.3902,18.8407,15.0914,18.1432,18.5828,17.7851,18.5843,17.6758,15.4703,14.3786,17.2640,12.6388,13.3669,13.4800,13.3977,19.1510,11.7266,10.2581,10.5839,8.5502,4.8209,2.1011,0.2307,3.5175,4.1770,3.8035,7.4968,8.2255,3.5991,11.6208,11.9907,11.6699,7.7900,10.6462,22.5715,12.7624,11.4853,13.1127,9.5186,9.7123,12.4510,13.2727,14.4882,15.5923,8.3257,7.8700,7.6504,8.9082,18.3191,15.7102,15.4372,14.3606,9.9710,8.9504,10.6479,10.0652,12.4184,13.1289,5.7208,6.2110,7.5844,5.5900,3.8644,4.2398,6.5225,7.8075,6.3893,4.4076,3.2804,10.3778,20.8165,18.0307,11.7790,8.8434,9.6939,9.6170,15.0259,12.4025,16.6322,10.0482,15.3470,21.0583,21.9195,19.0053,9.7075,12.8098,14.7539,15.5348,14.8820,12.8236,13.0432,19.8370,16.4342,16.4722,21.0577,23.2484,19.2127,20.9455,15.8597,21.0342,14.9273,14.3217,15.4088,13.7729,15.2856,14.1348,14.7828,18.0745,15.5394,15.7232,10.7174,15.5967,13.5664,15.2970,14.3836,15.5056,15.2758,17.6707,14.6313,10.8014,11.7818,11.6185,10.9088,10.1725,13.5395,11.1834,10.3541,10.8419,10.0346,9.4813,8.2607,7.8373,7.6127,7.9906,8.7708,6.6755,6.4245,9.2421,5.2369,5.3186,4.5836,4.2337,3.8573,0.7602,3.9235,4.4387,4.4467,4.4793,4.9316,4.3850,9.5224,5.7031,6.5498,8.3063,9.5615,5.9310,8.7580,5.2967,5.4639,5.2992,3.8849,4.8707,5.7505,6.5646,5.9387,8.1498,6.7302,6.9735,6.4135,12.4459,9.4563,6.9042,7.0245,9.5466,6.5185,9.7251,9.7986,9.6519,10.2630,10.5576,10.8550,11.1328,11.4112,11.6300,11.6950,11.9882,12.4718,12.7514,12.6155,13.2313,13.5389,13.8247,14.0984,14.3684,14.5954,14.6349,14.9162,15.3378,15.5790,15.4066,15.9654,16.2248,16.4462,16.6559,16.8577,17.0235,17.0047,17.2376,17.5234,17.6842,17.4389,17.8950,18.0646,18.1947,18.3127,18.4230,18.4948,18.4285,18.5853,18.7415,18.8167,18.5432,18.8662,18.9556,19.0063,19.0423
45133.0000000,19.0831,21.9632,22.9136,24.1227,30.7675,22.3625,25.4149,17.6973,22.5139,20.0604,20.5233,20.4998,15.8343,20.1926,21.3244,20.5275,21.8256,20.8846,17.2335,17.0053,21.0074,15.8208,15.3427,16.7766,16.6588,22.9249,15.3231,13.3762,14.7975,12.1282,9.7175,7.1960,5.3808,7.8613,8.2804,7.5744,10.6654,11.2141,6.6965,13.8659,14.1720,13.3518,9.9544,12.3430,23.7081,14.8473,12.9008,14.2434,10.4735,10.2074,12.8361,14.0244,15.1759,15.9514,8.2506,9.9599,9.5807,10.5527,18.9638,15.9464,15.5905,14.3127,11.2533,10.5788,11.4793,11.3446,13.7938,14.6393,8.0123,8.6379,10.2122,8.9288,7.3466,7.1200,8.2603,10.5530,9.1802,7.6850,6.5784,12.8016,21.7939,19.2522,12.8307,9.7348,11.2577,10.8185,16.2028,13.5844,17.5373,10.5145,16.4010,21.5019,22.1851,19.5625,9.9152,12.8143,14.5667,14.5526,14.2874,12.1683,12.4512,19.4757,15.8374,15.9280,20.8237,22.9134,18.4730,20.7390,15.4287,22.0815,14.7162,13.8958,15.4794,13.2429,15.2839,13.4755,14.6199,18.2736,16.5831,16.8397,10.2244,16.2713,14.3074,16.5519,17.2263,18.5470,17.9300,20.2471,16.3104,11.4449,13.1118,13.2367,13.1792,13.0474,16.6375,14.3130,13.4535,14.1549,12.1187,11.8710,10.9270,11.0868,10.2213,10.0725,11.3874,8.3833,8.5865,11.7828,8.2785,7.9458,7.4504,6.7654,6.3471,4.1006,5.7312,6.4186,6.7825,6.4035,6.4493,6.0625,11.1630,7.7540,8.0180,9.6445,10.3963,7.1406,9.8944,6.6665,7.1476,6.7046,4.6422,5.6457,6.8993,7.7672,7.1406,8.5213,7.0230,7.1236,6.4445,12.2680,9.1726,6.5665,6.6599,9.1393,6.0376,9.1856,9.2128,9.1126,9.5610,9.7840,10.0112,10.2263,10.4439,10.6204,10.6874,10.9211,11.2953,11.5251,11.4571,11.9337,12.1919,12.4374,12.6773,12.9175,13.1298,13.2095,13.4668,13.8292,14.0652,14.0056,14.4764,14.7355,14.9704,15.1998,15.4263,15.6291,15.7005,15.9551,16.2502,16.4568,16.3710,16.7913,17.0065,17.1934,17.3714,17.5431,17.6860,17.7278,17.9288,18.1281,18.2672,18.1519,18.4638,18.6046,18.7111,18.7896
45133.0416667,19.3639,23.7274,23.7802,25.4781,33.1323,22.5686,26.7229,19.5267,24.2112,20.3946,21.7847,21.3769,15.9557,21.2954,23.1024,22.3317,24.1667,23.2024,18.2093,18.7019,23.8762,17.9911,16.4685,19.1058,18.9645,25.9368,17.9578,15.5123,18.2154,14.8491,13.9881,11.7540,10.2360,11.9960,12.3225,11.2483,13.9305,14.3594,9.6855,16.2168,16.4741,15.1504,12.1055,14.1243,25.0861,17.0148,14.3613,15.3757,11.3872,10.7456,13.3100,14.8082,15.9068,16.3976,8.3321,11.8851,11.3193,12.0267,19.6019,16.2025,15.7600,14.3027,12.3114,11.9234,12.1052,12.3269,14.8361,15.6933,9.3538,10.0735,11.9185,11.3621,9.8899,9.0436,9.2473,12.6627,11.3479,10.4202,9.3208,14.8902,22.6558,20.3447,13.7180,10.4266,12.5901,11.8601,17.3594,14.7435,18.5293,11.0811,17.5661,22.1733,22.7173,20.3587,10.3637,13.1316,14.7359,14.1196,14.1305,11.9746,12.2890,19.4522,15.1962,15.3304,20.4450,22.4451,17.7060,20.3297,14.8538,22.6592,14.2135,13.1997,15.1015,12.4507,14.8126,12.5650,13.9999,17.8799,16.8283,17.1219,9.3996,16.1412,14.2048,16.8481,18.9283,20.4818,19.5093,21.8361,17.0718,11.4002,13.5962,13.9782,14.4817,14.9160,18.9068,16.5846,15.7127,16.7163,13.5070,13.5611,12.8740,13.6797,12.2021,11.6475,13.5874,9.6808,10.3410,14.1474,10.9897,10.2641,10.0809,9.1156,8.7219,7.3555,7.4669,8.4093,9.2035,8.3690,7.9182,7.6555,12.9876,9.8251,9.5440,11.1115,11.4311,8.3898,11.1787,8.0436,8.8728,8.1463,5.4171,6.3822,8.0408,9.0212,8.3953,9.0904,7.5099,7.5051,6.7309,12.4052,9.2244,6.5859,6.6537,9.0767,5.9501,9.0098,8.9930,8.9144,9.2329,9.3911,9.5540,9.7100,9.8694,10.0005,10.0538,10.2290,10.5077,10.6844,10.6473,11.0047,11.2071,11.4020,11.5948,11.7895,11.9657,12.0476,12.2592,12.5490,12.7498,12.7388,13.1121,13.3356,13.5438,13.7503,13.9567,14.1483,14.2469,14.4797,14.7445,14.9479,14.9423,15.3036,15.5200,15.7181,15.9119,16.1031,16.2752,16.3756,16.5922,16.8093,16.9841,16.9758,17.2758,17.4522,17.5998,17.7109
45133.0833333,18.9053,24.4771,23.7767,25.8860,34.4929,22.0461,27.1122,20.4174,25.0423,20.0895,22.2339,21.5174,15.5312,21.6588,24.0509,23.2917,25.6267,24.6388,18.4672,19.5601,25.8830,19.2704,16.8952,20.5901,20.4414,28.2039,19.7264,16.7951,20.7815,16.6685,17.3792,15.4363,14.3503,15.4559,15.8198,14.3891,16.8651,17.2908,12.3100,18.4734,18.7173,16.9023,14.1175,15.8592,26.5873,19.2113,15.8388,16.5212,12.2763,11.3152,13.8437,15.5968,16.6421,16.8766,8.4808,13.6327,12.8668,13.3290,20.2050,16.4496,15.9234,14.3115,13.1865,13.0440,12.5941,13.1119,15.6808,16.4855,10.1391,10.8803,12.9666,13.0607,11.6293,10.1373,9.5904,14.0535,12.7702,12.4176,11.2943,16.3592,23.0649,20.9549,14.1076,10.6294,13.3597,12.3956,18.0834,15.4665,19.1656,11.3218,18.4006,22.6279,23.0822,20.9872,10.6620,13.3821,14.8975,13.8248,14.0527,11.8880,12.2392,19.5142,14.5924,14.7433,19.9763,21.8766,16.9193,19.7661,14.1939,22.8880,13.5876,12.4432,14.5363,11.6290,14.1605,11.6464,13.2308,17.2149,16.6365,16.9378,8.5504,15.5977,13.6737,16.5731,19.8017,21.5406,20.2090,22.5524,17.0574,10.8339,13.3724,13.9501,14.8954,15.8141,20.2642,17.9345,17.0702,18.4173,14.1624,14.4979,14.0437,15.4850,13.4512,12.5865,15.1503,10.4166,11.4892,16.0037,13.0742,11.9869,12.1571,10.9933,10.7187,10.3004,8.9511,10.2132,11.5133,10.2028,9.2615,9.1154,14.8902,11.8457,11.0503,12.6165,12.5565,9.6060,12.5225,9.3747,10.5887,9.5802,6.1734,7.1186,9.1618,10.2667,9.6181,9.7260,8.0464,7.9574,7.0978,12.6940,9.4263,6.7475,6.7946,9.1781,6.0263,9.0189,8.9655,8.8977,9.1173,9.2229,9.3331,9.4395,9.5494,9.6400,9.6753,9.7994,9.9995,10.1273,10.1020,10.3621,10.5122,10.6582,10.8041,10.9528,11.0894,11.1592,11.3238,11.5464,11.7064,11.7149,12.0018,12.1825,12.3537,12.5252,12.6981,12.8617,12.9596,13.1556,13.3762,13.5543,13.5829,13.8772,14.0691,14.2494,14.4282,14.6067,14.7729,14.8890,15.0902,15.2936,15.4680,15.5118,15.7788,15.9576,16.1137,16.2327
45133.1250000,17.4507,23.9478,22.6845,25.1390,34.5989,20.6406,26.4342,20.3319,24.9514,19.1201,21.8547,20.9151,14.5875,21.2533,24.1439,23.4165,26.2115,25.2191,18.0948,19.6639,27.0132,19.7203,16.6902,21.2466,21.0975,29.6397,20.6278,17.2716,22.4637,17.6304,19.8394,18.1644,17.5570,18.0340,18.4884,16.6900,19.0808,19.5712,14.1892,20.1875,20.4612,18.1898,15.6111,17.1688,27.8467,21.1512,17.0956,17.4721,12.9892,11.7656,14.2930,16.2757,17.2803,17.2881,8.5926,15.1372,14.1604,14.3887,20.6687,16.5777,15.9664,14.2197,13.7926,13.8577,12.8600,13.6247,16.2608,16.9973,10.5624,11.2937,13.5709,14.2126,12.7564,10.6263,9.4963,14.8214,13.5243,13.6927,12.5034,17.1475,22.9139,20.9606,13.9089,10.2860,13.4553,12.3012,18.1633,15.5363,19.1772,11.0118,18.5937,22.5148,22.9055,21.0606,10.4692,13.1801,14.6441,13.2335,13.6325,11.4880,11.8837,19.2547,13.6810,13.8659,19.1671,20.9969,15.9303,18.9226,13.3686,22.7466,12.8311,11.6257,13.8140,10.7758,13.3684,10.7193,12.3601,16.3508,16.1188,16.4137,7.7274,14.8036,12.9058,15.9430,20.0631,21.9308,20.2480,22.5838,16.4828,9.9593,12.6599,13.3574,14.6079,15.8931,20.7540,18.3957,17.5342,19.2029,14.0754,14.6472,14.3949,16.4061,13.9047,12.8198,15.9414,10.5357,11.9485,17.1515,14.3713,12.9691,13.4913,12.1962,12.0938,12.6340,9.9363,11.5362,13.3782,11.5991,10.2235,10.2000,16.5605,13.5496,12.2851,13.8992,13.5101,10.5724,13.6955,10.4773,12.1232,10.8610,6.8024,7.7431,10.1774,11.4319,10.7522,10.3526,8.5606,8.4013,7.4586,13.0321,9.6642,6.9275,6.9530,9.3106,6.1185,9.0623,8.9707,8.8997,9.0370,9.0939,9.1558,9.2166,9.2815,9.3341,9.3486,9.4280,9.5633,9.6481,9.6240,9.8064,9.9108,10.0136,10.1175,10.2246,10.3243,10.3772,10.4991,10.6637,10.7844,10.7974,11.0113,11.1501,11.2833,11.4178,11.5546,11.6860,11.7713,11.9282,12.1039,12.2502,12.2902,12.5223,12.6820,12.8346,12.9873,13.1411,13.2874,13.3988,13.5725,13.7488,13.9055,13.9695,14.1946,14.3569,14.5017,14.6126
45133.1666667,15.9270,23.0060,21.2775,23.9524,34.0718,18.9756,25.2033,19.5921,24.1453,17.6754,20.8072,19.6929,13.2189,20.2235,23.5000,22.8139,26.0074,25.0327,17.2043,19.1272,27.3590,19.5005,16.0093,21.2250,21.0930,30.3707,20.8643,17.1601,23.3990,17.9135,21.4705,20.0485,19.9368,19.8306,20.4114,18.2443,20.6253,21.2068,15.3621,21.3238,21.6521,18.9632,16.5499,17.9914,28.7459,22.6809,17.9792,18.0890,13.3915,11.9708,14.5343,16.7459,17.7484,17.5834,8.6326,16.4095,15.2395,15.2730,21.0723,16.6825,15.9937,14.1298,14.2571,14.4912,13.0141,13.9715,16.6570,17.3016,10.7214,11.4438,13.8944,15.0252,13.5207,10.7761,9.2235,15.2235,13.8882,14.5314,13.2705,17.5808,22.5379,20.7155,13.5072,9.7924,13.2535,11.9372,17.9023,15.2521,18.8217,10.4348,18.3616,22.0111,22.3351,20.6891,9.9208,12.5928,14.0068,12.3718,12.8907,10.7876,11.2108,18.6016,12.6372,12.8319,18.1126,19.8639,14.7624,17.8032,12.3267,22.1819,11.8825,10.6823,12.9144,9.8612,12.4544,9.7840,11.4317,15.3731,15.4078,15.6987,6.9786,13.8955,12.0418,15.1272,19.9262,21.8856,19.8882,22.2057,15.6452,9.0364,11.7526,12.5004,13.9329,15.4723,20.6600,18.2571,17.3808,19.3065,13.4989,14.2274,14.1192,16.5874,13.7176,12.4827,16.0433,10.1557,11.8053,17.6031,14.9366,13.2850,14.1189,12.7278,12.8028,14.2443,10.3801,12.3038,14.6887,12.4903,10.7494,10.8450,17.8619,14.8508,13.1846,14.8923,14.2372,11.2754,14.6466,11.3236,13.4059,11.9104,7.2455,8.2356,11.0496,12.4773,11.7718,10.9451,9.0431,8.8326,7.8175,13.4308,9.9645,7.1631,7.1738,9.5289,6.2883,9.2095,9.0847,9.0051,9.0760,9.0899,9.1082,9.1266,9.1490,9.1637,9.1521,9.1884,9.2662,9.3091,9.2748,9.3904,9.4514,9.5127,9.5762,9.6433,9.7066,9.7376,9.8194,9.9332,10.0168,10.0239,10.1769,10.2771,10.3743,10.4737,10.5759,10.6753,10.7426,10.8624,10.9967,11.1110,11.1497,11.3275,11.4543,11.5770,11.7008,11.8263,11.9475,12.0445,12.1873,12.3328,12.4654,12.5321,12.7155,12.8542,12.9798,13.0765
45133.2083333,13.9245,21.2672,19.2073,21.9871,32.5462,16.7120,23.2028,17.8545,22.3971,15.5775,18.9830,17.8123,11.4598,18.6135,22.1474,21.4993,24.9743,24.0130,15.7460,17.9221,26.7769,18.4965,14.7430,20.3983,20.2893,30.1456,20.2376,16.3429,23.4542,17.4898,22.2207,21.0258,21.4044,20.7723,21.4859,18.9896,21.3959,22.0856,15.8124,21.6697,22.0577,19.0059,16.7333,18.0997,28.9993,23.5878,18.3226,18.2050,13.3591,11.7830,14.3744,16.7822,17.7934,17.4822,8.3586,17.2059,15.8834,15.7497,21.1429,16.5006,15.7618,13.8255,14.4254,14.8255,12.9654,14.0966,16.8461,17.3598,10.6980,11.3998,13.9625,15.4873,13.9210,10.6915,8.8306,15.3127,13.9307,14.9612,13.6035,17.5982,21.8192,20.0937,12.7887,9.0279,12.6685,11.2537,17.2664,14.6142,18.1120,9.6360,17.7511,21.1470,21.4036,19.9357,9.1369,11.7435,13.0944,11.3024,11.8876,9.8473,10.2791,17.5921,11.1595,11.3714,16.5588,18.2438,13.2155,16.2641,11.0106,21.1489,10.7114,9.5706,11.7646,8.7690,11.2845,8.6642,10.2698,14.0842,14.3058,14.5993,6.1159,12.7531,10.9891,14.0657,19.3426,21.3814,19.1376,21.4157,14.5589,8.0645,10.7147,11.4844,13.0108,14.7006,20.0897,17.6507,16.7600,18.8729,12.5949,13.4244,13.4205,16.2054,13.0703,11.7437,15.5845,9.4298,11.2097,17.4157,14.8313,12.9930,14.0843,12.6570,12.8993,15.1261,10.3097,12.4830,15.3451,12.7868,10.6228,10.8485,18.4884,15.4469,13.4573,15.2765,14.4100,11.4304,15.0861,11.6942,14.2593,12.6061,7.4479,8.4598,11.6487,13.2768,12.5629,11.3746,9.3727,9.1309,8.0589,13.7445,10.1736,7.3023,7.3056,9.6749,6.3758,9.3015,9.1537,9.0705,9.0949,9.0789,9.0665,9.0549,9.0469,9.0347,9.0051,9.0095,9.0429,9.0521,9.0074,9.0698,9.0934,9.1180,9.1449,9.1756,9.2050,9.2131,9.2580,9.3257,9.3732,9.3679,9.4671,9.5294,9.5908,9.6551,9.7226,9.7899,9.8364,9.9211,10.0164,10.0987,10.1290,10.2590,10.3532,10.4457,10.5400,10.6368,10.7319,10.8115,10.9242,11.0393,11.1462,11.2079,11.3528,11.4660,11.5696,11.6494
45133.2500000,12.4460,19.8804,17.5847,20.4166,31.2570,15.0255,21.4844,16.3886,20.6833,13.6750,17.1097,15.8045,9.6269,16.6193,20.2863,19.6841,23.3728,22.4636,14.0178,16.3239,25.6566,17.1643,13.2954,19.1799,19.0998,29.4158,19.2436,15.2135,22.9199,16.5699,22.2531,21.3197,22.1907,21.1020,21.9735,19.1807,21.6306,22.4268,15.7754,21.6226,22.0765,18.7136,16.5763,17.8868,28.8807,23.9634,18.1728,17.9314,12.9651,11.3132,13.9368,16.5119,17.5505,17.1471,7.9651,17.6845,16.2385,15.9961,21.0631,16.1989,15.4049,13.4046,14.4042,14.9663,12.7855,14.0598,16.8422,17.2554,10.4906,11.1913,13.8658,15.7760,14.1704,10.4760,8.4211,15.2348,13.8079,15.2141,13.8076,17.5614,21.1499,19.5020,12.1595,8.4225,12.1356,10.6401,16.6069,13.9504,17.3353,8.8662,17.0068,20.1627,20.3429,19.0042,8.2920,10.7751,12.0420,10.1788,10.7897,8.8328,9.2526,16.3799,9.7630,9.9745,14.9775,16.5692,11.6647,14.6321,9.5883,19.7461,9.3560,8.2907,10.4368,7.6006,10.0184,7.5411,9.0804,12.7334,13.1102,13.4061,5.2903,11.5066,9.8443,12.8392,18.4632,20.5608,18.1224,20.3647,13.3582,7.1139,9.6293,10.3872,11.9474,13.7342,19.2585,16.8096,15.9078,18.1391,11.5785,12.4430,12.5062,15.4884,12.1951,10.8191,14.7960,8.5667,10.3767,16.8243,14.3308,12.3805,13.6377,12.1573,12.5007,15.3578,9.8459,12.1877,15.4346,12.5981,10.2296,10.5197,18.6500,15.5616,13.3296,15.2495,14.2291,11.2448,15.1217,11.6611,14.6177,12.8212,7.2902,8.3115,11.8387,13.6922,13.0051,11.5393,9.4720,9.2231,8.1185,13.8992,10.2441,7.3216,7.3311,9.7313,6.3913,9.3282,9.1650,9.0834,9.0730,9.0323,8.9940,8.9569,8.9236,8.8909,8.8502,8.8308,8.8265,8.8068,8.7545,8.7743,8.7659,8.7592,8.7557,8.7564,8.7595,8.7528,8.7697,8.7979,8.8135,8.7972,8.8510,8.8776,8.9048,8.9354,8.9700,9.0072,9.0348,9.0876,9.1441,9.1933,9.2115,9.2964,9.3552,9.4142,9.4761,9.5416,9.6089,9.6693,9.7517,9.8336,9.9117,9.9636,10.0704,10.1538,10.2311,10.2907
45133.2916667,10.9444,18.2315,15.7380,18.4252,29.2455,12.8516,19.0673,14.4521,18.5561,11.5573,14.8814,13.5415,7.7291,14.3814,18.0156,17.4069,21.0902,20.1186,11.7083,14.0625,23.5697,15.0101,11.2424,17.1779,17.1340,27.6425,17.3054,13.3460,21.4969,15.0059,21.4909,20.8142,22.1602,20.6710,21.6360,18.5935,21.0341,21.8730,14.9414,20.8331,21.1980,17.5462,15.4550,16.7100,27.7604,23.2776,17.1058,16.8434,11.8735,10.2159,12.8181,15.4296,16.4257,15.9040,6.7907,17.2017,15.7774,15.4703,20.2528,15.1597,14.2721,12.2224,13.5462,14.3569,12.0315,13.4844,16.3507,16.7283,10.0169,10.7278,13.4228,15.5652,13.8989,9.9008,7.7798,14.6897,13.1504,14.8000,13.2556,16.6913,19.6982,17.9722,10.5834,6.9146,10.5357,9.0475,14.9287,12.2993,15.5959,7.3040,15.3157,18.2621,18.4004,17.1900,6.7732,9.1648,10.3515,8.5187,9.0289,7.1622,7.5355,14.3273,8.1470,8.2753,12.9522,14.3662,9.6157,12.4921,7.8095,17.8461,7.7375,6.8139,8.8587,6.2063,8.4293,6.1214,7.5102,10.9075,11.3049,11.5762,4.0352,9.7940,8.2577,11.1560,16.9191,19.0569,16.4671,18.6096,11.5710,5.7208,8.0988,8.8650,10.4336,12.2574,17.8055,15.3786,14.5033,16.8039,10.1427,11.0291,11.1721,14.2746,10.9145,9.5471,13.5108,7.3614,9.1597,15.6767,13.2197,11.2073,12.5891,11.1469,11.5962,14.9299,8.9853,11.4129,14.8409,11.7641,9.3283,9.5837,18.0345,14.8404,12.4045,14.3644,13.2212,10.1885,14.2312,10.7338,14.0422,12.2159,6.5284,7.7087,11.4474,13.4565,12.7408,11.0615,8.8922,8.6319,7.4826,13.3197,9.5530,6.5759,6.5546,8.9421,5.6071,8.5179,8.3194,8.2029,8.1830,8.1132,8.0459,7.9802,7.9250,7.8745,7.8247,7.8093,7.8054,7.7604,7.6764,7.6870,7.6470,7.6044,7.5644,7.5316,7.5064,7.4708,7.4810,7.4995,7.4819,7.4260,7.4640,7.4527,7.4372,7.4259,7.4218,7.4262,7.4199,7.4601,7.5015,7.5165,7.4932,7.5615,7.5815,7.5970,7.6165,7.6426,7.6753,7.7017,7.7677,7.8296,7.8743,7.8844,7.9773,8.0245,8.0624,8.0900
45133.3333333,7.8989,15.0464,12.7502,15.3748,26.2018,10.1682,16.0294,11.8395,15.8580,9.1007,12.0797,10.7443,5.3070,11.2062,14.7247,14.1882,17.8697,16.9225,8.7628,11.1020,20.6672,12.1405,8.6408,14.4163,14.3494,24.9840,14.5745,10.6856,19.0205,12.3917,19.4115,18.9487,20.7422,19.0856,20.2129,17.0808,19.5716,20.4011,13.2242,19.3744,19.5269,15.7648,13.5428,14.8106,25.9310,21.6364,15.1857,15.0075,10.0444,8.4866,11.0746,13.5385,14.4523,13.8494,4.9114,15.4476,14.0391,13.7372,18.3474,13.2220,12.2511,10.1787,11.5004,12.5235,10.2031,11.7610,14.7722,15.2943,8.8840,9.8667,12.6615,14.9246,13.1794,8.8482,6.8990,13.7482,11.9969,13.7967,12.0744,15.2455,17.9679,16.1787,8.7955,5.1897,8.4495,7.0359,12.7029,10.0618,13.2193,5.3069,12.8963,15.6109,15.6435,14.4042,4.4320,6.6462,7.7694,6.1857,6.4137,4.6873,4.9661,11.3778,5.8265,5.9157,10.2618,11.5251,7.0157,9.7877,5.5077,15.2637,5.5834,4.8730,6.8615,4.4912,6.4997,4.4394,5.6556,8.8110,9.1576,9.3462,2.4344,7.6662,6.1570,8.9067,14.5253,16.7056,14.0763,16.1468,9.1471,3.7576,5.9226,6.6439,8.1607,9.9609,15.4586,13.1346,12.3709,14.7699,8.2192,9.0325,9.2091,12.4258,9.0946,7.8231,11.6970,5.7766,7.4894,13.9894,11.5828,9.5308,10.9794,9.5869,10.1431,13.7655,7.6944,10.2501,13.7134,10.4168,8.0485,8.1231,16.8683,13.4896,10.9686,12.9594,11.8320,8.7056,12.7457,9.2158,12.6384,10.8119,5.1263,6.3799,10.2194,12.4179,11.6924,10.0037,7.7070,7.5192,6.3385,12.2518,8.4043,5.4251,5.2971,7.6142,4.4195,7.2988,7.0373,6.7537,6.8113,6.6792,6.5515,6.4205,6.3059,6.1569,6.0061,6.0109,6.1157,6.0339,5.7987,5.9061,5.8267,5.7385,5.6522,5.5792,5.5176,5.3571,5.3913,5.5199,5.4693,5.2623,5.3980,5.3534,5.2930,5.2369,5.1926,5.1622,5.0302,5.0918,5.2208,5.2024,5.0302,5.1868,5.1699,5.1371,5.1086,5.0912,5.0814,4.9818,5.0768,5.1532,5.1722,5.0453,5.2318,5.2486,5.2459,5.2398
45133.3750000,4.1295,10.8838,8.9819,11.4785,22.2219,7.1990,12.4151,8.7684,12.9539,6.7798,9.4532,8.2089,3.1946,7.6633,10.7613,10.5060,14.2213,13.3580,5.6626,7.5559,16.9749,8.5880,5.4641,10.9437,11.1382,21.5826,11.4242,7.5256,16.0737,9.4193,16.5740,16.3565,18.5407,16.7803,17.9608,14.5448,17.4226,18.1907,10.8963,17.5722,17.4418,13.9787,11.4782,12.7225,23.7572,19.3993,12.6787,12.4572,7.6182,6.2704,9.0767,11.5333,12.5228,11.9934,3.3993,13.4370,11.8412,11.7523,16.1107,11.2131,10.2376,8.1941,9.0795,10.0907,7.9026,9.3551,12.6465,13.0730,6.9368,8.3952,11.6118,13.9397,12.2974,7.6924,6.1339,12.9744,11.0904,12.8355,10.9060,13.9485,16.8109,15.0900,7.8680,4.3394,6.8520,5.4404,10.6784,7.9580,10.8643,3.4718,10.5039,12.9367,12.9007,11.6561,2.3014,4.2256,5.2828,4.2628,4.1563,2.5705,2.5265,8.2339,3.4699,3.5508,7.5710,8.7251,4.3329,6.7362,2.7686,12.1748,3.0531,2.5569,4.4907,2.4960,4.2535,2.7404,3.7326,6.6252,7.0447,7.2548,0.9902,5.6572,4.0791,6.7354,11.9070,14.0342,11.6017,13.7415,6.9497,2.0892,3.9110,4.4803,5.8443,7.5508,12.6789,10.3870,9.6793,12.2158,6.0408,6.7247,6.8317,10.0974,6.9261,5.9515,9.5658,4.0077,5.6687,11.9427,9.6117,7.5545,8.9645,7.6296,8.3143,12.0496,6.1687,9.0270,12.5293,9.1384,7.0397,6.9097,15.8590,12.2664,9.6936,11.6150,10.6022,7.4032,11.2505,7.7780,10.9621,9.1011,3.5766,4.8128,8.5061,10.9392,10.2792,8.7592,6.3288,6.3059,5.1872,11.2020,7.4258,4.5536,4.2251,6.3361,3.3891,6.2441,5.9756,5.4552,5.6966,5.5735,5.4461,5.2983,5.1587,4.9561,4.5148,4.4616,4.7464,4.6394,4.1487,4.4150,4.3323,4.2274,4.1166,4.0145,3.8965,3.4589,3.4471,3.7432,3.6763,3.2290,3.5322,3.4959,3.4258,3.3541,3.2893,3.2152,2.8270,2.8676,3.1373,3.1075,2.6945,3.0238,3.0185,2.9783,2.9361,2.8996,2.8473,2.5244,2.7382,2.8213,2.8126,2.4286,2.7710,2.7880,2.7698,2.7511
45133.4166667,3.0968,9.0839,7.3272,9.5159,20.0049,5.7682,10.2235,6.6512,10.5970,5.0161,7.3214,6.2346,1.8398,4.6972,7.5156,7.3732,11.0053,10.2893,3.3667,4.9230,13.9767,6.0093,3.3503,8.2521,8.5312,18.6761,8.8663,5.1378,13.3751,6.9512,13.9368,13.8877,16.3354,14.6526,15.9656,12.6055,15.5448,16.3268,9.1042,15.8709,15.7347,12.4377,9.9487,11.2529,22.2782,17.9640,11.2241,10.9074,6.2074,5.0103,7.6823,9.9432,10.9238,10.4816,2.5596,11.9752,10.4304,10.4669,14.8086,10.0458,9.1351,7.2118,7.8648,8.8486,6.7502,8.0366,11.2422,11.5140,5.2226,6.7487,10.1848,12.7364,11.2821,6.7525,5.5006,12.3403,10.5707,12.6264,10.6072,13.6741,16.7719,15.0857,8.1367,4.8104,6.9417,5.6460,10.5621,7.8580,10.5578,3.7443,10.1087,12.2990,12.1339,10.7611,2.0967,3.6860,4.5869,3.9474,3.6015,2.1674,2.0016,6.9904,2.2727,2.3076,5.8997,6.9404,2.9370,4.8363,1.1863,9.6940,1.2788,0.8294,2.5837,0.9344,2.3208,1.2182,1.9887,4.6839,5.0740,5.3509,0.0528,4.0229,2.5857,5.0455,9.8298,11.9426,9.6852,11.8765,5.5156,1.3335,2.8213,3.2769,4.4584,6.0057,10.8242,8.4967,7.8072,10.2819,4.5518,5.0548,5.0732,8.1882,5.2529,4.4189,7.7072,2.6593,4.1251,10.1637,7.9487,5.9813,7.3341,5.9743,6.6377,10.2916,4.7909,7.6623,11.1432,7.8709,6.0271,5.8979,14.8621,11.3469,8.9076,10.8210,9.9337,6.8305,10.5886,7.2186,10.2261,8.3326,3.1068,4.1008,7.4532,9.8809,9.2453,7.8690,5.4995,5.5563,4.5386,10.4580,6.8513,4.1756,3.8907,5.7953,3.1566,5.8756,5.6556,5.1110,5.4537,5.3756,5.2913,5.1780,5.0690,4.8840,4.3890,4.3538,4.7052,4.5994,4.0329,4.3515,4.2678,4.1552,4.0328,3.9169,3.7723,3.2486,3.2213,3.5424,3.4470,2.8982,3.2282,3.1716,3.0748,2.9768,2.8866,2.7789,2.3009,2.3673,2.5893,2.5338,2.0243,2.3828,2.3625,2.3010,2.2388,2.1843,2.1069,1.7232,1.9480,2.0286,2.0049,1.5376,1.9133,1.9235,1.8919,1.8639
45133.4583333,1.9557,7.2386,5.8221,7.4771,17.4289,3.9760,7.8453,4.5588,8.5156,3.5712,5.3724,4.5583,0.6551,2.2347,4.5031,4.2301,7.4925,6.7670,0.6787,1.9319,10.4528,2.9034,0.9320,5.1521,5.6224,15.2847,5.8188,2.4477,10.3111,4.2769,11.0836,11.0810,13.7458,12.2503,13.4939,10.1830,13.0404,13.6723,6.6165,13.6229,13.3342,10.1554,7.5175,8.9432,20.1587,15.7912,9.2361,8.9762,4.6549,3.6444,6.2896,8.2403,9.1163,8.6777,1.3371,10.0878,8.6705,8.8099,13.0993,8.3256,7.3812,5.5550,5.9191,7.0717,5.3259,6.6012,9.8005,9.9542,3.6965,5.1698,8.5438,10.9461,9.6125,5.2681,4.3890,10.9870,9.1485,11.3693,9.0011,11.9425,15.4059,13.5003,6.6884,3.5193,5.2068,4.2359,9.1182,6.4034,9.3022,2.9710,8.8821,10.9528,10.8391,9.4052,1.4591,2.9858,3.8358,3.6166,2.8961,1.5730,1.3616,5.7178,1.3510,1.2580,4.3355,5.1487,1.4754,2.9063,-0.3440,7.3870,-0.1827,-0.4994,1.1280,-0.2327,0.6574,-0.0216,0.3786,2.8303,2.9415,3.1142,-1.2953,2.0220,0.6960,2.8790,7.0479,9.2729,7.1966,9.3964,3.4886,-0.0089,1.3326,1.7730,2.9172,4.4037,8.9494,6.5692,5.8491,8.2420,3.0833,3.4574,3.3002,6.3287,3.5979,2.9079,5.8565,1.2181,2.4779,8.1802,5.9048,4.1003,5.4799,4.1863,4.9039,8.4292,3.4473,6.3055,9.4212,6.2033,4.5578,4.2246,13.0881,9.5214,7.1687,8.8839,8.1426,5.0993,8.8281,5.5555,8.5810,6.9567,2.2006,3.2984,6.4045,8.8549,8.1671,6.9650,4.5077,4.6328,3.6254,9.4155,5.8304,3.2325,2.9384,4.4823,2.2116,4.7225,4.4827,3.7989,4.2917,4.2222,4.1531,4.0518,3.9597,3.7739,3.2161,3.2032,3.6491,3.5929,2.9198,3.4548,3.4083,3.3217,3.2188,3.1195,2.9696,2.3742,2.3899,2.7374,2.6616,1.9643,2.4825,2.4309,2.3227,2.2098,2.1027,1.9636,1.3977,1.4973,1.7125,1.6514,0.9751,1.4873,1.4504,1.3569,1.2603,1.1710,1.0445,0.5760,0.7823,0.8660,0.8285,0.1986,0.7133,0.7072,0.6465,0.5926
45133.5000000,-4.0785,0.7581,0.8811,1.5334,9.9731,-3.2600,-0.6525,-4.0687,1.0589,-2.9913,-3.4480,-2.4924,-5.5685,-4.1809,-2.5517,-2.9473,-0.0217,-0.8017,-5.9066,-5.3296,2.9932,-4.7953,-4.8795,-1.7402,-0.3664,7.8996,-1.8494,-5.3011,2.9723,-2.7258,4.1472,3.8944,7.1949,5.5544,6.7999,3.3526,5.9970,6.2531,-0.9549,7.3495,6.0049,2.7511,-1.0307,1.1510,14.0337,8.1951,2.0654,1.8709,-1.6992,-2.3907,1.5136,2.6344,3.1411,2.6522,-4.7754,3.7178,3.3388,3.9426,8.3428,2.7713,1.2702,-0.7456,-1.5546,0.5756,0.0268,1.8778,5.3366,4.9857,-0.7013,1.9909,5.6602,7.2696,6.0904,1.8599,1.7596,8.1153,5.0227,7.2936,2.6808,4.8585,10.4646,6.9899,-0.3055,-3.4773,-3.9583,-3.8357,2.2338,-1.6376,1.9556,-4.2009,0.6152,2.2492,1.9816,0.0964,-6.8756,-5.0016,-3.9207,-2.6401,-4.6014,-5.7723,-5.9425,-2.0635,-4.8148,-4.9405,-2.3328,-1.8556,-5.2831,-3.7159,-6.4871,1.6194,-4.7967,-4.1961,-2.0052,-3.4506,-3.8639,-3.7919,-4.4069,-1.1616,-1.7700,-2.0403,-5.9867,-2.7354,-4.2488,-2.4040,0.6849,2.1836,0.2879,2.6786,-2.9241,-5.7116,-4.2975,-4.0609,-2.5121,-0.6726,3.7941,1.4662,0.7659,2.7915,-1.8134,-1.6053,-1.7973,1.1905,-1.4414,-1.8675,0.8976,-3.5106,-2.2182,3.7686,0.2134,-0.9232,0.8091,0.0883,0.8962,4.3623,0.4220,4.2698,6.1916,3.0376,0.9641,-0.5342,8.6295,4.3733,1.8288,2.3031,1.7269,-0.6152,2.6620,-0.8300,1.9079,0.9996,-2.8384,-1.2864,1.4890,4.5087,3.8804,3.6039,0.2903,1.3365,0.1263,6.2362,2.1777,-0.6674,-1.2761,-0.0486,-2.2437,-0.4121,-0.8038,-2.6483,-0.8933,-1.1498,-1.3864,-1.6553,-1.8950,-2.2550,-2.9870,-3.0566,-2.5796,-2.5720,-4.2514,-2.3960,-2.5057,-2.6668,-2.8443,-3.0089,-3.2457,-3.9603,-3.9611,-3.5340,-3.5103,-5.1337,-3.3301,-3.4081,-3.5693,-3.7363,-3.8932,-4.1002,-4.7750,-4.7114,-4.4262,-4.4012,-5.9670,-4.2636,-4.3393,-4.5002,-4.6662,-4.8216,-5.0360,-5.6042,-5.4680,-5.3418,-5.3218,-6.7982,-5.2069,-5.2639,-5.4030,-5.5296
45133.5416667,-19.4086,-15.7759,-11.8852,-9.6953,-0.5697,-12.5373,-10.7634,-16.5453,-8.5536,-10.8919,-12.0558,-12.3997,-15.4532,-14.4231,-13.5057,-14.1338,-11.3538,-11.8650,-15.5297,-15.6316,-7.0500,-16.9271,-13.7974,-13.6969,-9.2645,-0.9012,-10.2006,-14.7233,-5.4272,-12.9991,-3.8163,-5.0890,-0.9890,-0.9154,-1.0951,-4.2643,-2.2946,-3.2506,-12.7914,-1.6854,-3.3073,-6.2824,-13.5826,-11.5216,4.1286,-4.0340,-9.0144,-7.4589,-12.1114,-13.2260,-7.3008,-6.9994,-6.3063,-5.9502,-14.0149,-7.9305,-7.1768,-4.6852,3.1334,-2.8323,-4.6723,-6.9715,-11.6893,-9.8931,-9.6158,-7.5802,-3.2622,-3.0093,-9.1866,-3.7500,1.8252,0.4462,-1.9540,-5.1540,-3.5564,4.6228,1.2006,4.3366,-2.2252,-0.5768,10.7840,5.5366,-2.3620,-5.7990,-12.1534,-11.2474,-5.4654,-12.4204,-7.7384,-13.2061,-9.3836,-7.8983,-8.3981,-11.5436,-17.3976,-16.0654,-15.0893,-10.8323,-14.9017,-16.0401,-16.5879,-13.7878,-16.0307,-15.6915,-13.1586,-12.6808,-15.5953,-14.2120,-18.2671,-9.5239,-15.0927,-12.3433,-8.3346,-7.5941,-7.8388,-7.3870,-11.0053,-5.4958,-6.9475,-6.0408,-10.7568,-7.9794,-10.0415,-8.8534,-6.2744,-5.0788,-7.7564,-5.0547,-10.7185,-12.9294,-11.9629,-11.3396,-11.9400,-10.3345,-2.9947,-6.5584,-7.0061,-4.0123,-8.0621,-8.6242,-9.0863,-6.0195,-8.4042,-8.6970,-5.9686,-10.2073,-9.1610,-2.0603,-8.7697,-9.3209,-7.7385,-8.0748,-6.1772,-3.2019,-5.2434,1.5734,2.8838,0.7513,-1.8765,-5.1496,5.0972,-0.2092,-2.4842,-1.9784,-1.3508,-4.9608,-3.5628,-8.0012,-7.5516,-8.4203,-11.0624,-9.8927,-7.1247,-3.8833,-4.3441,-3.1152,-7.6574,-5.5883,-6.4007,1.0966,-2.8448,-5.3617,-5.8519,-4.3664,-5.9464,-5.1791,-5.9292,-9.5882,-6.9697,-7.2644,-7.5405,-7.8552,-8.1460,-8.5883,-9.4128,-9.5970,-9.2850,-9.5929,-13.0467,-10.3776,-10.4932,-10.6387,-10.7794,-10.8921,-11.0886,-11.7685,-11.7599,-11.3548,-11.5056,-14.6889,-12.0060,-11.9824,-12.0337,-12.0780,-12.1059,-12.1994,-12.7744,-12.6571,-12.3319,-12.4241,-15.4079,-12.8527,-12.8046,-12.8391,-12.8711,-12.8903,-12.9878,-13.4452,-13.2646,-13.0868,-13.1659,-15.1807,-13.5717,-13.5654,-13.6559,-13.7446
45133.5833333,-25.4380,-20.7787,-16.7426,-13.9281,-5.1096,-15.6041,-16.1592,-25.7949,-15.9967,-16.2831,-17.8604,-18.7217,-20.8464,-20.3391,-20.0594,-20.9521,-18.8613,-19.4926,-21.5430,-22.9338,-14.4361,-25.8855,-19.6372,-24.4537,-16.9420,-8.0378,-18.7080,-22.5742,-11.0763,-20.6560,-13.1669,-14.0377,-8.6183,-2.5438,-2.5645,-4.6384,-3.5415,-5.8399,-17.8279,-5.3107,-6.9464,-9.5424,-20.6981,-14.6295,0.0430,-12.2076,-16.7080,-14.1454,-19.7565,-20.8388,-13.9822,-14.3091,-13.3610,-12.0183,-19.6642,-18.4863,-17.2375,-14.2181,-1.8009,-7.2631,-8.6108,-10.3864,-18.2703,-17.0865,-16.1515,-10.0583,-6.9678,-8.6298,-18.1715,-10.7113,-2.9127,-0.8774,-2.3233,-11.1738,-7.7746,-0.0095,-3.6223,-3.0882,-8.6518,-6.2624,11.0483,5.7372,-1.6146,-4.5992,-15.1130,-10.1694,-4.5637,-10.5006,-6.5642,-11.2733,-9.0223,-8.1973,-9.3420,-14.0888,-18.4117,-18.4683,-18.4405,-11.5668,-17.7490,-18.9324,-20.1433,-19.2875,-21.6691,-21.2806,-19.4913,-19.2999,-21.6061,-21.3169,-26.0689,-19.9896,-25.6156,-21.4422,-18.9014,-13.8310,-13.5886,-12.3582,-18.8716,-11.1339,-15.0130,-9.2923,-13.0490,-10.4741,-12.1711,-11.2719,-13.0270,-9.0633,-11.2143,-7.6220,-12.7827,-13.6234,-16.0841,-14.0673,-17.0032,-16.8494,-6.8828,-11.4035,-15.0753,-9.2355,-11.6258,-12.3723,-12.7273,-8.8561,-10.2885,-11.0369,-9.2984,-13.2046,-12.3967,-4.8390,-14.7714,-14.8398,-11.4156,-14.0721,-12.8457,-12.1943,-11.8297,-2.7064,-1.6432,-2.2555,-4.6657,-8.8430,3.0285,-2.4832,-3.2560,-2.1668,0.0931,-4.0195,-3.9108,-8.9666,-11.2110,-12.7203,-14.1064,-14.4731,-13.2159,-10.4680,-10.7308,-7.8328,-11.6516,-10.3037,-10.9327,-3.0463,-6.5742,-8.4595,-8.8655,-7.3509,-7.9611,-8.1863,-8.8105,-11.5048,-9.4419,-9.5846,-9.7376,-9.9603,-10.1857,-10.5796,-11.3332,-11.4863,-11.1823,-11.4587,-14.1598,-12.2154,-12.3789,-12.6029,-12.8502,-13.0895,-13.4213,-14.1980,-14.3169,-14.0443,-14.2759,-16.8322,-14.9055,-14.9727,-15.1230,-15.2734,-15.4088,-15.6024,-16.2281,-16.1910,-15.9192,-16.0203,-18.3466,-16.4251,-16.3876,-16.4412,-16.5006,-16.5516,-16.6776,-17.1218,-16.9711,-16.7761,-16.8117,-18.3819,-17.0819,-17.0100,-17.0349,-17.0652
45133.6250000,-25.4880,-22.7976,-19.7116,-16.4944,-7.7601,-16.2361,-17.6931,-29.3060,-17.5644,-15.7120,-17.5316,-18.6482,-19.8809,-20.8765,-21.6468,-23.0383,-21.9045,-22.6492,-22.9386,-25.4517,-17.7351,-29.8711,-21.1850,-26.3553,-20.9348,-13.3805,-26.2738,-28.1504,-17.7715,-23.8649,-19.8707,-20.7083,-15.6257,-8.6336,-5.2440,-5.7686,0.8663,-0.4758,-13.7281,-0.3697,-2.3443,-4.9767,-17.3811,-10.5282,1.9277,-14.1395,-17.9226,-14.7485,-21.0009,-19.1503,-14.1647,-16.4622,-16.3365,-14.7008,-21.3061,-25.6453,-24.1356,-21.4548,-5.2730,-9.9923,-10.8624,-12.1039,-22.5568,-21.9124,-19.6081,-13.9429,-9.4862,-7.5281,-22.0596,-15.1131,-6.6761,-6.2225,-5.6787,-10.8114,-3.4983,1.8590,-2.6231,-5.1600,-10.2686,-1.5986,14.1332,7.9764,0.4040,-2.6559,-11.2144,-8.5536,-3.8864,-9.2229,-5.6310,-9.4553,-7.2038,-5.6558,-6.0174,-10.7724,-16.0250,-13.2243,-12.8092,-4.0732,-11.2450,-12.3188,-13.8955,-14.6363,-18.3294,-18.8778,-16.8422,-17.5103,-19.6912,-21.0227,-26.7066,-24.8870,-28.5266,-26.2429,-26.0940,-20.9545,-18.3533,-15.2328,-21.2435,-15.7031,-22.4906,-17.6540,-16.2209,-13.9488,-14.6560,-13.0364,-14.0247,-12.3322,-14.1068,-9.5563,-13.6592,-14.5642,-14.9248,-15.3113,-18.0938,-18.1719,-6.7642,-12.1421,-15.8996,-11.9639,-13.4760,-14.8765,-15.3528,-13.1710,-12.7846,-10.1471,-8.0724,-11.0794,-12.3072,-2.7469,-14.5534,-14.0921,-12.0650,-13.5862,-13.3688,-15.4204,-13.6251,-3.9474,-3.8305,-3.4532,-5.7539,-10.8545,1.2882,-6.9084,-3.9694,-2.2169,1.4507,-2.7262,-3.0213,-10.0457,-11.1209,-12.2858,-12.2564,-13.5448,-13.7748,-11.6974,-13.9973,-7.6630,-10.6433,-9.7945,-10.3171,-2.7249,-5.9068,-7.3124,-7.7825,-6.5249,-6.4796,-7.5785,-8.2451,-10.3835,-8.8370,-8.9625,-9.0856,-9.2655,-9.4346,-9.7577,-10.4048,-10.4651,-10.0865,-10.2532,-12.3143,-10.7754,-10.8440,-10.9786,-11.1431,-11.3074,-11.5724,-12.2663,-12.3407,-12.0493,-12.2486,-14.2821,-12.8376,-12.9202,-13.0975,-13.2850,-13.4663,-13.7126,-14.3733,-14.4105,-14.2144,-14.3774,-16.2975,-14.8985,-14.9359,-15.0635,-15.1947,-15.3138,-15.5035,-15.9845,-15.9068,-15.7602,-15.8342,-17.1609,-16.1583,-16.1161,-16.1646,-16.2072
45133.6666667,-25.9735,-22.7366,-19.9324,-16.6418,-7.6325,-13.9190,-17.0143,-30.4896,-18.0666,-14.5359,-15.8672,-17.0719,-17.7740,-19.5946,-20.8712,-22.1660,-21.5277,-22.1669,-20.9073,-23.9771,-16.8345,-29.4057,-19.6369,-24.8894,-19.7457,-13.8385,-27.9232,-29.0310,-22.5916,-26.7994,-25.4530,-26.1253,-21.5151,-14.7166,-10.8505,-11.2017,-1.2587,-1.3740,-14.4609,1.2057,0.4519,-1.1335,-13.1994,-5.1706,7.0676,-10.5109,-13.5208,-10.1090,-16.8343,-16.0826,-10.5839,-13.4680,-13.6184,-11.8096,-17.4572,-27.1438,-26.3445,-24.0074,-6.0391,-10.2747,-11.0849,-12.1551,-24.9973,-25.0385,-22.9376,-18.8435,-15.3218,-9.7149,-23.7950,-16.7256,-7.9754,-11.0225,-10.1930,-12.8889,-3.2677,1.2317,-2.7585,-7.0750,-10.5715,2.0995,17.0494,10.9410,3.5650,0.7034,-5.5542,-4.0175,0.5507,-4.0890,-0.6970,-4.1216,-3.1247,0.5297,-0.0210,-5.6191,-12.2472,-8.3423,-8.0274,1.4429,-6.1687,-7.2815,-8.8580,-9.9466,-13.8131,-16.7817,-12.8760,-13.1967,-14.5903,-16.2002,-21.6666,-22.6218,-25.0443,-22.2921,-24.1834,-19.3245,-19.0568,-13.4944,-19.2262,-15.5166,-24.3665,-21.0321,-16.4046,-16.1811,-18.6946,-15.9579,-17.0593,-13.9612,-14.9044,-9.8151,-13.0466,-13.8885,-15.1376,-16.2312,-18.8040,-19.2284,-7.0154,-12.1903,-14.7721,-12.0269,-11.0252,-12.5632,-14.4232,-14.7436,-14.0931,-10.0445,-8.3406,-10.7301,-13.4742,-3.1609,-15.7239,-14.5986,-13.3475,-12.9514,-12.5410,-15.2755,-12.4876,-2.6206,-2.4171,-1.3038,-3.3218,-9.1076,2.2486,-7.9971,-2.7427,-0.5018,4.0934,-2.2308,-0.6819,-9.4402,-10.0534,-11.0607,-9.7724,-11.4139,-12.6220,-11.3092,-15.3200,-6.7920,-8.9005,-8.1664,-8.4260,-1.1037,-3.8935,-4.9566,-5.3718,-4.1781,-3.8476,-5.1565,-5.7518,-7.4237,-6.1901,-6.2673,-6.3521,-6.5040,-6.6532,-6.9629,-7.5863,-7.6387,-7.2718,-7.4341,-9.1129,-7.9331,-8.0005,-8.1306,-8.2856,-8.4337,-8.6758,-9.3239,-9.3615,-9.0372,-9.1861,-10.8080,-9.6558,-9.6910,-9.8229,-9.9663,-10.1052,-10.3116,-10.9212,-10.9316,-10.7115,-10.8486,-12.4154,-11.3287,-11.3693,-11.5088,-11.6585,-11.8019,-12.0213,-12.5227,-12.4952,-12.3888,-12.5053,-13.6825,-12.9156,-12.9259,-13.0255,-13.1052
45133.7083333,-25.1058,-23.9185,-17.7938,-14.4380,-8.7761,-8.9642,-11.8699,-26.0780,-13.4758,-8.8166,-13.3457,-11.7787,-12.0087,-14.3886,-16.3460,-17.9184,-18.0575,-18.8429,-16.6103,-20.7273,-15.4184,-23.8573,-14.0110,-18.9454,-17.0454,-9.2944,-22.6914,-23.7457,-21.1539,-24.8529,-26.8580,-28.7473,-26.0936,-19.5764,-15.7283,-15.7128,-4.0689,-2.8706,-15.5066,0.7844,0.8170,-0.0020,-9.5763,-2.4952,10.1136,-7.2336,-8.9404,-4.8222,-10.7169,-8.1140,-4.5689,-8.0070,-8.3584,-6.4167,-10.9201,-24.1572,-23.9175,-22.1305,-3.7081,-6.5488,-7.3340,-8.3809,-22.0466,-23.3849,-19.5631,-19.7234,-17.5506,-12.9759,-25.6758,-18.2962,-10.0118,-11.5741,-13.5599,-14.7542,-4.1814,-0.4024,-3.7730,-8.9727,-10.3051,4.3764,18.8171,13.1270,6.0047,3.2582,-0.9916,-0.1330,4.6938,0.7684,4.2543,0.8201,-0.6010,6.2975,6.2060,0.6319,-6.7039,-2.0428,-1.4463,7.9358,0.7097,-0.4502,-1.8756,-2.8220,-6.4768,-8.8686,-6.4858,-6.0304,-7.5888,-9.8276,-15.3683,-18.1348,-19.5647,-17.0387,-19.2232,-14.5327,-15.3533,-8.6224,-13.9537,-10.7876,-20.4935,-18.5171,-11.9675,-13.4169,-17.0978,-14.8558,-18.2798,-14.8979,-15.3374,-10.0039,-12.2259,-12.4899,-14.4105,-14.7300,-18.5669,-19.7439,-7.9525,-12.5851,-14.2483,-12.1003,-10.4678,-11.8977,-14.3668,-13.9566,-12.9432,-8.4691,-6.9786,-8.7931,-11.2664,-1.5145,-14.2616,-13.1096,-12.8274,-12.2759,-11.4732,-14.6778,-9.0567,-3.5388,-1.7661,-1.0379,-0.5964,-4.8966,6.3358,-3.0848,1.6885,4.2621,8.7037,-0.5118,3.0515,-6.3769,-7.2931,-8.2500,-7.0107,-7.8547,-9.5007,-8.8975,-12.5265,-4.6024,-6.4573,-6.0282,-6.2135,0.6758,-1.7389,-2.6065,-2.9284,-1.6852,-1.3437,-2.3389,-2.7532,-3.9876,-2.8627,-2.7928,-2.7384,-2.7613,-2.7909,-2.9924,-3.5090,-3.4661,-3.0204,-3.1065,-4.4521,-3.4699,-3.4902,-3.5816,-3.7045,-3.8255,-4.0462,-4.6696,-4.6895,-4.3532,-4.4883,-5.8469,-4.9286,-4.9590,-5.0886,-5.2292,-5.3634,-5.5636,-6.1581,-6.1581,-5.9204,-6.0358,-7.3453,-6.4616,-6.4811,-6.6016,-6.7323,-6.8567,-7.0587,-7.5365,-7.4996,-7.3748,-7.4778,-8.5113,-7.8680,-7.8773,-7.9805,-8.0617
45133.7500000,-18.5721,-19.5868,-12.3851,-11.6578,-7.1432,-4.1941,-7.0452,-20.7345,-10.0999,-4.0483,-9.3637,-6.3937,-5.9630,-7.9449,-9.7103,-10.9056,-11.0752,-11.3777,-8.8328,-14.0913,-11.4942,-17.4137,-8.7729,-12.5126,-12.5682,-4.3286,-16.1473,-16.8586,-16.4159,-19.0907,-23.4579,-25.8006,-24.8910,-19.2826,-16.6396,-16.9075,-6.7982,-3.7951,-14.6586,1.3295,2.2084,2.2008,-5.2442,1.2849,14.1170,-2.4340,-3.4544,0.7145,-5.2391,-1.5455,1.5179,-1.1213,-0.9661,1.2224,-3.1186,-16.7166,-16.7433,-15.5494,1.0261,-0.8104,-1.3531,-2.1496,-15.3358,-17.1705,-12.6757,-14.3114,-11.8966,-9.7560,-23.3487,-17.8590,-11.1484,-11.6255,-14.5384,-14.4498,-3.9201,-0.7378,-2.6100,-7.4904,-7.5576,7.5353,21.4265,16.3290,9.4135,6.6113,3.9765,4.4174,9.6112,6.2971,9.9916,6.2204,4.4558,12.8060,13.2402,8.0874,0.1136,4.4898,6.1174,14.5667,8.3770,7.1458,5.5849,6.5238,1.9868,0.1357,1.3654,3.3617,1.9797,-0.1549,-5.4491,-9.2956,-10.7819,-9.6155,-12.1835,-8.2293,-9.8435,-3.5274,-8.0218,-5.4470,-14.8893,-13.7542,-6.8395,-8.4522,-12.0307,-10.2211,-14.4558,-11.4739,-10.9817,-6.0851,-7.8163,-7.9412,-10.5572,-11.0370,-14.6778,-16.5492,-6.3551,-10.4708,-11.6107,-9.8649,-7.7300,-9.2054,-12.0752,-12.6660,-11.3343,-6.9361,-5.7242,-7.2953,-9.5235,-0.6497,-11.9803,-10.8520,-11.1523,-10.4019,-9.5418,-13.2539,-6.2745,-3.2435,-2.1028,-1.3406,-0.6569,-3.0138,7.8749,-1.1728,3.1363,7.2000,11.5588,2.1005,7.1882,-1.4338,-2.0252,-2.5243,-1.8498,-2.5454,-4.3479,-4.5652,-6.9245,0.3981,-1.1930,-0.9071,-1.1196,5.3181,3.0937,2.1205,1.8256,3.1388,3.0770,2.6899,2.3392,1.3197,2.2687,2.3555,2.4330,2.4407,2.4518,2.3002,1.8498,1.9678,2.4944,2.5024,1.4475,2.3472,2.4289,2.4387,2.4154,2.3913,2.2624,1.7310,1.7950,2.2098,2.1514,1.0443,1.8506,1.8756,1.7942,1.6961,1.5992,1.4306,0.8674,0.8891,1.1500,1.0570,-0.0646,0.6719,0.6653,0.5547,0.4326,0.3162,0.1208,-0.3456,-0.3064,-0.1694,-0.2607,-1.1861,-0.6248,-0.6220,-0.7138,-0.7827
45133.7916667,-8.7908,-11.4465,-4.8830,-5.5064,-2.3533,1.2572,-1.4120,-13.7567,-5.2963,0.4364,-4.6434,-1.7384,-1.8171,-2.9751,-3.9133,-4.5991,-4.4384,-4.9282,-2.2205,-6.6285,-5.3347,-9.7211,-2.9157,-5.8885,-6.4829,1.0064,-9.5336,-9.8405,-10.6669,-12.4172,-18.0128,-20.7799,-21.1053,-15.9925,-14.2735,-14.4245,-6.3459,-3.0912,-12.3604,2.0972,3.0116,3.8836,-2.0365,3.8971,16.8685,2.2482,1.7425,5.6072,0.1602,3.5741,6.3449,4.3752,5.1443,7.2862,2.7376,-9.0667,-9.1748,-8.2058,6.6969,5.3844,4.9879,4.5890,-6.6436,-8.8566,-4.5360,-6.9813,-4.9927,-4.2245,-17.4432,-14.1302,-9.3868,-9.9889,-13.2285,-12.3587,-3.9175,-1.9128,-3.3419,-7.1468,-6.3404,7.3024,21.2291,17.0861,11.3530,8.6697,7.2099,8.4331,14.3608,11.6489,15.7135,11.1191,10.8202,19.1636,19.8234,14.4277,6.7873,10.3973,12.5386,19.2103,14.3724,12.9080,11.3561,13.8309,8.4183,7.2246,8.4731,10.9787,9.5174,8.0477,3.5703,0.5389,-1.0613,-0.7507,-3.2512,-0.3709,-2.2382,2.1207,-1.1608,0.7534,-7.4454,-6.9397,-1.1272,-3.2102,-6.0782,-4.8665,-9.5734,-7.3602,-6.1975,-1.8948,-2.6260,-2.5209,-4.8255,-5.6333,-8.9506,-11.0783,-3.2190,-6.3431,-7.0467,-5.8048,-3.6207,-5.0379,-7.7608,-9.0368,-7.8295,-4.2249,-3.6072,-4.7361,-6.8659,-0.7844,-9.5527,-8.4153,-9.0804,-8.3802,-7.5379,-11.3785,-4.7283,-2.8003,-2.1484,-1.4035,-0.5435,-1.9292,7.8098,-0.3012,3.4025,7.6205,11.3693,2.9628,8.0521,0.9397,0.7780,1.0148,1.3890,1.6045,0.6177,0.4465,-1.3863,5.0923,3.7126,4.0491,3.8358,10.0578,7.7896,6.4408,6.2346,7.8194,6.9480,7.6095,7.3793,6.5926,7.4406,7.5842,7.7172,7.7804,7.8422,7.7423,7.3546,7.5012,8.0351,8.0807,7.2257,8.0008,8.1111,8.1534,8.1645,8.1756,8.0863,7.6171,7.7130,8.1496,8.1458,7.2545,7.9699,8.0533,8.0372,8.0056,7.9744,7.8718,7.3930,7.4624,7.7631,7.7285,6.8120,7.4576,7.4947,7.4293,7.3486,7.2687,7.1076,6.6863,6.7348,6.8815,6.8090,5.9972,6.4799,6.4908,6.4098,6.3469
45133.8333333,1.4995,-1.5152,3.4905,2.4557,4.7340,7.1605,4.9386,-5.9320,0.5753,5.0800,0.7429,2.9085,2.3778,1.4944,0.4549,-0.0719,0.1467,-0.3635,1.8169,-1.6509,-0.9062,-4.3132,0.9918,-1.4857,-1.9850,4.6391,-4.2456,-4.2226,-5.5800,-6.5931,-12.5133,-15.3470,-16.6067,-12.1155,-11.2081,-11.2451,-4.8860,-2.2563,-9.5090,2.7237,3.3935,4.2935,-0.5188,4.6252,17.2670,4.7924,4.5487,8.0260,3.4171,6.0544,8.7281,7.6360,8.7170,10.6188,5.7932,-3.1776,-3.2104,-2.4380,10.4790,8.9591,8.5545,8.0254,-1.1315,-3.0951,0.7106,-1.3734,0.5852,1.1207,-10.3162,-8.6513,-5.8249,-7.0949,-10.0779,-9.1510,-2.5657,-1.7433,-3.1970,-6.7557,-6.1472,5.5530,17.9166,14.3316,8.8136,6.2072,5.6974,6.7266,12.8976,10.5195,14.9477,9.8795,11.6937,19.6521,20.9372,16.5793,8.9310,12.5609,14.9587,19.7309,16.5133,14.9668,14.1038,17.9888,12.9312,12.1126,13.8596,16.1652,14.1216,13.1742,8.9997,7.5504,5.8206,5.9967,4.2203,6.0074,4.7091,7.3991,5.1820,6.7213,0.0169,0.0768,3.7077,2.3027,-0.1773,0.4045,-4.2369,-2.8183,-1.8470,1.5247,0.9084,0.8484,-0.8742,-1.6134,-4.2843,-6.2723,-0.5088,-3.1332,-3.5385,-2.4586,-0.3951,-1.5464,-3.7010,-5.0766,-3.9296,-1.2091,-0.9744,-1.6776,-3.5301,0.5038,-6.5035,-5.5612,-6.6055,-6.2536,-5.8448,-9.6333,-3.6314,-2.4790,-2.2104,-1.5386,-0.5334,-1.4958,6.6536,-0.0963,2.8679,6.5960,9.5439,2.6860,7.2360,1.5012,1.7063,2.1596,2.1477,3.0193,2.9696,3.2697,2.0321,7.3072,6.0825,6.4936,6.2770,12.4417,10.0433,8.2815,8.2322,10.2171,8.4889,10.2269,10.1425,9.6288,10.3876,10.6001,10.8003,10.9382,11.0694,11.0582,10.8002,10.9812,11.4846,11.5827,10.9653,11.6210,11.7639,11.8482,11.9035,11.9550,11.9173,11.5579,11.6636,12.0547,12.0809,11.4021,11.9822,12.0766,12.0877,12.0848,12.0807,12.0144,11.6324,11.7033,11.9719,11.9645,11.2569,11.7783,11.8333,11.8043,11.7626,11.7207,11.6088,11.2782,11.3343,11.4760,11.4347,10.7946,11.1880,11.2118,11.1572,11.1129
45133.8750000,9.6784,7.6773,11.5064,10.8380,13.3508,13.9803,12.7806,2.9580,8.1565,11.0911,7.7878,9.1675,7.8338,7.4734,6.4248,5.5730,5.5104,4.7567,5.8845,3.0617,3.6947,0.7349,4.4973,2.6943,2.2313,8.1554,0.4931,0.4418,-0.9491,-1.6488,-7.1916,-9.7749,-11.3921,-7.3413,-6.8233,-6.7481,-1.6643,0.3691,-5.5400,4.4958,5.0694,5.6837,1.6682,5.9347,17.8279,6.9139,6.4836,9.5025,5.4344,7.2541,9.8529,9.6125,10.8926,12.5986,7.2848,1.4202,1.4896,2.2282,13.6306,12.0054,11.7426,11.1234,3.9001,2.1684,5.0993,3.3823,5.0895,5.5194,-4.0001,-3.1097,-1.2376,-2.6737,-5.3831,-4.7182,0.2554,0.6022,-0.7734,-4.0129,-3.4772,6.6288,17.5131,14.4522,9.0285,6.4791,6.6005,7.1177,12.8625,10.5200,14.5968,9.0211,11.9762,19.1825,20.4570,16.7675,8.7836,12.2199,14.5676,17.7254,15.8085,14.2040,13.9738,19.1568,15.0801,14.7135,17.3634,19.7204,17.2609,17.1156,12.8778,13.2380,10.4618,10.2951,9.3878,10.0631,9.6681,10.9483,9.8261,11.6486,6.5545,6.5930,7.6915,7.9293,5.7659,6.2241,2.3407,3.1482,3.6248,6.2842,5.2624,4.4701,3.3000,2.5444,0.3700,-1.4165,2.9187,0.5606,0.0813,0.8073,2.2830,1.3563,-0.3470,-1.5515,-0.5464,1.4247,1.6587,1.0701,-0.2663,2.7181,-2.7536,-1.9569,-3.0388,-2.9872,-3.0817,-6.8378,-1.7145,-1.0903,-1.0405,-0.4450,0.5397,-0.1982,6.5237,1.0545,3.3495,6.5259,8.7687,3.2798,7.2017,2.4674,2.7460,3.0078,2.4740,3.5112,4.0557,4.7079,3.9128,8.0019,6.8540,7.2728,7.0056,13.2145,10.6786,8.5875,8.6903,11.0667,8.6595,11.2523,11.3220,11.0933,11.8011,12.1127,12.4124,12.6599,12.8938,13.0069,12.9181,13.1535,13.6396,13.8221,13.4629,14.0404,14.2474,14.4082,14.5427,14.6675,14.7140,14.5037,14.6368,14.9923,15.0745,14.6233,15.0997,15.2270,15.2908,15.3404,15.3841,15.3720,15.1104,15.1841,15.4141,15.4375,14.9323,15.3346,15.4033,15.4095,15.4041,15.3953,15.3276,15.0871,15.1349,15.2543,15.2362,14.7644,15.0606,15.0941,15.0701,15.0510
45133.9166667,14.9796,14.5164,17.1396,16.9423,20.0751,18.3066,18.4483,9.6748,14.2861,15.5432,13.5631,14.4497,12.2612,13.2370,12.6828,11.7312,11.6839,10.6532,10.4232,8.2598,9.0727,6.0097,8.2381,7.1848,6.5906,11.8986,4.8457,4.4957,3.4179,2.6518,-2.1618,-4.5187,-6.2782,-2.7695,-2.5109,-2.4014,1.7164,3.3804,-1.4804,6.8182,7.2891,7.5148,4.1277,7.6178,18.6888,9.0061,8.1762,10.6868,6.8846,7.9667,10.4053,10.7101,11.9739,13.3499,7.4794,4.5582,4.6964,5.3769,15.4380,13.5254,13.3230,12.5970,7.2783,6.0551,8.2675,7.1640,8.9141,9.3297,1.1437,1.6054,2.9448,1.6256,-0.7718,-0.2671,3.2470,3.7008,2.3865,-0.5147,-0.1242,8.5036,17.8741,15.1284,9.6715,7.1047,7.8458,8.0014,13.5065,11.2458,15.0684,9.1061,12.9270,19.3370,20.4474,17.2395,8.9168,12.0675,14.1627,15.9409,14.7911,13.0070,13.0284,18.8984,15.5855,15.4201,18.7448,21.0436,18.0780,18.8557,14.6031,17.1381,13.1771,12.8232,12.7631,12.3772,12.8523,12.8953,12.6669,14.8955,11.0900,11.1454,9.6624,11.8543,9.9334,10.7759,8.2173,8.9163,9.0193,11.2231,9.5623,7.7428,7.3790,6.7952,5.1992,3.7392,7.1517,4.8444,4.1669,4.5691,5.1414,4.3512,2.9316,1.9070,2.4916,3.7096,4.0240,3.1113,2.2672,4.7317,0.3643,0.9400,0.0536,0.0639,-0.1339,-3.4197,0.6480,0.9921,0.9394,1.3147,2.0673,1.4833,7.1385,2.5795,4.1977,6.8556,8.4550,3.9610,7.4039,3.4160,3.8619,3.9415,2.9450,4.0005,4.9136,5.6833,5.0451,8.0103,6.7974,7.1058,6.7001,12.8163,10.0671,7.7064,7.8610,10.4477,7.5804,10.6445,10.7674,10.7175,11.3461,11.6963,12.0426,12.3550,12.6604,12.8804,12.9554,13.2630,13.7507,14.0196,13.8966,14.4437,14.7231,14.9663,15.1874,15.3980,15.5483,15.5094,15.7126,16.0721,16.2317,16.0031,16.4363,16.6158,16.7458,16.8618,16.9697,17.0336,16.9139,17.0309,17.2571,17.3319,17.0228,17.3616,17.4588,17.5082,17.5465,17.5795,17.5672,17.4278,17.4925,17.6067,17.6203,17.3051,17.5388,17.5826,17.5826,17.5806
45133.9583333,17.7236,19.0679,20.6631,21.0936,25.2509,20.9396,22.4825,14.4489,18.7297,18.2788,17.5259,17.9123,14.6635,17.1233,17.3072,16.4400,16.8826,15.8646,14.2253,12.9412,14.5933,11.1004,11.9466,11.9186,11.2512,16.4288,9.5132,8.5906,8.0708,6.7522,2.7897,0.5464,-1.2993,1.5806,1.6456,1.6112,4.9859,6.3406,2.0463,9.1565,9.5633,9.3899,6.4819,9.3659,19.7839,11.0677,9.7181,11.7966,8.0444,8.5328,10.8627,11.5787,12.7733,13.8197,7.4374,6.8997,6.9284,7.4868,16.4210,14.1492,13.9211,13.0176,9.2186,8.4104,9.8820,9.3456,11.3121,11.9364,4.8962,5.3024,6.5536,5.5956,3.4400,3.4967,5.7466,6.8261,5.5614,3.1276,3.3747,10.8480,18.9288,16.4467,10.8726,8.1942,9.4725,9.2529,14.5780,12.2975,15.8677,9.4993,14.0247,19.7203,20.6474,17.8006,9.1216,12.0315,13.9135,14.6861,14.0794,12.1846,12.3489,18.6517,15.6165,15.5729,19.4204,21.6011,18.0994,19.5516,14.9920,19.3615,14.0468,13.5012,14.2167,12.9827,14.2500,13.3631,13.8888,16.6547,13.9605,14.1014,10.2946,14.2407,12.4076,13.7694,12.7243,13.5274,13.2879,15.3104,12.8583,9.8585,10.3662,10.0762,9.1668,8.2462,11.3890,9.1401,8.3469,8.6741,8.1734,7.5383,6.3127,5.6051,5.6162,6.1543,6.6903,5.1133,4.6560,7.0117,3.3788,3.6165,2.8745,2.6317,2.3520,-0.2931,2.6077,2.9600,3.0426,3.1630,3.6364,3.2090,8.2893,4.4229,5.4460,7.7256,8.8017,5.0076,8.0869,4.5668,5.1188,4.9292,3.4180,4.4298,5.6448,6.5068,5.9487,7.9915,6.7022,6.8923,6.3580,12.3112,9.4119,6.9150,7.0620,9.6810,6.6060,9.7976,9.8948,9.9024,10.4013,10.7043,11.0085,11.2924,11.5753,11.8006,11.9252,12.2218,12.6540,12.9339,12.9352,13.4228,13.7229,14.0008,14.2657,14.5257,14.7439,14.8265,15.0842,15.4560,15.6844,15.6321,16.0549,16.2952,16.4983,16.6893,16.8720,17.0201,17.0324,17.2118,17.4675,17.6114,17.4750,17.8011,17.9512,18.0637,18.1647,18.2585,18.3161,18.2781,18.3837,18.5224,18.5857,18.4087,18.6232,18.6989,18.7384,18.7662
45134.0000000,18.6779,21.8585,22.3904,23.4424,28.8140,21.7485,24.5952,17.8188,22.0437,19.9163,20.3392,20.3054,16.0395,20.4528,21.3296,20.3723,21.2142,20.0577,16.8630,16.3998,19.2157,15.0391,14.6782,15.8922,15.2814,20.8639,13.8552,12.3764,12.8925,10.8722,8.0488,5.8677,3.9747,6.1016,5.9614,5.5999,8.3635,9.4256,5.3111,12.3501,12.5442,11.8182,9.1652,11.4852,21.3313,13.3448,11.3598,13.9370,9.8924,9.7906,11.9376,12.8527,13.8481,14.5098,7.6413,9.0592,8.8782,9.2600,17.2097,14.5533,14.2555,13.1614,10.5684,10.0804,10.8318,10.7348,12.8439,13.9546,7.4370,7.8949,9.2907,8.8371,6.8952,6.4608,7.6139,9.6344,8.4146,6.5170,6.5942,13.2214,20.1710,17.9079,12.1327,9.5134,11.3432,10.7884,16.0894,13.7552,17.1515,10.3455,15.5391,20.5966,21.3334,18.7737,9.7081,12.4345,14.1194,14.1069,13.8639,11.8792,12.1045,18.5980,16.9611,16.8051,20.8980,22.7518,18.5696,20.8825,15.6979,21.3198,14.4728,13.5598,14.7678,12.8247,14.6135,13.0065,14.0146,17.1967,15.3610,15.5738,9.9603,15.2608,13.4826,15.4021,15.8826,16.9304,16.3698,18.3544,15.0421,10.9225,12.2158,12.2363,11.9906,11.6646,14.9434,12.7437,11.9205,12.4214,10.7901,10.4312,9.4529,9.2617,8.6642,8.6577,9.6146,7.1997,7.1500,9.7385,6.5702,6.4081,5.8352,5.2507,4.8551,2.8265,4.4432,4.9054,5.1975,4.9514,5.6787,5.2824,10.1074,6.8515,7.2048,9.1734,9.7595,6.3963,9.2414,5.9749,6.6731,6.1892,4.1189,6.0221,7.3161,8.0427,7.3280,8.4967,7.0400,7.0551,6.3629,12.0934,9.0625,6.4925,6.6001,9.1509,6.0103,9.1626,9.2184,9.2448,9.6282,9.8748,10.1253,10.3637,10.6036,10.8038,10.9329,11.1871,11.5411,11.7878,11.8355,12.2347,12.5019,12.7555,13.0023,13.2481,13.4664,13.5895,13.8410,14.1779,14.4150,14.4526,14.8342,15.0880,15.3177,15.5410,15.7603,15.9564,16.0558,16.2762,16.5526,16.7494,16.7445,17.0714,17.2721,17.4451,17.6087,17.7658,17.8950,17.9534,18.1127,18.2939,18.4187,18.3678,18.5951,18.7198,18.8123,18.8803
45134.0416667,17.9237,22.8511,22.3892,24.0729,30.8956,20.9682,25.1673,18.4799,22.6874,18.8743,20.4237,20.0063,14.8546,19.9119,21.9278,21.4244,23.4091,22.5860,18.0147,18.6069,22.9291,17.8408,16.3511,18.8412,18.2833,24.5518,17.1029,15.0389,16.8785,14.1009,12.7835,10.7946,9.1203,10.5482,10.3185,9.5507,11.8649,12.6699,8.4262,14.8287,15.0688,13.9247,11.5508,13.5355,23.1211,15.8513,13.2192,15.2476,11.1875,10.7007,12.9181,14.2348,15.2104,15.5930,8.2403,11.4435,10.9653,11.1056,18.1403,15.0400,14.6011,13.2780,11.6090,11.3438,11.4109,11.6452,13.8640,15.0613,9.0129,9.5862,11.2226,11.3007,9.4914,8.4721,8.7038,11.7811,10.5851,9.2683,9.1671,15.0687,21.0503,18.9832,12.9632,10.0724,12.4842,11.6859,17.1440,14.7866,18.1327,10.8941,16.8083,21.3771,21.9833,19.7050,10.2373,12.8802,14.4325,13.8190,13.8477,11.8054,12.0872,18.8614,16.0131,16.1447,20.9082,22.8922,18.4286,21.1969,15.9324,23.1732,14.9838,13.8107,15.3404,12.8149,14.9355,12.7497,14.0116,17.4387,16.1934,16.3652,9.3459,15.4661,13.6234,15.9495,17.7763,19.0594,18.1629,20.1799,16.0310,10.9983,12.9127,13.2200,13.5679,13.8258,17.4768,15.3007,14.4792,15.2824,12.5232,12.4771,11.7612,12.2122,11.0191,10.5985,12.1463,8.8376,9.2523,12.3876,9.5278,8.9720,8.6617,7.7843,7.3579,6.0235,6.2993,6.9739,7.5879,6.9495,7.0826,6.8617,11.8845,8.9145,8.7496,10.5807,10.7814,7.7102,10.5376,7.4248,8.4029,7.6529,5.0002,6.5611,8.4703,9.4847,8.8582,9.3811,7.8299,7.7638,6.9650,12.5596,9.3960,6.7531,6.8062,9.2560,6.0694,9.1026,9.0697,9.0482,9.2858,9.4303,9.5827,9.7321,9.8884,10.0220,10.1102,10.2937,10.5543,10.7432,10.7938,11.1009,11.3176,11.5282,11.7372,11.9483,12.1422,12.2697,12.4913,12.7764,12.9917,13.0652,13.3873,13.6196,13.8362,14.0500,14.2625,14.4600,14.5896,14.8076,15.0679,15.2728,15.3344,15.6358,15.8487,16.0433,16.2328,16.4188,16.5861,16.7033,16.8937,17.1007,17.2677,17.3085,17.5486,17.7141,17.8517,17.9550
45134.0833333,16.7646,22.9307,21.6795,23.8349,31.9347,19.6940,24.9193,18.8260,23.0267,17.9053,20.2433,19.4331,13.5957,19.3869,21.9199,21.2523,23.6976,22.7870,16.7518,18.1338,24.1395,18.1094,15.7335,19.6617,19.3402,26.8002,18.7452,16.1725,19.6349,16.0240,16.5008,14.7707,13.5141,14.2804,14.1159,12.9556,15.0451,15.7389,11.1942,17.0112,17.2307,15.5959,13.3720,15.0755,24.5799,17.9922,14.7278,16.2010,11.9484,11.1074,13.3851,15.0151,15.9816,16.1430,8.3376,13.2925,12.6398,12.6377,19.0027,15.5306,15.0029,13.5025,12.6073,12.5286,11.9633,12.4398,14.6846,15.7146,9.7773,10.4570,12.3678,12.9788,11.2597,9.6566,9.1433,13.2366,12.0367,11.2919,10.9945,16.3032,21.4290,19.5142,13.2304,10.0808,12.9661,11.9442,17.5669,15.1600,18.4797,10.8432,17.4080,21.5894,22.1054,20.1017,10.2739,12.9058,14.3886,13.3277,13.5782,11.5228,11.8650,18.8140,14.8005,14.9664,20.0092,21.9238,17.1462,20.1902,14.7934,23.4840,14.3118,13.1736,15.1144,12.2533,14.7169,12.1955,13.7264,17.4227,16.7133,16.8903,8.8695,15.4995,13.5593,16.1365,19.0685,20.4456,19.0938,21.0841,16.1151,10.4001,12.7144,13.2287,14.0416,14.8004,18.8859,16.7142,15.9133,17.0741,13.2822,13.5435,13.0796,14.1924,12.4496,11.7164,13.9011,9.7447,10.6096,14.4535,11.7940,10.8761,10.9076,9.8428,9.5166,9.0063,7.9396,8.9123,9.9465,8.8578,8.3896,8.2494,13.6276,10.7619,10.0861,11.8260,11.6760,8.7474,11.6443,8.5695,9.8915,8.9094,5.6658,6.9481,9.2367,10.4265,9.8088,9.7717,8.1200,8.0108,7.1497,12.7349,9.4745,6.7861,6.8382,9.2682,6.0592,9.0660,9.0121,8.9957,9.1618,9.2596,9.3608,9.4576,9.5571,9.6388,9.6864,9.8005,9.9686,10.0856,10.1045,10.3071,10.4469,10.5847,10.7240,10.8680,11.0033,11.0951,11.2576,11.4692,11.6350,11.7033,11.9528,12.1417,12.3230,12.5054,12.6899,12.8666,12.9972,13.1931,13.4212,13.6117,13.7012,13.9638,14.1645,14.3535,14.5401,14.7256,14.8988,15.0373,15.2291,15.4338,15.6110,15.6986,15.9296,16.1069,16.2616,16.3790
45134.1250000,15.5287,22.5403,20.7093,23.2228,32.4186,18.4074,24.3259,18.7681,22.9601,16.8971,19.7808,18.6947,12.5206,18.8021,21.7807,21.0642,23.9288,22.9249,15.7877,17.5045,24.7044,17.7644,14.6541,19.4378,19.1518,27.6385,18.8825,15.7537,20.8323,16.3414,18.7740,17.4364,16.8778,17.0246,17.0743,15.4804,17.5218,18.2299,13.2265,18.3418,18.6579,16.5982,14.5372,16.1005,25.7528,19.8421,15.9474,16.7592,12.3630,11.2709,13.6320,15.5674,16.5518,16.5363,8.3452,14.7908,13.9385,13.8096,19.6617,15.8542,15.2602,13.6233,13.3910,13.5182,12.4272,13.1517,15.4791,16.3321,10.1655,10.8517,13.0031,14.1127,12.4382,10.2218,9.1452,14.1455,12.9367,12.7653,12.3045,17.1725,21.5862,19.8171,13.2991,9.9399,13.1932,11.9816,17.7494,15.2867,18.5840,10.6215,17.7083,21.5566,21.9825,20.1915,10.0502,12.6497,14.0699,12.6954,13.1039,11.0534,11.4331,18.4965,13.5734,13.7706,18.9626,20.8109,15.8490,18.9756,13.4856,23.0753,13.1012,11.9218,14.1046,11.0706,13.7151,11.0373,12.7278,16.6200,16.3811,16.6404,8.0987,15.0503,13.1621,16.0202,19.9875,21.5193,19.7353,21.7133,15.9760,9.7789,12.2681,12.8603,13.9639,15.0895,19.5730,17.3195,16.4876,17.9689,13.2429,13.7482,13.4931,15.2244,13.0047,12.0457,14.8330,9.9577,11.2053,15.8001,13.2848,12.0582,12.4486,11.2456,11.0848,11.4692,9.1334,10.4702,12.0236,10.4981,9.5090,9.4731,15.4010,12.5649,11.4335,13.1640,12.7219,9.8414,12.8739,9.7364,11.3830,10.1297,6.2658,7.3712,9.9819,11.3272,10.6880,10.1752,8.4143,8.2528,7.3200,12.9135,9.5615,6.8273,6.8671,9.2753,6.0498,9.0183,8.9382,8.9160,9.0249,9.0867,9.1521,9.2158,9.2825,9.3376,9.3693,9.4490,9.5681,9.6514,9.6647,9.8088,9.9082,10.0058,10.1039,10.2048,10.2987,10.3610,10.4730,10.6198,10.7341,10.7788,10.9529,11.0848,11.2123,11.3419,11.4747,11.6037,11.7019,11.8490,12.0217,12.1704,12.2496,12.4551,12.6194,12.7782,12.9380,13.0997,13.2553,13.3883,13.5617,13.7465,13.9137,14.0184,14.2271,14.3983,14.5519,14.6702
45134.1666667,14.4662,21.9812,19.7156,22.4633,32.5405,17.2090,23.5648,18.3760,22.5773,15.8780,19.1348,17.8765,11.6066,18.0149,21.3502,20.6420,23.8835,22.8536,14.9901,16.9503,25.0952,17.4583,13.9029,19.2371,18.9734,28.2856,18.8947,15.3127,21.5542,16.2150,20.1456,19.0635,19.1498,18.7159,19.0558,17.0506,19.2057,20.0368,14.4438,19.5403,19.8654,17.2714,15.2720,16.6760,26.5605,21.2353,16.6338,16.6161,12.0714,10.7870,13.1877,15.4588,16.5335,16.4128,7.9571,15.8306,14.8691,14.6742,20.1273,16.0462,15.4283,13.6998,14.0413,14.3723,12.8345,13.7871,16.2288,16.9403,10.4530,11.0895,13.4232,14.9623,13.2863,10.4749,8.9737,14.7100,13.4739,13.8318,13.2156,17.7393,21.5393,19.9025,13.1868,9.6816,13.2236,11.8755,17.7861,15.2895,18.5882,10.3865,17.9037,21.4731,21.8281,20.2281,9.8516,12.4145,13.7770,12.1745,12.6883,10.6547,11.0498,18.1492,12.5358,12.7370,17.9502,19.7162,14.6694,17.8211,12.3321,22.4507,11.9421,10.7234,12.9842,9.9043,12.5657,9.8521,11.5631,15.4875,15.5708,15.8684,7.1599,14.1179,12.2986,15.3440,20.1926,21.9705,19.9090,21.9701,15.6670,9.2510,11.8432,12.5097,13.8270,15.2336,20.0862,17.7122,16.7998,18.5128,12.9774,13.6042,13.4525,15.6601,12.9986,11.8428,15.1053,9.6502,11.1643,16.4319,14.0057,12.5111,13.2450,11.9607,12.0017,13.2850,9.7860,11.4839,13.5869,11.6460,10.1133,10.2233,16.8354,13.9775,12.4261,14.2301,13.5577,10.6911,13.9721,10.7626,12.8265,11.3521,6.8978,7.8812,10.8069,12.3107,11.6392,10.7185,8.8463,8.6383,7.6377,13.2698,9.8239,7.0362,7.0637,9.4627,6.2082,9.1563,9.0523,9.0210,9.0840,9.1145,9.1485,9.1821,9.2187,9.2477,9.2606,9.3085,9.3854,9.4376,9.4408,9.5378,9.6041,9.6699,9.7370,9.8069,9.8727,9.9165,9.9965,10.1020,10.1849,10.2188,10.3451,10.4418,10.5357,10.6312,10.7291,10.8243,10.8975,11.0054,11.1318,11.2412,11.3013,11.4515,11.5729,11.6911,11.8108,11.9327,12.0513,12.1550,12.2888,12.4324,12.5651,12.6551,12.8207,12.9613,13.0899,13.1903
45134.2083333,13.3184,21.1106,18.5688,21.4816,32.2710,16.0161,22.6284,17.8786,22.0567,14.9453,18.4157,17.0320,10.7973,17.1542,20.6965,19.9785,23.4929,22.4506,14.1324,16.2477,25.1204,16.9712,13.1739,18.8627,18.6420,28.6658,18.7633,14.8899,22.0444,16.0406,21.1799,20.2851,20.8994,19.8706,20.4283,17.9865,20.2541,21.2025,15.0163,20.4160,20.8484,17.8315,15.9223,17.2573,27.4470,22.6034,17.2142,16.8436,11.9909,10.5050,12.8885,15.2725,16.2782,15.9623,7.3004,16.2597,15.1201,14.8459,19.9522,15.6026,14.9839,13.2033,14.0985,14.6856,12.7994,14.0296,16.6902,17.2468,10.6239,11.2546,13.7539,15.6758,13.9722,10.6049,8.7944,15.1037,13.8212,14.6604,13.8940,18.1396,21.4068,19.8805,12.9991,9.3965,13.1350,11.6753,17.6867,15.1557,18.4494,10.0757,17.9231,21.2603,21.5570,20.1251,9.5820,12.1090,13.4271,11.6704,12.2608,10.2611,10.6678,17.7605,11.7156,11.9072,17.0589,18.7352,13.6789,16.7396,11.3387,21.7403,10.9394,9.7169,11.9614,8.9320,11.5192,8.8582,10.5150,14.3616,14.6600,14.9634,6.3514,13.0716,11.3131,14.4061,19.8864,21.8505,19.5534,21.6949,14.9849,8.5407,11.1611,11.8981,13.3873,15.0357,20.2497,17.8286,16.8989,18.8502,12.7122,13.4325,13.3534,15.9238,12.9014,11.5898,15.1769,9.2937,10.9289,16.7139,14.3200,12.5835,13.5554,12.1393,12.3169,14.4061,9.8861,11.8981,14.5311,12.1971,10.2453,10.4558,17.7574,14.8276,12.8722,14.7765,13.9113,11.0338,14.6065,11.3165,13.8586,12.2266,7.2508,8.1584,11.4523,13.1806,12.5181,11.2676,9.3018,9.0727,8.0200,13.7483,10.2046,7.3493,7.3712,9.7890,6.4794,9.4436,9.3199,9.2793,9.3060,9.3100,9.3169,9.3239,9.3337,9.3385,9.3325,9.3520,9.3932,9.4177,9.4079,9.4658,9.5029,9.5405,9.5798,9.6220,9.6619,9.6869,9.7383,9.8090,9.8644,9.8855,9.9732,10.0408,10.1071,10.1754,10.2460,10.3154,10.3696,10.4493,10.5428,10.6249,10.6723,10.7843,10.8766,10.9669,11.0587,11.1523,11.2439,11.3250,11.4278,11.5380,11.6406,11.7130,11.8396,11.9486,12.0490,12.1276
45134.2500000,12.5317,20.3923,17.6415,20.6234,31.9250,15.0477,21.7367,17.2963,21.4249,14.0786,17.6575,16.2015,10.1023,16.2887,19.9636,19.2552,22.9650,21.9138,13.3417,15.5162,24.8917,16.3767,12.4607,18.3273,18.1409,28.7347,18.4325,14.3846,22.2409,15.7438,21.8883,21.1802,22.3058,20.7509,21.5126,18.6676,21.0402,22.0795,15.3374,21.0143,21.5381,18.1490,16.3083,17.6137,28.1776,23.8309,17.7614,17.2793,12.2394,10.6328,13.0688,15.5909,16.5805,16.1227,7.3378,17.0927,15.6784,15.2520,20.0369,15.3540,14.6369,12.7320,13.9814,14.7004,12.4250,13.8306,16.6561,17.0672,10.4418,11.1669,13.8641,16.1805,14.4712,10.6499,8.6192,15.3986,14.0816,15.3254,14.4343,18.4612,21.2717,19.8464,12.8384,9.1662,13.0501,11.5139,17.6045,15.0507,18.3400,9.8538,17.9458,21.0813,21.3233,20.0302,9.3733,11.8506,13.1209,11.2598,11.8959,9.9337,10.3410,17.3863,11.0940,11.2750,16.3224,17.9135,12.9022,15.8465,10.5704,21.0577,10.1325,8.9214,11.0933,8.1687,10.6354,8.0774,9.6471,13.3547,13.7996,14.0995,5.7533,12.1202,10.4302,13.4811,19.3805,21.4642,18.9542,21.1363,14.1489,7.8111,10.3681,11.1255,12.7021,14.5097,20.0045,17.5661,16.6493,18.8261,12.2736,13.0877,13.0965,15.9722,12.7096,11.3215,15.1543,9.0203,10.7265,16.8990,14.5291,12.6100,13.7536,12.1954,12.4266,15.1366,9.7879,12.0224,15.1048,12.4288,10.2348,10.5041,18.4194,15.4247,13.1812,15.1769,14.1457,11.2286,15.0506,11.6405,14.5865,12.7724,7.3175,8.1461,11.7516,13.7154,13.0833,11.5658,9.5285,9.3068,8.2275,14.1113,10.4730,7.5489,7.5826,10.0560,6.6758,9.7065,9.5830,9.5510,9.5652,9.5620,9.5601,9.5577,9.5566,9.5516,9.5386,9.5429,9.5614,9.5680,9.5506,9.5810,9.5963,9.6122,9.6298,9.6497,9.6686,9.6774,9.7051,9.7465,9.7777,9.7854,9.8410,9.8827,9.9243,9.9681,10.0144,10.0606,10.0969,10.1517,10.2167,10.2743,10.3083,10.3888,10.4557,10.5220,10.5902,10.6606,10.7301,10.7930,10.8717,10.9558,11.0354,11.0942,11.1919,11.2772,11.3564,11.4188
45134.2916667,11.1716,18.9351,16.0542,18.9352,30.4551,13.2072,19.7523,15.6824,19.8063,12.4022,15.9390,14.4789,8.6403,14.5888,18.3332,17.6910,21.5317,20.4611,11.8623,14.1217,23.8137,15.0614,11.2115,17.1335,16.9668,27.8625,17.1975,13.1230,21.4900,14.6982,21.7230,21.2181,22.8425,20.8199,21.7289,18.5441,20.9831,22.0581,14.8572,20.7720,21.2087,17.4712,15.5987,16.8881,27.8159,23.8962,17.3062,16.8310,11.7372,10.1090,12.6072,15.1971,16.1577,15.5701,6.6957,17.2812,15.7990,15.2742,19.8277,14.7921,13.9289,11.9156,13.4394,14.3669,11.8522,13.3852,16.2812,16.5755,9.8163,10.6016,13.4045,15.9668,14.1870,10.0390,7.9279,14.9382,13.4975,14.9748,13.8317,17.5027,19.8476,18.3046,11.0917,7.3371,11.2014,9.6998,15.8678,13.3250,16.6588,8.2177,16.4378,19.4029,19.6609,18.5491,7.9864,10.5109,11.7713,9.9107,10.4561,8.5464,8.9543,15.9037,9.6400,9.8034,14.7078,16.1886,11.2847,14.1875,9.2424,19.8147,8.9997,7.9254,10.0353,7.2298,9.5216,7.0811,8.4955,11.9888,12.4235,12.6660,4.7300,10.7321,9.0990,12.0838,18.1712,20.3208,17.5958,19.7178,12.5610,6.4938,8.9817,9.7613,11.3792,13.2600,18.8974,16.4491,15.5680,17.9009,11.0844,11.9846,12.1109,15.2354,11.8219,10.4275,14.3946,8.1559,9.9512,16.4010,13.9864,11.9381,13.2680,11.7252,12.0773,15.3244,9.3778,11.7621,15.0735,12.0554,9.6893,9.9230,18.3444,15.1571,12.6670,14.7058,13.5355,10.4836,14.5387,11.0260,14.3814,12.5046,6.7614,7.7213,11.5456,13.6595,12.9568,11.2103,9.0113,8.7753,7.6192,13.6339,9.8114,6.7691,6.7531,9.2420,5.8185,8.8771,8.7074,8.6234,8.6482,8.6156,8.5874,8.5608,8.5478,8.5360,8.5294,8.5606,8.6061,8.5930,8.5358,8.5849,8.5746,8.5611,8.5502,8.5472,8.5511,8.5385,8.5867,8.6471,8.6527,8.6134,8.6807,8.6891,8.6914,8.6980,8.7126,8.7362,8.7429,8.8099,8.8826,8.9109,8.8933,8.9822,9.0126,9.0368,9.0655,9.1021,9.1460,9.1803,9.2664,9.3506,9.4016,9.4089,9.5168,9.5676,9.6074,9.6367
45134.3333333,8.5796,16.1256,13.4125,16.1432,27.7023,10.7017,16.6735,12.6703,16.7799,9.5533,12.6605,11.1660,5.6011,11.0448,14.6670,14.1488,18.0660,17.0870,8.6963,11.1226,21.0888,12.2924,8.7561,14.6316,14.4522,25.6486,14.7652,10.7421,19.4025,12.2936,19.8959,19.5372,21.6145,19.3431,20.4260,17.0930,19.6276,20.5896,13.0242,19.3398,19.4284,15.5766,13.3972,14.7529,26.0730,22.3312,15.3950,15.0608,9.9637,8.4496,11.0363,13.4250,14.2697,13.5767,4.6746,15.5149,14.0019,13.5852,17.9294,12.8571,11.8372,9.7309,11.1440,12.3308,9.8573,11.4917,14.5479,14.9963,8.3575,9.5104,12.4275,15.0568,13.1825,8.4918,6.6716,13.6639,11.8225,13.4757,12.0136,15.3411,17.4966,15.8868,8.4774,4.6283,7.9952,6.5829,12.5563,9.9662,13.2219,5.1403,13.0140,15.7321,15.8817,14.7152,4.4845,6.8838,8.1600,6.5834,6.7511,4.9841,5.2772,12.0692,6.1942,6.3735,11.0471,12.3874,7.6824,10.5846,6.2151,16.9023,6.5025,5.8152,7.9787,5.4504,7.6019,5.3768,6.6656,9.9567,10.3422,10.4282,2.9389,8.5506,6.8549,9.7276,15.6501,17.8774,15.0516,17.0855,9.7263,4.0133,6.3270,7.0619,8.6650,10.5602,16.2048,13.8761,13.1505,15.6899,8.8677,9.6633,9.8668,13.2495,9.7962,8.4733,12.4574,6.3430,8.1207,14.7590,12.3791,10.2048,11.6856,10.2317,10.7714,14.4465,8.2384,10.8805,14.2581,10.7895,8.3678,8.2628,17.2269,13.6602,11.0512,13.1072,12.0270,8.7900,12.8119,9.2440,12.7500,10.8961,5.0826,6.2352,10.1693,12.4947,11.7081,9.9876,7.5234,7.3980,6.1435,12.3217,8.3069,5.2001,4.9669,7.3770,4.1204,7.2088,6.9192,6.5179,6.7027,6.5540,6.4139,6.2721,6.1526,5.9431,5.7715,5.8461,6.1174,6.0545,5.7297,5.9930,5.9235,5.8431,5.7648,5.7040,5.6635,5.4277,5.5334,5.8313,5.7983,5.4956,5.7850,5.7509,5.6964,5.6466,5.6123,5.6013,5.3891,5.5192,5.8005,5.7962,5.5283,5.8266,5.8132,5.7791,5.7498,5.7347,5.7334,5.5418,5.7167,5.8593,5.8937,5.6768,6.0048,6.0242,6.0185,6.0086
45134.3750000,3.6366,10.7148,8.5958,11.1083,22.2510,6.7427,11.4726,7.7486,12.4245,5.8095,8.3519,6.7335,1.5429,5.7797,8.5791,8.6407,12.4430,11.4217,3.5383,5.4709,15.4223,6.4318,3.5128,9.3207,9.6727,20.2949,9.9099,5.7043,15.0021,7.8211,15.8845,15.9754,18.3809,15.6782,16.7598,12.5373,15.9979,16.7897,9.2997,16.4769,15.6292,12.4509,9.3922,10.9014,22.2928,18.2831,10.8711,10.5866,5.8580,4.6522,7.8776,10.0212,10.8567,10.2204,1.5160,11.7343,9.9935,10.2569,13.8393,9.3463,8.1301,5.9507,6.5840,8.0587,6.1308,7.6099,11.1226,11.0868,4.7179,7.2224,10.6856,13.1113,11.4765,6.0885,5.2199,11.9357,9.5180,10.6669,8.8131,11.7302,14.6161,12.8054,5.2217,1.3985,3.2297,2.2414,7.9114,5.4217,8.5134,1.1549,8.4980,10.5390,10.1231,8.9949,-0.6176,1.3807,2.5295,2.0559,1.3164,-0.3321,-0.7037,5.3068,0.4728,0.6804,4.9894,6.2512,1.4175,4.3564,0.6583,11.4334,1.7964,1.7818,4.0686,2.0086,3.9515,2.7463,3.4890,6.3182,6.7921,6.7892,-0.0848,5.3016,3.3829,6.4694,11.6953,14.0288,11.4870,13.4993,6.0033,0.7550,2.7484,3.2361,4.6729,6.4502,11.4051,9.4046,8.9415,11.7708,5.1625,5.7669,6.0191,9.6086,6.2705,5.3737,9.0260,3.4570,5.3490,11.4794,9.0793,6.6855,8.3994,7.3823,8.3759,12.3248,6.2729,9.7513,12.8880,8.6841,6.6403,5.8398,15.5616,11.1427,8.3935,10.0733,9.4903,6.0569,9.4802,6.3513,9.2868,7.4822,1.9889,3.2326,7.0419,9.8301,8.9770,7.6845,4.6566,5.0042,3.6996,10.2082,6.0039,2.9012,2.0249,4.2249,1.4402,4.8701,4.4394,3.2626,4.0743,3.8006,3.5373,3.2634,3.0243,2.7316,1.7835,1.9074,2.8713,2.7153,1.6416,2.5227,2.3337,2.1278,1.9281,1.7624,1.6378,0.6913,0.8913,1.8433,1.7560,0.7452,1.6979,1.5886,1.4437,1.3066,1.1967,1.1299,0.2517,0.5449,1.3809,1.3423,0.3777,1.3513,1.2835,1.1784,1.0784,0.9993,0.9402,0.1121,0.8911,0.9946,0.9952,0.0846,1.0735,1.0435,0.9712,0.9056
45134.4166667,-4.6539,1.4798,0.5994,2.7590,15.9360,0.6199,2.7924,-0.8453,4.9188,-0.4290,1.6059,0.0221,-4.3552,-0.9082,0.7130,0.8208,4.4605,3.5942,-3.0816,-1.9688,8.6928,-0.7134,-2.9558,2.3293,3.7616,12.7126,2.7101,-2.3520,7.4985,0.4216,8.1622,9.3591,12.4609,10.1609,11.0164,6.2920,9.5691,9.1803,2.4281,11.1139,9.0627,6.3211,1.8123,3.6309,16.5701,11.5724,4.6277,3.7296,0.3980,-0.7109,3.4997,4.9259,5.5641,5.1222,-2.7392,5.6249,3.2694,5.1807,7.8894,3.2961,2.0502,0.0073,-0.8940,0.8967,0.3384,1.5527,6.2490,6.0598,-0.9341,2.7205,7.4079,9.3133,8.6572,2.6813,3.3862,9.9739,6.8192,8.8419,4.2376,6.8577,12.7600,9.8316,2.1223,-1.4357,-2.4133,-2.8657,2.0420,-0.5150,2.5438,-3.1398,2.9598,4.5508,3.1509,1.9536,-6.4034,-4.6965,-3.6130,-2.2579,-4.2973,-5.7886,-6.7603,-1.9081,-6.5284,-6.3351,-2.7816,-1.9369,-6.6747,-4.6350,-7.4367,3.2323,-5.1618,-4.3374,-1.4200,-3.5351,-2.7784,-2.1226,-2.0485,1.2778,1.5798,1.4859,-4.8522,0.1660,-2.4003,1.0185,4.7744,7.4128,5.7825,8.5096,1.3219,-3.0641,-1.3146,-1.1103,0.1638,1.7593,5.8347,2.6290,2.6521,6.5944,0.5456,0.3399,0.6664,4.4906,1.5605,0.7256,3.1973,-1.7010,0.7019,7.6632,4.7370,1.1102,3.1651,1.8208,3.4693,7.7980,2.3072,7.3743,10.3144,4.7752,4.3571,2.6513,13.2199,8.2131,5.2858,5.2004,5.6046,2.3047,4.9075,2.9171,4.9223,3.1621,-1.7388,-0.7492,2.2524,5.8044,4.8900,4.5025,0.4937,1.8758,0.5740,7.5885,3.2283,0.1665,-1.1436,-0.6191,-2.5029,1.6588,1.1464,-1.3911,0.8359,0.5173,0.2118,-0.1131,-0.3988,-0.7140,-3.0017,-2.7554,-0.4679,-0.6781,-3.1548,-0.9357,-1.2138,-1.5217,-1.8298,-2.0991,-2.3158,-4.5916,-4.2488,-2.1493,-2.3107,-4.6870,-2.4664,-2.6666,-2.9157,-3.1574,-3.3678,-3.5371,-5.7372,-4.4531,-3.7781,-3.8493,-6.0859,-3.8459,-3.9601,-4.1220,-4.2718,-4.3885,-4.4759,-6.3534,-4.5078,-4.4110,-4.4139,-6.4997,-4.3213,-4.3706,-4.4773,-4.5732
45134.4583333,-10.8038,-6.7063,-5.3482,-4.9919,8.4820,-5.7808,-4.6993,-10.1694,-2.7947,-6.2282,-5.4693,-5.4770,-9.1010,-6.4060,-5.6451,-6.2462,-3.4061,-4.4275,-9.5902,-10.2441,1.0451,-8.9175,-9.5469,-7.0138,-3.4389,5.4650,-3.8644,-9.3166,0.0862,-7.3425,-0.0762,0.4755,4.8438,4.6037,6.0082,1.4945,4.3856,1.2331,-6.1181,4.3628,2.6928,0.2639,-6.4115,-4.5084,11.5576,4.0545,-2.2775,-4.2779,-6.0660,-7.2842,-1.5832,-0.8348,-0.1349,0.0711,-6.6193,-0.1845,-2.8727,1.2483,4.6695,-0.4207,-2.0210,-4.2178,-7.9532,-6.6285,-6.0199,-5.4063,-0.1537,0.1248,-6.7596,-2.6277,3.2058,3.7552,4.6125,-1.2114,0.9801,8.2815,4.5254,8.0405,0.2486,3.0345,12.9448,8.9567,1.1772,-2.1447,-6.7462,-6.7908,-2.4995,-6.5128,-0.9989,-6.1319,-1.1900,0.1434,-1.3370,-3.6607,-10.5313,-9.5125,-8.7147,-5.2093,-8.8043,-10.1212,-11.2363,-8.1217,-12.0500,-11.8417,-9.2179,-8.7884,-12.7496,-12.7284,-15.7750,-6.5134,-13.3776,-12.2698,-8.0687,-9.1783,-10.4473,-7.3553,-8.6598,-4.1138,-3.8626,-4.0910,-9.1975,-5.3440,-7.5291,-5.0497,-3.9141,0.1252,-1.5132,1.9380,-4.6175,-7.6810,-5.8692,-5.8313,-3.9980,-1.5070,2.9630,-2.0985,-3.5946,0.4933,-3.9086,-4.6749,-6.1643,-1.1178,-3.5586,-4.1644,-1.7105,-7.0145,-5.0873,2.7617,-0.8783,-4.2831,-1.2793,-3.7720,-2.4927,2.0946,-2.1115,4.5679,6.7668,0.8976,0.8487,-1.8518,9.7352,4.6613,1.8187,-0.7269,0.8080,-1.8359,0.0719,-1.8958,-0.7752,-2.1430,-6.1726,-5.1042,-3.3765,1.2509,0.3897,1.1506,-3.9067,-1.5010,-2.6422,4.9804,0.6824,-2.0940,-3.0756,-5.2588,-4.8682,-1.5218,-2.1103,-6.1105,-2.5330,-2.7893,-3.0335,-3.3123,-3.5931,-4.0669,-7.3926,-7.7108,-5.1031,-5.1885,-9.0522,-5.1533,-5.2539,-5.3906,-5.5446,-5.7095,-5.9983,-9.1484,-8.7984,-6.8226,-6.8757,-10.7839,-6.8284,-6.8986,-7.0300,-7.1682,-7.3139,-7.5512,-10.4445,-8.7273,-8.1516,-8.1703,-11.8889,-8.0986,-8.1476,-8.2674,-8.4006,-8.5450,-8.7852,-11.3517,-9.3946,-9.3046,-9.3190,-12.7984,-9.2312,-9.2395,-9.3101,-9.3758
45134.5000000,-23.1448,-21.0172,-14.8319,-13.2814,-0.4607,-12.5864,-12.2728,-19.5353,-10.2803,-11.4884,-15.2892,-11.8876,-13.9009,-11.9702,-11.4369,-11.9987,-9.5402,-10.4261,-13.7590,-16.7452,-5.6184,-15.9697,-13.4659,-14.6635,-9.1249,-1.0182,-9.4533,-15.8068,-6.7617,-14.6176,-8.5382,-9.8361,-5.2230,-5.5405,-1.4221,-4.8148,-1.0597,-3.4019,-11.8217,-0.1778,-1.8767,-4.1464,-13.4508,-11.8643,7.1356,-3.1603,-8.5524,-11.4847,-12.3286,-13.6032,-6.3514,-6.3686,-5.6679,-4.8390,-11.4006,-7.8845,-9.5134,-4.1853,1.6161,-3.3255,-4.7235,-6.5982,-13.0921,-11.9962,-10.7106,-10.0344,-4.1856,-4.6909,-13.8059,-8.2523,-1.2500,-2.3398,-1.3553,-5.6780,-2.8245,6.0411,2.0430,7.3191,-3.5993,-1.0565,13.9044,9.0100,1.1613,-2.0120,-10.1059,-9.3297,-2.4718,-8.9321,-1.8226,-6.5471,-2.7705,-1.7670,-3.3991,-6.9179,-12.3088,-11.9490,-11.4054,-5.7821,-10.8422,-11.9761,-13.2573,-11.8034,-16.3706,-16.0211,-14.2725,-14.1214,-17.0446,-17.5106,-21.0679,-14.5596,-19.8719,-18.0512,-13.3881,-13.6515,-17.4983,-12.8117,-16.5152,-10.8123,-10.5234,-10.7000,-13.6764,-11.1668,-12.6388,-10.8885,-10.7013,-7.6893,-8.9138,-4.6895,-10.2259,-11.9534,-10.8662,-12.1570,-11.4219,-9.4080,-4.7297,-7.2545,-7.6448,-4.7100,-7.6471,-8.5875,-9.9441,-5.8043,-7.8476,-8.2754,-6.1027,-10.2874,-9.1992,-1.3136,-7.8442,-9.9525,-7.8744,-8.8219,-8.3616,-5.2064,-7.1255,1.0312,2.7671,-1.0670,-2.1400,-5.7302,6.5085,1.5402,-1.0529,-5.1401,-3.1389,-3.2287,-2.4519,-5.3084,-6.0225,-7.3586,-9.8598,-9.6896,-10.1496,-4.8173,-5.2055,-2.7659,-8.6322,-4.6151,-5.4540,2.6402,-1.4693,-3.8812,-4.7082,-6.5079,-5.7179,-4.1613,-4.7317,-10.3902,-4.9376,-5.1977,-5.4568,-5.7591,-6.0592,-6.5305,-9.0509,-9.3469,-7.5060,-7.6416,-13.2991,-7.7753,-7.9566,-8.1863,-8.4367,-8.6900,-9.0472,-11.4792,-11.3263,-9.9359,-10.0381,-15.5675,-10.1026,-10.2038,-10.3712,-10.5423,-10.7116,-10.9559,-13.1363,-11.9698,-11.5196,-11.5512,-16.7474,-11.5328,-11.5835,-11.7076,-11.8397,-11.9727,-12.1876,-14.0821,-12.7154,-12.6086,-12.6243,-17.4459,-12.5955,-12.6220,-12.7200,-12.8083
45134.5416667,-29.9755,-31.6817,-22.6552,-20.4558,-8.9979,-18.4304,-19.8356,-28.8319,-18.4626,-17.2824,-21.2219,-19.3903,-20.1738,-19.7225,-19.5419,-19.7299,-17.2537,-17.3226,-18.2356,-21.1202,-11.2762,-22.1226,-16.7403,-21.2716,-13.8295,-6.2471,-13.5385,-19.5745,-11.0575,-19.3736,-12.6818,-15.2055,-10.9369,-9.4231,-6.4365,-9.5118,-6.7351,-9.4392,-18.7884,-6.1036,-7.2152,-8.6706,-19.8833,-18.6886,1.8741,-9.9397,-13.5542,-14.4869,-16.5797,-17.7436,-10.5235,-11.7112,-11.1231,-9.6056,-15.3359,-16.1477,-16.7699,-10.5051,-1.4532,-6.0967,-7.2800,-8.8448,-17.9430,-17.4273,-15.4347,-14.8099,-8.8441,-9.0313,-19.5430,-13.1421,-5.5562,-9.3919,-9.3713,-12.2625,-7.9029,1.6222,-1.7711,4.4347,-6.7460,-4.3759,15.6255,9.9681,1.9882,-1.2340,-12.5301,-10.5247,-3.7617,-12.0471,-4.0920,-8.0509,-4.3374,-2.8600,-3.9765,-8.0204,-11.9287,-11.7712,-11.2589,-3.8003,-10.0337,-11.0763,-12.5255,-12.4920,-17.7346,-17.4232,-16.6712,-16.9375,-19.0077,-20.4870,-24.7669,-21.0456,-24.1896,-21.3961,-16.9273,-14.6388,-18.0286,-13.6918,-20.0144,-14.1410,-15.0801,-14.0778,-15.5140,-15.3348,-16.6922,-16.1112,-16.2324,-13.3786,-14.5861,-10.0840,-14.5611,-14.6745,-14.4992,-15.1968,-16.8825,-15.9791,-9.3688,-12.9649,-13.2537,-9.7369,-11.3958,-12.6535,-13.6005,-9.9378,-11.1157,-11.0913,-9.2074,-12.0385,-11.5658,-3.9358,-12.8035,-13.8846,-12.9989,-13.8158,-12.9177,-11.7593,-11.0067,-1.9973,-0.9516,-2.9501,-4.5561,-9.0131,3.2518,-2.2328,-3.8928,-6.6931,-3.5245,-4.8585,-5.2377,-8.5189,-10.8783,-11.8160,-12.3994,-12.9941,-14.0461,-10.0078,-10.6080,-7.1457,-13.2875,-9.3203,-9.7235,-1.4139,-4.9897,-6.7383,-7.2072,-7.9059,-6.8055,-6.4231,-7.0240,-13.1106,-7.6871,-7.7128,-7.7398,-7.8130,-7.8869,-8.1291,-9.8804,-9.9942,-8.5939,-8.8465,-14.9839,-9.6953,-9.7825,-9.9101,-10.0465,-10.1734,-10.3931,-12.1511,-12.0012,-10.9585,-11.2107,-17.1832,-12.0295,-12.0833,-12.1986,-12.3075,-12.4034,-12.5633,-14.1621,-13.3227,-12.9612,-13.1559,-18.7693,-13.8679,-13.8765,-13.9478,-14.0115,-14.0607,-14.1784,-15.5258,-14.5116,-14.3784,-14.5057,-18.9527,-15.0711,-15.0669,-15.1396,-15.2059
45134.5833333,-32.1525,-34.4855,-25.7348,-23.3778,-13.6160,-20.0453,-23.4352,-34.0752,-23.4151,-19.9366,-24.0936,-23.0988,-22.4475,-23.2581,-24.1693,-24.7142,-23.3133,-23.3685,-22.1680,-25.4959,-17.1251,-27.7370,-19.8039,-27.9336,-18.6562,-11.3247,-19.3005,-23.4007,-14.3527,-22.8714,-18.7448,-20.7617,-15.9256,-9.1902,-8.0616,-8.5494,-6.3039,-9.6197,-19.8663,-7.2885,-8.5956,-9.7919,-23.0494,-18.6369,-0.3398,-15.1090,-17.6261,-17.0016,-19.6829,-19.9196,-13.3625,-15.1081,-14.4461,-12.2943,-16.8160,-22.5629,-22.5259,-16.7811,-4.5052,-8.7298,-9.6304,-10.7583,-21.7054,-21.7671,-19.0886,-14.9301,-10.3668,-12.0758,-24.2731,-17.2455,-9.1957,-10.2408,-9.4385,-16.8798,-10.9588,-3.8196,-7.3957,-4.3812,-13.5972,-10.9744,12.9734,7.3459,-0.1816,-2.9604,-16.0985,-10.4853,-4.1449,-10.5801,-3.7080,-7.0893,-3.9254,-2.4698,-3.4835,-8.1968,-10.8951,-11.0301,-10.8405,-2.0810,-9.1486,-10.1201,-11.5209,-12.1652,-17.1100,-16.6576,-16.5024,-16.9621,-18.2277,-20.4038,-24.4917,-24.4686,-26.3418,-22.9496,-21.0804,-15.2423,-18.1391,-14.0772,-22.4479,-16.3805,-20.1282,-15.4069,-15.0298,-16.2257,-17.1629,-17.4972,-22.0389,-17.3107,-17.7901,-12.8731,-16.0549,-14.3745,-17.0350,-16.1297,-19.5130,-20.0189,-11.8623,-15.9121,-18.8094,-13.3391,-13.1877,-14.4862,-15.1359,-11.5111,-11.6548,-11.8632,-11.0641,-12.9506,-12.7035,-5.6101,-16.3006,-16.3721,-13.9719,-16.2470,-15.9433,-17.3898,-13.9218,-4.7023,-4.3820,-4.7367,-6.2190,-11.1519,1.0272,-4.6806,-4.7560,-6.3305,-2.0862,-4.2017,-5.4028,-8.9959,-13.0997,-13.9975,-12.9494,-14.3740,-16.2854,-13.2403,-13.5715,-8.8158,-13.3919,-10.8906,-11.1725,-3.5110,-6.6223,-7.8085,-8.2659,-8.5980,-7.2151,-7.9867,-8.5768,-12.9077,-9.0840,-9.0854,-9.0899,-9.1449,-9.2000,-9.4076,-10.7178,-10.7567,-9.6408,-9.7691,-14.0945,-10.3005,-10.2935,-10.3417,-10.4163,-10.4963,-10.6747,-12.0145,-11.8980,-11.0754,-11.2516,-15.5278,-11.8802,-11.9100,-12.0193,-12.1401,-12.2619,-12.4515,-13.7305,-13.1842,-12.8992,-13.0742,-17.1435,-13.6990,-13.7250,-13.8275,-13.9365,-14.0415,-14.2173,-15.3062,-14.6400,-14.5429,-14.6700,-17.9233,-15.1652,-15.1543,-15.2173,-15.2724
45134.6250000,-28.5722,-32.9345,-25.8501,-23.5710,-15.3357,-18.9713,-23.6297,-35.1226,-24.1382,-18.5826,-22.7695,-22.2689,-20.5570,-22.0511,-24.0468,-25.0311,-24.8470,-25.0901,-22.1239,-26.2269,-19.7358,-29.7813,-20.2374,-28.0969,-21.4610,-15.8871,-25.3096,-26.8374,-19.9475,-24.3434,-23.6311,-25.1862,-20.9639,-13.5819,-9.9618,-9.3326,-2.6781,-4.8902,-15.3380,-2.5507,-3.8475,-4.9015,-17.9349,-12.6879,2.3927,-15.4443,-17.0316,-15.3999,-18.7317,-16.2615,-11.8213,-15.0285,-15.0443,-12.7246,-16.1650,-26.3999,-25.7757,-20.9333,-5.8998,-9.4714,-10.0676,-10.8180,-23.2197,-23.8436,-20.0258,-16.7947,-12.3472,-10.6250,-25.1198,-18.8177,-11.0675,-13.7229,-11.6635,-15.4473,-6.2211,-2.3578,-6.5245,-6.8040,-14.6076,-6.2939,14.6991,8.3915,0.7737,-1.9969,-12.1549,-9.1189,-4.3809,-9.9762,-4.3050,-7.1846,-4.1559,-2.0836,-2.3268,-6.9596,-11.0122,-8.3531,-7.5959,2.0618,-5.0865,-5.9637,-7.2200,-8.0734,-12.7734,-13.0613,-11.9178,-12.7263,-13.7212,-16.5899,-20.9827,-24.1685,-23.6132,-21.7213,-22.1042,-16.5895,-16.9980,-12.0146,-19.0601,-15.5777,-22.0381,-18.5865,-14.0384,-15.7910,-16.2426,-16.4981,-20.7961,-19.2407,-19.6709,-14.5869,-16.5064,-14.7129,-15.9702,-17.0282,-20.1356,-20.9051,-11.9710,-16.3700,-18.9729,-15.4355,-14.1925,-15.9066,-16.5894,-14.9390,-13.4108,-10.7384,-9.7381,-10.6671,-12.0400,-3.7939,-15.2576,-14.5431,-13.5935,-14.6730,-14.8515,-18.3675,-13.3481,-4.6319,-5.2292,-4.4317,-5.8059,-11.1836,0.1448,-7.7739,-4.5737,-5.0715,0.0164,-2.5274,-4.0442,-9.5375,-12.4725,-12.9970,-10.8153,-12.7170,-15.4013,-13.2655,-15.1813,-7.5854,-10.6660,-8.9578,-9.0449,-1.9602,-4.6026,-5.3926,-5.8127,-5.8511,-4.4294,-5.8107,-6.4043,-9.5360,-6.8932,-6.9391,-6.9895,-7.0901,-7.1877,-7.4256,-8.4814,-8.5338,-7.6955,-7.8183,-10.9488,-8.2860,-8.2847,-8.3328,-8.4018,-8.4695,-8.6257,-9.6681,-9.5698,-8.8974,-9.0145,-12.0899,-9.4820,-9.4720,-9.5408,-9.6208,-9.7012,-9.8470,-10.8374,-10.4384,-10.1598,-10.2833,-13.2419,-10.7861,-10.7977,-10.8906,-10.9940,-11.0965,-11.2705,-12.1406,-11.6876,-11.5987,-11.7217,-14.1501,-12.1908,-12.2005,-12.2841,-12.3521
45134.6666667,-23.3645,-27.1883,-21.2734,-19.3424,-12.1610,-13.3450,-19.5009,-32.3007,-21.8747,-15.0525,-18.7239,-18.6290,-16.6304,-18.9469,-21.4692,-22.4311,-22.9013,-23.0540,-18.7342,-22.9279,-17.7926,-27.3229,-17.3706,-24.7759,-19.1272,-15.4597,-25.4428,-25.8035,-23.1269,-25.2641,-27.3854,-28.6664,-25.2163,-17.9763,-14.1049,-13.2585,-4.0335,-5.0526,-14.8911,-0.8622,-1.1512,-1.4222,-13.2305,-6.9107,7.3343,-11.1272,-11.7477,-9.4592,-13.3261,-11.8330,-7.1796,-10.6675,-10.9147,-8.5561,-11.5202,-25.2492,-24.9774,-20.8544,-4.6222,-7.6971,-8.2329,-8.8691,-22.5108,-23.6632,-20.1698,-18.4235,-15.4607,-10.9018,-24.3961,-18.3068,-10.8422,-16.1881,-14.0348,-15.4610,-4.6942,-2.2724,-5.9512,-8.2917,-13.8072,-2.0665,16.9620,10.8423,3.5209,0.9869,-6.1081,-4.3091,0.0674,-4.5245,0.4575,-2.2285,-0.5180,3.5756,3.2001,-2.1346,-7.7330,-4.2119,-3.6263,5.8979,-1.2656,-2.4117,-3.6837,-4.4232,-7.8742,-10.3729,-7.3225,-7.7595,-8.3341,-10.7940,-14.9136,-19.3950,-17.7833,-15.4059,-17.1962,-12.3437,-13.9448,-7.6801,-13.5465,-11.4972,-19.4719,-17.2817,-10.8925,-13.3490,-15.3785,-14.8285,-19.4731,-17.3695,-17.3622,-12.4234,-13.5195,-11.8826,-14.0972,-15.8544,-18.9285,-20.3034,-11.4150,-15.6659,-17.3225,-15.3222,-11.7835,-13.4698,-15.1121,-15.8392,-13.9344,-10.1664,-9.5448,-9.9370,-12.4982,-4.1849,-15.6829,-14.2854,-14.0353,-13.4295,-13.2794,-17.0980,-11.3598,-3.0835,-3.5593,-1.9826,-3.0915,-8.5923,1.5191,-7.8746,-2.6667,-2.2584,3.2803,-1.5618,-1.0058,-7.9910,-10.2694,-10.6581,-7.7457,-9.5644,-12.7766,-11.7171,-15.0927,-6.0300,-8.0202,-6.7623,-6.6855,-0.0043,-2.2927,-2.9441,-3.2505,-2.8572,-1.7616,-2.9545,-3.4012,-5.5577,-3.5898,-3.5275,-3.4753,-3.4802,-3.4893,-3.6400,-4.4201,-4.3985,-3.6907,-3.7620,-6.0168,-4.1204,-4.1139,-4.1631,-4.2374,-4.3124,-4.4727,-5.3271,-5.2666,-4.7322,-4.8430,-7.1055,-5.2612,-5.2596,-5.3349,-5.4183,-5.4977,-5.6351,-6.4373,-6.1521,-5.8871,-5.9793,-8.1533,-6.3839,-6.3776,-6.4524,-6.5365,-6.6180,-6.7675,-7.4567,-7.1236,-7.0126,-7.1050,-8.9256,-7.4950,-7.4948,-7.5719,-7.6353
45134.7083333,-19.3677,-24.4010,-16.4220,-14.5531,-10.7127,-7.1936,-12.3152,-24.4584,-14.8356,-7.4556,-13.0559,-11.0068,-8.8189,-11.7878,-14.6724,-15.7985,-17.0607,-17.4464,-12.6632,-17.6941,-15.2578,-20.8468,-11.4801,-17.9204,-15.2471,-10.5465,-19.1839,-19.3381,-20.4292,-21.7686,-27.2212,-29.5233,-28.2460,-21.4934,-18.1398,-16.9455,-6.9246,-6.3030,-14.7708,-0.9038,-0.1465,0.4148,-8.4134,-2.8231,11.0218,-6.5193,-6.1870,-3.3442,-6.7260,-4.0390,-0.9463,-4.2684,-4.4604,-2.0964,-4.5645,-20.0520,-20.3127,-17.2546,-1.4429,-3.2794,-3.5047,-3.9343,-17.1456,-19.3304,-14.7874,-16.2718,-14.7078,-11.3316,-22.8652,-17.2775,-10.9148,-14.6635,-14.8746,-14.8623,-4.3676,-2.5529,-5.3395,-8.5176,-11.7450,1.0669,18.9087,13.6418,6.8200,4.4186,-0.2073,1.0164,5.4705,1.7863,6.4294,3.5188,3.4718,9.6641,9.7436,4.5321,-1.7747,1.8996,2.7435,11.2341,5.1416,3.9349,2.9136,2.8325,-0.4344,-2.3378,-0.3322,-0.1399,-0.9097,-3.4347,-7.5914,-12.9416,-11.2560,-9.5538,-11.4951,-7.4788,-9.3744,-3.2890,-7.7661,-5.8678,-13.7947,-12.7258,-5.9929,-8.4670,-11.0628,-10.6366,-16.4883,-14.2337,-13.6723,-8.9103,-9.1605,-7.6022,-10.3056,-11.4948,-15.4401,-17.6641,-10.0221,-13.4670,-14.3981,-13.2622,-9.4152,-11.1373,-13.4302,-14.2804,-12.3830,-8.6031,-8.2419,-7.9264,-10.2800,-3.3200,-13.7909,-12.3831,-13.0043,-12.2288,-11.7042,-15.7915,-8.2146,-3.8637,-3.2368,-2.1189,-1.2324,-4.9325,4.4152,-3.3903,1.1279,2.1825,7.1365,0.5762,2.6602,-4.2974,-6.5958,-6.8943,-4.4132,-5.3518,-8.3448,-7.9821,-10.8241,-2.8240,-4.3265,-3.5060,-3.4298,2.5441,0.6380,0.0238,-0.1913,0.5025,1.1534,0.6089,0.3373,-1.1529,0.4104,0.5758,0.7279,0.8172,0.9034,0.8474,0.2883,0.4285,1.1329,1.1586,-0.4530,1.0140,1.0977,1.1179,1.1089,1.0987,1.0023,0.3293,0.4427,0.9667,0.9140,-0.7608,0.6215,0.6524,0.5939,0.5219,0.4513,0.3216,-0.3655,-0.1513,0.1150,0.0335,-1.6292,-0.3303,-0.3277,-0.4136,-0.5090,-0.5992,-0.7552,-1.3478,-1.1037,-0.9784,-1.0597,-2.4845,-1.4059,-1.3997,-1.4770,-1.5373
45134.7500000,-10.2521,-16.2681,-9.0288,-9.0633,-6.7272,-1.9861,-7.0132,-17.5912,-10.2961,-3.0623,-8.4472,-6.0139,-3.8436,-6.2826,-8.8137,-9.4052,-10.3874,-10.1464,-5.3688,-9.9674,-9.5176,-12.9546,-5.4670,-11.0722,-9.8755,-6.1992,-13.0425,-12.6159,-15.3815,-15.4368,-22.5124,-25.0722,-25.6247,-19.7344,-17.8644,-16.8745,-9.0210,-8.1217,-14.4908,-2.3797,-1.4276,-0.3820,-7.1085,-2.1052,11.6451,-3.3335,-2.1044,0.8421,-1.9188,0.9353,3.5318,1.1935,1.4234,3.6981,1.0467,-12.2349,-12.2335,-9.8141,3.6065,2.0082,1.6199,1.1013,-10.4106,-12.6236,-8.0393,-10.1253,-9.0084,-7.2846,-18.1826,-14.6949,-10.3302,-13.7015,-14.1858,-12.9420,-3.7537,-2.8367,-4.4630,-7.2873,-9.4146,2.4528,18.5251,13.8375,7.2832,4.8626,2.0922,2.9573,7.6635,4.7154,9.3529,6.0882,6.9945,13.8619,14.5305,10.2114,3.7741,7.2307,8.7294,15.3868,10.6084,9.2400,8.3620,10.0222,5.7994,4.5753,6.2461,7.2019,6.1383,4.0382,0.3272,-4.4637,-2.9472,-2.1380,-3.9176,-1.0212,-2.9133,1.5367,-1.9061,-0.6829,-7.6765,-7.2109,-1.8846,-3.7903,-5.9970,-5.9263,-11.7308,-9.9232,-8.6899,-4.5640,-4.4293,-2.9991,-5.2166,-6.1773,-9.3844,-11.7637,-6.4325,-9.5601,-10.3172,-9.8149,-5.9455,-7.5149,-9.5753,-10.9350,-8.8829,-5.7948,-6.1616,-5.5741,-7.6776,-2.6457,-11.1123,-9.7588,-10.8268,-10.0980,-9.8969,-14.1659,-6.3428,-3.9643,-3.7885,-2.6428,-1.5923,-3.8939,4.2002,-2.6520,1.1093,3.0532,7.3123,1.1449,4.2609,-1.4435,-2.9356,-2.6209,-0.6560,-1.1852,-3.6531,-3.7035,-5.6130,1.1566,-0.1191,0.4393,0.4157,5.7704,3.8830,2.9698,2.7658,3.6742,3.5319,3.8207,3.6397,2.5484,3.7857,3.9912,4.1910,4.3322,4.4736,4.4699,4.0426,4.2461,4.9540,5.0707,3.9200,5.1169,5.2951,5.4105,5.4954,5.5763,5.5623,5.0413,5.2113,5.7645,5.8023,4.5763,5.6847,5.7973,5.8177,5.8208,5.8208,5.7527,5.1909,5.3915,5.7037,5.6831,4.4200,5.4301,5.4816,5.4408,5.3858,5.3306,5.2004,4.6937,4.8829,5.0306,4.9718,3.8319,4.6599,4.6826,4.6192,4.5666
45134.7916667,-1.8272,-7.4591,-1.0716,-1.9236,-0.4268,4.2069,0.1665,-9.2225,-3.8073,2.4473,-2.4102,-0.2898,0.6096,-1.4772,-3.3393,-3.8996,-4.8357,-5.0483,-0.9258,-4.5178,-4.7214,-6.7935,-1.0913,-5.0565,-4.3666,-0.7903,-6.6413,-6.0396,-9.3683,-8.9319,-16.5880,-19.3303,-20.8860,-15.4280,-14.3878,-13.2873,-7.3704,-6.2623,-11.3215,-1.0950,-0.6178,0.7924,-4.5780,-0.5114,12.0759,-1.6285,-0.3732,2.5740,-0.0761,2.5447,5.0099,3.5895,4.5582,6.8161,3.3516,-6.7357,-6.4797,-4.3073,7.8032,6.5992,6.3704,6.1248,-3.0647,-5.2782,-1.1148,-3.5394,-2.6345,-2.0064,-12.1019,-10.1796,-7.3837,-10.5023,-11.5669,-9.9978,-2.9499,-3.0217,-4.3248,-6.6305,-7.7623,2.4658,17.6023,13.6580,8.1657,5.8205,3.9712,5.2232,10.1282,7.5510,11.9945,7.8018,9.6321,16.4781,17.2850,12.7565,6.1719,9.1961,11.2617,16.2452,12.8356,11.3244,10.5704,14.0864,9.6818,9.0951,11.0915,12.6980,11.1784,10.0189,6.4324,3.4136,3.7085,3.8553,2.6332,4.3023,3.0098,5.6064,3.6633,5.0409,-0.6377,-0.4671,2.7439,1.6809,-0.2136,-0.1963,-5.8142,-4.8869,-3.5411,-0.2266,0.1406,0.7049,-0.8967,-1.8456,-4.4071,-6.5186,-2.6071,-4.7684,-5.1181,-4.9466,-1.6237,-3.0927,-5.0867,-6.8373,-5.1360,-2.7181,-3.2712,-2.7900,-4.5852,-1.6099,-7.8059,-6.5360,-7.7936,-7.2690,-7.2600,-11.7060,-4.5360,-3.3259,-3.6281,-2.5375,-1.3710,-2.8131,3.9747,-2.0485,1.0765,3.3136,6.8249,1.2736,4.3692,-0.2742,-1.4215,-0.7275,0.5223,0.8136,-0.5496,-0.4880,-1.7895,3.9948,2.9298,3.4526,3.3675,8.7017,6.7047,5.3803,5.2644,6.5909,5.6094,6.7609,6.6297,5.8234,6.7703,6.9484,7.1192,7.2352,7.3514,7.3351,6.9749,7.1545,7.7621,7.8783,7.0292,7.9608,8.1473,8.2826,8.3952,8.5090,8.5391,8.1497,8.3449,8.8754,8.9716,8.0999,8.9988,9.1672,9.2534,9.3250,9.3942,9.4004,8.9930,9.2099,9.5549,9.6055,8.6957,9.5126,9.6217,9.6452,9.6540,9.6603,9.5950,9.2186,9.4029,9.5837,9.5765,8.7177,9.3787,9.4357,9.4110,9.3883
45134.8333333,6.0522,1.5057,6.1144,5.1166,6.1922,8.8826,6.0634,-1.9882,2.0727,6.6156,2.9387,4.4721,4.5089,3.3743,1.7364,1.2246,0.3453,-0.1325,2.7861,-0.0481,-0.6751,-2.2628,1.7362,-1.3787,-0.9841,2.0439,-2.7050,-2.0208,-5.0525,-4.1194,-11.2095,-13.7510,-15.9086,-11.0580,-10.7104,-9.5766,-5.2139,-4.4957,-7.9018,0.4152,0.6488,1.9537,-2.2544,1.0345,12.3970,0.4654,1.5584,4.1148,1.6880,3.5157,5.6231,4.7696,5.7695,7.5986,3.7677,-3.4556,-3.0940,-1.2777,9.1329,7.7655,7.6230,7.3062,0.3966,-1.2810,2.2701,0.5307,1.7906,2.5395,-5.6118,-4.8005,-3.4206,-6.6597,-7.6827,-6.1332,-0.9857,-1.7504,-3.0501,-5.4044,-6.4403,1.9389,14.9122,11.4862,6.2815,4.1093,3.1884,4.1308,8.9787,6.6967,11.0545,6.5077,9.6235,15.9406,17.0872,13.3858,6.6389,9.5447,11.6399,14.8322,12.7448,11.1579,10.8490,15.4225,12.2869,11.9005,14.3843,15.9075,13.6468,13.3373,9.7190,8.8468,8.0090,7.9312,7.4768,7.9579,7.5145,8.5614,7.6393,9.1433,4.8191,4.7826,5.4734,5.8936,4.2400,4.4289,-0.1907,0.3412,1.4181,3.9269,3.8801,3.5467,2.6718,1.8971,-0.0444,-1.8795,0.6479,-1.2497,-1.4891,-1.3540,1.2896,0.2442,-1.2103,-2.7464,-1.3556,0.3416,-0.1793,0.1232,-1.2575,0.4204,-4.3389,-3.3715,-4.7436,-4.4974,-4.7331,-8.9547,-2.7894,-2.2958,-2.9002,-1.9632,-0.8022,-1.8034,3.4111,-1.4336,0.9577,2.8607,5.4843,1.0927,3.7188,0.1061,-0.7060,0.0059,0.7505,1.5533,0.9568,1.2057,0.3297,4.8001,3.8563,4.3288,4.1979,9.3691,7.2628,5.6502,5.6717,7.3564,5.7207,7.6409,7.6506,7.1931,7.9925,8.2443,8.4873,8.6826,8.8719,8.9491,8.7601,8.9733,9.5043,9.6572,9.1028,9.8212,10.0075,10.1485,10.2668,10.3816,10.4261,10.1499,10.3137,10.7359,10.8292,10.2208,10.8868,11.0398,11.1309,11.2128,11.2948,11.3287,11.0509,11.2413,11.5440,11.6223,11.0034,11.6296,11.7578,11.8207,11.8727,11.9232,11.9166,11.6761,11.8512,12.0359,12.0740,11.4861,12.0007,12.0847,12.1021,12.1116
45134.8750000,12.0210,9.5280,12.7325,12.2539,13.9833,14.2104,12.9119,5.6851,8.8350,11.3866,8.9241,9.7053,8.5232,8.4828,7.2113,6.4832,5.7079,5.0771,6.5521,4.4641,4.1274,2.5718,5.0190,2.8993,3.0400,5.6899,1.5302,1.7668,-0.9530,-0.2748,-6.6343,-8.9325,-11.2713,-6.8700,-6.7479,-5.5521,-2.1780,-1.7066,-4.1456,2.5231,2.7120,3.6851,0.3156,2.8872,13.0982,2.6713,3.4178,5.5961,3.3727,4.5057,6.4011,6.1487,7.1361,8.6088,4.4734,-0.3332,-0.0896,1.3659,10.2869,8.7427,8.6325,8.1621,2.9959,1.5951,4.2166,2.9509,4.2362,5.1827,-0.8645,-0.2775,0.6854,-2.1419,-3.0578,-1.8635,1.6968,1.0686,-0.1059,-2.2777,-3.1288,3.8674,14.9708,12.0766,7.0538,4.9882,4.7203,5.1466,9.4979,7.2943,11.0834,6.2331,9.8749,15.4270,16.4286,13.2476,6.2424,8.8284,10.7217,12.5454,11.4395,9.8537,9.9091,15.2450,13.1443,13.0747,16.3428,17.9985,15.2468,15.8153,11.9212,13.1107,10.5874,10.1305,10.4195,9.8846,10.3325,10.2107,10.1638,12.1516,9.1498,9.1619,7.4124,9.5184,7.9751,8.5132,5.3241,5.6415,6.2530,8.3198,7.5219,6.0652,5.9042,5.3422,4.0272,2.6533,4.5769,2.8134,2.4157,2.3626,3.9114,3.0796,1.8889,0.6771,1.6057,2.6410,2.4255,2.2812,1.4558,2.7875,-0.7797,-0.0606,-1.2322,-1.2203,-1.6873,-5.5539,-0.6097,-0.4506,-1.0838,-0.3115,0.7351,-0.0091,4.0226,0.2494,2.0047,3.5513,5.4469,2.0451,4.1656,1.2390,0.5020,0.9180,1.1243,1.9847,1.8629,2.2489,1.6697,4.9648,4.0915,4.4676,4.2634,9.2107,7.0512,5.3011,5.4023,7.2704,5.2641,7.5691,7.6611,7.4499,8.1037,8.3916,8.6751,8.9248,9.1673,9.3232,9.2833,9.5244,9.9998,10.2158,9.9363,10.5322,10.7730,10.9820,11.1728,11.3565,11.4813,11.3684,11.5573,11.9342,12.0804,11.7302,12.2525,12.4296,12.5599,12.6788,12.7917,12.8613,12.7005,12.8607,13.1084,13.1987,12.7983,13.2540,13.3782,13.4574,13.5282,13.5962,13.6197,13.4736,13.6161,13.7755,13.8330,13.4506,13.8301,13.9246,13.9730,14.0096
45134.9166667,15.8455,15.6043,17.4279,17.5283,20.2843,17.5592,17.9203,11.4597,14.3588,14.9044,13.8271,14.1120,11.7613,12.9931,12.5053,11.7416,11.3196,10.4931,10.2916,8.9624,9.3179,7.2943,8.3095,7.3249,7.2366,9.8414,5.7616,5.4954,3.5648,3.7282,-1.5944,-3.7707,-6.3019,-2.6618,-2.8459,-1.8550,0.6978,0.9970,-0.8488,4.6264,4.7935,5.3682,2.6610,4.6954,13.9915,4.9274,5.2320,7.0119,4.8449,5.3971,7.1152,7.2884,8.1883,9.2827,4.8000,2.3503,2.5373,3.6991,11.3224,9.4820,9.3229,8.6829,5.0507,4.0312,5.8512,5.0615,6.3244,7.2366,2.2762,2.7693,3.6288,1.4229,0.6859,1.6497,3.8628,3.9360,2.9054,1.0715,0.3298,6.1508,15.5007,12.9624,7.9571,5.8662,6.3084,6.3937,10.5859,8.5177,11.9637,6.8440,11.0125,15.8756,16.6967,13.9538,6.7176,9.0273,10.6346,11.3686,10.8025,9.1437,9.2949,14.8787,13.0905,13.1158,16.8787,18.5192,15.2497,16.6188,12.5591,15.9099,11.8351,11.2034,12.1337,10.7645,11.9344,10.9001,11.4819,13.9130,11.8985,11.9507,8.0827,11.7411,10.2579,11.3592,9.8458,10.2665,10.4341,12.2433,10.5150,7.8856,8.5080,8.2497,7.5856,6.7618,8.5857,6.8468,6.3057,6.2545,6.5585,5.9748,5.0219,4.2246,4.5191,4.9167,5.0517,4.1295,3.7485,5.1244,2.2819,2.6416,1.7492,1.6070,1.1603,-1.9637,1.6041,1.7053,1.2128,1.6760,2.4243,1.8915,5.2872,2.2242,3.3607,4.6295,5.9028,3.1563,5.0162,2.5646,2.0973,2.2768,1.9630,2.7398,2.9558,3.3375,2.8233,5.0735,4.1541,4.3723,4.0447,8.6692,6.4139,4.5819,4.6872,6.5764,4.3949,6.7848,6.8795,6.8044,7.3156,7.5875,7.8614,8.1170,8.3715,8.5707,8.6400,8.8991,9.3171,9.5624,9.4749,9.9745,10.2367,10.4777,10.7064,10.9299,11.1135,11.1365,11.3608,11.7111,11.9064,11.7671,12.2119,12.4249,12.6056,12.7774,12.9436,13.0789,13.0571,13.2477,13.4950,13.6342,13.4406,13.8175,13.9698,14.0889,14.1990,14.3039,14.3755,14.3297,14.4740,14.6270,14.7090,14.4928,14.7845,14.8835,14.9482,14.9968
45134.9583333,17.3507,19.4008,20.1315,20.9708,25.1804,19.5062,21.5259,15.3635,18.3042,16.9600,17.1415,16.9674,13.4144,15.9540,16.3052,15.5546,15.7698,14.9211,13.0515,12.5917,14.2216,11.4410,11.2114,11.5538,11.3548,14.4642,10.0412,9.0950,8.2819,7.5826,3.5834,1.5599,-0.9331,1.9318,1.5593,2.1638,4.0853,4.1693,2.3811,6.9098,7.0168,7.1282,4.8660,6.4823,15.0770,7.0422,6.7778,8.1846,5.9129,6.0279,7.6808,8.2276,9.0778,9.8699,5.0358,4.6093,4.6715,5.5843,12.1984,10.0515,9.8216,9.0049,6.5718,5.8806,6.9602,6.5877,7.9175,8.7876,4.3169,4.7835,5.7592,4.2540,3.6129,4.0268,5.1732,6.2409,5.3280,4.0097,3.3666,8.3702,16.2917,14.0719,8.9921,6.7605,7.8352,7.5914,11.7554,9.7326,12.9172,7.4553,12.1453,16.4540,17.1264,14.7407,7.2051,9.3498,10.7699,10.7675,10.5875,8.9127,9.1335,14.8840,12.6677,12.7695,16.9040,18.5111,14.8032,16.6834,12.3373,17.3843,11.8326,11.0424,12.4816,10.5351,12.2591,10.6262,11.6740,14.5508,13.3477,13.4905,7.9911,12.8244,11.3357,12.9839,13.1236,13.7659,13.4866,15.2307,12.5088,8.7830,10.0783,10.1170,10.0803,9.8828,12.0777,10.3438,9.7300,9.9066,8.9089,8.5955,7.8552,7.6427,7.2623,7.1472,7.8192,5.9484,5.9877,7.8240,5.4297,5.3833,4.7487,4.2518,3.7642,1.4484,3.5603,3.8479,3.7082,3.8091,4.0824,3.7140,7.0169,4.4396,5.0320,6.1706,6.9617,4.6084,6.3655,4.1255,3.9181,3.7905,2.8390,3.4928,4.0737,4.5212,4.0467,5.4840,4.5093,4.6036,4.1730,8.5260,6.2236,4.3779,4.4584,6.2791,4.0696,6.3626,6.4089,6.3684,6.7228,6.9198,7.1211,7.3135,7.5087,7.6708,7.7497,7.9597,8.2810,8.4913,8.4826,8.8719,9.1068,9.3319,9.5526,9.7737,9.9715,10.0644,10.2946,10.6118,10.8274,10.8199,11.2050,11.4362,11.6467,11.8517,12.0534,12.2344,12.3098,12.5271,12.7821,12.9644,12.9227,13.2622,13.4509,13.6165,13.7750,13.9290,14.0594,14.1095,14.2852,14.4653,14.5961,14.5249,14.7913,14.9263,15.0333,15.1154
45135.0000000,19.0178,23.0440,22.9083,24.4913,30.3368,21.9835,25.5154,19.0008,22.0630,19.0530,20.2901,19.6668,14.9364,18.0599,19.2807,18.6145,19.6484,18.8768,15.3739,15.6815,18.9616,15.2120,13.8696,15.6427,15.4591,19.7066,14.6246,12.9309,13.6808,11.8942,9.5548,7.7438,5.5140,7.6007,7.2132,7.3143,8.9044,8.8966,6.7305,10.2245,10.4490,10.1570,8.2517,9.6535,17.8940,10.5917,9.5623,9.8958,7.3897,7.1883,8.9166,9.8605,10.7596,11.3738,6.0868,7.5854,7.5086,8.2701,14.2368,11.8100,11.5339,10.5385,9.0614,8.6523,8.9998,8.9613,10.3391,10.7810,5.9502,6.3637,7.6439,6.9869,6.4578,6.1010,6.4334,8.6864,7.9019,7.3109,6.8435,11.4106,18.3159,16.4912,11.2591,8.6507,10.4375,9.9203,14.3364,12.3428,15.4423,9.4848,14.8957,18.8205,19.3850,17.2495,9.1398,11.1846,12.4596,11.9269,12.0076,10.2559,10.4890,16.4769,11.8973,12.2055,16.8029,18.5828,14.6952,16.6329,12.1573,18.6741,11.8602,10.8950,12.7278,10.4198,12.5292,10.5324,11.8706,15.1314,14.5851,14.8222,8.0444,13.6757,12.1362,14.2703,16.0119,16.9863,16.2912,18.1415,14.4215,9.6982,11.5036,11.7541,12.2335,12.6359,15.4928,13.7100,13.0476,13.6126,11.2838,11.2460,10.6920,11.2012,10.1287,9.5980,10.9850,8.0232,8.4941,11.1706,9.0435,8.5801,8.2733,7.3586,6.8330,5.3753,5.9329,6.5827,6.9927,6.6610,6.1309,5.9248,9.6705,7.3033,7.4584,8.6691,9.1162,6.9623,8.8696,6.6369,6.7784,6.2623,4.4489,4.2987,5.3640,6.0458,5.6868,6.5401,5.5319,5.5858,5.0985,9.4219,7.1046,5.2332,5.3256,7.1761,4.9178,7.2280,7.2680,7.2697,7.5368,7.6965,7.8574,8.0102,8.1630,8.2906,8.3587,8.5160,8.7519,8.9132,8.9246,9.2071,9.3884,9.5646,9.7393,9.9158,10.0772,10.1673,10.3535,10.6042,10.7890,10.8235,11.1275,11.3325,11.5265,11.7196,11.9129,12.0939,12.2037,12.4125,12.6517,12.8438,12.8840,13.1849,13.3873,13.5754,13.7596,13.9412,14.1065,14.2162,14.4117,14.6121,14.7789,14.8064,15.0631,15.2315,15.3771,15.4914
45135.0416667,19.9748,25.2923,24.3457,26.3332,33.3810,22.7081,27.4880,21.7259,25.2045,20.8814,23.0453,22.2057,16.6670,21.4157,23.1310,22.1676,23.4723,22.3835,17.2363,18.0180,22.6497,17.7706,15.4891,18.5286,18.3299,23.7486,17.7716,15.4435,18.0372,15.2145,14.8528,13.2542,11.5164,12.8156,12.4936,12.0394,13.4857,13.4875,10.6761,14.0162,14.1096,13.1643,11.3397,12.4892,20.6334,14.1680,12.3543,12.3837,9.4518,8.8178,10.5165,11.6494,12.4229,12.7137,6.8077,10.1271,9.8490,10.3663,15.7617,12.9865,12.6833,11.5657,10.9802,10.9101,10.6498,11.0230,12.6676,12.9912,7.6388,7.8382,9.1845,9.0167,8.3750,7.4344,7.0158,10.2876,9.5126,9.4401,8.8798,12.9690,18.7962,17.1833,11.6383,8.8051,11.2942,10.5980,15.4716,13.5094,16.7146,10.1851,16.5470,20.2613,20.8410,19.1200,10.3756,12.6535,13.9503,12.8782,13.2069,11.3825,11.7078,18.0075,12.7098,12.8524,17.4007,18.9528,14.6762,16.8319,12.0861,19.5113,11.6795,10.6169,12.6292,10.0423,12.3250,10.0632,11.5553,15.0062,14.8813,15.1797,7.6674,13.8494,12.3152,14.8438,17.8785,19.1757,18.0781,20.0060,15.3454,9.8728,12.1342,12.6298,13.5639,14.4605,17.9647,16.0695,15.3597,16.3551,12.7365,13.0275,12.6935,13.9252,12.1544,11.2874,13.4246,9.3897,10.3379,13.9316,11.8314,10.8983,11.0252,9.9401,9.5932,9.1525,8.0103,9.0191,9.9907,9.0154,8.0015,7.8839,12.2372,9.8968,9.4421,10.6736,10.6845,8.4894,10.7398,8.4180,9.2435,8.5029,5.8057,6.0228,7.3714,8.0337,7.5098,7.6814,6.4576,6.3802,5.7431,10.0616,7.5695,5.5452,5.6113,7.5035,5.0715,7.4699,7.4931,7.5266,7.7441,7.8939,8.0479,8.1986,8.3506,8.4857,8.5802,8.7334,8.9377,9.0903,9.1400,9.3694,9.5290,9.6832,9.8346,9.9855,10.1249,10.2149,10.3682,10.5639,10.7152,10.7653,10.9959,11.1607,11.3187,11.4768,11.6360,11.7880,11.8933,12.0661,12.2607,12.4254,12.4898,12.7305,12.9073,13.0765,13.2452,13.4140,13.5739,13.6982,13.8816,14.0701,14.2378,14.3136,14.5439,14.7157,14.8701,14.9908
45135.0833333,19.7676,26.2351,24.6065,26.9398,35.0755,22.3034,27.8832,22.3686,25.9942,20.4645,23.2601,22.1662,16.0149,21.7371,24.2807,23.5993,25.7766,24.8545,18.5630,19.9100,25.8090,19.8867,16.8333,20.7961,20.4826,26.8596,19.9016,16.8573,20.9370,17.0056,18.4090,17.0289,15.9089,16.5046,16.3678,15.3362,16.8156,16.8956,13.2378,16.9153,16.9778,15.3944,13.5988,14.5924,22.8188,16.9367,14.2216,14.0698,10.7443,9.7890,11.6098,13.0305,13.7693,13.8025,7.2619,12.1818,11.5765,11.7946,16.6512,13.4235,12.9725,11.6380,11.6611,11.7990,10.9441,11.6341,13.5726,14.0307,8.7321,9.0011,10.5384,10.8257,9.9566,8.1759,7.1855,11.2392,10.3175,10.6742,9.9334,13.6146,18.4695,16.9416,11.0803,8.0722,10.9274,9.9726,15.0368,12.9632,16.1311,9.1163,16.0853,19.5816,20.1224,18.6953,9.4036,11.8539,13.2100,11.8007,12.3515,10.5256,10.9814,17.6986,12.4178,12.6197,17.3311,18.8559,14.3876,16.7653,11.9241,20.0752,11.3956,10.2161,12.2676,9.5091,11.8261,9.4097,10.9106,14.3926,14.5069,14.7769,6.8659,13.1686,11.6148,14.3598,18.3966,19.9482,18.4722,20.4883,15.0463,9.1215,11.6159,12.2686,13.5376,14.8481,19.0203,17.0074,16.2556,17.6641,12.9399,13.4818,13.3240,15.2268,12.8598,11.7503,14.5886,9.6495,10.9911,15.5420,13.4176,12.0789,12.5987,11.3332,11.2019,11.8608,9.1501,10.5970,12.2400,10.6603,9.2638,9.2499,14.4420,12.0376,11.0142,12.3220,11.9469,9.5958,12.1610,9.5786,10.9371,9.8675,6.2808,6.9014,8.8304,9.7308,9.1694,8.8052,7.3889,7.2248,6.4466,10.8576,8.1599,5.9597,5.9724,7.8728,5.2736,7.6621,7.5893,7.5551,7.6480,7.6994,7.7583,7.8204,7.8892,7.9531,7.9961,8.0854,8.2161,8.3186,8.3580,8.5244,8.6494,8.7756,8.9043,9.0362,9.1632,9.2594,9.3997,9.5698,9.7106,9.7836,9.9777,10.1272,10.2716,10.4152,10.5586,10.6963,10.8016,10.9512,11.1146,11.2573,11.3321,11.5245,11.6738,11.8180,11.9617,12.1058,12.2442,12.3592,12.5144,12.6736,12.8198,12.9053,13.0950,13.2461,13.3845,13.4930
45135.1250000,18.9465,26.3234,24.1625,26.8070,35.9668,21.4650,27.6946,22.3486,26.1512,19.6940,22.9647,21.6446,15.0475,21.2216,24.2311,23.5345,26.2418,25.3441,18.0913,19.9857,27.1972,20.4425,16.9208,21.8512,21.6451,29.1607,21.3893,17.8935,23.2998,18.4474,21.3215,20.0654,19.4356,19.3500,19.3886,17.8100,19.4060,19.6098,15.1085,19.4462,19.5310,17.3689,15.5777,16.4959,24.9467,19.5139,15.8729,15.6927,11.8636,10.6175,12.5713,14.2224,14.9270,14.7403,7.6008,13.9905,13.1058,13.0984,17.5802,13.9550,13.3863,11.8693,12.3568,12.6379,11.2405,12.1120,14.1611,14.5893,9.1568,9.5724,11.4052,12.2350,11.2381,8.7937,7.4008,12.1533,11.1101,11.8856,10.9866,14.3738,18.4177,16.9623,10.8740,7.7813,10.8398,9.6865,14.8211,12.6368,15.7096,8.4132,15.6386,18.8499,19.2525,17.9519,8.3332,10.7252,12.0107,10.3932,11.0131,9.1877,9.6462,16.4573,11.4201,11.6367,16.4204,17.9289,13.3763,16.0020,11.2008,20.0399,10.8325,9.6816,11.7708,8.9698,11.3005,8.8446,10.3373,13.8027,14.0903,14.3306,6.3084,12.4862,10.8980,13.6918,18.4134,20.0963,18.2503,20.3013,14.2860,8.2119,10.7459,11.4671,12.9215,14.5056,19.2059,17.0998,16.3226,18.0811,12.5507,13.2645,13.2341,15.6619,12.8466,11.5800,14.9490,9.3787,10.9664,16.3152,14.1592,12.5130,13.3708,11.9646,12.0223,13.6772,9.6375,11.4792,13.7859,11.6791,9.9532,10.0614,16.2023,13.6948,12.2096,13.6734,13.0010,10.4910,13.4336,10.5907,12.4786,11.0864,6.7071,7.5362,9.9683,11.1068,10.4982,9.6792,8.0820,7.8708,6.9900,11.6165,8.7310,6.3731,6.3758,8.3508,5.6024,8.0608,7.9487,7.8933,7.9228,7.9236,7.9288,7.9355,7.9461,7.9529,7.9455,7.9689,8.0199,8.0524,8.0433,8.1207,8.1718,8.2257,8.2838,8.3469,8.4102,8.4563,8.5358,8.6392,8.7273,8.7739,8.9062,9.0128,9.1199,9.2305,9.3446,9.4583,9.5533,9.6807,9.8196,9.9465,10.0294,10.1925,10.3276,10.4599,10.5923,10.7251,10.8541,10.9673,11.1070,11.2490,11.3819,11.4735,11.6344,11.7686,11.8922,11.9887
45135.1666667,17.9048,25.9186,23.3397,26.2170,36.2563,20.3777,27.0640,21.9332,25.8606,18.7139,22.3113,20.8229,13.9970,20.3227,23.6872,22.9792,26.0842,25.1403,17.1216,19.2825,27.4778,19.9610,16.0526,21.6372,21.4812,30.0247,21.5115,17.6904,24.3505,18.8107,23.1938,22.1842,22.1617,21.5020,21.7478,19.6799,21.4191,21.7536,16.4872,21.3632,21.5406,18.9158,17.1408,18.0672,26.8820,21.9135,17.4641,17.4100,13.1325,11.6509,13.7846,15.6435,16.3252,15.9474,8.2279,15.8648,14.6652,14.4329,18.6447,14.6349,13.9477,12.2649,13.1062,13.5023,11.6452,12.6629,14.8099,15.1609,9.3399,9.7854,11.8408,13.1398,12.0258,9.0688,7.3939,12.7603,11.6512,12.8350,11.8098,14.9956,18.3750,17.0003,10.7556,7.6317,10.8369,9.5619,14.7548,12.5052,15.5050,8.0739,15.4229,18.3836,18.6600,17.4532,7.7202,9.9902,11.1758,9.4479,10.0682,8.2756,8.6853,15.3535,10.5181,10.7006,15.4108,16.8407,12.2509,14.9658,10.2126,19.4439,9.9126,8.8173,10.9041,8.1502,10.4563,8.0482,9.5265,12.9530,13.3946,13.6513,5.7618,11.7496,10.1960,13.0015,18.2174,19.9943,17.8250,19.8662,13.4439,7.4150,9.8593,10.5746,12.0887,13.8115,18.8457,16.6505,15.8446,17.8586,11.7892,12.6117,12.6752,15.4713,12.3661,11.0270,14.7428,8.8325,10.5498,16.4553,14.2784,12.4217,13.5390,12.0468,12.2573,14.7287,9.6622,11.7974,14.6720,12.1320,10.2121,10.4167,17.4383,14.8116,12.9766,14.6113,13.7031,11.0414,14.3655,11.2854,13.7019,12.0501,7.0186,8.0342,10.9321,12.3185,11.6623,10.4473,8.6727,8.4218,7.4450,12.3245,9.2412,6.7221,6.7169,8.7806,5.8763,8.4277,8.2867,8.2168,8.2054,8.1754,8.1492,8.1247,8.1036,8.0806,8.0484,8.0376,8.0461,8.0426,8.0110,8.0382,8.0480,8.0599,8.0746,8.0929,8.1113,8.1182,8.1479,8.1943,8.2306,8.2394,8.3070,8.3581,8.4108,8.4671,8.5274,8.5891,8.6401,8.7152,8.8006,8.8806,8.9332,9.0430,9.1369,9.2318,9.3297,9.4307,9.5318,9.6249,9.7385,9.8561,9.9697,10.0573,10.1934,10.3127,10.4245,10.5121
45135.2083333,16.2649,24.7311,21.9252,25.0295,35.8647,18.9990,26.0383,21.2860,25.3422,17.7355,21.5640,19.9719,13.0836,19.4685,23.0468,22.2934,25.6680,24.6588,16.1073,18.4009,27.3411,19.2300,15.0763,21.0587,20.9160,30.2828,21.1136,17.0049,24.5846,18.4097,24.0295,23.2559,23.8700,22.7442,23.2741,20.8112,22.7739,23.3018,17.3497,22.6384,22.9298,19.8963,18.1333,19.1100,28.3923,23.9025,18.7686,18.6752,14.0921,12.4592,14.8089,16.9675,17.7383,17.2718,9.0129,17.8849,16.4507,16.0623,20.1339,15.7880,15.0012,13.1673,14.2765,14.7517,12.4797,13.5868,15.7764,16.0284,9.5991,9.9810,12.1950,13.8945,12.6535,9.1884,7.3251,13.1736,12.0044,13.5784,12.4612,15.5303,18.3768,17.0863,10.7308,7.5916,10.9018,9.5411,14.7830,12.4952,15.4429,7.9488,15.3760,18.1416,18.3304,17.2143,7.4763,9.6306,10.7344,8.9692,9.5794,7.8456,8.2120,14.6700,9.9192,10.0741,14.6613,16.0093,11.4450,14.1229,9.4365,18.7759,9.0644,7.9788,9.9963,7.3391,9.5506,7.2386,8.6488,11.9681,12.5111,12.7767,5.1601,10.8647,9.3805,12.1625,17.7504,19.6498,17.2667,19.3220,12.6674,6.8164,9.1346,9.8249,11.3392,13.1246,18.3604,16.0830,15.2319,17.3953,10.9833,11.8298,11.9291,14.9388,11.6560,10.2868,14.1800,8.1474,9.8972,16.1435,13.9733,11.9950,13.2963,11.7599,12.0882,15.1966,9.4157,11.7529,15.0818,12.2309,10.2078,10.4961,18.2776,15.5707,13.4811,15.2965,14.2231,11.4426,15.1142,11.8278,14.7056,12.8231,7.2535,8.5007,11.8064,13.4396,12.7452,11.1990,9.2646,8.9878,7.9297,13.1008,9.8274,7.1529,7.1489,9.3236,6.2623,8.9305,8.7705,8.6922,8.6531,8.6015,8.5523,8.5044,8.4590,8.4124,8.3600,8.3224,8.2984,8.2668,8.2169,8.2075,8.1870,8.1686,8.1530,8.1406,8.1291,8.1105,8.1080,8.1175,8.1209,8.1063,8.1320,8.1473,8.1641,8.1840,8.2070,8.2316,8.2495,8.2841,8.3262,8.3652,8.3864,8.4469,8.4974,8.5495,8.6046,8.6629,8.7225,8.7779,8.8486,8.9236,8.9976,9.0558,9.1484,9.2316,9.3111,9.3745
45135.2500000,14.6296,23.2454,20.2666,23.4761,34.8779,17.3555,24.5567,20.1191,24.2811,16.4191,20.4030,18.7931,12.0208,18.4225,22.1994,21.4768,25.0973,24.0650,15.1966,17.5502,27.0104,18.4555,14.1737,20.3583,20.2124,30.2115,20.5089,16.2142,24.4554,17.7738,24.3363,23.7194,24.8526,23.2708,24.0406,21.2174,23.3994,24.1318,17.5836,23.2716,23.6882,20.2992,18.5502,19.5929,29.3773,25.3608,19.5989,19.3860,14.5269,12.7641,15.2813,17.7287,18.6084,18.0831,9.3261,19.4408,17.8787,17.4133,21.4417,16.8394,16.0326,14.1187,15.5276,16.1391,13.5511,14.7900,17.0854,17.2597,10.1721,10.4203,12.7125,14.7048,13.3121,9.3883,7.3819,13.5766,12.3320,14.2530,13.0309,16.0058,18.3919,17.1657,10.7206,7.5838,10.9691,9.5512,14.8328,12.5182,15.4272,7.9023,15.3835,17.9937,18.1162,17.0917,7.3957,9.4667,10.5077,8.7243,9.3223,7.6510,7.9905,14.2414,9.4397,9.5803,14.0315,15.3121,10.8275,13.4610,8.9010,18.2164,8.4682,7.3941,9.2978,6.7563,8.8298,6.6293,7.9372,11.0869,11.6698,11.9179,4.6613,10.0011,8.5845,11.2734,17.0610,19.0471,16.5158,18.5769,11.8309,6.2429,8.4338,9.1088,10.6060,12.4157,17.7637,15.4549,14.5891,16.8538,10.2747,11.1185,11.2317,14.3344,10.9581,9.5840,13.5103,7.5057,9.2095,15.5831,13.4191,11.3689,12.7737,11.2230,11.6294,15.1966,8.9455,11.3808,15.0275,11.9541,9.8292,10.1924,18.5692,15.7893,13.4820,15.4619,14.2693,11.4159,15.4152,11.9985,15.3420,13.3212,7.3664,8.7652,12.4781,14.3881,13.6909,11.8731,9.8023,9.5173,8.3944,13.8725,10.4069,7.5762,7.5792,9.8805,6.6490,9.4620,9.2930,9.2149,9.1633,9.1029,9.0440,8.9858,8.9291,8.8716,8.8099,8.7580,8.7148,8.6664,8.6057,8.5722,8.5311,8.4915,8.4539,8.4186,8.3841,8.3452,8.3173,8.2975,8.2741,8.2394,8.2323,8.2185,8.2065,8.1974,8.1912,8.1868,8.1788,8.1827,8.1921,8.2002,8.1974,8.2216,8.2397,8.2597,8.2826,8.3084,8.3360,8.3615,8.3979,8.4376,8.4774,8.5075,8.5616,8.6097,8.6566,8.6943
45135.2916667,12.3819,20.8559,17.7267,20.7922,32.3386,14.4508,21.4840,17.6048,21.8021,13.8642,17.8077,16.2212,9.7514,16.0533,19.9603,19.3477,23.1628,22.1551,13.2554,15.7646,25.5610,16.7594,12.5704,18.8406,18.6937,28.9948,18.8451,14.5629,23.2758,16.3313,23.6908,23.2376,24.8356,22.7816,23.6501,20.4763,22.7309,23.5418,16.5377,22.5054,22.8418,19.0866,17.2832,18.3683,28.5975,25.0449,18.8289,18.6015,13.6523,11.8501,14.4788,17.0877,17.9885,17.3447,8.2288,19.4747,17.9164,17.3872,21.2982,16.3352,15.4246,13.4262,15.1806,16.1072,13.3994,14.8909,17.4365,17.6651,10.5565,10.8174,13.1141,15.2267,13.6385,9.3527,7.2740,13.5487,12.1097,14.2421,12.7927,15.5099,17.4083,16.0239,9.4294,6.3147,9.6353,8.2429,13.5175,11.1855,14.0557,6.6120,14.0111,16.4951,16.5751,15.6556,6.1769,8.2452,9.2430,7.5034,7.9790,6.3745,6.6943,12.6945,8.1502,8.2502,12.4965,13.6510,9.2723,11.9047,7.6715,17.0005,7.4502,6.5234,8.3398,5.9218,7.8262,5.7423,6.9056,9.8144,10.3143,10.5015,3.7192,8.6812,7.3264,9.8844,15.6626,17.6578,14.9704,16.9271,10.1753,4.9718,7.0604,7.7509,9.2308,11.0255,16.3618,14.0588,13.2218,15.5396,8.9559,9.8143,9.9980,13.1446,9.7633,8.4312,12.2679,6.4309,8.0975,14.4322,12.2287,10.1500,11.6169,10.1418,10.6289,14.5136,8.0366,10.4675,14.1769,10.9025,8.7324,9.0471,17.7618,14.7930,12.2787,14.3188,13.0224,10.0628,14.3016,10.8236,14.6122,12.6203,6.5557,8.1073,12.1778,14.3617,13.6574,11.6440,9.4165,9.1385,7.9497,13.6901,9.9858,6.9895,6.9613,9.3415,5.9863,8.8974,8.6907,8.5743,8.5288,8.4457,8.3646,8.2844,8.2132,8.1441,8.0803,8.0453,8.0185,7.9535,7.8615,7.8378,7.7752,7.7095,7.6456,7.5875,7.5356,7.4751,7.4547,7.4418,7.3949,7.3211,7.3158,7.2725,7.2246,7.1800,7.1413,7.1097,7.0693,7.0690,7.0725,7.0501,7.0007,7.0195,7.0013,6.9788,6.9600,6.9473,6.9408,6.9297,6.9532,6.9768,6.9831,6.9637,7.0101,7.0207,7.0251,7.0267
45135.3333333,9.0279,17.2495,14.3131,17.2789,28.8921,11.2636,17.8640,14.2659,18.3856,10.6525,14.2380,12.6496,6.5465,12.3112,16.1172,15.5866,19.4981,18.5711,9.9143,12.4742,22.4924,13.6557,9.7780,15.9910,15.9010,26.5337,16.1486,11.9347,20.8958,13.7682,21.6533,21.3611,23.4218,21.1480,22.1660,18.7727,21.1019,21.8857,14.4732,20.7792,20.9287,16.9710,14.9770,16.0910,26.5819,23.1155,16.5014,16.3625,11.3382,9.6256,12.3431,14.9706,15.8992,15.2226,6.0505,17.7116,16.1624,15.6649,19.5955,14.4934,13.5011,11.4279,13.1689,14.2902,11.5541,13.2036,16.0479,16.5150,9.9124,10.5854,13.0923,15.3468,13.6136,8.9402,6.9804,13.2709,11.5648,13.8048,12.1233,14.6547,16.3325,14.8164,8.1603,5.0625,8.0127,6.6181,11.6346,9.2075,11.9022,4.7456,11.6819,13.9867,13.9488,12.9390,3.8645,5.7683,6.7080,5.2309,5.4624,3.9837,4.2233,9.8522,5.8096,5.8936,9.8868,10.9383,6.7664,9.3758,5.4726,14.6472,5.5030,4.8154,6.6287,4.4611,6.2272,4.3669,5.4197,8.1537,8.5820,8.7037,2.4636,6.9669,5.6258,8.0053,13.5393,15.5025,12.7461,14.6112,7.9397,3.1904,5.0303,5.6460,7.0311,8.7553,13.9928,11.7642,11.0137,13.3805,7.0212,7.7966,7.9962,11.1617,7.8959,6.6940,10.3772,4.8760,6.4283,12.6386,10.4712,8.4231,9.8849,8.4779,9.0348,13.0603,6.6845,9.1539,12.8278,9.4540,7.3529,7.4897,16.3763,13.2082,10.6286,12.6818,11.4065,8.3649,12.5511,9.0098,12.8365,10.8302,4.8789,6.3559,10.5700,13.0299,12.3831,10.3957,8.0821,7.8906,6.7027,12.6492,8.8310,5.8160,5.7217,8.0804,4.8137,7.7224,7.4698,7.2251,7.2358,7.1046,6.9745,6.8394,6.7155,6.5594,6.4057,6.3722,6.4186,6.3214,6.1091,6.1555,6.0648,5.9662,5.8687,5.7811,5.7001,5.5420,5.5367,5.6062,5.5380,5.3521,5.4246,5.3638,5.2887,5.2161,5.1516,5.0951,4.9594,4.9729,5.0417,4.9971,4.8362,4.9233,4.8826,4.8276,4.7752,4.7306,4.6897,4.5809,4.6186,4.6503,4.6332,4.5052,4.6158,4.6022,4.5739,4.5480
45135.3750000,5.1269,12.8991,10.4629,13.1834,24.2502,7.7828,13.2978,9.7309,14.0523,6.7471,9.5553,7.8407,2.1586,6.7674,10.1458,10.0999,13.9240,12.9511,4.7666,7.1297,17.1768,8.1563,5.0022,11.2260,11.4067,21.8440,11.5971,7.3112,16.6468,9.4440,17.9282,17.9333,20.1942,17.5603,18.6131,14.6404,17.6913,18.5946,11.1796,18.0791,17.5368,13.9234,11.2579,12.7061,23.4039,19.5785,12.4805,12.4791,7.6260,6.1846,9.2788,11.4683,12.2104,11.4392,2.3289,13.6283,12.1994,12.1292,15.8072,11.0252,9.7988,7.6269,8.9311,10.5793,8.3325,10.0337,13.1730,13.2677,7.0759,9.0530,12.0030,14.2677,12.6171,7.4415,6.1912,12.2709,10.0402,11.9119,10.0351,12.2781,14.5454,12.6070,5.6836,2.4770,4.4622,3.6185,8.7691,6.5329,9.2638,2.5480,9.0741,10.8247,10.2216,9.0324,0.3483,2.0027,2.8006,2.1616,1.5302,0.0993,-0.0657,5.0224,1.7728,1.8024,5.4655,6.4433,2.3049,5.1760,1.8110,10.9130,2.3788,2.1993,4.1615,2.3282,3.9182,2.7055,3.2107,5.5377,5.7601,5.7011,0.0441,4.3812,2.9543,5.4381,10.4301,12.5498,9.9008,11.6187,4.9191,0.5903,2.1835,2.6139,3.8362,5.4001,10.2076,8.3730,7.9252,10.3557,4.2380,4.8387,5.0974,8.3558,5.2316,4.2963,7.6787,2.7618,4.2434,9.9227,7.7270,5.6120,7.2403,6.2030,7.0389,11.0466,5.0949,8.0111,11.2154,7.3985,5.6283,5.1231,14.4889,10.6970,8.1465,10.0023,9.1760,5.9834,9.7073,6.4587,9.8207,7.8913,2.3732,3.8222,7.8894,10.5929,9.8058,8.1796,5.4631,5.6018,4.3385,10.5956,6.5602,3.5227,3.0145,5.3535,2.4746,5.6940,5.3298,4.5553,5.0579,4.8210,4.5955,4.3635,4.1643,3.9688,3.3632,3.5047,4.1130,3.9615,3.2420,3.7760,3.5770,3.3651,3.1597,2.9851,2.8541,2.2479,2.4085,2.9796,2.8553,2.1544,2.7257,2.5689,2.3860,2.2134,2.0685,1.9711,1.4056,1.6162,2.1000,2.0133,1.3520,1.9356,1.8171,1.6722,1.5351,1.4198,1.3312,0.7994,1.2700,1.2771,1.2399,0.6418,1.2527,1.1800,1.0776,0.9901
45135.4166667,-2.9491,4.2150,3.0685,5.4745,18.7363,2.3617,5.2604,1.5653,7.2983,1.1744,3.4768,1.7408,-3.3822,0.3590,2.2403,2.1652,5.7975,4.8816,-2.3422,-0.8560,10.2037,0.5326,-2.0136,3.9887,5.3708,14.2718,4.3091,-0.9471,9.4647,2.1883,10.6562,11.6877,14.6090,12.2379,12.9435,8.2495,11.2018,10.9393,4.1207,12.9587,11.0222,7.9788,3.7039,5.5627,17.9235,13.2600,6.4909,5.8483,2.3054,0.8341,5.1638,6.6962,7.2303,6.5884,-2.0317,7.5133,5.2962,6.8562,9.5757,4.6792,3.3732,1.2609,0.9212,3.0236,2.2261,3.7889,8.4872,8.5347,1.6997,5.0249,9.4397,11.1664,10.4596,4.5677,4.7769,10.9886,7.8878,10.3354,5.6832,7.7558,13.0836,10.0440,2.7951,-0.4671,-1.1813,-1.5680,3.1862,0.7808,3.5728,-1.7854,4.0437,5.5441,4.0692,2.9442,-4.9712,-3.3286,-2.4618,-1.3519,-3.2997,-4.7411,-5.6373,-1.2723,-4.3495,-4.3158,-1.0939,-0.4705,-4.8664,-2.4857,-5.1983,4.5579,-3.2507,-2.5836,0.1743,-1.9351,-1.2875,-0.7679,-0.8185,2.1078,2.1146,1.8738,-3.8861,0.4360,-1.8744,1.0092,4.4839,6.7984,5.0678,7.4403,0.9580,-2.7757,-1.3307,-1.1890,-0.1188,1.2732,5.2087,2.3227,2.3863,5.9519,0.4406,0.3667,0.6631,4.1372,1.4714,0.6692,2.9410,-1.3887,0.6107,7.0191,4.3187,1.0597,2.9130,1.5693,2.9678,7.1696,1.9239,6.3453,9.2343,4.2349,3.9542,2.4874,12.5726,8.1590,5.4231,5.6504,5.7780,2.6383,5.5339,3.3221,5.7309,3.8610,-1.0976,0.2108,3.5413,7.0103,6.1627,5.4323,1.7099,2.8284,1.5394,8.4126,4.1685,1.1028,0.0500,0.8922,-1.2416,2.7662,2.3110,0.1912,2.0606,1.7920,1.5356,1.2607,1.0222,0.7845,-1.1293,-0.8831,1.0400,0.8683,-1.1969,0.6701,0.4379,0.1758,-0.0888,-0.3204,-0.5085,-2.3950,-2.0809,-0.3392,-0.4847,-2.4805,-0.6329,-0.8182,-1.0526,-1.2835,-1.4890,-1.6606,-3.5038,-2.3872,-1.9290,-2.0232,-3.9150,-2.0861,-2.2237,-2.4057,-2.5776,-2.7208,-2.8392,-4.4125,-2.9192,-2.8929,-2.9363,-4.6998,-2.9341,-3.0165,-3.1497,-3.2656
45135.4583333,-11.0408,-5.5292,-4.4844,-3.8950,9.8881,-5.5979,-3.5690,-8.9580,-1.1235,-5.4037,-4.1618,-4.1781,-8.6595,-6.1355,-4.9371,-5.5172,-2.4241,-3.4522,-9.3846,-9.6944,2.2586,-8.3024,-9.3828,-5.9438,-2.3524,6.6063,-3.0282,-8.9293,1.4730,-6.3926,1.8092,2.5443,7.0751,6.8942,8.0403,3.4653,5.9935,2.7304,-4.9999,6.0082,4.2413,1.4623,-5.1790,-3.0862,12.6271,5.4744,-0.8547,-2.6195,-4.6359,-6.3020,-0.1706,0.7531,1.3721,1.3418,-6.4126,1.5397,-1.0742,2.6931,6.0922,0.5447,-1.2379,-3.6351,-6.9594,-5.2381,-4.8844,-3.8886,1.6457,2.3005,-4.3697,-0.2718,5.4435,5.8782,6.7195,0.8959,2.4918,9.7056,5.8392,9.5015,1.5365,3.7570,13.1266,8.9338,1.3803,-1.9184,-6.2569,-6.2882,-1.8403,-5.8827,-0.5740,-5.7484,-0.8371,0.4031,-1.1790,-3.4188,-10.3442,-9.1235,-8.3765,-5.1543,-8.6593,-10.0105,-11.0178,-7.8486,-11.0037,-10.8114,-8.0717,-7.6792,-11.5465,-10.8644,-13.9540,-4.4125,-11.2870,-10.1568,-5.8372,-7.2333,-8.3656,-5.5118,-6.7735,-2.3089,-2.4224,-2.8495,-8.1279,-4.2796,-6.4481,-4.2508,-3.3533,0.2422,-1.6072,1.3736,-4.7039,-7.4756,-5.7764,-5.7633,-4.0618,-1.7813,2.4717,-2.1902,-3.5922,0.0879,-3.8967,-4.5733,-5.8704,-1.1690,-3.4233,-3.9709,-1.6812,-6.4358,-4.7395,2.5295,-0.9057,-3.8820,-1.1176,-3.3419,-2.1632,2.1774,-1.7980,4.1307,6.1911,0.9244,0.8505,-1.6383,9.3547,4.7641,2.0924,0.0381,1.2911,-1.3133,0.8256,-1.3642,0.1686,-1.2770,-5.3581,-4.0834,-1.8803,2.6219,1.8088,2.2036,-2.5360,-0.4532,-1.6213,5.9186,1.6451,-1.2202,-2.0409,-3.6718,-3.6776,-0.3923,-0.9364,-4.4481,-1.3040,-1.5378,-1.7596,-2.0148,-2.2677,-2.6781,-5.5471,-5.8104,-3.5810,-3.6472,-7.0255,-3.5881,-3.6786,-3.8039,-3.9431,-4.0870,-4.3418,-7.0281,-6.7332,-5.0240,-5.0554,-8.4885,-4.9760,-5.0314,-5.1481,-5.2713,-5.4002,-5.6129,-8.0777,-6.5776,-6.1330,-6.1488,-9.4214,-6.0836,-6.1374,-6.2616,-6.3988,-6.5455,-6.7813,-8.9718,-7.3531,-7.2983,-7.3311,-10.4036,-7.2940,-7.3305,-7.4276,-7.5149
45135.5000000,-20.2613,-16.7297,-11.1855,-9.8292,3.1310,-10.9195,-10.2282,-18.1865,-8.6574,-11.1105,-14.9833,-11.4152,-14.7016,-11.6577,-11.0580,-11.9338,-9.4025,-10.5114,-14.8747,-17.8363,-5.4893,-16.7811,-14.4805,-14.8772,-9.0080,-0.6257,-9.6632,-16.7795,-6.2760,-15.0156,-7.8285,-9.0613,-4.0087,-4.3131,-0.0634,-3.5628,-0.0238,-2.5666,-11.8336,0.8329,-1.1304,-3.8413,-13.5733,-11.6894,7.5077,-2.5617,-8.1761,-11.2669,-12.1548,-14.0442,-5.8608,-5.6595,-5.0022,-4.3935,-12.4480,-6.9704,-8.5265,-3.3359,2.5802,-2.9473,-4.6152,-6.7963,-13.2688,-11.7551,-10.7274,-9.7058,-3.3871,-3.5670,-12.4040,-6.4489,0.7891,-0.4867,0.5295,-3.8102,-1.6322,7.6904,3.4204,8.7476,-2.7308,-0.7207,13.9648,8.7252,0.8929,-2.4229,-10.6986,-9.9563,-2.7468,-9.5860,-2.5568,-7.5639,-3.7482,-2.8849,-4.7085,-8.2505,-14.0165,-13.4039,-12.8578,-7.3799,-12.5133,-13.7612,-15.0014,-13.3245,-16.4202,-16.1930,-14.2219,-14.1802,-17.3821,-17.2672,-21.2730,-13.4653,-19.5024,-17.3038,-12.0854,-12.8169,-16.6144,-11.9147,-15.4681,-9.1129,-9.0478,-9.3516,-13.2514,-9.9884,-11.6295,-9.8872,-10.0641,-7.3486,-8.8893,-5.1129,-10.5111,-12.4138,-11.2401,-12.5304,-11.8668,-9.8564,-5.3672,-7.5465,-7.9905,-5.5229,-8.2177,-9.1365,-10.4301,-6.4909,-8.4391,-8.8060,-6.7151,-10.6021,-9.5415,-2.0319,-8.3520,-10.1135,-8.0424,-8.6896,-8.1405,-4.9686,-6.7598,0.8169,2.3693,-1.0781,-1.9030,-5.3626,6.3169,1.6942,-0.7307,-4.2732,-2.4916,-2.7564,-1.8983,-5.0136,-5.3585,-6.7552,-9.3675,-8.7823,-8.7605,-3.4806,-3.8727,-1.8217,-7.4608,-3.7756,-4.6896,3.3952,-0.7762,-3.3358,-4.0740,-5.4402,-5.0508,-3.4234,-3.9760,-9.1927,-4.1588,-4.4133,-4.6648,-4.9580,-5.2459,-5.6819,-7.8887,-8.1506,-6.5778,-6.6966,-11.9027,-6.7925,-6.9608,-7.1770,-7.4132,-7.6502,-7.9856,-10.0927,-9.9820,-8.7821,-8.8675,-13.9527,-8.8974,-8.9873,-9.1435,-9.3035,-9.4604,-9.6872,-11.5613,-10.5495,-10.1839,-10.2026,-14.9651,-10.1567,-10.1988,-10.3145,-10.4385,-10.5631,-10.7661,-12.3818,-11.2492,-11.1541,-11.1671,-15.5821,-11.1349,-11.1657,-11.2686,-11.3623
45135.5416667,-28.0755,-27.0961,-18.4871,-16.4867,-4.4209,-16.5435,-17.1984,-26.7077,-15.3897,-15.7568,-20.0861,-18.3507,-20.5893,-18.1607,-18.0517,-18.8919,-16.6114,-17.3072,-19.5996,-22.8800,-11.9647,-24.4948,-19.0827,-23.3075,-15.2418,-7.2682,-15.2390,-22.3729,-12.0055,-21.6468,-13.1967,-15.8642,-11.1405,-9.8165,-6.7188,-10.0942,-7.4721,-10.3453,-20.8804,-6.1994,-7.6267,-9.5752,-21.8765,-20.7877,0.8761,-10.7552,-14.7888,-15.8329,-18.2783,-20.4014,-11.8930,-12.8545,-12.2197,-10.8459,-18.3066,-17.0711,-17.5670,-11.1103,-1.6355,-6.9443,-8.4336,-10.3378,-19.8778,-18.9514,-17.1656,-16.3953,-9.3010,-9.0004,-19.5816,-12.5302,-4.4182,-9.0610,-8.7967,-11.3327,-7.7212,2.8764,-0.8442,5.4963,-6.6530,-4.8484,15.2544,9.0672,0.9427,-2.4347,-14.6475,-12.7433,-5.4987,-14.5259,-6.3420,-10.5423,-6.8884,-5.6201,-7.0265,-11.2184,-15.4588,-15.1756,-14.7249,-7.1788,-13.7708,-14.9484,-16.4796,-16.3766,-19.4922,-19.3004,-18.2468,-18.6431,-21.1865,-21.9958,-27.0983,-21.5904,-26.1152,-22.7367,-17.3948,-15.5309,-18.9322,-14.6421,-21.2792,-14.2565,-15.2816,-14.2291,-16.9428,-15.5568,-17.1043,-16.1394,-16.2038,-13.4171,-15.0566,-10.9347,-15.6048,-16.2242,-15.5896,-16.3612,-18.2757,-17.3623,-10.7141,-14.2449,-14.5533,-11.3044,-12.9143,-14.2203,-15.2017,-11.6379,-12.8572,-12.8331,-11.0347,-13.8052,-13.3122,-5.8862,-14.8898,-15.7471,-14.8771,-14.9788,-13.7729,-12.4381,-11.6693,-2.8705,-2.1021,-3.9114,-4.9546,-9.4094,2.4425,-3.1495,-4.3448,-7.0250,-4.1871,-5.5757,-5.8161,-9.2751,-11.2604,-12.1798,-12.8219,-12.7240,-13.2915,-9.2437,-9.8837,-6.8026,-12.8608,-9.1300,-9.6212,-1.2977,-5.0122,-6.9252,-7.3630,-7.7681,-7.0195,-6.5853,-7.2061,-12.9964,-7.9018,-7.9527,-8.0018,-8.0943,-8.1834,-8.4221,-9.9720,-10.0787,-8.8826,-9.1352,-14.9355,-9.9692,-10.0608,-10.1916,-10.3297,-10.4559,-10.6692,-12.2037,-12.0896,-11.1885,-11.4301,-17.0504,-12.2169,-12.2685,-12.3811,-12.4868,-12.5782,-12.7289,-14.1104,-13.3836,-13.0848,-13.2681,-18.5269,-13.9479,-13.9554,-14.0253,-14.0876,-14.1345,-14.2459,-15.3932,-14.5464,-14.4219,-14.5424,-18.7430,-15.0862,-15.0819,-15.1537,-15.2210
45135.5833333,-25.3247,-26.5133,-16.8988,-14.2715,-3.0384,-13.1920,-15.9830,-28.8435,-17.2715,-15.8221,-20.3480,-19.7563,-21.1314,-20.5276,-21.2314,-22.3658,-20.9228,-21.6474,-22.1048,-25.9280,-16.1134,-28.9703,-20.9762,-29.2830,-19.2683,-11.3493,-20.5466,-26.4026,-15.4714,-25.8285,-20.2533,-22.5942,-17.1677,-10.2061,-9.7124,-9.4678,-6.8781,-10.1608,-22.1377,-7.1992,-8.7340,-10.4105,-24.9559,-21.0087,-1.4186,-16.4653,-19.6153,-18.9022,-22.0382,-23.2008,-15.1885,-16.7027,-15.9628,-13.8891,-20.1434,-24.7577,-24.9359,-18.9451,-5.6313,-10.1583,-11.1529,-12.5029,-24.3841,-24.3507,-22.0369,-17.6623,-11.7926,-12.7944,-25.4761,-17.6784,-8.6984,-10.4468,-9.3677,-17.0677,-11.8432,-3.0501,-6.7901,-3.5462,-13.7757,-11.3029,13.4250,7.5939,0.0805,-2.7895,-17.1578,-11.4828,-4.6675,-11.9176,-4.8358,-8.4093,-5.5898,-4.3952,-5.8058,-10.9583,-13.9763,-14.3735,-14.3104,-5.1527,-12.6669,-13.7117,-15.3573,-16.3720,-16.4364,-16.3890,-16.1562,-17.0274,-19.1507,-21.2077,-26.8291,-25.5725,-29.5713,-25.7181,-23.1922,-17.5159,-20.3248,-15.9827,-24.8100,-17.3087,-21.2340,-16.3636,-17.1119,-17.2763,-18.3878,-18.2559,-22.6222,-17.6266,-18.4808,-13.6790,-17.2014,-16.2353,-18.7841,-17.8617,-21.6747,-22.1117,-13.3351,-17.1554,-20.2797,-14.8023,-14.6728,-16.1180,-16.9046,-13.3472,-13.6554,-13.8581,-13.1060,-15.0052,-14.9214,-7.9037,-18.9438,-19.0040,-16.6952,-18.4144,-17.9920,-19.4863,-16.0053,-6.5506,-6.2413,-6.3323,-6.9579,-11.9180,0.0270,-5.7714,-5.2006,-6.6648,-2.6421,-4.7751,-5.9400,-9.8024,-13.8625,-14.9311,-14.0255,-14.2034,-15.7627,-12.6946,-13.1599,-8.7554,-13.3106,-10.8922,-11.2439,-3.5647,-6.7109,-7.9724,-8.4143,-8.5683,-7.3340,-8.0573,-8.6795,-12.8903,-9.2609,-9.3128,-9.3674,-9.4726,-9.5698,-9.8043,-11.0095,-11.0446,-10.0631,-10.2174,-14.3669,-10.7749,-10.7925,-10.8673,-10.9661,-11.0638,-11.2517,-12.4563,-12.3543,-11.6174,-11.7991,-15.8617,-12.4177,-12.4571,-12.5804,-12.7134,-12.8427,-13.0328,-14.1726,-13.6915,-13.4388,-13.6120,-17.4515,-14.2164,-14.2486,-14.3624,-14.4814,-14.5929,-14.7699,-15.7265,-15.1671,-15.0702,-15.1971,-18.2903,-15.6781,-15.6744,-15.7485,-15.8101
45135.6250000,-18.6420,-20.3650,-11.7702,-8.8364,2.2420,-5.6082,-8.5008,-22.2848,-10.9537,-8.0064,-12.1925,-11.7511,-12.4463,-13.9598,-15.6837,-17.3264,-17.1329,-18.3056,-17.5214,-22.2402,-14.5104,-26.1711,-17.5738,-25.7367,-18.0909,-11.4620,-21.2479,-25.4591,-17.5947,-24.7066,-23.1628,-25.8120,-21.6493,-14.1347,-11.6373,-10.1401,-3.7033,-5.0027,-16.0603,-1.1491,-2.0464,-2.8697,-16.4908,-12.1540,4.3549,-12.7109,-15.2565,-14.0283,-17.5130,-16.6126,-11.1658,-13.8541,-13.6403,-11.4793,-15.6929,-25.8311,-26.2942,-21.4624,-6.5202,-9.6156,-9.9060,-10.5466,-23.3277,-24.3286,-21.3246,-18.4230,-13.0681,-11.1495,-25.2160,-19.0024,-10.6894,-13.3734,-11.3163,-15.1974,-7.6656,-1.3957,-4.9208,-3.9290,-12.7604,-6.7042,16.4318,10.9646,3.9443,1.3001,-10.1376,-6.0535,-0.4002,-6.4329,-0.1630,-2.8902,-0.0421,1.9453,1.4439,-3.5227,-7.0404,-5.9211,-5.4313,3.8667,-3.1516,-4.0230,-5.6676,-7.2333,-8.3879,-8.6611,-7.8805,-8.5891,-10.0689,-12.7809,-18.1262,-20.7997,-23.0321,-21.2989,-21.4053,-16.3605,-18.0607,-13.2208,-20.5730,-15.8590,-21.5275,-18.1367,-14.8242,-16.5080,-17.0127,-16.9176,-21.1046,-17.7754,-18.0066,-13.0151,-15.0773,-13.6724,-15.7741,-16.6961,-20.5670,-21.6824,-13.2015,-16.4864,-19.0135,-15.0291,-13.6336,-15.3063,-16.1753,-14.3400,-13.3670,-11.2364,-10.4162,-10.8255,-12.2248,-5.4331,-16.0065,-15.6640,-15.0824,-16.0534,-16.2049,-20.0296,-14.8994,-6.8833,-7.0823,-6.1227,-6.0621,-10.7280,-0.1841,-6.4662,-3.8196,-4.0979,0.4560,-1.7338,-2.7623,-7.3524,-10.8492,-11.6040,-9.6164,-10.7599,-13.3357,-11.2913,-12.7398,-6.6488,-9.6763,-7.7826,-7.7854,-1.1667,-3.4857,-4.1242,-4.4888,-4.5785,-3.0878,-4.0022,-4.4583,-7.5846,-4.8346,-4.8318,-4.8467,-4.9358,-5.0224,-5.2742,-6.3195,-6.3137,-5.4406,-5.5742,-8.7329,-6.0807,-6.0926,-6.1748,-6.2848,-6.3887,-6.5907,-7.6505,-7.5488,-6.8598,-6.9990,-10.0734,-7.5108,-7.5087,-7.6096,-7.7223,-7.8296,-8.0052,-8.9934,-8.6190,-8.3048,-8.4344,-11.3552,-8.9576,-8.9673,-9.0832,-9.2112,-9.3337,-9.5351,-10.3817,-9.9809,-9.8556,-9.9835,-12.4072,-10.4731,-10.4794,-10.5816,-10.6603
45135.6666667,-14.8347,-16.7620,-9.3173,-7.0008,3.2863,-3.0251,-5.7289,-17.7199,-6.9878,-3.4555,-6.6999,-5.9690,-6.0150,-8.8122,-10.2940,-11.2467,-11.0203,-11.8851,-10.1841,-14.6642,-9.0727,-19.1257,-11.1572,-19.0549,-13.0225,-8.4035,-17.3281,-20.0197,-15.7792,-20.9087,-22.3718,-25.2843,-22.7945,-15.9178,-13.9768,-12.5417,-5.9039,-6.4942,-15.3303,-0.7658,-0.9082,-0.6358,-12.0665,-7.1731,8.6439,-6.8034,-8.0930,-6.7899,-9.7504,-8.8846,-4.4565,-7.4423,-7.6182,-5.7920,-8.5149,-20.9302,-21.5267,-17.6957,-4.1258,-6.9682,-7.5442,-8.1665,-20.6441,-21.8716,-18.6607,-17.0171,-13.1759,-10.9050,-22.9305,-17.9612,-11.2080,-15.0160,-12.9036,-14.8196,-6.9716,-2.7973,-5.5164,-5.1464,-12.0978,-5.1537,16.1173,11.1792,4.6846,2.3215,-6.2336,-2.6801,2.7832,-2.0137,3.8896,1.5578,4.3659,7.4570,7.3971,2.7925,-0.9167,0.9197,1.5280,9.7250,3.4780,2.5488,1.2314,0.1654,-0.7023,-1.8596,-0.3811,-0.9442,-2.1650,-4.8258,-9.0544,-12.6921,-13.1905,-11.6364,-12.8257,-8.5127,-10.9594,-6.3209,-12.7290,-10.2961,-16.4473,-14.3433,-9.7232,-13.1301,-14.4051,-14.7972,-19.9213,-16.8274,-16.3025,-11.6477,-12.4676,-10.2585,-12.4649,-13.5377,-16.9230,-18.5329,-12.0122,-15.0882,-16.9133,-14.1222,-11.1479,-12.6815,-13.7993,-13.2632,-11.8460,-9.3700,-9.4114,-9.0682,-10.8921,-5.3572,-14.5037,-13.5233,-13.3524,-13.2834,-13.3547,-17.6998,-11.5773,-5.2676,-6.0255,-4.7620,-4.4024,-8.6163,0.0251,-6.3133,-3.0211,-2.7903,1.5545,-1.4717,-1.1749,-5.6399,-8.3249,-8.4436,-5.7078,-6.3733,-9.3658,-8.2333,-10.1673,-3.9210,-6.2077,-4.8514,-4.8094,0.7327,-1.2679,-1.8173,-2.1933,-2.2213,-1.0856,-1.6398,-1.9228,-4.2275,-1.9867,-1.8181,-1.6594,-1.5815,-1.5038,-1.6188,-2.4196,-2.2625,-1.3405,-1.3399,-3.7124,-1.6157,-1.5359,-1.5445,-1.5951,-1.6496,-1.8246,-2.7672,-2.6623,-2.0028,-2.1101,-4.5134,-2.5695,-2.5470,-2.6400,-2.7474,-2.8498,-3.0301,-3.9343,-3.6563,-3.3132,-3.4177,-5.7120,-3.8913,-3.8746,-3.9737,-4.0855,-4.1913,-4.3864,-5.1370,-4.8271,-4.6579,-4.7584,-6.6964,-5.2067,-5.1902,-5.2831,-5.3599
45135.7083333,-13.0207,-15.3069,-7.1237,-5.1329,2.9781,-0.3485,-2.8359,-14.5730,-4.3020,-0.6648,-5.0403,-3.0800,-3.5518,-5.6954,-7.4349,-8.3886,-8.1825,-8.7460,-6.7431,-10.6600,-5.8034,-12.9610,-5.5183,-12.1515,-8.4078,-3.1080,-11.7295,-13.8674,-11.9572,-15.9687,-19.2578,-22.4801,-21.4865,-15.1236,-13.7121,-12.4756,-5.8406,-6.6401,-14.9764,-1.5855,-2.0962,-1.7868,-11.3999,-7.3116,7.7484,-6.7151,-6.7984,-4.5018,-6.6343,-4.5381,-1.1772,-3.7977,-3.7050,-1.7577,-4.3373,-16.6623,-16.7998,-13.4675,-0.2475,-2.3549,-3.1095,-3.9332,-16.2623,-18.1175,-14.2684,-14.9352,-12.3704,-10.8434,-21.4149,-16.9339,-11.3645,-14.8730,-14.4859,-15.0186,-6.7000,-4.4295,-6.9817,-7.7675,-12.9263,-5.1767,14.1993,9.3537,3.0421,0.7243,-5.9331,-3.3874,1.5334,-2.6718,2.6532,0.1787,1.8389,7.0552,7.5549,3.3988,-1.1145,1.9796,3.1237,10.7129,5.2577,4.2940,3.4867,3.7358,2.6794,2.0648,3.7574,4.2427,2.7408,0.4173,-3.7650,-6.8030,-6.8618,-5.1098,-5.9909,-2.4373,-4.4058,0.1532,-5.0584,-2.9258,-9.3551,-8.0272,-3.6216,-6.6599,-8.8956,-9.5053,-16.1913,-14.1772,-14.0080,-10.0822,-10.5642,-8.5909,-10.8796,-11.5839,-15.1579,-16.9506,-11.2873,-14.1086,-15.3950,-13.5622,-10.2276,-11.7828,-13.2782,-12.8053,-11.0801,-8.2049,-8.4674,-7.8856,-9.4535,-4.4551,-13.0911,-11.8914,-12.1367,-11.7327,-11.6162,-16.1045,-8.6343,-5.1046,-5.2411,-4.0593,-2.6084,-5.9463,1.8239,-4.2503,-1.2534,-0.6099,3.3354,-1.7129,-0.0378,-5.0362,-7.5159,-7.4346,-4.9218,-4.9120,-7.2595,-6.3486,-7.8824,-2.0453,-3.9567,-2.9779,-2.9927,2.2716,0.3315,-0.4061,-0.8146,-0.6155,-0.0133,-0.2979,-0.6285,-2.5108,-0.8196,-0.7183,-0.6194,-0.5964,-0.5653,-0.7269,-1.4742,-1.3253,-0.4669,-0.4273,-2.2671,-0.5774,-0.4198,-0.3412,-0.2970,-0.2511,-0.3299,-1.0976,-0.9114,-0.1976,-0.1919,-2.0261,-0.4378,-0.3212,-0.3300,-0.3612,-0.3955,-0.5213,-1.3084,-1.0629,-0.6774,-0.7362,-2.5607,-1.1332,-1.0865,-1.1620,-1.2537,-1.3424,-1.5286,-2.2044,-1.9636,-1.7723,-1.8539,-3.4414,-2.2682,-2.2335,-2.3118,-2.3784
45135.7500000,-8.6202,-11.5396,-3.4071,-3.2379,3.8589,2.3596,0.3975,-10.8090,-2.1487,1.9231,-2.6654,-0.0551,-0.6312,-1.7981,-3.2846,-4.1397,-3.9601,-4.3180,-2.6844,-6.9758,-3.7950,-9.2516,-2.9834,-7.4476,-5.4243,0.8415,-7.0742,-8.7383,-7.7947,-10.8611,-15.1829,-18.3929,-18.3424,-12.6142,-11.7872,-10.8505,-5.1331,-4.5865,-11.7736,0.6738,0.3985,0.9310,-6.9544,-3.5058,9.9323,-4.7210,-4.7989,-2.4433,-5.1972,-2.3918,0.4648,-1.4899,-0.9524,1.1970,-1.7565,-13.1503,-13.0409,-10.2002,2.1995,1.0437,0.7933,0.2998,-11.0518,-13.0619,-8.7499,-10.3982,-7.6661,-7.5919,-17.9728,-14.6807,-10.4482,-13.2578,-14.0337,-13.6822,-5.4081,-4.3219,-5.9917,-7.3725,-11.1175,-2.9621,14.8375,10.3719,4.4287,2.2469,-2.8191,-1.0786,3.2712,-0.4220,4.2389,1.6168,2.0821,8.1216,8.7806,4.7076,-0.6650,2.2730,4.0427,10.7706,6.1744,5.1405,4.2582,6.1430,5.3039,4.8939,6.3532,8.1263,6.5424,4.9709,0.8560,-1.2789,-1.9912,-0.8828,-1.5842,0.9457,-0.4978,3.4459,-0.1540,2.2470,-3.8699,-2.9604,0.4520,-0.7434,-3.1279,-3.1451,-9.6609,-8.1433,-7.5488,-4.2268,-4.7539,-3.6715,-6.2871,-7.2744,-10.7658,-13.1418,-8.6555,-11.3542,-12.4093,-11.2832,-7.8030,-9.4548,-11.4721,-12.0246,-10.2307,-7.2448,-7.6067,-7.0547,-8.6442,-4.1822,-11.7964,-10.6354,-11.3069,-10.5786,-10.1636,-14.7594,-6.6426,-4.8765,-5.4257,-4.1873,-2.6326,-4.5713,2.5875,-3.3329,-0.5467,1.2657,4.9894,-0.5917,2.0984,-2.7224,-4.8630,-4.5670,-2.7222,-2.8310,-4.9562,-4.6595,-5.3878,0.0917,-1.4364,-0.6512,-0.6738,4.4631,2.6616,1.7942,1.4899,2.0417,2.1847,2.3876,2.1336,0.6734,2.0162,2.1168,2.2063,2.2149,2.2248,2.0444,1.3611,1.4736,2.2047,2.2103,0.7176,2.0114,2.1237,2.1624,2.1712,2.1863,2.0870,1.3921,1.5490,2.1900,2.2049,0.7557,2.0229,2.1620,2.1879,2.1995,2.2149,2.1482,1.5054,1.7588,2.1869,2.2011,0.7945,1.9717,2.0794,2.0674,2.0372,2.0069,1.8796,1.3272,1.5548,1.7793,1.7404,0.4657,1.4179,1.4749,1.4200,1.3736
45135.7916667,-2.7735,-5.6377,1.5757,1.3830,7.8533,6.5774,5.2206,-5.0488,2.0445,5.4863,1.4967,3.7692,2.4613,1.8835,1.1550,0.5610,1.0311,0.5456,1.8369,-1.6763,0.8393,-3.6319,0.9876,-2.3353,-1.0938,4.9567,-2.4033,-3.8235,-3.4690,-5.8954,-10.4422,-13.4867,-14.0319,-8.7270,-8.2422,-7.3426,-2.6519,-1.6762,-7.7675,3.3921,3.2772,4.3891,-1.9595,1.2009,13.7473,0.1802,0.1109,2.1126,-0.8697,1.6348,3.9241,2.1716,2.8296,4.7283,1.5098,-8.4823,-8.4484,-6.0151,5.2486,4.4101,4.2748,4.0857,-5.3316,-7.2905,-3.1914,-5.1049,-2.6307,-3.0461,-12.7129,-10.6651,-7.6103,-10.1062,-11.1755,-10.4088,-3.6273,-3.4868,-4.7984,-5.8465,-8.3827,-1.0035,15.8125,12.1683,7.3053,5.2892,1.3662,3.3644,7.7047,4.6283,8.9977,5.9958,6.8750,12.7453,13.3881,8.9645,3.7286,5.9330,7.7581,13.1134,9.3957,8.1234,7.0732,9.6849,8.2188,8.0495,9.7748,11.9094,10.0719,9.1918,5.3087,4.3821,2.9421,3.3570,2.9647,4.4854,3.5475,5.9790,3.7747,6.1498,1.1525,1.8398,3.4892,3.3911,1.4304,1.8676,-3.6730,-2.2818,-1.1777,1.8872,1.7345,2.0797,0.2059,-0.8305,-3.8204,-6.1558,-3.0896,-5.3722,-6.3465,-5.9670,-2.8925,-4.6534,-6.7877,-8.0204,-6.5201,-4.1837,-4.9976,-4.4413,-6.1793,-3.5317,-9.3174,-8.1559,-9.1916,-8.7262,-8.4905,-13.0779,-5.4323,-4.3721,-5.0901,-3.7325,-2.1191,-3.3798,2.7876,-2.3741,0.1822,2.2816,5.5478,0.5618,3.2020,-0.7797,-2.6268,-2.0349,-0.5697,-0.4173,-1.9965,-1.8254,-2.3254,2.5717,1.3418,2.0230,1.9946,6.9556,5.2296,4.1751,3.9952,4.8997,4.4774,5.3614,5.2530,4.2066,5.3561,5.5484,5.7291,5.8330,5.9320,5.8491,5.3346,5.5008,6.1954,6.2638,5.1333,6.1863,6.3277,6.3961,6.4300,6.4618,6.3803,5.7810,5.9090,6.4628,6.4744,5.3152,6.2969,6.4148,6.4306,6.4332,6.4389,6.3685,5.8027,5.9967,6.3793,6.3986,5.2805,6.2127,6.3281,6.3398,6.3385,6.3397,6.2538,5.8082,6.0200,6.2628,6.2708,5.2729,6.0649,6.1622,6.1570,6.1513
45135.8333333,3.2064,0.6907,6.3431,6.0998,12.0672,9.7917,9.4249,0.5291,6.5812,8.9838,6.0561,7.8698,6.1291,6.3069,5.7494,5.2775,5.8846,5.2466,5.6852,2.9487,5.1754,1.1739,4.4476,2.0751,3.0243,8.8810,2.2343,1.0141,1.2809,-0.7970,-5.2182,-8.2056,-9.3264,-4.6465,-4.4867,-3.6401,0.2292,1.1188,-3.7143,6.0394,5.9209,7.0051,1.8300,4.6747,16.6602,4.8561,4.7937,6.4847,3.6635,5.5315,7.6069,6.4179,7.1601,8.6821,5.0108,-2.9188,-3.0557,-1.1916,8.5484,7.4730,7.2749,6.9146,-0.8082,-2.5901,0.9397,-0.7010,1.7147,1.3809,-6.9133,-5.8265,-3.9777,-6.5890,-7.5439,-6.4822,-1.1941,-1.6041,-2.7728,-3.9519,-6.1144,0.1739,15.0650,12.0015,7.4823,5.5241,2.9043,4.6036,9.0816,6.4509,10.8373,7.4879,9.6180,15.1560,16.2151,12.4736,7.0852,9.3142,11.2315,15.0980,12.5266,11.1550,10.4771,13.9117,11.6074,11.5292,13.6779,15.6496,13.2641,12.8310,8.9012,9.2209,7.0340,7.0745,7.0692,7.5991,7.2705,8.4078,7.1967,9.5134,5.5855,6.0502,5.7342,6.8852,5.1111,5.8125,1.3770,2.6558,3.7939,6.4901,6.0863,5.4557,4.6051,3.9319,1.8188,-0.0372,2.1945,0.2613,-0.4056,-0.0535,2.3977,0.9037,-0.9758,-2.3541,-1.2582,0.3686,-0.5560,-0.2662,-1.9021,-0.5401,-5.2310,-4.3609,-5.7221,-5.6595,-5.8568,-10.4605,-3.6817,-3.2315,-4.1884,-2.9361,-1.4070,-2.3095,2.6652,-1.5797,0.5651,2.5099,5.1575,1.0653,3.4783,0.3318,-0.9852,-0.2386,0.8039,1.2680,0.3350,0.6095,0.3212,4.3567,3.3085,3.9104,3.8546,8.6630,6.8981,5.5941,5.5341,6.7891,5.7381,7.3066,7.3227,6.6273,7.6075,7.8707,8.1257,8.3166,8.5011,8.5278,8.2021,8.4265,9.0841,9.2374,8.4597,9.3499,9.5571,9.7018,9.8144,9.9200,9.9228,9.4977,9.6560,10.1665,10.2355,9.3913,10.1844,10.3295,10.3859,10.4259,10.4624,10.4269,9.9806,10.1382,10.4665,10.4938,9.6319,10.3450,10.4469,10.4620,10.4646,10.4673,10.3934,10.0264,10.1843,10.3867,10.3958,9.6141,10.2247,10.3149,10.3216,10.3258
45135.8750000,9.6938,8.3053,12.5250,12.6203,18.6681,14.8329,15.3254,6.8194,11.8420,12.7880,10.9350,12.0653,9.5852,10.6581,10.5114,10.0113,10.8215,10.2166,9.5850,7.6665,10.1946,6.3339,8.2194,6.9028,7.5578,13.2472,7.0026,5.5866,6.0805,3.9634,0.2383,-2.4224,-3.7388,0.2618,0.2707,0.8792,4.0712,4.7738,0.5782,8.8006,8.8753,9.5888,5.3574,7.8579,19.3437,9.1206,8.7602,10.1787,7.4359,8.6079,10.7180,10.3323,11.2119,12.5053,8.0117,3.0253,2.8196,4.3467,12.8489,11.4640,11.2094,10.5947,4.4916,2.8516,5.4153,3.9885,5.9121,5.4627,-1.7602,-1.1794,0.1494,-2.1368,-2.9714,-2.2277,1.6852,1.4124,0.4167,-0.5898,-2.2725,3.2480,16.3241,13.7814,9.2731,7.1999,5.7708,6.8760,11.1761,8.7594,12.7397,8.7542,11.8868,16.9767,18.0456,14.8780,8.8752,11.1360,12.9965,15.4994,13.9864,12.5457,12.3475,16.8197,13.5931,13.7872,16.7507,18.8149,16.0751,16.3411,12.2138,13.9821,10.5358,10.1086,10.5751,10.2069,10.5974,10.6798,10.2846,12.7908,9.9380,10.3092,7.9225,10.3715,8.6665,9.5897,6.5865,7.6904,8.4403,10.8751,9.7523,7.9205,7.9232,7.5241,6.1933,4.9516,7.0258,5.3214,4.7272,5.0943,6.4681,5.4277,3.9922,3.0371,3.7355,4.7511,4.2880,3.9783,2.8707,4.0230,0.2994,0.8807,-0.5196,-0.9972,-1.7390,-6.2271,-0.6435,-0.5239,-1.4930,-0.4222,0.7144,-0.0453,3.9357,0.5355,2.2079,3.8842,5.9424,2.6829,4.7485,2.0998,1.0071,1.4902,1.8912,2.3030,1.9651,2.4437,2.3840,5.5366,4.6290,5.1495,5.0349,9.7994,7.9588,6.4273,6.4968,8.1124,6.5120,8.6418,8.7623,8.3864,9.2172,9.5373,9.8502,10.1130,10.3658,10.4939,10.3543,10.6133,11.1957,11.4125,10.9494,11.6884,11.9437,12.1537,12.3391,12.5166,12.6121,12.3857,12.5816,13.0413,13.1796,12.6497,13.2991,13.4890,13.6129,13.7220,13.8245,13.8669,13.5993,13.7664,14.0638,14.1393,13.5622,14.1189,14.2412,14.2979,14.3419,14.3815,14.3579,14.1119,14.2438,14.4125,14.4371,13.8801,14.3282,14.4074,14.4255,14.4400
45135.9166667,13.9315,13.9866,16.8688,17.3454,23.7559,17.9145,19.6034,11.9507,16.5343,15.9757,15.2846,15.9187,12.6728,14.8138,15.1706,14.5591,15.5281,14.7711,12.8254,11.7312,14.7966,10.6613,11.2977,11.1980,11.6383,17.3972,11.1564,9.5232,10.7446,8.3711,5.7024,3.2846,1.9508,5.1805,5.0834,5.3787,8.0456,8.6279,4.7465,11.7720,11.8546,11.9882,8.3938,10.5082,21.5201,12.6517,11.7578,12.8562,10.0200,10.5025,12.6874,13.0047,13.9725,14.9753,9.4001,7.7322,7.5604,8.8277,16.3800,14.5791,14.3197,13.5122,9.0953,7.8811,9.6178,8.6802,10.4656,9.8571,2.8941,2.9808,3.9088,1.9304,1.1382,1.6717,4.2650,4.5218,3.6064,2.7327,1.2704,5.9760,17.2173,14.9820,10.2945,8.0325,7.7496,8.4256,12.8417,10.6270,14.4084,9.7594,13.9154,18.5672,19.5727,16.9164,10.1709,12.5307,14.2661,15.5135,14.6838,13.0476,13.0988,18.3305,14.6609,14.8706,18.3731,20.3600,17.1365,18.1466,13.9451,17.5948,12.9270,12.3108,13.2525,12.0375,13.0857,12.2322,12.5027,15.2624,13.2290,13.5380,9.2533,13.1065,11.4344,12.7624,11.2419,12.3066,12.5784,14.7465,12.6965,9.6479,10.4569,10.3365,9.6880,9.0043,11.1619,9.5026,8.8993,9.3838,9.4492,8.8528,7.8077,7.4036,7.4896,7.9227,8.1385,6.8629,6.4628,8.0065,4.9177,5.1465,4.1472,3.6184,2.8854,-0.9159,3.0885,3.1411,2.3189,2.9319,3.5342,2.8776,6.2995,3.3421,4.3792,5.7612,7.1812,4.3974,6.3040,3.9433,3.2521,3.4822,3.1651,3.6397,3.6941,4.1534,4.0405,6.2614,5.2868,5.6346,5.3621,10.0408,7.9837,6.1917,6.3008,8.1513,6.0839,8.5776,8.7262,8.5591,9.2525,9.5906,9.9281,10.2334,10.5337,10.7467,10.7697,11.0740,11.6074,11.8815,11.6714,12.3103,12.6060,12.8677,13.1098,13.3441,13.5178,13.4604,13.6989,14.1229,14.3179,14.0368,14.5880,14.8135,14.9907,15.1558,15.3144,15.4286,15.3206,15.5181,15.8066,15.9365,15.6017,16.0666,16.2234,16.3318,16.4290,16.5207,16.5651,16.4489,16.5972,16.7694,16.8371,16.4897,16.8500,16.9474,16.9968,17.0332
45135.9583333,15.6468,17.3189,19.0932,20.0526,27.1118,19.2066,22.0237,15.1048,19.4070,17.3808,17.7062,17.8684,13.7978,17.1553,18.1690,17.5907,19.0034,18.2282,14.9660,14.6713,18.5993,13.9048,13.3866,14.4805,14.7165,20.8006,14.2195,12.1518,14.3090,11.4065,10.0615,7.9321,6.7955,9.2829,9.1737,9.0544,11.3593,11.8423,7.8944,14.2273,14.2943,13.8113,10.6561,12.4385,23.0584,15.1562,13.5346,14.3783,11.2518,11.1619,13.4644,14.3668,15.3869,16.1054,9.4869,10.7413,10.4652,11.4683,18.3004,15.9994,15.6921,14.6588,11.6912,10.9223,11.8647,11.5069,13.5212,13.1243,6.6218,6.5786,7.4333,5.8377,4.9147,4.7732,6.2084,7.2418,6.2650,5.5844,4.1974,8.2398,17.8401,15.7799,10.8076,8.3073,8.8721,9.0634,13.5206,11.3206,14.8610,9.5404,14.5060,18.7549,19.6600,17.3970,9.9254,12.3922,14.0670,14.4017,14.0973,12.3461,12.6007,18.5077,14.5860,14.8540,18.8519,20.7791,17.0983,18.7093,14.2520,19.5535,13.5895,12.8360,14.2617,12.3889,14.0407,12.4964,13.3332,16.4596,15.1346,15.4449,9.5154,14.5936,12.8944,14.6815,14.6526,15.7764,15.5496,17.5744,14.5305,10.3596,11.8299,11.9568,11.9141,11.7929,14.3054,12.5813,11.9110,12.5790,11.2732,11.0213,10.2542,10.4736,9.8735,9.7976,10.7715,8.3858,8.6102,10.8990,8.1940,8.0045,7.4330,6.7858,6.2575,3.5692,5.8465,6.1956,5.8671,5.9622,6.0467,5.5615,9.0365,6.3440,6.7496,7.9602,8.8123,6.2418,8.0974,5.7576,5.4008,5.2642,4.1110,4.6609,5.1714,5.6770,5.4797,6.9010,5.8046,5.9786,5.5305,10.1158,7.8438,5.8533,5.9320,7.8556,5.4990,8.0731,8.1501,8.0355,8.5349,8.7891,9.0487,9.2918,9.5379,9.7286,9.7907,10.0584,10.4955,10.7556,10.6781,11.2070,11.4988,11.7712,12.0336,12.2937,12.5135,12.5710,12.8392,13.2400,13.4795,13.3813,13.8715,14.1313,14.3560,14.5708,14.7797,14.9553,14.9715,15.2016,15.4947,15.6739,15.5216,15.9330,16.1253,16.2816,16.4282,16.5690,16.6743,16.6639,16.8384,17.0284,17.1429,16.9611,17.2776,17.4062,17.4960,17.5628
45136.0000000,16.1904,19.3322,20.0575,21.4481,29.2391,19.3101,23.0663,17.0513,21.2125,17.8552,19.0554,18.8146,14.0232,18.7151,20.2960,19.6470,21.4335,20.5662,16.0256,16.4160,21.3645,16.0072,14.5399,16.8039,16.9402,23.6210,16.5806,14.0667,17.2887,13.7128,13.7120,11.8009,10.9129,12.6531,12.5943,12.0269,14.1331,14.5943,10.3706,16.6655,16.6959,15.5825,12.7210,14.2262,24.5475,17.3612,14.9091,15.9009,12.2878,11.6853,14.0241,15.3102,16.2809,16.6908,9.2177,12.8383,12.3675,13.1026,19.3553,16.5481,16.1673,14.9095,13.1158,12.7239,12.9090,13.0452,15.3061,15.3270,9.1520,9.2534,10.3486,9.3317,8.3119,7.4337,7.8797,9.8924,8.8147,8.3978,7.0115,10.5799,18.7477,16.8113,11.5247,8.8941,10.1435,9.8975,14.4081,12.1508,15.4615,9.5501,15.0931,18.9075,19.6255,17.5929,9.4912,11.9295,13.4751,13.1271,13.1396,11.2929,11.6243,17.8950,14.4477,14.6539,18.9408,20.7234,16.5989,18.8708,14.0791,20.6611,13.4566,12.5225,14.2818,11.9186,13.9795,11.9455,13.1542,16.5757,15.8123,16.1451,9.0208,14.9933,13.2880,15.5308,16.9270,18.2243,17.5539,19.5418,15.5615,10.4952,12.4666,12.8002,13.2578,13.6449,16.6455,14.8132,14.0744,14.9916,12.4053,12.4434,11.8897,12.7243,11.4539,10.9533,12.6391,9.2027,9.9132,13.0377,10.5466,9.9369,9.7707,8.9415,8.6001,7.0586,7.6019,8.3606,8.6640,8.1967,8.0554,7.7348,11.6990,9.2105,9.0002,10.1746,10.5432,8.0380,10.0351,7.6061,7.6828,7.1800,5.1495,6.1737,7.0498,7.5287,7.1342,7.8197,6.5395,6.5381,5.9150,10.4372,7.9700,5.8341,5.8735,7.8105,5.2891,7.8466,7.8542,7.7561,8.0957,8.2649,8.4406,8.6071,8.7781,8.9121,8.9571,9.1498,9.4652,9.6586,9.6155,10.0046,10.2299,10.4452,10.6573,10.8719,11.0622,11.1415,11.3740,11.7050,11.9265,11.9127,12.3192,12.5671,12.7939,13.0171,13.2392,13.4404,13.5309,13.7743,14.0642,14.2749,14.2514,14.6270,14.8483,15.0441,15.2326,15.4164,15.5743,15.6489,15.8530,16.0670,16.2261,16.1737,16.4717,16.6346,16.7647,16.8624
45136.0416667,16.1426,20.6186,20.4257,22.2358,30.8710,19.0264,23.6289,17.9229,21.9701,17.4066,19.3400,18.7300,13.3482,18.6799,20.9237,20.3882,22.7874,21.9843,16.3437,17.3763,23.4306,17.3415,15.0622,18.3603,18.4261,25.8456,18.2300,15.2793,19.6216,15.3580,16.7670,15.1069,14.5702,15.5993,15.6398,14.5881,16.5976,17.0678,12.4104,18.5130,18.6600,17.0391,14.4610,15.8426,26.1160,19.5929,16.3278,16.9879,13.0312,12.0769,14.5406,16.2392,17.2301,17.4009,9.2478,14.8196,14.0831,14.5432,20.2970,16.9785,16.4818,14.9875,14.0989,13.9928,13.4712,13.9887,16.4457,16.6534,10.6331,10.9714,12.4752,12.1672,11.0939,9.4894,9.1255,12.2902,11.1548,11.1336,9.7559,13.0080,19.9915,18.1883,12.5762,9.6671,11.5535,10.9551,15.6281,13.3130,16.4795,10.0346,16.1043,19.5462,20.0818,18.2068,9.5595,11.9218,13.3272,12.4854,12.6867,10.7685,11.1042,17.5742,13.6850,13.9407,18.5535,20.3196,15.9366,18.4790,13.5537,21.3026,13.0608,11.9916,13.9595,11.2718,13.5815,11.2298,12.6463,16.2549,15.9119,16.2410,8.3134,14.7712,13.0329,15.6132,18.2631,19.7662,18.7032,20.7338,15.9350,10.2283,12.5501,13.0577,13.9286,14.7761,18.3433,16.4038,15.6139,16.8195,13.0966,13.3710,12.9843,14.4028,12.5324,11.7010,14.0321,9.6865,10.7658,14.7293,12.3563,11.3630,11.5520,10.4899,10.2849,9.8167,8.7558,9.9431,10.9280,9.9258,9.2803,9.1652,13.9366,11.5095,10.7979,12.0800,12.0764,9.5669,11.8824,9.3133,9.9411,9.1138,6.2057,7.2369,8.7672,9.4765,9.0214,9.1214,7.6809,7.5736,6.8094,11.3955,8.7323,6.4458,6.4486,8.4066,5.7330,8.2704,8.1997,8.0825,8.2768,8.3536,8.4379,8.5189,8.6064,8.6710,8.6757,8.7883,8.9921,9.1130,9.0693,9.3349,9.4881,9.6373,9.7870,9.9410,10.0801,10.1427,10.3159,10.5619,10.7329,10.7391,11.0454,11.2426,11.4274,11.6125,11.7994,11.9742,12.0730,12.2830,12.5293,12.7226,12.7525,13.0679,13.2774,13.4717,13.6634,13.8541,14.0285,14.1457,14.3564,14.5759,14.7580,14.7909,15.0723,15.2582,15.4173,15.5387
45136.0833333,15.6632,21.2204,20.3320,22.5285,32.0137,18.5839,23.9297,18.7375,22.7888,17.2773,19.7954,18.8792,13.0428,18.8727,21.5103,20.8417,23.5538,22.6332,15.9465,17.4205,24.5629,17.7497,14.8346,19.0797,19.1455,27.4700,19.2228,15.8924,21.3806,16.4251,19.2676,17.8696,17.7764,18.1454,18.3590,16.8454,18.8736,19.4164,14.2393,20.2280,20.4666,18.3430,15.9576,17.2607,27.6479,21.7455,17.7025,18.0474,13.7020,12.4540,15.0250,17.0634,18.0846,18.0665,9.3490,16.6605,15.7146,15.9719,21.3864,17.6208,17.0402,15.3513,15.2017,15.3334,14.1671,14.9736,17.5498,17.7503,11.4513,11.9455,13.8697,14.2861,13.1726,10.8964,9.8759,14.2323,13.0755,13.5380,12.1689,15.2573,21.2582,19.5970,13.6385,10.4488,12.9439,12.0607,17.0093,14.6399,17.7601,10.7924,17.4364,20.6042,21.0091,19.2906,10.1286,12.4653,13.7743,12.5587,12.8961,10.9277,11.2568,17.8363,13.3455,13.5612,18.3145,19.9854,15.3618,18.0207,12.9218,21.5184,12.4423,11.2944,13.4204,10.5582,13.0181,10.5031,12.0462,15.7747,15.7701,16.1046,7.7158,14.3787,12.6127,15.4086,19.0968,20.7693,19.3199,21.3976,15.8879,9.7617,12.2910,12.9245,14.1095,15.3406,19.4658,17.4365,16.6252,18.1457,13.4584,13.9432,13.7044,15.6590,13.2767,12.2002,15.0969,10.0019,11.3639,16.1069,13.7873,12.4571,12.9692,11.6939,11.6056,12.1114,9.6133,11.1896,12.8303,11.3068,10.2010,10.2213,15.8722,13.4186,12.2446,13.6805,13.3611,10.7796,13.4907,10.7334,11.9739,10.8609,7.0940,8.1541,10.2919,11.2628,10.7558,10.3479,8.7397,8.5756,7.7015,12.5195,9.6545,7.1971,7.2015,9.2704,6.4099,9.0522,8.9525,8.8484,8.9635,8.9949,9.0304,9.0623,9.0975,9.1151,9.0889,9.1386,9.2531,9.3092,9.2486,9.4076,9.4887,9.5684,9.6501,9.7367,9.8145,9.8399,9.9461,10.1070,10.2177,10.2137,10.4250,10.5624,10.6937,10.8278,10.9656,11.0970,11.1764,11.3368,11.5258,11.6795,11.7189,11.9629,12.1346,12.2976,12.4608,12.6253,12.7801,12.8959,13.0802,13.2732,13.4418,13.5058,13.7482,13.9246,14.0810,14.2020
45136.1250000,13.5934,19.9818,18.7066,21.2942,31.6134,17.0365,23.0558,18.5691,22.7935,16.6232,19.6739,18.6273,12.5927,18.8173,21.8870,21.2212,24.2964,23.3124,15.8013,17.5383,25.5457,18.0382,14.6047,19.4958,19.4903,28.6058,19.6882,15.9748,22.5217,16.8735,21.0991,19.9667,20.3997,20.1326,20.5644,18.5840,20.7121,21.3832,15.6284,21.5216,21.8896,19.3078,17.0830,18.3720,29.0298,23.7367,18.9453,18.9574,14.2846,12.8102,15.4906,17.8442,18.9115,18.7357,9.5276,18.3642,17.2064,17.2823,22.4524,18.2702,17.6216,15.7733,16.2555,16.6241,14.9061,15.9887,18.7209,18.8835,12.0474,12.5689,14.8274,15.8818,14.6804,11.7273,10.1819,15.6282,14.4426,15.4110,14.0315,17.0539,22.2226,20.6915,14.3702,10.9142,13.9723,12.8568,18.1559,15.7333,18.8866,11.3988,18.6688,21.6577,21.9863,20.4380,10.7562,13.1413,14.4119,12.9017,13.3599,11.3539,11.6991,18.4297,13.2470,13.4463,18.3075,19.9056,15.1120,17.8226,12.6017,21.7766,12.0105,10.7602,12.9368,9.9785,12.4721,9.8776,11.4512,15.2048,15.4421,15.7741,7.1892,13.8689,12.1178,15.0547,19.5924,21.4203,19.6123,21.7324,15.6166,9.2482,11.8615,12.5619,13.9562,15.4748,20.0916,17.9582,17.1218,18.9370,13.4381,14.0997,13.9939,16.4260,13.6252,12.3802,15.7649,10.0857,11.6747,17.1164,14.8154,13.2026,14.0116,12.5700,12.6017,13.9969,10.2428,12.1611,14.4162,12.4080,10.8960,11.0275,17.5745,15.0415,13.4439,15.0553,14.4619,11.7627,14.8913,11.9058,13.7524,12.3600,7.7733,8.8936,11.6220,12.8903,12.3428,11.4850,9.6966,9.4917,8.5089,13.6535,10.5562,7.8936,7.9036,10.1278,7.0349,9.8482,9.7299,9.6408,9.7069,9.7143,9.7248,9.7330,9.7435,9.7414,9.7079,9.7280,9.7943,9.8195,9.7614,9.8583,9.9004,9.9411,9.9829,10.0278,10.0660,10.0664,10.1237,10.2201,10.2812,10.2610,10.3935,10.4747,10.5524,10.6331,10.7175,10.7986,10.8439,10.9481,11.0747,11.1783,11.2026,11.3738,11.4962,11.6148,11.7356,11.8595,11.9785,12.0718,12.2155,12.3678,12.5048,12.5693,12.7619,12.9096,13.0434,13.1481
45136.1666667,14.0651,20.7445,18.8540,21.4706,32.1841,16.6177,22.7375,18.3105,22.3797,15.6499,18.9377,17.7033,11.5627,17.9903,21.4365,20.8710,24.3862,23.4864,15.4283,17.4549,26.2831,18.2275,14.4650,19.8820,19.8532,29.7166,20.1824,16.1429,23.5499,17.2357,22.6027,21.6607,22.5747,21.6949,22.3500,19.9017,22.1767,22.9900,16.5904,22.6387,23.0962,20.0335,17.9027,19.1816,30.1968,25.4341,19.8759,19.5020,14.5263,12.8792,15.6628,18.3392,19.4960,19.2134,9.5815,19.8483,18.5229,18.4676,23.4857,18.9259,18.2308,16.2478,17.2707,17.8629,15.6552,16.9906,19.9042,20.0283,12.6020,13.1113,15.6551,17.2797,15.9523,12.2913,10.3372,16.7150,15.4688,16.9327,15.5242,18.5532,23.0187,21.6003,14.9139,11.2092,14.7494,13.4270,19.0874,16.5965,19.8189,11.8216,19.7143,22.5883,22.8703,21.4807,11.2625,13.7331,15.0046,13.2637,13.8331,11.7914,12.1683,19.1000,13.2862,13.4809,18.4386,19.9875,15.0689,17.8084,12.5062,22.1470,11.8356,10.5142,12.7014,9.7042,12.1850,9.5636,11.1212,14.8445,15.2448,15.5510,6.8948,13.4571,11.7082,14.6952,19.8929,21.8479,19.7250,21.8929,15.2995,8.8320,11.4527,12.1832,13.7080,15.4344,20.4756,18.2305,17.3526,19.4083,13.2445,14.0136,13.9902,16.8060,13.6571,12.2864,16.0603,9.9361,11.6847,17.7307,15.4315,13.5886,14.6631,13.0986,13.2581,15.4707,10.6415,12.8641,15.6944,13.2555,11.3443,11.5824,19.0214,16.3881,14.4047,16.2161,15.3965,12.5653,16.1210,12.8937,15.3254,13.6627,8.3162,9.5021,12.7801,14.3603,13.7802,12.5263,10.5567,10.3244,9.2400,14.7801,11.4359,8.5530,8.5737,10.9840,7.6365,10.6635,10.5348,10.4612,10.4974,10.4922,10.4890,10.4839,10.4801,10.4669,10.4308,10.4327,10.4682,10.4746,10.4217,10.4788,10.4977,10.5159,10.5349,10.5563,10.5727,10.5619,10.5916,10.6498,10.6832,10.6585,10.7422,10.7902,10.8358,10.8834,10.9337,10.9814,11.0032,11.0670,11.1473,11.2116,11.2194,11.3318,11.4106,11.4872,11.5661,11.6479,11.7268,11.7880,11.8862,11.9921,12.0884,12.1342,12.2723,12.3805,12.4800,12.5590
45136.2083333,12.9032,19.9585,17.8398,20.6326,31.8425,15.6169,22.0502,17.9114,22.0777,15.0337,18.5368,17.2132,11.0929,17.4783,21.0191,20.3357,23.9693,22.9858,14.5145,16.7014,26.1179,17.6372,13.7073,19.5215,19.5215,30.0568,20.0228,15.8359,24.0416,17.2637,23.6707,22.8962,24.2615,22.7985,23.6294,20.7342,23.1349,24.0693,17.0645,23.3419,23.8761,20.3740,18.3069,19.5785,30.9630,26.6956,20.3797,19.8110,14.5271,12.7086,15.5463,18.4264,19.6002,19.1687,9.1874,20.6677,19.1650,18.9665,23.8488,18.9211,18.1979,16.1224,17.6516,18.4918,15.8898,17.5032,20.6825,20.7883,13.0412,13.5627,16.3142,18.3849,16.8883,12.6358,10.3404,17.4470,16.0973,17.9536,16.4342,19.4212,23.2089,21.8415,14.8005,10.8936,14.8142,13.3366,19.3280,16.7695,20.0775,11.6427,20.0840,22.8724,23.1215,21.9021,11.2222,13.8085,15.1009,13.1504,13.8118,11.7472,12.1695,19.3152,12.8298,13.0454,18.0847,19.6149,14.6411,17.4472,12.2065,22.2989,11.6226,10.3088,12.4734,9.4585,11.8979,9.2656,10.7922,14.4413,14.9369,15.2125,6.6184,13.0304,11.3012,14.2869,19.9455,21.9771,19.5644,21.7308,14.7725,8.3296,10.9171,11.6662,13.2643,15.1167,20.4611,18.1217,17.2136,19.4643,12.8104,13.6653,13.7107,16.8017,13.3841,11.9287,15.9616,9.5523,11.3902,17.8610,15.5271,13.4889,14.7778,13.1555,13.4466,16.3737,10.6374,13.0745,16.3833,13.5428,11.2545,11.5832,19.8030,17.0186,14.6756,16.6577,15.6272,12.6708,16.6516,13.2335,16.2959,14.4571,8.5060,9.6890,13.4962,15.4090,14.8154,13.2045,11.0621,10.8132,9.6399,15.5700,11.9571,8.8527,8.8800,11.4656,7.8629,11.1012,10.9621,10.9013,10.9181,10.9063,10.8965,10.8859,10.8766,10.8611,10.8298,10.8249,10.8430,10.8406,10.7966,10.8294,10.8350,10.8400,10.8455,10.8526,10.8564,10.8414,10.8545,10.8873,10.9028,10.8779,10.9289,10.9549,10.9794,11.0057,11.0340,11.0610,11.0704,11.1092,11.1596,11.1989,11.1992,11.2727,11.3228,11.3716,11.4223,11.4753,11.5267,11.5662,11.6317,11.7026,11.7671,11.7969,11.8915,11.9652,12.0333,12.0873
45136.2500000,11.2143,18.3505,16.0339,18.8613,30.3165,13.7194,20.1920,16.4024,20.5374,13.3423,16.9449,15.6049,9.6967,16.0627,19.8019,19.2166,23.0748,22.1198,13.4735,15.7339,25.4823,16.6913,12.6624,18.6060,18.5608,29.4996,19.0568,14.7810,23.5303,16.4394,23.7350,23.1757,25.0442,23.1126,24.1412,20.8783,23.4005,24.4454,16.9319,23.3863,23.9742,20.0867,18.0711,19.3304,31.0324,27.2051,20.2291,19.5960,14.1227,12.2076,15.0974,18.1436,19.3390,18.7869,8.6321,20.9935,19.2798,18.9176,23.6512,18.3433,17.5369,15.3475,17.2481,18.2702,15.3096,17.1368,20.5529,20.7030,12.9847,13.6500,16.6259,19.1185,17.4616,12.6844,10.1328,17.7930,16.3143,18.4834,16.8294,19.7490,22.8964,21.5223,14.1758,10.1348,14.2717,12.6524,18.8312,16.1831,19.5119,10.7637,19.5405,22.2267,22.4212,21.3345,10.3466,12.9901,14.2885,12.1975,12.9223,10.8720,11.3343,18.6132,11.7252,11.9555,16.9962,18.4948,13.5254,16.3719,11.2699,21.7174,10.8824,9.6660,11.8229,8.8568,11.2640,8.6763,10.1842,13.7496,14.3204,14.5773,6.1571,12.3651,10.6771,13.6212,19.6037,21.6771,19.0067,21.1382,13.9310,7.6253,10.1286,10.8735,12.4941,14.4121,19.9527,17.5371,16.6001,18.9809,12.0093,12.9117,13.0146,16.2851,12.7024,11.2111,15.3864,8.8768,10.7463,17.4758,15.1230,12.9568,14.3910,12.7321,13.1165,16.6168,10.2104,12.7771,16.4557,13.2945,10.7922,11.1620,19.9695,17.0124,14.4001,16.4981,15.2882,12.2299,16.5122,12.9221,16.4772,14.4766,8.0977,9.2750,13.4899,15.7149,15.1297,13.2289,10.9589,10.7111,9.4831,15.7477,11.9008,8.6343,8.6717,11.3918,7.6106,10.9933,10.8429,10.7903,10.7878,10.7648,10.7431,10.7215,10.7019,10.6805,10.6515,10.6389,10.6385,10.6254,10.5875,10.6000,10.5934,10.5871,10.5821,10.5793,10.5763,10.5638,10.5690,10.5842,10.5885,10.5683,10.5974,10.6082,10.6183,10.6300,10.6438,10.6581,10.6633,10.6870,10.7156,10.7374,10.7357,10.7814,10.8099,10.8381,10.8681,10.9005,10.9333,10.9603,11.0038,11.0492,11.0912,11.1129,11.1761,11.2241,11.2685,11.3034
45136.2916667,9.1882,16.1258,13.6584,16.3177,27.6593,11.0248,17.1840,13.7714,17.7673,10.6351,14.1091,12.7690,7.2361,13.3393,17.1136,16.6214,20.5887,19.6922,11.1758,13.5682,23.5158,14.6683,10.7998,16.7791,16.7514,27.8550,17.1466,12.9426,21.9761,14.7476,22.6745,22.3044,24.6175,22.2708,23.4291,19.8727,22.4571,23.5637,15.7144,22.2799,22.8043,18.5931,16.5845,17.8234,29.7320,26.2586,18.8060,18.2143,12.7220,10.8219,13.7108,16.8083,17.9848,17.3212,7.2342,20.2082,18.4446,17.9864,22.5690,16.9052,15.9708,13.6898,15.8511,17.0904,13.9371,15.9279,19.4869,19.7014,12.1775,13.0367,16.1920,19.0291,17.2371,12.0991,9.4367,17.4098,15.7469,18.1133,16.2521,18.9951,21.5232,19.9749,12.3501,8.2461,12.3641,10.6852,16.9104,14.1929,17.5019,8.6876,17.5010,20.0488,20.1857,19.2027,8.2276,10.8692,12.1360,10.0287,10.6750,8.6754,9.1277,16.3136,9.6251,9.8277,14.7178,16.1178,11.2268,14.1010,9.3137,19.9639,9.2522,8.2327,10.3776,7.5309,9.8471,7.3691,8.8047,12.2221,12.7868,13.0220,4.9895,10.9337,9.3307,12.2309,18.3896,20.4984,17.6120,19.6482,12.3104,6.3007,8.7031,9.4573,11.0795,13.0152,18.6301,16.1668,15.2239,17.6634,10.5591,11.4791,11.6515,15.0192,11.3714,9.8953,14.0607,7.6309,9.4955,16.3079,13.9210,11.6974,13.2387,11.6407,12.1333,16.0765,9.2859,11.8988,15.7382,12.3221,9.7041,10.0283,19.1939,16.0141,13.2047,15.3427,13.9975,10.8391,15.3050,11.6133,15.5431,13.4868,6.9804,8.2670,12.6917,15.1161,14.4816,12.3609,9.9591,9.6973,8.4169,14.8591,10.7989,7.4379,7.4444,10.1847,6.3685,9.7485,9.5586,9.4720,9.4592,9.4078,9.3583,9.3101,9.2707,9.2358,9.2031,9.1993,9.2027,9.1715,9.1119,9.1236,9.0953,9.0639,9.0340,9.0098,8.9915,8.9659,8.9772,8.9936,8.9789,8.9356,8.9633,8.9514,8.9347,8.9208,8.9122,8.9102,8.9002,8.9272,8.9543,8.9581,8.9331,8.9776,8.9832,8.9837,8.9869,8.9951,9.0084,9.0174,9.0576,9.0938,9.1151,9.1095,9.1692,9.1914,9.2061,9.2152
45136.3333333,6.0674,12.6639,10.3785,12.8836,24.0287,7.9617,13.6183,10.4645,14.3282,7.5664,10.6340,9.3283,4.2815,9.6536,13.2358,12.8012,16.7238,15.8820,7.7750,10.1462,20.0724,11.3546,7.8592,13.6604,13.6692,24.8947,14.1467,10.1331,19.2496,12.0287,20.3296,20.1216,22.8143,20.2737,21.5811,17.8894,20.5394,21.6342,13.5525,20.2872,20.6354,16.3054,14.1765,15.4345,27.4655,24.1186,16.3541,15.8759,10.4298,8.6664,11.5074,14.4658,15.5890,14.8731,5.1135,18.0209,16.2534,15.7864,20.3191,14.5639,13.5530,11.2569,13.3652,14.7665,11.6121,13.6641,17.3559,17.7327,10.5175,11.7158,15.0848,18.1726,16.2688,10.8108,8.3113,16.4160,14.5333,17.0722,15.0023,17.6378,19.8511,18.1793,10.4097,6.3251,10.0964,8.4291,14.4806,11.6695,14.8571,6.2925,14.7047,17.0411,17.0436,15.9659,5.3057,7.7498,8.9446,7.0732,7.4516,5.5812,5.9392,12.8094,6.3801,6.5682,11.1981,12.5135,7.8683,10.6804,6.3325,16.9089,6.6130,5.8772,8.0166,5.4435,7.6154,5.3758,6.7076,9.9755,10.4981,10.6937,3.2527,8.7923,7.2381,10.0521,16.1381,18.3114,15.3498,17.3349,9.9891,4.3992,6.6036,7.3128,8.8732,10.7653,16.3605,13.9392,13.0737,15.5830,8.5829,9.4264,9.6167,13.0429,9.4416,8.0652,12.1176,5.9503,7.7117,14.4770,12.0927,9.8538,11.4313,9.9056,10.4989,14.6875,7.8558,10.5425,14.3986,10.8030,8.2007,8.3569,17.7687,14.3416,11.4791,13.6330,12.2968,9.0487,13.4811,9.7338,13.7414,11.6631,5.2823,6.5246,10.9730,13.5811,12.9310,10.8156,8.3213,8.1224,6.8377,13.3543,9.1924,5.8747,5.7909,8.4291,4.8072,8.0745,7.8247,7.5920,7.6355,7.5236,7.4148,7.3028,7.2045,7.0765,6.9538,6.9595,7.0446,6.9746,6.7821,6.8677,6.8004,6.7252,6.6518,6.5897,6.5373,6.4065,6.4389,6.5451,6.5024,6.3337,6.4453,6.4077,6.3557,6.3069,6.2678,6.2399,6.1304,6.1812,6.2857,6.2664,6.1222,6.2469,6.2279,6.1940,6.1631,6.1411,6.1250,6.0369,6.1068,6.1635,6.1698,6.0569,6.2014,6.2048,6.1909,6.1758
45136.3750000,1.9916,8.1429,6.4322,8.7947,19.5965,4.9497,9.6942,6.6964,10.7158,4.6650,7.1618,5.8842,1.3251,5.4656,8.4956,8.3572,12.1387,11.3030,3.8028,5.7528,15.4685,6.9122,3.9982,9.4921,9.7524,20.6885,10.2650,6.2956,15.5055,8.3701,16.8333,16.9367,19.9501,17.2910,18.6895,14.6463,17.8089,18.8761,10.7836,17.9709,17.8805,13.9266,11.3894,12.7894,24.8468,21.2000,13.1319,12.7335,7.4643,6.0209,9.0799,11.7863,12.8734,12.2063,2.8895,15.0542,13.2348,13.0959,17.4456,11.9627,10.8537,8.5533,10.1436,11.7186,8.8789,10.8232,14.7149,14.8531,7.6864,9.6376,13.4732,16.7227,14.9314,9.0305,7.1801,15.2809,13.1371,15.6853,13.4780,16.1453,18.7641,16.9764,9.1087,5.0291,7.9586,6.4934,12.3861,9.5655,12.6589,4.5416,12.4831,14.4735,14.1874,12.9628,2.7425,4.8366,5.9115,4.7961,4.5623,2.7870,2.7426,8.9413,2.7880,2.9390,7.2050,8.4357,3.9076,6.4966,2.5549,12.8482,3.1731,2.7998,4.9887,2.8478,4.8073,3.2205,4.2055,7.2100,7.7317,7.9115,1.1164,6.2662,4.6355,7.4953,13.2181,15.5115,12.7228,14.7719,7.4809,2.3333,4.2649,4.8215,6.2538,8.0682,13.3869,11.1230,10.4133,13.0447,6.3190,6.9885,7.1444,10.6720,7.1947,6.0996,9.8851,4.1269,5.8132,12.2951,9.9284,7.6664,9.2640,7.8535,8.5960,12.8371,6.3298,9.4234,13.1259,9.3006,6.9370,6.6696,16.4656,12.6092,9.7693,11.8327,10.7915,7.4178,11.5319,7.9003,11.4991,9.3985,3.3325,4.4002,8.6261,11.4715,10.8027,9.0073,6.2920,6.3388,5.0810,11.7664,7.5836,4.3795,4.0010,6.4690,3.2471,6.5578,6.2549,5.6486,6.0115,5.8561,5.7023,5.5331,5.3830,5.1998,4.7070,4.7534,5.1837,5.0710,4.5024,4.8898,4.7726,4.6367,4.5005,4.3831,4.2748,3.7863,3.8635,4.2870,4.2100,3.6735,4.0996,4.0264,3.9211,3.8193,3.7335,3.6624,3.2157,3.3413,3.7114,3.6691,3.1638,3.6093,3.5678,3.4927,3.4192,3.3583,3.2993,2.8994,3.2295,3.2899,3.2766,2.8081,3.2706,3.2554,3.2049,3.1598
45136.4166667,-3.2290,2.1223,1.2783,3.4175,14.8197,1.3701,4.8804,1.5330,6.1431,1.3007,3.4433,2.5169,-1.2896,1.5685,3.9526,3.9805,7.6425,6.9341,0.3821,1.6253,11.2938,2.9027,0.5478,5.3761,6.0959,16.3648,6.3862,2.2295,11.4070,4.4501,12.5473,13.0420,16.5020,14.2097,15.7117,11.5694,14.8155,15.4058,7.4805,15.3863,14.8691,11.3734,8.2276,9.7495,22.3299,18.3439,10.4290,9.7947,5.0000,3.7453,7.0863,9.4380,10.4964,10.0026,1.3820,12.2347,10.1833,10.7016,14.9629,9.6195,8.5500,6.3626,7.0145,8.5752,6.2864,7.9800,12.3959,12.4435,4.6394,6.9720,11.4633,14.6488,13.2523,7.1836,6.1785,14.3924,12.1044,15.1360,12.0148,14.8993,18.8857,16.8184,8.9708,4.9657,6.7232,5.3883,10.9492,7.9878,11.0163,3.7570,11.1879,13.1483,12.6012,11.3014,1.7034,3.5991,4.6331,4.4634,3.5836,1.8860,1.4611,6.9612,-0.1457,-0.0109,3.8057,4.8848,0.5783,2.5737,-1.0260,8.6910,-0.2360,-0.3655,1.9340,0.0754,1.4400,0.7515,1.3986,4.5466,4.9978,5.2338,-0.8958,3.7480,1.8747,4.7914,9.7553,12.1733,9.9298,12.3961,5.4290,0.8618,2.5423,2.9424,4.2289,5.9293,10.8250,8.1174,7.5370,10.6212,4.4032,4.7257,4.7435,8.3066,5.1747,4.2690,7.5001,2.1241,3.8606,10.5801,8.0798,5.4719,7.0457,5.4056,6.2743,10.5021,4.5309,8.2444,11.8982,7.8112,5.8331,5.2526,15.4337,11.3131,8.5391,10.1782,9.5442,6.1407,9.9989,6.6886,9.8497,7.7513,2.0445,2.7454,6.3879,9.4981,8.8523,7.5565,4.5446,4.9691,3.8057,10.6922,6.5989,3.5488,2.9631,4.7834,2.0277,5.4604,5.1727,4.0852,4.9717,4.8747,4.7733,4.6365,4.5113,4.3107,3.3104,3.3646,4.2830,4.1807,3.0915,3.9618,3.8722,3.7424,3.5990,3.4673,3.3099,2.2934,2.3724,3.2058,3.1135,2.0505,2.9208,2.8612,2.7442,2.6238,2.5140,2.3883,1.4234,1.8150,2.1981,2.1406,1.1277,2.0027,1.9759,1.8936,1.8104,1.7395,1.6461,0.8386,1.4908,1.5930,1.5702,0.6210,1.4890,1.4946,1.4413,1.3927
45136.4583333,-9.7072,-5.6749,-4.9024,-4.4564,5.5518,-7.1690,-5.1857,-8.5282,-2.7334,-6.1332,-5.3309,-4.6586,-7.7218,-5.6278,-3.9888,-4.1537,-0.7568,-1.2700,-6.4537,-5.5333,4.3444,-4.3870,-5.2242,-1.7739,0.2449,9.3770,-0.7275,-5.0460,4.1972,-2.3897,5.9728,6.6794,11.0127,9.6984,10.6479,6.2568,8.9266,8.1493,0.1067,9.3308,8.1903,4.7199,0.3168,2.6824,17.4892,11.6290,4.1771,3.3910,-0.1575,-1.2680,3.2401,4.5818,5.2314,4.7891,-3.4065,6.6384,4.9953,6.5667,10.8417,4.7014,3.1392,0.8015,0.0668,2.4085,1.5374,3.4904,7.9604,7.8240,0.5562,3.1726,8.0745,10.5358,9.9514,3.7092,3.8737,11.9688,8.5047,12.0851,6.4581,9.0630,15.7388,12.2015,3.7882,-0.2307,-0.7106,-0.9348,5.5995,1.4495,6.2179,-1.0549,5.5312,7.0670,6.3062,4.3053,-4.4965,-2.4502,-1.2912,0.1593,-2.0616,-3.6522,-4.0397,0.7813,-6.0149,-5.9511,-2.8494,-2.1981,-6.1253,-4.8923,-8.0015,1.7076,-5.7285,-5.1844,-2.1280,-3.8186,-3.8735,-2.9051,-3.4710,0.3671,0.0786,-0.2362,-5.7825,-1.4667,-3.3359,-0.8037,2.6289,5.8534,3.5837,6.3781,-0.3348,-4.0630,-1.9684,-1.5448,0.3748,2.7428,7.7581,4.2741,2.8522,5.7678,0.5834,0.4822,-0.3610,3.9993,0.8837,0.0605,3.1353,-2.4630,-0.8063,6.4787,2.9630,0.8612,3.2411,1.5099,2.8190,7.3136,2.1952,6.9925,9.3969,4.8864,2.7328,0.8464,11.5960,6.8751,3.9691,3.8265,4.2212,1.1485,4.4463,1.0211,3.9109,2.5616,-2.2323,-0.9640,2.2807,6.0743,5.1453,4.6510,0.7372,1.8169,0.4779,7.7432,3.2383,0.0652,-0.5631,-0.6048,-1.4902,1.3402,0.8833,-1.2641,0.6872,0.4797,0.2923,0.0745,-0.1285,-0.4710,-1.9810,-2.1056,-0.9387,-0.9016,-2.9041,-0.6163,-0.6916,-0.8148,-0.9579,-1.1010,-1.3372,-2.7962,-2.6488,-1.7843,-1.7575,-3.8940,-1.5212,-1.5809,-1.7139,-1.8568,-2.0015,-2.2158,-3.5803,-3.0123,-2.6550,-2.6267,-4.6809,-2.4249,-2.4788,-2.6084,-2.7478,-2.8881,-3.1027,-4.2856,-3.5827,-3.4767,-3.4455,-5.3745,-3.2497,-3.2759,-3.3740,-3.4664
45136.5000000,-15.3494,-13.1012,-8.1182,-6.2352,4.1343,-6.8039,-6.3338,-13.8247,-6.9894,-8.7025,-12.4484,-9.6144,-12.2478,-11.2272,-10.2668,-10.7645,-7.9842,-8.5744,-12.3428,-14.0772,-3.1116,-12.5368,-10.6546,-10.5493,-6.0093,3.7337,-5.2774,-11.1838,-1.8454,-9.8944,-2.4253,-3.4642,1.4560,0.6114,5.0088,1.6348,5.2936,4.7505,-5.4134,5.5156,4.5861,1.3692,-6.4116,-4.8722,13.2435,4.8691,-1.9759,-3.9223,-6.5200,-8.0499,-1.4975,-0.3087,0.7818,1.2217,-7.4052,-0.3342,-1.7698,1.3893,8.4461,2.6474,1.2329,-1.0817,-5.4467,-4.1356,-4.8943,-3.1529,3.1991,3.3743,-5.8799,-1.3114,5.4892,6.1438,5.4969,0.1114,1.0583,11.2181,7.6432,12.9727,4.1708,6.9267,18.5196,14.3673,5.8300,1.7382,-3.1332,-3.6858,4.5749,-2.2413,4.1469,-2.7524,3.1701,4.7237,3.8176,0.5086,-7.6642,-6.4744,-5.5906,-1.8697,-5.5537,-7.1680,-7.9608,-4.3090,-10.4050,-10.1242,-7.3749,-6.8262,-10.1987,-9.6743,-14.2465,-6.0703,-13.2269,-11.6172,-7.0927,-7.8045,-9.9006,-6.8482,-9.4593,-3.8184,-3.5580,-3.6206,-8.4945,-5.0097,-6.7495,-4.9001,-2.7684,-0.2116,-2.4804,1.1199,-5.1503,-8.3549,-6.9035,-7.9593,-7.3803,-5.4071,0.1730,-0.7533,-1.0036,1.2622,-2.7680,-3.1085,-3.9965,0.1770,-2.5850,-3.2933,-0.2466,-5.4568,-4.3354,3.6266,-2.6020,-4.3714,-2.8964,-3.5060,-2.7964,0.9256,-2.5255,4.5784,7.4088,4.4849,2.1295,-0.5981,11.3333,6.6243,3.8932,2.3073,3.2607,1.9312,3.9743,-0.5409,-0.1437,-2.1889,-6.3002,-5.7970,-4.5175,0.5744,0.2868,1.4360,-3.4921,-0.7577,-1.6934,6.5762,2.3902,-0.4168,-0.9614,-1.1297,-1.4860,0.2814,-0.3338,-4.4986,-0.9001,-1.1521,-1.4117,-1.7238,-2.0219,-2.4571,-3.7806,-3.9611,-3.1467,-3.3462,-7.5104,-3.7090,-3.8053,-3.9608,-4.1380,-4.3076,-4.5604,-5.7700,-5.6673,-4.9781,-5.0784,-9.1138,-5.2607,-5.2455,-5.3220,-5.4113,-5.4996,-5.6525,-6.7204,-6.2641,-5.9078,-5.9567,-9.7561,-6.0940,-6.0595,-6.1232,-6.2028,-6.2834,-6.4397,-7.3509,-6.8033,-6.6649,-6.7126,-10.2517,-6.8555,-6.8174,-6.8739,-6.9287
45136.5416667,-20.8340,-20.4492,-13.9964,-12.6113,-3.7405,-13.1583,-13.6584,-20.9457,-12.3973,-12.2180,-16.0348,-14.0407,-15.2945,-15.0917,-14.9163,-15.5322,-13.4224,-14.0040,-15.9854,-18.3556,-9.4704,-19.1678,-15.0356,-17.4500,-11.8011,-3.4025,-11.7321,-16.4467,-7.4473,-15.0951,-7.1651,-8.4623,-3.9277,-4.1006,-1.2993,-4.4626,-1.5278,-2.2252,-12.1583,0.0654,-0.8162,-3.2667,-12.1521,-10.6507,8.9852,-0.8634,-6.6376,-7.5250,-11.1151,-12.3050,-5.8782,-5.9755,-5.1529,-4.3069,-11.9573,-7.5157,-7.7130,-3.8184,5.1362,-0.8596,-2.3393,-4.4165,-10.4083,-8.8058,-8.3682,-7.0752,-1.0922,-1.4258,-11.6944,-6.1695,1.0803,-0.5343,-1.0450,-5.3322,-2.7806,7.3876,3.9009,9.5437,0.9309,3.4832,18.9590,13.7392,4.8318,0.7194,-6.3213,-5.0698,2.8086,-4.9576,1.7477,-4.5301,1.0009,2.6510,1.9706,-1.7497,-8.5184,-7.3063,-6.3952,-1.1214,-6.0718,-7.5801,-8.5612,-6.1994,-12.1563,-12.1441,-10.4567,-10.4644,-13.3379,-13.6744,-18.2864,-12.0520,-17.3025,-15.1904,-11.1716,-9.9953,-12.2577,-9.6941,-14.2166,-8.4035,-9.4321,-8.2234,-11.6873,-9.2805,-10.8212,-9.3205,-7.6761,-4.6221,-6.7026,-2.9153,-8.5136,-10.5229,-9.3569,-9.7565,-10.8015,-9.6932,-3.6588,-6.5374,-7.0698,-4.1396,-7.3189,-7.8904,-8.4960,-4.5103,-6.5941,-6.7131,-3.7758,-7.9740,-7.0165,0.9115,-6.8494,-7.7553,-6.9319,-7.5913,-6.7259,-4.4193,-5.9382,1.7139,3.3633,1.1258,-1.4633,-4.9908,7.3591,1.1627,-0.0364,-0.8575,0.9253,-1.4232,0.1679,-4.2270,-4.3015,-5.4357,-7.8351,-7.6592,-7.2124,-3.4875,-4.3422,-2.4911,-7.6748,-5.2315,-6.0158,2.3649,-1.7092,-4.1712,-4.6133,-4.1963,-4.4871,-3.3367,-3.8410,-7.9572,-4.3012,-4.2611,-4.2156,-4.2304,-4.2454,-4.4471,-5.4176,-5.4202,-4.6123,-4.7932,-9.0414,-5.4834,-5.5504,-5.6820,-5.8380,-5.9889,-6.2481,-7.3400,-7.3135,-6.7530,-6.9814,-11.1800,-7.6989,-7.7320,-7.8464,-7.9563,-8.0492,-8.2105,-9.1601,-8.8407,-8.4970,-8.6256,-12.5305,-9.1698,-9.1242,-9.1657,-9.2058,-9.2328,-9.3415,-10.0817,-9.6339,-9.4326,-9.5078,-12.7591,-9.9517,-9.8937,-9.9357,-9.9825
45136.5833333,-26.6029,-27.1291,-18.0268,-14.9241,-5.3094,-12.1213,-13.6867,-24.1663,-14.8243,-12.7081,-16.3198,-15.2578,-16.0808,-17.3298,-17.8140,-18.5419,-16.9629,-17.3388,-17.5870,-20.5190,-12.2377,-22.4367,-16.2379,-22.2828,-14.8820,-6.4650,-15.9302,-20.3801,-11.1886,-19.6205,-14.6538,-15.9381,-10.5725,-5.3840,-4.3092,-4.2818,-0.8155,-1.8425,-13.5718,-0.5885,-1.3189,-3.4301,-14.7000,-11.0910,7.4143,-5.3663,-10.2432,-9.3158,-13.6244,-14.1313,-7.7542,-8.2805,-7.3208,-5.7778,-12.8124,-13.9412,-14.3230,-10.6722,2.2358,-2.6144,-3.3998,-4.9679,-13.5721,-13.3368,-12.8307,-8.6246,-3.0815,-3.7734,-16.5115,-10.2443,-1.8728,-1.3403,-1.0349,-9.5370,-5.4931,3.7459,0.2405,3.1919,-4.2731,-0.8718,19.1968,14.4540,6.0205,2.2448,-6.9978,-2.9489,4.6177,-1.8388,4.1243,-1.7987,3.2291,4.9338,4.1649,-0.6592,-6.9330,-6.4984,-5.9079,0.9230,-4.8141,-6.3137,-7.5068,-5.8676,-11.0787,-10.7639,-9.2328,-9.2202,-11.5469,-12.5915,-17.9130,-15.1026,-20.2006,-17.6720,-15.7772,-11.5665,-12.9688,-9.9712,-16.2338,-9.8426,-13.4396,-9.4441,-11.6025,-10.4617,-11.7230,-10.9634,-12.8505,-7.9928,-9.4203,-4.8105,-9.4963,-10.5666,-12.1191,-11.2667,-13.9214,-13.8226,-5.3249,-8.1669,-10.9935,-6.0993,-7.9045,-8.8367,-9.5020,-5.7963,-7.3099,-7.6743,-5.5905,-9.1901,-8.8444,-0.9894,-10.5210,-11.0631,-8.9831,-10.6071,-9.9502,-9.8257,-9.2000,-0.5506,1.3336,0.6274,-1.5296,-5.5263,7.1070,0.7009,0.8248,1.0636,3.9750,0.9546,1.5325,-3.4981,-5.9517,-7.6976,-9.1657,-9.7804,-9.6981,-6.2677,-6.6765,-3.3821,-7.2676,-5.5736,-6.1703,2.0804,-1.4407,-3.3585,-3.7741,-3.0762,-2.9691,-2.7195,-3.3323,-6.5052,-3.9723,-4.0949,-4.2213,-4.4083,-4.5769,-4.8969,-5.8014,-5.8197,-5.1362,-5.2843,-8.4149,-5.7734,-5.7687,-5.8285,-5.9113,-5.9837,-6.1526,-7.0085,-6.8901,-6.3060,-6.4317,-9.5089,-6.9258,-6.9277,-7.0411,-7.1710,-7.2979,-7.4951,-8.3557,-8.1447,-7.8513,-8.0047,-10.9735,-8.5582,-8.5780,-8.7019,-8.8319,-8.9492,-9.1395,-9.8365,-9.5393,-9.3774,-9.4747,-11.9573,-9.8890,-9.8502,-9.9123,-9.9615
45136.6250000,-21.3371,-25.4599,-19.2323,-17.8694,-10.9698,-16.1576,-19.1972,-28.2962,-18.7291,-15.1441,-18.7821,-17.6448,-16.8634,-18.5116,-19.4531,-19.9140,-18.8557,-19.0853,-17.6906,-20.9216,-14.8378,-23.9653,-16.4575,-22.6433,-17.4587,-11.1438,-20.5651,-22.1272,-14.6461,-19.6930,-17.7117,-19.2308,-15.3320,-10.0166,-7.8947,-7.1761,-1.8030,-2.7060,-13.2831,-0.3339,-1.4170,-3.1100,-13.7331,-9.5091,6.7624,-7.1929,-10.8619,-9.4542,-13.5630,-12.3310,-7.4782,-9.2934,-8.9852,-7.5174,-12.9663,-16.8605,-16.2891,-13.1809,0.1029,-5.0065,-6.1158,-7.5590,-16.7329,-16.1609,-14.1478,-10.5665,-4.8598,-4.1863,-17.9082,-12.4128,-4.9446,-5.3792,-4.0960,-9.4330,-3.1606,2.8976,-1.1061,-0.0957,-6.7262,-0.1217,17.1823,11.4752,2.7820,-0.9535,-8.1095,-5.7056,0.9364,-4.7079,0.8481,-4.2970,0.9737,3.3977,3.6229,-0.3241,-6.4546,-3.4647,-2.4084,4.8226,-1.1697,-2.5734,-3.6780,-2.5711,-7.5342,-8.2417,-6.1896,-6.8327,-9.0742,-10.8443,-15.5561,-14.8974,-17.5230,-16.0563,-15.7215,-11.7507,-12.1901,-8.6608,-14.5057,-10.7490,-16.0491,-12.8107,-11.5115,-11.3716,-12.4543,-11.5654,-14.0256,-11.4923,-12.5148,-7.8362,-11.3444,-11.3907,-11.7488,-11.6755,-13.6579,-13.7872,-6.0285,-10.0596,-12.8917,-9.5286,-10.3280,-11.2610,-11.6233,-8.4004,-8.1606,-6.4355,-4.6957,-7.4967,-8.0173,0.0358,-9.9021,-9.8111,-8.7724,-10.1456,-10.1881,-11.7087,-9.6787,-1.9721,-1.5359,-1.9259,-3.8232,-8.0912,3.8956,-4.1102,-1.8777,-1.1565,2.1895,-1.1348,-0.2162,-5.8126,-6.4272,-7.1741,-7.3043,-7.9831,-8.8731,-6.4068,-7.9865,-3.0055,-6.3293,-5.3476,-5.9335,1.5973,-1.8579,-3.6074,-4.1127,-3.4421,-3.4241,-3.4751,-3.9819,-6.3165,-4.3143,-4.2552,-4.1914,-4.1973,-4.2023,-4.4020,-5.1499,-5.0906,-4.3898,-4.4641,-6.8577,-4.8925,-4.8807,-4.9505,-5.0593,-5.1714,-5.4056,-6.2808,-6.2554,-5.7433,-5.8790,-8.2896,-6.3787,-6.3556,-6.4374,-6.5293,-6.6150,-6.7821,-7.5676,-7.3923,-7.0429,-7.1291,-9.4146,-7.5770,-7.5374,-7.6123,-7.7034,-7.7940,-7.9826,-8.6414,-8.4336,-8.2643,-8.3657,-10.3683,-8.8292,-8.8032,-8.8857,-8.9615
45136.6666667,-16.0853,-18.0020,-12.7951,-10.9531,-3.9178,-7.2592,-12.0058,-24.4048,-15.3103,-10.9344,-14.4629,-14.9408,-14.8374,-17.8004,-19.9356,-20.9917,-20.6787,-20.7530,-18.0541,-21.2042,-15.1937,-24.6593,-15.9610,-21.3920,-16.5570,-11.4801,-22.0522,-22.8509,-18.6136,-21.7300,-21.5477,-22.2646,-18.4020,-12.7505,-9.9238,-9.3680,-1.2940,-1.8720,-12.9744,0.8428,0.0538,-1.3133,-11.8615,-6.4310,8.6291,-7.3845,-10.3342,-7.9433,-12.7183,-12.1678,-6.3286,-8.3019,-7.9146,-5.9801,-11.2605,-18.5070,-18.1530,-15.0135,0.7656,-3.5573,-4.5005,-5.8616,-17.1149,-17.2054,-15.6732,-13.3977,-9.0455,-5.1809,-19.1860,-13.2752,-5.3467,-8.3969,-6.8419,-10.5839,-1.9704,2.8679,-1.0337,-2.1416,-6.8342,3.8938,19.9127,14.1128,5.5254,1.9682,-3.1497,-2.3324,3.4254,-1.8350,2.8025,-2.3134,1.0149,5.4920,5.3304,0.3016,-7.8427,-3.7654,-2.7428,5.3146,-0.9374,-2.3959,-3.3418,-1.7826,-5.5640,-8.1559,-3.3576,-3.3709,-5.2308,-6.8145,-12.0558,-12.5695,-14.8174,-12.7384,-13.5208,-9.8338,-10.7932,-5.4008,-10.1729,-7.1573,-14.1564,-11.8704,-8.8135,-9.1491,-12.0360,-10.3761,-13.2756,-10.4946,-11.7504,-7.1953,-10.4006,-10.9435,-12.4313,-13.3499,-15.2573,-15.5918,-6.3987,-10.3049,-12.0905,-9.9678,-8.5784,-9.9795,-11.7639,-10.8812,-10.3046,-7.2662,-5.5670,-7.9626,-9.7190,-0.3506,-10.9848,-10.1857,-9.5965,-9.4985,-9.3277,-11.3126,-8.6586,-0.1927,0.2078,0.7433,-1.0304,-6.1283,5.2507,-4.7173,-0.1454,1.2657,5.4617,-0.4163,1.9944,-5.8698,-6.3991,-7.4885,-7.0042,-7.8509,-8.8200,-6.6642,-9.5775,-2.2810,-4.6330,-3.7903,-4.1576,3.6247,0.4556,-1.1338,-1.5258,-0.4665,-0.5507,-0.8372,-1.4110,-3.2577,-1.9061,-1.9943,-2.0884,-2.2485,-2.4025,-2.7212,-3.4733,-3.5181,-3.0040,-3.1214,-4.9573,-3.5280,-3.5073,-3.5422,-3.5966,-3.6414,-3.7881,-4.4671,-4.3832,-3.8791,-3.9350,-5.7114,-4.2681,-4.2140,-4.2650,-4.3334,-4.4032,-4.5526,-5.2278,-5.1062,-4.8051,-4.8896,-6.6433,-5.2999,-5.2755,-5.3528,-5.4406,-5.5228,-5.6892,-6.2413,-6.0750,-5.9029,-5.9723,-7.5032,-6.3382,-6.2967,-6.3545,-6.4037
45136.7083333,-11.5984,-13.8065,-6.3280,-4.2081,0.2212,1.2476,-2.2627,-15.1613,-5.3153,-0.3502,-5.8658,-3.8863,-4.0678,-7.6600,-10.5320,-12.4484,-13.6742,-14.8208,-12.1084,-16.8713,-13.0760,-19.0167,-10.6517,-15.7139,-13.9040,-6.9974,-17.1385,-17.7966,-16.6376,-19.0414,-21.5988,-23.0958,-20.8220,-15.3166,-12.3310,-11.3588,-1.4482,-0.5668,-11.0208,3.3090,3.3895,2.6451,-5.6014,-0.9449,13.4152,-3.1489,-5.4191,-2.5987,-7.3991,-5.2354,-1.6142,-4.1554,-3.9958,-1.9565,-6.6573,-16.2974,-16.1793,-13.6007,2.7661,-0.1041,-0.5955,-1.6351,-13.0106,-13.8086,-10.8738,-11.7280,-8.6230,-5.5735,-19.3383,-13.4702,-5.9857,-7.6466,-8.8435,-10.9463,-1.5396,2.7606,-0.4809,-2.6583,-4.9771,7.9387,23.0969,17.7793,9.4352,6.0153,3.1489,3.3667,9.3987,4.9735,9.5567,4.3269,5.3054,12.6650,12.7185,7.4673,-1.7626,2.7602,3.7565,11.5192,5.4555,3.7360,2.7044,4.3153,0.0162,-2.0972,1.4204,2.5143,0.3751,-1.2446,-6.7981,-7.8864,-10.0088,-8.1550,-9.0374,-5.9134,-7.0459,-1.2465,-5.3140,-2.1031,-9.7285,-8.3033,-4.5786,-4.6010,-8.2076,-6.2452,-10.2708,-7.1606,-7.9716,-3.2449,-5.8677,-6.5168,-8.4885,-9.0652,-12.4198,-13.7104,-4.9206,-8.8821,-10.2472,-8.9870,-7.3708,-8.7293,-11.0216,-10.1721,-9.3263,-5.7629,-4.0961,-6.0827,-7.6906,1.3579,-9.4431,-8.5941,-8.6205,-8.2635,-7.7194,-9.9574,-5.1506,-0.5576,1.4007,1.6307,2.0849,-1.4178,10.1296,1.0086,5.0186,7.1319,11.1626,2.5274,6.8946,-1.6916,-2.4836,-3.8077,-3.6453,-4.2520,-5.4743,-4.2295,-6.9919,-0.3639,-2.4589,-1.9455,-2.2815,5.4222,2.4896,0.9413,0.7280,2.2645,1.8628,2.1619,1.8735,0.6974,1.9610,2.1320,2.2847,2.3576,2.4165,2.2990,1.7890,1.8811,2.4305,2.3948,1.0103,2.1005,2.1152,2.0586,1.9690,1.8786,1.6875,1.0318,1.0496,1.4465,1.3475,-0.0759,0.9780,0.9993,0.9305,0.8557,0.7902,0.6609,0.0814,0.2003,0.5094,0.4681,-0.8730,0.1757,0.2305,0.1864,0.1302,0.0769,-0.0574,-0.5255,-0.3799,-0.2038,-0.2556,-1.4680,-0.5683,-0.5277,-0.5820,-0.6260
45136.7500000,-4.6957,-7.4169,0.0755,-0.0286,3.8163,6.0211,3.4834,-8.9014,-0.5331,4.6841,-0.6666,2.3113,2.0512,0.0534,-1.9497,-3.2300,-3.9955,-4.6108,-2.1579,-7.4517,-6.2157,-10.5074,-3.9168,-7.8055,-8.1813,-1.5128,-10.8186,-11.4882,-12.2837,-14.0130,-18.5820,-20.5440,-19.7016,-14.8770,-12.8325,-12.1887,-3.7226,-1.1331,-9.9751,4.0988,4.9696,4.8655,-1.3838,3.0612,17.4485,2.0173,0.3728,3.2807,-1.7822,1.1665,4.1238,2.1609,2.5205,4.5037,-0.3845,-10.1306,-10.4461,-8.7300,5.8360,3.5794,3.2545,2.2567,-8.3500,-9.5255,-5.9139,-7.6792,-3.9099,-2.3539,-15.8439,-11.5828,-5.6996,-6.4656,-8.8024,-9.8185,-0.8944,2.8390,0.8777,-1.2848,-2.4251,10.7987,24.9134,20.0230,11.7082,8.1922,7.1797,6.9096,13.2856,9.4842,14.2064,8.4909,9.5142,18.1588,18.7795,14.0913,4.1849,8.5159,10.4969,17.1204,12.0943,10.2902,9.1254,12.5980,7.1166,5.5235,7.9417,10.2042,7.8088,6.5076,0.9051,-0.3973,-3.1524,-2.5086,-3.6505,-1.4652,-2.7833,2.0122,-1.0327,1.9435,-5.3862,-4.6253,-1.4957,-0.7585,-4.1292,-2.1169,-5.9236,-2.8957,-2.6176,1.9594,-0.4361,-1.4834,-3.3377,-3.8051,-6.6603,-8.3474,-0.7732,-4.5306,-5.6700,-4.8722,-3.3282,-4.8494,-7.5837,-7.9479,-7.1406,-3.9249,-2.6998,-4.6325,-6.2084,1.8037,-7.7425,-7.0476,-7.5344,-6.9673,-6.2460,-8.7233,-3.1657,-0.6466,0.7854,0.9334,1.4581,-0.3055,10.9766,2.2472,5.5875,9.1764,12.9424,4.1295,9.9462,2.1343,2.1976,1.5244,1.0410,0.7756,-0.2456,0.1753,-1.6486,4.1851,2.2130,2.4630,1.9734,9.2938,6.3097,4.4837,4.2470,5.9801,4.9178,5.8115,5.5228,4.5782,5.5678,5.7193,5.8674,5.9553,6.0485,5.9922,5.6070,5.7940,6.4100,6.5050,5.5329,6.5227,6.6867,6.7839,6.8485,6.9092,6.8678,6.3995,6.5365,7.0142,7.0213,5.9551,6.8375,6.9116,6.8841,6.8374,6.7881,6.6676,6.1316,6.2170,6.4937,6.4371,5.3303,6.1264,6.1549,6.0893,6.0145,5.9462,5.8046,5.3701,5.4855,5.6566,5.6144,4.6233,5.3460,5.3965,5.3558,5.3235
45136.7916667,2.1102,-0.3187,6.0831,5.4506,8.9944,10.3477,8.8943,-2.4696,4.3085,8.3661,3.9235,6.4785,5.0012,4.3753,3.5666,2.7904,2.7509,2.0793,3.9867,0.1743,1.1003,-2.2297,2.5492,0.0143,-0.7317,5.4950,-3.1064,-3.7695,-5.5196,-7.0010,-12.7680,-15.4107,-16.0732,-11.9500,-10.8745,-10.3723,-3.7842,-1.0056,-8.5053,4.1567,4.9739,5.5600,0.6725,4.7858,19.1012,5.6194,4.3926,7.2771,2.5935,5.2393,8.0249,6.8017,7.7557,9.6370,4.3015,-3.4154,-3.8893,-2.5983,10.3472,8.2699,7.7884,7.0418,-1.7104,-3.2711,-0.0734,-2.3720,0.8177,1.4338,-10.7048,-7.8458,-3.4301,-3.9704,-6.6564,-7.1598,-0.4366,2.3610,0.6563,-0.8267,-1.2327,10.4888,24.1385,20.0875,12.8213,9.3584,9.2044,9.6770,16.6388,13.3411,18.2561,11.6404,14.1178,22.5950,23.3651,18.4189,8.6025,12.3237,14.7582,19.6709,15.9628,13.9699,12.8797,17.8634,11.6227,10.7188,13.3517,16.0708,13.3822,12.9252,7.8172,7.7874,4.2964,4.0933,3.1221,4.2300,3.0937,5.8674,3.9543,6.5193,0.3524,0.6100,2.2211,2.8747,0.0794,1.7487,-1.7909,0.6281,1.3520,5.4509,3.5975,2.1779,1.0811,0.6103,-1.5796,-3.0574,3.0897,0.2829,-0.3737,0.3095,1.4437,0.1263,-2.3522,-3.2101,-2.7267,-0.3488,0.3915,-1.4457,-3.0367,2.4331,-4.9640,-4.4161,-5.3084,-5.1520,-4.6849,-7.3896,-2.4162,-0.7856,0.2111,0.3277,0.9051,-0.0800,10.1006,2.3460,5.0380,8.8180,11.9192,4.1406,9.7557,3.2481,3.8012,3.7090,2.7541,3.4573,3.5630,4.2121,2.9047,7.8770,6.1015,6.3982,5.8952,13.1496,10.0412,7.8269,7.6774,9.7652,7.8667,9.6746,9.4485,8.7142,9.5039,9.6383,9.7654,9.8332,9.9022,9.8300,9.4687,9.6174,10.1491,10.2231,9.4449,10.2235,10.3703,10.4616,10.5293,10.6000,10.5831,10.1961,10.3534,10.8291,10.8950,10.1061,10.8690,11.0156,11.0741,11.1183,11.1616,11.1389,10.7470,10.8965,11.2297,11.2583,10.4333,11.1178,11.2038,11.1961,11.1719,11.1452,11.0424,10.6753,10.7789,10.9430,10.9081,10.0921,10.6566,10.6945,10.6477,10.6096
45136.8333333,9.0026,7.4695,12.0314,11.5327,15.1423,14.2243,13.9760,3.9965,9.5081,11.8293,8.6999,10.4471,8.1507,8.4368,7.9136,7.2712,7.5680,6.8406,7.5171,4.8613,6.0172,2.9519,6.1381,4.7011,4.1423,10.1862,2.6342,2.0979,0.7623,-0.3541,-5.8250,-8.5594,-10.1939,-6.8865,-6.7021,-6.4756,-1.6042,0.3526,-5.6404,4.8368,5.3735,5.8410,1.8796,5.4163,19.1186,7.6198,6.4725,9.0730,4.9704,6.8490,9.5816,9.2628,10.5391,12.1894,6.4450,1.6951,1.3493,2.4042,13.6758,11.3690,10.8991,10.0089,3.1868,1.8386,4.3684,2.5103,5.4089,5.7606,-4.8972,-3.3207,-0.3734,-1.1541,-3.5325,-3.8447,1.0375,3.2190,1.5837,0.2526,-0.2295,9.8082,21.7524,18.2508,11.1560,7.7602,8.4851,8.7058,15.7665,12.7205,17.7644,10.6483,14.9593,22.8694,24.0855,20.0392,10.0671,13.7555,16.3079,19.4372,17.1792,15.1176,14.6263,20.8014,14.8021,14.2410,17.4269,19.9476,16.6351,16.7787,11.7787,13.5898,9.4250,9.0711,8.7954,8.8980,8.5398,9.7255,8.7823,11.2148,6.4273,6.3948,5.8591,7.2786,4.7821,6.0503,3.0964,4.8153,5.1732,8.4820,6.3475,4.3758,3.9323,3.5636,2.0375,0.8846,5.7531,3.3531,2.9821,3.8846,4.4760,3.6555,1.8828,1.2933,1.5809,3.2137,3.9727,2.1825,1.0215,5.0381,-0.8597,-0.5798,-1.6892,-2.0372,-2.1342,-4.9789,-0.8886,0.1071,0.7198,0.7122,1.2645,0.5250,9.1261,2.6721,4.6128,7.9478,10.2309,3.9136,8.8393,3.4864,4.3336,4.2997,2.9070,4.0474,5.0312,6.1136,5.3001,9.1106,7.4817,7.8497,7.3632,14.6324,11.3987,8.8531,8.8768,11.4048,8.7499,11.5228,11.4705,11.0509,11.7688,11.9969,12.2128,12.3730,12.5249,12.5506,12.3347,12.5168,13.0013,13.1164,12.5763,13.1985,13.3514,13.4543,13.5326,13.6076,13.6048,13.3001,13.4252,13.8098,13.8690,13.2779,13.8540,13.9804,14.0381,14.0860,14.1348,14.1305,13.8317,13.9637,14.2558,14.3090,13.7147,14.2611,14.3724,14.4121,14.4407,14.4686,14.4340,14.1882,14.3129,14.4946,14.5156,13.9345,14.3988,14.4723,14.4735,14.4714
45136.8750000,14.4393,14.5102,17.5207,17.5554,21.8916,18.3469,19.4330,10.5041,15.1752,15.5814,13.8084,14.7487,11.5231,12.9775,12.8348,11.9861,12.3881,11.4939,10.6754,8.9074,10.6000,7.3439,8.9715,8.6182,8.0972,13.9598,6.9423,6.1068,5.5151,4.3115,-0.0615,-2.4469,-4.1471,-1.2873,-1.3510,-1.2227,2.5387,3.9084,-1.1577,7.1758,7.5022,7.5037,4.1383,6.9318,19.5502,9.4083,7.9082,10.0483,6.2849,7.3756,9.9821,10.4014,11.7899,13.1837,6.9772,5.1658,4.9154,5.8418,15.7952,13.3134,12.9782,12.0227,7.0637,6.0411,7.7431,6.4434,9.0951,9.3808,0.2386,1.0955,3.2396,2.4896,0.3062,-0.2062,3.0898,5.1889,3.6855,2.6027,2.1285,10.7737,21.0840,18.0843,11.0653,7.7562,9.1431,8.9634,15.6816,12.7478,17.4314,9.9030,15.2414,22.3455,23.4899,20.0744,9.7780,13.2648,15.6630,17.2863,16.1276,14.0322,14.0419,21.1759,15.9813,15.7757,19.7434,22.2378,18.4657,19.3777,14.2839,18.0159,12.5508,11.9018,12.3426,11.4706,12.0114,11.9159,11.8746,14.6159,11.2131,11.2228,8.4760,11.3863,9.1855,10.5241,8.7272,9.9974,9.7839,12.4887,9.6993,6.8958,7.0055,6.6695,5.6221,4.7598,8.7790,6.4801,5.9656,6.7438,6.3886,5.8742,4.5775,4.3795,4.3578,5.3443,6.4352,4.4275,3.9484,7.5180,2.9082,3.0010,2.1618,1.6829,1.3403,-1.2670,1.6771,2.3387,2.8217,2.6246,2.9663,2.3669,9.6289,4.2816,5.5017,8.3028,9.8375,4.7418,8.9503,4.4053,5.2927,4.9862,3.1339,4.2989,5.6956,6.9677,6.4119,9.0596,7.4809,7.7971,7.2489,14.4072,11.0430,8.2827,8.4197,11.2312,8.0711,11.4355,11.5097,11.3604,12.0123,12.3286,12.6373,12.9051,13.1628,13.3220,13.2981,13.5538,14.0306,14.2444,13.9869,14.5423,14.7723,14.9631,15.1310,15.2894,15.3815,15.2447,15.4062,15.7550,15.8692,15.5136,15.9730,16.1205,16.2152,16.2977,16.3750,16.4060,16.2164,16.3280,16.5586,16.6185,16.2144,16.6111,16.7104,16.7595,16.8002,16.8394,16.8309,16.6673,16.7671,16.9149,16.9500,16.5560,16.8997,16.9785,17.0071,17.0284
45136.9166667,17.9928,19.9036,21.4689,22.0648,27.3873,20.9507,23.4000,15.3346,19.6170,18.1479,17.7108,18.0300,13.8798,16.7212,17.2502,16.3473,17.0746,16.0126,13.6066,12.6639,15.1534,11.3230,11.5331,12.2525,11.6714,17.5103,10.5208,9.2030,9.5358,7.8466,4.7409,2.6161,1.0129,3.3167,3.1741,3.1577,6.2308,7.3590,2.9278,9.9378,10.1692,9.6890,6.8042,9.0104,20.6241,11.5044,9.4426,11.1028,7.3854,7.7942,10.1812,10.9946,12.2638,13.2738,6.6573,7.2843,7.0153,7.7702,16.5403,13.7371,13.4240,12.3556,9.0556,8.4974,9.5032,8.8854,11.5947,12.0362,4.1411,4.6920,6.4526,5.9475,3.9363,3.1350,5.0827,7.4836,6.0260,5.2055,4.6466,12.0397,20.7647,18.0649,11.0357,7.7744,9.6865,9.1950,15.6535,12.8247,17.2091,9.4183,15.4790,21.8108,22.8024,19.8775,9.3582,12.6011,14.7474,15.2083,14.6994,12.5339,12.7487,20.3040,15.8941,15.8357,20.3382,22.7066,18.4373,20.1526,14.9610,20.6992,13.9265,13.1304,14.2377,12.5328,13.8536,12.7446,13.3929,16.5001,14.1659,14.2191,9.3781,13.8128,11.7957,13.5362,13.2516,14.5014,13.8540,16.2251,12.6626,8.9113,9.7266,9.5867,9.0850,8.6227,12.2407,9.8982,9.1640,9.8244,8.3586,8.0019,6.9559,7.0627,6.4996,6.8222,8.1763,5.6183,5.6277,9.1181,5.3621,5.1816,4.7118,4.2542,4.0463,2.2345,3.8940,4.5555,5.1807,4.6917,4.7436,4.3256,10.8230,6.2781,6.8190,9.1928,10.0859,5.8270,9.5486,5.5567,6.5786,6.0063,3.7117,4.8115,6.4406,7.7083,7.1698,8.7751,7.1404,7.3062,6.6305,13.4796,9.9747,7.1058,7.2462,10.0901,6.7071,10.2096,10.2860,10.2558,10.7821,11.0850,11.3890,11.6705,11.9504,12.1673,12.2621,12.5517,12.9962,13.2631,13.2078,13.7115,13.9934,14.2489,14.4888,14.7218,14.9084,14.9362,15.1664,15.5232,15.7169,15.5848,16.0086,16.2155,16.3828,16.5380,16.6855,16.7972,16.7528,16.9101,17.1447,17.2580,17.0477,17.3818,17.5080,17.5955,17.6730,17.7454,17.7812,17.7067,17.8089,17.9411,17.9933,17.7480,18.0058,18.0802,18.1176,18.1445
45136.9583333,19.1630,22.9881,23.4392,24.7258,31.3722,22.1791,26.0146,18.6984,22.8787,19.7013,20.4469,20.2287,15.1411,19.2780,20.5159,19.5871,20.8263,19.7008,15.7566,15.6333,19.3019,14.6941,13.7035,15.5768,14.9913,21.2146,13.9289,12.0024,13.4132,10.9282,9.1379,7.1711,5.6932,7.3326,7.1405,6.7985,9.3782,10.3192,6.0664,12.3358,12.5513,11.6135,9.1018,10.9213,21.8951,13.7001,11.0489,12.3324,8.5401,8.4271,10.6757,11.7845,12.9111,13.5585,6.6170,9.0808,8.6169,9.1329,16.8653,13.6928,13.3053,12.0615,9.9810,9.7373,10.0460,9.9467,12.7390,13.4244,6.5832,7.1814,8.9672,8.9302,7.0749,5.8129,6.6674,9.7303,8.3084,7.8584,7.2073,13.6369,21.0274,18.5796,11.5117,8.2458,10.5617,9.7743,15.9992,13.1937,17.2757,9.2746,15.8077,21.4258,22.2249,19.6437,8.9674,11.9515,13.8596,13.5313,13.4391,11.2693,11.5811,19.2853,15.3167,15.3607,20.2580,22.4981,17.8103,20.1110,14.7024,22.0302,13.9638,13.0097,14.6494,12.3395,14.2631,12.4597,13.6198,17.1182,15.6610,15.8040,9.2984,14.9394,13.0054,15.1973,16.4407,17.8194,16.7657,19.0145,14.6210,9.9258,11.4068,11.5236,11.6033,11.6680,15.3839,13.0354,12.1931,12.9602,10.3742,10.2027,9.3478,9.8514,8.6903,8.4547,10.1217,6.8551,7.1904,10.8319,7.5975,7.0586,6.8153,6.1037,5.9082,4.8955,5.2430,6.0869,7.0348,6.2274,6.0045,5.7732,12.0320,8.1039,8.0860,10.2138,10.6215,6.9401,10.4056,6.7684,7.9995,7.1673,4.3821,5.4304,7.3041,8.5895,8.0298,8.8089,7.1176,7.1491,6.3696,12.8651,9.2986,6.4375,6.5420,9.2676,5.8840,9.2531,9.2759,9.2636,9.6370,9.8609,10.0894,10.3064,10.5264,10.7072,10.8080,11.0472,11.3985,11.6328,11.6499,12.0560,12.3152,12.5610,12.8004,13.0394,13.2501,13.3547,13.6015,13.9389,14.1672,14.1731,14.5626,14.8054,15.0222,15.2313,15.4356,15.6149,15.6861,15.8949,16.1564,16.3333,16.2856,16.6099,16.7900,16.9411,17.0828,17.2181,17.3251,17.3527,17.4984,17.6616,17.7666,17.6630,17.9011,18.0099,18.0875,18.1449
45137.0000000,19.8980,25.2814,24.7398,26.5879,34.5202,22.8275,27.8021,20.8918,25.0597,20.4005,22.1316,21.4802,15.6034,20.7507,22.7378,21.8622,23.7278,22.5988,17.2195,17.8188,22.8324,17.3205,15.3148,18.3391,17.8015,24.7631,16.9698,14.4512,17.1782,13.8147,13.5048,11.6957,10.4338,11.3512,11.1386,10.3366,12.5617,13.3365,8.9121,14.6128,14.8456,13.4509,11.2076,12.7704,23.3891,16.0268,12.7642,13.5470,9.6491,9.1464,11.3685,12.7853,13.8503,14.2265,6.9859,11.0686,10.4004,10.7009,17.5857,14.0621,13.5775,12.1547,10.9821,10.9445,10.5883,10.8309,13.5803,14.2525,7.8958,8.5988,10.5964,11.1519,9.4644,7.7371,7.7251,11.6754,10.3226,10.3569,9.6382,15.3580,21.6566,19.4577,12.3204,8.9539,11.6840,10.6745,16.8264,14.0501,17.9315,9.7369,16.7074,21.7266,22.3513,20.0393,9.2163,11.9737,13.6628,12.7795,12.9385,10.7761,11.1064,18.7884,14.4756,14.6095,19.7961,21.9542,16.9997,19.6340,14.1091,22.6957,13.5459,12.4468,14.4375,11.7252,14.0217,11.7705,13.2267,16.9936,16.1967,16.4082,8.7441,15.1553,13.2695,15.8688,18.5336,20.1388,18.7210,20.9719,15.7706,10.2780,12.2852,12.6325,13.2228,13.8095,17.8922,15.5295,14.6448,15.6885,12.0218,12.1017,11.4669,12.5085,10.7827,10.1374,12.2597,8.2370,8.9040,12.9473,10.0407,9.1373,9.1146,8.0665,7.8026,7.4697,6.5206,7.5789,8.8803,7.7060,7.0474,6.9348,13.2549,9.7188,9.2262,11.2285,11.2609,7.9630,11.3564,7.9350,9.4728,8.4173,5.1138,5.9521,8.1544,9.5537,9.0094,9.1556,7.4269,7.3776,6.5361,12.7579,9.1782,6.3634,6.4429,9.0436,5.7291,8.9321,8.9129,8.9030,9.1594,9.3146,9.4741,9.6271,9.7833,9.9137,9.9898,10.1629,10.4157,10.5902,10.6167,10.9130,11.1113,11.3030,11.4929,11.6852,11.8607,11.9655,12.1712,12.4430,12.6433,12.6933,13.0106,13.2310,13.4369,13.6407,13.8443,14.0336,14.1508,14.3653,14.6190,14.8172,14.8623,15.1650,15.3709,15.5583,15.7402,15.9184,16.0775,16.1817,16.3670,16.5645,16.7214,16.7334,16.9792,17.1344,17.2628,17.3603
45137.0416667,20.1410,26.7946,25.4718,27.8008,36.9387,23.1147,29.0349,22.6686,26.9433,21.0796,23.5959,22.5967,16.0808,22.0872,24.6137,23.6525,25.9784,24.7657,18.0888,19.2460,25.5807,19.1458,16.3203,20.3976,19.9277,27.8076,19.3753,16.2946,20.4406,16.1718,17.4673,15.8616,14.9910,15.2267,15.0923,13.7932,15.8275,16.5018,11.6636,17.1674,17.3670,15.4540,13.3458,14.6963,25.1191,18.4349,14.4958,15.0130,10.8650,10.0131,12.2274,13.8848,14.8864,15.0212,7.4378,13.0169,12.1606,12.2843,18.5211,14.6839,14.1303,12.5688,12.1398,12.2954,11.3614,11.8857,14.5914,15.1899,8.7183,9.3862,11.5648,12.6549,11.0658,8.8534,8.1638,13.0123,11.7268,12.2868,11.4966,16.7073,22.0892,20.1158,12.8702,9.4266,12.5652,11.3829,17.5916,14.8424,18.6210,10.2106,17.6627,22.2238,22.7359,20.6930,9.7016,12.3490,13.8966,12.6097,12.9524,10.8127,11.1596,18.7759,14.2113,14.3270,19.6009,21.5940,16.3987,19.2800,13.5986,23.0167,12.9938,11.7745,13.9656,11.0200,13.5126,11.0081,12.6146,16.5248,16.2111,16.4664,8.1099,14.8951,13.0375,15.9153,19.7622,21.5818,19.8136,22.1085,16.1791,10.1083,12.4844,13.0232,14.0320,15.0834,19.6431,17.2506,16.3499,17.7377,13.0640,13.4004,12.9783,14.6062,12.3548,11.4086,14.0731,9.3029,10.3289,14.9716,12.2690,11.0284,11.3008,10.0088,9.7680,10.1596,7.9395,9.2561,10.9587,9.3661,8.3576,8.2949,14.8583,11.5495,10.5746,12.4950,12.1865,9.0799,12.4852,9.1177,10.9670,9.6655,5.7949,6.7005,9.1574,10.6307,10.0458,9.6562,7.8601,7.7423,6.8412,12.8853,9.2898,6.4992,6.5633,9.0802,5.8138,8.9056,8.8621,8.8586,9.0392,9.1512,9.2666,9.3779,9.4917,9.5876,9.6459,9.7712,9.9521,10.0797,10.1054,10.3174,10.4629,10.6048,10.7463,10.8903,11.0236,11.1090,11.2648,11.4681,11.6236,11.6769,11.9156,12.0899,12.2560,12.4226,12.5909,12.7512,12.8637,13.0451,13.2561,13.4312,13.5029,13.7541,13.9415,14.1185,14.2942,14.4695,14.6337,14.7620,14.9482,15.1449,15.3156,15.3880,15.6223,15.7952,15.9473,16.0648
45137.0833333,19.8530,27.5699,25.6259,28.3864,38.6835,22.9947,29.6833,23.6880,28.0961,21.2187,24.3795,23.1170,16.1280,22.7373,25.8408,24.9293,27.8062,26.5868,18.8340,20.4308,27.9708,20.6400,17.1370,22.0694,21.6360,30.4544,21.3202,17.6979,23.1911,18.0149,20.8767,19.4933,19.1274,18.7348,18.7741,16.9721,18.9825,19.6532,14.2372,19.8068,20.0395,17.6241,15.6002,16.8274,27.2477,21.1039,16.4136,16.6597,12.2007,11.0542,13.3243,15.2232,16.1869,16.1127,8.1082,15.0855,14.0045,13.9570,19.6881,15.5297,14.9006,13.2002,13.3749,13.7083,12.2597,13.0391,15.7631,16.2896,9.4574,10.0206,12.3417,13.8885,12.3107,9.5078,8.3077,13.9262,12.6605,13.7391,12.8753,17.7250,22.3489,20.5765,13.2060,9.6701,13.1667,11.8363,18.1609,15.4244,19.1565,10.5159,18.4540,22.6709,23.1124,21.3154,10.1082,12.7205,14.1891,12.6157,13.1065,10.9913,11.3676,18.9843,14.0864,14.2290,19.6038,21.4978,16.1587,19.1765,13.4108,23.4397,12.7057,11.3641,13.6295,10.5521,13.1108,10.4682,12.1112,16.0566,16.0777,16.3437,7.6124,14.4894,12.6498,15.6921,20.4818,22.4798,20.3782,22.7246,16.1748,9.7327,12.3048,12.9589,14.2628,15.6842,20.7323,18.2889,17.3746,19.1102,13.5523,14.1060,13.8623,16.0537,13.3346,12.1653,15.3723,9.9157,11.2653,16.5999,14.0196,12.4777,13.0738,11.6005,11.4692,12.6721,9.2331,10.8773,13.0759,11.0612,9.7093,9.7290,16.7877,13.6061,12.1825,14.1071,13.5059,10.4557,13.9768,10.5347,12.6994,11.1054,6.5983,7.5687,10.3345,11.9235,11.2922,10.4495,8.5601,8.3817,7.4086,13.3826,9.7430,6.9263,6.9715,9.4471,6.1714,9.2045,9.1294,9.1157,9.2306,9.2999,9.3730,9.4448,9.5196,9.5832,9.6217,9.7081,9.8351,9.9266,9.9486,10.1005,10.2081,10.3141,10.4208,10.5299,10.6320,10.7009,10.8192,10.9714,11.0912,11.1404,11.3183,11.4527,11.5822,11.7126,11.8448,11.9719,12.0663,12.2092,12.3739,12.5150,12.5853,12.7806,12.9337,13.0809,13.2285,13.3772,13.5194,13.6380,13.7980,13.9673,14.1203,14.2065,14.4059,14.5646,14.7082,14.8205
45137.1250000,19.2133,27.7109,25.2504,28.3343,39.6460,22.3721,29.6657,24.0370,28.6062,20.9105,24.5893,23.1322,15.8176,22.8436,26.4170,25.5281,28.8880,27.6656,19.0132,21.0163,29.6863,21.5325,17.5183,23.2139,22.8449,32.6103,22.7632,18.7023,25.4404,19.4384,23.7597,22.5715,22.7357,21.7531,22.0057,19.7177,21.8128,22.5514,16.4754,22.3317,22.6203,19.7061,17.7167,18.8848,29.5021,23.8703,18.4114,18.4353,13.6124,12.1893,14.5583,16.6906,17.6281,17.3575,8.8404,17.2029,15.8887,15.6722,21.0108,16.5160,15.8105,13.9728,14.6547,15.1501,13.2287,14.2354,17.0167,17.4563,10.2164,10.6750,13.1059,15.0259,13.3964,10.0169,8.4200,14.6460,13.3464,14.8664,13.8887,18.4342,22.3843,20.7627,13.2598,9.6389,13.4225,11.9742,18.4278,15.6933,19.4098,10.5580,18.9364,22.8806,23.2723,21.7037,10.2799,12.9057,14.3313,12.5353,13.1398,11.0455,11.4562,19.1036,13.8813,14.0460,19.4922,21.3103,15.8829,19.0057,13.2376,23.8041,12.5442,11.1545,13.4454,10.2985,12.8689,10.1527,11.7893,15.7068,15.9527,16.2062,7.3046,14.1258,12.2897,15.3972,20.8884,23.0096,20.5961,22.9681,15.9239,9.2987,11.9560,12.6800,14.1765,15.8616,21.3178,18.8092,17.8737,19.9097,13.6256,14.3444,14.2363,16.9006,13.7840,12.4506,16.1204,10.1027,11.7065,17.6875,15.1622,13.3554,14.2661,12.6767,12.7010,14.7285,10.1497,12.1262,14.8541,12.4129,10.7300,10.8573,18.5848,15.4347,13.5976,15.5980,14.7409,11.6631,15.4355,11.8718,14.4676,12.6239,7.4620,8.5154,11.6422,13.3755,12.6812,11.4243,9.4044,9.1696,8.1096,14.1255,10.3884,7.4824,7.5107,9.9996,6.6385,9.6899,9.5844,9.5575,9.6209,9.6542,9.6916,9.7291,9.7699,9.8038,9.8211,9.8724,9.9528,10.0098,10.0195,10.1198,10.1908,10.2618,10.3343,10.4095,10.4810,10.5305,10.6151,10.7245,10.8129,10.8534,10.9838,11.0855,11.1849,11.2859,11.3891,11.4895,11.5679,11.6805,11.8091,11.9220,11.9866,12.1379,12.2609,12.3806,12.5010,12.6228,12.7406,12.8426,12.9737,13.1120,13.2397,13.3220,13.4829,13.6164,13.7389,13.8350
45137.1666667,18.1039,27.1896,24.3798,27.7500,39.9812,21.4592,29.2080,23.9081,28.6191,20.3024,24.3657,22.7540,15.2342,22.5122,26.4595,25.5910,29.3745,28.1540,18.7751,21.0771,30.7551,21.8649,17.4550,23.7695,23.4617,34.1604,23.6149,19.1696,27.0472,20.2865,25.9916,25.0158,25.7507,24.2186,24.7159,21.9560,24.2071,25.0612,18.2912,24.4836,24.8904,21.5307,19.5684,20.7542,31.7461,26.5894,20.3694,20.2442,15.0318,13.3723,15.9077,18.2943,19.2419,18.8108,9.6985,19.4261,17.8597,17.4862,22.5546,17.7010,16.9055,14.9120,16.0101,16.6428,14.2656,15.4699,18.3291,18.6671,10.9697,11.3648,13.9307,16.2063,14.4987,10.5344,8.6385,15.3759,14.0144,15.9349,14.8423,19.1622,22.5421,21.0386,13.4067,9.7004,13.6824,12.1127,18.6520,15.8870,19.5720,10.5310,19.2479,22.9549,23.2884,21.8897,10.2574,12.8835,14.2752,12.3294,13.0153,10.9392,11.3740,19.0508,13.5793,13.7653,19.2603,21.0227,15.5487,18.7195,12.9651,23.9703,12.3144,10.9194,13.2352,10.0740,12.6516,9.9177,11.5485,15.4381,15.8620,16.1119,7.1417,13.8605,12.0314,15.1554,21.1856,23.3851,20.6727,23.0489,15.6064,8.9096,11.5606,12.3028,13.9063,15.7719,21.5569,18.9782,18.0158,20.2969,13.4451,14.2725,14.2578,17.2972,13.8691,12.4229,16.4519,10.0207,11.7919,18.3236,15.8260,13.8057,14.9741,13.2723,13.4325,16.2190,10.6533,12.9424,16.1979,13.3705,11.4091,11.6343,20.1093,16.9373,14.7467,16.8755,15.8093,12.6527,16.7364,13.0014,16.0570,13.9764,8.1544,9.3366,12.8914,14.8367,14.1042,12.4882,10.3253,10.0526,8.9036,15.0911,11.2181,8.1730,8.1921,10.7547,7.2457,10.3852,10.2497,10.2055,10.2242,10.2228,10.2249,10.2279,10.2339,10.2358,10.2270,10.2430,10.2809,10.3039,10.2951,10.3505,10.3873,10.4253,10.4657,10.5091,10.5508,10.5781,10.6309,10.7024,10.7604,10.7859,10.8748,10.9451,11.0149,11.0868,11.1610,11.2343,11.2928,11.3761,11.4718,11.5577,11.6107,11.7249,11.8208,11.9154,12.0114,12.1091,12.2048,12.2901,12.3964,12.5087,12.6144,12.6890,12.8187,12.9301,13.0335,13.1150
45137.2083333,17.3058,26.6695,23.5222,27.0180,39.9168,20.4113,28.3938,23.3345,28.1240,19.3590,23.6768,21.9644,14.3974,21.8014,26.0413,25.2079,29.3431,28.1287,18.2149,20.7350,31.2265,21.7121,17.0320,23.8062,23.5492,35.0745,23.8850,19.1514,28.0228,20.6115,27.5577,26.7709,28.0745,26.0269,26.7746,23.5689,26.0108,27.0065,19.5464,26.0787,26.5905,22.7936,20.8294,22.0599,33.5585,28.9226,22.0011,21.7213,16.1798,14.3184,17.0512,19.7367,20.7514,20.2029,10.4640,21.5921,19.8117,19.3049,24.2102,19.0021,18.1330,15.9954,17.4645,18.2304,15.4281,16.8128,19.7676,19.9982,11.7698,12.0961,14.7787,17.3594,15.5478,11.0751,8.9271,16.1081,14.6693,16.9242,15.6911,19.8104,22.6737,21.2507,13.4901,9.7089,13.8503,12.1904,18.8143,16.0205,19.6868,10.4951,19.4807,22.9750,23.2469,21.9898,10.1942,12.8154,14.1688,12.1012,12.8307,10.7664,11.2078,18.8715,13.2299,13.4142,18.9014,20.5973,15.1042,18.3008,12.6006,23.9292,11.9979,10.6186,12.9266,9.7731,12.3297,9.6012,11.2150,15.0548,15.6073,15.8625,6.9295,13.5469,11.7520,14.8851,21.3323,23.6109,20.6510,23.0193,15.2792,8.6012,11.2129,11.9548,13.6060,15.5730,21.5803,18.9216,17.9195,20.3778,13.0998,13.9930,14.0397,17.3451,13.6803,12.1602,16.4316,9.7391,11.6086,18.5387,16.0437,13.8558,15.2348,13.4734,13.7582,17.1908,10.8110,13.3360,17.0445,13.8730,11.6772,11.9956,21.1862,17.9380,15.4470,17.7200,16.4772,13.2284,17.6610,13.7658,17.3251,15.0576,8.6376,9.9778,13.9738,16.1601,15.3965,13.4514,11.1324,10.8344,9.5974,16.0471,11.9952,8.7723,8.7908,11.4754,7.7673,11.0609,10.9067,10.8557,10.8484,10.8277,10.8096,10.7922,10.7771,10.7592,10.7340,10.7258,10.7328,10.7298,10.7049,10.7245,10.7316,10.7400,10.7504,10.7636,10.7762,10.7795,10.8012,10.8366,10.8636,10.8693,10.9196,10.9583,10.9977,11.0396,11.0843,11.1294,11.1655,11.2196,11.2833,11.3414,11.3779,11.4574,11.5255,11.5936,11.6637,11.7360,11.8078,11.8734,11.9543,12.0403,12.1227,12.1844,12.2849,12.3736,12.4567,12.5224
45137.2500000,16.0790,25.6170,22.2992,25.9150,39.3842,19.2140,27.3403,22.6543,27.4771,18.4250,22.8727,21.0669,13.5324,20.8745,25.2664,24.4274,28.8054,27.5904,17.3303,19.9877,31.1174,21.1264,16.2949,23.3731,23.1628,35.3936,23.6537,18.7068,28.3726,20.4186,28.4257,27.8189,29.6715,27.1551,28.1516,24.5313,27.1769,28.3198,20.1992,27.0891,27.7071,23.5043,21.5267,22.8103,34.8426,30.6578,23.0469,22.6032,16.7539,14.7307,17.6645,20.6584,21.7751,21.1472,10.8093,23.3114,21.3640,20.7686,25.6100,20.0713,19.1584,16.9014,18.7286,19.6524,16.4780,18.0614,21.1746,21.3385,12.6037,12.8868,15.6992,18.5642,16.6250,11.6369,9.2783,16.8618,15.3279,17.8906,16.5133,20.4741,22.8869,21.5147,13.6242,9.7696,14.0140,12.2591,18.9257,16.0809,19.7093,10.3917,19.5615,22.8622,23.0658,21.9126,9.9986,12.5983,13.9155,11.7717,12.5266,10.4828,10.9247,18.5427,12.9016,13.0723,18.5102,20.1303,14.6381,17.7746,12.1355,23.6576,11.5557,10.2025,12.4889,9.3765,11.8960,9.2046,10.7897,14.5617,15.2051,15.4601,6.6289,13.1001,11.3431,14.4587,21.2218,23.5763,20.4231,22.7920,14.8517,8.2572,10.8142,11.5525,13.2268,15.2600,21.4305,18.7083,17.6702,20.2527,12.6771,13.5937,13.6694,17.1461,13.3145,11.7485,16.1566,9.3309,11.2305,18.4206,15.9248,13.6161,15.1360,13.3209,13.6945,17.6496,10.6533,13.3461,17.4254,13.9772,11.6297,12.0105,21.8138,18.4819,15.7316,18.1385,16.7530,13.4171,18.1587,14.1097,18.1233,15.6961,8.7826,10.2762,14.7067,17.1699,16.4063,14.1853,11.7254,11.4195,10.1083,16.8743,12.6322,9.2275,9.2525,12.0819,8.1665,11.6350,11.4670,11.4120,11.3865,11.3515,11.3182,11.2854,11.2541,11.2212,11.1834,11.1575,11.1423,11.1206,11.0844,11.0792,11.0658,11.0537,11.0436,11.0357,11.0278,11.0140,11.0130,11.0216,11.0250,11.0142,11.0342,11.0467,11.0602,11.0759,11.0941,11.1132,11.1266,11.1530,11.1865,11.2170,11.2335,11.2803,11.3200,11.3607,11.4037,11.4492,11.4953,11.5382,11.5924,11.6510,11.7080,11.7521,11.8235,11.8876,11.9484,11.9969
45137.2916667,14.3653,23.7981,20.3100,23.8008,37.4625,16.8748,24.8581,20.4778,25.3723,16.2401,20.6888,18.9092,11.6397,18.8586,23.3953,22.6550,27.2189,25.9886,15.6179,18.3979,29.9240,19.5882,14.7886,22.0030,21.8110,34.4478,22.2143,17.2292,27.5085,19.2337,28.1893,27.7735,30.1419,27.1810,28.3517,24.3679,27.1555,28.3765,19.7010,26.9127,27.4594,22.8629,20.7963,22.1330,34.6888,30.9165,22.7508,22.2930,16.2500,14.1447,17.2249,20.3799,21.5073,20.7463,9.9257,23.6950,21.7123,21.0381,25.8246,19.8695,18.8450,16.4728,18.6621,19.8843,16.5031,18.3539,21.7349,21.9317,13.0875,13.4560,16.3762,19.4068,17.2919,11.8947,9.4136,17.2214,15.5045,18.2669,16.6263,20.3136,22.2837,20.7589,12.6545,8.7374,12.9623,11.2083,17.9129,15.0252,18.6375,9.3076,18.5252,21.6533,21.8061,20.7432,8.8798,11.5041,12.7879,10.6531,11.2906,9.2682,9.6910,17.1845,11.6809,11.8213,17.1627,18.6787,13.2388,16.4273,11.0230,22.7137,10.6268,9.3927,11.6589,8.5975,11.0177,8.3777,9.8674,13.5066,14.1144,14.3270,5.7446,12.0511,10.3292,13.4282,20.3404,22.7454,19.4057,21.7044,13.6466,7.2542,9.7831,10.5461,12.2422,14.3033,20.5516,17.7980,16.7690,19.4364,11.6924,12.6462,12.7857,16.3867,12.4545,10.8869,15.3136,8.4690,10.3904,17.7025,15.1340,12.7368,14.3699,12.5919,13.0686,17.4317,10.0352,12.8172,17.0441,13.3333,10.8254,11.1825,21.4495,17.9295,14.9440,17.4210,15.9188,12.4364,17.4486,13.2966,17.7656,15.3200,8.1524,9.7963,14.6015,17.3204,16.5239,14.0950,11.4524,11.1511,9.7553,16.8230,12.3258,8.7194,8.7113,11.6513,7.5777,11.1859,10.9770,10.8800,10.8669,10.8076,10.7515,10.6967,10.6532,10.6134,10.5761,10.5693,10.5709,10.5253,10.4485,10.4541,10.4131,10.3701,10.3299,10.2967,10.2698,10.2324,10.2439,10.2618,10.2362,10.1788,10.2039,10.1832,10.1583,10.1379,10.1246,10.1194,10.1034,10.1357,10.1692,10.1683,10.1346,10.1832,10.1867,10.1859,10.1897,10.2005,10.2180,10.2309,10.2851,10.3342,10.3584,10.3509,10.4233,10.4512,10.4717,10.4865
45137.3333333,11.8864,21.0729,17.6648,20.9317,34.5424,14.1094,21.4357,16.9808,21.7968,12.7754,16.7134,14.8575,7.8506,14.5309,18.9934,18.4072,23.1237,22.0249,11.8800,14.8951,26.7991,16.3333,11.8703,19.1054,18.9198,31.9393,19.3399,14.3811,25.0001,16.3594,25.9642,25.6872,28.5357,25.3501,26.7218,22.5730,25.4756,26.6157,17.4860,25.1537,25.3402,20.5670,18.1391,19.6100,32.7184,29.1330,20.5913,20.2663,14.1308,12.1028,15.3343,18.3488,19.3718,18.4787,7.3422,21.6663,19.6685,19.0718,23.7758,17.6851,16.4734,13.9481,16.0719,17.6335,14.2945,16.3682,20.0958,20.6430,12.2495,13.1888,16.3254,19.4206,17.1527,11.2210,8.9266,16.8135,14.6338,17.4842,15.5112,18.8944,20.6792,19.0359,10.6727,6.6009,10.4259,8.7646,15.3559,12.4112,15.9598,6.9029,15.8116,18.7457,18.7627,17.5744,5.9993,8.5276,9.7946,7.9036,8.1381,6.2162,6.5137,13.8149,8.7842,8.8857,14.0042,15.3294,9.9983,13.2730,8.2952,20.1294,8.3199,7.4270,9.7800,6.9247,9.2554,6.7667,8.1768,11.6651,12.1766,12.2315,3.9570,10.0273,8.2244,11.2581,18.0070,20.4904,17.0707,19.2767,11.0422,4.9329,7.3538,8.0946,9.7847,11.8439,18.0661,15.4281,14.5479,17.3806,9.6850,10.5227,10.7269,14.5017,10.5755,9.0826,13.4529,6.7948,8.6657,16.0375,13.4716,10.9746,12.6785,10.9813,11.5871,16.2089,8.7353,11.6844,15.8688,11.7804,9.2483,9.2525,19.9438,16.0353,12.9557,15.4441,14.0482,10.3840,15.3481,11.1444,15.7712,13.3829,6.2238,7.9467,12.9477,15.9588,15.1165,12.7405,9.8293,9.6620,8.1725,15.5515,10.8033,7.0743,6.8705,9.8147,5.8250,9.5627,9.2502,8.8605,9.0224,8.8653,8.7158,8.5642,8.4331,8.2085,8.0390,8.0950,8.3334,8.2523,7.9256,8.1501,8.0568,7.9528,7.8507,7.7648,7.6991,7.4510,7.5280,7.7798,7.7193,7.4079,7.6530,7.5901,7.5086,7.4320,7.3704,7.3321,7.1078,7.2039,7.4410,7.4087,7.1341,7.3851,7.3447,7.2861,7.2326,7.1925,7.1663,6.9644,7.0978,7.2107,7.2189,6.9988,7.2780,7.2740,7.2487,7.2229
45137.3750000,6.4448,15.3296,12.6184,15.7286,28.9886,10.1587,16.1821,11.8258,17.2695,8.8145,12.1048,10.0477,3.3581,9.1170,12.5834,12.4940,16.9480,15.6648,5.8643,8.3589,20.2857,9.5849,5.7891,13.0833,13.4483,26.0284,13.8569,8.7120,20.1064,11.3260,21.4685,21.6430,24.8030,21.1947,22.5232,17.4527,21.4250,22.3989,13.2521,21.8950,21.0715,16.9841,13.5937,15.3093,28.5987,24.6045,15.4815,15.2584,9.4366,7.7189,11.7323,14.5586,15.5763,14.7033,3.5263,17.3797,15.1381,15.2594,19.2848,13.7364,12.2838,9.6192,10.9361,12.8580,10.0745,12.0464,16.3235,16.3752,8.5748,11.1665,15.0726,18.0382,16.0161,9.3549,7.9115,15.7465,12.9273,15.2191,12.8394,15.8243,18.3287,16.4600,7.7860,3.5179,5.9307,4.7052,11.1713,8.3248,11.8035,3.2502,11.8207,14.0507,13.4658,12.2797,1.1299,3.3374,4.5277,3.7227,3.0383,1.1855,0.8234,7.4460,3.4126,3.5848,8.4848,9.7711,4.2022,7.7194,3.2741,15.3163,4.0481,3.7616,6.2988,3.8280,6.0003,4.4502,5.2991,8.3326,8.9393,8.8873,1.0517,7.0100,4.9435,8.2152,14.2735,16.8557,13.7156,15.9030,7.5258,1.7883,3.9369,4.4408,5.9815,7.9348,13.4936,11.2067,10.5931,13.6815,6.2433,6.8753,7.1309,11.1514,7.3161,6.2654,10.2725,4.1785,6.1216,12.9183,10.3704,7.6989,9.5657,8.2802,9.2639,13.9929,6.8429,10.5676,14.4064,9.6580,7.5286,6.7921,18.1198,13.3657,10.1679,12.2556,11.3914,7.5435,11.8238,8.0671,12.0148,9.6866,2.9415,4.6543,9.5030,12.9888,12.0860,10.1728,6.6978,7.0220,5.4896,13.2937,8.3296,4.5879,3.7511,6.5354,2.9950,7.1335,6.6943,5.5382,6.3531,6.0864,5.8290,5.5609,5.3255,5.0369,4.1057,4.2290,5.1779,5.0157,3.9535,4.8119,4.6131,4.3993,4.1920,4.0174,3.8845,2.9398,3.1256,4.0535,3.9508,2.9432,3.8634,3.7334,3.5696,3.4130,3.2827,3.1964,2.3131,2.5816,3.3837,3.3202,2.3532,3.2819,3.1928,3.0675,2.9455,2.8433,2.7628,1.9279,2.6733,2.7467,2.7246,1.8216,2.7627,2.7091,2.6182,2.5381
45137.4166667,-2.9035,5.2592,3.8924,6.7257,22.1871,3.4952,6.9184,2.5776,9.4162,2.3058,5.2149,3.3005,-2.5541,2.5590,4.7699,4.8200,9.1930,8.0415,-0.6659,0.8497,13.5974,2.2711,-0.9542,5.8248,7.2447,17.9857,6.1857,0.0525,12.3001,3.5514,13.6529,14.8269,18.7192,15.4534,16.5721,10.8308,14.6999,14.5159,6.0294,16.4485,14.2643,10.7357,5.7933,7.8754,22.7199,17.8831,9.1215,8.2168,3.7014,1.9557,7.0721,9.2063,10.0554,9.3963,-1.0570,11.0758,8.1969,10.0281,13.1391,7.5123,6.0417,3.4913,3.2004,5.4920,4.0975,5.8036,11.4225,11.3273,2.7170,6.5830,12.0006,14.5567,13.5810,6.3173,6.3383,14.4309,10.8644,13.7922,8.6865,11.5415,17.2310,14.2516,5.3124,1.0985,0.7779,0.0137,5.9050,2.8568,6.1473,-0.8246,6.7647,8.6520,7.0692,5.9171,-4.2701,-2.2387,-1.0780,-0.1057,-2.1020,-3.9133,-5.0030,0.7027,-3.5527,-3.3686,1.0021,1.9552,-3.7220,-0.7776,-4.4592,7.9822,-2.3786,-1.8425,1.3945,-1.2848,-0.1429,0.1209,0.3685,4.0569,4.4913,4.3426,-3.3002,2.5087,-0.3354,3.4041,8.0379,10.8143,8.6586,11.5640,3.4412,-1.5919,0.3521,0.5717,1.9584,3.7450,8.4048,4.9857,4.8333,9.0333,2.1620,2.1058,2.3274,6.4244,3.1134,2.1437,4.9784,-0.4216,2.0311,9.6136,6.5427,2.7037,4.8225,3.2078,4.7797,9.7577,3.2859,8.5364,12.1635,6.2322,5.5961,4.0005,16.0881,10.7315,7.3870,7.8266,7.9506,4.2334,7.6666,5.0107,7.9570,5.6369,-0.4884,0.8956,4.8432,9.0349,8.0645,7.0600,2.6450,3.9596,2.4461,10.7927,5.6902,2.0017,0.6904,1.9138,-0.7585,4.0930,3.5973,1.1494,3.3418,3.0662,2.8006,2.5118,2.2557,1.9587,-0.2713,-0.0383,2.1965,1.9996,-0.4057,1.7511,1.4915,1.2015,0.9097,0.6530,0.4407,-1.7890,-1.4744,0.5668,0.4069,-1.9155,0.2363,0.0415,-0.2022,-0.4403,-0.6504,-0.8259,-2.9857,-1.8025,-1.1104,-1.1952,-3.3708,-1.2347,-1.3560,-1.5194,-1.6730,-1.7979,-1.8992,-3.7459,-1.9757,-1.8982,-1.9220,-3.9641,-1.8840,-1.9490,-2.0684,-2.1738
45137.4583333,-12.0211,-5.6978,-4.7572,-3.5360,12.3995,-5.1739,-2.5661,-8.4942,0.3854,-4.7032,-2.9767,-2.9765,-8.0192,-4.2691,-2.6244,-3.0613,0.8473,-0.2569,-7.4761,-7.6165,6.1588,-5.9164,-7.6235,-3.4205,0.3114,11.1506,-0.2391,-7.1172,4.9706,-4.4171,5.0270,5.9405,11.3512,10.3057,11.9293,6.5127,9.9003,6.6990,-2.7517,9.7146,7.8443,4.5415,-2.7033,-0.3638,17.9051,10.4514,2.1520,0.0916,-2.8906,-4.8239,2.0085,3.4913,4.4093,4.3819,-5.0961,5.3300,2.0657,6.1410,10.1186,3.8218,1.9258,-0.8697,-4.0751,-2.1415,-2.4495,-1.2393,5.2128,5.8426,-3.1031,1.1671,7.8125,9.1078,9.7621,2.5676,3.9501,13.1947,8.9672,13.4001,4.9894,8.0614,18.0486,13.9492,4.7308,0.5403,-3.3363,-3.7134,2.0397,-2.7509,3.2027,-3.5889,3.0589,4.6673,2.9660,0.6223,-8.4973,-6.9892,-6.0246,-2.9139,-6.4788,-8.1987,-9.3752,-5.0767,-9.7504,-9.4769,-5.7761,-5.1300,-10.1558,-9.0594,-13.2007,-1.4351,-10.6557,-9.7015,-4.9462,-6.7800,-7.5823,-4.8705,-5.9239,-0.7158,-0.4036,-0.7224,-7.6303,-2.5567,-5.1471,-2.2181,-0.1146,4.0863,1.8300,5.4541,-2.1855,-6.1662,-3.9310,-3.8367,-1.7649,1.0003,6.1469,0.9984,-0.7106,3.4881,-1.8207,-2.5686,-3.9567,1.4611,-1.5031,-2.3251,0.5226,-5.3884,-3.3604,5.1757,1.2808,-2.1791,0.8735,-1.7091,-0.4663,4.6737,-0.5068,6.2936,9.1248,3.0073,2.4806,-0.1373,12.9267,7.4790,4.2264,2.2798,3.6426,0.5545,3.1003,0.5433,2.6219,0.7179,-4.5052,-3.2055,-0.4654,4.7778,3.8410,3.9810,-1.4434,0.8477,-0.5305,8.4509,3.3623,-0.0837,-1.0535,-2.4587,-2.8131,1.1633,0.5878,-3.2427,0.2273,-0.0056,-0.2260,-0.4791,-0.7321,-1.1742,-4.2874,-4.5729,-2.1086,-2.1695,-5.8385,-2.1027,-2.2034,-2.3357,-2.4776,-2.6217,-2.8812,-5.8269,-5.6396,-3.6229,-3.6505,-7.4356,-3.5620,-3.6214,-3.7404,-3.8659,-3.9991,-4.2236,-6.9450,-5.4050,-4.8189,-4.8427,-8.4631,-4.7887,-4.8536,-4.9852,-5.1273,-5.2778,-5.5201,-7.9411,-6.1341,-6.0570,-6.0811,-9.4690,-6.0179,-6.0451,-6.1303,-6.2064
45137.5000000,-21.1707,-17.1161,-11.4895,-9.4095,5.6872,-10.1323,-8.8503,-17.4387,-6.9899,-10.0347,-12.9751,-9.5986,-13.6245,-10.8437,-9.5390,-10.0095,-6.3894,-7.2908,-12.7240,-15.3803,-0.9462,-13.6076,-11.9271,-11.6005,-5.5318,4.9486,-5.7284,-13.7160,-1.6129,-11.8391,-3.4780,-4.5271,1.3395,0.1371,5.0670,0.6473,4.9982,2.6344,-8.3302,5.7271,3.8806,0.6242,-9.6439,-7.5510,14.2525,3.7921,-3.8031,-7.3095,-9.0435,-11.2043,-2.4478,-1.7236,-0.7959,-0.1794,-9.9847,-2.0227,-4.2863,1.1897,7.8175,1.5008,-0.2369,-2.7970,-8.9989,-7.2640,-6.9632,-5.7836,1.4135,1.1074,-10.3749,-4.4513,3.6707,3.2827,4.1069,-1.7162,0.2251,11.6346,7.1000,13.4613,1.6352,4.6568,20.1072,15.0585,5.5382,1.3013,-6.2656,-5.8782,2.8320,-4.8095,3.0830,-3.5987,2.3324,3.7122,1.8722,-1.7524,-9.8912,-8.9484,-8.1907,-2.8951,-8.0160,-9.6859,-11.0429,-8.1756,-13.6514,-13.3249,-10.4051,-10.0881,-14.3425,-13.8858,-19.0162,-9.4443,-17.8026,-15.9916,-10.4407,-11.5436,-15.2153,-10.4817,-13.8847,-6.9153,-6.4811,-6.7295,-12.1473,-7.9034,-9.8855,-7.5140,-6.4697,-2.9990,-4.9335,-0.4388,-7.3553,-10.4808,-8.7979,-10.0635,-9.1239,-6.5880,-1.2017,-3.4698,-4.1348,-1.2122,-5.2297,-6.1398,-7.5646,-2.8879,-5.5252,-6.1971,-3.4575,-8.5724,-7.2397,1.6256,-5.2638,-7.5211,-5.2696,-6.3877,-5.9699,-2.0467,-5.0656,3.4184,5.8625,1.6709,0.2928,-3.2461,10.6360,5.2624,2.2689,-1.1496,0.7733,0.1280,1.5043,-2.1176,-1.9409,-3.9102,-7.8056,-7.2950,-6.8261,-0.6650,-1.1537,0.6421,-5.6718,-1.7894,-2.9156,6.6681,1.7027,-1.4494,-2.2575,-3.4228,-3.3544,-1.0202,-1.5766,-7.0737,-1.6964,-1.9191,-2.1391,-2.4001,-2.6590,-3.0868,-5.4367,-5.6960,-3.9473,-4.0514,-9.5717,-4.1264,-4.2868,-4.4946,-4.7227,-4.9535,-5.2858,-7.5665,-7.5272,-6.1145,-6.1961,-11.6435,-6.2207,-6.3066,-6.4565,-6.6105,-6.7629,-6.9883,-9.0290,-7.9755,-7.5073,-7.5239,-12.6339,-7.4750,-7.5143,-7.6251,-7.7445,-7.8662,-8.0687,-9.8428,-8.5759,-8.4729,-8.4875,-13.2365,-8.4597,-8.4914,-8.5919,-8.6814
45137.5416667,-25.3074,-23.9939,-15.5337,-12.9155,1.1761,-12.7298,-12.9175,-23.6446,-11.7730,-12.8037,-16.9234,-15.0663,-17.8992,-16.3018,-15.6529,-16.2534,-13.0355,-13.5593,-16.9110,-19.9247,-6.8753,-20.5700,-15.7900,-18.9836,-10.6784,-0.2192,-9.8457,-17.6917,-5.5611,-16.6877,-6.9554,-9.2169,-3.6725,-3.3437,0.3766,-3.8310,-0.2569,-2.7791,-15.0500,0.7471,-0.3529,-2.8710,-15.3967,-13.4279,11.2501,-1.4001,-7.7779,-9.4653,-13.0604,-15.5938,-6.3871,-6.6277,-5.6280,-4.2299,-13.7074,-9.6010,-10.8443,-4.1936,6.1129,-0.0915,-1.6470,-3.9986,-13.0138,-11.8794,-10.8691,-10.1633,-1.6392,-1.8333,-16.0541,-9.3175,-0.3315,-3.9196,-2.8714,-7.7003,-4.4377,8.1156,4.0924,11.5818,-0.6251,2.4323,23.3320,17.4764,7.5459,3.0674,-7.8789,-6.3160,2.7131,-6.8360,2.2115,-4.1582,2.1236,4.0657,2.7649,-1.4457,-8.6036,-7.7451,-6.9611,0.2189,-6.1606,-7.8627,-9.3869,-7.6802,-13.4162,-13.1936,-11.1201,-11.2644,-14.9725,-15.6530,-22.0803,-15.0062,-22.0361,-19.3236,-13.7934,-12.3563,-15.5377,-11.4417,-17.8557,-10.3044,-11.0102,-9.8548,-14.2316,-11.8581,-13.7777,-12.2755,-11.0627,-7.5186,-9.6010,-4.7235,-10.9378,-12.6579,-11.4934,-12.4512,-14.0669,-12.7816,-5.1402,-8.8244,-9.3296,-5.4341,-8.5004,-9.7077,-10.7657,-6.3807,-8.3580,-8.6837,-6.0477,-10.2431,-9.4259,-0.4228,-9.9220,-11.2781,-10.4825,-10.7665,-9.8564,-7.9505,-8.6219,1.0089,2.7911,0.2279,-1.5588,-6.0143,8.5346,1.9191,0.7190,-1.8525,0.9768,-0.7874,-0.3298,-4.5322,-5.9058,-7.5380,-9.8116,-9.5287,-9.6038,-4.8339,-5.6553,-2.9209,-9.6402,-5.8130,-6.5641,3.4474,-1.1083,-3.7290,-4.1755,-4.1200,-3.9537,-2.6167,-3.2100,-9.1533,-3.7914,-3.7824,-3.7757,-3.8149,-3.8552,-4.0603,-5.6846,-5.7625,-4.4137,-4.6286,-10.6241,-5.3999,-5.4547,-5.5495,-5.6531,-5.7476,-5.9321,-7.5644,-7.4754,-6.4018,-6.6210,-12.4837,-7.3772,-7.4071,-7.4982,-7.5845,-7.6588,-7.7953,-9.2830,-8.5123,-8.1309,-8.3042,-13.8080,-8.9741,-8.9689,-9.0251,-9.0747,-9.1103,-9.2117,-10.4622,-9.5086,-9.3688,-9.4862,-14.1608,-10.0346,-10.0116,-10.0607,-10.1059
45137.5833333,-26.5626,-27.8809,-17.6935,-14.3600,-1.1482,-13.1074,-14.6048,-27.3581,-14.4051,-13.4823,-17.3605,-16.4628,-18.1946,-17.7298,-18.0175,-19.1130,-16.9936,-17.7342,-19.3305,-22.8511,-11.2984,-25.4125,-18.0071,-25.3351,-15.0397,-4.8613,-15.7224,-21.9659,-8.9309,-20.4950,-13.2511,-15.0827,-8.6461,-2.6754,-1.8518,-2.3839,0.8152,-2.1752,-15.8134,0.3577,-1.0477,-3.5980,-18.4896,-16.1377,8.8409,-5.9869,-11.1791,-11.0203,-15.4292,-17.2796,-8.3228,-9.1517,-8.2707,-6.4220,-15.2727,-15.8815,-16.5945,-10.5012,3.4587,-2.5236,-3.7616,-5.6847,-16.6460,-16.0202,-14.6864,-10.4615,-2.4920,-4.1590,-20.4812,-13.0753,-3.5397,-5.3888,-2.9909,-12.6147,-7.8875,2.9307,-1.3081,2.9494,-7.4493,-4.1442,21.1251,15.2532,5.4975,1.3076,-11.6843,-6.1288,2.7997,-5.0223,3.0942,-3.1415,2.9550,4.9114,3.7106,-1.1855,-7.5022,-6.8184,-6.2642,2.2396,-5.0089,-6.6892,-8.0864,-6.7247,-12.1267,-11.6991,-9.9495,-10.2334,-13.3626,-14.5680,-21.0545,-17.2744,-23.7848,-20.4371,-17.6453,-12.5073,-15.1826,-11.5756,-20.3412,-12.2100,-15.9697,-10.8108,-13.8137,-12.6678,-14.2879,-13.6423,-16.8945,-11.0638,-12.4935,-7.0527,-12.3145,-13.5303,-14.6926,-13.2780,-16.4385,-16.0008,-6.3915,-10.8680,-14.4202,-8.2476,-9.9485,-11.2529,-12.0817,-7.5198,-8.7205,-9.4489,-7.6911,-11.2763,-10.5198,-1.7190,-13.4857,-13.9756,-11.6426,-13.2607,-12.9980,-13.6150,-11.8902,-1.5757,-0.3984,-1.5116,-3.3179,-8.3224,6.3257,-2.7406,-0.6914,-1.8859,2.0620,-0.6150,-0.6045,-5.1217,-7.9128,-9.4807,-10.4464,-10.7904,-11.3361,-7.4122,-7.9867,-4.1002,-9.4782,-7.0854,-7.7997,1.8279,-2.4962,-4.7598,-5.2264,-4.7155,-4.5099,-4.2011,-4.8385,-9.1336,-5.3387,-5.3318,-5.3230,-5.3592,-5.3915,-5.5696,-6.7898,-6.7957,-5.7033,-5.7961,-10.0314,-6.2494,-6.2066,-6.2171,-6.2533,-6.2949,-6.4325,-7.6697,-7.5802,-6.7232,-6.8635,-11.0577,-7.4185,-7.4168,-7.4925,-7.5800,-7.6689,-7.8242,-9.0067,-8.4911,-8.1803,-8.3268,-12.3074,-8.8928,-8.8962,-8.9740,-9.0590,-9.1411,-9.2920,-10.2996,-9.6659,-9.5588,-9.6733,-13.0764,-10.1489,-10.1260,-10.1751,-10.2196
45137.6250000,-17.0007,-19.9901,-13.0092,-10.2413,1.3218,-9.4677,-12.6725,-27.0434,-14.1290,-11.9129,-15.8786,-15.9308,-16.9935,-17.6843,-18.6619,-19.9184,-18.5273,-19.2280,-19.1660,-23.1319,-13.2150,-27.2957,-18.1148,-25.2614,-17.8530,-9.3869,-22.3117,-25.9762,-14.8804,-22.3651,-18.5763,-20.2243,-14.4248,-7.7360,-4.2748,-3.8764,3.8329,1.6374,-12.7058,4.1138,2.6206,0.0316,-14.9408,-11.2629,10.0351,-8.0328,-12.4654,-10.9714,-16.0306,-15.1538,-8.2143,-10.3028,-9.8457,-7.7248,-15.6903,-20.6343,-20.7552,-15.6499,1.3783,-4.1942,-5.2186,-6.8683,-19.5464,-19.5425,-17.0908,-13.5883,-5.8072,-3.4319,-21.6669,-14.7293,-5.3715,-9.0077,-5.9756,-11.9638,-3.7934,3.7761,-1.2225,-0.5256,-9.8073,-0.6873,21.4957,14.7010,4.5487,0.3214,-9.7106,-6.8457,0.5336,-6.4990,0.5575,-5.3067,0.8865,3.5814,3.2467,-1.4586,-9.3615,-5.4720,-4.2708,5.1742,-2.2495,-3.8566,-5.1121,-3.9802,-6.7274,-7.5325,-4.5663,-5.4605,-8.7225,-10.7193,-17.7784,-16.9220,-21.3773,-19.5307,-19.1601,-14.4030,-14.3576,-9.6654,-17.1046,-11.6648,-18.4570,-14.5498,-13.1527,-12.5595,-13.9065,-12.9317,-15.9315,-13.4640,-15.0596,-9.4471,-13.7284,-14.6727,-14.7588,-15.4003,-18.3114,-18.2154,-7.3349,-12.3302,-15.6374,-11.1709,-11.9155,-13.4164,-14.2145,-11.2254,-10.6606,-8.2190,-6.1352,-9.0081,-10.0423,0.2871,-12.7618,-12.7300,-11.9417,-12.7471,-12.8102,-15.3836,-12.3506,-2.2021,-1.8996,-2.0110,-3.4907,-9.1081,4.9559,-6.1304,-1.3633,-1.5641,3.1665,-0.1536,-0.5006,-7.2554,-8.6908,-9.8983,-9.7945,-10.0478,-11.0918,-7.8771,-10.1537,-3.3521,-7.4395,-5.8372,-6.4468,2.8054,-1.2782,-3.2886,-3.7705,-2.9717,-2.8269,-3.1734,-3.9007,-7.1454,-4.5311,-4.6360,-4.7376,-4.8814,-5.0141,-5.2782,-6.3252,-6.3887,-5.5866,-5.7161,-8.8555,-6.1806,-6.1742,-6.2131,-6.2690,-6.3198,-6.4534,-7.4341,-7.3504,-6.6457,-6.7343,-9.7739,-7.1365,-7.0961,-7.1322,-7.1786,-7.2247,-7.3336,-8.2457,-7.8492,-7.5390,-7.6297,-10.5266,-8.0629,-8.0464,-8.1097,-8.1840,-8.2577,-8.4008,-9.2009,-8.7545,-8.6475,-8.7501,-11.2744,-9.1814,-9.1738,-9.2397,-9.2964
45137.6666667,-14.5628,-14.8916,-8.8277,-5.4136,6.5388,-2.3827,-6.0237,-22.3029,-9.1700,-5.9861,-8.9493,-9.8750,-11.0039,-12.6992,-14.6111,-16.5136,-16.2760,-17.3500,-16.2738,-20.4487,-11.6797,-25.6942,-15.7592,-22.1994,-15.7745,-8.9516,-22.7396,-25.1390,-18.2897,-23.7423,-22.7934,-24.2074,-19.2258,-12.6272,-8.7020,-8.3801,2.1898,1.3569,-12.4677,5.6308,5.1344,3.3063,-10.5554,-5.1718,14.6285,-4.7224,-8.4909,-6.3145,-12.1517,-12.1164,-4.8584,-7.4280,-7.2488,-5.0112,-12.2721,-21.0549,-21.5985,-17.0711,1.6714,-3.2207,-4.2600,-5.8578,-20.0071,-20.4815,-18.3372,-16.0496,-10.0387,-4.6458,-22.0111,-14.9405,-5.5372,-11.3872,-8.3467,-12.3026,-2.2762,3.8009,-0.8157,-2.2619,-9.1928,3.6021,23.8931,17.2048,7.2793,3.2971,-3.7837,-2.2939,4.4648,-1.6735,4.5495,-1.0746,3.3024,8.1854,7.5915,1.9662,-7.6124,-2.8771,-1.8990,7.6712,0.1312,-1.6697,-2.9391,-1.6264,-4.4741,-7.1338,-1.2816,-1.3446,-3.9644,-5.2665,-11.9170,-12.0864,-15.7616,-13.5358,-14.6988,-10.5287,-11.5262,-5.4256,-11.6953,-7.8112,-16.3402,-13.7142,-10.2396,-10.5049,-13.5756,-11.6878,-14.9195,-11.5554,-12.8481,-7.3923,-11.0584,-11.9914,-13.4231,-14.9438,-17.8767,-18.5539,-7.4060,-12.4454,-14.7871,-11.8239,-10.0943,-11.7568,-13.7123,-12.8665,-11.9258,-8.3665,-6.6455,-9.0271,-11.3195,-0.3849,-13.6054,-12.8046,-12.4713,-11.7585,-11.5493,-14.5817,-10.8539,-0.6778,-0.5142,0.2473,-1.2919,-7.1465,6.0256,-6.4361,0.3294,1.1304,6.4526,0.5005,2.3365,-6.2815,-7.1092,-8.3733,-7.4868,-8.4552,-9.9068,-7.4819,-11.2331,-2.5710,-5.6010,-4.3964,-4.8076,4.2625,0.5286,-1.2797,-1.6306,-0.4037,-0.4503,-0.7308,-1.3251,-3.6751,-1.7090,-1.7402,-1.7825,-1.8835,-1.9877,-2.2358,-3.1113,-3.1744,-2.5453,-2.6955,-5.0935,-3.2012,-3.2542,-3.3579,-3.4811,-3.5990,-3.7976,-4.6778,-4.6693,-4.1371,-4.2634,-6.5836,-4.7019,-4.7004,-4.7723,-4.8488,-4.9183,-5.0431,-5.8148,-5.5326,-5.2438,-5.3142,-7.4802,-5.6714,-5.6382,-5.6843,-5.7390,-5.7905,-5.9090,-6.5469,-6.2024,-6.0642,-6.1287,-8.0219,-6.4687,-6.4401,-6.4889,-6.5297
45137.7083333,-12.2552,-12.9926,-4.7941,-1.0221,8.4421,3.6946,1.6663,-14.4830,-1.3901,2.3072,-2.1643,-0.6691,-1.8604,-3.5846,-5.4305,-7.3416,-7.6614,-9.0767,-7.8331,-13.1609,-6.7398,-16.9958,-7.8514,-13.4436,-10.3037,-2.0166,-15.2049,-17.7233,-15.1040,-19.9317,-22.4620,-24.8661,-21.9904,-16.0135,-12.3790,-11.8858,0.0241,0.8132,-11.8457,6.4477,7.2594,6.3194,-4.5284,0.5035,19.6492,0.8136,-2.0992,0.6408,-4.9478,-3.3938,1.7212,-0.8624,-0.6891,1.5877,-4.8759,-16.3386,-17.5236,-14.1264,4.4710,0.9985,0.5180,-0.7052,-14.6818,-16.2579,-13.1080,-14.2240,-9.9728,-5.6267,-21.3482,-14.6077,-5.9363,-9.9709,-9.7811,-12.0037,-1.7402,3.9435,0.3184,-1.9498,-6.2802,8.2201,27.5304,21.7329,12.2677,8.4053,4.0007,4.8533,11.6993,6.5283,12.4135,6.5999,8.8061,16.0578,15.8529,10.0955,-0.3912,4.4522,5.5955,14.4029,7.7394,5.8585,4.7031,6.3263,2.4953,0.1547,4.6329,5.4502,2.7167,1.3368,-5.3784,-6.1755,-9.6611,-7.7589,-8.9732,-5.5318,-6.7185,-0.4962,-5.2643,-1.3859,-10.0757,-8.6275,-4.5505,-4.8961,-8.7510,-6.9062,-11.3664,-7.9495,-8.6346,-3.0756,-5.9381,-6.8423,-9.0333,-10.0955,-14.1664,-15.7615,-5.4082,-9.7847,-11.4312,-9.6079,-7.6273,-9.3439,-12.1084,-11.9479,-10.9558,-6.9674,-5.2596,-6.9923,-9.1531,0.8212,-11.6122,-10.7556,-11.1861,-10.3255,-9.6471,-12.9734,-7.1079,-1.1175,0.4990,0.9352,1.4269,-2.5807,10.0813,-0.6753,5.0613,6.6712,11.5611,3.5057,7.0375,-1.8278,-2.9245,-4.2956,-3.7075,-4.3456,-5.8754,-4.3251,-7.6806,0.0819,-2.3834,-1.5353,-1.8597,6.7066,3.4332,1.7780,1.5797,3.1823,2.8482,3.1930,2.8501,1.2217,2.8865,3.0297,3.1515,3.2011,3.2418,3.1296,2.4939,2.5791,3.2420,3.1988,1.4131,2.9036,2.9169,2.8639,2.7810,2.6978,2.5275,1.7713,1.8024,2.2857,2.1661,0.3456,1.7439,1.7203,1.6094,1.4893,1.3757,1.2073,0.4846,0.6651,0.9157,0.8132,-0.9172,0.4172,0.4123,0.3219,0.2258,0.1388,-0.0104,-0.5868,-0.3352,-0.1955,-0.2622,-1.7652,-0.5777,-0.5502,-0.6045,-0.6426
45137.7500000,-7.5334,-9.5372,-2.3120,-0.3244,7.9023,3.9033,2.5939,-10.6994,0.4778,4.0344,0.3758,2.5868,1.8675,1.7690,0.8510,-0.0801,0.3352,-0.2922,0.9779,-3.6915,0.4799,-7.7953,-0.7674,-5.3846,-3.8024,3.4094,-8.0159,-9.7191,-9.1085,-12.6074,-17.3047,-20.5033,-19.9333,-15.1884,-13.1660,-13.0698,-3.4020,-1.9970,-12.0964,4.4731,5.8271,5.5761,-2.8686,2.0007,20.9280,5.1530,3.2574,5.9385,1.1541,2.9198,7.1335,5.4657,5.9835,8.0609,2.1023,-8.3073,-9.6145,-7.2883,8.5065,5.2506,4.7520,3.5809,-8.5919,-10.3656,-7.0004,-8.7285,-5.0579,-2.3362,-16.8733,-12.4917,-6.1528,-9.6218,-9.8925,-10.5087,-1.8298,2.8964,0.4221,-1.5215,-4.8191,8.5439,26.1422,21.1553,12.0426,8.3204,6.1541,6.9774,14.2676,10.1221,16.1685,10.1800,13.5226,21.1601,21.5784,16.7687,6.5929,11.0597,12.6933,19.3934,14.2365,12.3030,11.3827,14.3807,9.2626,7.4579,11.1818,12.4638,9.6267,8.5525,2.7218,1.8668,-1.4930,-0.7799,-2.2327,0.0298,-1.4538,2.9576,-0.6776,2.2391,-5.3267,-4.4920,-1.0415,-1.0466,-4.1124,-2.5634,-6.8055,-3.6515,-3.5190,1.4429,-0.8548,-1.4650,-3.3563,-4.2848,-7.7557,-9.7910,-2.0362,-5.9136,-7.2069,-5.9194,-3.7725,-5.2421,-7.7822,-8.4918,-7.5109,-4.3779,-3.6198,-4.8133,-6.8766,0.5269,-9.7074,-8.9218,-9.7740,-8.8663,-8.2162,-11.6629,-5.4930,-1.7365,-0.6394,-0.3216,0.3345,-2.1156,9.0835,-0.2136,4.4362,6.8114,10.9299,3.7169,8.1514,0.9765,0.8815,0.3712,0.7686,0.5520,-0.8244,0.0675,-2.5018,3.9145,1.7789,2.3661,2.0100,9.5632,6.3873,4.5731,4.3797,6.0345,5.0259,6.1353,5.9151,4.7140,6.0880,6.3091,6.5218,6.6715,6.8208,6.8203,6.3764,6.5907,7.3218,7.4250,6.1496,7.4292,7.5817,7.6638,7.7100,7.7493,7.6904,7.1068,7.2252,7.7519,7.7282,6.3481,7.4807,7.5269,7.4764,7.4081,7.3378,7.2014,6.5654,6.7077,6.9654,6.8788,5.4864,6.5012,6.4925,6.3918,6.2801,6.1726,5.9954,5.4459,5.6020,5.7144,5.6203,4.3624,5.2503,5.2483,5.1638,5.0974
45137.7916667,-1.5459,-3.8069,2.1904,3.3885,10.6571,6.5859,5.6306,-6.0588,2.6889,5.2934,2.1573,3.8210,2.4354,3.3158,2.9570,2.4615,3.4746,3.2319,4.1669,1.1215,5.0516,-1.5682,3.7443,0.7536,1.9472,8.7651,-1.3061,-2.6925,-3.0394,-5.8329,-11.2648,-14.6394,-15.3398,-11.3225,-10.3658,-10.4791,-3.1110,-2.1838,-10.5928,3.2358,4.1814,4.0545,-2.8574,1.2891,19.0141,5.3548,3.9201,6.7696,2.8033,4.4247,8.3390,7.7923,8.9738,11.0247,4.9977,-2.6030,-3.5651,-1.5830,12.3144,9.2853,8.7495,7.6935,-2.3136,-4.2540,-1.3756,-3.4334,-0.6620,1.0530,-11.4883,-8.7977,-4.3596,-7.6401,-8.3200,-8.5902,-1.9036,1.5088,-0.6400,-2.1373,-4.6568,7.0018,23.0323,18.7745,10.4512,6.9596,5.8585,6.6862,13.8401,10.1871,15.9344,9.4329,13.9169,21.3250,22.0751,17.7699,7.8449,11.9880,14.0906,18.9496,15.4808,13.6076,13.1613,17.7801,12.6545,11.5502,15.4723,17.0923,14.0143,13.6316,8.2633,8.5932,4.9108,5.0739,4.0917,5.3289,4.3210,6.9279,4.5888,7.0547,0.8812,1.1870,2.8663,2.9523,0.2478,1.1912,-2.8184,-0.4863,-0.2068,4.0592,2.1383,1.3391,0.1098,-0.6152,-3.2238,-4.9732,1.0398,-2.0037,-2.9328,-2.0431,-0.2412,-1.5700,-3.8036,-4.8562,-3.9880,-1.6321,-1.3065,-2.1167,-3.8971,1.1578,-6.7762,-6.0416,-7.2434,-6.8200,-6.6370,-10.3339,-4.5535,-2.1931,-1.5583,-1.2400,-0.4846,-2.1578,7.2084,-0.5992,3.0972,5.5084,8.7938,2.7134,6.8665,1.0378,1.2430,1.1972,1.2930,1.9740,1.6504,2.7762,0.9914,6.2847,4.5185,5.0608,4.7131,11.7550,8.6314,6.5941,6.4664,8.3083,6.6345,8.3974,8.2056,7.2697,8.2921,8.4493,8.6005,8.6978,8.7980,8.7671,8.3797,8.5538,9.1711,9.2776,8.3286,9.3401,9.5196,9.6463,9.7491,9.8522,9.8707,9.4567,9.6336,10.1636,10.2367,9.2605,10.2074,10.3445,10.3953,10.4281,10.4557,10.4182,9.9586,10.1317,10.4276,10.4214,9.3931,10.2086,10.2546,10.2135,10.1565,10.0966,9.9662,9.5232,9.6472,9.7600,9.6857,8.6918,9.3582,9.3527,9.2716,9.2067
45137.8333333,4.8837,3.1540,7.7651,8.8024,15.7116,10.7919,10.5753,0.4405,7.4595,8.9131,6.5982,7.6373,5.7127,6.9277,6.5733,5.8847,6.7280,6.2841,6.2356,4.0029,7.7793,2.0594,5.7548,4.0629,5.1557,11.9857,3.2440,2.2086,2.2693,0.1640,-4.6640,-7.7195,-8.9976,-5.5573,-5.2050,-5.3886,0.3387,0.7612,-6.0761,5.1150,5.7344,5.4338,-0.3135,2.9957,18.8859,6.5037,4.8649,7.3271,3.6789,4.8050,8.2361,8.3791,9.7861,11.6414,5.5251,0.8850,0.3864,2.2711,14.6747,11.8009,11.5042,10.5320,2.8013,1.2491,3.6085,1.9703,4.3628,5.5421,-5.6761,-4.2990,-1.2776,-4.3548,-5.0374,-5.2151,-0.1583,2.3650,0.4316,-0.8712,-2.9793,7.0957,21.2090,17.5760,9.7005,6.4389,6.1804,6.6352,13.3839,10.0739,15.4501,8.7324,14.1249,20.9768,21.9073,18.2564,8.3524,12.1226,14.2306,17.4273,15.2353,13.2988,13.2355,18.9150,14.2055,13.5691,17.9475,19.7369,16.3474,16.7601,11.6734,13.8100,9.4900,9.3766,9.1427,9.3771,9.1947,10.3317,9.1255,11.6070,6.9141,7.0605,6.5735,7.8103,5.4383,6.2145,2.9218,4.5216,4.3971,7.8242,5.6212,4.1732,3.4497,2.7769,0.7902,-0.6846,3.9782,1.3796,0.6605,1.4575,2.7440,1.7929,0.1061,-0.7678,-0.0547,1.5950,1.8435,1.0388,-0.3210,3.3511,-2.8518,-2.2666,-3.5543,-3.5186,-3.7796,-7.5037,-2.4119,-0.9762,-0.6688,-0.3783,0.3904,-0.8844,6.7226,0.3340,3.1676,5.3213,7.8275,2.9020,6.4873,1.7051,1.9138,1.8233,1.4894,2.3872,2.6560,3.9509,2.7546,6.9094,5.4080,5.9454,5.6368,12.4363,9.3916,7.2050,7.2420,9.4136,7.2151,9.6943,9.6827,9.1265,10.0154,10.2669,10.5055,10.6905,10.8651,10.9170,10.6759,10.8653,11.4003,11.5306,10.8582,11.6352,11.8037,11.9257,12.0243,12.1191,12.1394,11.8156,11.9557,12.3852,12.4628,11.7534,12.4790,12.6235,12.7040,12.7742,12.8434,12.8599,12.5442,12.7212,13.0167,13.0758,12.3638,13.0280,13.1359,13.1747,13.1996,13.2198,13.1776,12.8864,13.0292,13.1778,13.1733,12.4652,12.9991,13.0413,13.0181,12.9977
45137.8750000,10.7664,10.1187,13.3796,14.5004,21.5000,15.1489,15.9807,7.1451,13.0584,13.1571,11.8798,12.4282,9.8455,11.7711,11.7258,10.8768,11.6557,10.9522,9.6996,8.0341,11.7128,6.2756,8.3376,7.6007,8.3230,14.9196,6.8676,5.6916,6.2738,4.3082,0.5905,-1.9379,-3.0851,0.0557,0.3642,0.2809,5.0293,5.3521,-0.3648,8.7746,9.2903,8.7106,3.9306,6.5540,20.8558,9.6613,7.6061,9.4407,5.8494,6.3835,9.2814,9.7795,11.0662,12.5209,6.1932,3.8985,3.4391,5.0353,16.0030,13.0956,12.9615,12.0253,6.3822,5.3084,7.0720,6.0527,8.4875,9.6107,-0.1567,0.4589,2.6115,-0.1086,-0.8376,-1.1296,2.4334,4.6618,2.9621,1.8825,0.1205,8.8230,21.0938,18.0243,10.4914,7.3958,7.9550,8.0816,14.4764,11.4369,16.3793,9.4183,15.4393,21.6340,22.5080,19.3687,9.3221,12.7351,14.6978,16.4672,15.2198,13.2202,13.4124,19.8288,15.4310,15.0801,19.8437,21.6905,17.8918,18.9767,13.8510,17.7636,12.3272,11.9196,12.3953,11.6738,12.3604,12.2853,12.0936,14.9260,11.6000,11.8131,9.0919,12.0184,9.9243,11.0106,9.0124,10.3424,9.8739,12.7627,10.0188,7.6073,7.5451,6.9877,5.5463,4.3570,8.0922,5.5954,4.7590,5.3177,5.6636,4.9371,3.5885,2.9765,3.3242,4.3352,4.8261,3.6878,2.9198,6.0169,1.1600,1.5493,0.4929,0.3446,-0.1094,-3.5138,0.5152,1.4099,1.6122,1.7506,2.3597,1.4409,7.7780,2.5417,4.5786,6.4574,8.2641,4.2563,7.3991,3.3907,3.6581,3.3683,2.5232,3.3302,3.8939,5.1296,4.2067,7.2330,5.8326,6.2505,5.8734,12.3737,9.3223,7.0031,7.1346,9.5225,6.9256,9.8604,9.9699,9.7214,10.5042,10.8439,11.1767,11.4705,11.7537,11.9400,11.9050,12.1766,12.7025,12.9360,12.5872,13.2651,13.5141,13.7253,13.9135,14.0910,14.2030,14.0523,14.2275,14.6127,14.7401,14.2941,14.8638,15.0241,15.1345,15.2328,15.3254,15.3726,15.1707,15.3196,15.5616,15.6335,15.1495,15.6464,15.7578,15.8221,15.8780,15.9312,15.9377,15.7616,15.8983,16.0481,16.0887,15.6221,16.0423,16.1215,16.1527,16.1759
45137.9166667,15.1733,16.0316,18.0077,19.3402,26.7349,18.4715,20.3816,12.4564,17.6294,16.2221,15.9727,16.0477,12.6158,15.5871,16.1280,15.2819,16.3314,15.5092,12.9729,12.0577,16.1357,10.6088,11.2483,11.5515,11.9302,18.4032,10.5218,8.9214,10.0541,7.6948,5.0241,2.7837,1.7194,4.3279,4.6195,4.4680,8.5485,8.9595,3.9582,11.8583,12.3950,11.4807,7.5006,9.6757,22.9342,12.9734,10.4763,11.8316,8.2229,8.2513,10.8201,11.6208,12.7303,13.7384,7.0459,6.8966,6.3087,7.5278,17.0765,13.8503,13.6106,12.4851,8.4762,7.7748,8.8550,8.3858,10.9171,12.1616,3.9680,4.4177,6.2151,4.0519,3.2805,2.6776,4.9197,7.3367,5.7311,4.8968,3.3117,10.7853,21.2830,18.5400,11.1299,8.0366,9.2702,9.0484,15.1964,12.3234,16.9111,9.6585,16.2602,21.8854,22.6959,20.0241,9.7727,12.9831,14.8243,15.4819,14.8881,12.8215,13.1584,20.0869,15.8930,15.7208,20.7959,22.6268,18.3751,20.0866,14.8303,20.4570,13.7602,13.0907,14.1792,12.6195,14.0160,12.9607,13.4922,16.6770,14.3875,14.6261,9.7941,14.3131,12.3789,14.0074,13.6172,15.0340,14.2847,16.9048,13.4288,9.8901,10.6761,10.4348,9.6962,9.0268,12.4680,10.0150,9.0590,9.5211,8.6790,8.1231,6.9818,6.6827,6.4274,6.7707,7.5587,5.6841,5.3969,8.3897,4.4209,4.4898,3.7280,3.4281,3.0247,0.3753,3.1091,3.8523,4.1813,4.0305,4.3373,3.6826,9.3173,4.9043,6.1710,7.8260,9.0144,5.6007,8.4797,4.9653,5.4364,4.9623,3.5533,4.3613,5.2635,6.4272,5.6067,7.6233,6.1970,6.4339,5.9126,12.0589,8.9266,6.4889,6.6109,9.0365,6.1954,9.2460,9.3369,9.2165,9.8246,10.1309,10.4395,10.7276,11.0148,11.2400,11.3151,11.6097,12.0881,12.3668,12.2404,12.8354,13.1340,13.4081,13.6674,13.9198,14.1259,14.1465,14.3935,14.7866,14.9976,14.8035,15.3165,15.5410,15.7268,15.9002,16.0650,16.1932,16.1414,16.3298,16.5791,16.7048,16.4355,16.8471,16.9859,17.0872,17.1785,17.2640,17.3129,17.2303,17.3632,17.5037,17.5658,17.2705,17.5936,17.6781,17.7269,17.7635
45137.9583333,17.2128,19.8107,20.7791,22.5438,30.7611,20.4945,23.6542,16.5102,21.3513,18.4945,19.2492,18.9113,14.5475,18.4925,19.6620,18.7935,20.2410,19.3331,15.4407,15.2793,20.1910,14.2845,13.7073,15.1995,15.3938,22.2181,14.2185,12.1258,14.1421,11.1352,9.6179,7.5255,6.4736,8.3521,8.5403,8.0523,11.5517,11.9577,7.1560,14.2750,14.8386,13.5431,10.1683,12.0569,24.7107,15.9172,12.9202,13.9401,10.2119,9.8238,12.2938,13.4763,14.5309,15.2051,8.0195,9.9953,9.2543,10.1445,18.5533,14.9763,14.6008,13.2489,10.4970,10.0357,10.3658,10.2562,12.7290,13.9121,6.6221,7.1472,8.9877,7.5831,6.8232,5.8091,6.9374,10.0188,8.5081,8.0497,6.5880,13.1217,22.1128,19.6476,12.2580,9.0700,10.9065,10.3486,16.3550,13.5396,17.8101,10.2084,17.2737,22.3451,23.0183,20.6536,10.0993,13.1171,14.8225,14.6594,14.5042,12.3827,12.7903,20.0772,15.7640,15.7439,21.1167,22.9593,18.3313,20.5630,15.1226,22.2583,14.3008,13.3934,14.9785,12.7747,14.7216,12.9567,14.0068,17.5426,16.0760,16.3459,9.7893,15.5157,13.6098,15.7334,16.8911,18.4601,17.3828,19.9020,15.5894,10.9435,12.4979,12.5913,12.5532,12.5114,16.1695,13.7834,12.8218,13.4834,11.3966,11.1176,10.2084,10.4267,9.5084,9.2935,10.5512,7.7259,7.8620,11.1226,7.7007,7.3528,6.8304,6.1698,5.7354,3.8828,5.1787,6.0151,6.6556,6.1408,6.0837,5.6529,11.1228,7.3042,7.8936,9.4500,10.1348,7.0871,9.8852,6.6370,7.3760,6.6578,4.5619,5.3807,6.6610,7.8250,7.0643,8.2553,6.7721,6.8694,6.2267,12.1110,8.9175,6.4130,6.5108,8.9121,5.9553,8.9845,9.0273,8.9550,9.3948,9.6265,9.8624,10.0865,10.3128,10.4982,10.5809,10.8208,11.1944,11.4325,11.3903,11.8575,12.1229,12.3758,12.6229,12.8697,13.0880,13.1798,13.4340,13.7953,14.0330,13.9893,14.4434,14.6993,14.9303,15.1542,15.3733,15.5672,15.6346,15.8699,16.1482,16.3392,16.2516,16.6387,16.8340,17.0009,17.1582,17.3084,17.4297,17.4549,17.6275,17.8024,17.9189,17.7806,18.0711,18.1914,18.2806,18.3475
45138.0000000,18.1900,22.2608,22.3224,24.4519,33.5067,21.3330,25.5947,18.8747,23.5626,19.4043,21.0594,20.4121,15.2588,20.0305,21.9293,21.1590,23.1733,22.2659,17.0763,17.6235,23.5567,17.0541,15.4238,18.0887,18.1624,25.6131,17.2395,14.6486,17.8461,14.1268,14.0317,12.1308,11.2568,12.3914,12.5111,11.5635,14.5909,14.9339,9.9729,16.3446,16.8923,15.1595,12.2040,13.8667,26.1325,18.3569,14.7896,15.3008,11.4327,10.7061,13.2137,14.8181,15.9122,16.3433,8.6112,12.7004,11.8421,12.4724,20.0152,16.1020,15.6337,14.1011,12.4204,12.2105,11.8589,12.0827,14.5382,15.4497,8.4111,8.9416,10.9089,10.2381,9.4475,7.9696,8.1623,12.1357,10.7176,10.7162,9.3210,15.1119,22.8097,20.5877,13.1376,9.7403,12.1769,11.3645,17.4159,14.6514,18.7367,10.7788,18.3448,22.9631,23.5196,21.4243,10.5485,13.4461,15.0349,14.2414,14.3765,12.2060,12.6351,20.1501,15.0252,15.1314,20.7302,22.5970,17.7089,20.2314,14.7271,23.1990,14.1930,13.1488,15.1019,12.4417,14.7698,12.5176,13.9100,17.7142,16.8762,17.1736,9.3836,15.9327,14.0283,16.5773,19.1239,20.8671,19.4266,21.9004,16.7343,11.1634,13.2956,13.6573,14.2003,14.7356,18.8260,16.4561,15.5140,16.5248,13.2101,13.2710,12.6344,13.5253,11.9681,11.3402,13.2486,9.4321,10.0473,13.8980,10.8176,10.0440,9.8342,8.8360,8.3961,7.3537,7.1291,8.1651,9.1946,8.2253,7.5353,7.2734,12.9217,9.4218,9.4033,10.9390,11.1951,8.3451,11.2263,8.1059,9.2399,8.3031,5.4949,6.0647,7.8216,9.1043,8.4163,8.9343,7.3806,7.3852,6.6461,12.3762,9.1133,6.5470,6.6238,9.0006,5.9647,8.9573,8.9569,8.9086,9.2200,9.3880,9.5606,9.7267,9.8958,10.0377,10.1087,10.2911,10.5690,10.7539,10.7437,11.0914,11.3002,11.5022,11.7021,11.9037,12.0875,12.1845,12.3973,12.6880,12.8950,12.9075,13.2708,13.4991,13.7131,13.9252,14.1370,14.3341,14.4453,14.6766,14.9412,15.1475,15.1609,15.5085,15.7246,15.9228,16.1159,16.3055,16.4756,16.5791,16.7858,16.9947,17.1625,17.1513,17.4386,17.6053,17.7449,17.8509
45138.0416667,18.6475,23.9275,23.2537,25.7041,35.5519,21.7570,26.8865,20.7906,25.4043,20.1676,22.5051,21.5591,15.7172,21.3753,23.7361,22.8666,25.2557,24.2604,17.8828,18.9795,25.9912,18.8458,16.3718,20.1189,20.1395,28.4051,19.5279,16.4242,20.8900,16.3762,17.8034,16.1344,15.6175,16.0736,16.2500,14.8321,17.5841,17.9269,12.5877,18.6822,19.1519,16.9141,14.2056,15.6509,27.5953,20.5387,16.2755,16.5744,12.3667,11.3200,13.8463,15.7507,16.8418,17.0474,8.7875,14.7574,13.7760,14.2063,21.1218,16.8985,16.3726,14.6970,13.9338,13.9943,13.0426,13.6085,16.1553,16.9360,9.7446,10.2291,12.3542,12.3545,11.4605,9.3584,8.7982,13.6694,12.2895,12.7825,11.4126,16.6729,23.2721,21.2537,13.6867,10.1474,13.0900,12.0339,18.1828,15.4211,19.3756,11.0560,19.1065,23.3680,23.8386,21.9838,10.7846,13.6293,15.1528,13.9068,14.2639,12.0762,12.5276,20.1862,14.8191,14.9080,20.5249,22.2843,17.1233,19.8928,14.1959,23.5382,13.6424,12.4773,14.6819,11.7480,14.3141,11.7808,13.3846,17.3759,17.0290,17.3587,8.7805,15.7920,13.8924,16.7631,20.5070,22.4261,20.6247,23.0971,17.1478,10.8978,13.4067,13.9592,14.9488,15.9744,20.5746,18.1638,17.2185,18.6001,14.1390,14.4917,14.0857,15.6639,13.5098,12.5674,15.1788,10.4222,11.5029,16.1477,13.2912,12.1315,12.3096,11.0695,10.7433,10.6351,8.9026,10.2557,11.7887,10.3182,9.2103,9.0338,15.0884,11.7740,11.1441,12.6887,12.5499,9.7313,12.7365,9.5601,11.0484,9.8255,6.2565,6.9578,9.0529,10.3910,9.6825,9.6125,7.9479,7.8655,7.0301,12.6995,9.3637,6.7336,6.7960,9.1700,6.0703,9.0444,9.0131,8.9802,9.2002,9.3208,9.4451,9.5653,9.6879,9.7917,9.8460,9.9789,10.1800,10.3172,10.3180,10.5706,10.7277,10.8813,11.0347,11.1906,11.3350,11.4196,11.5866,11.8100,11.9765,12.0076,12.2858,12.4715,12.6487,12.8262,13.0050,13.1749,13.2860,13.4828,13.7050,13.8884,13.9382,14.2238,14.4199,14.6055,14.7896,14.9732,15.1452,15.2722,15.4734,15.6784,15.8566,15.9107,16.1751,16.3563,16.5161,16.6392
45138.0833333,18.9775,25.2694,23.9328,26.6457,37.2404,21.9574,27.7618,21.9742,26.5485,20.3775,23.2782,22.1063,15.7648,21.9841,24.8919,24.0953,26.9714,25.9659,18.6144,20.1233,28.0871,20.2877,17.1218,21.7195,21.6816,30.7600,21.3344,17.7491,23.4307,18.1260,21.0183,19.5803,19.5063,19.3315,19.6434,17.7526,20.3932,20.8127,14.9612,21.0466,21.5242,18.8222,16.3052,17.6254,29.4301,22.9552,17.9340,18.0000,13.4226,12.1015,14.6672,16.8211,17.8894,17.8760,9.1147,16.6772,15.4992,15.7202,22.1243,17.5772,16.9810,15.1642,15.1511,15.4607,13.9717,14.8575,17.5642,18.2862,10.8347,11.2850,13.5961,14.2202,13.1884,10.3969,9.2414,14.9339,13.5448,14.5269,13.1508,18.0223,23.6918,21.8505,14.1440,10.4610,13.8433,12.5852,18.8844,16.1121,19.9911,11.3312,19.8343,23.8052,24.1996,22.5413,11.0185,13.8294,15.3004,13.7195,14.2314,12.0304,12.4930,20.2733,14.6933,14.8137,20.4834,22.1955,16.8685,19.7934,13.9970,23.9716,13.3274,12.0124,14.3093,11.2010,13.8499,11.1482,12.8225,16.8776,16.8742,17.2117,8.1998,15.3837,13.5010,16.5934,21.3241,23.4208,21.2987,23.7991,17.1906,10.5047,13.2225,13.8946,15.1999,16.6102,21.7100,19.2262,18.2607,19.9901,14.5293,15.1050,14.8703,17.0605,14.3708,13.1801,16.4246,10.8488,12.3002,17.7609,15.0355,13.5309,14.1012,12.6804,12.5351,13.4288,10.2628,12.0020,14.1376,12.1724,10.6746,10.6385,17.3853,14.1583,12.9822,14.6278,14.1552,11.2793,14.5321,11.2088,13.1000,11.5610,7.1937,8.0161,10.5049,11.9470,11.1965,10.6111,8.8052,8.6398,7.6960,13.3864,9.9443,7.2155,7.2548,9.6420,6.4488,9.4252,9.3539,9.3151,9.4561,9.5295,9.6075,9.6846,9.7652,9.8340,9.8691,9.9611,10.1033,10.2020,10.2057,10.3875,10.5038,10.6187,10.7342,10.8522,10.9626,11.0311,11.1583,11.3263,11.4551,11.4892,11.6975,11.8423,11.9821,12.1229,12.2656,12.4028,12.4993,12.6570,12.8342,12.9853,13.0434,13.2681,13.4318,13.5895,13.7473,13.9060,14.0576,14.1787,14.3533,14.5321,14.6935,14.7689,14.9930,15.1599,15.3108,15.4283
45138.1250000,18.7752,25.9313,24.0731,27.0373,38.3656,21.7827,28.1902,22.7572,27.3560,20.3989,23.7551,22.3833,15.6376,22.1538,25.4610,24.6587,27.9307,26.9057,18.7371,20.6406,29.5263,21.1256,17.4440,22.7999,22.7574,32.6489,22.6709,18.6992,25.4848,19.4708,23.7134,22.4884,22.8882,22.1451,22.6362,20.2974,22.9361,23.4730,17.0332,23.3403,23.8424,20.6832,18.2882,19.5405,31.3910,25.4479,19.6711,19.5513,14.5826,13.0136,15.6512,18.0314,19.0789,18.8618,9.5944,18.5990,17.1983,17.2108,23.1938,18.3077,17.6254,15.6601,16.2459,16.7557,14.7642,15.9124,18.7753,19.4360,11.7006,12.1527,14.6664,15.8631,14.6802,11.2351,9.6058,16.0310,14.6011,16.0362,14.6132,19.1804,24.0390,22.3352,14.4696,10.6493,14.3977,12.9676,19.4338,16.6342,20.4722,11.4973,20.4140,24.1498,24.4827,23.0000,11.1772,13.9844,15.4230,13.5873,14.2123,12.0054,12.4788,20.3575,14.4947,14.6428,20.3491,22.0272,16.5899,19.6297,13.8060,24.3354,13.1288,11.7434,14.0816,10.8781,13.5494,10.7566,12.4425,16.4872,16.7143,17.0273,7.7969,14.9524,13.0608,16.2519,21.7310,23.9590,21.5470,24.0716,16.9453,10.0350,12.8561,13.6127,15.1401,16.8419,22.3794,19.8232,18.8368,20.8706,14.5943,15.3314,15.2184,17.9093,14.7668,13.3867,17.1427,10.9164,12.6286,18.8081,16.1418,14.3343,15.2463,13.6735,13.7076,15.5596,11.0916,13.2055,15.9574,13.5119,11.6786,11.7845,19.3722,16.1458,14.4803,16.2874,15.5304,12.5449,16.1616,12.6590,15.0686,13.2657,8.1151,9.0940,12.0469,13.6537,12.8571,11.8071,9.8331,9.5990,8.5417,14.3647,10.7701,7.8939,7.9137,10.3589,7.0155,10.0551,9.9444,9.8918,9.9670,9.9964,10.0306,10.0654,10.1040,10.1355,10.1443,10.1946,10.2818,10.3400,10.3326,10.4518,10.5267,10.6022,10.6797,10.7604,10.8371,10.8856,10.9766,11.0980,11.1933,11.2231,11.3765,11.4867,11.5946,11.7042,11.8160,11.9248,12.0054,12.1298,12.2690,12.3906,12.4473,12.6216,12.7541,12.8832,13.0130,13.1441,13.2709,13.3767,13.5208,13.6689,13.8055,13.8824,14.0642,14.2067,14.3374,14.4394
45138.1666667,18.1879,26.0108,23.7254,26.8880,38.8666,21.1886,28.0641,22.9280,27.5779,19.9931,23.7197,22.2085,15.2048,21.9500,25.5983,24.7993,28.4076,27.3414,18.4885,20.6612,30.3277,21.3591,17.2643,23.2144,23.1626,33.8181,23.2906,18.9965,26.7952,20.1540,25.6788,24.6738,25.5841,24.3234,25.0222,22.2738,24.9884,25.6865,18.6659,25.2620,25.8467,22.2917,19.9953,21.2468,33.2994,27.8645,21.3698,21.1599,15.8000,14.0124,16.7665,19.3628,20.4027,20.0060,10.2111,20.5414,18.8980,18.7091,24.3641,19.1283,18.3478,16.2279,17.2913,17.9602,15.4988,16.8584,19.8575,20.4349,12.3645,12.8326,15.5492,17.2669,15.9267,11.8806,9.8778,16.9532,15.4668,17.3186,15.8233,20.1564,24.3096,22.7094,14.6788,10.7352,14.7728,13.1915,19.8105,16.9658,20.7735,11.5188,20.7808,24.3161,24.5882,23.2490,11.1615,13.9696,15.3841,13.3602,14.0653,11.8596,12.3412,20.2863,14.2491,14.4048,20.1098,21.7430,16.2254,19.3410,13.5114,24.4839,12.8518,11.4462,13.8050,10.5641,13.2356,10.4094,12.0931,16.1060,16.5074,16.8037,7.5079,14.5599,12.6718,15.8958,21.9317,24.2303,21.5283,24.0397,16.4959,9.5010,12.3285,13.1216,14.7834,16.6885,22.5746,19.9562,18.9589,21.2574,14.3561,15.2201,15.2083,18.2997,14.8105,13.3056,17.4507,10.7636,12.6451,19.4023,16.7597,14.7058,15.8898,14.1818,14.3570,17.0437,11.4678,13.8980,17.2167,14.3360,12.2281,12.4501,20.8952,17.6223,15.5369,17.5270,16.5280,13.4051,17.4220,13.7160,16.6793,14.6455,8.7564,9.9328,13.4078,15.2552,14.4374,12.9785,10.8291,10.5513,9.3870,15.4589,11.6727,8.6089,8.6190,11.1738,7.6285,10.7960,10.6511,10.5839,10.6072,10.5990,10.5949,10.5920,10.5926,10.5891,10.5705,10.5821,10.6209,10.6405,10.6150,10.6797,10.7148,10.7516,10.7911,10.8341,10.8756,10.8983,10.9522,11.0290,11.0888,11.1037,11.2067,11.2810,11.3550,11.4315,11.5109,11.5894,11.6492,11.7411,11.8447,11.9373,11.9852,12.1170,12.2207,12.3231,12.4271,12.5329,12.6366,12.7262,12.8437,12.9648,13.0787,13.1511,13.2979,13.4176,13.5284,13.6150
45138.2083333,17.3099,25.6303,23.0313,26.3632,38.9199,20.3862,27.6088,22.7036,27.3991,19.3440,23.3435,21.7260,14.5755,21.3574,25.2884,24.5176,28.4383,27.3668,18.0055,20.3826,30.7209,21.2744,16.8821,23.2762,23.2144,34.5537,23.5101,18.9322,27.5728,20.3492,26.9931,26.1856,27.5995,25.8593,26.7789,23.6415,26.4751,27.3479,19.7479,26.6356,27.3183,23.3985,21.1766,22.4713,34.8683,29.9618,22.8280,22.5263,16.8511,14.8977,17.8161,20.6804,21.7797,21.2670,10.9431,22.5605,20.7041,20.3547,25.7976,20.2315,19.3610,17.0910,18.5376,19.3322,16.4289,17.9502,21.0490,21.5129,12.9491,13.4066,16.3171,18.5155,17.0197,12.4043,10.1116,17.7683,16.2211,18.4685,16.9003,21.0754,24.6328,23.1210,14.9312,10.8759,15.1452,13.4322,20.1910,17.2935,21.0798,11.5818,21.1275,24.4887,24.6986,23.4659,11.1477,13.9417,15.3291,13.1730,13.9280,11.7244,12.2026,20.1767,14.0113,14.1732,19.8620,21.4568,15.8946,19.0546,13.2289,24.5193,12.5569,11.1360,13.4947,10.2538,12.9046,10.0828,11.7489,15.7153,16.2508,16.5381,7.2661,14.1834,12.3162,15.5468,22.0200,24.3809,21.4289,23.9229,16.0640,9.0817,11.8536,12.6420,14.3619,16.3890,22.5273,19.8337,18.8070,21.3009,13.9288,14.8652,14.9200,18.3114,14.5688,12.9894,17.4135,10.4369,12.4212,19.6200,16.9970,14.7626,16.1651,14.3583,14.6469,18.0303,11.5714,14.2498,18.0591,14.8165,12.4880,12.8037,22.0477,18.7148,16.2877,18.4685,17.2762,14.0171,18.4190,14.5025,17.9805,15.7230,9.1654,10.5305,14.5135,16.6378,15.8151,14.0012,11.6808,11.3810,10.1220,16.5364,12.5394,9.2698,9.2842,11.9957,8.2200,11.5729,11.4090,11.3384,11.3311,11.3014,11.2744,11.2479,11.2238,11.1965,11.1583,11.1416,11.1446,11.1344,11.0925,11.1147,11.1167,11.1206,11.1269,11.1364,11.1455,11.1419,11.1611,11.1977,11.2233,11.2180,11.2759,11.3148,11.3547,11.3974,11.4433,11.4895,11.5236,11.5814,11.6489,11.7098,11.7403,11.8311,11.9035,11.9762,12.0512,12.1286,12.2056,12.2738,12.3626,12.4554,12.5442,12.6046,12.7184,12.8143,12.9040,12.9747
45138.2500000,16.2284,24.8403,22.0034,25.4376,38.4414,19.2848,26.7327,22.1377,26.8612,18.4809,22.6650,20.9828,13.8096,20.5841,24.6983,23.9361,28.0834,27.0001,17.2877,19.8058,30.6686,20.8487,16.2763,22.9871,22.9301,34.8598,23.3777,18.6080,27.9480,20.2458,27.8392,27.1903,29.0589,26.8601,27.9776,24.4713,27.4293,28.4681,20.3176,27.5004,28.2695,24.0040,21.8290,23.1712,35.9573,31.5521,23.8143,23.3978,17.4480,15.3531,18.4329,21.5768,22.7704,22.1786,11.3480,24.2560,22.2584,21.8038,27.1331,21.2828,20.3722,17.9983,19.8178,20.7673,17.4943,19.1906,22.4251,22.7846,13.6365,14.0292,17.0856,19.6871,18.0204,12.8787,10.3478,18.5028,16.8832,19.4886,17.8291,21.8796,24.9127,23.4662,15.1196,10.9690,15.4315,13.6136,20.5093,17.5615,21.3420,11.6355,21.4252,24.6385,24.7928,23.6544,11.1487,13.9337,15.2959,13.0354,13.8203,11.6215,12.0932,20.0658,13.8065,13.9629,19.6086,21.1581,15.5754,18.7388,12.9514,24.4719,12.2796,10.8578,13.1909,9.9689,12.5765,9.7766,11.4103,15.3056,15.9315,16.2078,7.0305,13.7923,11.9569,15.1694,21.9680,24.3862,21.2335,23.7088,15.6333,8.7371,11.4400,12.2185,13.9600,16.0551,22.3607,19.5999,18.5399,21.1683,13.4616,14.4283,14.5165,18.0991,14.1722,12.5443,17.1287,10.0002,12.0208,19.5053,16.8910,14.5244,16.0911,14.2312,14.6188,18.5724,11.4339,14.2811,18.4840,14.9437,12.4488,12.8409,22.7709,19.3604,16.6379,18.9943,17.6437,14.2695,19.0348,14.9435,18.9220,16.4899,9.3878,10.9184,15.3672,17.7733,16.9502,14.8219,12.3373,12.0248,10.6806,17.4699,13.2480,9.7694,9.7935,12.6792,8.6644,12.2278,12.0556,11.9907,11.9699,11.9332,11.8981,11.8630,11.8293,11.7929,11.7484,11.7185,11.7020,11.6760,11.6276,11.6238,11.6056,11.5886,11.5733,11.5602,11.5468,11.5246,11.5185,11.5245,11.5233,11.5009,11.5230,11.5323,11.5428,11.5560,11.5721,11.5891,11.5983,11.6247,11.6587,11.6889,11.6988,11.7517,11.7927,11.8349,11.8797,11.9273,11.9756,12.0188,12.0774,12.1397,12.2003,12.2423,12.3225,12.3910,12.4561,12.5077
45138.2916667,14.5902,23.2485,20.1915,23.5139,36.6438,17.0665,24.4644,20.1586,24.9259,16.3933,20.6098,18.9366,11.9339,18.6874,22.9524,22.2779,26.6028,25.5087,15.6630,18.3393,29.5498,19.4652,14.8933,21.7821,21.7134,33.9658,22.0723,17.2675,27.1703,19.1903,27.6736,27.2140,29.5290,26.8894,28.1298,24.2860,27.2981,28.4116,19.7935,27.1780,27.8588,23.2471,21.0373,22.4252,35.5961,31.6441,23.4302,23.0016,16.9027,14.7444,17.9494,21.2433,22.4494,21.7293,10.4844,24.6198,22.6140,22.0729,27.2862,21.0576,20.0388,17.5657,19.7723,21.0296,17.5628,19.5221,23.0194,23.3821,14.0873,14.5227,17.6691,20.5144,18.6248,13.0308,10.3595,18.7800,16.9891,19.8407,17.9661,21.7721,24.2958,22.7075,14.1257,9.8879,14.3993,12.5651,19.5725,16.5750,20.3652,10.5618,20.4675,23.5607,23.6856,22.6420,10.1089,12.9466,14.2982,12.0206,12.7092,10.5233,10.9855,18.9059,12.6875,12.8274,18.3949,19.8691,14.3102,17.5403,11.9664,23.7383,11.4986,10.1896,12.5175,9.3257,11.8490,9.0834,10.6324,14.4049,15.0013,15.2275,6.2564,12.8612,11.0487,14.2429,21.2112,23.6611,20.3069,22.6954,14.4788,7.7758,10.4425,11.2421,13.0063,15.1345,21.5261,18.7247,17.6667,20.3803,12.4673,13.4663,13.6149,17.3340,13.2872,11.6500,16.2676,9.1039,11.1484,18.7780,16.1008,13.6371,15.3321,13.5007,13.9995,18.4144,10.8187,13.7625,18.1427,14.3233,11.6549,12.0314,22.4902,18.8899,15.8975,18.3601,16.8770,13.3349,18.4209,14.2036,18.6839,16.2217,8.8148,10.5140,15.3903,18.0763,17.2296,14.8596,12.1745,11.8620,10.4218,17.5627,13.0534,9.3460,9.3384,12.3588,8.1520,11.8810,11.6666,11.5628,11.5496,11.4877,11.4291,11.3718,11.3256,11.2834,11.2407,11.2302,11.2292,11.1818,11.0995,11.1060,11.0638,11.0196,10.9779,10.9432,10.9145,10.8742,10.8820,10.8969,10.8691,10.8058,10.8307,10.8078,10.7808,10.7582,10.7425,10.7346,10.7151,10.7440,10.7734,10.7702,10.7313,10.7800,10.7821,10.7804,10.7834,10.7936,10.8105,10.8223,10.8759,10.9237,10.9488,10.9398,11.0152,11.0452,11.0679,11.0844
45138.3333333,11.6658,20.2128,17.2113,20.3383,33.3882,13.9263,20.8431,16.6129,21.3319,12.8534,16.6501,14.9323,8.1506,14.5960,18.8187,18.2758,22.7384,21.7398,12.0682,14.9566,26.4753,16.2826,12.0000,18.9493,18.8806,31.4294,19.2173,14.4438,24.6990,16.4171,25.5465,25.2326,27.9964,25.1370,26.5244,22.5180,25.5624,26.6080,17.5968,25.3000,25.6126,20.8238,18.3129,19.7963,33.3502,29.6249,21.0928,20.7718,14.6221,12.5404,15.8705,19.0540,20.1763,19.3308,7.8340,22.5247,20.5369,20.0344,25.1366,18.7771,17.5871,14.9852,17.1759,18.7692,15.3401,17.5326,21.4077,22.0958,13.3232,14.2617,17.5850,20.5339,18.4357,12.3386,9.7945,18.2948,16.0712,19.0207,16.8292,20.3300,22.5743,20.8462,12.0089,7.6323,11.7965,10.0248,16.9616,13.8884,17.6276,8.0189,17.6698,20.6167,20.6379,19.4955,7.1953,9.9793,11.3281,9.2501,9.5917,7.5023,7.8685,15.6489,9.8813,9.9862,15.3546,16.6696,11.1942,14.4963,9.3141,21.3266,9.2963,8.3170,10.7384,7.7186,10.1671,7.5339,9.0187,12.6574,13.1563,13.2463,4.5516,10.9575,9.0707,12.2133,19.0569,21.5631,18.1097,20.3879,11.9855,5.5540,8.1152,8.9009,10.6611,12.7883,19.1605,16.4432,15.5081,18.3743,10.4697,11.3697,11.5767,15.4646,11.4021,9.8348,14.4050,7.4026,9.4061,17.0940,14.3997,11.8294,13.6033,11.8523,12.4933,17.2105,9.4740,12.5661,16.9383,12.7500,10.0398,10.1160,21.0202,17.0352,13.9133,16.4128,14.9809,11.2397,16.3556,12.0572,16.7716,14.3619,6.9152,8.6943,13.8250,16.8325,15.9632,13.5915,10.6405,10.4446,8.9108,16.3934,11.6108,7.7570,7.5765,10.6191,6.4424,10.3074,9.9955,9.6307,9.7605,9.6093,9.4649,9.3181,9.1913,8.9814,8.8222,8.8629,9.0644,8.9845,8.6820,8.8733,8.7845,8.6847,8.5866,8.5040,8.4386,8.2131,8.2760,8.4917,8.4340,8.1494,8.3635,8.3052,8.2281,8.1557,8.0974,8.0590,7.8573,7.9391,8.1432,8.1128,7.8622,8.0838,8.0479,7.9935,7.9436,7.9063,7.8803,7.7024,7.8146,7.9195,7.9270,7.7270,7.9751,7.9742,7.9514,7.9276
45138.3750000,6.4771,14.7437,12.2809,15.1572,27.7189,9.6419,15.2962,11.1197,16.2863,8.2396,11.3324,9.4151,2.9477,8.6813,12.1032,12.0727,16.3398,15.1962,5.8336,8.3803,19.8864,9.4978,5.8876,12.9562,13.3128,25.4393,13.5530,8.6433,19.5856,11.2048,20.9166,20.9943,24.0073,20.7711,22.0634,17.2906,21.2301,22.1650,13.1727,21.6449,20.9651,16.7509,13.3769,15.1021,28.7038,24.6121,15.5927,15.4326,9.6237,7.8522,11.8504,14.7731,15.8214,14.9276,3.4551,17.6807,15.5711,15.6495,20.1319,14.2395,12.7924,10.0699,11.5795,13.5962,10.7200,12.8733,17.2523,17.5284,9.7090,12.2346,16.2002,19.0303,17.0443,10.3192,8.5216,16.8533,13.9816,16.4741,13.8002,16.8231,19.5617,17.5164,8.3669,3.8268,6.6986,5.3912,12.2621,9.2910,12.9948,3.8575,13.1043,15.3824,14.8256,13.6488,1.7762,4.2858,5.5713,4.4683,3.9393,1.9378,1.7485,8.9402,4.2260,4.3866,9.5306,10.8232,5.1751,8.7731,4.1687,16.4753,4.9620,4.6143,7.2346,4.5651,6.8709,5.0578,6.0040,9.1953,9.7179,9.6859,1.4593,7.7739,5.6637,9.0322,15.2573,17.8730,14.6164,16.8037,8.2401,2.1855,4.4961,5.0859,6.7133,8.7313,14.5452,12.1838,11.5208,14.5931,6.8920,7.6094,7.8904,12.0322,8.0225,6.8711,11.1066,4.6391,6.6843,13.8172,11.1081,8.3718,10.3307,9.0041,10.0260,14.8747,7.4035,11.1640,15.1594,10.3206,7.9592,7.3281,18.8252,14.0203,10.7647,12.9150,11.9336,7.9785,12.5124,8.5989,12.7862,10.4812,3.4389,5.2532,10.2986,13.7664,12.8274,10.8407,7.3453,7.5977,6.0020,13.8830,8.8396,4.9467,4.1901,7.1126,3.3444,7.5719,7.1197,6.0393,6.7560,6.4780,6.2117,5.9370,5.6988,5.4194,4.5802,4.7077,5.5622,5.3968,4.4179,5.1864,4.9831,4.7661,4.5571,4.3831,4.2543,3.4076,3.5963,4.4360,4.3314,3.4066,4.2390,4.1041,3.9354,3.7756,3.6445,3.5610,2.7712,3.0335,3.7587,3.6941,2.8068,3.6521,3.5606,3.4311,3.3058,3.2026,3.1240,2.3762,3.0467,3.1167,3.0971,2.2782,3.1381,3.0832,2.9902,2.9081
45138.4166667,-2.8424,4.7806,3.5274,5.9776,20.3505,2.3601,5.2740,1.1977,7.7090,0.9031,3.4911,1.6375,-4.0335,0.8449,2.8873,3.0104,7.1958,6.1969,-2.0697,-0.3872,11.9082,0.9085,-2.0709,4.6364,6.0427,16.1529,4.6640,-1.1460,10.8016,2.5383,12.3011,13.3498,16.9859,13.9607,14.8880,9.3742,13.1515,13.0037,4.8097,15.0184,12.7775,9.1523,4.2165,6.3018,21.2173,16.4062,7.8332,7.0671,2.7103,0.8980,5.9896,8.1368,8.9526,8.2044,-2.4148,9.9085,7.2287,8.8929,12.2274,6.2973,4.8005,2.2204,2.1265,4.6121,3.2499,5.1890,10.9668,11.1830,3.2668,7.2410,12.6661,14.9912,13.9422,6.7125,6.3398,14.6832,10.9287,13.7123,8.3010,10.9840,16.6483,13.3731,3.9677,-0.4525,-0.4562,-1.2303,5.0372,1.8686,5.2952,-2.1468,5.9360,7.8515,6.2851,5.1986,-5.5420,-3.2057,-1.9498,-1.2926,-3.1714,-5.0895,-6.0472,0.1989,-3.9989,-3.8583,0.6977,1.6250,-4.1779,-0.9744,-4.6498,8.2900,-2.2675,-1.6428,1.6725,-1.2381,0.0677,0.0994,0.4152,4.2372,4.5319,4.3518,-3.6217,2.5409,-0.3817,3.5079,8.2681,11.0428,8.7764,11.5825,3.2446,-2.0526,0.0289,0.3373,1.7972,3.6082,8.4481,5.0542,4.9337,9.1486,2.0281,2.0938,2.3875,6.5997,3.1209,2.0868,5.1020,-0.5709,2.0411,9.7970,6.5207,2.5970,4.8178,3.3065,5.0395,10.1902,3.3738,8.6340,12.3139,6.2241,5.3904,3.8303,15.9505,10.4501,7.0006,7.4584,7.4259,3.5695,7.2042,4.4218,7.6460,5.4225,-0.9111,0.7309,4.8983,9.1143,8.0951,6.9774,2.4944,3.7578,2.1609,10.5094,5.2745,1.4288,0.0885,1.4471,-1.4206,3.5014,2.9671,0.5439,2.6586,2.3400,2.0327,1.7033,1.4130,1.0965,-1.0818,-0.8418,1.3238,1.1044,-1.2625,0.8289,0.5422,0.2261,-0.0886,-0.3618,-0.5790,-2.7399,-2.4046,-0.4130,-0.5795,-2.8515,-0.7511,-0.9618,-1.2229,-1.4764,-1.6975,-1.8756,-3.9740,-2.8021,-2.1421,-2.2263,-4.3372,-2.2559,-2.3836,-2.5564,-2.7190,-2.8498,-2.9510,-4.7381,-3.0120,-2.9386,-2.9624,-4.9522,-2.9166,-2.9920,-3.1242,-3.2415
45138.4583333,-12.1424,-5.9960,-5.0165,-4.0792,10.8811,-6.0316,-3.9529,-9.8966,-1.3513,-6.1866,-4.8965,-4.8534,-9.8528,-6.2828,-5.0498,-5.6304,-2.1259,-3.2513,-10.0942,-10.2926,3.1059,-8.6592,-10.1541,-6.0397,-2.1822,8.0322,-2.9752,-9.7294,2.1833,-6.8015,2.3267,3.3317,8.6503,8.0328,9.4510,4.3392,7.4733,4.0161,-5.2747,7.0843,5.0739,1.7662,-5.5558,-3.1839,15.0022,7.4300,-0.6698,-2.5274,-5.2268,-7.1977,-0.2586,1.1751,2.0472,1.9715,-7.4270,2.7872,-0.3398,3.6791,7.8458,1.3225,-0.6599,-3.5162,-6.7888,-4.7246,-4.9579,-3.6247,3.1355,4.3273,-3.6614,0.9304,7.7311,8.8752,9.5812,2.4100,3.4970,12.9647,8.5060,12.7604,4.0007,6.8800,16.9686,12.5593,2.9975,-1.3054,-5.2916,-5.7530,0.1501,-4.9923,0.9851,-6.0819,0.6265,2.1690,0.3824,-2.0251,-11.4822,-9.8773,-8.8695,-5.8580,-9.3912,-11.1416,-12.2649,-7.6177,-11.5794,-11.3276,-7.4588,-6.8253,-11.9807,-10.6441,-14.8913,-2.5255,-11.9369,-10.7642,-5.7962,-7.7586,-8.4201,-5.7329,-6.7063,-1.2745,-1.0686,-1.4153,-8.6157,-3.2894,-5.9985,-2.9404,-0.7890,3.4198,1.0514,4.6011,-3.2180,-7.3896,-5.0418,-4.9105,-2.7434,0.0953,5.3842,0.2428,-1.5269,2.6418,-2.8038,-3.5335,-4.8917,0.7337,-2.3552,-3.1949,-0.2155,-6.3536,-4.1847,4.5712,0.5082,-2.9579,0.1981,-2.3188,-0.9665,4.3922,-1.0175,5.9173,8.7852,2.5675,1.9106,-0.7446,12.3118,6.7501,3.4318,1.4225,2.7222,-0.4802,1.9948,-0.6498,1.4593,-0.4364,-5.7793,-4.2935,-1.4501,3.9200,2.9806,3.0946,-2.4157,-0.0735,-1.4892,7.4711,2.3364,-1.1596,-2.1804,-3.6154,-3.9427,-0.0156,-0.6435,-4.5686,-1.1060,-1.4024,-1.6853,-2.0017,-2.3148,-2.8167,-5.9523,-6.2726,-3.8664,-3.9605,-7.6693,-3.9489,-4.0929,-4.2670,-4.4464,-4.6227,-4.9128,-7.8568,-7.7452,-5.6937,-5.7264,-9.5550,-5.6357,-5.7076,-5.8423,-5.9830,-6.1303,-6.3701,-9.0798,-7.5612,-6.9845,-7.0098,-10.6768,-6.9522,-7.0282,-7.1743,-7.3298,-7.4918,-7.7460,-10.1495,-8.3701,-8.2872,-8.3053,-11.7257,-8.2237,-8.2537,-8.3458,-8.4277
45138.5000000,-21.4043,-17.3259,-11.5944,-9.8059,4.4335,-10.9044,-10.0306,-18.7496,-8.3678,-11.2032,-14.3875,-11.0363,-15.0373,-12.2830,-11.4053,-12.0800,-8.9835,-10.0760,-15.2153,-18.2830,-4.2566,-16.7173,-14.7573,-14.8610,-8.6236,1.0337,-9.2173,-17.1572,-5.2624,-15.1512,-7.2687,-8.3071,-2.4586,-3.1573,1.8022,-2.2720,1.8604,-0.7250,-11.4773,2.6469,0.5851,-2.5975,-13.0985,-10.9811,10.6436,0.0068,-7.3213,-10.8398,-12.0188,-14.2769,-5.3661,-4.8456,-4.0125,-3.4243,-12.9359,-5.4816,-7.5748,-2.0481,4.7017,-1.7012,-3.5003,-6.0465,-12.5417,-10.7122,-10.2194,-9.0402,-1.7227,-1.6363,-12.0788,-5.7091,2.6357,2.0364,3.0615,-2.4199,-0.6887,10.9643,6.2605,12.4171,0.1581,2.9648,18.6377,13.3119,3.6329,-0.5568,-8.5173,-8.0765,0.7488,-7.3960,0.6784,-5.9643,-0.3012,0.9084,-1.1012,-4.8602,-13.0086,-12.1722,-11.4973,-6.1824,-11.4524,-13.1173,-14.5490,-11.7144,-16.3147,-16.0469,-13.0851,-12.8133,-17.1489,-16.4774,-21.6654,-11.5436,-20.1170,-18.0026,-12.2505,-13.4259,-17.2654,-12.1651,-15.5744,-8.2948,-7.9734,-8.2297,-13.7298,-9.2758,-11.3110,-8.7944,-7.9373,-4.3050,-6.2811,-1.8406,-8.8738,-12.1103,-10.3542,-11.6685,-10.6939,-8.0274,-2.6302,-4.6994,-5.4405,-2.6737,-6.6820,-7.6069,-9.1098,-4.2833,-6.9867,-7.6361,-4.8553,-10.0675,-8.6460,0.3499,-6.7418,-8.9864,-6.5839,-7.5076,-7.0429,-2.9273,-6.0620,2.6559,5.0831,0.7947,-0.5791,-4.1670,9.6792,4.2102,1.1988,-2.3962,-0.4621,-1.1401,0.1175,-3.5120,-3.3709,-5.3142,-9.1798,-8.5747,-8.2925,-1.9282,-2.4660,-0.6662,-7.1337,-3.1335,-4.2823,5.1679,0.2131,-2.8972,-3.7773,-5.2367,-4.9033,-2.6819,-3.2580,-8.9142,-3.3962,-3.6467,-3.8931,-4.1835,-4.4723,-4.9390,-7.3492,-7.6337,-5.8847,-6.0153,-11.6994,-6.1385,-6.3444,-6.6014,-6.8797,-7.1596,-7.5448,-9.9005,-9.9370,-8.4883,-8.5940,-14.2201,-8.6511,-8.7666,-8.9499,-9.1362,-9.3190,-9.5765,-11.6695,-10.6199,-10.1542,-10.1766,-15.4447,-10.1269,-10.1780,-10.3048,-10.4403,-10.5771,-10.7982,-12.6052,-11.3360,-11.2294,-11.2426,-16.1308,-11.2042,-11.2419,-11.3531,-11.4521
45138.5416667,-28.8208,-27.2095,-18.1771,-15.5894,-2.0100,-15.3747,-15.6630,-26.5549,-14.2435,-14.9855,-19.6657,-17.3784,-20.0846,-18.1421,-17.7530,-18.4291,-15.5785,-16.2317,-19.2781,-22.8082,-10.2417,-23.9339,-18.6760,-22.5485,-13.9439,-4.4445,-13.5890,-21.5304,-9.7024,-20.7029,-11.4409,-13.8301,-8.5227,-7.8956,-4.2624,-8.0434,-4.6713,-7.3843,-19.4009,-3.4093,-4.6979,-7.0061,-19.9550,-17.9648,6.5509,-6.2713,-12.2430,-14.0062,-17.0282,-19.8628,-10.2375,-10.6899,-9.7553,-8.3412,-17.3408,-14.2033,-15.2431,-8.4022,2.0404,-4.1311,-5.7578,-8.0584,-17.6857,-16.5473,-15.1527,-14.4175,-5.4341,-5.5997,-18.8831,-11.6883,-2.4614,-5.3456,-4.4606,-9.4017,-6.3083,6.4338,2.3281,9.6042,-3.0483,-0.2495,21.0535,14.9097,4.9882,0.6581,-11.1476,-9.4542,-0.4682,-10.3748,-1.2918,-7.3342,-1.5971,0.1733,-1.2771,-5.6064,-12.3557,-11.7061,-11.0281,-3.6073,-10.2526,-11.8477,-13.4922,-12.1206,-17.4733,-17.2515,-15.2293,-15.4051,-19.0664,-19.6032,-26.0208,-18.4947,-25.6192,-22.4158,-16.6603,-15.0735,-18.5924,-14.1139,-20.8458,-12.8854,-13.6860,-12.4281,-16.6760,-14.2775,-16.2081,-14.5697,-13.5936,-9.8051,-11.9142,-7.0787,-13.3354,-14.9897,-13.7696,-14.8043,-16.4780,-15.1570,-7.4646,-11.0071,-11.5035,-7.6277,-10.5644,-11.8233,-12.9755,-8.5060,-10.4897,-10.7611,-8.1897,-12.3352,-11.5173,-2.4974,-12.3079,-13.6008,-12.8177,-12.4452,-11.5712,-9.7065,-10.3532,-0.4016,1.2684,-1.3381,-3.1613,-7.7120,6.7495,-0.0399,-1.1196,-4.0528,-1.2006,-2.7942,-2.5273,-6.6410,-8.0883,-9.5928,-11.6065,-11.5894,-11.9037,-6.9307,-7.7391,-4.9001,-11.7705,-7.7376,-8.4417,1.3571,-3.1018,-5.5704,-6.0837,-6.4092,-5.8344,-4.7715,-5.4157,-11.6360,-6.0989,-6.1335,-6.1700,-6.2552,-6.3406,-6.5990,-8.3198,-8.4321,-7.0666,-7.3218,-13.5752,-8.1669,-8.2462,-8.3670,-8.4966,-8.6162,-8.8321,-10.5451,-10.5026,-9.3794,-9.6297,-15.7564,-10.4512,-10.5034,-10.6224,-10.7374,-10.8404,-11.0102,-12.5771,-11.8048,-11.4316,-11.6358,-17.3928,-12.3672,-12.3794,-12.4569,-12.5269,-12.5815,-12.7057,-14.0142,-13.0467,-12.9110,-13.0480,-18.0951,-13.6374,-13.6129,-13.6629,-13.7084
45138.5833333,-32.1325,-33.2842,-22.1261,-18.6319,-5.7097,-16.8721,-18.5262,-31.5132,-17.9527,-16.6126,-21.0273,-19.7033,-21.2633,-20.5569,-20.9217,-21.9199,-19.8898,-20.5461,-21.7557,-25.6664,-14.3044,-28.5286,-20.4162,-28.6303,-17.7490,-8.3746,-18.7807,-25.2855,-12.4100,-24.1426,-17.5048,-19.5283,-13.3716,-6.8545,-6.3795,-6.3859,-3.5623,-6.9383,-20.4962,-4.1191,-5.7237,-7.9527,-23.4629,-21.4897,3.8466,-11.1758,-15.8093,-15.6958,-19.5286,-21.7239,-12.1822,-13.3356,-12.5789,-10.6698,-18.9116,-20.9776,-21.4508,-15.0256,-0.7274,-6.4844,-7.7342,-9.5342,-21.3951,-20.8399,-19.0854,-15.7337,-6.7549,-8.2434,-24.0115,-16.2048,-6.3996,-9.8140,-5.7575,-14.7956,-10.0038,1.1155,-3.1317,0.9055,-9.8584,-6.7135,19.3209,13.2558,3.7107,-0.2523,-14.5252,-8.6246,0.1198,-8.0423,0.0304,-5.6720,-0.4128,1.3291,-0.0465,-5.1464,-10.7496,-10.4768,-10.0970,-1.0847,-8.7111,-10.2104,-11.7815,-11.0544,-16.2728,-15.8719,-14.3507,-14.7064,-17.6818,-19.0087,-25.5387,-21.7041,-28.2574,-24.3210,-21.3978,-15.7234,-18.7795,-14.6355,-23.9756,-15.2827,-19.1800,-13.6683,-16.3526,-15.4702,-17.0927,-16.4231,-20.1322,-13.8968,-15.2765,-9.7806,-14.9783,-16.0465,-17.3611,-15.8687,-19.2729,-18.8142,-8.9833,-13.3464,-17.0581,-10.7348,-12.1781,-13.5990,-14.5436,-9.8670,-10.9841,-11.6649,-10.0440,-13.4551,-12.7514,-3.9576,-16.1395,-16.5293,-14.5139,-15.4182,-15.1323,-15.9331,-13.9495,-3.1477,-2.1022,-3.1284,-4.8812,-10.0818,4.4568,-4.8212,-2.4371,-3.9777,0.1120,-2.3499,-2.6882,-7.1303,-10.2787,-11.8054,-12.4105,-13.1342,-14.1012,-10.0393,-10.5651,-6.4346,-11.9021,-9.2789,-9.8911,-0.5092,-4.6035,-6.5925,-7.0960,-6.9757,-6.2178,-6.2729,-6.9240,-11.4837,-7.4624,-7.4670,-7.4725,-7.5296,-7.5857,-7.8012,-9.1161,-9.1483,-8.0231,-8.1517,-12.6687,-8.6862,-8.6714,-8.7140,-8.7844,-8.8607,-9.0405,-10.3794,-10.3367,-9.4383,-9.6141,-14.0947,-10.2444,-10.2630,-10.3634,-10.4754,-10.5881,-10.7716,-12.0377,-11.5105,-11.1973,-11.3675,-15.6127,-11.9897,-12.0056,-12.1015,-12.2055,-12.3067,-12.4827,-13.5602,-12.9101,-12.8099,-12.9480,-16.6969,-13.4827,-13.4686,-13.5305,-13.5842
45138.6250000,-28.3061,-31.3355,-22.7157,-19.4440,-7.8347,-16.9876,-19.9577,-34.2815,-19.9408,-16.7484,-20.8997,-20.1436,-20.6062,-20.8807,-21.8178,-22.9101,-21.5415,-22.1139,-21.6445,-25.9594,-16.0652,-30.3953,-20.2935,-28.2869,-20.2402,-12.3163,-24.8943,-28.6976,-17.3576,-24.8868,-21.6651,-23.5665,-18.0548,-10.6986,-7.4937,-6.4958,0.9753,-1.7337,-16.1656,0.5404,-1.2260,-3.4643,-19.2192,-15.8704,5.5134,-12.8911,-16.6929,-15.3073,-19.7766,-19.1245,-11.6693,-14.1627,-13.7778,-11.4963,-18.7756,-25.4350,-25.2455,-19.7451,-2.2160,-7.4344,-8.4280,-9.9041,-23.6942,-23.7916,-20.8461,-18.0588,-9.4666,-7.0853,-25.2976,-18.1152,-8.5536,-13.7848,-9.2595,-14.7107,-6.2517,1.3690,-3.5641,-3.1068,-12.6385,-3.4234,19.7256,12.8597,3.0694,-0.9203,-12.1665,-8.8164,-1.4913,-8.6879,-1.5267,-6.6962,-1.2343,1.3569,0.9595,-3.8763,-11.0142,-7.3766,-6.3636,3.7038,-4.2125,-5.6619,-7.1563,-6.7997,-11.8458,-12.5806,-9.6319,-10.4021,-13.1776,-15.2597,-22.0606,-21.4011,-25.6566,-23.2990,-23.0394,-17.6289,-17.9334,-12.5052,-20.6516,-14.8230,-21.9210,-17.6063,-15.4645,-15.2820,-16.5933,-15.5387,-19.0907,-16.2675,-17.7612,-12.0298,-16.1479,-16.9016,-17.1332,-17.7585,-20.9558,-20.8638,-9.6571,-14.5885,-18.1169,-13.5224,-13.9253,-15.5432,-16.4669,-13.3102,-12.5093,-9.8121,-7.9075,-10.5552,-11.8298,-1.4397,-15.0664,-14.9443,-14.4989,-14.7970,-14.9265,-17.8717,-14.4665,-3.7379,-3.6065,-3.5349,-5.2229,-11.0247,2.9909,-8.4048,-3.0592,-3.5247,1.4777,-1.5604,-2.2244,-8.9085,-10.6039,-11.7329,-11.1885,-12.3259,-13.8558,-10.5222,-12.7993,-5.5313,-9.6389,-7.8116,-8.2920,0.6555,-3.1311,-4.8111,-5.3223,-4.9139,-4.1716,-4.9244,-5.6443,-9.1210,-6.2606,-6.3451,-6.4268,-6.5554,-6.6745,-6.9382,-8.0440,-8.0965,-7.2229,-7.3517,-10.7320,-7.8327,-7.8227,-7.8642,-7.9268,-7.9871,-8.1401,-9.2038,-9.1430,-8.3863,-8.4972,-11.8026,-8.9590,-8.9327,-8.9896,-9.0584,-9.1277,-9.2657,-10.2651,-9.8603,-9.5491,-9.6663,-12.8206,-10.1641,-10.1620,-10.2448,-10.3387,-10.4316,-10.5990,-11.4695,-11.0045,-10.9013,-11.0240,-13.8491,-11.5097,-11.5083,-11.5849,-11.6488
45138.6666667,-25.4377,-26.9949,-19.4856,-16.0932,-4.9133,-11.3703,-15.7493,-31.9143,-17.8830,-13.4555,-16.9763,-17.1997,-17.3274,-18.6407,-20.2772,-21.5565,-20.8307,-21.3029,-19.4787,-23.7751,-14.8801,-29.1847,-18.0850,-25.2623,-18.1949,-11.7851,-25.3876,-27.9335,-20.7075,-26.2227,-25.5835,-27.1135,-22.1965,-14.7889,-10.9756,-10.0523,0.5584,-0.5973,-14.5918,3.4217,2.6264,1.1690,-13.5673,-8.4254,11.1375,-8.7904,-11.9680,-9.9937,-15.3267,-15.4881,-7.7398,-10.8442,-10.7823,-8.3737,-14.9462,-25.7320,-26.0155,-21.0646,-1.6228,-6.0149,-7.0055,-8.3952,-23.7961,-24.3809,-21.6805,-19.9746,-13.2585,-7.7108,-25.3090,-18.1203,-8.6376,-16.1339,-11.8163,-15.1903,-4.6493,1.1944,-3.3637,-5.2229,-12.3898,0.5555,21.8969,15.1615,5.6809,1.9779,-6.3221,-4.3300,2.3361,-3.9138,2.4380,-2.4478,1.2308,6.1648,5.6135,-0.0528,-8.9492,-4.2043,-3.2923,6.9859,-0.9977,-2.5943,-4.0089,-3.4682,-7.6618,-10.6488,-5.1935,-5.5166,-7.7924,-9.6415,-16.1704,-17.0335,-20.2608,-17.4149,-18.8488,-13.8935,-15.2530,-8.2317,-15.1828,-11.0421,-20.0242,-17.0267,-12.4592,-13.2818,-16.3822,-14.3605,-18.1935,-14.2741,-15.4085,-9.8370,-13.2876,-14.0271,-15.6804,-17.2219,-20.4686,-21.2026,-9.6203,-14.5494,-17.0250,-13.8921,-11.6788,-13.5171,-15.7130,-14.7407,-13.5849,-9.7223,-8.1877,-10.3036,-12.8776,-1.7621,-15.6448,-14.7171,-14.6329,-13.4154,-13.2722,-16.8525,-12.6934,-1.8916,-2.0692,-1.0672,-2.7115,-8.8491,4.1877,-8.7224,-1.2331,-0.7077,4.9258,-0.8454,0.6774,-7.9677,-8.9725,-10.0998,-8.7362,-10.2363,-12.3205,-9.9089,-13.7992,-4.5339,-7.5742,-6.1911,-6.4735,2.2350,-1.1632,-2.6161,-2.9969,-2.1555,-1.5936,-2.3073,-2.8922,-5.4530,-3.2556,-3.2634,-3.2829,-3.3661,-3.4531,-3.6966,-4.6234,-4.6665,-3.9569,-4.0958,-6.7046,-4.5921,-4.6254,-4.7141,-4.8246,-4.9303,-5.1249,-6.0619,-6.0449,-5.4389,-5.5612,-8.1005,-6.0082,-5.9964,-6.0658,-6.1424,-6.2135,-6.3468,-7.1849,-6.8775,-6.5698,-6.6520,-9.0422,-7.0508,-7.0233,-7.0826,-7.1520,-7.2188,-7.3591,-8.0640,-7.7012,-7.5657,-7.6505,-9.8044,-8.0470,-8.0275,-8.0903,-8.1415
45138.7083333,-22.1252,-24.6924,-14.8093,-11.4630,-3.5463,-4.5409,-8.2499,-24.3851,-10.3660,-4.9603,-10.6803,-8.3904,-8.5950,-10.7069,-13.0573,-14.8580,-15.1703,-16.1160,-13.8192,-18.9978,-11.9528,-22.0355,-11.3933,-17.8906,-14.0973,-5.8854,-19.1443,-21.4719,-18.2423,-22.9333,-25.4915,-27.8307,-24.8646,-17.9887,-14.2800,-13.1449,-0.8921,-0.7225,-13.8517,4.6092,4.8297,4.0627,-7.8038,-3.0963,15.8087,-3.6540,-5.7708,-2.9979,-8.0382,-6.4038,-1.1689,-4.5465,-4.6495,-2.2485,-8.0759,-21.4032,-22.1035,-18.2010,1.0937,-1.9014,-2.5503,-3.7230,-19.1345,-20.5823,-16.8524,-18.4956,-13.8208,-9.1392,-24.9886,-17.8589,-9.0173,-14.9552,-13.8322,-15.3009,-4.0484,0.7839,-3.0198,-6.0251,-10.4136,4.4349,24.4035,18.2051,9.0912,5.5568,-0.1040,1.1043,7.7223,2.4293,8.4190,3.4452,4.6395,12.5972,12.4242,6.6809,-3.1800,2.1525,3.2273,12.9649,5.5661,3.8295,2.5535,3.4620,-0.5652,-3.1789,0.8558,1.8111,-0.6549,-2.6486,-9.3304,-11.1226,-13.8987,-11.2300,-12.7751,-8.4662,-10.1296,-2.7446,-8.6467,-4.7092,-14.2711,-12.3806,-6.9410,-8.0158,-12.0856,-10.0847,-15.5065,-11.6682,-12.2342,-6.4839,-9.0658,-9.5833,-11.7911,-12.7460,-17.2092,-18.7798,-7.8570,-12.5424,-14.4468,-12.6570,-10.1373,-11.9329,-14.7670,-14.3094,-12.8397,-8.3136,-6.8162,-8.4537,-10.7542,-0.2189,-13.7702,-12.6743,-13.1683,-11.8038,-11.2674,-15.1319,-8.5819,-2.2800,-0.7619,0.0562,0.6743,-3.7211,8.9382,-2.8410,3.6812,5.0983,10.3697,1.6330,5.3166,-4.0199,-5.3046,-6.5743,-5.3822,-6.1047,-8.3033,-6.9224,-10.5358,-2.1222,-4.6793,-3.7535,-4.0069,4.2812,1.2061,-0.1722,-0.4403,0.7877,0.9932,0.7654,0.3873,-1.4369,0.4025,0.5579,0.6954,0.7596,0.8134,0.7019,0.0161,0.1043,0.8266,0.7965,-1.1625,0.5110,0.5491,0.5204,0.4604,0.3981,0.2388,-0.5598,-0.5241,0.0198,-0.0856,-2.0775,-0.4991,-0.4982,-0.5871,-0.6864,-0.7813,-0.9389,-1.7002,-1.4902,-1.2122,-1.3048,-3.2005,-1.7027,-1.6899,-1.7657,-1.8490,-1.9257,-2.0730,-2.6881,-2.4118,-2.2635,-2.3326,-4.0297,-2.6769,-2.6444,-2.6968,-2.7364
45138.7500000,-15.1934,-19.3456,-9.4042,-8.9347,-2.5634,-0.9954,-4.2059,-18.9849,-7.1263,-0.8223,-6.7860,-3.2257,-2.8827,-3.8133,-5.5965,-6.8573,-7.0004,-7.4448,-5.1317,-10.9922,-7.0087,-14.7179,-5.9873,-10.7615,-9.3643,-0.8698,-12.8789,-14.5828,-13.3914,-16.9090,-21.6279,-24.5182,-23.3103,-17.4309,-14.9034,-14.2802,-3.7623,-1.6781,-12.9676,4.8250,5.8014,5.6519,-3.7132,0.8499,19.2846,1.2851,-0.1188,2.8921,-2.3563,0.4124,4.7899,2.3334,2.6446,5.0705,-0.8150,-13.8580,-14.7889,-11.9386,5.3447,3.0635,2.7180,1.5950,-12.8788,-14.9102,-10.3990,-13.2106,-8.3951,-5.8801,-21.3466,-16.0267,-9.0344,-13.4918,-13.8893,-13.9315,-3.1836,0.7691,-1.5703,-4.6434,-7.4868,7.4296,26.0239,20.4027,11.3644,7.7650,4.3583,4.9873,11.6628,7.1500,13.0048,7.6952,8.5269,17.8026,18.2344,13.0401,2.6768,7.6614,9.7809,18.1563,11.9477,10.1485,8.7305,11.6555,6.8406,4.8779,7.7062,10.0118,7.4697,5.8319,-0.5426,-2.6168,-5.7303,-4.4090,-6.2461,-3.0239,-4.8851,1.3580,-3.1507,0.3291,-8.8579,-7.7416,-2.7083,-3.0173,-6.8503,-4.8568,-10.3235,-6.8911,-6.3758,-1.0460,-3.3630,-4.1183,-6.5313,-7.3844,-11.3235,-13.4455,-4.1341,-8.4241,-9.9053,-8.6464,-6.0297,-7.8773,-11.1375,-11.9487,-10.4914,-6.2904,-5.3074,-6.8709,-9.1073,0.0567,-11.8904,-10.9106,-11.8831,-10.3837,-9.5544,-13.6386,-6.0667,-2.4626,-1.4837,-0.7557,0.0431,-2.3350,9.7178,-1.3120,4.2421,7.3124,12.2047,3.1164,8.4557,-0.0360,-0.5311,-1.0599,-0.5143,-0.8298,-2.8376,-2.4258,-4.8902,2.6275,0.3711,0.9584,0.5904,8.2928,5.2712,3.6686,3.3815,4.8052,4.3357,4.7165,4.3615,2.9108,4.3533,4.4971,4.6355,4.7125,4.7940,4.7229,4.1735,4.3399,5.0762,5.1440,3.6794,5.0859,5.2297,5.3060,5.3500,5.3907,5.3305,4.7040,4.8294,5.4089,5.3946,3.8669,5.1571,5.2238,5.1912,5.1412,5.0897,4.9685,4.3072,4.4891,4.7833,4.7142,3.1907,4.3587,4.3745,4.2948,4.2036,4.1164,3.9551,3.3887,3.5871,3.7265,3.6481,2.2489,3.2939,3.3130,3.2456,3.1945
45138.7916667,-5.6478,-10.2990,-1.5029,-2.0272,3.1503,5.0519,2.2490,-11.3120,-2.0226,3.5351,-2.0119,1.0936,0.4642,0.3006,-0.4433,-1.1242,-0.6754,-1.1936,1.0110,-3.5694,-0.5493,-6.5755,0.1236,-3.4036,-2.7868,5.2073,-5.7800,-7.2060,-7.3853,-10.2001,-16.0127,-19.2395,-19.3286,-14.0616,-12.4439,-11.9514,-3.4836,-1.0394,-10.8006,5.2288,6.1876,6.8444,-0.6520,3.6765,21.5325,5.4890,4.4252,7.3980,2.3649,5.0538,9.0016,7.3478,8.3926,10.7623,4.5629,-6.1867,-7.1095,-4.7513,10.8631,8.8669,8.3354,7.5735,-4.4866,-6.8465,-2.6904,-6.0639,-2.1131,-0.9248,-15.4040,-11.8994,-6.6363,-10.3501,-11.4078,-10.9862,-2.4934,0.2493,-1.6899,-3.9250,-5.5630,7.8312,25.6378,20.9670,13.3871,9.9590,7.7223,9.0597,16.2060,12.3619,18.2088,12.0573,14.1007,23.1774,23.7533,18.1710,8.0783,12.2109,14.7882,21.3311,16.5800,14.5941,13.1900,17.6156,11.8682,10.6875,13.6482,16.5415,13.8385,12.9928,7.2763,6.3882,2.8048,3.1252,1.5261,3.5819,1.9378,5.9768,2.9356,5.8919,-1.9137,-1.3725,1.9665,1.6382,-1.5708,0.0837,-5.0772,-2.2956,-1.2301,3.4972,1.9597,0.9692,-0.8359,-1.7674,-5.0595,-7.1323,0.2813,-2.9994,-3.9719,-3.0649,-0.7913,-2.5168,-5.5608,-6.9559,-5.8008,-2.4945,-2.0460,-3.4211,-5.6425,0.6787,-8.6786,-7.7466,-9.1182,-8.2319,-7.6623,-11.9473,-4.8371,-2.4869,-1.8965,-1.1637,-0.1786,-1.6185,9.1526,-0.5144,4.1624,7.6174,11.7966,3.6718,8.9013,1.8096,1.6642,1.7427,1.8213,2.4086,1.5278,2.0547,0.2321,6.8368,4.9420,5.5228,5.1737,12.6748,9.6682,7.7349,7.5526,9.3621,8.0461,9.3882,9.1265,8.0055,9.1619,9.3034,9.4343,9.5009,9.5670,9.4818,8.9857,9.1259,9.7686,9.8266,8.6596,9.7697,9.9078,9.9865,10.0395,10.0945,10.0567,9.5293,9.6742,10.2322,10.2711,9.0992,10.1677,10.2950,10.3301,10.3501,10.3689,10.3190,9.7935,9.9938,10.3319,10.3320,9.1536,10.1174,10.1860,10.1589,10.1161,10.0719,9.9500,9.4743,9.6460,9.8015,9.7469,8.6121,9.4389,9.4650,9.4057,9.3608
45138.8333333,4.6545,0.3607,7.1231,6.3500,10.7863,11.1905,9.2889,-2.6152,4.8515,8.9742,4.5581,6.8860,5.6528,5.7863,4.9662,4.2836,4.7177,4.0139,5.3014,1.7425,4.2864,-0.7781,4.2210,1.6666,2.1965,9.7372,0.2402,-0.7260,-1.1003,-3.1937,-9.0635,-12.3381,-13.4554,-8.9885,-8.2003,-7.8398,-1.1279,0.7574,-7.1110,6.4748,7.2582,7.8620,1.7501,5.6124,22.5909,8.7817,7.7962,10.4377,5.9211,7.9154,11.5682,10.8536,12.2082,14.2817,7.7231,0.2294,-0.4704,1.5202,15.2148,13.0220,12.5349,11.6486,1.9816,-0.0510,3.4724,0.6716,4.2259,4.9711,-8.1165,-6.2923,-2.8523,-6.5206,-7.5338,-6.9410,-0.4261,1.4396,-0.3750,-2.4255,-3.8453,7.7476,23.5251,19.5291,12.2228,8.8465,7.9578,9.0115,16.3448,12.9664,18.9172,12.2583,16.2665,24.8445,25.9807,21.3829,11.2462,15.2920,17.9974,22.5273,19.3747,17.2754,16.4838,22.1459,16.1826,15.3650,18.7648,21.4557,18.1563,17.8700,12.3844,13.2570,9.2433,9.2837,8.4038,9.3101,8.4563,10.6712,8.8333,11.5231,5.2854,5.4723,6.4288,7.0606,4.2219,5.4687,0.9800,3.0505,3.8359,7.7183,6.0060,4.4883,3.4433,2.7030,0.2196,-1.5513,4.2029,1.4017,0.7712,1.7472,3.5008,2.2345,-0.1149,-1.3801,-0.4595,1.9337,2.2506,0.9797,-0.8394,3.6363,-3.9048,-3.2236,-4.8308,-4.5719,-4.6177,-8.9551,-2.7375,-1.3078,-1.0914,-0.5003,0.4731,-0.5797,8.5114,0.4847,4.1719,7.3347,10.6130,3.9348,8.6627,2.8574,3.0958,3.3039,2.8598,3.9134,3.9841,4.8619,3.6147,8.9186,7.2499,7.8484,7.5138,14.9546,11.8734,9.5749,9.5835,11.9106,9.7154,12.1731,12.1218,11.4290,12.4632,12.7285,12.9777,13.1641,13.3392,13.3736,13.0669,13.2649,13.8622,13.9805,13.1460,14.0388,14.1970,14.2987,14.3720,14.4403,14.4227,14.0039,14.1255,14.5854,14.6267,13.7338,14.5519,14.6683,14.7094,14.7393,14.7693,14.7412,14.3290,14.4979,14.8003,14.8279,13.9458,14.7057,14.7983,14.8134,14.8163,14.8181,14.7529,14.4025,14.5651,14.7322,14.7235,13.8730,14.5294,14.5833,14.5628,14.5459
45138.8750000,13.0233,10.2174,15.2522,14.8103,19.3827,17.5983,16.8901,6.1412,12.2355,14.4997,11.3570,12.8318,10.6863,11.5686,10.9945,10.1129,10.4802,9.5877,9.5993,6.8918,9.3488,4.6449,7.8902,6.2985,6.5842,13.5410,4.9654,3.9460,3.7809,1.9864,-3.0651,-5.9385,-7.2666,-3.3255,-2.8839,-2.6065,2.7917,4.1773,-2.4647,8.6926,9.3231,9.4773,4.3430,7.5472,23.3394,11.2816,10.0046,12.2566,8.1184,9.3488,12.7804,12.9540,14.4616,16.2352,9.1024,5.0598,4.5161,6.2353,18.3592,15.9236,15.5519,14.5570,7.1558,5.5088,8.1262,5.9903,9.1932,9.8067,-1.4381,-0.5164,1.8730,-1.5273,-2.6206,-2.3442,2.3816,3.9579,2.2669,0.4394,-0.7882,9.2330,22.9975,19.5438,12.3020,8.9347,9.0793,9.6004,16.6158,13.4284,18.9446,11.6964,16.9542,24.7949,25.9788,22.1434,11.6325,15.5766,18.2248,21.0000,19.1804,17.0285,16.8737,23.7936,18.4285,18.0289,22.1983,24.8630,21.0706,21.5629,16.0057,18.7881,13.5539,13.1783,13.0845,12.8400,12.9619,13.6495,12.9323,15.8546,11.1855,11.3439,9.7541,12.0817,9.5603,10.8216,7.5611,9.1082,9.3305,12.5395,10.1829,7.7297,7.4018,6.7939,4.9773,3.5609,8.2380,5.6430,4.9527,5.7452,6.4858,5.5969,3.8152,2.9479,3.5348,5.1446,5.7618,4.2664,3.1843,6.9224,0.9284,1.3926,-0.0059,-0.0823,-0.5182,-4.6227,0.3503,1.2088,1.2632,1.6194,2.3647,1.5107,9.1324,2.4926,5.2033,7.9160,10.3290,4.8684,9.0137,4.1092,4.5172,4.5152,3.4591,4.6605,5.3828,6.4892,5.6136,9.5912,8.0033,8.5102,8.0811,15.4470,12.1996,9.5664,9.6997,12.4287,9.5122,12.7588,12.8420,12.4942,13.4030,13.7634,14.1140,14.4176,14.7094,14.8895,14.8092,15.0963,15.6825,15.9169,15.4483,16.2301,16.4830,16.6903,16.8705,17.0390,17.1324,16.9163,17.0885,17.5101,17.6199,17.0369,17.6902,17.8371,17.9236,17.9957,18.0611,18.0744,17.7942,17.9344,18.1782,18.2185,17.5886,18.1503,18.2360,18.2651,18.2847,18.3022,18.2668,18.0176,18.1437,18.2813,18.2903,17.6812,18.1689,18.2288,18.2348,18.2394
45138.9166667,18.4677,17.6567,21.0797,21.1262,26.2987,21.8194,22.5587,12.8383,18.2003,18.5423,16.7949,17.6174,14.4536,16.6208,16.5936,15.5975,16.0954,14.9759,13.4890,11.6487,14.4369,9.6144,11.2534,10.7347,10.7600,17.3340,9.1325,7.8056,8.1033,6.1123,2.0347,-0.5723,-1.9650,1.3678,1.6341,1.8083,6.2949,7.4579,1.7320,11.1606,11.6669,11.3129,6.9363,9.5446,24.1302,13.3669,11.5412,13.3808,9.3290,9.8688,13.0513,13.8142,15.2986,16.6876,8.9702,8.0604,7.6089,9.0683,19.8368,17.0187,16.6774,15.5388,10.1973,9.0885,10.8989,9.5547,12.7178,13.4031,3.7612,4.3267,6.2019,3.3014,2.1683,2.0822,5.2237,7.0038,5.3311,3.7125,2.5096,11.0745,22.8742,19.7291,12.4317,9.0242,9.9784,10.0404,16.7843,13.7198,18.8338,11.1251,17.2480,24.2978,25.3593,22.0626,11.1816,14.9213,17.3565,18.7066,17.7203,15.4383,15.5878,23.2601,18.4948,18.3465,23.1615,25.7812,21.4926,22.9408,17.3842,22.4048,15.8768,15.2748,15.9600,14.6745,15.6940,15.1069,15.2763,18.5430,15.1099,15.2520,11.1655,15.3041,12.9867,14.6424,12.9803,14.4114,14.1608,16.9353,13.7572,10.1973,10.7074,10.3485,9.2183,8.2514,12.3346,9.7610,8.9094,9.5598,9.0674,8.4311,7.0084,6.5269,6.5245,7.3574,8.3194,6.1906,5.7523,9.2998,4.4019,4.5672,3.5812,3.4375,3.0714,-0.2178,3.3070,3.9887,4.1316,4.1285,4.5099,3.8447,10.5304,4.8963,6.6708,8.9769,10.6097,5.9824,9.6841,5.3780,5.9764,5.7095,4.0413,5.2386,6.4041,7.5658,6.8129,9.5813,7.9416,8.2782,7.6895,14.8626,11.4064,8.5266,8.6834,11.5912,8.2241,11.8312,11.9300,11.7666,12.5088,12.8652,13.2202,13.5469,13.8699,14.1171,14.1810,14.5104,15.0567,15.3541,15.1492,15.8400,16.1542,16.4362,16.6990,16.9530,17.1524,17.1287,17.3803,17.8085,18.0114,17.7147,18.2989,18.5181,18.6901,18.8476,18.9959,19.1021,18.9929,19.1788,19.4338,19.5381,19.1567,19.6220,19.7424,19.8172,19.8803,19.9373,19.9520,19.8093,19.9306,20.0569,20.0882,19.6738,20.0408,20.1002,20.1184,20.1306
45138.9583333,20.8718,22.2813,24.3957,25.1294,31.3690,24.1419,26.4299,17.5720,22.5625,21.0525,20.6175,20.8594,16.5816,20.1608,20.8503,19.8491,20.7901,19.5976,16.5722,15.6288,19.2522,13.9840,14.1915,14.8709,14.7135,21.3478,13.1404,11.3067,12.3403,9.7863,6.8097,4.3674,2.9296,5.5367,5.6392,5.5185,9.2841,10.2541,4.9863,13.2810,13.7351,12.9130,9.1460,11.3261,24.9787,15.2879,12.8404,14.3329,10.1988,10.1865,13.1717,14.3514,15.7420,16.7505,8.5700,10.1005,9.5555,10.7213,20.3387,17.1045,16.7221,15.3986,11.6881,11.0152,12.0294,11.3670,14.6129,15.5249,7.2335,7.8473,9.6984,7.5391,6.3973,5.7722,7.5761,10.0597,8.4126,7.1472,5.9437,13.3690,23.4875,20.5998,13.2031,9.7050,11.2991,10.9199,17.4134,14.3631,19.0695,10.9620,17.6582,23.9370,24.7950,21.8488,10.6548,14.1238,16.3181,16.6420,16.2038,13.8473,14.1393,22.1896,17.8280,17.8107,23.0694,25.5721,20.7978,22.9588,17.1948,24.1144,16.2581,15.4911,16.8903,14.8196,16.6284,15.1260,16.0302,19.7606,17.3978,17.6100,11.4091,17.1014,14.8717,17.0132,17.0133,18.4925,17.7864,20.3522,16.2673,11.5783,12.8852,12.8257,12.3988,12.0098,16.0269,13.4665,12.5142,13.2208,11.4443,11.0445,9.8797,9.8722,9.1928,9.3513,10.7270,7.7557,7.7967,11.4855,7.3178,7.0895,6.4186,5.9941,5.6763,3.3416,5.3416,6.1428,6.6251,6.2411,6.2650,5.8180,12.1520,7.2893,8.2741,10.3380,11.3516,7.3037,10.7441,6.8066,7.6062,7.0242,4.7049,5.8441,7.3662,8.5565,7.8361,9.6048,7.8904,8.0612,7.3289,14.2498,10.6581,7.6724,7.8049,10.7116,7.1673,10.8093,10.8635,10.7693,11.3272,11.6134,11.9026,12.1757,12.4503,12.6748,12.7718,13.0635,13.5161,13.7954,13.7186,14.2879,14.5928,14.8789,15.1553,15.4291,15.6669,15.7473,16.0273,16.4369,16.6876,16.5814,17.1071,17.3734,17.6067,17.8299,18.0463,18.2320,18.2622,18.5023,18.7910,18.9704,18.7991,19.2315,19.4154,19.5640,19.7011,19.8305,19.9260,19.9046,20.0683,20.2320,20.3239,20.0919,20.4147,20.5135,20.5766,20.6219
