name: testing_heatsource9_test
channels:
  - conda-forge
  - defaults
dependencies:
  - blas=1.0=mkl
  - brotli=1.0.9=h2bbff1b_8
  - brotli-bin=1.0.9=h2bbff1b_8
  - brotli-python=1.0.9=py38hd77b12b_8
  - ca-certificates=2024.7.2=haa95532_0
  - certifi=2024.7.4=py38haa95532_0
  - charset-normalizer=3.3.2=pyhd3eb1b0_0
  - contourpy=1.0.5=py38h59b6b97_0
  - cycler=0.11.0=pyhd3eb1b0_0
  - fonttools=4.51.0=py38h2bbff1b_0
  - freetype=2.12.1=ha860e81_0
  - geos=3.8.0=h33f27b4_0
  - icc_rt=2022.1.0=h6049295_2
  - idna=3.7=py38haa95532_0
  - importlib_resources=6.4.0=py38haa95532_0
  - intel-openmp=2023.1.0=h59b6b97_46320
  - joblib=1.4.2=py38haa95532_0
  - jpeg=9e=h827c3e9_2
  - kiwisolver=1.4.4=py38hd77b12b_0
  - lcms2=2.12=h83e58a3_0
  - lerc=3.0=hd77b12b_0
  - libbrotlicommon=1.0.9=h2bbff1b_8
  - libbrotlidec=1.0.9=h2bbff1b_8
  - libbrotlienc=1.0.9=h2bbff1b_8
  - libcurl=8.7.1=h86230a5_0
  - libdeflate=1.17=h2bbff1b_1
  - libffi=3.4.4=hd77b12b_1
  - libpng=1.6.39=h8cc25b3_0
  - libsqlite=3.46.0=h2466b09_0
  - libssh2=1.11.0=h291bd65_0
  - libtiff=4.5.1=hd77b12b_0
  - libwebp-base=1.3.2=h2bbff1b_0
  - lz4-c=1.9.4=h2bbff1b_1
  - matplotlib-base=3.7.2=py38h4ed8f06_0
  - mkl=2023.1.0=h6b88ed4_46358
  - mkl-service=2.4.0=py38h2bbff1b_1
  - mkl_fft=1.3.8=py38h2bbff1b_0
  - mkl_random=1.2.4=py38h59b6b97_0
  - numpy=1.24.3=py38h79a8e48_1
  - numpy-base=1.24.3=py38h8a87ada_1
  - openjpeg=2.4.0=h4afccc4_2
  - openssl=3.0.14=h827c3e9_0
  - packaging=24.1=py38haa95532_0
  - pillow=10.4.0=py38h827c3e9_0
  - pip=24.0=py38haa95532_0
  - platformdirs=3.10.0=py38haa95532_0
  - pooch=1.7.0=py38haa95532_0
  - proj=9.1.0=heca977f_1
  - pyparsing=3.0.9=py38haa95532_0
  - pyproj=3.4.0=py38hac5b721_2
  - pysocks=1.7.1=py38haa95532_0
  - python=3.8.19=h1aa4202_0
  - python-dateutil=2.9.0post0=py38haa95532_2
  - python_abi=3.8=2_cp38
  - requests=2.32.3=py38haa95532_0
  - scienceplots=2.1.1=pyhd8ed1ab_0
  - scikit-learn=1.3.0=py38h4ed8f06_1
  - scipy=1.10.1=py38hdcfc7df_1
  - setuptools=69.5.1=py38haa95532_0
  - shapely=1.8.4=py38h9064783_0
  - six=1.16.0=pyhd3eb1b0_1
  - sqlite=3.45.3=h2bbff1b_0
  - tbb=2021.8.0=h59b6b97_0
  - threadpoolctl=3.5.0=py38h9909e9c_0
  - ucrt=10.0.22621.0=h57928b3_0
  - unicodedata2=15.1.0=py38h2bbff1b_0
  - urllib3=2.2.2=py38haa95532_0
  - vc=14.2=h2eaa2aa_4
  - vc14_runtime=14.40.33810=ha82c5b3_20
  - vs2015_runtime=14.40.33810=h3bf8584_20
  - wheel=0.43.0=py38haa95532_0
  - win_inet_pton=1.1.0=py38haa95532_0
  - xyzservices=2022.9.0=py38haa95532_1
  - xz=5.4.6=h8cc25b3_1
  - zipp=3.17.0=py38haa95532_0
  - zlib=1.2.13=h8cc25b3_1
  - zstd=1.5.5=hd43e919_2
  - pip:
    - affine==2.4.0
    - attrs==23.2.0
    - click==8.1.7
    - click-plugins==1.1.1
    - cligj==0.7.2
    - contextily==1.5.2
    - cython==0.29.24
    - et-xmlfile==1.1.0
    - fiona==1.9.6
    - geographiclib==2.0
    - geopandas==0.13.2
    - geopy==2.4.1
    - heatsource9==9.0.0b26
    - mercantile==1.2.1
    - openpyxl==3.1.3
    - pandas==2.0.3
    - pytz==2024.1
    - rasterio==1.3.10
    - snuggs==1.4.7
    - tzdata==2024.1
prefix: C:\Users\RIPHAWK\anaconda3\envs\heatsource9
